0,0.012659
0.0099821,0.0094552
0.019964,0.0051753
0.029946,-0.00069551
0.039928,-0.0037086
0.04991,-0.0049289
0.059892,-0.0051565
0.069874,-0.0051905
0.079856,-0.0052082
0.089839,-0.0052923
0.099821,-0.0053526
0.1098,-0.0054162
0.11978,-0.005477
0.12977,-0.005556
0.13975,-0.0056324
0.14973,-0.0056684
0.15971,-0.0057054
0.16969,-0.0057553
0.17968,-0.0057938
0.18966,-0.0058776
0.19964,-0.0059292
0.20962,-0.0059685
0.21961,-0.006028
0.22959,-0.0060843
0.23957,-0.0061303
0.24955,-0.0062038
0.25953,-0.0062414
0.26952,-0.0062709
0.2795,-0.0063164
0.28948,-0.0063369
0.29946,-0.0063806
0.30944,-0.0063794
0.31943,-0.0064177
0.32941,-0.0064642
0.33939,-0.0065263
0.34937,-0.0066136
0.35935,-0.0066966
0.36934,-0.0067497
0.37932,-0.0068223
0.3893,-0.0068922
0.39928,-0.0069441
0.40926,-0.0069815
0.41925,-0.0070333
0.42923,-0.0071043
0.43921,-0.0072003
0.44919,-0.0073137
0.45917,-0.0073628
0.46916,-0.0073979
0.47914,-0.0074517
0.48912,-0.0074775
0.4991,-0.0075265
0.50908,-0.0075732
0.51907,-0.0076219
0.52905,-0.0076749
0.53903,-0.0077353
0.54901,-0.0077951
0.559,-0.0078166
0.56898,-0.0078233
0.57896,-0.00785
0.58894,-0.0078594
0.59892,-0.0078802
0.60891,-0.0079362
0.61889,-0.0079624
0.62887,-0.0079883
0.63885,-0.0079797
0.64883,-0.0079751
0.65882,-0.0079789
0.6688,-0.0080029
0.67878,-0.0080435
0.68876,-0.008074
0.69874,-0.0081048
0.70873,-0.0081603
0.71871,-0.0082229
0.72869,-0.0082566
0.73867,-0.0082939
0.74865,-0.0083119
0.75864,-0.0083305
0.76862,-0.0083423
0.7786,-0.0083537
0.78858,-0.0083396
0.79856,-0.008362
0.80855,-0.0083817
0.81853,-0.008398
0.82851,-0.0084174
0.83849,-0.0084587
0.84847,-0.0085041
0.85846,-0.0085354
0.86844,-0.008589
0.87842,-0.0086404
0.8884,-0.0086779
0.89839,-0.0086981
0.90837,-0.0087347
0.91835,-0.0087378
0.92833,-0.0087347
0.93831,-0.0087648
0.9483,-0.0087929
0.95828,-0.0088159
0.96826,-0.00883
0.97824,-0.0088502
0.98822,-0.0088832
0.99821,-0.0089311
1.0082,-0.0089689
1.0182,-0.0090027
1.0282,-0.0090161
1.0381,-0.0090195
1.0481,-0.0090323
1.0581,-0.0090445
1.0681,-0.0090354
1.0781,-0.0090248
1.088,-0.009029
1.098,-0.0090432
1.108,-0.0090621
1.118,-0.0090447
1.128,-0.0090467
1.138,-0.0090365
1.1479,-0.0090145
1.1579,-0.0089912
1.1679,-0.0089803
1.1779,-0.0089671
1.1879,-0.0089455
1.1978,-0.008934
1.2078,-0.008933
1.2178,-0.008919
1.2278,-0.008924
1.2378,-0.0089366
1.2478,-0.0089678
1.2577,-0.0089819
1.2677,-0.008969
1.2777,-0.0089546
1.2877,-0.0089394
1.2977,-0.008922
1.3076,-0.0089223
1.3176,-0.0089403
1.3276,-0.0089451
1.3376,-0.0089619
1.3476,-0.0089647
1.3576,-0.0089767
1.3675,-0.009006
1.3775,-0.0090237
1.3875,-0.0090249
1.3975,-0.0090331
1.4075,-0.0090347
1.4175,-0.0090272
1.4274,-0.0090122
1.4374,-0.0089974
1.4474,-0.0089995
1.4574,-0.0089966
1.4674,-0.0089914
1.4773,-0.008986
1.4873,-0.00899
1.4973,-0.0090097
1.5073,-0.0090268
1.5173,-0.0090399
1.5273,-0.0090458
1.5372,-0.0090492
1.5472,-0.0090498
1.5572,-0.0090596
1.5672,-0.0090541
1.5772,-0.0090353
1.5871,-0.0090198
1.5971,-0.0090071
1.6071,-0.0089844
1.6171,-0.0089902
1.6271,-0.0089893
1.6371,-0.0089845
1.647,-0.0089694
1.657,-0.0089644
1.667,-0.0089461
1.677,-0.0089188
1.687,-0.0088861
1.6969,-0.0088535
1.7069,-0.0088362
1.7169,-0.0088169
1.7269,-0.0087981
1.7369,-0.0087599
1.7469,-0.0087357
1.7568,-0.0087537
1.7668,-0.0087771
1.7768,-0.0087929
1.7868,-0.0088002
1.7968,-0.0087967
1.8068,-0.0088097
1.8167,-0.0088137
1.8267,-0.0087899
1.8367,-0.0087699
1.8467,-0.0087528
1.8567,-0.0087337
1.8666,-0.0087174
1.8766,-0.0086954
1.8866,-0.0086639
1.8966,-0.0086258
1.9066,-0.0086077
1.9166,-0.0085945
1.9265,-0.0085873
1.9365,-0.008595
1.9465,-0.0085847
1.9565,-0.0085968
1.9665,-0.0085807
1.9764,-0.0085763
1.9864,-0.0085617
1.9964,-0.0085324
2.0064,-0.0085031
2.0164,-0.0084737
2.0264,-0.0084316
2.0363,-0.0083983
2.0463,-0.0083757
2.0563,-0.0083632
2.0663,-0.0083304
2.0763,-0.008295
2.0863,-0.0082589
2.0962,-0.0082336
2.1062,-0.0082164
2.1162,-0.0082043
2.1262,-0.0081896
2.1362,-0.0081709
2.1461,-0.0081413
2.1561,-0.0081121
2.1661,-0.0080921
2.1761,-0.0080696
2.1861,-0.0080583
2.1961,-0.0080269
2.206,-0.0079792
2.216,-0.0079575
2.226,-0.0079339
2.236,-0.0079094
2.246,-0.0078814
2.2559,-0.007849
2.2659,-0.0078312
2.2759,-0.0078229
2.2859,-0.0078141
2.2959,-0.0078069
2.3059,-0.0077996
2.3158,-0.0078015
2.3258,-0.007805
2.3358,-0.0077919
2.3458,-0.0077586
2.3558,-0.007707
2.3657,-0.0076664
2.3757,-0.0076353
2.3857,-0.0075933
2.3957,-0.0075523
2.4057,-0.0075217
2.4157,-0.0074987
2.4256,-0.0074485
2.4356,-0.0074084
2.4456,-0.0073468
2.4556,-0.0073224
2.4656,-0.0073036
2.4756,-0.0072726
2.4855,-0.0072478
2.4955,-0.0072169
2.5055,-0.0071899
2.5155,-0.0071516
2.5255,-0.0071146
2.5354,-0.0070915
2.5454,-0.0070725
2.5554,-0.0070381
2.5654,-0.0070018
2.5754,-0.0069528
2.5854,-0.0069118
2.5953,-0.00685
2.6053,-0.0067855
2.6153,-0.0067227
2.6253,-0.0066695
2.6353,-0.0066072
2.6452,-0.0065463
2.6552,-0.0065034
2.6652,-0.0064454
2.6752,-0.0064075
2.6852,-0.0063635
2.6952,-0.0063231
2.7051,-0.0062868
2.7151,-0.0062537
2.7251,-0.0062128
2.7351,-0.0061596
2.7451,-0.0061142
2.755,-0.0060824
2.765,-0.0060461
2.775,-0.0059965
2.785,-0.0059438
2.795,-0.0058756
2.805,-0.0058206
2.8149,-0.0057682
2.8249,-0.0057264
2.8349,-0.0056902
2.8449,-0.0056723
2.8549,-0.0056451
2.8649,-0.0056108
2.8748,-0.005564
2.8848,-0.0055161
2.8948,-0.0054701
2.9048,-0.005432
2.9148,-0.0053832
2.9247,-0.0053344
2.9347,-0.0052923
2.9447,-0.0052623
2.9547,-0.0052396
2.9647,-0.0051907
2.9747,-0.0051556
2.9846,-0.0050973
2.9946,-0.0050594
3.0046,-0.0050335
3.0146,-0.0049997
3.0246,-0.0049695
3.0345,-0.0049433
3.0445,-0.004912
3.0545,-0.004883
3.0645,-0.0048607
3.0745,-0.0048437
3.0845,-0.0048237
3.0944,-0.0047986
3.1044,-0.0047833
3.1144,-0.0047653
3.1244,-0.0047523
3.1344,-0.0047154
3.1443,-0.0046846
3.1543,-0.0046561
3.1643,-0.0046155
3.1743,-0.0045826
3.1843,-0.0045582
3.1943,-0.0045305
3.2042,-0.0044995
3.2142,-0.0044704
3.2242,-0.004453
3.2342,-0.0044332
3.2442,-0.0044117
3.2542,-0.0043929
3.2641,-0.0043864
3.2741,-0.0043652
3.2841,-0.0043653
3.2941,-0.0043634
3.3041,-0.004353
3.314,-0.0043405
3.324,-0.0043177
3.334,-0.0042915
3.344,-0.0042587
3.354,-0.0042371
3.364,-0.0042118
3.3739,-0.0041903
3.3839,-0.0041805
3.3939,-0.0041766
3.4039,-0.0041605
3.4139,-0.0041437
3.4238,-0.0041441
3.4338,-0.0041456
3.4438,-0.004143
3.4538,-0.0041356
3.4638,-0.0041453
3.4738,-0.004154
3.4837,-0.0041513
3.4937,-0.0041649
3.5037,-0.0041817
3.5137,-0.0041898
3.5237,-0.0041894
3.5336,-0.0041799
3.5436,-0.0041639
3.5536,-0.004163
3.5636,-0.0041601
3.5736,-0.0041299
3.5836,-0.0041113
3.5935,-0.0040965
3.6035,-0.0040993
3.6135,-0.0041078
3.6235,-0.0041235
3.6335,-0.0041228
3.6435,-0.0041097
3.6534,-0.0041017
3.6634,-0.0040959
3.6734,-0.004113
3.6834,-0.0041295
3.6934,-0.0041611
3.7033,-0.004182
3.7133,-0.0042095
3.7233,-0.0042133
3.7333,-0.0042192
3.7433,-0.0042273
3.7533,-0.0042197
3.7632,-0.0042079
3.7732,-0.0041932
3.7832,-0.0041868
3.7932,-0.0041878
3.8032,-0.0041866
3.8131,-0.0042106
3.8231,-0.0042133
3.8331,-0.0042165
3.8431,-0.004233
3.8531,-0.0042352
3.8631,-0.0042328
3.873,-0.0042227
3.883,-0.004225
3.893,-0.0042356
3.903,-0.0042449
3.913,-0.0042621
3.9229,-0.0042688
3.9329,-0.0042675
3.9429,-0.0042828
3.9529,-0.0042953
3.9629,-0.0043111
3.9729,-0.0043076
3.9828,-0.0043156
3.9928,-0.0043137
4.0028,-0.004315
4.0128,-0.0043135
4.0228,-0.0043095
4.0328,-0.0043045
4.0427,-0.0042924
4.0527,-0.0042821
4.0627,-0.0042711
4.0727,-0.0042578
4.0827,-0.0042589
4.0926,-0.0042536
4.1026,-0.0042544
4.1126,-0.004271
4.1226,-0.004286
4.1326,-0.0043045
4.1426,-0.0043008
4.1525,-0.0043004
4.1625,-0.0042905
4.1725,-0.0042769
4.1825,-0.0042598
4.1925,-0.0042555
4.2024,-0.0042497
4.2124,-0.0042433
4.2224,-0.0042185
4.2324,-0.0042053
4.2424,-0.0041832
4.2524,-0.0041583
4.2623,-0.0041245
4.2723,-0.0040998
4.2823,-0.0040819
4.2923,-0.0040579
4.3023,-0.0040335
4.3122,-0.0040101
4.3222,-0.0039807
4.3322,-0.0039668
4.3422,-0.0039406
4.3522,-0.0039207
4.3622,-0.0038895
4.3721,-0.0038662
4.3821,-0.0038397
4.3921,-0.0038277
4.4021,-0.0038049
4.4121,-0.0037676
4.4221,-0.0037466
4.432,-0.0037071
4.442,-0.0036638
4.452,-0.003653
4.462,-0.0036232
4.472,-0.0035974
4.4819,-0.0035817
4.4919,-0.0035615
4.5019,-0.0035258
4.5119,-0.0034918
4.5219,-0.003461
4.5319,-0.0034013
4.5418,-0.003367
4.5518,-0.0033354
4.5618,-0.0032734
4.5718,-0.0032275
4.5818,-0.0031642
4.5917,-0.0031362
4.6017,-0.0030733
4.6117,-0.0030123
4.6217,-0.002976
4.6317,-0.0029143
4.6417,-0.0028546
4.6516,-0.0028296
4.6616,-0.0028094
4.6716,-0.0027643
4.6816,-0.0027323
4.6916,-0.0026733
4.7015,-0.002638
4.7115,-0.0025737
4.7215,-0.0025325
4.7315,-0.002465
4.7415,-0.0024135
4.7515,-0.0023577
4.7614,-0.0023055
4.7714,-0.0022216
4.7814,-0.0021597
4.7914,-0.0020848
4.8014,-0.0020048
4.8114,-0.001924
4.8213,-0.0018626
4.8313,-0.0017788
4.8413,-0.0017041
4.8513,-0.0015872
4.8613,-0.001475
4.8712,-0.0014018
4.8812,-0.0013151
4.8912,-0.001244
4.9012,-0.00117
4.9112,-0.0010519
4.9212,-0.00097438
4.9311,-0.00089105
4.9411,-0.00077888
4.9511,-0.0006926
4.9611,-0.00058789
4.9711,-0.00052849
4.981,-0.00041796
4.991,-0.00032227
5.001,-0.00023782
5.011,-0.00015182
5.021,-5.8939e-005
5.031,4.6764e-005
5.0409,0.00014927
5.0509,0.00025436
5.0609,0.00033843
5.0709,0.0004417
5.0809,0.00052565
5.0908,0.00062482
5.1008,0.00072231
5.1108,0.00083476
5.1208,0.00096882
5.1308,0.0011118
5.1408,0.0012431
5.1507,0.0013513
5.1607,0.0014569
5.1707,0.001565
5.1807,0.0016293
5.1907,0.0017365
5.2007,0.0018113
5.2106,0.0019348
5.2206,0.0020177
5.2306,0.002143
5.2406,0.0022652
5.2506,0.0023943
5.2605,0.0025022
5.2705,0.0025944
5.2805,0.002725
5.2905,0.0028296
5.3005,0.0029263
5.3105,0.0030281
5.3204,0.0031505
5.3304,0.0032424
5.3404,0.0033459
5.3504,0.0034577
5.3604,0.0036025
5.3703,0.0037248
5.3803,0.0038307
5.3903,0.0039398
5.4003,0.0040503
5.4103,0.0041179
5.4203,0.004194
5.4302,0.0043247
5.4402,0.0044287
5.4502,0.0045337
5.4602,0.0046278
5.4702,0.0047574
5.4802,0.0048748
5.4901,0.0049906
5.5001,0.0050957
5.5101,0.0051982
5.5201,0.0053237
5.5301,0.0054403
5.54,0.0055252
5.55,0.0056151
5.56,0.0057021
5.57,0.0058013
5.58,0.0059012
5.59,0.0059735
5.5999,0.0060558
5.6099,0.0061332
5.6199,0.0062272
5.6299,0.0063093
5.6399,0.0063939
5.6498,0.0064637
5.6598,0.0065341
5.6698,0.0066254
5.6798,0.0067043
5.6898,0.0067837
5.6998,0.0068621
5.7097,0.006942
5.7197,0.0070175
5.7297,0.0070889
5.7397,0.0071599
5.7497,0.0072229
5.7596,0.0072954
5.7696,0.0073491
5.7796,0.0074123
5.7896,0.0074775
5.7996,0.007541
5.8096,0.0075956
5.8195,0.0076617
5.8295,0.0077343
5.8395,0.0078087
5.8495,0.0078685
5.8595,0.0079319
5.8695,0.008003
5.8794,0.0080805
5.8894,0.0081599
5.8994,0.0082353
5.9094,0.0083136
5.9194,0.0083888
5.9293,0.0084594
5.9393,0.0085326
5.9493,0.0086023
5.9593,0.0086636
5.9693,0.0087232
5.9793,0.008791
5.9892,0.0088555
5.9992,0.0089135
6.0092,0.0089668
6.0192,0.0090232
6.0292,0.0090731
6.0391,0.009122
6.0491,0.0091743
6.0591,0.0092278
6.0691,0.0092698
6.0791,0.0093193
6.0891,0.0093787
6.099,0.0094321
6.109,0.0094896
6.119,0.0095482
6.129,0.009599
6.139,0.0096515
6.1489,0.0097016
6.1589,0.0097569
6.1689,0.0098113
6.1789,0.0098704
6.1889,0.0099206
6.1989,0.0099726
6.2088,0.010014
6.2188,0.010041
6.2288,0.010054
6.2388,0.010081
6.2488,0.010117
6.2588,0.010156
6.2687,0.010183
6.2787,0.010208
6.2887,0.010238
6.2987,0.010268
6.3087,0.010301
6.3186,0.01034
6.3286,0.010374
6.3386,0.010402
6.3486,0.010438
6.3586,0.010473
6.3686,0.010501
6.3785,0.010535
6.3885,0.010563
6.3985,0.010593
6.4085,0.010626
6.4185,0.010658
6.4284,0.0107
6.4384,0.01074
6.4484,0.010767
6.4584,0.010802
6.4684,0.010837
6.4784,0.01087
6.4883,0.010897
6.4983,0.010923
6.5083,0.010945
6.5183,0.010959
6.5283,0.010988
6.5382,0.011012
6.5482,0.011036
6.5582,0.011063
6.5682,0.011096
6.5782,0.011127
6.5882,0.01116
6.5981,0.011183
6.6081,0.011206
6.6181,0.011223
6.6281,0.011247
6.6381,0.011275
6.6481,0.011303
6.658,0.011328
6.668,0.011349
6.678,0.011368
6.688,0.011396
6.698,0.011438
6.7079,0.011471
6.7179,0.011502
6.7279,0.011541
6.7379,0.011576
6.7479,0.011625
6.7579,0.011671
6.7678,0.011722
6.7778,0.011766
6.7878,0.011796
6.7978,0.011832
6.8078,0.011859
6.8177,0.011888
6.8277,0.011902
6.8377,0.011931
6.8477,0.011957
6.8577,0.011981
6.8677,0.012002
6.8776,0.012026
6.8876,0.012066
6.8976,0.012095
6.9076,0.012127
6.9176,0.012184
6.9275,0.012213
6.9375,0.012257
6.9475,0.012301
6.9575,0.012338
6.9675,0.012394
6.9775,0.01245
6.9874,0.012508
6.9974,0.012544
7.0074,0.012586
7.0174,0.012635
7.0274,0.012663
7.0374,0.012696
7.0473,0.012729
7.0573,0.012757
7.0673,0.012805
7.0773,0.012847
7.0873,0.01288
7.0972,0.012923
7.1072,0.012968
7.1172,0.013002
7.1272,0.013042
7.1372,0.013068
7.1472,0.013101
7.1571,0.013121
7.1671,0.013162
7.1771,0.013192
7.1871,0.013236
7.1971,0.013265
7.207,0.0133
7.217,0.013368
7.227,0.013431
7.237,0.013483
7.247,0.013536
7.257,0.013604
7.2669,0.013672
7.2769,0.013723
7.2869,0.013793
7.2969,0.013863
7.3069,0.013932
7.3168,0.013984
7.3268,0.014045
7.3368,0.014113
7.3468,0.014185
7.3568,0.014244
7.3668,0.014299
7.3767,0.014353
7.3867,0.014406
7.3967,0.014462
7.4067,0.01452
7.4167,0.014582
7.4267,0.014625
7.4366,0.01468
7.4466,0.014737
7.4566,0.014786
7.4666,0.014841
7.4766,0.014899
7.4865,0.014956
7.4965,0.015014
7.5065,0.015083
7.5165,0.015143
7.5265,0.015198
7.5365,0.015252
7.5464,0.015305
7.5564,0.015346
7.5664,0.015398
7.5764,0.015447
7.5864,0.015495
7.5963,0.015546
7.6063,0.0156
7.6163,0.015648
7.6263,0.0157
7.6363,0.015751
7.6463,0.015797
7.6562,0.01585
7.6662,0.015911
7.6762,0.01597
7.6862,0.01603
7.6962,0.016091
7.7061,0.016159
7.7161,0.016228
7.7261,0.016297
7.7361,0.016366
7.7461,0.016432
7.7561,0.016492
7.766,0.016536
7.776,0.016587
7.786,0.016647
7.796,0.016707
7.806,0.016766
7.816,0.016826
7.8259,0.016873
7.8359,0.016922
7.8459,0.016976
7.8559,0.017008
7.8659,0.017047
7.8758,0.017089
7.8858,0.017133
7.8958,0.017181
7.9058,0.017227
7.9158,0.017266
7.9258,0.017312
7.9357,0.017357
7.9457,0.017418
7.9557,0.017463
7.9657,0.017517
7.9757,0.017568
7.9856,0.01762
7.9956,0.017665
8.0056,0.017707
8.0156,0.017742
8.0256,0.017777
8.0356,0.017804
8.0455,0.017837
8.0555,0.017876
8.0655,0.017911
8.0755,0.017939
8.0855,0.017964
8.0954,0.017996
8.1054,0.018026
8.1154,0.01806
8.1254,0.018097
8.1354,0.018124
8.1454,0.018148
8.1553,0.018171
8.1653,0.018196
8.1753,0.018222
8.1853,0.018252
8.1953,0.018276
8.2053,0.018293
8.2152,0.018311
8.2252,0.018326
8.2352,0.018337
8.2452,0.018347
8.2552,0.01835
8.2651,0.018364
8.2751,0.018381
8.2851,0.018403
8.2951,0.018412
8.3051,0.018423
8.3151,0.018431
8.325,0.018449
8.335,0.018473
8.345,0.018482
8.355,0.018478
8.365,0.018483
8.3749,0.018489
8.3849,0.018486
8.3949,0.018485
8.4049,0.018492
8.4149,0.0185
8.4249,0.018506
8.4348,0.018512
8.4448,0.018516
8.4548,0.01852
8.4648,0.018523
8.4748,0.018519
8.4847,0.018518
8.4947,0.018516
8.5047,0.018515
8.5147,0.018508
8.5247,0.018503
8.5347,0.018493
8.5446,0.018479
8.5546,0.018469
8.5646,0.018462
8.5746,0.01845
8.5846,0.018435
8.5946,0.018418
8.6045,0.018408
8.6145,0.018396
8.6245,0.018381
8.6345,0.018361
8.6445,0.018341
8.6544,0.018322
8.6644,0.018314
8.6744,0.018303
8.6844,0.018288
8.6944,0.018264
8.7044,0.018232
8.7143,0.018194
8.7243,0.018163
8.7343,0.018136
8.7443,0.018103
8.7543,0.018079
8.7642,0.018055
8.7742,0.018037
8.7842,0.018009
8.7942,0.017978
8.8042,0.017949
8.8142,0.017933
8.8241,0.017917
8.8341,0.017896
8.8441,0.017877
8.8541,0.017859
8.8641,0.017844
8.8741,0.017823
8.884,0.017792
8.894,0.017768
8.904,0.017744
8.914,0.01772
8.924,0.017694
8.9339,0.017669
8.9439,0.017649
8.9539,0.017624
8.9639,0.017594
8.9739,0.017565
8.9839,0.017539
8.9938,0.017514
9.0038,0.017488
9.0138,0.017466
9.0238,0.017444
9.0338,0.017423
9.0437,0.017413
9.0537,0.017398
9.0637,0.01737
9.0737,0.017342
9.0837,0.017322
9.0937,0.017304
9.1036,0.017277
9.1136,0.017244
9.1236,0.017208
9.1336,0.017169
9.1436,0.017135
9.1535,0.017097
9.1635,0.017059
9.1735,0.01703
9.1835,0.016997
9.1935,0.016961
9.2035,0.016925
9.2134,0.01689
9.2234,0.016857
9.2334,0.016821
9.2434,0.016778
9.2534,0.016746
9.2634,0.016723
9.2733,0.016699
9.2833,0.01667
9.2933,0.016636
9.3033,0.016599
9.3133,0.01656
9.3232,0.016526
9.3332,0.016489
9.3432,0.016448
9.3532,0.016411
9.3632,0.01637
9.3732,0.016321
9.3831,0.016265
9.3931,0.016214
9.4031,0.016163
9.4131,0.016117
9.4231,0.016077
9.433,0.016026
9.443,0.015974
9.453,0.015922
9.463,0.01586
9.473,0.015797
9.483,0.015747
9.4929,0.015688
9.5029,0.015626
9.5129,0.015573
9.5229,0.015509
9.5329,0.01545
9.5428,0.015388
9.5528,0.01532
9.5628,0.015239
9.5728,0.015161
9.5828,0.015083
9.5928,0.015007
9.6027,0.014923
9.6127,0.014837
9.6227,0.014758
9.6327,0.014677
9.6427,0.014597
9.6527,0.014517
9.6626,0.014436
9.6726,0.014352
9.6826,0.014274
9.6926,0.014191
9.7026,0.014103
9.7125,0.014012
9.7225,0.013913
9.7325,0.013812
9.7425,0.013715
9.7525,0.013613
9.7625,0.013518
9.7724,0.013414
9.7824,0.013304
9.7924,0.013198
9.8024,0.013098
9.8124,0.013006
9.8223,0.012901
9.8323,0.012794
9.8423,0.012696
9.8523,0.012597
9.8623,0.012495
9.8723,0.01239
9.8822,0.012291
9.8922,0.0122
9.9022,0.012106
9.9122,0.012008
9.9222,0.011909
9.9321,0.011815
9.9421,0.011727
9.9521,0.011636
9.9621,0.011534
9.9721,0.01144
9.9821,0.011354
9.992,0.011264
10.002,0.011178
10.012,0.011092
10.022,0.011016
10.032,0.01095
10.042,0.010885
10.052,0.010822
10.062,0.010764
10.072,0.010698
10.082,0.010636
10.092,0.010575
10.102,0.010529
10.112,0.010481
10.122,0.010433
10.132,0.010395
10.142,0.010359
10.152,0.010317
10.162,0.01028
10.172,0.010257
10.182,0.010237
10.192,0.010229
10.202,0.010226
10.212,0.010231
10.222,0.010237
10.232,0.010249
10.242,0.010261
10.252,0.01028
10.262,0.010307
10.272,0.010336
10.282,0.010365
10.292,0.010394
10.301,0.01042
10.311,0.010451
10.321,0.010487
10.331,0.010531
10.341,0.010587
10.351,0.010643
10.361,0.0107
10.371,0.010761
10.381,0.010822
10.391,0.010891
10.401,0.010963
10.411,0.011026
10.421,0.011098
10.431,0.011173
10.441,0.011255
10.451,0.011336
10.461,0.011413
10.471,0.011488
10.481,0.011564
10.491,0.011633
10.501,0.011718
10.511,0.011813
10.521,0.011903
10.531,0.011985
10.541,0.012066
10.551,0.012154
10.561,0.012242
10.571,0.01233
10.581,0.012424
10.591,0.012515
10.601,0.012602
10.611,0.012684
10.621,0.012763
10.631,0.012842
10.641,0.012923
10.651,0.013006
10.661,0.013093
10.671,0.013176
10.681,0.013266
10.691,0.013352
10.701,0.013438
10.711,0.013513
10.721,0.013593
10.731,0.013667
10.741,0.013739
10.751,0.013809
10.761,0.013865
10.771,0.013923
10.781,0.013975
10.791,0.014023
10.801,0.014066
10.811,0.014112
10.821,0.014159
10.831,0.014204
10.841,0.014246
10.85,0.014281
10.86,0.01431
10.87,0.014342
10.88,0.014377
10.89,0.014405
10.9,0.014429
10.91,0.014458
10.92,0.014494
10.93,0.014522
10.94,0.014553
10.95,0.014566
10.96,0.014575
10.97,0.014592
10.98,0.014599
10.99,0.014595
11,0.014595
11.01,0.014591
11.02,0.014586
11.03,0.014576
11.04,0.01457
11.05,0.014564
11.06,0.014549
11.07,0.014523
11.08,0.014507
11.09,0.014494
11.1,0.014466
11.11,0.014436
11.12,0.014404
11.13,0.014372
11.14,0.014332
11.15,0.014296
11.16,0.01426
11.17,0.01423
11.18,0.014195
11.19,0.014148
11.2,0.014102
11.21,0.014052
11.22,0.013996
11.23,0.013936
11.24,0.013869
11.25,0.013797
11.26,0.013721
11.27,0.013651
11.28,0.013584
11.29,0.013519
11.3,0.013442
11.31,0.01336
11.32,0.013288
11.33,0.01321
11.34,0.013113
11.35,0.013011
11.36,0.012915
11.37,0.012827
11.38,0.01274
11.39,0.012653
11.4,0.012563
11.409,0.012464
11.419,0.012356
11.429,0.012242
11.439,0.012125
11.449,0.012006
11.459,0.011889
11.469,0.011778
11.479,0.01166
11.489,0.011541
11.499,0.011432
11.509,0.011315
11.519,0.011189
11.529,0.011055
11.539,0.010934
11.549,0.01081
11.559,0.010681
11.569,0.010558
11.579,0.010434
11.589,0.010315
11.599,0.010195
11.609,0.010073
11.619,0.0099563
11.629,0.0098393
11.639,0.0097146
11.649,0.0095883
11.659,0.0094634
11.669,0.0093332
11.679,0.0091999
11.689,0.0090737
11.699,0.0089509
11.709,0.0088277
11.719,0.0087053
11.729,0.0085913
11.739,0.0084738
11.749,0.0083571
11.759,0.0082369
11.769,0.0081138
11.779,0.0079928
11.789,0.0078854
11.799,0.0077804
11.809,0.0076774
11.819,0.0075747
11.829,0.0074669
11.839,0.0073539
11.849,0.0072483
11.859,0.0071521
11.869,0.007056
11.879,0.0069604
11.889,0.0068651
11.899,0.0067739
11.909,0.0066872
11.919,0.0066031
11.929,0.0065184
11.939,0.0064499
11.949,0.0063817
11.959,0.0063165
11.968,0.0062539
11.978,0.006181
11.988,0.0061135
11.998,0.0060426
12.008,0.005966
12.018,0.0058837
12.028,0.0058136
12.038,0.0057569
12.048,0.0056987
12.058,0.0056395
12.068,0.0055861
12.078,0.0055323
12.088,0.0054848
12.098,0.0054385
12.108,0.0053858
12.118,0.0053254
12.128,0.0052693
12.138,0.005221
12.148,0.005171
12.158,0.0051239
12.168,0.00509
12.178,0.0050666
12.188,0.0050448
12.198,0.0050207
12.208,0.0050035
12.218,0.0049861
12.228,0.0049676
12.238,0.0049577
12.248,0.0049459
12.258,0.0049288
12.268,0.0049108
12.278,0.0049025
12.288,0.0049001
12.298,0.0048999
12.308,0.0048944
12.318,0.004896
12.328,0.0049
12.338,0.0049077
12.348,0.0049095
12.358,0.0049175
12.368,0.0049305
12.378,0.0049541
12.388,0.0049691
12.398,0.0049918
12.408,0.0050217
12.418,0.0050509
12.428,0.0050714
12.438,0.0051008
12.448,0.0051331
12.458,0.0051548
12.468,0.0051865
12.478,0.005219
12.488,0.0052518
12.498,0.0052836
12.508,0.0053205
12.518,0.0053668
12.527,0.0054191
12.537,0.0054709
12.547,0.0055264
12.557,0.0055788
12.567,0.0056219
12.577,0.0056593
12.587,0.0057019
12.597,0.0057414
12.607,0.005778
12.617,0.0058227
12.627,0.0058709
12.637,0.0059149
12.647,0.0059528
12.657,0.0059866
12.667,0.0060149
12.677,0.0060487
12.687,0.0060791
12.697,0.006116
12.707,0.0061537
12.717,0.006189
12.727,0.006221
12.737,0.0062524
12.747,0.0062841
12.757,0.0063169
12.767,0.0063455
12.777,0.0063684
12.787,0.0063995
12.797,0.0064324
12.807,0.0064638
12.817,0.0064914
12.827,0.0065202
12.837,0.0065517
12.847,0.0065759
12.857,0.006603
12.867,0.0066343
12.877,0.0066694
12.887,0.0067052
12.897,0.0067419
12.907,0.0067727
12.917,0.0067997
12.927,0.0068272
12.937,0.0068525
12.947,0.0068798
12.957,0.0069108
12.967,0.0069428
12.977,0.0069805
12.987,0.0070091
12.997,0.0070383
13.007,0.0070695
13.017,0.0070962
13.027,0.0071246
13.037,0.0071568
13.047,0.0071898
13.057,0.0072315
13.067,0.007263
13.076,0.0072932
13.086,0.0073219
13.096,0.0073572
13.106,0.0073889
13.116,0.0074163
13.126,0.0074449
13.136,0.0074838
13.146,0.0075205
13.156,0.0075597
13.166,0.0076108
13.176,0.007667
13.186,0.0077132
13.196,0.0077579
13.206,0.0078065
13.216,0.0078522
13.226,0.0078962
13.236,0.0079429
13.246,0.0079919
13.256,0.0080473
13.266,0.0080998
13.276,0.008152
13.286,0.0082031
13.296,0.0082483
13.306,0.0082967
13.316,0.0083418
13.326,0.00839
13.336,0.0084295
13.346,0.0084693
13.356,0.0084921
13.366,0.0085185
13.376,0.0085448
13.386,0.0085684
13.396,0.0085797
13.406,0.008589
13.416,0.0086023
13.426,0.0086078
13.436,0.0086068
13.446,0.0086134
13.456,0.0086298
13.466,0.0086477
13.476,0.0086645
13.486,0.0086722
13.496,0.0086802
13.506,0.0086847
13.516,0.0086922
13.526,0.0086931
13.536,0.0087015
13.546,0.0087093
13.556,0.008716
13.566,0.0087236
13.576,0.0087316
13.586,0.0087404
13.596,0.0087439
13.606,0.0087522
13.616,0.0087688
13.626,0.0087859
13.635,0.0088114
13.645,0.0088431
13.655,0.0088881
13.665,0.0089402
13.675,0.0090014
13.685,0.0090657
13.695,0.0091467
13.705,0.0092432
13.715,0.0093518
13.725,0.0094702
13.735,0.0095983
13.745,0.0097457
13.755,0.0099136
13.765,0.010101
13.775,0.010292
13.785,0.010502
13.795,0.010718
13.805,0.010952
13.815,0.011206
13.825,0.011481
13.835,0.011765
13.845,0.012063
13.855,0.012384
13.865,0.012726
13.875,0.01308
13.885,0.013455
13.895,0.013857
13.905,0.014266
13.915,0.014684
13.925,0.015112
13.935,0.015562
13.945,0.016014
13.955,0.01647
13.965,0.016934
13.975,0.0174
13.985,0.01787
13.995,0.018345
14.005,0.018817
14.015,0.019291
14.025,0.019768
14.035,0.020252
14.045,0.020727
14.055,0.0212
14.065,0.021656
14.075,0.022099
14.085,0.022535
14.095,0.022949
14.105,0.02333
14.115,0.023682
14.125,0.024012
14.135,0.024314
14.145,0.024593
14.155,0.024844
14.165,0.025061
14.175,0.025244
14.185,0.025393
14.194,0.025501
14.204,0.025566
14.214,0.02559
14.224,0.025577
14.234,0.025519
14.244,0.025409
14.254,0.02526
14.264,0.025059
14.274,0.024811
14.284,0.024521
14.294,0.024167
14.304,0.023758
14.314,0.023303
14.324,0.0228
14.334,0.022257
14.344,0.021671
14.354,0.021033
14.364,0.02035
14.374,0.019628
14.384,0.018867
14.394,0.018064
14.404,0.017213
14.414,0.016322
14.424,0.015385
14.434,0.014416
14.444,0.013421
14.454,0.012407
14.464,0.011358
14.474,0.01028
14.484,0.0091756
14.494,0.008051
14.504,0.006906
14.514,0.0057597
14.524,0.0046063
14.534,0.0034414
14.544,0.0022711
14.554,0.0011027
14.564,-6.0708e-005
14.574,-0.0012248
14.584,-0.0023951
14.594,-0.0035657
14.604,-0.0047211
14.614,-0.0058729
14.624,-0.0070144
14.634,-0.0081466
14.644,-0.0092594
14.654,-0.01035
14.664,-0.011415
14.674,-0.01245
14.684,-0.013466
14.694,-0.014463
14.704,-0.015421
14.714,-0.016341
14.724,-0.017239
14.734,-0.018108
14.744,-0.018948
14.753,-0.019753
14.763,-0.020541
14.773,-0.021297
14.783,-0.022031
14.793,-0.022743
14.803,-0.023425
14.813,-0.02408
14.823,-0.024704
14.833,-0.025299
14.843,-0.025882
14.853,-0.026452
14.863,-0.027007
14.873,-0.027537
14.883,-0.028058
14.893,-0.028563
14.903,-0.029045
14.913,-0.029512
14.923,-0.029966
14.933,-0.030415
14.943,-0.030858
14.953,-0.031293
14.963,-0.031721
14.973,-0.032139
14.983,-0.032566
14.993,-0.033003
15.003,-0.033434
15.013,-0.033864
15.023,-0.034293
15.033,-0.034735
15.043,-0.035185
15.053,-0.035638
15.063,-0.036099
15.073,-0.036562
15.083,-0.037046
15.093,-0.037537
15.103,-0.038032
15.113,-0.038535
15.123,-0.039055
15.133,-0.039588
15.143,-0.040128
15.153,-0.040674
15.163,-0.041232
15.173,-0.041802
15.183,-0.042374
15.193,-0.042958
15.203,-0.043554
15.213,-0.044142
15.223,-0.044735
15.233,-0.045329
15.243,-0.04591
15.253,-0.046474
15.263,-0.047038
15.273,-0.047606
15.283,-0.048159
15.293,-0.048706
15.302,-0.049257
15.312,-0.049781
15.322,-0.050294
15.332,-0.050791
15.342,-0.051252
15.352,-0.051718
15.362,-0.052159
15.372,-0.052572
15.382,-0.052961
15.392,-0.053326
15.402,-0.053655
15.412,-0.053942
15.422,-0.054197
15.432,-0.054423
15.442,-0.054613
15.452,-0.05476
15.462,-0.054869
15.472,-0.054933
15.482,-0.054958
15.492,-0.054949
15.502,-0.054897
15.512,-0.054797
15.522,-0.054649
15.532,-0.054468
15.542,-0.054254
15.552,-0.053992
15.562,-0.053679
15.572,-0.053301
15.582,-0.052873
15.592,-0.052407
15.602,-0.051903
15.612,-0.051365
15.622,-0.050779
15.632,-0.050187
15.642,-0.049544
15.652,-0.048895
15.662,-0.048206
15.672,-0.047499
15.682,-0.046767
15.692,-0.046035
15.702,-0.045304
15.712,-0.044542
15.722,-0.043781
15.732,-0.043022
15.742,-0.042268
15.752,-0.041499
15.762,-0.040709
15.772,-0.039954
15.782,-0.039219
15.792,-0.038526
15.802,-0.03783
15.812,-0.037173
15.822,-0.036539
15.832,-0.035933
15.842,-0.035359
15.852,-0.034847
15.861,-0.034375
15.871,-0.033947
15.881,-0.033575
15.891,-0.033261
15.901,-0.03301
15.911,-0.032837
15.921,-0.03274
15.931,-0.032712
15.941,-0.03276
15.951,-0.032884
15.961,-0.03309
15.971,-0.033385
15.981,-0.033757
15.991,-0.034213
16.001,-0.03475
16.011,-0.035368
16.021,-0.036082
16.031,-0.036869
16.041,-0.037755
16.051,-0.038712
16.061,-0.039738
16.071,-0.040852
16.081,-0.042083
16.091,-0.043419
16.101,-0.044845
16.111,-0.046316
16.121,-0.047849
16.131,-0.04946
16.141,-0.051173
16.151,-0.052992
16.161,-0.054927
16.171,-0.05694
16.181,-0.059077
16.191,-0.061247
16.201,-0.063589
16.211,-0.066062
16.221,-0.068626
16.231,-0.071259
16.241,-0.074014
16.251,-0.076915
16.261,-0.079835
16.271,-0.082937
16.281,-0.086049
16.291,-0.089177
16.301,-0.092281
16.311,-0.095531
16.321,-0.098855
16.331,-0.10222
16.341,-0.10565
16.351,-0.10913
16.361,-0.11274
16.371,-0.1165
16.381,-0.12023
16.391,-0.12402
16.401,-0.12785
16.411,-0.13163
16.42,-0.13548
16.43,-0.1394
16.44,-0.14333
16.45,-0.14727
16.46,-0.15133
16.47,-0.15533
16.48,-0.15938
16.49,-0.16349
16.5,-0.16772
16.51,-0.17202
16.52,-0.17643
16.53,-0.18091
16.54,-0.18538
16.55,-0.18987
16.56,-0.19442
16.57,-0.19893
16.58,-0.20345
16.59,-0.20799
16.6,-0.21257
16.61,-0.21727
16.62,-0.22206
16.63,-0.22685
16.64,-0.23154
16.65,-0.23623
16.66,-0.24091
16.67,-0.24559
16.68,-0.25028
16.69,-0.25498
16.7,-0.25969
16.71,-0.26435
16.72,-0.2691
16.73,-0.27379
16.74,-0.27843
16.75,-0.28304
16.76,-0.28767
16.77,-0.29231
16.78,-0.29692
16.79,-0.30149
16.8,-0.30606
16.81,-0.31055
16.82,-0.31506
16.83,-0.3196
16.84,-0.32408
16.85,-0.32852
16.86,-0.33292
16.87,-0.33731
16.88,-0.34168
16.89,-0.34606
16.9,-0.35044
16.91,-0.35481
16.92,-0.35911
16.93,-0.36337
16.94,-0.36758
16.95,-0.37175
16.96,-0.37594
16.969,-0.38011
16.979,-0.38427
16.989,-0.38845
16.999,-0.39266
17.009,-0.3968
17.019,-0.40094
17.029,-0.40503
17.039,-0.4091
17.049,-0.41321
17.059,-0.41736
17.069,-0.42154
17.079,-0.42572
17.089,-0.42995
17.099,-0.43416
17.109,-0.43842
17.119,-0.44269
17.129,-0.447
17.139,-0.45133
17.149,-0.45571
17.159,-0.46019
17.169,-0.4648
17.179,-0.46952
17.189,-0.47429
17.199,-0.47914
17.209,-0.48406
17.219,-0.48902
17.229,-0.4941
17.239,-0.49937
17.249,-0.50472
17.259,-0.51019
17.269,-0.51578
17.279,-0.52144
17.289,-0.52729
17.299,-0.53333
17.309,-0.53958
17.319,-0.54599
17.329,-0.5526
17.339,-0.55945
17.349,-0.56648
17.359,-0.57369
17.369,-0.58103
17.379,-0.58845
17.389,-0.59593
17.399,-0.60345
17.409,-0.61091
17.419,-0.61838
17.429,-0.626
17.439,-0.63371
17.449,-0.64157
17.459,-0.64949
17.469,-0.65755
17.479,-0.66583
17.489,-0.67429
17.499,-0.68281
17.509,-0.69184
17.519,-0.70078
17.528,-0.70975
17.538,-0.71872
17.548,-0.72782
17.558,-0.73695
17.568,-0.74623
17.578,-0.75578
17.588,-0.76549
17.598,-0.77542
17.608,-0.78549
17.618,-0.79541
17.628,-0.80528
17.638,-0.81516
17.648,-0.82524
17.658,-0.83553
17.668,-0.84605
17.678,-0.85652
17.688,-0.86651
17.698,-0.87637
17.708,-0.88655
17.718,-0.8964
17.728,-0.90575
17.738,-0.91492
17.748,-0.92382
17.758,-0.93268
17.768,-0.94126
17.778,-0.94942
17.788,-0.95673
17.798,-0.96343
17.808,-0.96929
17.818,-0.97446
17.828,-0.97915
17.838,-0.98296
17.848,-0.98604
17.858,-0.9884
17.868,-0.98997
17.878,-0.99081
17.888,-0.99087
17.898,-0.99016
17.908,-0.98864
17.918,-0.98622
17.928,-0.98289
17.938,-0.9787
17.948,-0.97359
17.958,-0.96753
17.968,-0.96047
17.978,-0.95249
17.988,-0.94345
17.998,-0.93337
18.008,-0.92219
18.018,-0.90991
18.028,-0.89647
18.038,-0.88183
18.048,-0.86599
18.058,-0.84904
18.068,-0.83086
18.078,-0.8115
18.087,-0.79106
18.097,-0.7695
18.107,-0.74675
18.117,-0.72287
18.127,-0.69784
18.137,-0.67193
18.147,-0.64501
18.157,-0.61697
18.167,-0.58805
18.177,-0.55808
18.187,-0.52734
18.197,-0.49576
18.207,-0.46337
18.217,-0.43038
18.227,-0.39643
18.237,-0.36179
18.247,-0.32663
18.257,-0.29088
18.267,-0.25469
18.277,-0.21823
18.287,-0.18115
18.297,-0.14395
18.307,-0.10667
18.317,-0.069202
18.327,-0.031606
18.337,0.0062643
18.347,0.044226
18.357,0.081892
18.367,0.11958
18.377,0.15714
18.387,0.19443
18.397,0.23153
18.407,0.2685
18.417,0.30551
18.427,0.34269
18.437,0.37986
18.447,0.41712
18.457,0.45423
18.467,0.49132
18.477,0.52863
18.487,0.56579
18.497,0.60255
18.507,0.63938
18.517,0.67601
18.527,0.71226
18.537,0.7478
18.547,0.78279
18.557,0.81711
18.567,0.85065
18.577,0.88402
18.587,0.91651
18.597,0.94844
18.607,0.9791
18.617,1.0091
18.627,1.0376
18.637,1.0653
18.646,1.0921
18.656,1.1175
18.666,1.1417
18.676,1.1649
18.686,1.1869
18.696,1.2081
18.706,1.2281
18.716,1.2469
18.726,1.2643
18.736,1.2808
18.746,1.296
18.756,1.3101
18.766,1.3232
18.776,1.3352
18.786,1.3462
18.796,1.3561
18.806,1.365
18.816,1.3728
18.826,1.3796
18.836,1.3853
18.846,1.3901
18.856,1.3939
18.866,1.3967
18.876,1.3985
18.886,1.3994
18.896,1.3992
18.906,1.3982
18.916,1.3962
18.926,1.3933
18.936,1.3895
18.946,1.3849
18.956,1.3794
18.966,1.3731
18.976,1.366
18.986,1.358
18.996,1.3493
19.006,1.3399
19.016,1.3296
19.026,1.3187
19.036,1.3071
19.046,1.2948
19.056,1.2818
19.066,1.268
19.076,1.2536
19.086,1.2385
19.096,1.2229
19.106,1.2067
19.116,1.1898
19.126,1.1724
19.136,1.1546
19.146,1.1361
19.156,1.1172
19.166,1.0978
19.176,1.0779
19.186,1.0575
19.195,1.0367
19.205,1.0154
19.215,0.99367
19.225,0.97143
19.235,0.94864
19.245,0.92538
19.255,0.90197
19.265,0.87814
19.275,0.85403
19.285,0.82952
19.295,0.80461
19.305,0.77944
19.315,0.75407
19.325,0.72845
19.335,0.70261
19.345,0.67673
19.355,0.65079
19.365,0.62481
19.375,0.59891
19.385,0.57284
19.395,0.54658
19.405,0.5203
19.415,0.49414
19.425,0.4679
19.435,0.4416
19.445,0.41563
19.455,0.38978
19.465,0.36397
19.475,0.33815
19.485,0.31249
19.495,0.28701
19.505,0.26176
19.515,0.23671
19.525,0.21184
19.535,0.18723
19.545,0.1631
19.555,0.13949
19.565,0.11615
19.575,0.093051
19.585,0.070315
19.595,0.048063
19.605,0.026204
19.615,0.0047983
19.625,-0.016132
19.635,-0.036536
19.645,-0.056568
19.655,-0.076073
19.665,-0.094936
19.675,-0.11337
19.685,-0.13126
19.695,-0.14865
19.705,-0.16544
19.715,-0.18155
19.725,-0.19708
19.735,-0.21194
19.745,-0.22615
19.754,-0.23976
19.764,-0.2527
19.774,-0.26496
19.784,-0.27652
19.794,-0.28737
19.804,-0.29755
19.814,-0.30706
19.824,-0.31588
19.834,-0.32398
19.844,-0.33137
19.854,-0.33809
19.864,-0.34406
19.874,-0.3493
19.884,-0.35378
19.894,-0.35754
19.904,-0.36055
19.914,-0.36284
19.924,-0.36439
19.934,-0.36521
19.944,-0.36527
19.954,-0.36462
19.964,-0.36324
19.974,-0.36113
19.984,-0.35831
19.994,-0.35479
20.004,-0.35054
20.014,-0.34559
20.024,-0.33991
20.034,-0.33353
20.044,-0.32648
20.054,-0.3187
20.064,-0.31025
20.074,-0.30111
20.084,-0.29137
20.094,-0.281
20.104,-0.26996
20.114,-0.25827
20.124,-0.24598
20.134,-0.2331
20.144,-0.21963
20.154,-0.20562
20.164,-0.19108
20.174,-0.17609
20.184,-0.16055
20.194,-0.14452
20.204,-0.12806
20.214,-0.1111
20.224,-0.093767
20.234,-0.075918
20.244,-0.057642
20.254,-0.039115
20.264,-0.020183
20.274,-0.00080627
20.284,0.018909
20.294,0.038824
20.304,0.058928
20.313,0.079274
20.323,0.099871
20.333,0.12059
20.343,0.14154
20.353,0.16263
20.363,0.18383
20.373,0.20517
20.383,0.22655
20.393,0.24793
20.403,0.26926
20.413,0.29049
20.423,0.3117
20.433,0.33286
20.443,0.35397
20.453,0.37509
20.463,0.39616
20.473,0.41705
20.483,0.43764
20.493,0.45803
20.503,0.47818
20.513,0.49808
20.523,0.51768
20.533,0.53694
20.543,0.55596
20.553,0.57466
20.563,0.59309
20.573,0.61112
20.583,0.6288
20.593,0.6461
20.603,0.66295
20.613,0.67928
20.623,0.69522
20.633,0.71078
20.643,0.72593
20.653,0.74068
20.663,0.75498
20.673,0.76879
20.683,0.78217
20.693,0.79506
20.703,0.80748
20.713,0.81942
20.723,0.83084
20.733,0.84175
20.743,0.85216
20.753,0.86208
20.763,0.87154
20.773,0.88054
20.783,0.88906
20.793,0.89707
20.803,0.90457
20.813,0.91161
20.823,0.91821
20.833,0.92432
20.843,0.93001
20.853,0.93521
20.863,0.93997
20.872,0.94431
20.882,0.94822
20.892,0.95168
20.902,0.95475
20.912,0.95743
20.922,0.95969
20.932,0.96157
20.942,0.96308
20.952,0.96421
20.962,0.96499
20.972,0.96544
20.982,0.96557
20.992,0.96538
21.002,0.96487
21.012,0.96407
21.022,0.96298
21.032,0.96161
21.042,0.96001
21.052,0.95812
21.062,0.95605
21.072,0.95371
21.082,0.95112
21.092,0.94838
21.102,0.94539
21.112,0.94228
21.122,0.93898
21.132,0.93549
21.142,0.93195
21.152,0.92821
21.162,0.92433
21.172,0.92041
21.182,0.91633
21.192,0.91216
21.202,0.90789
21.212,0.9035
21.222,0.89909
21.232,0.89461
21.242,0.89008
21.252,0.88547
21.262,0.88081
21.272,0.87609
21.282,0.87131
21.292,0.86651
21.302,0.86167
21.312,0.8568
21.322,0.85193
21.332,0.84701
21.342,0.84209
21.352,0.83712
21.362,0.83214
21.372,0.82716
21.382,0.82217
21.392,0.81712
21.402,0.81204
21.412,0.80691
21.421,0.80173
21.431,0.79652
21.441,0.79125
21.451,0.78599
21.461,0.78067
21.471,0.7753
21.481,0.76985
21.491,0.76437
21.501,0.75884
21.511,0.75322
21.521,0.74744
21.531,0.74157
21.541,0.73566
21.551,0.72962
21.561,0.72345
21.571,0.71719
21.581,0.7108
21.591,0.7043
21.601,0.69773
21.611,0.69104
21.621,0.68416
21.631,0.67713
21.641,0.66995
21.651,0.66263
21.661,0.65513
21.671,0.64744
21.681,0.63959
21.691,0.63162
21.701,0.62347
21.711,0.61513
21.721,0.60667
21.731,0.59802
21.741,0.58917
21.751,0.58013
21.761,0.57093
21.771,0.56153
21.781,0.55199
21.791,0.54231
21.801,0.53246
21.811,0.52243
21.821,0.51223
21.831,0.50186
21.841,0.49133
21.851,0.48064
21.861,0.46977
21.871,0.45876
21.881,0.44763
21.891,0.43639
21.901,0.42491
21.911,0.41329
21.921,0.40161
21.931,0.38981
21.941,0.3779
21.951,0.36579
21.961,0.35361
21.971,0.3414
21.98,0.32911
21.99,0.31664
22,0.30412
22.01,0.29148
22.02,0.2788
22.03,0.2661
22.04,0.2533
22.05,0.24048
22.06,0.22761
22.07,0.21459
22.08,0.20154
22.09,0.18841
22.1,0.17527
22.11,0.1621
22.12,0.14887
22.13,0.13568
22.14,0.12253
22.15,0.10931
22.16,0.096034
22.17,0.08276
22.18,0.069466
22.19,0.05616
22.2,0.042765
22.21,0.029415
22.22,0.016119
22.23,0.0028134
22.24,-0.01051
22.25,-0.023821
22.26,-0.037083
22.27,-0.050363
22.28,-0.063719
22.29,-0.077064
22.3,-0.090457
22.31,-0.10382
22.32,-0.11722
22.33,-0.13056
22.34,-0.14383
22.35,-0.15703
22.36,-0.1702
22.37,-0.18342
22.38,-0.19666
22.39,-0.20984
22.4,-0.22292
22.41,-0.23595
22.42,-0.24889
22.43,-0.26181
22.44,-0.27476
22.45,-0.28756
22.46,-0.3003
22.47,-0.31293
22.48,-0.32553
22.49,-0.33808
22.5,-0.35055
22.51,-0.36288
22.52,-0.37512
22.53,-0.38729
22.539,-0.39936
22.549,-0.41125
22.559,-0.42301
22.569,-0.43465
22.579,-0.44608
22.589,-0.45736
22.599,-0.46853
22.609,-0.47952
22.619,-0.49032
22.629,-0.50097
22.639,-0.5114
22.649,-0.5217
22.659,-0.53178
22.669,-0.5416
22.679,-0.55122
22.689,-0.56066
22.699,-0.5699
22.709,-0.57891
22.719,-0.58768
22.729,-0.59619
22.739,-0.60453
22.749,-0.61259
22.759,-0.62038
22.769,-0.6279
22.779,-0.63517
22.789,-0.64216
22.799,-0.6489
22.809,-0.65538
22.819,-0.66161
22.829,-0.66757
22.839,-0.6733
22.849,-0.67876
22.859,-0.68397
22.869,-0.68892
22.879,-0.69361
22.889,-0.69804
22.899,-0.70221
22.909,-0.70614
22.919,-0.70984
22.929,-0.71329
22.939,-0.71651
22.949,-0.71948
22.959,-0.72222
22.969,-0.72469
22.979,-0.72695
22.989,-0.72901
22.999,-0.73083
23.009,-0.73243
23.019,-0.73384
23.029,-0.73506
23.039,-0.73608
23.049,-0.73691
23.059,-0.73756
23.069,-0.73804
23.079,-0.73834
23.089,-0.73847
23.098,-0.73844
23.108,-0.73827
23.118,-0.73794
23.128,-0.73748
23.138,-0.73688
23.148,-0.73614
23.158,-0.73528
23.168,-0.7343
23.178,-0.73321
23.188,-0.732
23.198,-0.7307
23.208,-0.72931
23.218,-0.72783
23.228,-0.72626
23.238,-0.72459
23.248,-0.72286
23.258,-0.72104
23.268,-0.71915
23.278,-0.7172
23.288,-0.71519
23.298,-0.71312
23.308,-0.711
23.318,-0.70883
23.328,-0.70661
23.338,-0.70435
23.348,-0.70205
23.358,-0.69969
23.368,-0.69731
23.378,-0.69491
23.388,-0.69248
23.398,-0.69002
23.408,-0.68755
23.418,-0.68506
23.428,-0.68255
23.438,-0.68003
23.448,-0.6775
23.458,-0.67496
23.468,-0.67239
23.478,-0.66982
23.488,-0.66723
23.498,-0.66464
23.508,-0.66206
23.518,-0.65945
23.528,-0.65687
23.538,-0.65429
23.548,-0.6517
23.558,-0.6491
23.568,-0.64649
23.578,-0.64389
23.588,-0.6413
23.598,-0.63872
23.608,-0.63614
23.618,-0.63357
23.628,-0.63097
23.638,-0.62838
23.647,-0.62581
23.657,-0.62322
23.667,-0.62063
23.677,-0.61802
23.687,-0.6154
23.697,-0.61278
23.707,-0.61014
23.717,-0.6075
23.727,-0.60484
23.737,-0.60218
23.747,-0.59951
23.757,-0.59683
23.767,-0.59413
23.777,-0.5914
23.787,-0.58867
23.797,-0.58591
23.807,-0.58314
23.817,-0.58034
23.827,-0.57753
23.837,-0.57469
23.847,-0.57183
23.857,-0.56895
23.867,-0.56605
23.877,-0.56312
23.887,-0.56015
23.897,-0.55713
23.907,-0.55409
23.917,-0.55099
23.927,-0.54787
23.937,-0.54473
23.947,-0.54154
23.957,-0.53832
23.967,-0.53508
23.977,-0.53178
23.987,-0.52844
23.997,-0.52506
24.007,-0.52164
24.017,-0.51817
24.027,-0.51468
24.037,-0.51115
24.047,-0.50754
24.057,-0.50388
24.067,-0.50023
24.077,-0.4965
24.087,-0.49274
24.097,-0.4889
24.107,-0.48498
24.117,-0.48103
24.127,-0.47705
24.137,-0.473
24.147,-0.4689
24.157,-0.46472
24.167,-0.46049
24.177,-0.45621
24.187,-0.4519
24.197,-0.44754
24.206,-0.44312
24.216,-0.43865
24.226,-0.43411
24.236,-0.42949
24.246,-0.42481
24.256,-0.42013
24.266,-0.41534
24.276,-0.41055
24.286,-0.40572
24.296,-0.4008
24.306,-0.39583
24.316,-0.39081
24.326,-0.38575
24.336,-0.3806
24.346,-0.37539
24.356,-0.37015
24.366,-0.36488
24.376,-0.35957
24.386,-0.35424
24.396,-0.3489
24.406,-0.34349
24.416,-0.33805
24.426,-0.33255
24.436,-0.327
24.446,-0.32142
24.456,-0.31581
24.466,-0.31016
24.476,-0.30446
24.486,-0.29877
24.496,-0.29307
24.506,-0.28734
24.516,-0.2816
24.526,-0.27578
24.536,-0.26993
24.546,-0.26407
24.556,-0.25819
24.566,-0.25233
24.576,-0.24647
24.586,-0.24059
24.596,-0.23471
24.606,-0.22882
24.616,-0.22292
24.626,-0.21704
24.636,-0.21116
24.646,-0.20528
24.656,-0.19942
24.666,-0.19354
24.676,-0.18768
24.686,-0.18183
24.696,-0.17597
24.706,-0.17015
24.716,-0.1643
24.726,-0.15848
24.736,-0.15267
24.746,-0.14687
24.756,-0.14107
24.765,-0.13528
24.775,-0.1295
24.785,-0.12378
24.795,-0.11807
24.805,-0.11235
24.815,-0.10668
24.825,-0.10106
24.835,-0.095456
24.845,-0.089873
24.855,-0.08428
24.865,-0.078731
24.875,-0.073205
24.885,-0.067716
24.895,-0.062277
24.905,-0.056823
24.915,-0.05144
24.925,-0.0461
24.935,-0.040779
24.945,-0.0355
24.955,-0.030253
24.965,-0.025044
24.975,-0.019857
24.985,-0.014729
24.995,-0.0096535
25.005,-0.0046177
25.015,0.00035358
25.025,0.0052597
25.035,0.010122
25.045,0.014921
25.055,0.019683
25.065,0.024378
25.075,0.028995
25.085,0.033561
25.095,0.038068
25.105,0.042481
25.115,0.046844
25.125,0.051104
25.135,0.055301
25.145,0.059428
25.155,0.063465
25.165,0.067418
25.175,0.071305
25.185,0.075115
25.195,0.078841
25.205,0.082486
25.215,0.086023
25.225,0.089488
25.235,0.092857
25.245,0.096118
25.255,0.099297
25.265,0.10236
25.275,0.10534
25.285,0.10821
25.295,0.11099
25.305,0.11369
25.315,0.11629
25.324,0.11879
25.334,0.1212
25.344,0.12351
25.354,0.12572
25.364,0.12783
25.374,0.12984
25.384,0.13176
25.394,0.13358
25.404,0.13531
25.414,0.13695
25.424,0.13849
25.434,0.13995
25.444,0.14131
25.454,0.14258
25.464,0.14375
25.474,0.14484
25.484,0.14585
25.494,0.14676
25.504,0.1476
25.514,0.14836
25.524,0.14905
25.534,0.14967
25.544,0.15023
25.554,0.15071
25.564,0.15112
25.574,0.15146
25.584,0.15174
25.594,0.15197
25.604,0.15213
25.614,0.15224
25.624,0.1523
25.634,0.15232
25.644,0.15228
25.654,0.1522
25.664,0.15208
25.674,0.15193
25.684,0.15173
25.694,0.1515
25.704,0.15123
25.714,0.15093
25.724,0.15062
25.734,0.15027
25.744,0.1499
25.754,0.14952
25.764,0.14911
25.774,0.14869
25.784,0.14826
25.794,0.14781
25.804,0.14735
25.814,0.14688
25.824,0.14641
25.834,0.14593
25.844,0.14543
25.854,0.14494
25.864,0.14444
25.873,0.14394
25.883,0.14344
25.893,0.14293
25.903,0.14243
25.913,0.14192
25.923,0.14139
25.933,0.14086
25.943,0.14034
25.953,0.1398
25.963,0.13925
25.973,0.1387
25.983,0.13814
25.993,0.13757
26.003,0.13698
26.013,0.13639
26.023,0.13578
26.033,0.13516
26.043,0.13452
26.053,0.13388
26.063,0.13322
26.073,0.13254
26.083,0.13184
26.093,0.13113
26.103,0.13038
26.113,0.12962
26.123,0.12883
26.133,0.128
26.143,0.12715
26.153,0.12627
26.163,0.12535
26.173,0.12441
26.183,0.12343
26.193,0.12242
26.203,0.12137
26.213,0.12029
26.223,0.11916
26.233,0.118
26.243,0.1168
26.253,0.11555
26.263,0.11425
26.273,0.11291
26.283,0.11152
26.293,0.1101
26.303,0.10864
26.313,0.10712
26.323,0.10557
26.333,0.10395
26.343,0.1023
26.353,0.10061
26.363,0.098879
26.373,0.097107
26.383,0.095285
26.393,0.093408
26.403,0.091492
26.413,0.089524
26.423,0.08751
26.432,0.085471
26.442,0.083401
26.452,0.081279
26.462,0.079115
26.472,0.076921
26.482,0.074689
26.492,0.072406
26.502,0.070073
26.512,0.067731
26.522,0.065357
26.532,0.062958
26.542,0.060536
26.552,0.058082
26.562,0.055596
26.572,0.053087
26.582,0.050545
26.592,0.047981
26.602,0.045383
26.612,0.04277
26.622,0.040152
26.632,0.037512
26.642,0.034873
26.652,0.032234
26.662,0.029604
26.672,0.026955
26.682,0.024297
26.692,0.021638
26.702,0.018981
26.712,0.016319
26.722,0.013671
26.732,0.011037
26.742,0.0083895
26.752,0.0057573
26.762,0.0031491
26.772,0.00056356
26.782,-0.0020225
26.792,-0.0045905
26.802,-0.0071466
26.812,-0.0096744
26.822,-0.012186
26.832,-0.014679
26.842,-0.017164
26.852,-0.019613
26.862,-0.02202
26.872,-0.024392
26.882,-0.02674
26.892,-0.029071
26.902,-0.031371
26.912,-0.033649
26.922,-0.035902
26.932,-0.038124
26.942,-0.040301
26.952,-0.042456
26.962,-0.04459
26.972,-0.04667
26.982,-0.04872
26.991,-0.050748
27.001,-0.052753
27.011,-0.054732
27.021,-0.056676
27.031,-0.058602
27.041,-0.060492
27.051,-0.062355
27.061,-0.064201
27.071,-0.066013
27.081,-0.067795
27.091,-0.069551
27.101,-0.071295
27.111,-0.07302
27.121,-0.074717
27.131,-0.076403
27.141,-0.078076
27.151,-0.079735
27.161,-0.081369
27.171,-0.082987
27.181,-0.084598
27.191,-0.086199
27.201,-0.087791
27.211,-0.089391
27.221,-0.090974
27.231,-0.092545
27.241,-0.094112
27.251,-0.095663
27.261,-0.097211
27.271,-0.098756
27.281,-0.10029
27.291,-0.10182
27.301,-0.10335
27.311,-0.10488
27.321,-0.10642
27.331,-0.10796
27.341,-0.1095
27.351,-0.11104
27.361,-0.11259
27.371,-0.11414
27.381,-0.1157
27.391,-0.11725
27.401,-0.11882
27.411,-0.12037
27.421,-0.12192
27.431,-0.12347
27.441,-0.12502
27.451,-0.12657
27.461,-0.1281
27.471,-0.12964
27.481,-0.13118
27.491,-0.13271
27.501,-0.13422
27.511,-0.13571
27.521,-0.13719
27.531,-0.13866
27.54,-0.1401
27.55,-0.14153
27.56,-0.14295
27.57,-0.14435
27.58,-0.14573
27.59,-0.14709
27.6,-0.14842
27.61,-0.14973
27.62,-0.151
27.63,-0.15223
27.64,-0.15342
27.65,-0.15457
27.66,-0.15568
27.67,-0.15673
27.68,-0.15775
27.69,-0.15871
27.7,-0.15963
27.71,-0.16049
27.72,-0.1613
27.73,-0.16205
27.74,-0.16275
27.75,-0.16339
27.76,-0.16397
27.77,-0.16449
27.78,-0.16494
27.79,-0.16534
27.8,-0.16567
27.81,-0.16593
27.82,-0.16611
27.83,-0.16623
27.84,-0.1663
27.85,-0.16629
27.86,-0.16622
27.87,-0.16607
27.88,-0.16586
27.89,-0.16558
27.9,-0.16523
27.91,-0.16481
27.92,-0.16432
27.93,-0.16377
27.94,-0.16315
27.95,-0.16247
27.96,-0.16172
27.97,-0.16091
27.98,-0.16004
27.99,-0.15911
28,-0.15812
28.01,-0.15708
28.02,-0.15598
28.03,-0.15483
28.04,-0.15365
28.05,-0.15241
28.06,-0.15113
28.07,-0.1498
28.08,-0.14843
28.09,-0.14702
28.099,-0.14556
28.109,-0.14408
28.119,-0.14256
28.129,-0.141
28.139,-0.1394
28.149,-0.13778
28.159,-0.13614
28.169,-0.13447
28.179,-0.13277
28.189,-0.13106
28.199,-0.12933
28.209,-0.12759
28.219,-0.12585
28.229,-0.1241
28.239,-0.12233
28.249,-0.12057
28.259,-0.11881
28.269,-0.11704
28.279,-0.11529
28.289,-0.11353
28.299,-0.11177
28.309,-0.11002
28.319,-0.10829
28.329,-0.10655
28.339,-0.10483
28.349,-0.1031
28.359,-0.10139
28.369,-0.099695
28.379,-0.098021
28.389,-0.09635
28.399,-0.094684
28.409,-0.093039
28.419,-0.091405
28.429,-0.089786
28.439,-0.088184
28.449,-0.086599
28.459,-0.085022
28.469,-0.083463
28.479,-0.081922
28.489,-0.080417
28.499,-0.078925
28.509,-0.077443
28.519,-0.075982
28.529,-0.074538
28.539,-0.073105
28.549,-0.071698
28.559,-0.070302
28.569,-0.068923
28.579,-0.067571
28.589,-0.066225
28.599,-0.064889
28.609,-0.063575
28.619,-0.062273
28.629,-0.060984
28.639,-0.059701
28.649,-0.058421
28.658,-0.057157
28.668,-0.055908
28.678,-0.054668
28.688,-0.053437
28.698,-0.052219
28.708,-0.051014
28.718,-0.049819
28.728,-0.048634
28.738,-0.047459
28.748,-0.04629
28.758,-0.045134
28.768,-0.043996
28.778,-0.042865
28.788,-0.041735
28.798,-0.040607
28.808,-0.039497
28.818,-0.038389
28.828,-0.037294
28.838,-0.036211
28.848,-0.035129
28.858,-0.034059
28.868,-0.032993
28.878,-0.031936
28.888,-0.030891
28.898,-0.029853
28.908,-0.028823
28.918,-0.027803
28.928,-0.026799
28.938,-0.025802
28.948,-0.024826
28.958,-0.023852
28.968,-0.02289
28.978,-0.021941
28.988,-0.021012
28.998,-0.020097
29.008,-0.019194
29.018,-0.018307
29.028,-0.01744
29.038,-0.01658
29.048,-0.015735
29.058,-0.014914
29.068,-0.014105
29.078,-0.013325
29.088,-0.012576
29.098,-0.011851
29.108,-0.011149
29.118,-0.010467
29.128,-0.0098051
29.138,-0.0091701
29.148,-0.00856
29.158,-0.0079723
29.168,-0.0074036
29.178,-0.0068503
29.188,-0.0063328
29.198,-0.0058391
29.208,-0.0053608
29.217,-0.0049097
29.227,-0.0044857
29.237,-0.0040868
29.247,-0.0037066
29.257,-0.003346
29.267,-0.0030134
29.277,-0.00271
29.287,-0.0024294
29.297,-0.0021688
29.307,-0.0019284
29.317,-0.0017045
29.327,-0.0015064
29.337,-0.0013356
29.347,-0.0011859
29.357,-0.0010506
29.367,-0.00093648
29.377,-0.00084144
29.387,-0.0007655
29.397,-0.00069683
29.407,-0.00063854
29.417,-0.00059664
29.427,-0.00057383
29.437,-0.00056878
29.447,-0.0005632
29.457,-0.00056433
29.467,-0.00057613
29.477,-0.00059511
29.487,-0.00061256
29.497,-0.00063211
29.507,-0.00064567
29.517,-0.00065812
29.527,-0.00066498
29.537,-0.00066129
29.547,-0.00064911
29.557,-0.00062442
29.567,-0.00059052
29.577,-0.00053453
29.587,-0.00045785
29.597,-0.00035569
29.607,-0.00023656
29.617,-9.6599e-005
29.627,6.8307e-005
29.637,0.00025343
29.647,0.0004734
29.657,0.00072996
29.667,0.001022
29.677,0.0013447
29.687,0.0017046
29.697,0.0021023
29.707,0.0025452
29.717,0.003038
29.727,0.0035776
29.737,0.0041592
29.747,0.0047795
29.757,0.0054473
29.766,0.0061595
29.776,0.0069305
29.786,0.0077564
29.796,0.0086319
29.806,0.0095592
29.816,0.010535
29.826,0.011559
29.836,0.012634
29.846,0.013765
29.856,0.014941
29.866,0.016171
29.876,0.017448
29.886,0.018777
29.896,0.020152
29.906,0.021567
29.916,0.023024
29.926,0.024537
29.936,0.026079
29.946,0.027664
29.956,0.029276
29.966,0.030922
29.976,0.032613
29.986,0.034333
29.996,0.036079
30.006,0.037855
30.016,0.039641
30.026,0.04145
30.036,0.043277
30.046,0.045104
30.056,0.04693
30.066,0.048746
30.076,0.050561
30.086,0.052374
30.096,0.054164
30.106,0.055944
30.116,0.057719
30.126,0.059463
30.136,0.061179
30.146,0.062873
30.156,0.064537
30.166,0.066158
30.176,0.06774
30.186,0.069289
30.196,0.070801
30.206,0.072257
30.216,0.073661
30.226,0.075014
30.236,0.076313
30.246,0.077564
30.256,0.078757
30.266,0.079888
30.276,0.080961
30.286,0.081977
30.296,0.082927
30.306,0.083817
30.316,0.084652
30.325,0.085419
30.335,0.086132
30.345,0.08679
30.355,0.087384
30.365,0.087921
30.375,0.088396
30.385,0.08881
30.395,0.089173
30.405,0.08948
30.415,0.089739
30.425,0.089949
30.435,0.090112
30.445,0.090233
30.455,0.090311
30.465,0.090356
30.475,0.090364
30.485,0.090338
30.495,0.09028
30.505,0.090192
30.515,0.090068
30.525,0.089915
30.535,0.089751
30.545,0.089561
30.555,0.08935
30.565,0.089132
30.575,0.088902
30.585,0.088655
30.595,0.088399
30.605,0.088137
30.615,0.087865
30.625,0.08759
30.635,0.087318
30.645,0.087045
30.655,0.086771
30.665,0.086498
30.675,0.086228
30.685,0.085952
30.695,0.08567
30.705,0.085399
30.715,0.085128
30.725,0.084862
30.735,0.084594
30.745,0.084324
30.755,0.084056
30.765,0.083788
30.775,0.083514
30.785,0.083234
30.795,0.082947
30.805,0.082656
30.815,0.082355
30.825,0.082048
30.835,0.081722
30.845,0.081391
30.855,0.081044
30.865,0.08067
30.875,0.080273
30.884,0.079852
30.894,0.079404
30.904,0.078926
30.914,0.078423
30.924,0.07788
30.934,0.077299
30.944,0.076687
30.954,0.076048
30.964,0.07537
30.974,0.074651
30.984,0.073887
30.994,0.073081
31.004,0.072229
31.014,0.071336
31.024,0.070404
31.034,0.069427
31.044,0.068405
31.054,0.067335
31.064,0.066222
31.074,0.06507
31.084,0.06386
31.094,0.0626
31.104,0.06131
31.114,0.059991
31.124,0.058641
31.134,0.057256
31.144,0.055828
31.154,0.054359
31.164,0.052852
31.174,0.051316
31.184,0.049752
31.194,0.048152
31.204,0.046526
31.214,0.044907
31.224,0.043262
31.234,0.041596
31.244,0.039917
31.254,0.038231
31.264,0.036533
31.274,0.03483
31.284,0.033124
31.294,0.03143
31.304,0.029752
31.314,0.028095
31.324,0.02645
31.334,0.024824
31.344,0.023211
31.354,0.021611
31.364,0.020038
31.374,0.018477
31.384,0.016934
31.394,0.015424
31.404,0.013958
31.414,0.012533
31.424,0.011138
31.434,0.0097861
31.443,0.0084762
31.453,0.0072031
31.463,0.0059792
31.473,0.0048049
31.483,0.0036772
31.493,0.0025993
31.503,0.0015775
31.513,0.00061731
31.523,-0.00028944
31.533,-0.0011476
31.543,-0.0019547
31.553,-0.0027073
31.563,-0.0034159
31.573,-0.0040732
31.583,-0.004675
31.593,-0.0052223
31.603,-0.0057184
31.613,-0.0061629
31.623,-0.0065494
31.633,-0.0068883
31.643,-0.0071766
31.653,-0.0074118
31.663,-0.0076056
31.673,-0.0077484
31.683,-0.0078524
31.693,-0.0079108
31.703,-0.0079301
31.713,-0.0079069
31.723,-0.0078531
31.733,-0.0077652
31.743,-0.0076393
31.753,-0.0074838
31.763,-0.0073039
31.773,-0.0070959
31.783,-0.0068572
31.793,-0.0065881
31.803,-0.0062916
31.813,-0.0059791
31.823,-0.0056505
31.833,-0.0053034
31.843,-0.0049393
31.853,-0.0045625
31.863,-0.0041807
31.873,-0.0037916
31.883,-0.0033898
31.893,-0.0029937
31.903,-0.0025971
31.913,-0.0021928
31.923,-0.0017886
31.933,-0.0013885
31.943,-0.0010056
31.953,-0.00063162
31.963,-0.00026272
31.973,9.1034e-005
31.983,0.00042416
31.992,0.00074754
32.002,0.0010549
32.012,0.0013486
32.022,0.0016199
32.032,0.0018761
32.042,0.0021172
32.052,0.0023442
32.062,0.0025519
32.072,0.0027374
32.082,0.0028983
32.092,0.0030402
32.102,0.00316
32.112,0.0032595
32.122,0.0033468
32.132,0.0034162
32.142,0.0034703
32.152,0.0035111
32.162,0.0035392
32.172,0.003554
32.182,0.0035616
32.192,0.0035581
32.202,0.0035386
32.212,0.0035131
32.222,0.0034811
32.232,0.0034368
32.242,0.0033944
32.252,0.0033488
32.262,0.0033137
32.272,0.0032775
32.282,0.0032466
32.292,0.0032223
32.302,0.0032005
32.312,0.0031962
32.322,0.0031976
32.332,0.0032077
32.342,0.0032355
32.352,0.003277
32.362,0.0033355
32.372,0.0034138
32.382,0.0035112
32.392,0.0036282
32.402,0.0037762
32.412,0.0039398
32.422,0.0041214
32.432,0.0043243
32.442,0.0045467
32.452,0.0047864
32.462,0.0050444
32.472,0.0053224
32.482,0.0056133
32.492,0.0059223
32.502,0.00625
32.512,0.0065892
32.522,0.0069348
32.532,0.0073014
32.542,0.0076764
32.551,0.0080636
32.561,0.0084625
32.571,0.0088564
32.581,0.0092551
32.591,0.0096495
32.601,0.010037
32.611,0.010415
32.621,0.010792
32.631,0.01117
32.641,0.011533
32.651,0.011873
32.661,0.012195
32.671,0.012494
32.681,0.01277
32.691,0.013025
32.701,0.013252
32.711,0.013449
32.721,0.013614
32.731,0.013752
32.741,0.013854
32.751,0.013925
32.761,0.013964
32.771,0.013961
32.781,0.013911
32.791,0.01382
32.801,0.013691
32.811,0.013518
32.821,0.013299
32.831,0.013039
32.841,0.012746
32.851,0.012406
32.861,0.012017
32.871,0.011598
32.881,0.011129
32.891,0.010623
32.901,0.01008
32.911,0.0094984
32.921,0.0088815
32.931,0.0082239
32.941,0.0075432
32.951,0.006843
32.961,0.006122
32.971,0.0053776
32.981,0.0046177
32.991,0.003838
33.001,0.0030425
33.011,0.0022313
33.021,0.0014104
33.031,0.00057778
33.041,-0.00026055
33.051,-0.001092
33.061,-0.0019142
33.071,-0.0027326
33.081,-0.0035451
33.091,-0.0043531
33.101,-0.0051403
33.11,-0.0059087
33.12,-0.0066581
33.13,-0.0073865
33.14,-0.0080942
33.15,-0.0087872
33.16,-0.0094547
33.17,-0.010093
33.18,-0.01071
33.19,-0.011281
33.2,-0.011814
33.21,-0.012305
33.22,-0.012757
33.23,-0.013167
33.24,-0.013541
33.25,-0.013872
33.26,-0.014152
33.27,-0.014393
33.28,-0.01459
33.29,-0.014734
33.3,-0.014832
33.31,-0.014881
33.32,-0.014884
33.33,-0.014825
33.34,-0.014715
33.35,-0.014564
33.36,-0.014365
33.37,-0.014114
33.38,-0.01381
33.39,-0.013458
33.4,-0.013064
33.41,-0.012623
33.42,-0.012139
33.43,-0.0116
33.44,-0.011006
33.45,-0.010368
33.46,-0.0096866
33.47,-0.0089605
33.48,-0.0081926
33.49,-0.0073869
33.5,-0.0065401
33.51,-0.0056512
33.52,-0.0047201
33.53,-0.0037491
33.54,-0.0027421
33.55,-0.0017107
33.56,-0.00065212
33.57,0.00042687
33.58,0.0015294
33.59,0.0026539
33.6,0.0037891
33.61,0.0049358
33.62,0.0061042
33.63,0.007274
33.64,0.0084468
33.65,0.0096184
33.66,0.010797
33.669,0.011958
33.679,0.013117
33.689,0.014276
33.699,0.015429
33.709,0.016574
33.719,0.017709
33.729,0.018821
33.739,0.019924
33.749,0.020993
33.759,0.022048
33.769,0.023068
33.779,0.024053
33.789,0.025003
33.799,0.025932
33.809,0.02682
33.819,0.027676
33.829,0.028497
33.839,0.029292
33.849,0.03004
33.859,0.03075
33.869,0.031427
33.879,0.032074
33.889,0.032673
33.899,0.033221
33.909,0.033734
33.919,0.034212
33.929,0.034654
33.939,0.035056
33.949,0.035425
33.959,0.035768
33.969,0.036072
33.979,0.036356
33.989,0.036609
33.999,0.036842
34.009,0.037056
34.019,0.03725
34.029,0.037428
34.039,0.037587
34.049,0.037735
34.059,0.037879
34.069,0.038017
34.079,0.038148
34.089,0.038277
34.099,0.038416
34.109,0.038551
34.119,0.038698
34.129,0.038855
34.139,0.039029
34.149,0.03921
34.159,0.039396
34.169,0.039601
34.179,0.039824
34.189,0.040064
34.199,0.040317
34.209,0.040583
34.218,0.04087
34.228,0.041172
34.238,0.041486
34.248,0.041811
34.258,0.042149
34.268,0.042488
34.278,0.042831
34.288,0.043176
34.298,0.043527
34.308,0.043889
34.318,0.044254
34.328,0.044623
34.338,0.044998
34.348,0.045373
34.358,0.045739
34.368,0.046095
34.378,0.046432
34.388,0.04675
34.398,0.047052
34.408,0.047325
34.418,0.04757
34.428,0.047787
34.438,0.047975
34.448,0.048129
34.458,0.048248
34.468,0.04833
34.478,0.048365
34.488,0.048344
34.498,0.048282
34.508,0.04817
34.518,0.048002
34.528,0.047778
34.538,0.047487
34.548,0.047133
34.558,0.046719
34.568,0.046249
34.578,0.045725
34.588,0.045144
34.598,0.044501
34.608,0.043798
34.618,0.043028
34.628,0.0422
34.638,0.041323
34.648,0.040381
34.658,0.039372
34.668,0.038308
34.678,0.037195
34.688,0.036028
34.698,0.034813
34.708,0.033562
34.718,0.032269
34.728,0.030935
34.738,0.029564
34.748,0.028158
34.758,0.026744
34.768,0.025306
34.777,0.023861
34.787,0.022416
34.797,0.020955
34.807,0.019485
34.817,0.018017
34.827,0.016546
34.837,0.015094
34.847,0.013648
34.857,0.012233
34.867,0.010835
34.877,0.0094666
34.887,0.0081392
34.897,0.0068438
34.907,0.0055878
34.917,0.0043708
34.927,0.0031955
34.937,0.0020697
34.947,0.00099634
34.957,-7.0386e-006
34.967,-0.00094957
34.977,-0.0018331
34.987,-0.0026482
34.997,-0.0034039
35.007,-0.0040945
35.017,-0.0047176
35.027,-0.0052642
35.037,-0.0057408
35.047,-0.0061452
35.057,-0.006474
35.067,-0.006735
35.077,-0.0069195
35.087,-0.0070272
35.097,-0.0070667
35.107,-0.0070358
35.117,-0.0069261
35.127,-0.0067392
35.137,-0.006489
35.147,-0.0061683
35.157,-0.0057686
35.167,-0.0053043
35.177,-0.0047759
35.187,-0.0041811
35.197,-0.0035264
35.207,-0.0028059
35.217,-0.0020226
35.227,-0.0011992
35.237,-0.0003134
35.247,0.00062095
35.257,0.0016059
35.267,0.0026272
35.277,0.0036822
35.287,0.0047757
35.297,0.0059054
35.307,0.0070596
35.317,0.0082378
35.327,0.0094338
35.336,0.010651
35.346,0.011879
35.356,0.013139
35.366,0.014402
35.376,0.015662
35.386,0.016931
35.396,0.018206
35.406,0.019485
35.416,0.020759
35.426,0.022028
35.436,0.023299
35.446,0.024553
35.456,0.025771
35.466,0.026962
35.476,0.028138
35.486,0.029293
35.496,0.03042
35.506,0.031528
35.516,0.032599
35.526,0.033646
35.536,0.034661
35.546,0.035648
35.556,0.0366
35.566,0.037516
35.576,0.038393
35.586,0.03924
35.596,0.040052
35.606,0.04084
35.616,0.041594
35.626,0.042321
35.636,0.043009
35.646,0.043661
35.656,0.044269
35.666,0.044839
35.676,0.04538
35.686,0.045886
35.696,0.046352
35.706,0.046791
35.716,0.047197
35.726,0.047577
35.736,0.04794
35.746,0.04828
35.756,0.048592
35.766,0.048883
35.776,0.049158
35.786,0.049417
35.796,0.049663
35.806,0.04989
35.816,0.050108
35.826,0.050312
35.836,0.050502
35.846,0.050691
35.856,0.050876
35.866,0.051052
35.876,0.051228
35.886,0.051402
35.895,0.051572
35.905,0.051742
35.915,0.051909
35.925,0.052083
35.935,0.052265
35.945,0.05245
35.955,0.052639
35.965,0.052829
35.975,0.053024
35.985,0.053221
35.995,0.053423
36.005,0.053631
36.015,0.053843
36.025,0.054062
36.035,0.054285
36.045,0.054507
36.055,0.054736
36.065,0.054976
36.075,0.055215
36.085,0.055444
36.095,0.055668
36.105,0.055882
36.115,0.05609
36.125,0.056297
36.135,0.056505
36.145,0.056699
36.155,0.056875
36.165,0.057039
36.175,0.057185
36.185,0.057319
36.195,0.057432
36.205,0.057516
36.215,0.057577
36.225,0.057612
36.235,0.057618
36.245,0.057601
36.255,0.057552
36.265,0.057466
36.275,0.057359
36.285,0.057221
36.295,0.057039
36.305,0.056815
36.315,0.056554
36.325,0.056251
36.335,0.055901
36.345,0.05551
36.355,0.05508
36.365,0.0546
36.375,0.054073
36.385,0.053503
36.395,0.052886
36.405,0.052219
36.415,0.051509
36.425,0.050756
36.435,0.049967
36.444,0.04913
36.454,0.048247
36.464,0.047321
36.474,0.046352
36.484,0.045335
36.494,0.044277
36.504,0.043183
36.514,0.042054
36.524,0.040892
36.534,0.039709
36.544,0.038491
36.554,0.037252
36.564,0.035996
36.574,0.034713
36.584,0.033411
36.594,0.032091
36.604,0.030774
36.614,0.029463
36.624,0.028146
36.634,0.026816
36.644,0.025477
36.654,0.024132
36.664,0.022792
36.674,0.021459
36.684,0.020142
36.694,0.018842
36.704,0.017551
36.714,0.016278
36.724,0.015031
36.734,0.013798
36.744,0.012569
36.754,0.011367
36.764,0.010197
36.774,0.0090495
36.784,0.0079198
36.794,0.0068269
36.804,0.0057728
36.814,0.0047464
36.824,0.0037606
36.834,0.0028181
36.844,0.0019292
36.854,0.0010782
36.864,0.00026203
36.874,-0.00050307
36.884,-0.0012255
36.894,-0.0019001
36.904,-0.0025319
36.914,-0.0031186
36.924,-0.0036628
36.934,-0.0041672
36.944,-0.0046149
36.954,-0.0050178
36.964,-0.0053737
36.974,-0.0056863
36.984,-0.0059568
36.994,-0.0061826
37.003,-0.0063634
37.013,-0.0065041
37.023,-0.0065908
37.033,-0.0066397
37.043,-0.0066467
37.053,-0.0066214
37.063,-0.0065504
37.073,-0.0064466
37.083,-0.0063107
37.093,-0.0061354
37.103,-0.0059258
37.113,-0.005685
37.123,-0.0054166
37.133,-0.0051113
37.143,-0.0047763
37.153,-0.0044157
37.163,-0.0040232
37.173,-0.0036036
37.183,-0.0031649
37.193,-0.0027125
37.203,-0.0022475
37.213,-0.0017696
37.223,-0.0012675
37.233,-0.00074829
37.243,-0.00022018
37.253,0.00032981
37.263,0.00089471
37.273,0.0014648
37.283,0.0020468
37.293,0.0026334
37.303,0.0032221
37.313,0.003827
37.323,0.0044342
37.333,0.0050389
37.343,0.0056246
37.353,0.0062087
37.363,0.0067873
37.373,0.0073713
37.383,0.0079524
37.393,0.0085214
37.403,0.0090944
37.413,0.0096541
37.423,0.0102
37.433,0.010734
37.443,0.011256
37.453,0.011774
37.463,0.012285
37.473,0.012781
37.483,0.013251
37.493,0.01371
37.503,0.014161
37.513,0.014608
37.523,0.015033
37.533,0.015437
37.543,0.01583
37.553,0.016208
37.562,0.016576
37.572,0.016936
37.582,0.017285
37.592,0.017628
37.602,0.017967
37.612,0.018294
37.622,0.018612
37.632,0.018938
37.642,0.019261
37.652,0.019578
37.662,0.019895
37.672,0.020203
37.682,0.020509
37.692,0.020811
37.702,0.021119
37.712,0.021439
37.722,0.021752
37.732,0.022074
37.742,0.022398
37.752,0.022728
37.762,0.023055
37.772,0.023393
37.782,0.023729
37.792,0.024063
37.802,0.024411
37.812,0.024759
37.822,0.025107
37.832,0.025456
37.842,0.025817
37.852,0.026174
37.862,0.026524
37.872,0.026884
37.882,0.027245
37.892,0.027609
37.902,0.027967
37.912,0.028309
37.922,0.02864
37.932,0.028973
37.942,0.029303
37.952,0.029626
37.962,0.029935
37.972,0.03022
37.982,0.030496
37.992,0.030744
38.002,0.030974
38.012,0.03117
38.022,0.031347
38.032,0.031505
38.042,0.031625
38.052,0.031709
38.062,0.031763
38.072,0.031789
38.082,0.031775
38.092,0.031731
38.102,0.031654
38.111,0.031529
38.121,0.031359
38.131,0.031153
38.141,0.030903
38.151,0.0306
38.161,0.030254
38.171,0.029856
38.181,0.029413
38.191,0.028931
38.201,0.028409
38.211,0.027837
38.221,0.027227
38.231,0.026582
38.241,0.025895
38.251,0.025156
38.261,0.024385
38.271,0.023573
38.281,0.022714
38.291,0.02181
38.301,0.020879
38.311,0.019927
38.321,0.018955
38.331,0.017963
38.341,0.016948
38.351,0.015913
38.361,0.014861
38.371,0.013794
38.381,0.012706
38.391,0.011607
38.401,0.010513
38.411,0.00941
38.421,0.0083081
38.431,0.0072105
38.441,0.0061125
38.451,0.0050162
38.461,0.0039332
38.471,0.0028423
38.481,0.0017567
38.491,0.00069066
38.501,-0.00036368
38.511,-0.0013904
38.521,-0.0023995
38.531,-0.0033934
38.541,-0.0043679
38.551,-0.0053125
38.561,-0.0062287
38.571,-0.0071139
38.581,-0.0079636
38.591,-0.0087783
38.601,-0.0095681
38.611,-0.010336
38.621,-0.011063
38.631,-0.011747
38.641,-0.012399
38.651,-0.013021
38.661,-0.013608
38.67,-0.014158
38.68,-0.014667
38.69,-0.01514
38.7,-0.015578
38.71,-0.015978
38.72,-0.016338
38.73,-0.016667
38.74,-0.016963
38.75,-0.017213
38.76,-0.017424
38.77,-0.017604
38.78,-0.017763
38.79,-0.017884
38.8,-0.01798
38.81,-0.018051
38.82,-0.01809
38.83,-0.018093
38.84,-0.018073
38.85,-0.018015
38.86,-0.017919
38.87,-0.017795
38.88,-0.01765
38.89,-0.01747
38.9,-0.017269
38.91,-0.01705
38.92,-0.016803
38.93,-0.01654
38.94,-0.016252
38.95,-0.015949
38.96,-0.015617
38.97,-0.015273
38.98,-0.014898
38.99,-0.014491
39,-0.014058
39.01,-0.013611
39.02,-0.013158
39.03,-0.012691
39.04,-0.012203
39.05,-0.011697
39.06,-0.011173
39.07,-0.010634
39.08,-0.010085
39.09,-0.0095213
39.1,-0.0089481
39.11,-0.0083644
39.12,-0.0077796
39.13,-0.0071843
39.14,-0.0065756
39.15,-0.005948
39.16,-0.0053222
39.17,-0.0046805
39.18,-0.0040363
39.19,-0.0033788
39.2,-0.0027217
39.21,-0.0020575
39.22,-0.0013893
39.229,-0.00071077
39.239,-2.6521e-005
39.249,0.00065514
39.259,0.0013464
39.269,0.0020436
39.279,0.0027366
39.289,0.0034298
39.299,0.0041258
39.309,0.0048321
39.319,0.0055371
39.329,0.0062476
39.339,0.0069541
39.349,0.0076602
39.359,0.0083513
39.369,0.0090356
39.379,0.0097053
39.389,0.010375
39.399,0.011043
39.409,0.011699
39.419,0.012343
39.429,0.012986
39.439,0.013604
39.449,0.01421
39.459,0.014811
39.469,0.01539
39.479,0.015957
39.489,0.016515
39.499,0.01706
39.509,0.017589
39.519,0.018092
39.529,0.018572
39.539,0.019027
39.549,0.019461
39.559,0.019873
39.569,0.020266
39.579,0.020628
39.589,0.02096
39.599,0.021268
39.609,0.021555
39.619,0.02181
39.629,0.022039
39.639,0.022235
39.649,0.022401
39.659,0.022527
39.669,0.022621
39.679,0.02268
39.689,0.02271
39.699,0.022707
39.709,0.022671
39.719,0.022599
39.729,0.022496
39.739,0.022359
39.749,0.022189
39.759,0.021983
39.769,0.021742
39.779,0.021465
39.788,0.021163
39.798,0.020836
39.808,0.020477
39.818,0.02009
39.828,0.019673
39.838,0.01923
39.848,0.018761
39.858,0.018263
39.868,0.017734
39.878,0.017172
39.888,0.016594
39.898,0.015999
39.908,0.01538
39.918,0.014746
39.928,0.014089
39.938,0.013428
39.948,0.012748
39.958,0.01206
39.968,0.011354
39.978,0.010632
39.988,0.0099211
39.998,0.0092014
40.008,0.008473
40.018,0.007722
40.028,0.0069802
40.038,0.0062303
40.048,0.0054878
40.058,0.0047473
40.068,0.0039943
40.078,0.00325
40.088,0.0025142
40.098,0.0017853
40.108,0.0010627
40.118,0.00034746
40.128,-0.00035625
40.138,-0.0010419
40.148,-0.0017167
40.158,-0.0023814
40.168,-0.0030319
40.178,-0.0036659
40.188,-0.0042867
40.198,-0.0048887
40.208,-0.0054808
40.218,-0.0060568
40.228,-0.006622
40.238,-0.0071545
40.248,-0.007667
40.258,-0.0081736
40.268,-0.0086563
40.278,-0.0091081
40.288,-0.0095353
40.298,-0.0099456
40.308,-0.010328
40.318,-0.010693
40.328,-0.011032
40.337,-0.011349
40.347,-0.011638
40.357,-0.011908
40.367,-0.012148
40.377,-0.012359
40.387,-0.012548
40.397,-0.012719
40.407,-0.012855
40.417,-0.012965
40.427,-0.013057
40.437,-0.013125
40.447,-0.013161
40.457,-0.01316
40.467,-0.013131
40.477,-0.013076
40.487,-0.013001
40.497,-0.01289
40.507,-0.012761
40.517,-0.012604
40.527,-0.012413
40.537,-0.012188
40.547,-0.011944
40.557,-0.011668
40.567,-0.011369
40.577,-0.011039
40.587,-0.010673
40.597,-0.010282
40.607,-0.0098729
40.617,-0.0094395
40.627,-0.008973
40.637,-0.0084805
40.647,-0.0079628
40.657,-0.0074315
40.667,-0.006877
40.677,-0.0062879
40.687,-0.0056668
40.697,-0.0050341
40.707,-0.0043748
40.717,-0.0036983
40.727,-0.0030064
40.737,-0.0022981
40.747,-0.0015809
40.757,-0.00084787
40.767,-8.433e-005
40.777,0.00070949
40.787,0.0015163
40.797,0.0023208
40.807,0.0031331
40.817,0.0039707
40.827,0.0048184
40.837,0.005666
40.847,0.0065208
40.857,0.0073996
40.867,0.0082785
40.877,0.0091589
40.887,0.010046
40.896,0.010946
40.906,0.011852
40.916,0.012755
40.926,0.01366
40.936,0.014569
40.946,0.015478
40.956,0.016382
40.966,0.01728
40.976,0.018172
40.986,0.019058
40.996,0.019947
41.006,0.020823
41.016,0.021685
41.026,0.022547
41.036,0.023406
41.046,0.024247
41.056,0.025085
41.066,0.025907
41.076,0.026716
41.086,0.027522
41.096,0.028314
41.106,0.029097
41.116,0.029871
41.126,0.03064
41.136,0.031389
41.146,0.032138
41.156,0.032877
41.166,0.03361
41.176,0.034341
41.186,0.035056
41.196,0.035747
41.206,0.036429
41.216,0.037106
41.226,0.037765
41.236,0.038403
41.246,0.039024
41.256,0.039638
41.266,0.04023
41.276,0.040811
41.286,0.041372
41.296,0.041912
41.306,0.04242
41.316,0.042919
41.326,0.043389
41.336,0.043834
41.346,0.044258
41.356,0.044668
41.366,0.045061
41.376,0.045432
41.386,0.045779
41.396,0.046116
41.406,0.046428
41.416,0.04671
41.426,0.046967
41.436,0.047201
41.446,0.047415
41.455,0.047603
41.465,0.047779
41.475,0.047938
41.485,0.048066
41.495,0.048156
41.505,0.04822
41.515,0.048259
41.525,0.048275
41.535,0.048272
41.545,0.048246
41.555,0.048182
41.565,0.048099
41.575,0.047998
41.585,0.047875
41.595,0.047721
41.605,0.047551
41.615,0.047346
41.625,0.047109
41.635,0.046854
41.645,0.046588
41.655,0.046297
41.665,0.045989
41.675,0.045662
41.685,0.045317
41.695,0.044955
41.705,0.044573
41.715,0.04419
41.725,0.043791
41.735,0.043392
41.745,0.042983
41.755,0.042573
41.765,0.042158
41.775,0.041729
41.785,0.041289
41.795,0.040862
41.805,0.040444
41.815,0.040017
41.825,0.039576
41.835,0.039142
41.845,0.038713
41.855,0.038282
41.865,0.037862
41.875,0.037449
41.885,0.03704
41.895,0.036641
41.905,0.036243
41.915,0.035847
41.925,0.035467
41.935,0.035098
41.945,0.034741
41.955,0.034393
41.965,0.034056
41.975,0.03374
41.985,0.033436
41.995,0.033147
42.005,0.032877
42.014,0.032611
42.024,0.032363
42.034,0.032128
42.044,0.031907
42.054,0.031692
42.064,0.031487
42.074,0.0313
42.084,0.031123
42.094,0.030958
42.104,0.03081
42.114,0.030661
42.124,0.030514
42.134,0.030371
42.144,0.030244
42.154,0.030124
42.164,0.030022
42.174,0.029928
42.184,0.029837
42.194,0.029751
42.204,0.029662
42.214,0.029577
42.224,0.029501
42.234,0.029437
42.244,0.029372
42.254,0.029314
42.264,0.029252
42.274,0.029209
42.284,0.029168
42.294,0.029124
42.304,0.029082
42.314,0.029047
42.324,0.02901
42.334,0.028987
42.344,0.02896
42.354,0.028925
42.364,0.028906
42.374,0.028903
42.384,0.028896
42.394,0.028899
42.404,0.02892
42.414,0.028948
42.424,0.028982
42.434,0.029019
42.444,0.029061
42.454,0.029114
42.464,0.029184
42.474,0.029266
42.484,0.029354
42.494,0.029458
42.504,0.029572
42.514,0.029697
42.524,0.029835
42.534,0.029989
42.544,0.030169
42.554,0.030372
42.563,0.030589
42.573,0.030826
42.583,0.031073
42.593,0.031333
42.603,0.031611
42.613,0.031902
42.623,0.032199
42.633,0.032523
42.643,0.032862
42.653,0.0332
42.663,0.033578
42.673,0.033983
42.683,0.034399
42.693,0.03484
42.703,0.035302
42.713,0.035782
42.723,0.036277
42.733,0.036788
42.743,0.037315
42.753,0.037868
42.763,0.038423
42.773,0.038992
42.783,0.039578
42.793,0.040173
42.803,0.040773
42.813,0.041393
42.823,0.042017
42.833,0.042657
42.843,0.043321
42.853,0.043991
42.863,0.044652
42.873,0.045329
42.883,0.046014
42.893,0.046716
42.903,0.047441
42.913,0.048164
42.923,0.048882
42.933,0.049581
42.943,0.050282
42.953,0.050987
42.963,0.051685
42.973,0.052378
42.983,0.053059
42.993,0.053727
43.003,0.054388
43.013,0.055047
43.023,0.05568
43.033,0.056299
43.043,0.056902
43.053,0.057481
43.063,0.058037
43.073,0.058585
43.083,0.059107
43.093,0.059622
43.103,0.060107
43.113,0.060554
43.122,0.060997
43.132,0.061406
43.142,0.061793
43.152,0.06215
43.162,0.062473
43.172,0.062772
43.182,0.063032
43.192,0.063257
43.202,0.063458
43.212,0.063628
43.222,0.063767
43.232,0.063872
43.242,0.06395
43.252,0.063999
43.262,0.064009
43.272,0.063989
43.282,0.06393
43.292,0.063839
43.302,0.063726
43.312,0.063581
43.322,0.063402
43.332,0.063192
43.342,0.062959
43.352,0.062696
43.362,0.062406
43.372,0.062097
43.382,0.061754
43.392,0.061409
43.402,0.061034
43.412,0.060641
43.422,0.060234
43.432,0.059812
43.442,0.059356
43.452,0.058891
43.462,0.058417
43.472,0.05793
43.482,0.057439
43.492,0.056933
43.502,0.056417
43.512,0.0559
43.522,0.055378
43.532,0.054853
43.542,0.054331
43.552,0.053808
43.562,0.053272
43.572,0.052732
43.582,0.052197
43.592,0.051655
43.602,0.051119
43.612,0.050592
43.622,0.05007
43.632,0.049543
43.642,0.049016
43.652,0.048492
43.662,0.047977
43.672,0.047457
43.681,0.046947
43.691,0.046438
43.701,0.04592
43.711,0.045408
43.721,0.044884
43.731,0.044354
43.741,0.043817
43.751,0.04329
43.761,0.042763
43.771,0.042221
43.781,0.041679
43.791,0.04113
43.801,0.040567
43.811,0.039995
43.821,0.039427
43.831,0.038864
43.841,0.038285
43.851,0.037685
43.861,0.037081
43.871,0.036471
43.881,0.035845
43.891,0.035216
43.901,0.03457
43.911,0.033921
43.921,0.033285
43.931,0.032628
43.941,0.031968
43.951,0.031311
43.961,0.030649
43.971,0.02998
43.981,0.029328
43.991,0.028684
44.001,0.028043
44.011,0.027404
44.021,0.026786
44.031,0.026175
44.041,0.025571
44.051,0.024989
44.061,0.024429
44.071,0.023887
44.081,0.023358
44.091,0.02284
44.101,0.022349
44.111,0.021886
44.121,0.021436
44.131,0.021015
44.141,0.020618
44.151,0.020251
44.161,0.019934
44.171,0.019641
44.181,0.019393
44.191,0.01916
44.201,0.01897
44.211,0.018805
44.221,0.018681
44.231,0.018597
44.24,0.018529
44.25,0.018515
44.26,0.01855
44.27,0.018629
44.28,0.018749
44.29,0.018909
44.3,0.019105
44.31,0.019335
44.32,0.019596
44.33,0.019899
44.34,0.020235
44.35,0.0206
44.36,0.020984
44.37,0.021413
44.38,0.021861
44.39,0.022323
44.4,0.022807
44.41,0.023315
44.42,0.023857
44.43,0.024406
44.44,0.024963
44.45,0.025543
44.46,0.026146
44.47,0.026777
44.48,0.027412
44.49,0.028058
44.5,0.028707
44.51,0.029351
44.52,0.029999
44.53,0.030641
44.54,0.031297
44.55,0.03196
44.56,0.032598
44.57,0.033226
44.58,0.03385
44.59,0.034456
44.6,0.035061
44.61,0.035661
44.62,0.036241
44.63,0.0368
44.64,0.037341
44.65,0.037869
44.66,0.038379
44.67,0.038873
44.68,0.039349
44.69,0.039787
44.7,0.040205
44.71,0.04059
44.72,0.040947
44.73,0.041276
44.74,0.04159
44.75,0.041884
44.76,0.042137
44.77,0.042342
44.78,0.042512
44.789,0.042642
44.799,0.042726
44.809,0.042781
44.819,0.042806
44.829,0.042811
44.839,0.04278
44.849,0.042698
44.859,0.042565
44.869,0.042398
44.879,0.042186
44.889,0.041943
44.899,0.041665
44.909,0.041349
44.919,0.040999
44.929,0.040608
44.939,0.040173
44.949,0.039705
44.959,0.039207
44.969,0.03868
44.979,0.038113
44.989,0.03751
44.999,0.036874
45.009,0.036201
45.019,0.035487
45.029,0.034754
45.039,0.034002
45.049,0.033205
45.059,0.032385
45.069,0.031539
45.079,0.030668
45.089,0.029788
45.099,0.028885
45.109,0.027945
45.119,0.026978
45.129,0.025996
45.139,0.025005
45.149,0.024014
45.159,0.023013
45.169,0.022
45.179,0.020981
45.189,0.019938
45.199,0.018891
45.209,0.017852
45.219,0.016793
45.229,0.015734
45.239,0.014663
45.249,0.013599
45.259,0.012527
45.269,0.01145
45.279,0.010393
45.289,0.0093391
45.299,0.0082921
45.309,0.007254
45.319,0.0062166
45.329,0.0051898
45.339,0.0041728
45.348,0.0031781
45.358,0.0022009
45.368,0.0012303
45.378,0.00027854
45.388,-0.00067222
45.398,-0.0016129
45.408,-0.002524
45.418,-0.0034192
45.428,-0.004326
45.438,-0.0052192
45.448,-0.0060816
45.458,-0.0069412
45.468,-0.0078167
45.478,-0.0086636
45.488,-0.0095027
45.498,-0.010345
45.508,-0.011194
45.518,-0.012015
45.528,-0.012845
45.538,-0.013673
45.548,-0.014486
45.558,-0.015283
45.568,-0.016077
45.578,-0.016873
45.588,-0.017651
45.598,-0.01844
45.608,-0.019224
45.618,-0.019998
45.628,-0.020775
45.638,-0.021532
45.648,-0.022284
45.658,-0.02305
45.668,-0.023817
45.678,-0.024557
45.688,-0.0253
45.698,-0.026041
45.708,-0.026781
45.718,-0.027512
45.728,-0.028233
45.738,-0.028956
45.748,-0.029675
45.758,-0.03038
45.768,-0.03107
45.778,-0.03175
45.788,-0.032411
45.798,-0.033078
45.808,-0.033742
45.818,-0.034393
45.828,-0.035014
45.838,-0.03564
45.848,-0.03623
45.858,-0.036783
45.868,-0.03732
45.878,-0.037825
45.888,-0.038312
45.898,-0.038784
45.907,-0.039234
45.917,-0.039654
45.927,-0.040051
45.937,-0.040416
45.947,-0.040759
45.957,-0.041059
45.967,-0.041324
45.977,-0.041552
45.987,-0.041751
45.997,-0.04191
46.007,-0.042033
46.017,-0.042108
46.027,-0.042157
46.037,-0.042166
46.047,-0.042145
46.057,-0.042098
46.067,-0.042
46.077,-0.041867
46.087,-0.041694
46.097,-0.041467
46.107,-0.041198
46.117,-0.040886
46.127,-0.040528
46.137,-0.040135
46.147,-0.039713
46.157,-0.039264
46.167,-0.038764
46.177,-0.038245
46.187,-0.037703
46.197,-0.037142
46.207,-0.03654
46.217,-0.035908
46.227,-0.035252
46.237,-0.034588
46.247,-0.033898
46.257,-0.033199
46.267,-0.032471
46.277,-0.031743
46.287,-0.031004
46.297,-0.030269
46.307,-0.029519
46.317,-0.028777
46.327,-0.028036
46.337,-0.027309
46.347,-0.026597
46.357,-0.02588
46.367,-0.025201
46.377,-0.024539
46.387,-0.023893
46.397,-0.023271
46.407,-0.02268
46.417,-0.022106
46.427,-0.021575
46.437,-0.021063
46.447,-0.020577
46.457,-0.020123
46.466,-0.019699
46.476,-0.01931
46.486,-0.018968
46.496,-0.018677
46.506,-0.018419
46.516,-0.018205
46.526,-0.01804
46.536,-0.017922
46.546,-0.017856
46.556,-0.017838
46.566,-0.017872
46.576,-0.017969
46.586,-0.018114
46.596,-0.018316
46.606,-0.018561
46.616,-0.018847
46.626,-0.019178
46.636,-0.019553
46.646,-0.019977
46.656,-0.02044
46.666,-0.02093
46.676,-0.021451
46.686,-0.022006
46.696,-0.02259
46.706,-0.023208
46.716,-0.023856
46.726,-0.02453
46.736,-0.025243
46.746,-0.025994
46.756,-0.026777
46.766,-0.027569
46.776,-0.028385
46.786,-0.029229
46.796,-0.030062
46.806,-0.030902
46.816,-0.03175
46.826,-0.032586
46.836,-0.033416
46.846,-0.034237
46.856,-0.035083
46.866,-0.035924
46.876,-0.03674
46.886,-0.037532
46.896,-0.038311
46.906,-0.039058
46.916,-0.039811
46.926,-0.04055
46.936,-0.041264
46.946,-0.04197
46.956,-0.042657
46.966,-0.043329
46.976,-0.043967
46.986,-0.044598
46.996,-0.045193
47.006,-0.045762
47.015,-0.046313
47.025,-0.046824
47.035,-0.04733
47.045,-0.047815
47.055,-0.048247
47.065,-0.048669
47.075,-0.049076
47.085,-0.049459
47.095,-0.049832
47.105,-0.05019
47.115,-0.050524
47.125,-0.050868
47.135,-0.051198
47.145,-0.05152
47.155,-0.051843
47.165,-0.052164
47.175,-0.052469
47.185,-0.052784
47.195,-0.053093
47.205,-0.053391
47.215,-0.053708
47.225,-0.054026
47.235,-0.054341
47.245,-0.054671
47.255,-0.055034
47.265,-0.055403
47.275,-0.055785
47.285,-0.056188
47.295,-0.056588
47.305,-0.057025
47.315,-0.057484
47.325,-0.057948
47.335,-0.058448
47.345,-0.058972
47.355,-0.059511
47.365,-0.060084
47.375,-0.06066
47.385,-0.061269
47.395,-0.061881
47.405,-0.062489
47.415,-0.063127
47.425,-0.063771
47.435,-0.064425
47.445,-0.065095
47.455,-0.065769
47.465,-0.06646
47.475,-0.06717
47.485,-0.067899
47.495,-0.068602
47.505,-0.069316
47.515,-0.070042
47.525,-0.070756
47.535,-0.071443
47.545,-0.072132
47.555,-0.072798
47.565,-0.073443
47.574,-0.07407
47.584,-0.074652
47.594,-0.075229
47.604,-0.075788
47.614,-0.076327
47.624,-0.076828
47.634,-0.07731
47.644,-0.077754
47.654,-0.078167
47.664,-0.078544
47.674,-0.078867
47.684,-0.079141
47.694,-0.079349
47.704,-0.079521
47.714,-0.079649
47.724,-0.079731
47.734,-0.079754
47.744,-0.079719
47.754,-0.079632
47.764,-0.079491
47.774,-0.079274
47.784,-0.079029
47.794,-0.078714
47.804,-0.078366
47.814,-0.077962
47.824,-0.077505
47.834,-0.077007
47.844,-0.076471
47.854,-0.075897
47.864,-0.075265
47.874,-0.074542
47.884,-0.073761
47.894,-0.072934
47.904,-0.072067
47.914,-0.07117
47.924,-0.07025
47.934,-0.069315
47.944,-0.068336
47.954,-0.067306
47.964,-0.066222
47.974,-0.065133
47.984,-0.064031
47.994,-0.062936
48.004,-0.061794
48.014,-0.060631
48.024,-0.059428
48.034,-0.058183
48.044,-0.056947
48.054,-0.055719
48.064,-0.054502
48.074,-0.053282
48.084,-0.05205
48.094,-0.050826
48.104,-0.049604
48.114,-0.048372
48.124,-0.047156
48.133,-0.045956
48.143,-0.044781
48.153,-0.043643
48.163,-0.042483
48.173,-0.041344
48.183,-0.040247
48.193,-0.039196
48.203,-0.038139
48.213,-0.03711
48.223,-0.036119
48.233,-0.035154
48.243,-0.034216
48.253,-0.033308
48.263,-0.032416
48.273,-0.031546
48.283,-0.030739
48.293,-0.029981
48.303,-0.029253
48.313,-0.028556
48.323,-0.027887
48.333,-0.027239
48.343,-0.026607
48.353,-0.02599
48.363,-0.025415
48.373,-0.024893
48.383,-0.024401
48.393,-0.023956
48.403,-0.02352
48.413,-0.023154
48.423,-0.022805
48.433,-0.022502
48.443,-0.022228
48.453,-0.021946
48.463,-0.021715
48.473,-0.021475
48.483,-0.02126
48.493,-0.021079
48.503,-0.020919
48.513,-0.020796
48.523,-0.020713
48.533,-0.020644
48.543,-0.020596
48.553,-0.020547
48.563,-0.02055
48.573,-0.020558
48.583,-0.020597
48.593,-0.020647
48.603,-0.020685
48.613,-0.020739
48.623,-0.02084
48.633,-0.020913
48.643,-0.021033
48.653,-0.021155
48.663,-0.02129
48.673,-0.021424
48.682,-0.021573
48.692,-0.021711
48.702,-0.021877
48.712,-0.022046
48.722,-0.022205
48.732,-0.022368
48.742,-0.022529
48.752,-0.022771
48.762,-0.022968
48.772,-0.023213
48.782,-0.02344
48.792,-0.023696
48.802,-0.023947
48.812,-0.024244
48.822,-0.024434
48.832,-0.024686
48.842,-0.024954
48.852,-0.025125
48.862,-0.025376
48.872,-0.025616
48.882,-0.025921
48.892,-0.02619
48.902,-0.026401
48.912,-0.026633
48.922,-0.026833
48.932,-0.027055
48.942,-0.027258
48.952,-0.027475
48.962,-0.027693
48.972,-0.027909
48.982,-0.028049
48.992,-0.028186
49.002,-0.028379
49.012,-0.028495
49.022,-0.028651
49.032,-0.028808
49.042,-0.028924
49.052,-0.029025
49.062,-0.029115
49.072,-0.029187
49.082,-0.029205
49.092,-0.029228
49.102,-0.029227
49.112,-0.029252
49.122,-0.029224
49.132,-0.029187
49.142,-0.029156
49.152,-0.029016
49.162,-0.028858
49.172,-0.028764
49.182,-0.02857
49.192,-0.028223
49.202,-0.028062
49.212,-0.027733
49.222,-0.027309
49.232,-0.027118
49.241,-0.026776
49.251,-0.026472
49.261,-0.025959
49.271,-0.025492
49.281,-0.025164
49.291,-0.024703
49.301,-0.024122
49.311,-0.023558
49.321,-0.022656
49.331,-0.021913
49.341,-0.021106
49.351,-0.020481
49.361,-0.019627
49.371,-0.018982
49.381,-0.018245
49.391,-0.017499
49.401,-0.016654
49.411,-0.015865
49.421,-0.015144
49.431,-0.014256
49.441,-0.01326
49.451,-0.012295
49.461,-0.011153
49.471,-0.010426
49.481,-0.0091131
49.491,-0.0084763
49.501,-0.0076694
49.511,-0.0070025
49.521,-0.0053267
49.531,-0.0048639
49.541,-0.0041053
49.551,-0.003118
49.561,-0.0019773
49.571,-0.0011
49.581,-0.00032296
49.591,0.00090935
49.601,0.001995
49.611,0.0023895
49.621,0.0039519
49.631,0.004777
49.641,0.0059714
49.651,0.0069457
49.661,0.0080551
49.671,0.0090427
49.681,0.010032
49.691,0.010874
49.701,0.011606
49.711,0.013003
49.721,0.01387
49.731,0.014757
49.741,0.015357
49.751,0.01613
49.761,0.016694
49.771,0.017121
49.781,0.017687
49.791,0.018114
49.8,0.018502
49.81,0.019008
49.82,0.019326
49.83,0.019711
49.84,0.020056
49.85,0.020473
49.86,0.02074
49.87,0.021009
49.88,0.02099
49.89,0.020667
49.9,0.017468
