0,-0.0018215
0.0099772,-0.0039769
0.019954,-0.0050024
0.029932,-0.0051683
0.039909,-0.0052504
0.049886,-0.0053273
0.059863,-0.0053964
0.06984,-0.0054265
0.079817,-0.0054832
0.089795,-0.0055416
0.099772,-0.0056377
0.10975,-0.005719
0.11973,-0.005753
0.1297,-0.0057801
0.13968,-0.0058359
0.14966,-0.00592
0.15963,-0.0059908
0.16961,-0.0060347
0.17959,-0.0060648
0.18957,-0.0061071
0.19954,-0.0061566
0.20952,-0.0062272
0.2195,-0.0063072
0.22948,-0.006371
0.23945,-0.0064232
0.24943,-0.0064794
0.25941,-0.0065418
0.26938,-0.0065928
0.27936,-0.0066419
0.28934,-0.0067374
0.29932,-0.00686
0.30929,-0.0069584
0.31927,-0.0070259
0.32925,-0.0071032
0.33922,-0.0071383
0.3492,-0.0071752
0.35918,-0.0072107
0.36916,-0.0072498
0.37913,-0.0072671
0.38911,-0.0073043
0.39909,-0.007391
0.40906,-0.0074803
0.41904,-0.0075325
0.42902,-0.0075599
0.439,-0.0075806
0.44897,-0.0076197
0.45895,-0.0076795
0.46893,-0.00773
0.4789,-0.0078098
0.48888,-0.0078548
0.49886,-0.0079213
0.50884,-0.0079913
0.51881,-0.0080551
0.52879,-0.0081271
0.53877,-0.0081989
0.54874,-0.0082372
0.55872,-0.0082844
0.5687,-0.0083273
0.57868,-0.0083841
0.58865,-0.0083991
0.59863,-0.0084151
0.60861,-0.0084601
0.61859,-0.0085339
0.62856,-0.0085877
0.63854,-0.0086216
0.64852,-0.0086547
0.65849,-0.0086736
0.66847,-0.0087082
0.67845,-0.0087474
0.68843,-0.0088071
0.6984,-0.0088532
0.70838,-0.0089032
0.71836,-0.0089318
0.72833,-0.0089657
0.73831,-0.0090021
0.74829,-0.0090229
0.75827,-0.0090281
0.76824,-0.0090064
0.77822,-0.0090242
0.7882,-0.0090537
0.79817,-0.0090876
0.80815,-0.0091266
0.81813,-0.0091694
0.82811,-0.0092188
0.83808,-0.0092725
0.84806,-0.0092875
0.85804,-0.0093249
0.86801,-0.0093624
0.87799,-0.0093981
0.88797,-0.0094153
0.89795,-0.0094079
0.90792,-0.0094152
0.9179,-0.0094173
0.92788,-0.0094355
0.93785,-0.0094661
0.94783,-0.0094767
0.95781,-0.0094798
0.96779,-0.0094854
0.97776,-0.0094888
0.98774,-0.009503
0.99772,-0.0095105
1.0077,-0.0095332
1.0177,-0.009572
1.0276,-0.0095908
1.0376,-0.0096153
1.0476,-0.0096413
1.0576,-0.0096639
1.0676,-0.009668
1.0775,-0.0096793
1.0875,-0.009666
1.0975,-0.0096606
1.1075,-0.0096607
1.1174,-0.0096504
1.1274,-0.0096436
1.1374,-0.0096643
1.1474,-0.0096765
1.1574,-0.0096642
1.1673,-0.0096415
1.1773,-0.0096692
1.1873,-0.0096921
1.1973,-0.0097115
1.2072,-0.0097345
1.2172,-0.0097424
1.2272,-0.0097589
1.2372,-0.0097883
1.2471,-0.0097867
1.2571,-0.0097896
1.2671,-0.0097835
1.2771,-0.0097614
1.2871,-0.009756
1.297,-0.0097681
1.307,-0.0097674
1.317,-0.0097794
1.327,-0.0097842
1.3369,-0.0097857
1.3469,-0.0097963
1.3569,-0.0097999
1.3669,-0.009808
1.3769,-0.0098007
1.3868,-0.0097866
1.3968,-0.0097755
1.4068,-0.0097621
1.4168,-0.0097434
1.4267,-0.0097657
1.4367,-0.0097665
1.4467,-0.0097498
1.4567,-0.0097388
1.4666,-0.009728
1.4766,-0.0097243
1.4866,-0.0097091
1.4966,-0.009697
1.5066,-0.0096971
1.5165,-0.0096952
1.5265,-0.0096794
1.5365,-0.0096627
1.5465,-0.0096538
1.5564,-0.0096326
1.5664,-0.0096021
1.5764,-0.0095548
1.5864,-0.0095408
1.5963,-0.0095397
1.6063,-0.0095168
1.6163,-0.009493
1.6263,-0.0094764
1.6363,-0.0094682
1.6462,-0.00946
1.6562,-0.0094331
1.6662,-0.00941
1.6762,-0.0094135
1.6861,-0.0093988
1.6961,-0.0093659
1.7061,-0.0093334
1.7161,-0.0093188
1.7261,-0.0093245
1.736,-0.0093249
1.746,-0.0093369
1.756,-0.0093287
1.766,-0.0093146
1.7759,-0.0093016
1.7859,-0.0092758
1.7959,-0.0092548
1.8059,-0.0092212
1.8158,-0.0092008
1.8258,-0.0091956
1.8358,-0.0091849
1.8458,-0.0091684
1.8558,-0.0091426
1.8657,-0.0091123
1.8757,-0.0090868
1.8857,-0.0090719
1.8957,-0.0090651
1.9056,-0.0090358
1.9156,-0.0090175
1.9256,-0.0090146
1.9356,-0.0090154
1.9455,-0.0090079
1.9555,-0.0089991
1.9655,-0.0089851
1.9755,-0.0089689
1.9855,-0.0089514
1.9954,-0.0089342
2.0054,-0.0089088
2.0154,-0.0088859
2.0254,-0.0088574
2.0353,-0.0088338
2.0453,-0.0088063
2.0553,-0.0087638
2.0653,-0.0087351
2.0753,-0.008714
2.0852,-0.008701
2.0952,-0.0086724
2.1052,-0.0086542
2.1152,-0.0086363
2.1251,-0.0085754
2.1351,-0.0085416
2.1451,-0.0085038
2.1551,-0.0084552
2.165,-0.0084079
2.175,-0.0083633
2.185,-0.0083416
2.195,-0.0083063
2.205,-0.0082753
2.2149,-0.0082485
2.2249,-0.0082401
2.2349,-0.0082119
2.2449,-0.0082037
2.2548,-0.008181
2.2648,-0.0081685
2.2748,-0.0081461
2.2848,-0.008117
2.2948,-0.0080893
2.3047,-0.0080656
2.3147,-0.0080272
2.3247,-0.0079717
2.3347,-0.0079156
2.3446,-0.0078727
2.3546,-0.0078274
2.3646,-0.0077773
2.3746,-0.0077371
2.3845,-0.0076958
2.3945,-0.0076503
2.4045,-0.0075993
2.4145,-0.0075516
2.4245,-0.0074904
2.4344,-0.0074185
2.4444,-0.0073418
2.4544,-0.0072678
2.4644,-0.0071921
2.4743,-0.007121
2.4843,-0.0070456
2.4943,-0.0069838
2.5043,-0.00692
2.5142,-0.0068518
2.5242,-0.0067905
2.5342,-0.0067378
2.5442,-0.0066736
2.5542,-0.006604
2.5641,-0.0065267
2.5741,-0.0064484
2.5841,-0.0063991
2.5941,-0.0063631
2.604,-0.006318
2.614,-0.0062682
2.624,-0.0062079
2.634,-0.0061557
2.644,-0.0061108
2.6539,-0.0060595
2.6639,-0.0060122
2.6739,-0.0059645
2.6839,-0.0059191
2.6938,-0.0058671
2.7038,-0.0058312
2.7138,-0.0057814
2.7238,-0.0057318
2.7337,-0.0056743
2.7437,-0.0056185
2.7537,-0.0055522
2.7637,-0.0054999
2.7737,-0.0054361
2.7836,-0.0053702
2.7936,-0.0053068
2.8036,-0.0052827
2.8136,-0.0052458
2.8235,-0.0051982
2.8335,-0.0051498
2.8435,-0.0051106
2.8535,-0.0050634
2.8635,-0.0050097
2.8734,-0.0049588
2.8834,-0.0049072
2.8934,-0.0048601
2.9034,-0.0048176
2.9133,-0.0047903
2.9233,-0.0047425
2.9333,-0.0046884
2.9433,-0.004651
2.9532,-0.004589
2.9632,-0.0045358
2.9732,-0.0045082
2.9832,-0.0044704
2.9932,-0.0044302
3.0031,-0.0043961
3.0131,-0.004364
3.0231,-0.0043242
3.0331,-0.0042913
3.043,-0.004248
3.053,-0.0042048
3.063,-0.0041854
3.073,-0.0041748
3.0829,-0.0041193
3.0929,-0.0041143
3.1029,-0.0040911
3.1129,-0.0040686
3.1229,-0.0040465
3.1328,-0.0040058
3.1428,-0.0039942
3.1528,-0.0039901
3.1628,-0.0039651
3.1727,-0.0039393
3.1827,-0.0039232
3.1927,-0.0039049
3.2027,-0.0039134
3.2127,-0.0039147
3.2226,-0.0039184
3.2326,-0.0039024
3.2426,-0.0039033
3.2526,-0.0039155
3.2625,-0.0039207
3.2725,-0.0039271
3.2825,-0.003939
3.2925,-0.0039554
3.3024,-0.003961
3.3124,-0.003964
3.3224,-0.0039479
3.3324,-0.0039407
3.3424,-0.0039202
3.3523,-0.0038936
3.3623,-0.0038714
3.3723,-0.0038781
3.3823,-0.0038686
3.3922,-0.0038442
3.4022,-0.0038449
3.4122,-0.0038305
3.4222,-0.0038305
3.4321,-0.0038416
3.4421,-0.0038479
3.4521,-0.0038613
3.4621,-0.0038712
3.4721,-0.0038767
3.482,-0.0038913
3.492,-0.0038981
3.502,-0.0039202
3.512,-0.0039242
3.5219,-0.0039281
3.5319,-0.0039244
3.5419,-0.0039136
3.5519,-0.0039108
3.5619,-0.0039301
3.5718,-0.0039319
3.5818,-0.0039375
3.5918,-0.0039439
3.6018,-0.0039439
3.6117,-0.0039575
3.6217,-0.0039637
3.6317,-0.003959
3.6417,-0.003976
3.6516,-0.0039849
3.6616,-0.0039843
3.6716,-0.0040008
3.6816,-0.004016
3.6916,-0.0040285
3.7015,-0.0040313
3.7115,-0.0040591
3.7215,-0.0040766
3.7315,-0.0040965
3.7414,-0.0040853
3.7514,-0.0040894
3.7614,-0.0040886
3.7714,-0.0040928
3.7814,-0.004104
3.7913,-0.0041133
3.8013,-0.004132
3.8113,-0.0041173
3.8213,-0.0041181
3.8312,-0.004103
3.8412,-0.004102
3.8512,-0.0041013
3.8612,-0.0040986
3.8711,-0.0040951
3.8811,-0.0041092
3.8911,-0.0040844
3.9011,-0.0040987
3.9111,-0.0040886
3.921,-0.0040859
3.931,-0.004096
3.941,-0.0040913
3.951,-0.0040784
3.9609,-0.0040532
3.9709,-0.0040215
3.9809,-0.004005
3.9909,-0.0039865
4.0008,-0.0039687
4.0108,-0.0039705
4.0208,-0.0039718
4.0308,-0.0039619
4.0408,-0.0039561
4.0507,-0.0039499
4.0607,-0.003949
4.0707,-0.0039442
4.0807,-0.0039164
4.0906,-0.0039214
4.1006,-0.0038963
4.1106,-0.0038665
4.1206,-0.0038551
4.1306,-0.0038468
4.1405,-0.0038474
4.1505,-0.0038507
4.1605,-0.0038287
4.1705,-0.0037991
4.1804,-0.0037733
4.1904,-0.0037448
4.2004,-0.0037298
4.2104,-0.0037199
4.2203,-0.0036883
4.2303,-0.0036669
4.2403,-0.0036563
4.2503,-0.003637
4.2603,-0.0036181
4.2702,-0.0036029
4.2802,-0.0035911
4.2902,-0.0035805
4.3002,-0.0035526
4.3101,-0.0035324
4.3201,-0.0034966
4.3301,-0.0034561
4.3401,-0.003403
4.35,-0.0033565
4.36,-0.0033304
4.37,-0.0032959
4.38,-0.0032506
4.39,-0.003208
4.3999,-0.0031485
4.4099,-0.0030881
4.4199,-0.0030503
4.4299,-0.0030104
4.4398,-0.0029527
4.4498,-0.0029253
4.4598,-0.0028838
4.4698,-0.0028394
4.4798,-0.0027881
4.4897,-0.0027356
4.4997,-0.0026762
4.5097,-0.0026166
4.5197,-0.0025425
4.5296,-0.0024958
4.5396,-0.0024261
4.5496,-0.0023245
4.5596,-0.002244
4.5695,-0.0021627
4.5795,-0.0020791
4.5895,-0.0020387
4.5995,-0.0019612
4.6095,-0.0019254
4.6194,-0.0018441
4.6294,-0.0017905
4.6394,-0.0017413
4.6494,-0.0016652
4.6593,-0.0016121
4.6693,-0.0015849
4.6793,-0.0014971
4.6893,-0.0014481
4.6993,-0.0013986
4.7092,-0.0013566
4.7192,-0.0012978
4.7292,-0.0012246
4.7392,-0.0011604
4.7491,-0.0010917
4.7591,-0.0010103
4.7691,-0.00091676
4.7791,-0.00083784
4.789,-0.00075461
4.799,-0.00067815
4.809,-0.00060539
4.819,-0.00053286
4.829,-0.00044162
4.8389,-0.00036768
4.8489,-0.00025777
4.8589,-0.00017619
4.8689,-0.00011397
4.8788,-5.1185e-005
4.8888,3.3422e-005
4.8988,0.00012721
4.9088,0.00018791
4.9187,0.00026017
4.9287,0.00034372
4.9387,0.00042943
4.9487,0.00053416
4.9587,0.00062795
4.9686,0.00073772
4.9786,0.0008368
4.9886,0.00094769
4.9986,0.0010649
5.0085,0.0011368
5.0185,0.001234
5.0285,0.0013274
5.0385,0.0014134
5.0485,0.0015033
5.0584,0.0015874
5.0684,0.0016933
5.0784,0.0018127
5.0884,0.0019159
5.0983,0.002005
5.1083,0.0021098
5.1183,0.0022196
5.1283,0.0022999
5.1382,0.0024138
5.1482,0.0024986
5.1582,0.0025673
5.1682,0.0026552
5.1782,0.0027172
5.1881,0.0028084
5.1981,0.0029029
5.2081,0.0029879
5.2181,0.0030708
5.228,0.0031401
5.238,0.0032241
5.248,0.0033119
5.258,0.0033765
5.268,0.0034638
5.2779,0.0035544
5.2879,0.0036497
5.2979,0.0037258
5.3079,0.0038115
5.3178,0.0039031
5.3278,0.0040007
5.3378,0.0040868
5.3478,0.0041717
5.3577,0.0042666
5.3677,0.0043573
5.3777,0.0044485
5.3877,0.0045435
5.3977,0.0046281
5.4076,0.0047075
5.4176,0.0047896
5.4276,0.0048614
5.4376,0.0049356
5.4475,0.0050372
5.4575,0.0051138
5.4675,0.0051908
5.4775,0.0053035
5.4874,0.0054031
5.4974,0.0055152
5.5074,0.0056028
5.5174,0.0056952
5.5274,0.0057869
5.5373,0.0058588
5.5473,0.005951
5.5573,0.006026
5.5673,0.0061249
5.5772,0.0062055
5.5872,0.0062843
5.5972,0.0063471
5.6072,0.0064292
5.6172,0.0065074
5.6271,0.0065822
5.6371,0.0066418
5.6471,0.0067206
5.6571,0.0067819
5.667,0.0068494
5.677,0.0069088
5.687,0.0069582
5.697,0.0070266
5.7069,0.0070938
5.7169,0.0071357
5.7269,0.0072029
5.7369,0.0072682
5.7469,0.007329
5.7568,0.007378
5.7668,0.0074214
5.7768,0.0074828
5.7868,0.0075427
5.7967,0.0075903
5.8067,0.0076326
5.8167,0.0076712
5.8267,0.0077292
5.8366,0.0077674
5.8466,0.0078319
5.8566,0.0078898
5.8666,0.0079372
5.8766,0.0079848
5.8865,0.0080367
5.8965,0.0080801
5.9065,0.0081269
5.9165,0.0081696
5.9264,0.0082089
5.9364,0.0082468
5.9464,0.0082792
5.9564,0.0083104
5.9664,0.0083434
5.9763,0.0083759
5.9863,0.0084046
5.9963,0.0084419
6.0063,0.0084689
6.0162,0.0085106
6.0262,0.0085638
6.0362,0.0086158
6.0462,0.0086727
6.0561,0.0087252
6.0661,0.0087714
6.0761,0.0088168
6.0861,0.0088657
6.0961,0.0089247
6.106,0.0089728
6.116,0.0090227
6.126,0.009065
6.136,0.0091115
6.1459,0.0091605
6.1559,0.0092133
6.1659,0.0092685
6.1759,0.0093239
6.1859,0.0093744
6.1958,0.0094259
6.2058,0.0094811
6.2158,0.0095347
6.2258,0.0095811
6.2357,0.0096214
6.2457,0.0096712
6.2557,0.0097
6.2657,0.0097329
6.2756,0.0097684
6.2856,0.0097945
6.2956,0.0098286
6.3056,0.0098506
6.3156,0.0098645
6.3255,0.0098862
6.3355,0.0099047
6.3455,0.0099441
6.3555,0.0099903
6.3654,0.010021
6.3754,0.010061
6.3854,0.010107
6.3954,0.010141
6.4053,0.010182
6.4153,0.010229
6.4253,0.010274
6.4353,0.010317
6.4453,0.010344
6.4552,0.010373
6.4652,0.010424
6.4752,0.010444
6.4852,0.010487
6.4951,0.0105
6.5051,0.010538
6.5151,0.010578
6.5251,0.010609
6.5351,0.010642
6.545,0.010687
6.555,0.010721
6.565,0.01075
6.575,0.010783
6.5849,0.010827
6.5949,0.010873
6.6049,0.010914
6.6149,0.010959
6.6248,0.011011
6.6348,0.011057
6.6448,0.011105
6.6548,0.011153
6.6648,0.011196
6.6747,0.011251
6.6847,0.011299
6.6947,0.011344
6.7047,0.011394
6.7146,0.011439
6.7246,0.011484
6.7346,0.011526
6.7446,0.011574
6.7545,0.011605
6.7645,0.011632
6.7745,0.011664
6.7845,0.011698
6.7945,0.011737
6.8044,0.01177
6.8144,0.011813
6.8244,0.011853
6.8344,0.011886
6.8443,0.011924
6.8543,0.011962
6.8643,0.01201
6.8743,0.012056
6.8843,0.012103
6.8942,0.012143
6.9042,0.012175
6.9142,0.012208
6.9242,0.012233
6.9341,0.012271
6.9441,0.012316
6.9541,0.012365
6.9641,0.012405
6.974,0.012453
6.984,0.012507
6.994,0.012562
7.004,0.012616
7.014,0.012674
7.0239,0.012728
7.0339,0.012785
7.0439,0.012851
7.0539,0.012911
7.0638,0.012968
7.0738,0.013018
7.0838,0.013059
7.0938,0.013109
7.1038,0.013165
7.1137,0.013215
7.1237,0.01327
7.1337,0.013322
7.1437,0.013383
7.1536,0.013427
7.1636,0.013468
7.1736,0.013516
7.1836,0.013566
7.1935,0.013615
7.2035,0.01367
7.2135,0.013732
7.2235,0.013791
7.2335,0.013849
7.2434,0.013917
7.2534,0.013992
7.2634,0.014068
7.2734,0.014129
7.2833,0.01419
7.2933,0.014262
7.3033,0.014323
7.3133,0.01438
7.3232,0.014437
7.3332,0.014498
7.3432,0.014552
7.3532,0.014604
7.3632,0.014664
7.3731,0.014719
7.3831,0.014772
7.3931,0.014827
7.4031,0.014883
7.413,0.014934
7.423,0.014989
7.433,0.015054
7.443,0.015109
7.453,0.015163
7.4629,0.015228
7.4729,0.015281
7.4829,0.015336
7.4929,0.015396
7.5028,0.015461
7.5128,0.015515
7.5228,0.015577
7.5328,0.015626
7.5427,0.015676
7.5527,0.015727
7.5627,0.015778
7.5727,0.015829
7.5827,0.015868
7.5926,0.015914
7.6026,0.015966
7.6126,0.016027
7.6226,0.016086
7.6325,0.016142
7.6425,0.016206
7.6525,0.016261
7.6625,0.016306
7.6725,0.016357
7.6824,0.016405
7.6924,0.016454
7.7024,0.016506
7.7124,0.016556
7.7223,0.016589
7.7323,0.016638
7.7423,0.016686
7.7523,0.016731
7.7622,0.016773
7.7722,0.016819
7.7822,0.016851
7.7922,0.016884
7.8022,0.016929
7.8121,0.016972
7.8221,0.017013
7.8321,0.017053
7.8421,0.017107
7.852,0.017156
7.862,0.017202
7.872,0.017239
7.882,0.01727
7.8919,0.017305
7.9019,0.017346
7.9119,0.01739
7.9219,0.01744
7.9319,0.017474
7.9418,0.017507
7.9518,0.017548
7.9618,0.017581
7.9718,0.017615
7.9817,0.017651
7.9917,0.017698
8.0017,0.017735
8.0117,0.01777
8.0217,0.017805
8.0316,0.017839
8.0416,0.017869
8.0516,0.017899
8.0616,0.017919
8.0715,0.017931
8.0815,0.017945
8.0915,0.017952
8.1015,0.017973
8.1114,0.017992
8.1214,0.018008
8.1314,0.01803
8.1414,0.018048
8.1514,0.018061
8.1613,0.018076
8.1713,0.018091
8.1813,0.018112
8.1913,0.018152
8.2012,0.018167
8.2112,0.018186
8.2212,0.018213
8.2312,0.018244
8.2411,0.018272
8.2511,0.018304
8.2611,0.018329
8.2711,0.018339
8.2811,0.01835
8.291,0.018361
8.301,0.018362
8.311,0.018369
8.321,0.018377
8.3309,0.018384
8.3409,0.018403
8.3509,0.018426
8.3609,0.018443
8.3709,0.018457
8.3808,0.018465
8.3908,0.018468
8.4008,0.018463
8.4108,0.01846
8.4207,0.018469
8.4307,0.018475
8.4407,0.018482
8.4507,0.018479
8.4606,0.01848
8.4706,0.018485
8.4806,0.01847
8.4906,0.01845
8.5006,0.01844
8.5105,0.018425
8.5205,0.018415
8.5305,0.018403
8.5405,0.018394
8.5504,0.018381
8.5604,0.01837
8.5704,0.018357
8.5804,0.018349
8.5904,0.01833
8.6003,0.018308
8.6103,0.0183
8.6203,0.018301
8.6303,0.018295
8.6402,0.018281
8.6502,0.018271
8.6602,0.018256
8.6702,0.018248
8.6801,0.018237
8.6901,0.018209
8.7001,0.018193
8.7101,0.018183
8.7201,0.018172
8.73,0.018159
8.74,0.018145
8.75,0.018127
8.76,0.018109
8.7699,0.018086
8.7799,0.018068
8.7899,0.018046
8.7999,0.018028
8.8098,0.01801
8.8198,0.018005
8.8298,0.017996
8.8398,0.017975
8.8498,0.01796
8.8597,0.017949
8.8697,0.017932
8.8797,0.017912
8.8897,0.017888
8.8996,0.017862
8.9096,0.01784
8.9196,0.01781
8.9296,0.01778
8.9396,0.017745
8.9495,0.017706
8.9595,0.017677
8.9695,0.017651
8.9795,0.01763
8.9894,0.017611
8.9994,0.017582
9.0094,0.017552
9.0194,0.017526
9.0293,0.017496
9.0393,0.017478
9.0493,0.017462
9.0593,0.017442
9.0693,0.017418
9.0792,0.017404
9.0892,0.017385
9.0992,0.017361
9.1092,0.017333
9.1191,0.017299
9.1291,0.017269
9.1391,0.017243
9.1491,0.017212
9.159,0.017172
9.169,0.017144
9.179,0.017119
9.189,0.017089
9.199,0.017057
9.2089,0.017018
9.2189,0.016978
9.2289,0.016938
9.2389,0.016901
9.2488,0.016868
9.2588,0.016838
9.2688,0.016806
9.2788,0.016774
9.2888,0.016731
9.2987,0.016691
9.3087,0.016645
9.3187,0.016599
9.3287,0.016548
9.3386,0.016492
9.3486,0.016443
9.3586,0.016399
9.3686,0.016349
9.3785,0.016286
9.3885,0.016223
9.3985,0.016165
9.4085,0.016104
9.4185,0.016025
9.4284,0.015944
9.4384,0.015854
9.4484,0.015771
9.4584,0.015684
9.4683,0.015603
9.4783,0.015519
9.4883,0.015436
9.4983,0.015349
9.5083,0.015252
9.5182,0.015158
9.5282,0.015063
9.5382,0.014957
9.5482,0.014856
9.5581,0.014759
9.5681,0.014663
9.5781,0.014561
9.5881,0.014454
9.598,0.014349
9.608,0.014254
9.618,0.014162
9.628,0.014062
9.638,0.013966
9.6479,0.013862
9.6579,0.013754
9.6679,0.013646
9.6779,0.013541
9.6878,0.013434
9.6978,0.013326
9.7078,0.013218
9.7178,0.013118
9.7277,0.013015
9.7377,0.012907
9.7477,0.0128
9.7577,0.01269
9.7677,0.01258
9.7776,0.012473
9.7876,0.012372
9.7976,0.012282
9.8076,0.012193
9.8175,0.0121
9.8275,0.012022
9.8375,0.011942
9.8475,0.011847
9.8575,0.011765
9.8674,0.011686
9.8774,0.011607
9.8874,0.011532
9.8974,0.011456
9.9073,0.011382
9.9173,0.011316
9.9273,0.011246
9.9373,0.011179
9.9472,0.011117
9.9572,0.011063
9.9672,0.01101
9.9772,0.010954
9.9872,0.010895
9.9971,0.010844
10.007,0.010799
10.017,0.010759
10.027,0.01073
10.037,0.010702
10.047,0.010664
10.057,0.010645
10.067,0.010633
10.077,0.010624
10.087,0.010621
10.097,0.010626
10.107,0.01063
10.117,0.010632
10.127,0.010643
10.137,0.010667
10.147,0.010693
10.157,0.010724
10.167,0.010759
10.177,0.010796
10.187,0.010833
10.197,0.010874
10.207,0.010915
10.217,0.010968
10.227,0.011023
10.237,0.011081
10.247,0.011134
10.257,0.011185
10.267,0.011247
10.276,0.011317
10.286,0.011397
10.296,0.011472
10.306,0.011545
10.316,0.011618
10.326,0.011713
10.336,0.011804
10.346,0.01189
10.356,0.011975
10.366,0.012056
10.376,0.012144
10.386,0.012239
10.396,0.01233
10.406,0.012409
10.416,0.012496
10.426,0.012579
10.436,0.012662
10.446,0.012756
10.456,0.012848
10.466,0.012936
10.476,0.013023
10.486,0.013108
10.496,0.013195
10.506,0.013276
10.516,0.01335
10.526,0.013427
10.536,0.013499
10.546,0.013574
10.556,0.013653
10.566,0.013733
10.576,0.013808
10.586,0.013887
10.596,0.013957
10.606,0.014022
10.616,0.01408
10.626,0.014131
10.636,0.014188
10.646,0.014238
10.656,0.014284
10.666,0.014334
10.676,0.014386
10.686,0.014438
10.696,0.014483
10.706,0.014531
10.715,0.01457
10.725,0.014605
10.735,0.014643
10.745,0.014679
10.755,0.014707
10.765,0.014734
10.775,0.014761
10.785,0.014787
10.795,0.014814
10.805,0.014839
10.815,0.014853
10.825,0.014867
10.835,0.014876
10.845,0.014885
10.855,0.014905
10.865,0.014922
10.875,0.014927
10.885,0.014918
10.895,0.014914
10.905,0.014908
10.915,0.014899
10.925,0.014888
10.935,0.014875
10.945,0.01486
10.955,0.014839
10.965,0.014805
10.975,0.014764
10.985,0.014726
10.995,0.014691
11.005,0.014647
11.015,0.014589
11.025,0.014536
11.035,0.01449
11.045,0.014439
11.055,0.014378
11.065,0.01432
11.075,0.014256
11.085,0.014195
11.095,0.014131
11.105,0.014061
11.115,0.013989
11.125,0.013917
11.135,0.013836
11.145,0.013758
11.154,0.013692
11.164,0.013622
11.174,0.013544
11.184,0.013466
11.194,0.013382
11.204,0.013297
11.214,0.013219
11.224,0.013138
11.234,0.013052
11.244,0.012965
11.254,0.012875
11.264,0.012779
11.274,0.012675
11.284,0.012564
11.294,0.012451
11.304,0.012345
11.314,0.012232
11.324,0.012117
11.334,0.012001
11.344,0.011874
11.354,0.011738
11.364,0.0116
11.374,0.01147
11.384,0.011346
11.394,0.011217
11.404,0.01109
11.414,0.010968
11.424,0.010841
11.434,0.010716
11.444,0.010594
11.454,0.010476
11.464,0.010364
11.474,0.010252
11.484,0.010141
11.494,0.010031
11.504,0.0099156
11.514,0.0098084
11.524,0.009692
11.534,0.0095725
11.544,0.0094475
11.554,0.0093283
11.564,0.0092087
11.574,0.0090927
11.584,0.0089739
11.593,0.0088516
11.603,0.0087304
11.613,0.008612
11.623,0.0084953
11.633,0.0083783
11.643,0.0082642
11.653,0.0081516
11.663,0.008045
11.673,0.0079433
11.683,0.0078482
11.693,0.0077474
11.703,0.0076431
11.713,0.0075401
11.723,0.0074481
11.733,0.0073643
11.743,0.0072763
11.753,0.0071853
11.763,0.0071071
11.773,0.0070383
11.783,0.0069731
11.793,0.0069084
11.803,0.0068357
11.813,0.0067681
11.823,0.0066994
11.833,0.0066408
11.843,0.0065811
11.853,0.0065251
11.863,0.0064623
11.873,0.0064007
11.883,0.0063518
11.893,0.0063064
11.903,0.0062604
11.913,0.0062161
11.923,0.006185
11.933,0.0061505
11.943,0.0061102
11.953,0.0060856
11.963,0.0060647
11.973,0.0060377
11.983,0.0060141
11.993,0.005997
12.003,0.0059829
12.013,0.0059705
12.023,0.0059605
12.032,0.0059489
12.042,0.0059375
12.052,0.0059418
12.062,0.0059485
12.072,0.0059556
12.082,0.0059705
12.092,0.0059931
12.102,0.0060197
12.112,0.0060388
12.122,0.0060618
12.132,0.0060942
12.142,0.0061277
12.152,0.0061588
12.162,0.0061938
12.172,0.0062294
12.182,0.0062631
12.192,0.0063077
12.202,0.0063523
12.212,0.0063982
12.222,0.0064339
12.232,0.0064691
12.242,0.0065041
12.252,0.0065417
12.262,0.0065776
12.272,0.0066134
12.282,0.0066469
12.292,0.0066757
12.302,0.006712
12.312,0.0067551
12.322,0.0068032
12.332,0.0068377
12.342,0.0068787
12.352,0.0069246
12.362,0.0069745
12.372,0.007023
12.382,0.0070763
12.392,0.0071291
12.402,0.0071812
12.412,0.0072348
12.422,0.0072859
12.432,0.0073378
12.442,0.0073809
12.452,0.007425
12.461,0.0074798
12.471,0.0075327
12.481,0.0075775
12.491,0.0076232
12.501,0.0076611
12.511,0.0076976
12.521,0.0077349
12.531,0.0077718
12.541,0.0078104
12.551,0.0078491
12.561,0.0078941
12.571,0.0079386
12.581,0.0079815
12.591,0.008025
12.601,0.0080665
12.611,0.0080976
12.621,0.008126
12.631,0.0081565
12.641,0.0081933
12.651,0.0082261
12.661,0.0082582
12.671,0.0082937
12.681,0.0083247
12.691,0.0083512
12.701,0.0083807
12.711,0.0084127
12.721,0.0084365
12.731,0.0084533
12.741,0.0084768
12.751,0.0084977
12.761,0.0085173
12.771,0.0085398
12.781,0.0085591
12.791,0.0085927
12.801,0.0086286
12.811,0.0086639
12.821,0.0086931
12.831,0.0087171
12.841,0.008739
12.851,0.0087661
12.861,0.0088069
12.871,0.0088409
12.881,0.0088632
12.891,0.0088899
12.9,0.0089201
12.91,0.0089439
12.92,0.0089698
12.93,0.0089933
12.94,0.009026
12.95,0.0090497
12.96,0.0090777
12.97,0.0091059
12.98,0.0091255
12.99,0.0091428
13,0.0091544
13.01,0.0091704
13.02,0.0091939
13.03,0.0092268
13.04,0.0092679
13.05,0.0093076
13.06,0.0093462
13.07,0.0093855
13.08,0.0094237
13.09,0.0094605
13.1,0.0094894
13.11,0.0095224
13.12,0.0095567
13.13,0.0095885
13.14,0.0096155
13.15,0.0096373
13.16,0.0096599
13.17,0.0096723
13.18,0.0096864
13.19,0.0096988
13.2,0.0097049
13.21,0.0097043
13.22,0.0097067
13.23,0.0097082
13.24,0.0097041
13.25,0.0097009
13.26,0.0097025
13.27,0.0096959
13.28,0.0096796
13.29,0.0096575
13.3,0.0096369
13.31,0.0096235
13.32,0.0095965
13.33,0.0095704
13.339,0.0095369
13.349,0.0095072
13.359,0.0094746
13.369,0.009436
13.379,0.0093934
13.389,0.0093513
13.399,0.0093043
13.409,0.009262
13.419,0.0092192
13.429,0.0091717
13.439,0.0091259
13.449,0.0090836
13.459,0.009043
13.469,0.0090032
13.479,0.0089667
13.489,0.0089262
13.499,0.0088961
13.509,0.0088787
13.519,0.0088668
13.529,0.0088688
13.539,0.0088795
13.549,0.0088959
13.559,0.0089143
13.569,0.0089381
13.579,0.0089787
13.589,0.0090221
13.599,0.0090824
13.609,0.0091498
13.619,0.0092298
13.629,0.0093123
13.639,0.0094119
13.649,0.0095297
13.659,0.0096621
13.669,0.0098105
13.679,0.0099719
13.689,0.01015
13.699,0.010347
13.709,0.010563
13.719,0.010794
13.729,0.011036
13.739,0.011293
13.749,0.011568
13.759,0.011859
13.769,0.012161
13.778,0.012471
13.788,0.012789
13.798,0.013112
13.808,0.013451
13.818,0.013795
13.828,0.014145
13.838,0.014502
13.848,0.014871
13.858,0.015241
13.868,0.015619
13.878,0.015999
13.888,0.01637
13.898,0.016738
13.908,0.017105
13.918,0.017466
13.928,0.017815
13.938,0.018153
13.948,0.018483
13.958,0.018801
13.968,0.019108
13.978,0.019399
13.988,0.019659
13.998,0.019899
14.008,0.02011
14.018,0.020291
14.028,0.020439
14.038,0.020567
14.048,0.020665
14.058,0.020727
14.068,0.020746
14.078,0.020725
14.088,0.020666
14.098,0.020568
14.108,0.02044
14.118,0.020262
14.128,0.02003
14.138,0.019756
14.148,0.019436
14.158,0.019069
14.168,0.018648
14.178,0.018186
14.188,0.017675
14.198,0.017122
14.208,0.016533
14.217,0.015903
14.227,0.015219
14.237,0.014495
14.247,0.013737
14.257,0.012942
14.267,0.012108
14.277,0.011245
14.287,0.010344
14.297,0.0094138
14.307,0.0084608
14.317,0.0074725
14.327,0.0064522
14.337,0.005419
14.347,0.0043725
14.357,0.003304
14.367,0.0022111
14.377,0.0011054
14.387,-1.7123e-005
14.397,-0.0011452
14.407,-0.0022714
14.417,-0.0033985
14.427,-0.0045243
14.437,-0.0056456
14.447,-0.0067455
14.457,-0.0078385
14.467,-0.0089351
14.477,-0.010023
14.487,-0.011092
14.497,-0.012132
14.507,-0.013156
14.517,-0.01417
14.527,-0.015168
14.537,-0.016141
14.547,-0.017092
14.557,-0.018025
14.567,-0.018921
14.577,-0.019784
14.587,-0.020622
14.597,-0.021437
14.607,-0.022219
14.617,-0.022966
14.627,-0.023682
14.637,-0.024373
14.646,-0.025032
14.656,-0.025665
14.666,-0.026271
14.676,-0.026854
14.686,-0.027409
14.696,-0.027943
14.706,-0.028449
14.716,-0.028932
14.726,-0.029402
14.736,-0.029856
14.746,-0.030281
14.756,-0.030691
14.766,-0.031091
14.776,-0.031478
14.786,-0.031855
14.796,-0.032213
14.806,-0.032555
14.816,-0.032886
14.826,-0.033216
14.836,-0.033543
14.846,-0.033862
14.856,-0.034179
14.866,-0.034497
14.876,-0.034827
14.886,-0.035167
14.896,-0.035514
14.906,-0.035855
14.916,-0.036199
14.926,-0.036548
14.936,-0.036905
14.946,-0.037278
14.956,-0.037669
14.966,-0.038063
14.976,-0.038471
14.986,-0.03889
14.996,-0.039313
15.006,-0.039743
15.016,-0.040189
15.026,-0.040646
15.036,-0.041108
15.046,-0.041568
15.056,-0.042028
15.066,-0.042501
15.076,-0.042973
15.085,-0.043444
15.095,-0.043915
15.105,-0.044383
15.115,-0.04485
15.125,-0.045314
15.135,-0.045774
15.145,-0.046218
15.155,-0.046643
15.165,-0.047057
15.175,-0.047448
15.185,-0.047825
15.195,-0.04818
15.205,-0.048523
15.215,-0.048842
15.225,-0.049124
15.235,-0.049383
15.245,-0.049613
15.255,-0.049818
15.265,-0.049992
15.275,-0.050133
15.285,-0.050233
15.295,-0.050301
15.305,-0.050331
15.315,-0.050322
15.325,-0.050273
15.335,-0.050191
15.345,-0.050063
15.355,-0.049891
15.365,-0.049677
15.375,-0.049412
15.385,-0.049111
15.395,-0.048771
15.405,-0.048391
15.415,-0.04797
15.425,-0.047513
15.435,-0.047019
15.445,-0.046476
15.455,-0.045891
15.465,-0.04526
15.475,-0.044608
15.485,-0.043936
15.495,-0.043226
15.505,-0.042493
15.515,-0.041741
15.524,-0.040972
15.534,-0.040198
15.544,-0.039409
15.554,-0.038604
15.564,-0.037788
15.574,-0.036982
15.584,-0.036168
15.594,-0.035366
15.604,-0.034578
15.614,-0.033805
15.624,-0.033037
15.634,-0.032318
15.644,-0.031621
15.654,-0.030953
15.664,-0.030323
15.674,-0.029733
15.684,-0.029184
15.694,-0.028679
15.704,-0.028218
15.714,-0.027798
15.724,-0.027437
15.734,-0.027142
15.744,-0.026905
15.754,-0.026741
15.764,-0.026641
15.774,-0.026601
15.784,-0.026632
15.794,-0.026734
15.804,-0.026912
15.814,-0.027165
15.824,-0.027497
15.834,-0.027918
15.844,-0.028408
15.854,-0.028982
15.864,-0.029646
15.874,-0.030401
15.884,-0.031236
15.894,-0.032158
15.904,-0.033143
15.914,-0.034211
15.924,-0.035376
15.934,-0.036606
15.944,-0.037916
15.954,-0.039305
15.963,-0.040777
15.973,-0.04234
15.983,-0.04397
15.993,-0.045672
16.003,-0.04746
16.013,-0.049334
16.023,-0.05129
16.033,-0.053306
16.043,-0.055401
16.053,-0.057567
16.063,-0.059807
16.073,-0.062147
16.083,-0.064576
16.093,-0.067062
16.103,-0.069618
16.113,-0.072225
16.123,-0.074917
16.133,-0.077659
16.143,-0.080464
16.153,-0.08334
16.163,-0.086274
16.173,-0.089259
16.183,-0.092315
16.193,-0.095407
16.203,-0.09854
16.213,-0.10176
16.223,-0.10502
16.233,-0.10841
16.243,-0.1119
16.253,-0.11547
16.263,-0.11905
16.273,-0.12267
16.283,-0.12635
16.293,-0.13014
16.303,-0.13407
16.313,-0.13814
16.323,-0.14216
16.333,-0.14654
16.343,-0.15079
16.353,-0.15529
16.363,-0.15966
16.373,-0.16396
16.383,-0.16851
16.393,-0.17324
16.402,-0.17794
16.412,-0.18276
16.422,-0.18754
16.432,-0.19231
16.442,-0.19731
16.452,-0.20205
16.462,-0.20684
16.472,-0.21162
16.482,-0.21642
16.492,-0.22136
16.502,-0.2264
16.512,-0.23126
16.522,-0.23632
16.532,-0.24115
16.542,-0.246
16.552,-0.25083
16.562,-0.25579
16.572,-0.26088
16.582,-0.26586
16.592,-0.27057
16.602,-0.27559
16.612,-0.28041
16.622,-0.28536
16.632,-0.29025
16.642,-0.29527
16.652,-0.30035
16.662,-0.30514
16.672,-0.31026
16.682,-0.31549
16.692,-0.32061
16.702,-0.32594
16.712,-0.33099
16.722,-0.33622
16.732,-0.34112
16.742,-0.34583
16.752,-0.35056
16.762,-0.35523
16.772,-0.35997
16.782,-0.36456
16.792,-0.36912
16.802,-0.3737
16.812,-0.37825
16.822,-0.38292
16.832,-0.38744
16.841,-0.39194
16.851,-0.3965
16.861,-0.40117
16.871,-0.40578
16.881,-0.41037
16.891,-0.41492
16.901,-0.41948
16.911,-0.42411
16.921,-0.4288
16.931,-0.4335
16.941,-0.43833
16.951,-0.44324
16.961,-0.44821
16.971,-0.45323
16.981,-0.45837
16.991,-0.46354
17.001,-0.46872
17.011,-0.474
17.021,-0.47935
17.031,-0.48474
17.041,-0.49015
17.051,-0.49566
17.061,-0.5012
17.071,-0.50685
17.081,-0.51257
17.091,-0.51842
17.101,-0.52437
17.111,-0.5304
17.121,-0.53651
17.131,-0.54281
17.141,-0.54912
17.151,-0.55545
17.161,-0.56185
17.171,-0.56836
17.181,-0.57499
17.191,-0.58179
17.201,-0.58868
17.211,-0.59562
17.221,-0.60271
17.231,-0.60993
17.241,-0.61737
17.251,-0.62491
17.261,-0.63257
17.27,-0.64041
17.28,-0.6484
17.29,-0.65649
17.3,-0.66468
17.31,-0.67309
17.32,-0.68162
17.33,-0.69021
17.34,-0.69898
17.35,-0.70788
17.36,-0.71698
17.37,-0.72625
17.38,-0.73563
17.39,-0.74502
17.4,-0.75446
17.41,-0.76401
17.42,-0.77359
17.43,-0.78321
17.44,-0.79302
17.45,-0.80276
17.46,-0.81246
17.47,-0.82216
17.48,-0.83177
17.49,-0.84131
17.5,-0.85078
17.51,-0.86013
17.52,-0.86932
17.53,-0.87832
17.54,-0.88721
17.55,-0.89591
17.56,-0.9044
17.57,-0.91279
17.58,-0.921
17.59,-0.92885
17.6,-0.9364
17.61,-0.94366
17.62,-0.95056
17.63,-0.95703
17.64,-0.96312
17.65,-0.96876
17.66,-0.9739
17.67,-0.97851
17.68,-0.98258
17.69,-0.9861
17.7,-0.98901
17.709,-0.99127
17.719,-0.99288
17.729,-0.9938
17.739,-0.99401
17.749,-0.99349
17.759,-0.99217
17.769,-0.99006
17.779,-0.98712
17.789,-0.98328
17.799,-0.97856
17.809,-0.97291
17.819,-0.9663
17.829,-0.95874
17.839,-0.95017
17.849,-0.94057
17.859,-0.92996
17.869,-0.91835
17.879,-0.9057
17.889,-0.892
17.899,-0.87722
17.909,-0.86145
17.919,-0.84465
17.929,-0.82672
17.939,-0.80769
17.949,-0.78771
17.959,-0.76675
17.969,-0.74461
17.979,-0.72119
17.989,-0.6965
17.999,-0.67071
18.009,-0.64377
18.019,-0.61583
18.029,-0.58691
18.039,-0.55706
18.049,-0.52607
18.059,-0.49414
18.069,-0.46122
18.079,-0.42757
18.089,-0.39323
18.099,-0.35776
18.109,-0.32128
18.119,-0.28451
18.129,-0.24711
18.139,-0.20921
18.148,-0.17084
18.158,-0.13174
18.168,-0.091938
18.178,-0.051266
18.188,-0.010715
18.198,0.030071
18.208,0.071313
18.218,0.11301
18.228,0.15452
18.238,0.1958
18.248,0.23724
18.258,0.27887
18.268,0.3203
18.278,0.36124
18.288,0.40192
18.298,0.44234
18.308,0.48232
18.318,0.52198
18.328,0.56134
18.338,0.59993
18.348,0.63809
18.358,0.67579
18.368,0.71298
18.378,0.74953
18.388,0.78567
18.398,0.82102
18.408,0.85552
18.418,0.88924
18.428,0.922
18.438,0.95393
18.448,0.98517
18.458,1.0153
18.468,1.0446
18.478,1.0728
18.488,1.0999
18.498,1.1262
18.508,1.1515
18.518,1.1756
18.528,1.1986
18.538,1.2208
18.548,1.242
18.558,1.262
18.568,1.2809
18.578,1.2988
18.587,1.3159
18.597,1.3319
18.607,1.3467
18.617,1.3605
18.627,1.3732
18.637,1.3849
18.647,1.3955
18.657,1.4049
18.667,1.4133
18.677,1.4207
18.687,1.427
18.697,1.4322
18.707,1.4365
18.717,1.4398
18.727,1.4421
18.737,1.4434
18.747,1.4437
18.757,1.4431
18.767,1.4415
18.777,1.439
18.787,1.4356
18.797,1.4312
18.807,1.426
18.817,1.4198
18.827,1.4128
18.837,1.405
18.847,1.3963
18.857,1.3868
18.867,1.3766
18.877,1.3655
18.887,1.3538
18.897,1.3412
18.907,1.3279
18.917,1.3139
18.927,1.2991
18.937,1.2837
18.947,1.2675
18.957,1.2507
18.967,1.2332
18.977,1.2152
18.987,1.1965
18.997,1.1773
19.007,1.1575
19.017,1.1371
19.026,1.1163
19.036,1.0948
19.046,1.0729
19.056,1.0505
19.066,1.0277
19.076,1.0045
19.086,0.98096
19.096,0.95699
19.106,0.93262
19.116,0.90802
19.126,0.88312
19.136,0.85791
19.146,0.8323
19.156,0.80641
19.166,0.78025
19.176,0.75383
19.186,0.72737
19.196,0.7007
19.206,0.67377
19.216,0.6468
19.226,0.61966
19.236,0.59235
19.246,0.56507
19.256,0.53774
19.266,0.51042
19.276,0.48314
19.286,0.456
19.296,0.42898
19.306,0.40203
19.316,0.37511
19.326,0.34837
19.336,0.32179
19.346,0.29534
19.356,0.26916
19.366,0.24329
19.376,0.21763
19.386,0.19218
19.396,0.167
19.406,0.14234
19.416,0.118
19.426,0.093976
19.436,0.070311
19.446,0.047073
19.455,0.024251
19.465,0.0018435
19.475,-0.020012
19.485,-0.041283
19.495,-0.062123
19.505,-0.08241
19.515,-0.1021
19.525,-0.12131
19.535,-0.13991
19.545,-0.15786
19.555,-0.17527
19.565,-0.19207
19.575,-0.20834
19.585,-0.22403
19.595,-0.23899
19.605,-0.25321
19.615,-0.26673
19.625,-0.27959
19.635,-0.29176
19.645,-0.30323
19.655,-0.31397
19.665,-0.32394
19.675,-0.33317
19.685,-0.34168
19.695,-0.34942
19.705,-0.35642
19.715,-0.36272
19.725,-0.36821
19.735,-0.37295
19.745,-0.37694
19.755,-0.38019
19.765,-0.38272
19.775,-0.38449
19.785,-0.38553
19.795,-0.38581
19.805,-0.38536
19.815,-0.38415
19.825,-0.38221
19.835,-0.37954
19.845,-0.37611
19.855,-0.37201
19.865,-0.3672
19.875,-0.36164
19.885,-0.35538
19.894,-0.34845
19.904,-0.3408
19.914,-0.33247
19.924,-0.32353
19.934,-0.31392
19.944,-0.3037
19.954,-0.2928
19.964,-0.28133
19.974,-0.26928
19.984,-0.25657
19.994,-0.24325
20.004,-0.22938
20.014,-0.21492
20.024,-0.19998
20.034,-0.18462
20.044,-0.16879
20.054,-0.15245
20.064,-0.13569
20.074,-0.11851
20.084,-0.10092
20.094,-0.082961
20.104,-0.064652
20.114,-0.04593
20.124,-0.026865
20.134,-0.0075247
20.144,0.012
20.154,0.031751
20.164,0.051757
20.174,0.072025
20.184,0.092561
20.194,0.11314
20.204,0.13387
20.214,0.15465
20.224,0.17553
20.234,0.19642
20.244,0.21727
20.254,0.23827
20.264,0.25925
20.274,0.28008
20.284,0.30088
20.294,0.32156
20.304,0.34212
20.314,0.36266
20.324,0.38296
20.333,0.40307
20.343,0.42289
20.353,0.44249
20.363,0.4619
20.373,0.48122
20.383,0.50017
20.393,0.5189
20.403,0.53733
20.413,0.5554
20.423,0.57312
20.433,0.59053
20.443,0.60759
20.453,0.62435
20.463,0.64062
20.473,0.65646
20.483,0.67203
20.493,0.68707
20.503,0.70168
20.513,0.71588
20.523,0.72965
20.533,0.74289
20.543,0.75563
20.553,0.768
20.563,0.77991
20.573,0.79132
20.583,0.80219
20.593,0.81268
20.603,0.82268
20.613,0.83219
20.623,0.84122
20.633,0.84979
20.643,0.85787
20.653,0.86551
20.663,0.87265
20.673,0.87935
20.683,0.88561
20.693,0.8914
20.703,0.89674
20.713,0.90165
20.723,0.90613
20.733,0.9102
20.743,0.91388
20.753,0.91718
20.763,0.92009
20.772,0.92263
20.782,0.92481
20.792,0.92663
20.802,0.92812
20.812,0.92927
20.822,0.93009
20.832,0.93061
20.842,0.93082
20.852,0.93074
20.862,0.9304
20.872,0.92978
20.882,0.92892
20.892,0.92782
20.902,0.92648
20.912,0.92493
20.922,0.92319
20.932,0.92126
20.942,0.91915
20.952,0.91687
20.962,0.91443
20.972,0.91183
20.982,0.90912
20.992,0.90627
21.002,0.90331
21.012,0.90024
21.022,0.89708
21.032,0.89382
21.042,0.89044
21.052,0.88701
21.062,0.88351
21.072,0.87995
21.082,0.87633
21.092,0.87265
21.102,0.86895
21.112,0.86521
21.122,0.86142
21.132,0.85759
21.142,0.85373
21.152,0.84985
21.162,0.84593
21.172,0.84198
21.182,0.83798
21.192,0.83397
21.202,0.82994
21.211,0.82589
21.221,0.82182
21.231,0.81769
21.241,0.81353
21.251,0.80935
21.261,0.80513
21.271,0.8009
21.281,0.7966
21.291,0.79224
21.301,0.78784
21.311,0.78337
21.321,0.77887
21.331,0.7743
21.341,0.76967
21.351,0.76496
21.361,0.76014
21.371,0.75521
21.381,0.75022
21.391,0.74509
21.401,0.73984
21.411,0.73447
21.421,0.72899
21.431,0.72336
21.441,0.71756
21.451,0.71163
21.461,0.70558
21.471,0.69936
21.481,0.69295
21.491,0.6864
21.501,0.67969
21.511,0.67279
21.521,0.66571
21.531,0.65846
21.541,0.65104
21.551,0.64339
21.561,0.63555
21.571,0.62759
21.581,0.61938
21.591,0.61094
21.601,0.6023
21.611,0.5935
21.621,0.58451
21.631,0.57528
21.641,0.56585
21.65,0.55622
21.66,0.54641
21.67,0.53638
21.68,0.5262
21.69,0.51587
21.7,0.50529
21.71,0.49456
21.72,0.48362
21.73,0.47255
21.74,0.46139
21.75,0.45023
21.76,0.4389
21.77,0.42731
21.78,0.41544
21.79,0.40354
21.8,0.39159
21.81,0.37944
21.82,0.3671
21.83,0.35457
21.84,0.34194
21.85,0.32931
21.86,0.31678
21.87,0.30417
21.88,0.29139
21.89,0.27847
21.9,0.26556
21.91,0.25255
21.92,0.2395
21.93,0.22645
21.94,0.21342
21.95,0.20023
21.96,0.18692
21.97,0.17361
21.98,0.16024
21.99,0.14699
22,0.13371
22.01,0.1204
22.02,0.10706
22.03,0.0937
22.04,0.080371
22.05,0.066976
22.06,0.053549
22.07,0.040169
22.079,0.026905
22.089,0.013606
22.099,0.00026742
22.109,-0.013089
22.119,-0.026372
22.129,-0.039558
22.139,-0.052794
22.149,-0.066011
22.159,-0.079169
22.169,-0.092313
22.179,-0.1054
22.189,-0.11845
22.199,-0.13149
22.209,-0.14453
22.219,-0.15765
22.229,-0.17062
22.239,-0.18355
22.249,-0.19646
22.259,-0.20934
22.269,-0.22218
22.279,-0.23491
22.289,-0.24758
22.299,-0.26022
22.309,-0.27283
22.319,-0.2853
22.329,-0.29768
22.339,-0.30994
22.349,-0.32206
22.359,-0.33413
22.369,-0.3461
22.379,-0.35803
22.389,-0.36989
22.399,-0.38155
22.409,-0.39313
22.419,-0.40455
22.429,-0.41578
22.439,-0.42692
22.449,-0.43797
22.459,-0.44884
22.469,-0.45959
22.479,-0.47013
22.489,-0.48046
22.499,-0.49062
22.509,-0.5006
22.518,-0.51039
22.528,-0.51997
22.538,-0.52932
22.548,-0.5385
22.558,-0.54745
22.568,-0.55621
22.578,-0.56475
22.588,-0.57304
22.598,-0.58114
22.608,-0.58897
22.618,-0.59659
22.628,-0.60398
22.638,-0.61116
22.648,-0.61809
22.658,-0.62478
22.668,-0.63123
22.678,-0.63745
22.688,-0.64341
22.698,-0.6491
22.708,-0.65452
22.718,-0.65969
22.728,-0.6646
22.738,-0.66925
22.748,-0.67364
22.758,-0.67778
22.768,-0.68166
22.778,-0.68531
22.788,-0.68871
22.798,-0.69189
22.808,-0.69483
22.818,-0.69752
22.828,-0.69999
22.838,-0.70227
22.848,-0.70435
22.858,-0.7062
22.868,-0.70786
22.878,-0.70932
22.888,-0.71058
22.898,-0.71165
22.908,-0.71255
22.918,-0.71326
22.928,-0.71382
22.938,-0.71421
22.948,-0.71446
22.957,-0.71455
22.967,-0.71451
22.977,-0.71434
22.987,-0.71403
22.997,-0.7136
23.007,-0.71306
23.017,-0.7124
23.027,-0.71162
23.037,-0.71075
23.047,-0.70979
23.057,-0.70872
23.067,-0.70757
23.077,-0.70634
23.087,-0.70502
23.097,-0.70364
23.107,-0.7022
23.117,-0.7007
23.127,-0.69914
23.137,-0.69752
23.147,-0.69586
23.157,-0.69416
23.167,-0.69241
23.177,-0.69063
23.187,-0.68881
23.197,-0.68695
23.207,-0.68505
23.217,-0.68313
23.227,-0.68118
23.237,-0.6792
23.247,-0.67722
23.257,-0.67522
23.267,-0.6732
23.277,-0.67116
23.287,-0.6691
23.297,-0.66705
23.307,-0.66499
23.317,-0.66291
23.327,-0.66084
23.337,-0.65875
23.347,-0.65666
23.357,-0.65458
23.367,-0.6525
23.377,-0.65042
23.387,-0.64833
23.396,-0.64623
23.406,-0.64414
23.416,-0.64205
23.426,-0.63996
23.436,-0.63788
23.446,-0.63578
23.456,-0.63368
23.466,-0.63159
23.476,-0.62949
23.486,-0.62739
23.496,-0.62529
23.506,-0.62318
23.516,-0.62107
23.526,-0.61897
23.536,-0.61686
23.546,-0.61475
23.556,-0.61261
23.566,-0.61046
23.576,-0.6083
23.586,-0.60612
23.596,-0.60394
23.606,-0.60175
23.616,-0.59954
23.626,-0.59732
23.636,-0.59506
23.646,-0.59278
23.656,-0.59047
23.666,-0.58814
23.676,-0.58578
23.686,-0.5834
23.696,-0.58099
23.706,-0.57853
23.716,-0.57606
23.726,-0.57355
23.736,-0.57101
23.746,-0.56844
23.756,-0.56583
23.766,-0.56319
23.776,-0.5605
23.786,-0.55779
23.796,-0.55504
23.806,-0.55227
23.816,-0.54942
23.826,-0.54652
23.835,-0.54357
23.845,-0.54059
23.855,-0.53754
23.865,-0.53443
23.875,-0.53128
23.885,-0.52809
23.895,-0.52484
23.905,-0.52155
23.915,-0.51819
23.925,-0.51476
23.935,-0.5113
23.945,-0.50779
23.955,-0.50421
23.965,-0.50059
23.975,-0.49691
23.985,-0.49318
23.995,-0.48938
24.005,-0.48551
24.015,-0.48159
24.025,-0.47763
24.035,-0.47358
24.045,-0.4695
24.055,-0.46532
24.065,-0.46109
24.075,-0.45681
24.085,-0.45246
24.095,-0.44807
24.105,-0.44361
24.115,-0.43907
24.125,-0.43447
24.135,-0.42983
24.145,-0.42513
24.155,-0.42036
24.165,-0.41553
24.175,-0.41067
24.185,-0.40577
24.195,-0.40075
24.205,-0.39568
24.215,-0.39058
24.225,-0.38543
24.235,-0.38022
24.245,-0.37492
24.255,-0.36956
24.264,-0.36419
24.274,-0.35875
24.284,-0.35327
24.294,-0.34772
24.304,-0.34211
24.314,-0.33651
24.324,-0.33086
24.334,-0.3252
24.344,-0.3195
24.354,-0.31375
24.364,-0.30798
24.374,-0.3022
24.384,-0.2964
24.394,-0.29055
24.404,-0.28468
24.414,-0.27879
24.424,-0.2729
24.434,-0.26701
24.444,-0.26112
24.454,-0.25516
24.464,-0.24918
24.474,-0.24322
24.484,-0.23724
24.494,-0.23124
24.504,-0.22527
24.514,-0.2193
24.524,-0.21331
24.534,-0.20733
24.544,-0.20134
24.554,-0.19539
24.564,-0.18942
24.574,-0.18348
24.584,-0.17756
24.594,-0.17162
24.604,-0.1657
24.614,-0.15981
24.624,-0.15392
24.634,-0.14805
24.644,-0.1422
24.654,-0.13636
24.664,-0.13057
24.674,-0.12476
24.684,-0.11897
24.694,-0.11323
24.703,-0.10751
24.713,-0.10184
24.723,-0.096222
24.733,-0.090589
24.743,-0.084966
24.753,-0.079417
24.763,-0.07393
24.773,-0.068451
24.783,-0.06301
24.793,-0.057609
24.803,-0.052271
24.813,-0.046939
24.823,-0.041628
24.833,-0.036361
24.843,-0.031159
24.853,-0.025997
24.863,-0.020912
24.873,-0.015874
24.883,-0.010845
24.893,-0.0058604
24.903,-0.00092845
24.913,0.003899
24.923,0.0086866
24.933,0.01342
24.943,0.018083
24.953,0.022687
24.963,0.027243
24.973,0.031675
24.983,0.036041
24.993,0.040358
25.003,0.044571
25.013,0.048715
25.023,0.052782
25.033,0.056781
25.043,0.06069
25.053,0.064508
25.063,0.068267
25.073,0.07195
25.083,0.075531
25.093,0.079001
25.103,0.082404
25.113,0.085715
25.123,0.088933
25.133,0.092058
25.142,0.095087
25.152,0.098031
25.162,0.10087
25.172,0.10362
25.182,0.10628
25.192,0.10884
25.202,0.1113
25.212,0.11369
25.222,0.11597
25.232,0.11815
25.242,0.12024
25.252,0.12223
25.262,0.12412
25.272,0.12592
25.282,0.12765
25.292,0.12927
25.302,0.13081
25.312,0.13227
25.322,0.13364
25.332,0.1349
25.342,0.13609
25.352,0.13721
25.362,0.13823
25.372,0.13918
25.382,0.14005
25.392,0.14085
25.402,0.14158
25.412,0.14225
25.422,0.14285
25.432,0.14339
25.442,0.14385
25.452,0.14425
25.462,0.14459
25.472,0.14488
25.482,0.14513
25.492,0.14532
25.502,0.14547
25.512,0.14558
25.522,0.14565
25.532,0.14569
25.542,0.1457
25.552,0.14567
25.562,0.14561
25.572,0.14552
25.581,0.14541
25.591,0.14528
25.601,0.14512
25.611,0.14495
25.621,0.14476
25.631,0.14456
25.641,0.14435
25.651,0.14412
25.661,0.14389
25.671,0.14365
25.681,0.1434
25.691,0.14315
25.701,0.1429
25.711,0.14265
25.721,0.14239
25.731,0.14213
25.741,0.14187
25.751,0.1416
25.761,0.14133
25.771,0.14107
25.781,0.14079
25.791,0.14052
25.801,0.14023
25.811,0.13994
25.821,0.13964
25.831,0.13934
25.841,0.13904
25.851,0.13873
25.861,0.13841
25.871,0.13808
25.881,0.13775
25.891,0.13739
25.901,0.13701
25.911,0.13662
25.921,0.13621
25.931,0.13579
25.941,0.13534
25.951,0.13487
25.961,0.13437
25.971,0.13385
25.981,0.1333
25.991,0.13272
26.001,0.13211
26.011,0.13147
26.02,0.13079
26.03,0.13007
26.04,0.12933
26.05,0.12856
26.06,0.12773
26.07,0.12687
26.08,0.12596
26.09,0.12501
26.1,0.12401
26.11,0.12298
26.12,0.1219
26.13,0.12077
26.14,0.11958
26.15,0.11835
26.16,0.11707
26.17,0.11573
26.18,0.11435
26.19,0.11292
26.2,0.11145
26.21,0.10991
26.22,0.10833
26.23,0.1067
26.24,0.10501
26.25,0.10329
26.26,0.10152
26.27,0.099699
26.28,0.097836
26.29,0.095945
26.3,0.094001
26.31,0.092017
26.32,0.089991
26.33,0.087923
26.34,0.085824
26.35,0.08366
26.36,0.081452
26.37,0.079224
26.38,0.076984
26.39,0.074707
26.4,0.072387
26.41,0.070054
26.42,0.067695
26.43,0.065308
26.44,0.062901
26.45,0.060471
26.459,0.058018
26.469,0.055531
26.479,0.053043
26.489,0.050548
26.499,0.048023
26.509,0.045485
26.519,0.042929
26.529,0.040361
26.539,0.03779
26.549,0.035213
26.559,0.032637
26.569,0.030048
26.579,0.027466
26.589,0.024894
26.599,0.022336
26.609,0.019766
26.619,0.017202
26.629,0.014646
26.639,0.012106
26.649,0.0095863
26.659,0.0070676
26.669,0.0045595
26.679,0.0020587
26.689,-0.00043011
26.699,-0.002899
26.709,-0.0053459
26.719,-0.0077793
26.729,-0.010191
26.739,-0.012574
26.749,-0.014938
26.759,-0.017268
26.769,-0.019586
26.779,-0.021883
26.789,-0.02415
26.799,-0.026394
26.809,-0.028616
26.819,-0.030813
26.829,-0.032981
26.839,-0.035102
26.849,-0.03722
26.859,-0.039327
26.869,-0.041399
26.879,-0.043448
26.888,-0.045482
26.898,-0.047485
26.908,-0.049464
26.918,-0.051426
26.928,-0.053365
26.938,-0.055291
26.948,-0.057197
26.958,-0.059069
26.968,-0.060931
26.978,-0.062787
26.988,-0.064609
26.998,-0.066414
27.008,-0.068202
27.018,-0.069964
27.028,-0.071713
27.038,-0.073437
27.048,-0.075161
27.058,-0.076882
27.068,-0.078592
27.078,-0.080292
27.088,-0.081997
27.098,-0.083695
27.108,-0.085388
27.118,-0.087079
27.128,-0.088751
27.138,-0.090418
27.148,-0.092084
27.158,-0.093746
27.168,-0.095408
27.178,-0.097056
27.188,-0.098702
27.198,-0.10035
27.208,-0.10199
27.218,-0.10363
27.228,-0.10527
27.238,-0.10689
27.248,-0.10853
27.258,-0.11016
27.268,-0.11179
27.278,-0.11342
27.288,-0.11504
27.298,-0.11666
27.308,-0.11829
27.318,-0.1199
27.327,-0.1215
27.337,-0.12309
27.347,-0.12467
27.357,-0.12625
27.367,-0.12781
27.377,-0.12937
27.387,-0.13092
27.397,-0.13245
27.407,-0.13394
27.417,-0.13543
27.427,-0.1369
27.437,-0.13833
27.447,-0.13972
27.457,-0.14108
27.467,-0.14243
27.477,-0.14373
27.487,-0.14499
27.497,-0.14623
27.507,-0.14742
27.517,-0.14857
27.527,-0.1497
27.537,-0.15077
27.547,-0.1518
27.557,-0.15278
27.567,-0.15372
27.577,-0.1546
27.587,-0.15543
27.597,-0.1562
27.607,-0.15693
27.617,-0.1576
27.627,-0.1582
27.637,-0.15874
27.647,-0.15922
27.657,-0.15964
27.667,-0.15999
27.677,-0.16028
27.687,-0.16052
27.697,-0.16068
27.707,-0.16079
27.717,-0.16084
27.727,-0.16081
27.737,-0.16073
27.747,-0.16057
27.757,-0.16035
27.766,-0.16006
27.776,-0.15972
27.786,-0.15932
27.796,-0.15885
27.806,-0.15831
27.816,-0.15772
27.826,-0.15707
27.836,-0.15636
27.846,-0.15559
27.856,-0.15476
27.866,-0.15388
27.876,-0.15295
27.886,-0.15196
27.896,-0.15093
27.906,-0.14985
27.916,-0.14873
27.926,-0.14756
27.936,-0.14635
27.946,-0.1451
27.956,-0.14382
27.966,-0.1425
27.976,-0.14115
27.986,-0.13977
27.996,-0.13837
28.006,-0.13693
28.016,-0.13548
28.026,-0.13401
28.036,-0.13251
28.046,-0.13099
28.056,-0.12947
28.066,-0.12794
28.076,-0.1264
28.086,-0.12485
28.096,-0.1233
28.106,-0.12174
28.116,-0.12017
28.126,-0.1186
28.136,-0.11703
28.146,-0.11547
28.156,-0.11391
28.166,-0.11235
28.176,-0.11079
28.186,-0.10925
28.196,-0.10772
28.205,-0.10621
28.215,-0.10471
28.225,-0.1032
28.235,-0.10173
28.245,-0.10026
28.255,-0.098802
28.265,-0.097361
28.275,-0.095927
28.285,-0.094506
28.295,-0.093098
28.305,-0.09171
28.315,-0.090325
28.325,-0.088954
28.335,-0.087603
28.345,-0.086277
28.355,-0.084958
28.365,-0.083647
28.375,-0.08234
28.385,-0.081058
28.395,-0.079801
28.405,-0.078544
28.415,-0.077293
28.425,-0.076046
28.435,-0.074814
28.445,-0.073602
28.455,-0.072404
28.465,-0.071211
28.475,-0.070023
28.485,-0.068847
28.495,-0.067673
28.505,-0.066504
28.515,-0.065345
28.525,-0.064198
28.535,-0.063051
28.545,-0.061921
28.555,-0.060791
28.565,-0.05966
28.575,-0.058529
28.585,-0.057403
28.595,-0.056276
28.605,-0.055166
28.615,-0.05406
28.625,-0.052964
28.635,-0.05187
28.644,-0.050765
28.654,-0.049672
28.664,-0.048592
28.674,-0.047509
28.684,-0.04643
28.694,-0.045357
28.704,-0.044295
28.714,-0.043238
28.724,-0.042182
28.734,-0.041139
28.744,-0.040095
28.754,-0.039055
28.764,-0.038027
28.774,-0.037004
28.784,-0.035986
28.794,-0.034985
28.804,-0.033998
28.814,-0.033015
28.824,-0.032037
28.834,-0.031087
28.844,-0.03015
28.854,-0.029215
28.864,-0.028301
28.874,-0.02741
28.884,-0.026538
28.894,-0.025674
28.904,-0.024823
28.914,-0.023997
28.924,-0.023184
28.934,-0.022387
28.944,-0.021615
28.954,-0.020877
28.964,-0.020164
28.974,-0.01947
28.984,-0.018794
28.994,-0.01814
29.004,-0.017504
29.014,-0.016895
29.024,-0.01631
29.034,-0.015746
29.044,-0.015212
29.054,-0.0147
29.064,-0.014209
29.073,-0.013744
29.083,-0.013304
29.093,-0.012892
29.103,-0.012502
29.113,-0.01213
29.123,-0.011784
29.133,-0.011465
29.143,-0.011169
29.153,-0.010895
29.163,-0.010653
29.173,-0.010431
29.183,-0.010226
29.193,-0.010043
29.203,-0.0098852
29.213,-0.0097506
29.223,-0.0096378
29.233,-0.0095415
29.243,-0.009464
29.253,-0.0093998
29.263,-0.0093486
29.273,-0.0093112
29.283,-0.0092839
29.293,-0.0092596
29.303,-0.0092434
29.313,-0.0092315
29.323,-0.0092265
29.333,-0.0092185
29.343,-0.009216
29.353,-0.0092088
29.363,-0.0092035
29.373,-0.0091929
29.383,-0.0091712
29.393,-0.0091375
29.403,-0.0090903
29.413,-0.0090301
29.423,-0.008945
29.433,-0.0088466
29.443,-0.0087362
29.453,-0.0086039
29.463,-0.0084477
29.473,-0.0082629
29.483,-0.0080499
29.493,-0.0078019
29.503,-0.0075152
29.512,-0.0071967
29.522,-0.0068517
29.532,-0.0064726
29.542,-0.0060453
29.552,-0.0055655
29.562,-0.0050419
29.572,-0.0044788
29.582,-0.0038687
29.592,-0.0032162
29.602,-0.0025104
29.612,-0.0017644
29.622,-0.0009576
29.632,-8.765e-005
29.642,0.00082701
29.652,0.0017866
29.662,0.0027954
29.672,0.0038483
29.682,0.0049527
29.692,0.0061208
29.702,0.0073329
29.712,0.0086048
29.722,0.0099162
29.732,0.01128
29.742,0.012702
29.752,0.014166
29.762,0.015688
29.772,0.017265
29.782,0.018871
29.792,0.02051
29.802,0.022202
29.812,0.023929
29.822,0.025707
29.832,0.027504
29.842,0.029332
29.852,0.031176
29.862,0.033024
29.872,0.034907
29.882,0.036824
29.892,0.038748
29.902,0.04067
29.912,0.042604
29.922,0.044546
29.932,0.046491
29.942,0.048428
29.951,0.05036
29.961,0.052295
29.971,0.054197
29.981,0.056068
29.991,0.057927
30.001,0.059761
30.011,0.061562
30.021,0.063328
30.031,0.065058
30.041,0.066748
30.051,0.068393
30.061,0.069989
30.071,0.071544
30.081,0.073048
30.091,0.074489
30.101,0.075879
30.111,0.07722
30.121,0.078507
30.131,0.079737
30.141,0.080902
30.151,0.082014
30.161,0.083069
30.171,0.084051
30.181,0.084973
30.191,0.085831
30.201,0.086626
30.211,0.087362
30.221,0.088035
30.231,0.088648
30.241,0.0892
30.251,0.089694
30.261,0.090138
30.271,0.090527
30.281,0.090862
30.291,0.091151
30.301,0.091391
30.311,0.091587
30.321,0.091744
30.331,0.091855
30.341,0.091926
30.351,0.091959
30.361,0.091947
30.371,0.091908
30.381,0.091847
30.39,0.091761
30.4,0.091654
30.41,0.091527
30.42,0.091379
30.43,0.09121
30.44,0.091022
30.45,0.090827
30.46,0.090626
30.47,0.090414
30.48,0.090185
30.49,0.089951
30.5,0.08972
30.51,0.089489
30.52,0.089258
30.53,0.089014
30.54,0.088767
30.55,0.088521
30.56,0.08828
30.57,0.088038
30.58,0.087793
30.59,0.08754
30.6,0.087287
30.61,0.08702
30.62,0.086752
30.63,0.086487
30.64,0.086212
30.65,0.08593
30.66,0.085647
30.67,0.085354
30.68,0.085043
30.69,0.084722
30.7,0.084388
30.71,0.084032
30.72,0.083653
30.73,0.083249
30.74,0.082823
30.75,0.082375
30.76,0.081902
30.77,0.081392
30.78,0.080851
30.79,0.080269
30.8,0.079654
30.81,0.079005
30.82,0.078322
30.829,0.077601
30.839,0.076847
30.849,0.076058
30.859,0.075211
30.869,0.074326
30.879,0.0734
30.889,0.072444
30.899,0.071439
30.909,0.070389
30.919,0.069297
30.929,0.068153
30.939,0.066963
30.949,0.065748
30.959,0.064501
30.969,0.063205
30.979,0.061873
30.989,0.060502
30.999,0.0591
31.009,0.057666
31.019,0.056194
31.029,0.054698
31.039,0.053175
31.049,0.051633
31.059,0.050072
31.069,0.048494
31.079,0.046899
31.089,0.045287
31.099,0.043664
31.109,0.042023
31.119,0.040375
31.129,0.038722
31.139,0.037052
31.149,0.03539
31.159,0.033743
31.169,0.032093
31.179,0.030457
31.189,0.02883
31.199,0.027225
31.209,0.025647
31.219,0.024087
31.229,0.022559
31.239,0.02106
31.249,0.019597
31.259,0.018173
31.268,0.016758
31.278,0.015383
31.288,0.014051
31.298,0.012762
31.308,0.011523
31.318,0.010317
31.328,0.0091609
31.338,0.0080443
31.348,0.006976
31.358,0.0059593
31.368,0.0049977
31.378,0.0040755
31.388,0.0032047
31.398,0.0023804
31.408,0.0016189
31.418,0.00091093
31.428,0.00024874
31.438,-0.00035498
31.448,-0.00091403
31.458,-0.00142
31.468,-0.0018812
31.478,-0.0022921
31.488,-0.0026506
31.498,-0.0029615
31.508,-0.0032299
31.518,-0.0034564
31.528,-0.0036308
31.538,-0.0037632
31.548,-0.0038577
31.558,-0.003907
31.568,-0.0039135
31.578,-0.0038832
31.588,-0.0038159
31.598,-0.0037144
31.608,-0.0035822
31.618,-0.0034264
31.628,-0.0032521
31.638,-0.0030478
31.648,-0.0028193
31.658,-0.0025669
31.668,-0.0023013
31.678,-0.0020225
31.688,-0.0017251
31.697,-0.0014143
31.707,-0.001091
31.717,-0.00076196
31.727,-0.00042871
31.737,-8.3239e-005
31.747,0.00026498
31.757,0.0006148
31.767,0.00095743
31.777,0.0012974
31.787,0.0016369
31.797,0.0019684
31.807,0.0022968
31.817,0.0026146
31.827,0.0029159
31.837,0.0032021
31.847,0.0034677
31.857,0.0037227
31.867,0.003968
31.877,0.0041987
31.887,0.0044072
31.897,0.0045959
31.907,0.0047664
31.917,0.0049272
31.927,0.0050632
31.937,0.0051751
31.947,0.0052738
31.957,0.0053589
31.967,0.0054266
31.977,0.0054754
31.987,0.005505
31.997,0.005513
32.007,0.0055024
32.017,0.0054859
32.027,0.005464
32.037,0.0054222
32.047,0.0053654
32.057,0.0053032
32.067,0.0052298
32.077,0.0051532
32.087,0.0050696
32.097,0.0049737
32.107,0.0048743
32.117,0.0047817
32.127,0.0046942
32.136,0.0046111
32.146,0.0045317
32.156,0.0044626
32.166,0.0043991
32.176,0.0043478
32.186,0.0043127
32.196,0.004292
32.206,0.0042774
32.216,0.004281
32.226,0.0043041
32.236,0.0043511
32.246,0.0044163
32.256,0.004501
32.266,0.0045982
32.276,0.0047099
32.286,0.0048458
32.296,0.0050045
32.306,0.0051806
32.316,0.0053767
32.326,0.0055962
32.336,0.0058282
32.346,0.0060754
32.356,0.0063365
32.366,0.0066175
32.376,0.0069124
32.386,0.0072165
32.396,0.0075351
32.406,0.0078666
32.416,0.0082065
32.426,0.0085597
32.436,0.0089074
32.446,0.0092569
32.456,0.0096133
32.466,0.0099602
32.476,0.010294
32.486,0.010625
32.496,0.010944
32.506,0.01125
32.516,0.011542
32.526,0.011821
32.536,0.01208
32.546,0.012321
32.556,0.012528
32.566,0.012708
32.575,0.012849
32.585,0.012961
32.595,0.013045
32.605,0.013088
32.615,0.013094
32.625,0.013068
32.635,0.013002
32.645,0.01289
32.655,0.012735
32.665,0.01255
32.675,0.012325
32.685,0.012053
32.695,0.011741
32.705,0.011382
32.715,0.010986
32.725,0.010546
32.735,0.010072
32.745,0.0095573
32.755,0.009007
32.765,0.0084236
32.775,0.0078002
32.785,0.0071533
32.795,0.0064816
32.805,0.005787
32.815,0.0050724
32.825,0.0043271
32.835,0.0035595
32.845,0.0027761
32.855,0.0019725
32.865,0.0011514
32.875,0.00031224
32.885,-0.00053486
32.895,-0.0013942
32.905,-0.0022514
32.915,-0.0031027
32.925,-0.003948
32.935,-0.0047804
32.945,-0.0056059
32.955,-0.0064254
32.965,-0.0072351
32.975,-0.0080267
32.985,-0.0087935
32.995,-0.0095393
33.005,-0.010261
33.014,-0.010951
33.024,-0.011609
33.034,-0.012239
33.044,-0.012843
33.054,-0.013413
33.064,-0.01395
33.074,-0.01445
33.084,-0.014902
33.094,-0.015305
33.104,-0.015658
33.114,-0.015979
33.124,-0.016259
33.134,-0.016493
33.144,-0.016671
33.154,-0.016806
33.164,-0.016901
33.174,-0.016957
33.184,-0.016969
33.194,-0.016926
33.204,-0.016838
33.214,-0.016709
33.224,-0.016528
33.234,-0.016284
33.244,-0.015991
33.254,-0.01565
33.264,-0.015255
33.274,-0.014808
33.284,-0.014314
33.294,-0.013778
33.304,-0.01319
33.314,-0.012562
33.324,-0.011891
33.334,-0.011164
33.344,-0.010401
33.354,-0.0095919
33.364,-0.0087416
33.374,-0.0078435
33.384,-0.0069009
33.394,-0.0059256
33.404,-0.0049177
33.414,-0.0038931
33.424,-0.0028438
33.434,-0.0017533
33.444,-0.00064316
33.453,0.0004871
33.463,0.0016287
33.473,0.002787
33.483,0.0039594
33.493,0.005137
33.503,0.0063244
33.513,0.0075243
33.523,0.0087169
33.533,0.0099023
33.543,0.011082
33.553,0.012254
33.563,0.013416
33.573,0.014568
33.583,0.015703
33.593,0.016825
33.603,0.017931
33.613,0.019006
33.623,0.020067
33.633,0.021108
33.643,0.022126
33.653,0.023117
33.663,0.024073
33.673,0.024991
33.683,0.025878
33.693,0.026733
33.703,0.027554
33.713,0.028324
33.723,0.029045
33.733,0.029733
33.743,0.030387
33.753,0.031007
33.763,0.031587
33.773,0.03213
33.783,0.032642
33.793,0.033126
33.803,0.033571
33.813,0.033989
33.823,0.034377
33.833,0.034735
33.843,0.035063
33.853,0.035364
33.863,0.035652
33.873,0.035922
33.882,0.03617
33.892,0.036408
33.902,0.036624
33.912,0.036823
33.922,0.037012
33.932,0.037197
33.942,0.03738
33.952,0.037558
33.962,0.037732
33.972,0.037908
33.982,0.038089
33.992,0.038282
34.002,0.038481
34.012,0.038692
34.022,0.038904
34.032,0.039132
34.042,0.039372
34.052,0.039619
34.062,0.039882
34.072,0.040161
34.082,0.040456
34.092,0.040766
34.102,0.041084
34.112,0.041408
34.122,0.041734
34.132,0.042071
34.142,0.042419
34.152,0.042772
34.162,0.043129
34.172,0.043483
34.182,0.043835
34.192,0.04418
34.202,0.044517
34.212,0.044838
34.222,0.045155
34.232,0.045466
34.242,0.045762
34.252,0.046037
34.262,0.046289
34.272,0.046522
34.282,0.046728
34.292,0.046902
34.302,0.047032
34.312,0.04712
34.321,0.047165
34.331,0.04716
34.341,0.047113
34.351,0.047019
34.361,0.046874
34.371,0.046678
34.381,0.046437
34.391,0.046137
34.401,0.04577
34.411,0.045342
34.421,0.044856
34.431,0.044314
34.441,0.043714
34.451,0.043052
34.461,0.042332
34.471,0.041548
34.481,0.040705
34.491,0.039811
34.501,0.038861
34.511,0.037852
34.521,0.036794
34.531,0.035696
34.541,0.034555
34.551,0.033356
34.561,0.03212
34.571,0.030849
34.581,0.029528
34.591,0.028172
34.601,0.02679
34.611,0.025386
34.621,0.02396
34.631,0.022508
34.641,0.021048
34.651,0.019583
34.661,0.018126
34.671,0.016679
34.681,0.015238
34.691,0.0138
34.701,0.012373
34.711,0.010976
34.721,0.0096062
34.731,0.0082588
34.741,0.0069431
34.751,0.0056605
34.76,0.0044145
34.77,0.0032064
34.78,0.0020477
34.79,0.0009389
34.8,-0.00011993
34.81,-0.0011226
34.82,-0.0020587
34.83,-0.0029414
34.84,-0.0037541
34.85,-0.0045031
34.86,-0.005183
34.87,-0.0057934
34.88,-0.0063325
34.89,-0.0068015
34.9,-0.0071972
34.91,-0.0075158
34.92,-0.007763
34.93,-0.0079342
34.94,-0.008028
34.95,-0.0080507
34.96,-0.0079969
34.97,-0.0078681
34.98,-0.0076579
34.99,-0.007375
35,-0.0070166
35.01,-0.0065816
35.02,-0.0060765
35.03,-0.0055063
35.04,-0.0048732
35.05,-0.0041768
35.06,-0.0034131
35.07,-0.0025864
35.08,-0.0017065
35.09,-0.00077827
35.1,0.00019943
35.11,0.0012228
35.12,0.0022934
35.13,0.0034018
35.14,0.0045578
35.15,0.0057392
35.16,0.0069577
35.17,0.0081853
35.18,0.0094422
35.19,0.01073
35.199,0.012035
35.209,0.013344
35.219,0.014661
35.229,0.016002
35.239,0.017347
35.249,0.018682
35.259,0.020023
35.269,0.021347
35.279,0.022664
35.289,0.023969
35.299,0.02526
35.309,0.026538
35.319,0.02779
35.329,0.029017
35.339,0.030225
35.349,0.031409
35.359,0.03258
35.369,0.033711
35.379,0.034812
35.389,0.035869
35.399,0.036897
35.409,0.037883
35.419,0.038834
35.429,0.039749
35.439,0.04063
35.449,0.041483
35.459,0.042289
35.469,0.043055
35.479,0.043779
35.489,0.044474
35.499,0.045136
35.509,0.045767
35.519,0.046362
35.529,0.046925
35.539,0.047454
35.549,0.047953
35.559,0.048421
35.569,0.048863
35.579,0.049271
35.589,0.049648
35.599,0.049996
35.609,0.050326
35.619,0.050642
35.629,0.050936
35.638,0.051211
35.648,0.051467
35.658,0.051706
35.668,0.051939
35.678,0.052158
35.688,0.052356
35.698,0.052547
35.708,0.052733
35.718,0.052916
35.728,0.053087
35.738,0.053248
35.748,0.053402
35.758,0.053554
35.768,0.053702
35.778,0.053851
35.788,0.054005
35.798,0.054156
35.808,0.054309
35.818,0.054472
35.828,0.054648
35.838,0.054828
35.848,0.055008
35.858,0.055188
35.868,0.055368
35.878,0.055546
35.888,0.055729
35.898,0.055914
35.908,0.056088
35.918,0.056264
35.928,0.05644
35.938,0.056615
35.948,0.056802
35.958,0.05698
35.968,0.057158
35.978,0.057337
35.988,0.057506
35.998,0.057655
36.008,0.057798
36.018,0.057931
36.028,0.058048
36.038,0.058143
36.048,0.058218
36.058,0.058269
36.068,0.058296
36.077,0.058308
36.087,0.058291
36.097,0.058246
36.107,0.058176
36.117,0.058077
36.127,0.057939
36.137,0.057768
36.147,0.057557
36.157,0.057317
36.167,0.057032
36.177,0.056709
36.187,0.056345
36.197,0.05594
36.207,0.055494
36.217,0.055005
36.227,0.054475
36.237,0.053902
36.247,0.053294
36.257,0.052637
36.267,0.051931
36.277,0.051188
36.287,0.050399
36.297,0.049557
36.307,0.048664
36.317,0.047735
36.327,0.04678
36.337,0.045783
36.347,0.044751
36.357,0.043689
36.367,0.042598
36.377,0.041482
36.387,0.040339
36.397,0.039166
36.407,0.037964
36.417,0.036746
36.427,0.035499
36.437,0.034236
36.447,0.032944
36.457,0.031628
36.467,0.030293
36.477,0.028953
36.487,0.027614
36.497,0.026287
36.506,0.02495
36.516,0.023633
36.526,0.022322
36.536,0.021005
36.546,0.019701
36.556,0.018428
36.566,0.017167
36.576,0.015908
36.586,0.014679
36.596,0.013467
36.606,0.01228
36.616,0.011131
36.626,0.010015
36.636,0.0089166
36.646,0.0078464
36.656,0.0068161
36.666,0.0058209
36.676,0.0048573
36.686,0.0039353
36.696,0.0030666
36.706,0.0022293
36.716,0.0014338
36.726,0.00068169
36.736,-3.307e-005
36.746,-0.00070331
36.756,-0.0013211
36.766,-0.001888
36.776,-0.0024098
36.786,-0.0028981
36.796,-0.0033416
36.806,-0.0037273
36.816,-0.0040719
36.826,-0.0043776
36.836,-0.0046429
36.846,-0.004859
36.856,-0.0050342
36.866,-0.0051719
36.876,-0.0052656
36.886,-0.0053144
36.896,-0.0053235
36.906,-0.0052883
36.916,-0.0052144
36.926,-0.0051054
36.936,-0.0049633
36.945,-0.0047835
36.955,-0.0045668
36.965,-0.0043069
36.975,-0.0040166
36.985,-0.0036978
36.995,-0.0033508
37.005,-0.0029737
37.015,-0.0025661
37.025,-0.0021416
37.035,-0.0016999
37.045,-0.0012369
37.055,-0.00074797
37.065,-0.00023957
37.075,0.00028004
37.085,0.00082722
37.095,0.0013834
37.105,0.0019517
37.115,0.0025284
37.125,0.0031201
37.135,0.0037165
37.145,0.0043223
37.155,0.0049237
37.165,0.0055259
37.175,0.0061313
37.185,0.0067336
37.195,0.0073302
37.205,0.0079142
37.215,0.0084988
37.225,0.0090804
37.235,0.0096491
37.245,0.010217
37.255,0.010761
37.265,0.011312
37.275,0.011844
37.285,0.012368
37.295,0.012873
37.305,0.013371
37.315,0.013854
37.325,0.01433
37.335,0.014803
37.345,0.015257
37.355,0.015698
37.365,0.016113
37.375,0.016518
37.384,0.016903
37.394,0.017278
37.404,0.017645
37.414,0.018002
37.424,0.018351
37.434,0.018679
37.444,0.019005
37.454,0.019313
37.464,0.019608
37.474,0.019891
37.484,0.020185
37.494,0.020471
37.504,0.02074
37.514,0.021008
37.524,0.021289
37.534,0.021564
37.544,0.021834
37.554,0.0221
37.564,0.022361
37.574,0.022634
37.584,0.022916
37.594,0.023198
37.604,0.023477
37.614,0.023758
37.624,0.024045
37.634,0.024334
37.644,0.024627
37.654,0.02492
37.664,0.025223
37.674,0.025517
37.684,0.025821
37.694,0.026135
37.704,0.026448
37.714,0.026753
37.724,0.027053
37.734,0.027359
37.744,0.027667
37.754,0.027978
37.764,0.028277
37.774,0.028572
37.784,0.028857
37.794,0.029138
37.804,0.029407
37.814,0.029667
37.823,0.029914
37.833,0.030146
37.843,0.03035
37.853,0.030536
37.863,0.030707
37.873,0.030862
37.883,0.030986
37.893,0.031081
37.903,0.031144
37.913,0.031177
37.923,0.031191
37.933,0.031174
37.943,0.031119
37.953,0.031024
37.963,0.030894
37.973,0.030727
37.983,0.030522
37.993,0.030274
38.003,0.029982
38.013,0.029655
38.023,0.02928
38.033,0.028865
38.043,0.028408
38.053,0.027905
38.063,0.027372
38.073,0.026798
38.083,0.026182
38.093,0.025522
38.103,0.024827
38.113,0.024088
38.123,0.023311
38.133,0.022505
38.143,0.021665
38.153,0.0208
38.163,0.019916
38.173,0.019009
38.183,0.01807
38.193,0.017097
38.203,0.016108
38.213,0.015107
38.223,0.014077
38.233,0.01303
38.243,0.011976
38.253,0.010915
38.262,0.0098372
38.272,0.0087425
38.282,0.007676
38.292,0.0066199
38.302,0.0055604
38.312,0.0044974
38.322,0.0034473
38.332,0.0024042
38.342,0.0013622
38.352,0.0003471
38.362,-0.00065327
38.372,-0.0016411
38.382,-0.0026149
38.392,-0.0035662
38.402,-0.0044924
38.412,-0.0054049
38.422,-0.0062875
38.432,-0.0071371
38.442,-0.0079497
38.452,-0.0087354
38.462,-0.0094971
38.472,-0.010217
38.482,-0.010905
38.492,-0.011564
38.502,-0.012183
38.512,-0.012763
38.522,-0.013312
38.532,-0.013833
38.542,-0.014318
38.552,-0.014774
38.562,-0.015202
38.572,-0.015602
38.582,-0.015961
38.592,-0.01628
38.602,-0.016563
38.612,-0.016816
38.622,-0.017034
38.632,-0.017218
38.642,-0.017374
38.652,-0.017496
38.662,-0.017576
38.672,-0.017631
38.682,-0.017653
38.691,-0.01764
38.701,-0.017602
38.711,-0.017544
38.721,-0.017461
38.731,-0.017343
38.741,-0.017193
38.751,-0.017016
38.761,-0.016813
38.771,-0.016596
38.781,-0.016357
38.791,-0.016093
38.801,-0.015806
38.811,-0.015497
38.821,-0.015157
38.831,-0.014798
38.841,-0.014424
38.851,-0.014026
38.861,-0.013606
38.871,-0.013171
38.881,-0.012717
38.891,-0.012245
38.901,-0.01176
38.911,-0.011254
38.921,-0.010728
38.931,-0.010198
38.941,-0.0096536
38.951,-0.0091006
38.961,-0.0085245
38.971,-0.0079366
38.981,-0.007341
38.991,-0.0067328
39.001,-0.0061187
39.011,-0.0054972
39.021,-0.00486
39.031,-0.004213
39.041,-0.0035612
39.051,-0.0028924
39.061,-0.0022179
39.071,-0.0015339
39.081,-0.00084138
39.091,-0.00015472
39.101,0.00052982
39.111,0.0012194
39.121,0.0019258
39.13,0.0026296
39.14,0.0033279
39.15,0.0040315
39.16,0.004732
39.17,0.0054426
39.18,0.0061462
39.19,0.0068509
39.2,0.0075493
39.21,0.0082478
39.22,0.0089466
39.23,0.009639
39.24,0.010326
39.25,0.011001
39.26,0.011665
39.27,0.012316
39.28,0.012964
39.29,0.01361
39.3,0.014249
39.31,0.014869
39.32,0.015475
39.33,0.016073
39.34,0.016653
39.35,0.017225
39.36,0.017774
39.37,0.018296
39.38,0.018797
39.39,0.019279
39.4,0.019749
39.41,0.020197
39.42,0.020616
39.43,0.021015
39.44,0.021386
39.45,0.021723
39.46,0.022023
39.47,0.022287
39.48,0.022531
39.49,0.022743
39.5,0.022918
39.51,0.023064
39.52,0.023179
39.53,0.023251
39.54,0.023295
39.55,0.023328
39.56,0.023318
39.569,0.023264
39.579,0.02318
39.589,0.023062
39.599,0.022913
39.609,0.022737
39.619,0.022517
39.629,0.022259
39.639,0.021978
39.649,0.021669
39.659,0.021322
39.669,0.020952
39.679,0.020551
39.689,0.020116
39.699,0.019659
39.709,0.019167
39.719,0.018639
39.729,0.018087
39.739,0.01752
39.749,0.016924
39.759,0.016302
39.769,0.015656
39.779,0.014989
39.789,0.014298
39.799,0.013592
39.809,0.01287
39.819,0.012128
39.829,0.011376
39.839,0.010611
39.849,0.0098403
39.859,0.0090673
39.869,0.0082969
39.879,0.007518
39.889,0.006727
39.899,0.005932
39.909,0.0051544
39.919,0.0043684
39.929,0.0035841
39.939,0.0028165
39.949,0.002052
39.959,0.0012906
39.969,0.00053898
39.979,-0.00020281
39.989,-0.00093893
39.999,-0.0016561
40.008,-0.0023645
40.018,-0.003052
40.028,-0.00373
40.038,-0.0044108
40.048,-0.0050629
40.058,-0.0056916
40.068,-0.0063013
40.078,-0.0068977
40.088,-0.0074697
40.098,-0.0080134
40.108,-0.0085401
40.118,-0.0090522
40.128,-0.0095366
40.138,-0.0099936
40.148,-0.010436
40.158,-0.010852
40.168,-0.011234
40.178,-0.011589
40.188,-0.01193
40.198,-0.012243
40.208,-0.012521
40.218,-0.012767
40.228,-0.012987
40.238,-0.013182
40.248,-0.013347
40.258,-0.013484
40.268,-0.013599
40.278,-0.013686
40.288,-0.013752
40.298,-0.013795
40.308,-0.013806
40.318,-0.01379
40.328,-0.013742
40.338,-0.013667
40.348,-0.01357
40.358,-0.013446
40.368,-0.013281
40.378,-0.013084
40.388,-0.012858
40.398,-0.012613
40.408,-0.012332
40.418,-0.012014
40.428,-0.011673
40.438,-0.011308
40.447,-0.010918
40.457,-0.010513
40.467,-0.010068
40.477,-0.0095943
40.487,-0.0090988
40.497,-0.0085829
40.507,-0.0080379
40.517,-0.0074536
40.527,-0.0068495
40.537,-0.0062207
40.547,-0.0055644
40.557,-0.0048804
40.567,-0.0041825
40.577,-0.0034586
40.587,-0.0027164
40.597,-0.0019529
40.607,-0.0011755
40.617,-0.00038121
40.627,0.00041037
40.637,0.0012213
40.647,0.0020522
40.657,0.0028923
40.667,0.003744
40.677,0.004606
40.687,0.0054768
40.697,0.006372
40.707,0.007276
40.717,0.0081961
40.727,0.009122
40.737,0.010051
40.747,0.01099
40.757,0.011928
40.767,0.012854
40.777,0.013783
40.787,0.014717
40.797,0.015643
40.807,0.016581
40.817,0.017515
40.827,0.018445
40.837,0.019367
40.847,0.0203
40.857,0.021217
40.867,0.022123
40.877,0.023019
40.886,0.023917
40.896,0.0248
40.906,0.025679
40.916,0.026534
40.926,0.027388
40.936,0.028233
40.946,0.029074
40.956,0.029896
40.966,0.030693
40.976,0.031472
40.986,0.032241
40.996,0.03301
41.006,0.03376
41.016,0.034484
41.026,0.03521
41.036,0.035921
41.046,0.036618
41.056,0.037294
41.066,0.037951
41.076,0.038593
41.086,0.039208
41.096,0.039816
41.106,0.04041
41.116,0.040982
41.126,0.041531
41.136,0.042064
41.146,0.042579
41.156,0.043066
41.166,0.043539
41.176,0.04399
41.186,0.044423
41.196,0.044844
41.206,0.045238
41.216,0.04561
41.226,0.04597
41.236,0.046298
41.246,0.046611
41.256,0.046907
41.266,0.047165
41.276,0.047391
41.286,0.047604
41.296,0.047792
41.306,0.047963
41.315,0.048116
41.325,0.048231
41.335,0.048321
41.345,0.048389
41.355,0.048425
41.365,0.048445
41.375,0.048442
41.385,0.048412
41.395,0.04836
41.405,0.048282
41.415,0.048181
41.425,0.04806
41.435,0.047907
41.445,0.047738
41.455,0.047554
41.465,0.047342
41.475,0.04711
41.485,0.04685
41.495,0.046567
41.505,0.04627
41.515,0.045953
41.525,0.04562
41.535,0.045279
41.545,0.044918
41.555,0.044542
41.565,0.04416
41.575,0.043772
41.585,0.043382
41.595,0.042978
41.605,0.042556
41.615,0.042128
41.625,0.041687
41.635,0.041244
41.645,0.040794
41.655,0.040341
41.665,0.039905
41.675,0.039465
41.685,0.039017
41.695,0.038589
41.705,0.038162
41.715,0.037742
41.725,0.037329
41.735,0.036917
41.745,0.036515
41.754,0.036129
41.764,0.035747
41.774,0.035368
41.784,0.035001
41.794,0.034642
41.804,0.034303
41.814,0.033975
41.824,0.033665
41.834,0.033363
41.844,0.033083
41.854,0.032812
41.864,0.032556
41.874,0.032313
41.884,0.032077
41.894,0.031846
41.904,0.03164
41.914,0.031441
41.924,0.03125
41.934,0.031064
41.944,0.030883
41.954,0.030723
41.964,0.030587
41.974,0.030452
41.984,0.030326
41.994,0.030213
42.004,0.030108
42.014,0.030002
42.024,0.029904
42.034,0.029823
42.044,0.029743
42.054,0.029671
42.064,0.029603
42.074,0.029537
42.084,0.029475
42.094,0.02942
42.104,0.029372
42.114,0.02932
42.124,0.029263
42.134,0.029213
42.144,0.029175
42.154,0.029144
42.164,0.029124
42.174,0.029102
42.184,0.029075
42.193,0.029045
42.203,0.029022
42.213,0.029007
42.223,0.028987
42.233,0.028976
42.243,0.028965
42.253,0.028959
42.263,0.028966
42.273,0.028989
42.283,0.029011
42.293,0.029048
42.303,0.029094
42.313,0.029159
42.323,0.029233
42.333,0.029315
42.343,0.029422
42.353,0.029532
42.363,0.029641
42.373,0.029765
42.383,0.029902
42.393,0.030061
42.403,0.030227
42.413,0.030409
42.423,0.030598
42.433,0.030806
42.443,0.031038
42.453,0.031285
42.463,0.031541
42.473,0.031822
42.483,0.032125
42.493,0.032434
42.503,0.032773
42.513,0.033136
42.523,0.033513
42.533,0.033903
42.543,0.034312
42.553,0.03472
42.563,0.035156
42.573,0.035615
42.583,0.036088
42.593,0.036572
42.603,0.037078
42.613,0.037606
42.623,0.038156
42.632,0.038718
42.642,0.0393
42.652,0.039892
42.662,0.040494
42.672,0.041088
42.682,0.041697
42.692,0.042328
42.702,0.042958
42.712,0.043599
42.722,0.044224
42.732,0.044871
42.742,0.045522
42.752,0.046175
42.762,0.046836
42.772,0.047509
42.782,0.048181
42.792,0.048865
42.802,0.049544
42.812,0.050212
42.822,0.05087
42.832,0.051518
42.842,0.052166
42.852,0.052815
42.862,0.053455
42.872,0.054084
42.882,0.054712
42.892,0.055321
42.902,0.055921
42.912,0.056511
42.922,0.05708
42.932,0.057631
42.942,0.058164
42.952,0.058677
42.962,0.059168
42.972,0.059638
42.982,0.060075
42.992,0.060494
43.002,0.060886
43.012,0.061249
43.022,0.061589
43.032,0.0619
43.042,0.062185
43.052,0.062442
43.062,0.062673
43.071,0.062862
43.081,0.063018
43.091,0.063142
43.101,0.063229
43.111,0.063287
43.121,0.063316
43.131,0.063315
43.141,0.063271
43.151,0.063207
43.161,0.063111
43.171,0.062984
43.181,0.062822
43.191,0.062639
43.201,0.06242
43.211,0.062162
43.221,0.061871
43.231,0.061573
43.241,0.06125
43.251,0.060902
43.261,0.060538
43.271,0.060142
43.281,0.059738
43.291,0.059308
43.301,0.058847
43.311,0.058379
43.321,0.057891
43.331,0.05739
43.341,0.056887
43.351,0.056382
43.361,0.055859
43.371,0.055327
43.381,0.054799
43.391,0.054279
43.401,0.053749
43.411,0.053228
43.421,0.052699
43.431,0.052164
43.441,0.051624
43.451,0.051085
43.461,0.050554
43.471,0.050031
43.481,0.049515
43.491,0.048987
43.5,0.048453
43.51,0.047907
43.52,0.04737
43.53,0.046835
43.54,0.046301
43.55,0.045778
43.56,0.045267
43.57,0.04476
43.58,0.044238
43.59,0.043706
43.6,0.043177
43.61,0.042647
43.62,0.042119
43.63,0.04159
43.64,0.041053
43.65,0.040524
43.66,0.039989
43.67,0.039431
43.68,0.038876
43.69,0.038309
43.7,0.037731
43.71,0.037153
43.72,0.036559
43.73,0.035958
43.74,0.035344
43.75,0.034724
43.76,0.034097
43.77,0.033483
43.78,0.032853
43.79,0.032215
43.8,0.031588
43.81,0.030953
43.82,0.030312
43.83,0.029663
43.84,0.029014
43.85,0.028371
43.86,0.027732
43.87,0.027113
43.88,0.026487
43.89,0.02588
43.9,0.025278
43.91,0.024686
43.92,0.024104
43.93,0.023541
43.939,0.022995
43.949,0.022472
43.959,0.021963
43.969,0.021477
43.979,0.021019
43.989,0.020595
43.999,0.020187
44.009,0.019806
44.019,0.019464
44.029,0.019154
44.039,0.018878
44.049,0.018638
44.059,0.018438
44.069,0.018265
44.079,0.018133
44.089,0.018026
44.099,0.017967
44.109,0.017956
44.119,0.017974
44.129,0.018041
44.139,0.018158
44.149,0.018303
44.159,0.018477
44.169,0.018674
44.179,0.018917
44.189,0.019187
44.199,0.019491
44.209,0.019827
44.219,0.020193
44.229,0.020591
44.239,0.021018
44.249,0.021488
44.259,0.021992
44.269,0.022519
44.279,0.023062
44.289,0.02363
44.299,0.024219
44.309,0.024816
44.319,0.025423
44.329,0.026051
44.339,0.026707
44.349,0.02737
44.359,0.02803
44.369,0.028685
44.378,0.029343
44.388,0.029998
44.398,0.03066
44.408,0.031323
44.418,0.031988
44.428,0.032639
44.438,0.033292
44.448,0.033937
44.458,0.034575
44.468,0.035214
44.478,0.03583
44.488,0.036434
44.498,0.037042
44.508,0.03764
44.518,0.0382
44.528,0.038726
44.538,0.039233
44.548,0.039722
44.558,0.040182
44.568,0.040613
44.578,0.041019
44.588,0.041404
44.598,0.04174
44.608,0.04206
44.618,0.042348
44.628,0.0426
44.638,0.042824
44.648,0.043018
44.658,0.043187
44.668,0.043318
44.678,0.043425
44.688,0.043475
44.698,0.043505
44.708,0.043487
44.718,0.043427
44.728,0.043325
44.738,0.043168
44.748,0.042971
44.758,0.042739
44.768,0.042471
44.778,0.042158
44.788,0.04181
44.798,0.041423
44.808,0.041003
44.817,0.040525
44.827,0.039999
44.837,0.03944
44.847,0.038848
44.857,0.038223
44.867,0.03757
44.877,0.036878
44.887,0.036169
44.897,0.035426
44.907,0.034645
44.917,0.033827
44.927,0.033
44.937,0.032126
44.947,0.031231
44.957,0.030328
44.967,0.029394
44.977,0.028428
44.987,0.027448
44.997,0.026428
45.007,0.025409
45.017,0.02437
45.027,0.023324
45.037,0.022271
45.047,0.021213
45.057,0.020135
45.067,0.019032
45.077,0.017931
45.087,0.01683
45.097,0.015746
45.107,0.014651
45.117,0.013559
45.127,0.012448
45.137,0.011371
45.147,0.010288
45.157,0.0092106
45.167,0.0081423
45.177,0.0070793
45.187,0.0060058
45.197,0.0049504
45.207,0.0039163
45.217,0.0028809
45.227,0.0018573
45.237,0.00085674
45.247,-0.00011405
45.256,-0.0010844
45.266,-0.0020451
45.276,-0.0029932
45.286,-0.0039349
45.296,-0.0048726
45.306,-0.0057977
45.316,-0.0067276
45.326,-0.0076256
45.336,-0.0085004
45.346,-0.0093571
45.356,-0.010195
45.366,-0.011011
45.376,-0.011837
45.386,-0.012651
45.396,-0.013456
45.406,-0.014243
45.416,-0.015028
45.426,-0.015818
45.436,-0.016612
45.446,-0.017401
45.456,-0.018176
45.466,-0.018951
45.476,-0.019708
45.486,-0.020451
45.496,-0.021182
45.506,-0.0219
45.516,-0.022615
45.526,-0.023332
45.536,-0.024088
45.546,-0.024829
45.556,-0.02556
45.566,-0.026283
45.576,-0.027005
45.586,-0.027709
45.596,-0.028395
45.606,-0.029084
45.616,-0.029765
45.626,-0.030453
45.636,-0.031127
45.646,-0.031791
45.656,-0.032461
45.666,-0.033104
45.676,-0.033719
45.686,-0.034319
45.695,-0.034901
45.705,-0.035487
45.715,-0.036039
45.725,-0.036577
45.735,-0.037077
45.745,-0.03757
45.755,-0.038056
45.765,-0.038534
45.775,-0.038972
45.785,-0.039378
45.795,-0.03975
45.805,-0.040083
45.815,-0.040391
45.825,-0.04067
45.835,-0.0409
45.845,-0.041109
45.855,-0.041281
45.865,-0.0414
45.875,-0.041486
45.885,-0.041542
45.895,-0.041568
45.905,-0.041566
45.915,-0.041535
45.925,-0.041457
45.935,-0.041351
45.945,-0.0412
45.955,-0.041012
45.965,-0.040789
45.975,-0.040516
45.985,-0.040192
45.995,-0.039833
46.005,-0.039424
46.015,-0.03898
46.025,-0.0385
46.035,-0.038003
46.045,-0.037469
46.055,-0.03692
46.065,-0.036343
46.075,-0.035741
46.085,-0.035106
46.095,-0.034442
46.105,-0.033772
46.115,-0.033074
46.124,-0.03238
46.134,-0.031682
46.144,-0.030974
46.154,-0.030237
46.164,-0.02949
46.174,-0.028735
46.184,-0.027984
46.194,-0.027256
46.204,-0.026539
46.214,-0.025827
46.224,-0.025129
46.234,-0.024412
46.244,-0.023734
46.254,-0.023072
46.264,-0.022427
46.274,-0.021815
46.284,-0.021233
46.294,-0.02068
46.304,-0.020151
46.314,-0.019653
46.324,-0.019194
46.334,-0.018765
46.344,-0.01838
46.354,-0.018025
46.364,-0.017722
46.374,-0.017471
46.384,-0.017268
46.394,-0.017116
46.404,-0.016991
46.414,-0.01692
46.424,-0.016911
46.434,-0.016957
46.444,-0.017056
46.454,-0.0172
46.464,-0.017399
46.474,-0.017639
46.484,-0.017916
46.494,-0.018243
46.504,-0.01862
46.514,-0.019051
46.524,-0.019522
46.534,-0.020044
46.544,-0.020606
46.554,-0.021187
46.563,-0.02181
46.573,-0.022453
46.583,-0.023117
46.593,-0.023828
46.603,-0.024551
46.613,-0.025313
46.623,-0.026117
46.633,-0.026915
46.643,-0.027724
46.653,-0.028547
46.663,-0.029397
46.673,-0.030241
46.683,-0.031087
46.693,-0.031919
46.703,-0.032759
46.713,-0.033599
46.723,-0.034456
46.733,-0.035315
46.743,-0.036142
46.753,-0.036964
46.763,-0.03777
46.773,-0.038572
46.783,-0.039342
46.793,-0.040076
46.803,-0.0408
46.813,-0.041514
46.823,-0.042219
46.833,-0.042901
46.843,-0.043545
46.853,-0.04416
46.863,-0.044733
46.873,-0.045288
46.883,-0.045823
46.893,-0.046331
46.903,-0.04683
46.913,-0.047322
46.923,-0.047791
46.933,-0.048247
46.943,-0.048667
46.953,-0.049067
46.963,-0.049455
46.973,-0.049821
46.983,-0.050154
46.993,-0.050487
47.002,-0.050803
47.012,-0.051109
47.022,-0.051425
47.032,-0.051746
47.042,-0.052038
47.052,-0.052307
47.062,-0.052592
47.072,-0.052879
47.082,-0.053177
47.092,-0.0535
47.102,-0.053831
47.112,-0.054175
47.122,-0.054536
47.132,-0.05491
47.142,-0.055271
47.152,-0.055658
47.162,-0.056064
47.172,-0.056482
47.182,-0.056917
47.192,-0.057397
47.202,-0.057875
47.212,-0.058375
47.222,-0.058899
47.232,-0.059453
47.242,-0.060024
47.252,-0.060595
47.262,-0.061177
47.272,-0.06176
47.282,-0.062364
47.292,-0.062997
47.302,-0.063663
47.312,-0.064335
47.322,-0.065016
47.332,-0.065701
47.342,-0.06639
47.352,-0.067094
47.362,-0.067789
47.372,-0.068489
47.382,-0.069206
47.392,-0.069908
47.402,-0.070597
47.412,-0.071286
47.422,-0.071973
47.432,-0.07265
47.441,-0.073266
47.451,-0.073878
47.461,-0.074474
47.471,-0.075063
47.481,-0.075623
47.491,-0.076149
47.501,-0.076657
47.511,-0.077132
47.521,-0.077551
47.531,-0.077913
47.541,-0.078218
47.551,-0.078481
47.561,-0.078702
47.571,-0.078884
47.581,-0.079004
47.591,-0.079096
47.601,-0.079141
47.611,-0.079128
47.621,-0.07909
47.631,-0.079004
47.641,-0.078858
47.651,-0.078645
47.661,-0.078368
47.671,-0.07805
47.681,-0.077662
47.691,-0.077242
47.701,-0.076775
47.711,-0.076277
47.721,-0.075717
47.731,-0.07511
47.741,-0.074439
47.751,-0.073731
47.761,-0.072975
47.771,-0.072179
47.781,-0.07132
47.791,-0.070442
47.801,-0.069549
47.811,-0.068632
47.821,-0.067651
47.831,-0.06662
47.841,-0.065582
47.851,-0.064531
47.861,-0.063473
47.871,-0.062376
47.88,-0.061248
47.89,-0.060109
47.9,-0.058932
47.91,-0.057754
47.92,-0.056564
47.93,-0.055381
47.94,-0.054188
47.95,-0.053001
47.96,-0.051818
47.97,-0.050653
47.98,-0.049441
47.99,-0.048262
48,-0.047106
48.01,-0.045945
48.02,-0.044821
48.03,-0.043699
48.04,-0.042599
48.05,-0.04151
48.06,-0.040429
48.07,-0.039375
48.08,-0.03836
48.09,-0.037387
48.1,-0.036432
48.11,-0.035507
48.12,-0.03463
48.13,-0.033762
48.14,-0.032918
48.15,-0.032096
48.16,-0.031309
48.17,-0.030551
48.18,-0.029819
48.19,-0.029077
48.2,-0.028392
48.21,-0.02776
48.22,-0.027164
48.23,-0.026583
48.24,-0.026025
48.25,-0.025513
48.26,-0.025041
48.27,-0.024601
48.28,-0.024168
48.29,-0.023767
48.3,-0.02339
48.309,-0.023058
48.319,-0.022758
48.329,-0.0225
48.339,-0.022265
48.349,-0.022067
48.359,-0.021906
48.369,-0.021774
48.379,-0.021635
48.389,-0.021547
48.399,-0.021475
48.409,-0.021402
48.419,-0.021361
48.429,-0.021334
48.439,-0.021335
48.449,-0.021339
48.459,-0.021358
48.469,-0.021412
48.479,-0.021456
48.489,-0.021496
48.499,-0.021569
48.509,-0.021681
48.519,-0.021829
48.529,-0.021943
48.539,-0.0221
48.549,-0.022262
48.559,-0.02248
48.569,-0.022676
48.579,-0.022876
48.589,-0.023079
48.599,-0.023309
48.609,-0.023515
48.619,-0.023738
48.629,-0.023983
48.639,-0.024226
48.649,-0.024446
48.659,-0.024708
48.669,-0.024983
48.679,-0.025256
48.689,-0.025476
48.699,-0.02577
48.709,-0.025987
48.719,-0.026216
48.729,-0.02644
48.739,-0.026642
48.748,-0.026884
48.758,-0.027114
48.768,-0.02741
48.778,-0.027671
48.788,-0.027904
48.798,-0.028129
48.808,-0.028337
48.818,-0.028583
48.828,-0.028786
48.838,-0.029001
48.848,-0.029225
48.858,-0.029392
48.868,-0.029593
48.878,-0.029799
48.888,-0.030015
48.898,-0.030143
48.908,-0.030323
48.918,-0.030464
48.928,-0.030569
48.938,-0.030708
48.948,-0.030796
48.958,-0.030913
48.968,-0.03101
48.978,-0.031131
48.988,-0.031204
48.998,-0.031275
49.008,-0.031338
49.018,-0.031377
49.028,-0.031295
49.038,-0.031207
49.048,-0.031178
49.058,-0.031114
49.068,-0.030965
49.078,-0.030927
49.088,-0.030817
49.098,-0.030599
49.108,-0.030383
49.118,-0.030121
49.128,-0.029779
49.138,-0.029421
49.148,-0.029081
49.158,-0.028754
49.168,-0.028448
49.178,-0.028134
49.187,-0.02762
49.197,-0.027225
49.207,-0.026813
49.217,-0.026345
49.227,-0.025667
49.237,-0.025133
49.247,-0.02462
49.257,-0.023918
49.267,-0.023392
49.277,-0.022759
49.287,-0.022071
49.297,-0.021311
49.307,-0.020316
49.317,-0.019612
49.327,-0.018475
49.337,-0.017583
49.347,-0.016519
49.357,-0.015781
49.367,-0.015153
49.377,-0.014242
49.387,-0.012856
49.397,-0.011816
49.407,-0.010991
49.417,-0.0097787
49.427,-0.0087145
49.437,-0.0074884
49.447,-0.006447
49.457,-0.0052997
49.467,-0.0043084
49.477,-0.0031548
49.487,-0.0023352
49.497,-0.0010214
49.507,0.00043653
49.517,0.0012536
49.527,0.0026388
49.537,0.0037591
49.547,0.0051052
49.557,0.0063061
49.567,0.0074052
49.577,0.0085379
49.587,0.0096699
49.597,0.010595
49.607,0.011593
49.617,0.012787
49.626,0.013761
49.636,0.014719
49.646,0.015703
49.656,0.016544
49.666,0.0173
49.676,0.018048
49.686,0.018695
49.696,0.019205
49.706,0.019686
49.716,0.020243
49.726,0.020716
49.736,0.021203
49.746,0.0216
49.756,0.021958
49.766,0.022215
49.776,0.022446
49.786,0.022519
49.796,0.022595
49.806,0.022611
49.816,0.022544
49.826,0.022399
49.836,0.022152
49.846,0.021892
49.856,0.020479
49.866,0.014008
49.876,0.005022
