0,-0.00018059
0.010021,0.00029197
0.020041,-0.00018105
0.030062,-0.00054847
0.040082,-0.00079066
0.050103,-0.00089145
0.060123,-0.0010642
0.070144,-0.0011787
0.080165,-0.0014262
0.090185,-0.0015406
0.10021,-0.0016952
0.11023,-0.0018814
0.12025,-0.002001
0.13027,-0.0020415
0.14029,-0.0021457
0.15031,-0.00232
0.16033,-0.0024385
0.17035,-0.0025319
0.18037,-0.002642
0.19039,-0.0027398
0.20041,-0.0028112
0.21043,-0.0028896
0.22045,-0.002968
0.23047,-0.003012
0.24049,-0.0030622
0.25051,-0.0031513
0.26054,-0.0032719
0.27056,-0.0033219
0.28058,-0.0033319
0.2906,-0.0033661
0.30062,-0.0034056
0.31064,-0.0034748
0.32066,-0.0035371
0.33068,-0.0035498
0.3407,-0.003617
0.35072,-0.0036757
0.36074,-0.0037427
0.37076,-0.0038578
0.38078,-0.0039411
0.3908,-0.0040074
0.40082,-0.0040742
0.41084,-0.0041142
0.42086,-0.0041431
0.43088,-0.0041609
0.44091,-0.0041513
0.45093,-0.0041642
0.46095,-0.00416
0.47097,-0.0042056
0.48099,-0.0043009
0.49101,-0.0043292
0.50103,-0.0043592
0.51105,-0.0043716
0.52107,-0.0043824
0.53109,-0.0044149
0.54111,-0.0044733
0.55113,-0.0045295
0.56115,-0.0046014
0.57117,-0.0046568
0.58119,-0.0047065
0.59121,-0.0047047
0.60123,-0.004704
0.61126,-0.0047117
0.62128,-0.0047484
0.6313,-0.0047768
0.64132,-0.004794
0.65134,-0.0048236
0.66136,-0.0048458
0.67138,-0.0048562
0.6814,-0.0048331
0.69142,-0.004795
0.70144,-0.0047658
0.71146,-0.00472
0.72148,-0.0047471
0.7315,-0.0047574
0.74152,-0.004791
0.75154,-0.0048375
0.76156,-0.004879
0.77158,-0.0048968
0.78161,-0.0048878
0.79163,-0.0048992
0.80165,-0.0049202
0.81167,-0.0049468
0.82169,-0.0049806
0.83171,-0.0050102
0.84173,-0.0050419
0.85175,-0.0050835
0.86177,-0.0051299
0.87179,-0.0051488
0.88181,-0.0051629
0.89183,-0.005172
0.90185,-0.0051442
0.91187,-0.0051462
0.92189,-0.0051605
0.93191,-0.0051932
0.94193,-0.0051983
0.95195,-0.005215
0.96198,-0.0052022
0.972,-0.0051974
0.98202,-0.0051927
0.99204,-0.0051853
1.0021,-0.0051668
1.0121,-0.0051657
1.0221,-0.0052257
1.0321,-0.0052672
1.0421,-0.0053258
1.0522,-0.0054019
1.0622,-0.0054712
1.0722,-0.0055265
1.0822,-0.0055789
1.0922,-0.0056032
1.1023,-0.005631
1.1123,-0.0056278
1.1223,-0.0056142
1.1323,-0.0056161
1.1423,-0.0056462
1.1524,-0.0056879
1.1624,-0.0057296
1.1724,-0.005774
1.1824,-0.0058317
1.1924,-0.0058723
1.2025,-0.0058898
1.2125,-0.005899
1.2225,-0.0059201
1.2325,-0.0059307
1.2426,-0.0059188
1.2526,-0.0059324
1.2626,-0.0059621
1.2726,-0.005965
1.2826,-0.005958
1.2927,-0.0059522
1.3027,-0.0059325
1.3127,-0.0059086
1.3227,-0.0058842
1.3327,-0.005872
1.3428,-0.0058868
1.3528,-0.0059101
1.3628,-0.0059264
1.3728,-0.0059492
1.3828,-0.0059918
1.3929,-0.0060355
1.4029,-0.0060532
1.4129,-0.0060732
1.4229,-0.0060982
1.4329,-0.0061158
1.443,-0.0061298
1.453,-0.0061352
1.463,-0.0061577
1.473,-0.006182
1.483,-0.0061976
1.4931,-0.0061903
1.5031,-0.006195
1.5131,-0.0061812
1.5231,-0.0061737
1.5331,-0.0061852
1.5432,-0.0062042
1.5532,-0.00621
1.5632,-0.0061991
1.5732,-0.0062037
1.5833,-0.0062157
1.5933,-0.0061904
1.6033,-0.0061641
1.6133,-0.0061487
1.6233,-0.006131
1.6334,-0.0061382
1.6434,-0.0061494
1.6534,-0.0061504
1.6634,-0.0061485
1.6734,-0.0061414
1.6835,-0.0061301
1.6935,-0.0061387
1.7035,-0.0061451
1.7135,-0.0061355
1.7235,-0.0061021
1.7336,-0.006067
1.7436,-0.0060416
1.7536,-0.0060351
1.7636,-0.0060175
1.7736,-0.0059956
1.7837,-0.0059753
1.7937,-0.005962
1.8037,-0.005926
1.8137,-0.0059095
1.8237,-0.0059067
1.8338,-0.0058853
1.8438,-0.0058646
1.8538,-0.0058257
1.8638,-0.0057973
1.8738,-0.0057731
1.8839,-0.0057459
1.8939,-0.0057381
1.9039,-0.0057239
1.9139,-0.0057008
1.924,-0.0056706
1.934,-0.0056581
1.944,-0.0056501
1.954,-0.0056433
1.964,-0.0056506
1.9741,-0.0056427
1.9841,-0.0056119
1.9941,-0.0055799
2.0041,-0.0055425
2.0141,-0.0055107
2.0242,-0.0054772
2.0342,-0.0054516
2.0442,-0.0054125
2.0542,-0.0053818
2.0642,-0.0053633
2.0743,-0.0053386
2.0843,-0.0053209
2.0943,-0.0052858
2.1043,-0.0052618
2.1143,-0.0052284
2.1244,-0.0051933
2.1344,-0.0051755
2.1444,-0.0051464
2.1544,-0.0051196
2.1644,-0.0050879
2.1745,-0.0050458
2.1845,-0.0050167
2.1945,-0.0049948
2.2045,-0.0049588
2.2145,-0.0049351
2.2246,-0.0049044
2.2346,-0.0048495
2.2446,-0.0048105
2.2546,-0.0047722
2.2647,-0.0047258
2.2747,-0.004688
2.2847,-0.0046415
2.2947,-0.0045907
2.3047,-0.0045421
2.3148,-0.0045182
2.3248,-0.0044685
2.3348,-0.0044181
2.3448,-0.0043647
2.3548,-0.0042981
2.3649,-0.0042456
2.3749,-0.0041865
2.3849,-0.0041137
2.3949,-0.004053
2.4049,-0.0039903
2.415,-0.0039431
2.425,-0.0038803
2.435,-0.0038379
2.445,-0.0037874
2.455,-0.0037346
2.4651,-0.0036714
2.4751,-0.0036201
2.4851,-0.0035742
2.4951,-0.0035229
2.5051,-0.0034853
2.5152,-0.0034476
2.5252,-0.0033906
2.5352,-0.0033248
2.5452,-0.0032385
2.5552,-0.0031762
2.5653,-0.0031226
2.5753,-0.0030717
2.5853,-0.003016
2.5953,-0.0029645
2.6054,-0.0028868
2.6154,-0.0028152
2.6254,-0.0027451
2.6354,-0.0026871
2.6454,-0.0026429
2.6555,-0.0025878
2.6655,-0.0025335
2.6755,-0.0024843
2.6855,-0.0024304
2.6955,-0.0023873
2.7056,-0.0023436
2.7156,-0.0022977
2.7256,-0.002248
2.7356,-0.0022024
2.7456,-0.0021379
2.7557,-0.0020584
2.7657,-0.0019941
2.7757,-0.0019498
2.7857,-0.0018978
2.7957,-0.0018425
2.8058,-0.0018071
2.8158,-0.00178
2.8258,-0.0017374
2.8358,-0.0016986
2.8458,-0.0016669
2.8559,-0.001635
2.8659,-0.0016006
2.8759,-0.0015656
2.8859,-0.001526
2.8959,-0.0014994
2.906,-0.0014625
2.916,-0.0014188
2.926,-0.0013886
2.936,-0.0013529
2.946,-0.0013205
2.9561,-0.0012643
2.9661,-0.0012467
2.9761,-0.0012183
2.9861,-0.0011989
2.9962,-0.0011659
3.0062,-0.001149
3.0162,-0.0011176
3.0262,-0.0010895
3.0362,-0.001054
3.0463,-0.0010281
3.0563,-0.00099367
3.0663,-0.00096587
3.0763,-0.00094208
3.0863,-0.00092438
3.0964,-0.00090596
3.1064,-0.00088759
3.1164,-0.00087043
3.1264,-0.00083872
3.1364,-0.0008181
3.1465,-0.00076579
3.1565,-0.00071505
3.1665,-0.00069129
3.1765,-0.00065625
3.1865,-0.00062637
3.1966,-0.00059042
3.2066,-0.0005565
3.2166,-0.00052279
3.2266,-0.00049488
3.2366,-0.00047501
3.2467,-0.00045583
3.2567,-0.00044582
3.2667,-0.00043706
3.2767,-0.00043836
3.2867,-0.00044162
3.2968,-0.00044549
3.3068,-0.00043399
3.3168,-0.00042231
3.3268,-0.00040242
3.3369,-0.00038482
3.3469,-0.00036531
3.3569,-0.00033693
3.3669,-0.00032886
3.3769,-0.00031803
3.387,-0.00030629
3.397,-0.00029123
3.407,-0.00028018
3.417,-0.00028051
3.427,-0.00027878
3.4371,-0.00027002
3.4471,-0.00027559
3.4571,-0.0002753
3.4671,-0.00027579
3.4771,-0.00028078
3.4872,-0.0002815
3.4972,-0.00027638
3.5072,-0.00027892
3.5172,-0.00030154
3.5272,-0.00030337
3.5373,-0.00029286
3.5473,-0.00027177
3.5573,-0.00025627
3.5673,-0.00024632
3.5773,-0.00022682
3.5874,-0.00020084
3.5974,-0.00017264
3.6074,-0.00015418
3.6174,-0.00013857
3.6274,-0.00011554
3.6375,-0.00010283
3.6475,-7.6748e-005
3.6575,-6.5252e-005
3.6675,-5.5938e-005
3.6776,-3.789e-005
3.6876,-1.4593e-005
3.6976,1.6406e-005
3.7076,3.5847e-005
3.7176,5.7975e-005
3.7277,6.8536e-005
3.7377,9.0789e-005
3.7477,0.00010871
3.7577,0.00012478
3.7677,0.00014125
3.7778,0.00016354
3.7878,0.00018619
3.7978,0.00021229
3.8078,0.00022644
3.8178,0.00024665
3.8279,0.00026267
3.8379,0.00028763
3.8479,0.00031239
3.8579,0.00033878
3.8679,0.00034835
3.878,0.00035765
3.888,0.00037381
3.898,0.00039567
3.908,0.0004115
3.918,0.00044016
3.9281,0.00045741
3.9381,0.00048644
3.9481,0.00051795
3.9581,0.00054938
3.9681,0.00058968
3.9782,0.00063559
3.9882,0.00068277
3.9982,0.00072043
4.0082,0.00075625
4.0183,0.00080141
4.0283,0.0008506
4.0383,0.00089694
4.0483,0.00094428
4.0583,0.00099444
4.0684,0.0010465
4.0784,0.0010869
4.0884,0.001142
4.0984,0.0011997
4.1084,0.0012524
4.1185,0.0012989
4.1285,0.0013585
4.1385,0.0014159
4.1485,0.0014893
4.1585,0.0015718
4.1686,0.0016544
4.1786,0.0017292
4.1886,0.0017942
4.1986,0.001868
4.2086,0.0019506
4.2187,0.0020267
4.2287,0.0021033
4.2387,0.0021823
4.2487,0.0022562
4.2587,0.0023203
4.2688,0.0023935
4.2788,0.0024664
4.2888,0.0025272
4.2988,0.0025828
4.3088,0.0026494
4.3189,0.0027307
4.3289,0.0028065
4.3389,0.0028806
4.3489,0.0029707
4.359,0.0030591
4.369,0.0031457
4.379,0.0032368
4.389,0.0033288
4.399,0.0034104
4.4091,0.0034843
4.4191,0.0035547
4.4291,0.0036396
4.4391,0.003719
4.4491,0.0037863
4.4592,0.0038812
4.4692,0.0039643
4.4792,0.0040545
4.4892,0.0041494
4.4992,0.0042414
4.5093,0.0043325
4.5193,0.0044267
4.5293,0.0045105
4.5393,0.0045915
4.5493,0.0046722
4.5594,0.0047508
4.5694,0.0048299
4.5794,0.0049225
4.5894,0.0050223
4.5994,0.0051217
4.6095,0.0052114
4.6195,0.0052926
4.6295,0.0053785
4.6395,0.0054669
4.6495,0.0055453
4.6596,0.0056256
4.6696,0.0057097
4.6796,0.0057904
4.6896,0.0058697
4.6997,0.0059489
4.7097,0.0060282
4.7197,0.0061067
4.7297,0.0061878
4.7397,0.0062659
4.7498,0.0063386
4.7598,0.0064133
4.7698,0.006483
4.7798,0.0065482
4.7898,0.0066153
4.7999,0.0066815
4.8099,0.0067612
4.8199,0.0068233
4.8299,0.0068891
4.8399,0.0069773
4.85,0.0070584
4.86,0.0071288
4.87,0.0071912
4.88,0.0072542
4.89,0.0073258
4.9001,0.0073852
4.9101,0.007444
4.9201,0.0075126
4.9301,0.0075907
4.9401,0.0076608
4.9502,0.0077312
4.9602,0.0077847
4.9702,0.0078475
4.9802,0.0079087
4.9902,0.0079708
5.0003,0.0080406
5.0103,0.0081064
5.0203,0.0081581
5.0303,0.0082117
5.0404,0.0082743
5.0504,0.0083346
5.0604,0.0083898
5.0704,0.0084439
5.0804,0.0084976
5.0905,0.0085507
5.1005,0.0085914
5.1105,0.0086359
5.1205,0.0086973
5.1305,0.0087592
5.1406,0.0088234
5.1506,0.0088925
5.1606,0.0089462
5.1706,0.0090065
5.1806,0.0090707
5.1907,0.0091208
5.2007,0.0091682
5.2107,0.0092125
5.2207,0.0092538
5.2307,0.009293
5.2408,0.0093401
5.2508,0.0093791
5.2608,0.009424
5.2708,0.0094597
5.2808,0.0095142
5.2909,0.0095596
5.3009,0.009603
5.3109,0.00965
5.3209,0.0097023
5.3309,0.0097531
5.341,0.0097998
5.351,0.0098457
5.361,0.0098849
5.371,0.0099352
5.3811,0.0099837
5.3911,0.010029
5.4011,0.010081
5.4111,0.010127
5.4211,0.010171
5.4312,0.010212
5.4412,0.010261
5.4512,0.010298
5.4612,0.010317
5.4712,0.010344
5.4813,0.010374
5.4913,0.010405
5.5013,0.010429
5.5113,0.010452
5.5213,0.010483
5.5314,0.010507
5.5414,0.010547
5.5514,0.01059
5.5614,0.01063
5.5714,0.010677
5.5815,0.010718
5.5915,0.010756
5.6015,0.010794
5.6115,0.010832
5.6215,0.010874
5.6316,0.010927
5.6416,0.010982
5.6516,0.011038
5.6616,0.011092
5.6716,0.011154
5.6817,0.011209
5.6917,0.011266
5.7017,0.011318
5.7117,0.011366
5.7217,0.011417
5.7318,0.011467
5.7418,0.011517
5.7518,0.011544
5.7618,0.011582
5.7719,0.011637
5.7819,0.011681
5.7919,0.011727
5.8019,0.011774
5.8119,0.011809
5.822,0.011856
5.832,0.0119
5.842,0.011948
5.852,0.012002
5.862,0.012047
5.8721,0.012104
5.8821,0.012167
5.8921,0.012205
5.9021,0.012243
5.9121,0.012283
5.9222,0.012312
5.9322,0.012348
5.9422,0.012367
5.9522,0.01238
5.9622,0.012399
5.9723,0.012418
5.9823,0.012445
5.9923,0.012488
6.0023,0.012535
6.0123,0.012571
6.0224,0.012613
6.0324,0.012644
6.0424,0.012703
6.0524,0.012761
6.0624,0.012801
6.0725,0.012858
6.0825,0.012907
6.0925,0.012954
6.1025,0.012997
6.1126,0.013038
6.1226,0.013087
6.1326,0.013138
6.1426,0.013198
6.1526,0.013245
6.1627,0.013296
6.1727,0.013346
6.1827,0.013388
6.1927,0.013442
6.2027,0.013483
6.2128,0.013517
6.2228,0.01356
6.2328,0.013597
6.2428,0.013631
6.2528,0.013658
6.2629,0.01368
6.2729,0.013705
6.2829,0.013742
6.2929,0.013787
6.3029,0.013834
6.313,0.013878
6.323,0.013926
6.333,0.013964
6.343,0.013999
6.353,0.014038
6.3631,0.014077
6.3731,0.014115
6.3831,0.014155
6.3931,0.014203
6.4031,0.01425
6.4132,0.014287
6.4232,0.014339
6.4332,0.014393
6.4432,0.014443
6.4533,0.01449
6.4633,0.014545
6.4733,0.014596
6.4833,0.014628
6.4933,0.014671
6.5034,0.014716
6.5134,0.014743
6.5234,0.014783
6.5334,0.014832
6.5434,0.014881
6.5535,0.014926
6.5635,0.014969
6.5735,0.01501
6.5835,0.01506
6.5935,0.015108
6.6036,0.015158
6.6136,0.015211
6.6236,0.015257
6.6336,0.015281
6.6436,0.015323
6.6537,0.015373
6.6637,0.015418
6.6737,0.015451
6.6837,0.015492
6.6937,0.015531
6.7038,0.015563
6.7138,0.015591
6.7238,0.015611
6.7338,0.015641
6.7438,0.015663
6.7539,0.015698
6.7639,0.015741
6.7739,0.015766
6.7839,0.015798
6.794,0.015822
6.804,0.015853
6.814,0.015891
6.824,0.015925
6.834,0.01596
6.8441,0.015987
6.8541,0.016015
6.8641,0.016038
6.8741,0.016063
6.8841,0.016091
6.8942,0.016111
6.9042,0.016136
6.9142,0.016156
6.9242,0.016178
6.9342,0.016193
6.9443,0.016213
6.9543,0.016231
6.9643,0.016247
6.9743,0.016267
6.9843,0.016284
6.9944,0.016293
7.0044,0.016301
7.0144,0.016316
7.0244,0.016321
7.0344,0.016325
7.0445,0.016328
7.0545,0.016314
7.0645,0.016306
7.0745,0.016305
7.0845,0.016306
7.0946,0.016299
7.1046,0.0163
7.1146,0.016305
7.1246,0.016308
7.1347,0.016318
7.1447,0.016323
7.1547,0.016317
7.1647,0.016314
7.1747,0.01631
7.1848,0.016299
7.1948,0.01629
7.2048,0.016279
7.2148,0.016262
7.2248,0.016251
7.2349,0.016235
7.2449,0.016223
7.2549,0.016206
7.2649,0.016195
7.2749,0.016186
7.285,0.016169
7.295,0.01615
7.305,0.016131
7.315,0.01611
7.325,0.016097
7.3351,0.016085
7.3451,0.016064
7.3551,0.016056
7.3651,0.01605
7.3751,0.016039
7.3852,0.016026
7.3952,0.016018
7.4052,0.015988
7.4152,0.015957
7.4252,0.015934
7.4353,0.015909
7.4453,0.015881
7.4553,0.015862
7.4653,0.015833
7.4754,0.015794
7.4854,0.015757
7.4954,0.015723
7.5054,0.015688
7.5154,0.015651
7.5255,0.015611
7.5355,0.015575
7.5455,0.015527
7.5555,0.01548
7.5655,0.01543
7.5756,0.015375
7.5856,0.015336
7.5956,0.015293
7.6056,0.01524
7.6156,0.015198
7.6257,0.015158
7.6357,0.015113
7.6457,0.015067
7.6557,0.015022
7.6657,0.014982
7.6758,0.014958
7.6858,0.014922
7.6958,0.014879
7.7058,0.014833
7.7158,0.014792
7.7259,0.01475
7.7359,0.014714
7.7459,0.014674
7.7559,0.01463
7.7659,0.014576
7.776,0.014536
7.786,0.014489
7.796,0.014444
7.806,0.014391
7.8161,0.014331
7.8261,0.014269
7.8361,0.014212
7.8461,0.014146
7.8561,0.01409
7.8662,0.014037
7.8762,0.013981
7.8862,0.013941
7.8962,0.013902
7.9062,0.013854
7.9163,0.013813
7.9263,0.013772
7.9363,0.013741
7.9463,0.013703
7.9563,0.013674
7.9664,0.013643
7.9764,0.013604
7.9864,0.013561
7.9964,0.013526
8.0064,0.013486
8.0165,0.013442
8.0265,0.013391
8.0365,0.013344
8.0465,0.013284
8.0565,0.013237
8.0666,0.013188
8.0766,0.013128
8.0866,0.013068
8.0966,0.013015
8.1066,0.012961
8.1167,0.012919
8.1267,0.012872
8.1367,0.012826
8.1467,0.012773
8.1568,0.012725
8.1668,0.012684
8.1768,0.012647
8.1868,0.01261
8.1968,0.012569
8.2069,0.012524
8.2169,0.012485
8.2269,0.012445
8.2369,0.012395
8.2469,0.012335
8.257,0.012288
8.267,0.012246
8.277,0.012206
8.287,0.012162
8.297,0.012127
8.3071,0.012084
8.3171,0.012052
8.3271,0.012009
8.3371,0.011955
8.3471,0.011908
8.3572,0.011862
8.3672,0.011804
8.3772,0.011752
8.3872,0.011707
8.3972,0.01166
8.4073,0.01161
8.4173,0.011557
8.4273,0.011502
8.4373,0.011444
8.4473,0.011393
8.4574,0.011324
8.4674,0.011261
8.4774,0.011201
8.4874,0.011146
8.4974,0.011089
8.5075,0.011032
8.5175,0.010968
8.5275,0.010903
8.5375,0.010832
8.5476,0.010763
8.5576,0.01068
8.5676,0.010604
8.5776,0.010533
8.5876,0.010458
8.5977,0.010384
8.6077,0.010298
8.6177,0.010205
8.6277,0.010125
8.6377,0.010034
8.6478,0.0099411
8.6578,0.0098454
8.6678,0.009742
8.6778,0.0096412
8.6878,0.009543
8.6979,0.0094436
8.7079,0.0093349
8.7179,0.0092339
8.7279,0.0091164
8.7379,0.0090039
8.748,0.0088915
8.758,0.0087724
8.768,0.0086553
8.778,0.0085405
8.788,0.0084285
8.7981,0.0083095
8.8081,0.0081935
8.8181,0.0080768
8.8281,0.0079572
8.8381,0.0078359
8.8482,0.007716
8.8582,0.0075977
8.8682,0.0074921
8.8782,0.0073841
8.8883,0.0072811
8.8983,0.0071748
8.9083,0.007062
8.9183,0.0069415
8.9283,0.0068305
8.9384,0.0067158
8.9484,0.0066063
8.9584,0.0065011
8.9684,0.0063949
8.9784,0.0063012
8.9885,0.0062115
8.9985,0.0061302
9.0085,0.0060442
9.0185,0.0059528
9.0285,0.0058645
9.0386,0.00579
9.0486,0.0057286
9.0586,0.0056694
9.0686,0.005612
9.0786,0.005563
9.0887,0.0055171
9.0987,0.0054811
9.1087,0.0054533
9.1187,0.0054259
9.1287,0.0054132
9.1388,0.0054153
9.1488,0.0054283
9.1588,0.0054534
9.1688,0.0054861
9.1788,0.005523
9.1889,0.0055648
9.1989,0.0056167
9.2089,0.005683
9.2189,0.0057691
9.229,0.0058621
9.239,0.0059566
9.249,0.006063
9.259,0.006185
9.269,0.0063112
9.2791,0.0064461
9.2891,0.0065901
9.2991,0.0067391
9.3091,0.0068859
9.3191,0.0070464
9.3292,0.0072124
9.3392,0.0073809
9.3492,0.0075616
9.3592,0.0077544
9.3692,0.0079393
9.3793,0.0081356
9.3893,0.0083479
9.3993,0.0085772
9.4093,0.0088083
9.4193,0.0090416
9.4294,0.0092776
9.4394,0.0095145
9.4494,0.0097597
9.4594,0.0099984
9.4694,0.010239
9.4795,0.010485
9.4895,0.010746
9.4995,0.011007
9.5095,0.01127
9.5195,0.011518
9.5296,0.011786
9.5396,0.012043
9.5496,0.012307
9.5596,0.012558
9.5697,0.012804
9.5797,0.013053
9.5897,0.0133
9.5997,0.013555
9.6097,0.013792
9.6198,0.014038
9.6298,0.01427
9.6398,0.0145
9.6498,0.014722
9.6598,0.014938
9.6699,0.015143
9.6799,0.015348
9.6899,0.015548
9.6999,0.015749
9.7099,0.015935
9.72,0.016122
9.73,0.016312
9.74,0.016484
9.75,0.016652
9.76,0.016814
9.7701,0.016977
9.7801,0.017124
9.7901,0.017271
9.8001,0.017426
9.8101,0.017572
9.8202,0.017704
9.8302,0.017824
9.8402,0.017925
9.8502,0.018034
9.8602,0.018132
9.8703,0.01822
9.8803,0.018299
9.8903,0.018378
9.9003,0.018448
9.9104,0.018513
9.9204,0.018571
9.9304,0.018629
9.9404,0.018678
9.9504,0.018716
9.9605,0.01875
9.9705,0.018775
9.9805,0.018796
9.9905,0.018804
10.001,0.018804
10.011,0.018796
10.021,0.018785
10.031,0.018773
10.041,0.018753
10.051,0.018732
10.061,0.018711
10.071,0.018684
10.081,0.018659
10.091,0.018623
10.101,0.018576
10.111,0.018522
10.121,0.018475
10.131,0.018423
10.141,0.018365
10.151,0.0183
10.161,0.018238
10.171,0.018173
10.181,0.018102
10.191,0.018019
10.201,0.017921
10.211,0.017827
10.221,0.017725
10.231,0.01761
10.241,0.017493
10.251,0.017374
10.261,0.017251
10.271,0.017129
10.281,0.016995
10.291,0.016858
10.301,0.016724
10.311,0.016583
10.321,0.016436
10.331,0.016294
10.341,0.016145
10.351,0.015989
10.361,0.015834
10.371,0.015672
10.381,0.015501
10.391,0.015329
10.401,0.015161
10.411,0.014994
10.421,0.014826
10.431,0.014654
10.441,0.014487
10.451,0.014314
10.461,0.014138
10.472,0.013955
10.482,0.013768
10.492,0.013581
10.502,0.013393
10.512,0.013208
10.522,0.013019
10.532,0.012837
10.542,0.01265
10.552,0.012456
10.562,0.012259
10.572,0.01206
10.582,0.01186
10.592,0.011662
10.602,0.011466
10.612,0.011265
10.622,0.011064
10.632,0.010865
10.642,0.01067
10.652,0.010484
10.662,0.010294
10.672,0.010103
10.682,0.0099082
10.692,0.0097158
10.702,0.0095245
10.712,0.0093313
10.722,0.009146
10.732,0.0089681
10.742,0.0087959
10.752,0.0086271
10.762,0.0084561
10.772,0.0082815
10.782,0.0081012
10.792,0.0079213
10.802,0.0077541
10.812,0.0075822
10.822,0.0074213
10.832,0.0072583
10.842,0.0070972
10.852,0.006942
10.862,0.0067887
10.872,0.0066319
10.882,0.0064795
10.892,0.0063258
10.902,0.0061796
10.912,0.006028
10.922,0.0058757
10.932,0.0057158
10.942,0.005556
10.952,0.0053956
10.963,0.0052446
10.973,0.005095
10.983,0.0049449
10.993,0.0047923
11.003,0.0046472
11.013,0.0045034
11.023,0.0043711
11.033,0.0042313
11.043,0.0040885
11.053,0.0039504
11.063,0.0038096
11.073,0.0036668
11.083,0.0035323
11.093,0.0033959
11.103,0.0032649
11.113,0.0031365
11.123,0.0030201
11.133,0.0028968
11.143,0.0027754
11.153,0.0026461
11.163,0.0025178
11.173,0.0023905
11.183,0.0022661
11.193,0.0021423
11.203,0.0020195
11.213,0.0018932
11.223,0.0017712
11.233,0.0016555
11.243,0.0015441
11.253,0.0014299
11.263,0.0013215
11.273,0.0012171
11.283,0.0011134
11.293,0.0010143
11.303,0.00091496
11.313,0.00081634
11.323,0.00072117
11.333,0.00063326
11.343,0.00054429
11.353,0.00045354
11.363,0.00036836
11.373,0.00027788
11.383,0.00018248
11.393,9.9774e-005
11.403,2.5189e-005
11.413,-5.1191e-005
11.423,-0.00012734
11.433,-0.00019649
11.443,-0.00026148
11.454,-0.00032755
11.464,-0.0003838
11.474,-0.00043101
11.484,-0.00048408
11.494,-0.00053846
11.504,-0.00059334
11.514,-0.00065509
11.524,-0.0007216
11.534,-0.00077699
11.544,-0.0008463
11.554,-0.00089402
11.564,-0.00094096
11.574,-0.00098838
11.584,-0.0010282
11.594,-0.0010776
11.604,-0.0011308
11.614,-0.001185
11.624,-0.0012345
11.634,-0.0012782
11.644,-0.0013143
11.654,-0.0013628
11.664,-0.0014182
11.674,-0.0014676
11.684,-0.0015136
11.694,-0.0015631
11.704,-0.0016088
11.714,-0.0016476
11.724,-0.001688
11.734,-0.0017189
11.744,-0.0017543
11.754,-0.0017839
11.764,-0.001813
11.774,-0.0018444
11.784,-0.0018842
11.794,-0.0019311
11.804,-0.0019759
11.814,-0.0020197
11.824,-0.0020644
11.834,-0.0021015
11.844,-0.0021408
11.854,-0.0021845
11.864,-0.0022373
11.874,-0.0022803
11.884,-0.0023207
11.894,-0.0023553
11.904,-0.0023851
11.914,-0.0024081
11.924,-0.0024371
11.935,-0.0024645
11.945,-0.0024793
11.955,-0.0024996
11.965,-0.0025142
11.975,-0.0025316
11.985,-0.0025474
11.995,-0.0025545
12.005,-0.0025612
12.015,-0.0025656
12.025,-0.0025669
12.035,-0.0025527
12.045,-0.0025362
12.055,-0.0025204
12.065,-0.0025018
12.075,-0.0024762
12.085,-0.0024528
12.095,-0.0024203
12.105,-0.0023808
12.115,-0.0023317
12.125,-0.0022826
12.135,-0.0022252
12.145,-0.0021657
12.155,-0.0020988
12.165,-0.002032
12.175,-0.0019611
12.185,-0.0018858
12.195,-0.0018009
12.205,-0.0017109
12.215,-0.0016185
12.225,-0.0015303
12.235,-0.001435
12.245,-0.0013426
12.255,-0.0012408
12.265,-0.0011344
12.275,-0.0010338
12.285,-0.00093801
12.295,-0.00085025
12.305,-0.000767
12.315,-0.00068013
12.325,-0.00058399
12.335,-0.00048841
12.345,-0.00039609
12.355,-0.00030299
12.365,-0.00021546
12.375,-0.00012248
12.385,-4.4212e-005
12.395,4.1684e-005
12.405,0.00013318
12.415,0.00022208
12.426,0.00031377
12.436,0.0003993
12.446,0.00047522
12.456,0.00055655
12.466,0.00064565
12.476,0.00072741
12.486,0.00079292
12.496,0.00086442
12.506,0.00094114
12.516,0.0010134
12.526,0.0010788
12.536,0.0011512
12.546,0.0012293
12.556,0.0013008
12.566,0.0013632
12.576,0.0014373
12.586,0.0015223
12.596,0.0016122
12.606,0.0017138
12.616,0.0018241
12.626,0.0019454
12.636,0.0020823
12.646,0.0022254
12.656,0.0023858
12.666,0.0025609
12.676,0.0027477
12.686,0.0029557
12.696,0.003173
12.706,0.0034111
12.716,0.0036683
12.726,0.0039489
12.736,0.0042545
12.746,0.0045906
12.756,0.0049559
12.766,0.0053399
12.776,0.0057475
12.786,0.0061897
12.796,0.0066581
12.806,0.007154
12.816,0.007691
12.826,0.0082579
12.836,0.008855
12.846,0.0094756
12.856,0.010127
12.866,0.010804
12.876,0.01151
12.886,0.012247
12.896,0.013004
12.907,0.013782
12.917,0.014593
12.927,0.01542
12.937,0.016287
12.947,0.017155
12.957,0.018036
12.967,0.018934
12.977,0.01984
12.987,0.020721
12.997,0.021612
13.007,0.022547
13.017,0.023479
13.027,0.024407
13.037,0.02533
13.047,0.026266
13.057,0.027207
13.067,0.028149
13.077,0.029066
13.087,0.029943
13.097,0.030795
13.107,0.031647
13.117,0.032464
13.127,0.033243
13.137,0.03397
13.147,0.034656
13.157,0.035343
13.167,0.035911
13.177,0.036488
13.187,0.036945
13.197,0.037302
13.207,0.037607
13.217,0.037824
13.227,0.037912
13.237,0.037922
13.247,0.037801
13.257,0.037586
13.267,0.037235
13.277,0.036761
13.287,0.036137
13.297,0.035374
13.307,0.034504
13.317,0.033493
13.327,0.032298
13.337,0.031054
13.347,0.029659
13.357,0.028162
13.367,0.026585
13.377,0.024962
13.387,0.023097
13.398,0.021222
13.408,0.019258
13.418,0.017232
13.428,0.015164
13.438,0.013028
13.448,0.010782
13.458,0.0085645
13.468,0.0063093
13.478,0.0039518
13.488,0.0014938
13.498,-0.00089776
13.508,-0.0032742
13.518,-0.0056743
13.528,-0.0081709
13.538,-0.01064
13.548,-0.013088
13.558,-0.01554
13.568,-0.017995
13.578,-0.020415
13.588,-0.022829
13.598,-0.025232
13.608,-0.027617
13.618,-0.029976
13.628,-0.032323
13.638,-0.03464
13.648,-0.036885
13.658,-0.039104
13.668,-0.041263
13.678,-0.043388
13.688,-0.045455
13.698,-0.04745
13.708,-0.049397
13.718,-0.05129
13.728,-0.053173
13.738,-0.054919
13.748,-0.05669
13.758,-0.058266
13.768,-0.059928
13.778,-0.061462
13.788,-0.062878
13.798,-0.06421
13.808,-0.065477
13.818,-0.066684
13.828,-0.067835
13.838,-0.068916
13.848,-0.069945
13.858,-0.070943
13.868,-0.071883
13.878,-0.07279
13.889,-0.073652
13.899,-0.074484
13.909,-0.075291
13.919,-0.076074
13.929,-0.076826
13.939,-0.077555
13.949,-0.078277
13.959,-0.07898
13.969,-0.07968
13.979,-0.080379
13.989,-0.081082
13.999,-0.081798
14.009,-0.082519
14.019,-0.083252
14.029,-0.083999
14.039,-0.084762
14.049,-0.085538
14.059,-0.086333
14.069,-0.087147
14.079,-0.087986
14.089,-0.088844
14.099,-0.089723
14.109,-0.09063
14.119,-0.091542
14.129,-0.092481
14.139,-0.093452
14.149,-0.094444
14.159,-0.095451
14.169,-0.096471
14.179,-0.097504
14.189,-0.098544
14.199,-0.0996
14.209,-0.10066
14.219,-0.10172
14.229,-0.10278
14.239,-0.10385
14.249,-0.10491
14.259,-0.10597
14.269,-0.10701
14.279,-0.10803
14.289,-0.10902
14.299,-0.11
14.309,-0.11094
14.319,-0.11185
14.329,-0.11272
14.339,-0.11354
14.349,-0.11431
14.359,-0.11504
14.37,-0.11571
14.38,-0.11633
14.39,-0.11688
14.4,-0.11738
14.41,-0.1178
14.42,-0.11816
14.43,-0.11845
14.44,-0.11868
14.45,-0.11882
14.46,-0.11887
14.47,-0.11885
14.48,-0.11876
14.49,-0.1186
14.5,-0.11835
14.51,-0.11803
14.52,-0.11762
14.53,-0.11713
14.54,-0.11657
14.55,-0.11592
14.56,-0.11521
14.57,-0.11443
14.58,-0.11359
14.59,-0.11271
14.6,-0.11177
14.61,-0.11076
14.62,-0.1097
14.63,-0.1086
14.64,-0.10746
14.65,-0.10627
14.66,-0.10505
14.67,-0.10381
14.68,-0.10256
14.69,-0.1013
14.7,-0.10002
14.71,-0.098742
14.72,-0.097467
14.73,-0.096204
14.74,-0.094972
14.75,-0.093755
14.76,-0.092572
14.77,-0.091423
14.78,-0.090326
14.79,-0.089279
14.8,-0.088292
14.81,-0.087367
14.82,-0.0865
14.83,-0.085709
14.84,-0.085004
14.85,-0.084383
14.861,-0.083855
14.871,-0.083412
14.881,-0.083069
14.891,-0.082823
14.901,-0.082673
14.911,-0.082631
14.921,-0.082701
14.931,-0.082888
14.941,-0.083185
14.951,-0.0836
14.961,-0.084137
14.971,-0.084798
14.981,-0.085583
14.991,-0.086485
15.001,-0.087512
15.011,-0.088672
15.021,-0.089954
15.031,-0.091363
15.041,-0.092892
15.051,-0.094557
15.061,-0.096359
15.071,-0.098279
15.081,-0.10032
15.091,-0.10249
15.101,-0.10478
15.111,-0.10718
15.121,-0.10971
15.131,-0.11236
15.141,-0.11512
15.151,-0.11799
15.161,-0.12101
15.171,-0.12413
15.181,-0.12738
15.191,-0.13072
15.201,-0.13417
15.211,-0.13774
15.221,-0.14143
15.231,-0.14521
15.241,-0.14911
15.251,-0.15315
15.261,-0.15729
15.271,-0.16153
15.281,-0.16586
15.291,-0.17028
15.301,-0.17483
15.311,-0.17948
15.321,-0.18425
15.331,-0.1891
15.342,-0.19403
15.352,-0.19907
15.362,-0.20423
15.372,-0.20945
15.382,-0.2148
15.392,-0.22019
15.402,-0.22565
15.412,-0.23126
15.422,-0.23693
15.432,-0.24268
15.442,-0.24853
15.452,-0.25448
15.462,-0.2605
15.472,-0.26655
15.482,-0.2727
15.492,-0.27892
15.502,-0.2852
15.512,-0.29154
15.522,-0.29795
15.532,-0.30441
15.542,-0.3109
15.552,-0.31747
15.562,-0.3241
15.572,-0.33079
15.582,-0.3375
15.592,-0.34426
15.602,-0.35106
15.612,-0.35789
15.622,-0.36479
15.632,-0.37168
15.642,-0.37858
15.652,-0.38554
15.662,-0.39251
15.672,-0.39946
15.682,-0.40637
15.692,-0.41334
15.702,-0.42029
15.712,-0.42721
15.722,-0.4341
15.732,-0.44094
15.742,-0.44775
15.752,-0.45457
15.762,-0.46133
15.772,-0.46802
15.782,-0.4747
15.792,-0.48131
15.802,-0.48789
15.812,-0.49445
15.822,-0.50101
15.833,-0.50747
15.843,-0.51386
15.853,-0.52022
15.863,-0.52652
15.873,-0.53277
15.883,-0.53898
15.893,-0.54512
15.903,-0.55124
15.913,-0.55734
15.923,-0.56338
15.933,-0.56934
15.943,-0.57528
15.953,-0.58123
15.963,-0.58714
15.973,-0.59302
15.983,-0.59887
15.993,-0.60473
16.003,-0.6106
16.013,-0.61648
16.023,-0.62238
16.033,-0.62825
16.043,-0.63415
16.053,-0.64008
16.063,-0.64604
16.073,-0.65204
16.083,-0.65809
16.093,-0.6642
16.103,-0.67035
16.113,-0.67657
16.123,-0.68286
16.133,-0.68923
16.143,-0.6957
16.153,-0.70227
16.163,-0.709
16.173,-0.71585
16.183,-0.72281
16.193,-0.72992
16.203,-0.73722
16.213,-0.74475
16.223,-0.75243
16.233,-0.76026
16.243,-0.76829
16.253,-0.77655
16.263,-0.78507
16.273,-0.79377
16.283,-0.80269
16.293,-0.81183
16.303,-0.82123
16.314,-0.83085
16.324,-0.84076
16.334,-0.85088
16.344,-0.86128
16.354,-0.87202
16.364,-0.88304
16.374,-0.89432
16.384,-0.90588
16.394,-0.91768
16.404,-0.92983
16.414,-0.94235
16.424,-0.95515
16.434,-0.9682
16.444,-0.98149
16.454,-0.99513
16.464,-1.009
16.474,-1.0232
16.484,-1.0376
16.494,-1.0523
16.504,-1.0672
16.514,-1.0822
16.524,-1.0976
16.534,-1.1131
16.544,-1.1287
16.554,-1.1444
16.564,-1.1604
16.574,-1.1765
16.584,-1.1928
16.594,-1.2092
16.604,-1.2257
16.614,-1.2423
16.624,-1.259
16.634,-1.2758
16.644,-1.2927
16.654,-1.3096
16.664,-1.3264
16.674,-1.3433
16.684,-1.36
16.694,-1.3766
16.704,-1.3929
16.714,-1.4091
16.724,-1.4249
16.734,-1.4407
16.744,-1.4559
16.754,-1.4707
16.764,-1.485
16.774,-1.4986
16.784,-1.5115
16.794,-1.5236
16.805,-1.5349
16.815,-1.5454
16.825,-1.5549
16.835,-1.5636
16.845,-1.571
16.855,-1.5772
16.865,-1.5822
16.875,-1.586
16.885,-1.5883
16.895,-1.5893
16.905,-1.5888
16.915,-1.5868
16.925,-1.5832
16.935,-1.578
16.945,-1.5711
16.955,-1.5625
16.965,-1.5519
16.975,-1.5395
16.985,-1.5251
16.995,-1.5087
17.005,-1.4904
17.015,-1.4699
17.025,-1.4474
17.035,-1.4228
17.045,-1.3961
17.055,-1.3673
17.065,-1.3364
17.075,-1.3033
17.085,-1.2681
17.095,-1.2307
17.105,-1.1913
17.115,-1.1499
17.125,-1.1061
17.135,-1.0601
17.145,-1.0119
17.155,-0.9618
17.165,-0.90948
17.175,-0.85512
17.185,-0.79884
17.195,-0.74077
17.205,-0.68101
17.215,-0.61916
17.225,-0.55566
17.235,-0.49075
17.245,-0.42439
17.255,-0.35678
17.265,-0.28783
17.275,-0.21763
17.285,-0.14614
17.296,-0.073819
17.306,-0.0004655
17.316,0.073959
17.326,0.14942
17.336,0.22568
17.346,0.3028
17.356,0.38002
17.366,0.45749
17.376,0.53561
17.386,0.61361
17.396,0.69178
17.406,0.77003
17.416,0.84815
17.426,0.92577
17.436,1.0031
17.446,1.0798
17.456,1.1562
17.466,1.2323
17.476,1.3078
17.486,1.3831
17.496,1.4564
17.506,1.5288
17.516,1.6003
17.526,1.6706
17.536,1.74
17.546,1.8085
17.556,1.8756
17.566,1.9413
17.576,2.0053
17.586,2.0682
17.596,2.1303
17.606,2.1898
17.616,2.2469
17.626,2.3018
17.636,2.3551
17.646,2.4062
17.656,2.4549
17.666,2.5023
17.676,2.5474
17.686,2.5902
17.696,2.6315
17.706,2.6713
17.716,2.7089
17.726,2.7442
17.736,2.7774
17.746,2.8081
17.756,2.8368
17.766,2.8635
17.777,2.8879
17.787,2.9107
17.797,2.9316
17.807,2.9509
17.817,2.9684
17.827,2.9843
17.837,2.9982
17.847,3.0104
17.857,3.0209
17.867,3.0298
17.877,3.0372
17.887,3.0428
17.897,3.0468
17.907,3.0491
17.917,3.0499
17.927,3.0492
17.937,3.0469
17.947,3.0431
17.957,3.0378
17.967,3.0309
17.977,3.0223
17.987,3.0122
17.997,3.0007
18.007,2.9877
18.017,2.9734
18.027,2.958
18.037,2.9414
18.047,2.9239
18.057,2.9054
18.067,2.8861
18.077,2.8656
18.087,2.8441
18.097,2.8218
18.107,2.7985
18.117,2.7742
18.127,2.7492
18.137,2.7233
18.147,2.6969
18.157,2.6695
18.167,2.641
18.177,2.6119
18.187,2.5816
18.197,2.5506
18.207,2.5186
18.217,2.486
18.227,2.4526
18.237,2.4183
18.247,2.3837
18.257,2.3485
18.268,2.3123
18.278,2.2764
18.288,2.2399
18.298,2.2026
18.308,2.1648
18.318,2.1274
18.328,2.0898
18.338,2.0522
18.348,2.0144
18.358,1.9757
18.368,1.9374
18.378,1.8993
18.388,1.8608
18.398,1.8223
18.408,1.784
18.418,1.7457
18.428,1.7075
18.438,1.669
18.448,1.6312
18.458,1.5934
18.468,1.5558
18.478,1.518
18.488,1.4801
18.498,1.4429
18.508,1.4058
18.518,1.3697
18.528,1.3343
18.538,1.2988
18.548,1.2637
18.558,1.2293
18.568,1.1957
18.578,1.1626
18.588,1.1298
18.598,1.0974
18.608,1.0655
18.618,1.0339
18.628,1.0032
18.638,0.97303
18.648,0.94274
18.658,0.91264
18.668,0.8828
18.678,0.85358
18.688,0.82406
18.698,0.79545
18.708,0.76717
18.718,0.73992
18.728,0.71383
18.738,0.68832
18.749,0.6629
18.759,0.63766
18.769,0.61324
18.779,0.58899
18.789,0.565
18.799,0.54146
18.809,0.51845
18.819,0.49629
18.829,0.47478
18.839,0.45342
18.849,0.43239
18.859,0.41179
18.869,0.39149
18.879,0.37121
18.889,0.35123
18.899,0.33167
18.909,0.31254
18.919,0.29369
18.929,0.27495
18.939,0.25642
18.949,0.23809
18.959,0.21984
18.969,0.20187
18.979,0.18437
18.989,0.16714
18.999,0.15027
19.009,0.13362
19.019,0.11712
19.029,0.10079
19.039,0.084485
19.049,0.068257
19.059,0.052244
19.069,0.036308
19.079,0.020669
19.089,0.0053115
19.099,-0.0098522
19.109,-0.024774
19.119,-0.039655
19.129,-0.054388
19.139,-0.068971
19.149,-0.083515
19.159,-0.097792
19.169,-0.11163
19.179,-0.12529
19.189,-0.13871
19.199,-0.15175
19.209,-0.16439
19.219,-0.17671
19.229,-0.1888
19.24,-0.20081
19.25,-0.21237
19.26,-0.22362
19.27,-0.23461
19.28,-0.24517
19.29,-0.25541
19.3,-0.26532
19.31,-0.27504
19.32,-0.28442
19.33,-0.29348
19.34,-0.30232
19.35,-0.31086
19.36,-0.31916
19.37,-0.32723
19.38,-0.33509
19.39,-0.34275
19.4,-0.35018
19.41,-0.35739
19.42,-0.36444
19.43,-0.37129
19.44,-0.3779
19.45,-0.38428
19.46,-0.39051
19.47,-0.39656
19.48,-0.40243
19.49,-0.40816
19.5,-0.41374
19.51,-0.41919
19.52,-0.42452
19.53,-0.42976
19.54,-0.43493
19.55,-0.44004
19.56,-0.44504
19.57,-0.44995
19.58,-0.45474
19.59,-0.45946
19.6,-0.46414
19.61,-0.46879
19.62,-0.47336
19.63,-0.47784
19.64,-0.48227
19.65,-0.48667
19.66,-0.49106
19.67,-0.49538
19.68,-0.49975
19.69,-0.50407
19.7,-0.50835
19.71,-0.51257
19.72,-0.51677
19.731,-0.52095
19.741,-0.52512
19.751,-0.52922
19.761,-0.53327
19.771,-0.53723
19.781,-0.54116
19.791,-0.5451
19.801,-0.54903
19.811,-0.55291
19.821,-0.55675
19.831,-0.56057
19.841,-0.56433
19.851,-0.56801
19.861,-0.57167
19.871,-0.57529
19.881,-0.5788
19.891,-0.58224
19.901,-0.58558
19.911,-0.58886
19.921,-0.59208
19.931,-0.59523
19.941,-0.5983
19.951,-0.60125
19.961,-0.6041
19.971,-0.60688
19.981,-0.60956
19.991,-0.61213
20.001,-0.61459
20.011,-0.61693
20.021,-0.61915
20.031,-0.62124
20.041,-0.62318
20.051,-0.62499
20.061,-0.62668
20.071,-0.62823
20.081,-0.62964
20.091,-0.6309
20.101,-0.63202
20.111,-0.63298
20.121,-0.63378
20.131,-0.63443
20.141,-0.6349
20.151,-0.6352
20.161,-0.63533
20.171,-0.63529
20.181,-0.63506
20.191,-0.63465
20.201,-0.63405
20.212,-0.63326
20.222,-0.63229
20.232,-0.63113
20.242,-0.62979
20.252,-0.62826
20.262,-0.62654
20.272,-0.62465
20.282,-0.62258
20.292,-0.62031
20.302,-0.61788
20.312,-0.61528
20.322,-0.61251
20.332,-0.60953
20.342,-0.60639
20.352,-0.60309
20.362,-0.59963
20.372,-0.59603
20.382,-0.59228
20.392,-0.58836
20.402,-0.58433
20.412,-0.5802
20.422,-0.57595
20.432,-0.57156
20.442,-0.56706
20.452,-0.56247
20.462,-0.55776
20.472,-0.55294
20.482,-0.54805
20.492,-0.54306
20.502,-0.53805
20.512,-0.53299
20.522,-0.52782
20.532,-0.52261
20.542,-0.51736
20.552,-0.51209
20.562,-0.50681
20.572,-0.50153
20.582,-0.49624
20.592,-0.49094
20.602,-0.48566
20.612,-0.48041
20.622,-0.47524
20.632,-0.4701
20.642,-0.46499
20.652,-0.45995
20.662,-0.45499
20.672,-0.45008
20.682,-0.44523
20.692,-0.44049
20.703,-0.43586
20.713,-0.4313
20.723,-0.42684
20.733,-0.42246
20.743,-0.4182
20.753,-0.41402
20.763,-0.40993
20.773,-0.40597
20.783,-0.40212
20.793,-0.39835
20.803,-0.39468
20.813,-0.39111
20.823,-0.38766
20.833,-0.38431
20.843,-0.3811
20.853,-0.37797
20.863,-0.37492
20.873,-0.37196
20.883,-0.36911
20.893,-0.36635
20.903,-0.36365
20.913,-0.36102
20.923,-0.35847
20.933,-0.35596
20.943,-0.35354
20.953,-0.35116
20.963,-0.34885
20.973,-0.34656
20.983,-0.34429
20.993,-0.34207
21.003,-0.33988
21.013,-0.33772
21.023,-0.33558
21.033,-0.33345
21.043,-0.33135
21.053,-0.32925
21.063,-0.32716
21.073,-0.32508
21.083,-0.32299
21.093,-0.32089
21.103,-0.3188
21.113,-0.31672
21.123,-0.31463
21.133,-0.31253
21.143,-0.31041
21.153,-0.30831
21.163,-0.30622
21.173,-0.30412
21.184,-0.30201
21.194,-0.2999
21.204,-0.29781
21.214,-0.29574
21.224,-0.29369
21.234,-0.29164
21.244,-0.28962
21.254,-0.28761
21.264,-0.28564
21.274,-0.28371
21.284,-0.28182
21.294,-0.27996
21.304,-0.27815
21.314,-0.27639
21.324,-0.27468
21.334,-0.27301
21.344,-0.27138
21.354,-0.26981
21.364,-0.26828
21.374,-0.26681
21.384,-0.26541
21.394,-0.26407
21.404,-0.2628
21.414,-0.26159
21.424,-0.26044
21.434,-0.25937
21.444,-0.25836
21.454,-0.2574
21.464,-0.25649
21.474,-0.25564
21.484,-0.25485
21.494,-0.25412
21.504,-0.25341
21.514,-0.25273
21.524,-0.25208
21.534,-0.25147
21.544,-0.25087
21.554,-0.2503
21.564,-0.24973
21.574,-0.24917
21.584,-0.2486
21.594,-0.248
21.604,-0.24739
21.614,-0.24674
21.624,-0.24607
21.634,-0.24534
21.644,-0.24457
21.654,-0.24373
21.664,-0.24283
21.675,-0.24184
21.685,-0.24077
21.695,-0.23961
21.705,-0.23834
21.715,-0.23698
21.725,-0.23549
21.735,-0.23389
21.745,-0.23214
21.755,-0.23026
21.765,-0.22825
21.775,-0.22611
21.785,-0.22383
21.795,-0.22141
21.805,-0.21883
21.815,-0.2161
21.825,-0.21323
21.835,-0.21023
21.845,-0.20709
21.855,-0.20378
21.865,-0.20035
21.875,-0.19678
21.885,-0.19305
21.895,-0.18918
21.905,-0.18517
21.915,-0.18103
21.925,-0.17682
21.935,-0.17248
21.945,-0.168
21.955,-0.16339
21.965,-0.1587
21.975,-0.15392
21.985,-0.14902
21.995,-0.14404
22.005,-0.13898
22.015,-0.13385
22.025,-0.12869
22.035,-0.1235
22.045,-0.11828
22.055,-0.11302
22.065,-0.10772
22.075,-0.10242
22.085,-0.097132
22.095,-0.091823
22.105,-0.086523
22.115,-0.08127
22.125,-0.076034
22.135,-0.0708
22.145,-0.065609
22.155,-0.06048
22.166,-0.055384
22.176,-0.050357
22.186,-0.045376
22.196,-0.040438
22.206,-0.03555
22.216,-0.030744
22.226,-0.026048
22.236,-0.021455
22.246,-0.016915
22.256,-0.012471
22.266,-0.0080728
22.276,-0.0038365
22.286,0.00028368
22.296,0.0042988
22.306,0.008203
22.316,0.012025
22.326,0.015751
22.336,0.019383
22.346,0.022892
22.356,0.026245
22.366,0.0295
22.376,0.032661
22.386,0.035693
22.396,0.03859
22.406,0.041368
22.416,0.044018
22.426,0.046535
22.436,0.048921
22.446,0.051157
22.456,0.053252
22.466,0.055203
22.476,0.05701
22.486,0.058677
22.496,0.060201
22.506,0.061596
22.516,0.062855
22.526,0.06397
22.536,0.064957
22.546,0.065807
22.556,0.06652
22.566,0.067104
22.576,0.06756
22.586,0.067886
22.596,0.068076
22.606,0.068137
22.616,0.068079
22.626,0.067898
22.636,0.067597
22.647,0.067173
22.657,0.066622
22.667,0.065952
22.677,0.065173
22.687,0.064283
22.697,0.063294
22.707,0.062203
22.717,0.061012
22.727,0.05972
22.737,0.058341
22.747,0.056865
22.757,0.055302
22.767,0.053651
22.777,0.05193
22.787,0.050127
22.797,0.048251
22.807,0.046316
22.817,0.044312
22.827,0.042241
22.837,0.040113
22.847,0.037952
22.857,0.035751
22.867,0.033486
22.877,0.031164
22.887,0.028807
22.897,0.026423
22.907,0.024029
22.917,0.021604
22.927,0.019145
22.937,0.016662
22.947,0.014168
22.957,0.011667
22.967,0.0091449
22.977,0.0066103
22.987,0.0040502
22.997,0.0015082
23.007,-0.0010189
23.017,-0.0035529
23.027,-0.0060824
23.037,-0.0085924
23.047,-0.011085
23.057,-0.013552
23.067,-0.016015
23.077,-0.018442
23.087,-0.020836
23.097,-0.023204
23.107,-0.025549
23.117,-0.027862
23.127,-0.030136
23.138,-0.032369
23.148,-0.034579
23.158,-0.036754
23.168,-0.038895
23.178,-0.040999
23.188,-0.043057
23.198,-0.045063
23.208,-0.047039
23.218,-0.048977
23.228,-0.050857
23.238,-0.052684
23.248,-0.054459
23.258,-0.056196
23.268,-0.057874
23.278,-0.059494
23.288,-0.061062
23.298,-0.062582
23.308,-0.06405
23.318,-0.06547
23.328,-0.066825
23.338,-0.068129
23.348,-0.069392
23.358,-0.070612
23.368,-0.07179
23.378,-0.072909
23.388,-0.073983
23.398,-0.075022
23.408,-0.076024
23.418,-0.076976
23.428,-0.077892
23.438,-0.078776
23.448,-0.079619
23.458,-0.080439
23.468,-0.081227
23.478,-0.081993
23.488,-0.082734
23.498,-0.083451
23.508,-0.084144
23.518,-0.08482
23.528,-0.085476
23.538,-0.086117
23.548,-0.086753
23.558,-0.087383
23.568,-0.088005
23.578,-0.088623
23.588,-0.089242
23.598,-0.08986
23.608,-0.090475
23.619,-0.091095
23.629,-0.091725
23.639,-0.092368
23.649,-0.09302
23.659,-0.093681
23.669,-0.094347
23.679,-0.09503
23.689,-0.095726
23.699,-0.096435
23.709,-0.097154
23.719,-0.097888
23.729,-0.098644
23.739,-0.099419
23.749,-0.1002
23.759,-0.10099
23.769,-0.10179
23.779,-0.1026
23.789,-0.10343
23.799,-0.10426
23.809,-0.10511
23.819,-0.10597
23.829,-0.10683
23.839,-0.1077
23.849,-0.10856
23.859,-0.10942
23.869,-0.11029
23.879,-0.11117
23.889,-0.11204
23.899,-0.1129
23.909,-0.11378
23.919,-0.11464
23.929,-0.1155
23.939,-0.11634
23.949,-0.11718
23.959,-0.11803
23.969,-0.11887
23.979,-0.1197
23.989,-0.12052
23.999,-0.12132
24.009,-0.12212
24.019,-0.1229
24.029,-0.12368
24.039,-0.12445
24.049,-0.12521
24.059,-0.12595
24.069,-0.12669
24.079,-0.1274
24.089,-0.1281
24.099,-0.12881
24.11,-0.1295
24.12,-0.13019
24.13,-0.13087
24.14,-0.13153
24.15,-0.13219
24.16,-0.13286
24.17,-0.13351
24.18,-0.13416
24.19,-0.13482
24.2,-0.13548
24.21,-0.13613
24.22,-0.1368
24.23,-0.13745
24.24,-0.13811
24.25,-0.13877
24.26,-0.13944
24.27,-0.1401
24.28,-0.14077
24.29,-0.14144
24.3,-0.14212
24.31,-0.14279
24.32,-0.14347
24.33,-0.14414
24.34,-0.14482
24.35,-0.1455
24.36,-0.14619
24.37,-0.14688
24.38,-0.14757
24.39,-0.14826
24.4,-0.14895
24.41,-0.14964
24.42,-0.15034
24.43,-0.15103
24.44,-0.15172
24.45,-0.1524
24.46,-0.15307
24.47,-0.15374
24.48,-0.1544
24.49,-0.15505
24.5,-0.15569
24.51,-0.15631
24.52,-0.15691
24.53,-0.15749
24.54,-0.15805
24.55,-0.15858
24.56,-0.15909
24.57,-0.15958
24.58,-0.16003
24.59,-0.16046
24.601,-0.16085
24.611,-0.1612
24.621,-0.1615
24.631,-0.16176
24.641,-0.16198
24.651,-0.16215
24.661,-0.16227
24.671,-0.16234
24.681,-0.16236
24.691,-0.16233
24.701,-0.16223
24.711,-0.16208
24.721,-0.16187
24.731,-0.16159
24.741,-0.16127
24.751,-0.16088
24.761,-0.16043
24.771,-0.15992
24.781,-0.15934
24.791,-0.1587
24.801,-0.15799
24.811,-0.15723
24.821,-0.15639
24.831,-0.15549
24.841,-0.15452
24.851,-0.15349
24.861,-0.15239
24.871,-0.15123
24.881,-0.15001
24.891,-0.14873
24.901,-0.14739
24.911,-0.14599
24.921,-0.14454
24.931,-0.14304
24.941,-0.14148
24.951,-0.13988
24.961,-0.13823
24.971,-0.13654
24.981,-0.13482
24.991,-0.13308
25.001,-0.1313
25.011,-0.12948
25.021,-0.12762
25.031,-0.12573
25.041,-0.12382
25.051,-0.1219
25.061,-0.11999
25.071,-0.11808
25.082,-0.11616
25.092,-0.11425
25.102,-0.11234
25.112,-0.11043
25.122,-0.10852
25.132,-0.10663
25.142,-0.10476
25.152,-0.10294
25.162,-0.10113
25.172,-0.099345
25.182,-0.097593
25.192,-0.095873
25.202,-0.094198
25.212,-0.092557
25.222,-0.090948
25.232,-0.089381
25.242,-0.087867
25.252,-0.086404
25.262,-0.084998
25.272,-0.083643
25.282,-0.08234
25.292,-0.081092
25.302,-0.0799
25.312,-0.078769
25.322,-0.077689
25.332,-0.076671
25.342,-0.075712
25.352,-0.074823
25.362,-0.073992
25.372,-0.073213
25.382,-0.072495
25.392,-0.07183
25.402,-0.071217
25.412,-0.070658
25.422,-0.070161
25.432,-0.069713
25.442,-0.069313
25.452,-0.068967
25.462,-0.068679
25.472,-0.068441
25.482,-0.068246
25.492,-0.068095
25.502,-0.067988
25.512,-0.067926
25.522,-0.067903
25.532,-0.06791
25.542,-0.067949
25.552,-0.068026
25.562,-0.068138
25.573,-0.068272
25.583,-0.068426
25.593,-0.068601
25.603,-0.068798
25.613,-0.06902
25.623,-0.069252
25.633,-0.069497
25.643,-0.06974
25.653,-0.069992
25.663,-0.070255
25.673,-0.070521
25.683,-0.070782
25.693,-0.071041
25.703,-0.071293
25.713,-0.071536
25.723,-0.071769
25.733,-0.071985
25.743,-0.072191
25.753,-0.07238
25.763,-0.072546
25.773,-0.072694
25.783,-0.072819
25.793,-0.072919
25.803,-0.072994
25.813,-0.073042
25.823,-0.073056
25.833,-0.073027
25.843,-0.072965
25.853,-0.072872
25.863,-0.072735
25.873,-0.072554
25.883,-0.072324
25.893,-0.072047
25.903,-0.071724
25.913,-0.071356
25.923,-0.070946
25.933,-0.07048
25.943,-0.069967
25.953,-0.06941
25.963,-0.068809
25.973,-0.06817
25.983,-0.06747
25.993,-0.06672
26.003,-0.065925
26.013,-0.06509
26.023,-0.064217
26.033,-0.063304
26.043,-0.062352
26.054,-0.061353
26.064,-0.060317
26.074,-0.059246
26.084,-0.058144
26.094,-0.05699
26.104,-0.055808
26.114,-0.054591
26.124,-0.053361
26.134,-0.052115
26.144,-0.050846
26.154,-0.049554
26.164,-0.048251
26.174,-0.046936
26.184,-0.045605
26.194,-0.044256
26.204,-0.042884
26.214,-0.041503
26.224,-0.040136
26.234,-0.038776
26.244,-0.037426
26.254,-0.036077
26.264,-0.034743
26.274,-0.033419
26.284,-0.032113
26.294,-0.030826
26.304,-0.029556
26.314,-0.028312
26.324,-0.0271
26.334,-0.025919
26.344,-0.024777
26.354,-0.023677
26.364,-0.022608
26.374,-0.021574
26.384,-0.020579
26.394,-0.01962
26.404,-0.01871
26.414,-0.017847
26.424,-0.017022
26.434,-0.016233
26.444,-0.0155
26.454,-0.014815
26.464,-0.014177
26.474,-0.013587
26.484,-0.013053
26.494,-0.012564
26.504,-0.012129
26.514,-0.011747
26.524,-0.011418
26.534,-0.011144
26.545,-0.010917
26.555,-0.010733
26.565,-0.010593
26.575,-0.010495
26.585,-0.010432
26.595,-0.010408
26.605,-0.010423
26.615,-0.010474
26.625,-0.01056
26.635,-0.010675
26.645,-0.010827
26.655,-0.011011
26.665,-0.011211
26.675,-0.01143
26.685,-0.011671
26.695,-0.011928
26.705,-0.012203
26.715,-0.012487
26.725,-0.012781
26.735,-0.013072
26.745,-0.01336
26.755,-0.01365
26.765,-0.013922
26.775,-0.014186
26.785,-0.014437
26.795,-0.01467
26.805,-0.014883
26.815,-0.015079
26.825,-0.015252
26.835,-0.015396
26.845,-0.015519
26.855,-0.015618
26.865,-0.015676
26.875,-0.015686
26.885,-0.015661
26.895,-0.015594
26.905,-0.015478
26.915,-0.015317
26.925,-0.01511
26.935,-0.014857
26.945,-0.014561
26.955,-0.014216
26.965,-0.013826
26.975,-0.013375
26.985,-0.012868
26.995,-0.012307
27.005,-0.0117
27.015,-0.011041
27.025,-0.010327
27.036,-0.0095538
27.046,-0.0087327
27.056,-0.0078654
27.066,-0.0069468
27.076,-0.005987
27.086,-0.0049796
27.096,-0.0039248
27.106,-0.0028234
27.116,-0.0016676
27.126,-0.00047862
27.136,0.00074371
27.146,0.0020051
27.156,0.0032956
27.166,0.0046238
27.176,0.0059832
27.186,0.0073684
27.196,0.0087715
27.206,0.01018
27.216,0.011601
27.226,0.01304
27.236,0.014487
27.246,0.01594
27.256,0.017398
27.266,0.018865
27.276,0.020337
27.286,0.021807
27.296,0.023263
27.306,0.024714
27.316,0.026147
27.326,0.027569
27.336,0.028979
27.346,0.030361
27.356,0.031721
27.366,0.033063
27.376,0.034388
27.386,0.035691
27.396,0.036965
27.406,0.038202
27.416,0.039407
27.426,0.040576
27.436,0.041723
27.446,0.042849
27.456,0.043938
27.466,0.044981
27.476,0.045995
27.486,0.04697
27.496,0.047905
27.506,0.048796
27.517,0.049649
27.527,0.050454
27.537,0.051213
27.547,0.051927
27.557,0.052606
27.567,0.053243
27.577,0.053846
27.587,0.054406
27.597,0.05492
27.607,0.055395
27.617,0.05583
27.627,0.056227
27.637,0.056584
27.647,0.056904
27.657,0.057194
27.667,0.05744
27.677,0.057656
27.687,0.057836
27.697,0.057977
27.707,0.058079
27.717,0.058144
27.727,0.058183
27.737,0.058185
27.747,0.058159
27.757,0.058087
27.767,0.057983
27.777,0.057856
27.787,0.057695
27.797,0.057494
27.807,0.057261
27.817,0.056999
27.827,0.056709
27.837,0.056383
27.847,0.056027
27.857,0.055639
27.867,0.055224
27.877,0.054778
27.887,0.054302
27.897,0.053802
27.907,0.05327
27.917,0.052712
27.927,0.052128
27.937,0.051512
27.947,0.050871
27.957,0.050201
27.967,0.049505
27.977,0.048783
27.987,0.048037
27.997,0.047271
28.008,0.046488
28.018,0.045673
28.028,0.04483
28.038,0.043972
28.048,0.043095
28.058,0.042191
28.068,0.041259
28.078,0.040311
28.088,0.039342
28.098,0.038351
28.108,0.037348
28.118,0.03632
28.128,0.03527
28.138,0.034206
28.148,0.03312
28.158,0.032015
28.168,0.030895
28.178,0.029749
28.188,0.028591
28.198,0.027422
28.208,0.026243
28.218,0.025046
28.228,0.023826
28.238,0.022593
28.248,0.021348
28.258,0.02008
28.268,0.018796
28.278,0.017506
28.288,0.016203
28.298,0.014887
28.308,0.013558
28.318,0.012231
28.328,0.010887
28.338,0.0095366
28.348,0.0081767
28.358,0.0068115
28.368,0.0054343
28.378,0.0040586
28.388,0.0026868
28.398,0.0013181
28.408,-5.1981e-005
28.418,-0.0014257
28.428,-0.0027998
28.438,-0.0041727
28.448,-0.0055521
28.458,-0.00693
28.468,-0.0082864
28.478,-0.0096288
28.489,-0.010957
28.499,-0.012284
28.509,-0.013609
28.519,-0.014911
28.529,-0.016206
28.539,-0.01748
28.549,-0.018736
28.559,-0.019971
28.569,-0.021184
28.579,-0.022375
28.589,-0.023541
28.599,-0.024676
28.609,-0.025767
28.619,-0.026829
28.629,-0.027853
28.639,-0.028843
28.649,-0.029794
28.659,-0.030702
28.669,-0.031572
28.679,-0.032402
28.689,-0.033173
28.699,-0.033887
28.709,-0.034547
28.719,-0.03515
28.729,-0.03569
28.739,-0.036165
28.749,-0.036576
28.759,-0.03693
28.769,-0.037214
28.779,-0.037427
28.789,-0.037575
28.799,-0.037646
28.809,-0.037644
28.819,-0.037575
28.829,-0.03743
28.839,-0.037207
28.849,-0.036904
28.859,-0.036514
28.869,-0.036057
28.879,-0.035518
28.889,-0.034904
28.899,-0.034222
28.909,-0.033467
28.919,-0.032633
28.929,-0.031718
28.939,-0.030729
28.949,-0.029679
28.959,-0.028574
28.969,-0.027399
28.98,-0.026161
28.99,-0.024852
29,-0.023503
29.01,-0.0221
29.02,-0.020658
29.03,-0.019182
29.04,-0.017649
29.05,-0.016081
29.06,-0.014484
29.07,-0.012857
29.08,-0.011208
29.09,-0.0095447
29.1,-0.0078677
29.11,-0.006195
29.12,-0.0045203
29.13,-0.0028452
29.14,-0.0011712
29.15,0.00048964
29.16,0.0021136
29.17,0.0037103
29.18,0.005286
29.19,0.0068338
29.2,0.0083523
29.21,0.0098076
29.22,0.011218
29.23,0.01258
29.24,0.013881
29.25,0.015142
29.26,0.016334
29.27,0.017457
29.28,0.018517
29.29,0.019502
29.3,0.02042
29.31,0.021268
29.32,0.02204
29.33,0.022746
29.34,0.023365
29.35,0.023916
29.36,0.024396
29.37,0.024805
29.38,0.025138
29.39,0.025404
29.4,0.025604
29.41,0.025742
29.42,0.025811
29.43,0.025817
29.44,0.025769
29.45,0.025666
29.46,0.025516
29.471,0.025313
29.481,0.025065
29.491,0.024786
29.501,0.024475
29.511,0.024134
29.521,0.023775
29.531,0.023391
29.541,0.022999
29.551,0.022597
29.561,0.022182
29.571,0.02176
29.581,0.021339
29.591,0.020921
29.601,0.020519
29.611,0.020129
29.621,0.019751
29.631,0.019399
29.641,0.019076
29.651,0.018783
29.661,0.018527
29.671,0.018294
29.681,0.01808
29.691,0.017902
29.701,0.017759
29.711,0.017655
29.721,0.017583
29.731,0.017551
29.741,0.017563
29.751,0.017612
29.761,0.017696
29.771,0.017819
29.781,0.017978
29.791,0.018165
29.801,0.018382
29.811,0.018625
29.821,0.018891
29.831,0.019176
29.841,0.019482
29.851,0.019799
29.861,0.020127
29.871,0.020469
29.881,0.02082
29.891,0.021178
29.901,0.021532
29.911,0.021883
29.921,0.022229
29.931,0.022569
29.941,0.022892
29.952,0.023191
29.962,0.023458
29.972,0.023694
29.982,0.023899
29.992,0.024071
30.002,0.024205
30.012,0.024312
30.022,0.024376
30.032,0.024398
30.042,0.024388
30.052,0.02434
30.062,0.024252
30.072,0.024104
30.082,0.023908
30.092,0.023669
30.102,0.023379
30.112,0.023029
30.122,0.022629
30.132,0.022201
30.142,0.02173
30.152,0.02121
30.162,0.020633
30.172,0.019998
30.182,0.019328
30.192,0.018619
30.202,0.017866
30.212,0.017099
30.222,0.016312
30.232,0.015486
30.242,0.01464
30.252,0.013786
30.262,0.01292
30.272,0.012027
30.282,0.011086
30.292,0.010132
30.302,0.0091824
30.312,0.0082459
30.322,0.0073467
30.332,0.0064687
30.342,0.005606
30.352,0.004764
30.362,0.0039523
30.372,0.0031695
30.382,0.0024087
30.392,0.0016697
30.402,0.00096488
30.412,0.00028757
30.422,-0.00036732
30.432,-0.00099854
30.443,-0.0015957
30.453,-0.0021614
30.463,-0.0026918
30.473,-0.0031854
30.483,-0.0036482
30.493,-0.0040703
30.503,-0.0044575
30.513,-0.0048142
30.523,-0.0051387
30.533,-0.0054246
30.543,-0.0056714
30.553,-0.0058803
30.563,-0.0060479
30.573,-0.0061766
30.583,-0.0062771
30.593,-0.0063402
30.603,-0.0063671
30.613,-0.0063547
30.623,-0.0063058
30.633,-0.006219
30.643,-0.0060945
30.653,-0.0059322
30.663,-0.0057305
30.673,-0.0054953
30.683,-0.0052296
30.693,-0.004935
30.703,-0.0046073
30.713,-0.0042351
30.723,-0.00382
30.733,-0.0033891
30.743,-0.0029267
30.753,-0.0024334
30.763,-0.001912
30.773,-0.00137
30.783,-0.00080741
30.793,-0.00022056
30.803,0.00038653
30.813,0.0010036
30.823,0.001638
30.833,0.0022844
30.843,0.0029474
30.853,0.0036159
30.863,0.0042781
30.873,0.004946
30.883,0.0056214
30.893,0.0063005
30.903,0.0069717
30.913,0.0076442
30.924,0.0083152
30.934,0.0089742
30.944,0.0096147
30.954,0.010241
30.964,0.010858
30.974,0.01146
30.984,0.012057
30.994,0.012633
31.004,0.013195
31.014,0.013732
31.024,0.014246
31.034,0.014741
31.044,0.015216
31.054,0.015668
31.064,0.016092
31.074,0.016487
31.084,0.016858
31.094,0.017207
31.104,0.017533
31.114,0.017832
31.124,0.018104
31.134,0.018343
31.144,0.018557
31.154,0.018741
31.164,0.018907
31.174,0.019058
31.184,0.019181
31.194,0.019278
31.204,0.019353
31.214,0.019416
31.224,0.019469
31.234,0.019507
31.244,0.019532
31.254,0.01954
31.264,0.019541
31.274,0.019543
31.284,0.019547
31.294,0.019542
31.304,0.019533
31.314,0.019531
31.324,0.019537
31.334,0.01955
31.344,0.01957
31.354,0.019605
31.364,0.01965
31.374,0.019708
31.384,0.019789
31.394,0.01989
31.404,0.020013
31.415,0.02016
31.425,0.020332
31.435,0.020532
31.445,0.020761
31.455,0.021024
31.465,0.021312
31.475,0.021629
31.485,0.021973
31.495,0.022345
31.505,0.022745
31.515,0.023175
31.525,0.023627
31.535,0.02411
31.545,0.024624
31.555,0.025166
31.565,0.025726
31.575,0.0263
31.585,0.026876
31.595,0.027459
31.605,0.028055
31.615,0.02866
31.625,0.029268
31.635,0.02987
31.645,0.03047
31.655,0.031059
31.665,0.031633
31.675,0.032196
31.685,0.032741
31.695,0.033265
31.705,0.033768
31.715,0.034249
31.725,0.034702
31.735,0.035116
31.745,0.035487
31.755,0.035819
31.765,0.036103
31.775,0.036344
31.785,0.036533
31.795,0.036667
31.805,0.03674
31.815,0.036754
31.825,0.036721
31.835,0.03663
31.845,0.036479
31.855,0.036265
31.865,0.035996
31.875,0.035661
31.885,0.035256
31.895,0.03479
31.906,0.034266
31.916,0.033686
31.926,0.033041
31.936,0.03234
31.946,0.031591
31.956,0.030784
31.966,0.02993
31.976,0.029045
31.986,0.028129
31.996,0.027167
32.006,0.026167
32.016,0.025148
32.026,0.024101
32.036,0.023027
32.046,0.021923
32.056,0.020799
32.066,0.019661
32.076,0.018527
32.086,0.017386
32.096,0.016247
32.106,0.015106
32.116,0.013966
32.126,0.012836
32.136,0.011711
32.146,0.010606
32.156,0.0095263
32.166,0.0084696
32.176,0.0074528
32.186,0.0064665
32.196,0.0055051
32.206,0.0045872
32.216,0.0037143
32.226,0.0028861
32.236,0.0020914
32.246,0.0013391
32.256,0.000636
32.266,-1.8338e-005
32.276,-0.00063152
32.286,-0.0011884
32.296,-0.0016945
32.306,-0.0021493
32.316,-0.0025429
32.326,-0.002876
32.336,-0.0031462
32.346,-0.0033545
32.356,-0.0035089
32.366,-0.0036061
32.376,-0.0036458
32.387,-0.0036147
32.397,-0.0035234
32.407,-0.0033653
32.417,-0.003145
32.427,-0.0028701
32.437,-0.0025347
32.447,-0.0021403
32.457,-0.0016849
32.467,-0.0011669
32.477,-0.00058743
32.487,5.2371e-005
32.497,0.00075674
32.507,0.0015269
32.517,0.0023549
32.527,0.0032315
32.537,0.0041657
32.547,0.0051488
32.557,0.006183
32.567,0.007263
32.577,0.0083855
32.587,0.0095562
32.597,0.010778
32.607,0.012037
32.617,0.013327
32.627,0.014642
32.637,0.015987
32.647,0.017353
32.657,0.018744
32.667,0.020146
32.677,0.021551
32.687,0.022963
32.697,0.024395
32.707,0.025843
32.717,0.027281
32.727,0.028697
32.737,0.030106
32.747,0.031487
32.757,0.032835
32.767,0.034168
32.777,0.035479
32.787,0.036747
32.797,0.037974
32.807,0.039164
32.817,0.040318
32.827,0.041426
32.837,0.042477
32.847,0.043478
32.857,0.044428
32.867,0.04533
32.878,0.046177
32.888,0.046958
32.898,0.047669
32.908,0.048314
32.918,0.048908
32.928,0.049429
32.938,0.049884
32.948,0.050286
32.958,0.050625
32.968,0.050898
32.978,0.051106
32.988,0.051254
32.998,0.051345
33.008,0.051387
33.018,0.051379
33.028,0.051318
33.038,0.051209
33.048,0.051063
33.058,0.05088
33.068,0.050666
33.078,0.050425
33.088,0.050154
33.098,0.049859
33.108,0.04955
33.118,0.049227
33.128,0.048896
33.138,0.048563
33.148,0.048229
33.158,0.047892
33.168,0.047561
33.178,0.047247
33.188,0.046956
33.198,0.046686
33.208,0.046432
33.218,0.046199
33.228,0.045992
33.238,0.045805
33.248,0.04565
33.258,0.045521
33.268,0.04542
33.278,0.045354
33.288,0.045317
33.298,0.045307
33.308,0.045336
33.318,0.045393
33.328,0.045476
33.338,0.045579
33.348,0.045707
33.359,0.045858
33.369,0.046014
33.379,0.04618
33.389,0.046354
33.399,0.046529
33.409,0.0467
33.419,0.046861
33.429,0.047005
33.439,0.047136
33.449,0.047247
33.459,0.04734
33.469,0.047398
33.479,0.047421
33.489,0.047409
33.499,0.04735
33.509,0.047245
33.519,0.047083
33.529,0.046865
33.539,0.046581
33.549,0.046233
33.559,0.045816
33.569,0.04533
33.579,0.044771
33.589,0.044136
33.599,0.043431
33.609,0.042639
33.619,0.041774
33.629,0.040825
33.639,0.039796
33.649,0.038685
33.659,0.037506
33.669,0.036254
33.679,0.034931
33.689,0.033537
33.699,0.032088
33.709,0.030574
33.719,0.029
33.729,0.027365
33.739,0.025683
33.749,0.023963
33.759,0.022205
33.769,0.020397
33.779,0.018557
33.789,0.016688
33.799,0.014804
33.809,0.012913
33.819,0.011
33.829,0.0090891
33.839,0.0071981
33.85,0.0053219
33.86,0.0034698
33.87,0.0016354
33.88,-0.00015951
33.89,-0.0019097
33.9,-0.0036163
33.91,-0.0052732
33.92,-0.0068746
33.93,-0.0084111
33.94,-0.0098735
33.95,-0.011265
33.96,-0.012594
33.97,-0.013856
33.98,-0.015043
33.99,-0.016131
34,-0.01712
34.01,-0.018012
34.02,-0.018822
34.03,-0.019536
34.04,-0.020158
34.05,-0.020683
34.06,-0.021103
34.07,-0.021419
34.08,-0.021631
34.09,-0.021746
34.1,-0.021764
34.11,-0.021686
34.12,-0.021493
34.13,-0.021182
34.14,-0.020776
34.15,-0.020274
34.16,-0.019668
34.17,-0.018964
34.18,-0.018172
34.19,-0.017305
34.2,-0.016354
34.21,-0.015321
34.22,-0.014202
34.23,-0.01301
34.24,-0.011754
34.25,-0.010438
34.26,-0.0090569
34.27,-0.0076075
34.28,-0.0061044
34.29,-0.0045642
34.3,-0.0029864
34.31,-0.0013666
34.32,0.00028547
34.33,0.0019574
34.341,0.0036562
34.351,0.0053841
34.361,0.0071374
34.371,0.0089095
34.381,0.010675
34.391,0.012459
34.401,0.01424
34.411,0.016002
34.421,0.017763
34.431,0.01952
34.441,0.021248
34.451,0.02294
34.461,0.024621
34.471,0.026285
34.481,0.027905
34.491,0.029495
34.501,0.031049
34.511,0.032545
34.521,0.034002
34.531,0.035412
34.541,0.036773
34.551,0.038086
34.561,0.039362
34.571,0.040596
34.581,0.041777
34.591,0.0429
34.601,0.043969
34.611,0.044974
34.621,0.045929
34.631,0.046833
34.641,0.047677
34.651,0.048466
34.661,0.049192
34.671,0.04987
34.681,0.050492
34.691,0.051066
34.701,0.051595
34.711,0.052061
34.721,0.052479
34.731,0.052847
34.741,0.053174
34.751,0.053459
34.761,0.053704
34.771,0.053902
34.781,0.054069
34.791,0.054215
34.801,0.054332
34.811,0.054417
34.822,0.054476
34.832,0.054517
34.842,0.054543
34.852,0.054545
34.862,0.054528
34.872,0.054499
34.882,0.054469
34.892,0.054433
34.902,0.054386
34.912,0.054339
34.922,0.054297
34.932,0.054262
34.942,0.054229
34.952,0.054188
34.962,0.054169
34.972,0.054164
34.982,0.054165
34.992,0.054173
35.002,0.054194
35.012,0.054239
35.022,0.054295
35.032,0.054375
35.042,0.054472
35.052,0.054585
35.062,0.054719
35.072,0.05488
35.082,0.055058
35.092,0.05525
35.102,0.055456
35.112,0.05568
35.122,0.055918
35.132,0.056171
35.142,0.056438
35.152,0.056713
35.162,0.056991
35.172,0.05728
35.182,0.057574
35.192,0.05787
35.202,0.058168
35.212,0.058464
35.222,0.058763
35.232,0.059051
35.242,0.059333
35.252,0.059597
35.262,0.059849
35.272,0.060088
35.282,0.060302
35.292,0.060491
35.302,0.060646
35.313,0.060774
35.323,0.060871
35.333,0.060926
35.343,0.060947
35.353,0.060933
35.363,0.060874
35.373,0.060768
35.383,0.060623
35.393,0.060426
35.403,0.060179
35.413,0.059876
35.423,0.059523
35.433,0.059122
35.443,0.058663
35.453,0.058161
35.463,0.057613
35.473,0.057013
35.483,0.056358
35.493,0.055645
35.503,0.054894
35.513,0.054099
35.523,0.053248
35.533,0.052351
35.543,0.05141
35.553,0.050425
35.563,0.049391
35.573,0.048312
35.583,0.047209
35.593,0.046087
35.603,0.044926
35.613,0.043749
35.623,0.042546
35.633,0.041328
35.643,0.040083
35.653,0.038818
35.663,0.037537
35.673,0.036237
35.683,0.034939
35.693,0.03364
35.703,0.032327
35.713,0.031018
35.723,0.029713
35.733,0.028423
35.743,0.027129
35.753,0.025843
35.763,0.024569
35.773,0.023308
35.783,0.022063
35.794,0.020841
35.804,0.019642
35.814,0.018467
35.824,0.017309
35.834,0.016184
35.844,0.015077
35.854,0.013994
35.864,0.012933
35.874,0.011902
35.884,0.010909
35.894,0.0099443
35.904,0.0090144
35.914,0.0081257
35.924,0.0072631
35.934,0.0064294
35.944,0.0056297
35.954,0.0048689
35.964,0.0041356
35.974,0.0034335
35.984,0.0027745
35.994,0.0021412
36.004,0.0015397
36.014,0.00097333
36.024,0.00044707
36.034,-3.7222e-005
36.044,-0.00048723
36.054,-0.0009123
36.064,-0.0013007
36.074,-0.0016552
36.084,-0.0019773
36.094,-0.0022697
36.104,-0.0025259
36.114,-0.0027461
36.124,-0.0029373
36.134,-0.0031008
36.144,-0.0032239
36.154,-0.0033098
36.164,-0.0033557
36.174,-0.0033772
36.184,-0.0033674
36.194,-0.0033239
36.204,-0.0032537
36.214,-0.0031588
36.224,-0.0030364
36.234,-0.0028896
36.244,-0.0027118
36.254,-0.0025085
36.264,-0.0022873
36.274,-0.0020491
36.285,-0.0017898
36.295,-0.0015094
36.305,-0.0012168
36.315,-0.00090602
36.325,-0.00057609
36.335,-0.00022846
36.345,0.00013086
36.355,0.00049223
36.365,0.00085772
36.375,0.001225
36.385,0.0016069
36.395,0.0019907
36.405,0.0023664
36.415,0.0027423
36.425,0.0031194
36.435,0.0034949
36.445,0.0038674
36.455,0.0042356
36.465,0.0045964
36.475,0.0049446
36.485,0.0052852
36.495,0.0056117
36.505,0.0059217
36.515,0.0062144
36.525,0.0064993
36.535,0.0067736
36.545,0.0070274
36.555,0.0072599
36.565,0.0074848
36.575,0.0077018
36.585,0.0078968
36.595,0.0080793
36.605,0.008248
36.615,0.0084066
36.625,0.0085596
36.635,0.0086973
36.645,0.008824
36.655,0.0089426
36.665,0.0090581
36.675,0.0091725
36.685,0.009281
36.695,0.0093801
36.705,0.0094785
36.715,0.0095835
36.725,0.0096957
36.735,0.009815
36.745,0.0099393
36.755,0.010075
36.765,0.010227
36.776,0.010385
36.786,0.010551
36.796,0.010727
36.806,0.010916
36.816,0.011112
36.826,0.011332
36.836,0.011564
36.846,0.011813
36.856,0.012078
36.866,0.01236
36.876,0.012666
36.886,0.012988
36.896,0.013318
36.906,0.013651
36.916,0.01399
36.926,0.014341
36.936,0.01471
36.946,0.015066
36.956,0.015418
36.966,0.015776
36.976,0.016132
36.986,0.016472
36.996,0.016804
37.006,0.01712
37.016,0.017422
37.026,0.017697
37.036,0.017939
37.046,0.01816
37.056,0.018356
37.066,0.018517
37.076,0.018646
37.086,0.018738
37.096,0.018789
37.106,0.018791
37.116,0.018747
37.126,0.018652
37.136,0.018507
37.146,0.018299
37.156,0.018027
37.166,0.017706
37.176,0.017331
37.186,0.01689
37.196,0.016394
37.206,0.015836
37.216,0.015217
37.226,0.014532
37.236,0.013793
37.246,0.012992
37.257,0.012125
37.267,0.011206
37.277,0.010238
37.287,0.00921
37.297,0.0081392
37.307,0.0070267
37.317,0.0058821
37.327,0.0047079
37.337,0.0034909
37.347,0.0022335
37.357,0.00092197
37.367,-0.00040782
37.377,-0.0017509
37.387,-0.0031196
37.397,-0.0044996
37.407,-0.0058944
37.417,-0.0073067
37.427,-0.0087223
37.437,-0.010115
37.447,-0.011506
37.457,-0.012898
37.467,-0.014266
37.477,-0.01561
37.487,-0.016942
37.497,-0.018249
37.507,-0.019513
37.517,-0.020747
37.527,-0.021943
37.537,-0.02311
37.547,-0.024227
37.557,-0.025303
37.567,-0.026332
37.577,-0.02732
37.587,-0.028251
37.597,-0.029116
37.607,-0.029924
37.617,-0.030678
37.627,-0.031372
37.637,-0.032006
37.647,-0.032584
37.657,-0.033102
37.667,-0.033563
37.677,-0.033971
37.687,-0.034314
37.697,-0.034598
37.707,-0.034821
37.717,-0.034981
37.727,-0.035088
37.737,-0.03515
37.748,-0.035158
37.758,-0.035115
37.768,-0.035032
37.778,-0.034896
37.788,-0.034708
37.798,-0.034488
37.808,-0.034219
37.818,-0.033908
37.828,-0.03355
37.838,-0.033149
37.848,-0.032715
37.858,-0.032253
37.868,-0.031742
37.878,-0.031189
37.888,-0.030615
37.898,-0.030016
37.908,-0.029384
37.918,-0.02871
37.928,-0.028013
37.938,-0.027299
37.948,-0.026555
37.958,-0.025791
37.968,-0.025003
37.978,-0.024194
37.988,-0.02337
37.998,-0.02252
38.008,-0.021645
38.018,-0.02076
38.028,-0.019862
38.038,-0.018937
38.048,-0.017998
38.058,-0.017049
38.068,-0.016076
38.078,-0.015097
38.088,-0.014108
38.098,-0.013097
38.108,-0.01208
38.118,-0.011051
38.128,-0.010009
38.138,-0.0089555
38.148,-0.0078994
38.158,-0.0068337
38.168,-0.0057738
38.178,-0.0047102
38.188,-0.003645
38.198,-0.0025793
38.208,-0.0015211
38.218,-0.00044912
38.229,0.00064037
38.239,0.0017191
38.249,0.0027965
38.259,0.0038661
38.269,0.0049356
38.279,0.0060037
38.289,0.0070694
38.299,0.0081265
38.309,0.0091744
38.319,0.010223
38.329,0.011265
38.339,0.012296
38.349,0.013314
38.359,0.014314
38.369,0.015315
38.379,0.016306
38.389,0.017275
38.399,0.018222
38.409,0.019152
38.419,0.020061
38.429,0.020944
38.439,0.021804
38.449,0.02265
38.459,0.023465
38.469,0.024252
38.479,0.025022
38.489,0.025772
38.499,0.026506
38.509,0.027208
38.519,0.027885
38.529,0.028538
38.539,0.029164
38.549,0.029767
38.559,0.030342
38.569,0.030885
38.579,0.031395
38.589,0.031876
38.599,0.032318
38.609,0.032722
38.619,0.033094
38.629,0.033433
38.639,0.033725
38.649,0.033981
38.659,0.034203
38.669,0.034399
38.679,0.03455
38.689,0.034667
38.699,0.034745
38.709,0.034793
38.72,0.034801
38.73,0.034772
38.74,0.034698
38.75,0.034591
38.76,0.034448
38.77,0.034262
38.78,0.034041
38.79,0.03379
38.8,0.033498
38.81,0.033182
38.82,0.032826
38.83,0.032435
38.84,0.032013
38.85,0.031564
38.86,0.031082
38.87,0.030573
38.88,0.030036
38.89,0.029467
38.9,0.028871
38.91,0.028252
38.92,0.027621
38.93,0.026965
38.94,0.026296
38.95,0.025611
38.96,0.024908
38.97,0.024195
38.98,0.023472
38.99,0.022749
39,0.022016
39.01,0.021278
39.02,0.020536
39.03,0.019796
39.04,0.01905
39.05,0.018305
39.06,0.017576
39.07,0.016852
39.08,0.016138
39.09,0.015432
39.1,0.014747
39.11,0.014081
39.12,0.01342
39.13,0.012778
39.14,0.012157
39.15,0.011557
39.16,0.010974
39.17,0.010416
39.18,0.0098743
39.19,0.0093564
39.2,0.0088625
39.211,0.008385
39.221,0.0079339
39.231,0.0075097
39.241,0.0071208
39.251,0.006759
39.261,0.0064248
39.271,0.0061271
39.281,0.0058576
39.291,0.0056201
39.301,0.0054198
39.311,0.0052426
39.321,0.0050997
39.331,0.0049899
39.341,0.0049008
39.351,0.00484
39.361,0.0048116
39.371,0.004796
39.381,0.0048193
39.391,0.0048748
39.401,0.0049625
39.411,0.0050676
39.421,0.0051945
39.431,0.0053592
39.441,0.0055547
39.451,0.0057737
39.461,0.0060113
39.471,0.0062759
39.481,0.0065622
39.491,0.0068588
39.501,0.0071853
39.511,0.0075377
39.521,0.0079038
39.531,0.0082834
39.541,0.0086963
39.551,0.0091332
39.561,0.0095955
39.571,0.010074
39.581,0.010573
39.591,0.011084
39.601,0.011619
39.611,0.01217
39.621,0.012739
39.631,0.013326
39.641,0.013924
39.651,0.014532
39.661,0.015158
39.671,0.015808
39.681,0.016463
39.692,0.017135
39.702,0.017808
39.712,0.018492
39.722,0.019195
39.732,0.019909
39.742,0.020644
39.752,0.021386
39.762,0.022121
39.772,0.02288
39.782,0.023644
39.792,0.024415
39.802,0.025198
39.812,0.025976
39.822,0.026765
39.832,0.027568
39.842,0.028382
39.852,0.029186
39.862,0.029996
39.872,0.030803
39.882,0.031615
39.892,0.032418
39.902,0.033217
39.912,0.034006
39.922,0.034794
39.932,0.03557
39.942,0.036348
39.952,0.03712
39.962,0.03789
39.972,0.038644
39.982,0.039369
39.992,0.040072
40.002,0.040764
40.012,0.041452
40.022,0.04212
40.032,0.042774
40.042,0.043416
40.052,0.04405
40.062,0.044665
40.072,0.045253
40.082,0.045815
40.092,0.046374
40.102,0.046908
40.112,0.047421
40.122,0.04791
40.132,0.048374
40.142,0.048812
40.152,0.04923
40.162,0.049627
40.172,0.05
40.183,0.050358
40.193,0.050696
40.203,0.051023
40.213,0.051324
40.223,0.051604
40.233,0.051875
40.243,0.05213
40.253,0.052369
40.263,0.052601
40.273,0.052831
40.283,0.05305
40.293,0.053259
40.303,0.05347
40.313,0.053658
40.323,0.05384
40.333,0.054012
40.343,0.054179
40.353,0.054336
40.363,0.054482
40.373,0.054614
40.383,0.05474
40.393,0.054864
40.403,0.054977
40.413,0.055081
40.423,0.055183
40.433,0.055273
40.443,0.055355
40.453,0.055438
40.463,0.055516
40.473,0.055583
40.483,0.055639
40.493,0.055678
40.503,0.055706
40.513,0.055729
40.523,0.055743
40.533,0.055739
40.543,0.055727
40.553,0.055701
40.563,0.055664
40.573,0.055607
40.583,0.055538
40.593,0.055463
40.603,0.055368
40.613,0.055252
40.623,0.05512
40.633,0.054975
40.643,0.054811
40.653,0.054627
40.664,0.054424
40.674,0.054197
40.684,0.053949
40.694,0.053677
40.704,0.05339
40.714,0.05309
40.724,0.052766
40.734,0.052423
40.744,0.052065
40.754,0.051696
40.764,0.051319
40.774,0.050935
40.784,0.050552
40.794,0.050162
40.804,0.049762
40.814,0.049356
40.824,0.04894
40.834,0.048523
40.844,0.048107
40.854,0.047687
40.864,0.047264
40.874,0.046854
40.884,0.046445
40.894,0.046038
40.904,0.04563
40.914,0.045247
40.924,0.044865
40.934,0.044494
40.944,0.044122
40.954,0.043767
40.964,0.043428
40.974,0.043106
40.984,0.042803
40.994,0.042514
41.004,0.042243
41.014,0.04198
41.024,0.041732
41.034,0.041508
41.044,0.041299
41.054,0.041099
41.064,0.040916
41.074,0.04075
41.084,0.040596
41.094,0.040455
41.104,0.040331
41.114,0.04022
41.124,0.040117
41.134,0.040018
41.144,0.039931
41.155,0.039852
41.165,0.03977
41.175,0.039688
41.185,0.039608
41.195,0.039531
41.205,0.039444
41.215,0.039355
41.225,0.039263
41.235,0.039177
41.245,0.039087
41.255,0.038982
41.265,0.03886
41.275,0.03874
41.285,0.038605
41.295,0.038453
41.305,0.038285
41.315,0.038107
41.325,0.037919
41.335,0.03772
41.345,0.037502
41.355,0.037271
41.365,0.037025
41.375,0.036767
41.385,0.036513
41.395,0.036244
41.405,0.035954
41.415,0.035647
41.425,0.035331
41.435,0.035006
41.445,0.034669
41.455,0.03433
41.465,0.034003
41.475,0.03367
41.485,0.033338
41.495,0.033017
41.505,0.032706
41.515,0.032392
41.525,0.03207
41.535,0.031755
41.545,0.031454
41.555,0.031179
41.565,0.030914
41.575,0.030657
41.585,0.03042
41.595,0.030193
41.605,0.029997
41.615,0.029821
41.625,0.029671
41.635,0.029553
41.646,0.029454
41.656,0.029389
41.666,0.029351
41.676,0.029341
41.686,0.029358
41.696,0.029408
41.706,0.029494
41.716,0.0296
41.726,0.029741
41.736,0.029917
41.746,0.030122
41.756,0.030372
41.766,0.030639
41.776,0.030937
41.786,0.031275
41.796,0.031643
41.806,0.03204
41.816,0.032468
41.826,0.032927
41.836,0.033404
41.846,0.033904
41.856,0.034434
41.866,0.034984
41.876,0.035558
41.886,0.036145
41.896,0.036758
41.906,0.0374
41.916,0.038044
41.926,0.038703
41.936,0.039378
41.946,0.04006
41.956,0.040763
41.966,0.041485
41.976,0.042209
41.986,0.042934
41.996,0.04366
42.006,0.04438
42.016,0.045095
42.026,0.045812
42.036,0.046525
42.046,0.047227
42.056,0.047933
42.066,0.048638
42.076,0.049339
42.086,0.050036
42.096,0.050726
42.106,0.051394
42.116,0.052053
42.127,0.052687
42.137,0.053294
42.147,0.053884
42.157,0.054451
42.167,0.054996
42.177,0.055497
42.187,0.055992
42.197,0.05646
42.207,0.05689
42.217,0.057303
42.227,0.057677
42.237,0.058017
42.247,0.058333
42.257,0.058605
42.267,0.058831
42.277,0.059027
42.287,0.059187
42.297,0.059312
42.307,0.059385
42.317,0.059413
42.327,0.059409
42.337,0.05938
42.347,0.059316
42.357,0.059206
42.367,0.059059
42.377,0.058881
42.387,0.058654
42.397,0.058385
42.407,0.058089
42.417,0.057758
42.427,0.057397
42.437,0.05701
42.447,0.056589
42.457,0.056137
42.467,0.055661
42.477,0.055172
42.487,0.054667
42.497,0.054132
42.507,0.053573
42.517,0.053006
42.527,0.052417
42.537,0.05182
42.547,0.051209
42.557,0.05058
42.567,0.04995
42.577,0.049308
42.587,0.048668
42.597,0.048021
42.607,0.047367
42.618,0.046724
42.628,0.046092
42.638,0.045453
42.648,0.04482
42.658,0.044196
42.668,0.043575
42.678,0.042964
42.688,0.042348
42.698,0.041745
42.708,0.041149
42.718,0.04056
42.728,0.039981
42.738,0.039393
42.748,0.038817
42.758,0.038242
42.768,0.037674
42.778,0.037115
42.788,0.03655
42.798,0.035992
42.808,0.035431
42.818,0.034868
42.828,0.034303
42.838,0.033728
42.848,0.033143
42.858,0.03257
42.868,0.031991
42.878,0.031387
42.888,0.030772
42.898,0.030151
42.908,0.029524
42.918,0.028883
42.928,0.028239
42.938,0.027594
42.948,0.026926
42.958,0.026249
42.968,0.025562
42.978,0.024869
42.988,0.02414
42.998,0.023419
43.008,0.022705
43.018,0.021988
43.028,0.02127
43.038,0.02055
43.048,0.019835
43.058,0.019121
43.068,0.018407
43.078,0.0177
43.088,0.017005
43.099,0.016326
43.109,0.015653
43.119,0.014974
43.129,0.014316
43.139,0.013682
43.149,0.013089
43.159,0.01252
43.169,0.011972
43.179,0.011445
43.189,0.010964
43.199,0.010533
43.209,0.010124
43.219,0.0097591
43.229,0.0094302
43.239,0.0091652
43.249,0.0089353
43.259,0.0087594
43.269,0.0086424
43.279,0.0085869
43.289,0.0085811
43.299,0.0086364
43.309,0.00874
43.319,0.0088916
43.329,0.0090913
43.339,0.0093583
43.349,0.0096785
43.359,0.010054
43.369,0.010473
43.379,0.010935
43.389,0.011448
43.399,0.012007
43.409,0.012625
43.419,0.013289
43.429,0.013995
43.439,0.014719
43.449,0.015504
43.459,0.016288
43.469,0.017121
43.479,0.017995
43.489,0.018855
43.499,0.019758
43.509,0.020674
43.519,0.021612
43.529,0.022544
43.539,0.023495
43.549,0.024442
43.559,0.0254
43.569,0.026339
43.579,0.027272
43.59,0.028189
43.6,0.02908
43.61,0.029957
43.62,0.030824
43.63,0.031664
43.64,0.032464
43.65,0.033258
43.66,0.034036
43.67,0.034774
43.68,0.035478
43.69,0.036153
43.7,0.0368
43.71,0.037407
43.72,0.037975
43.73,0.038494
43.74,0.038983
43.75,0.039434
43.76,0.039834
43.77,0.04019
43.78,0.040503
43.79,0.04076
43.8,0.040982
43.81,0.041154
43.82,0.041263
43.83,0.041314
43.84,0.041328
43.85,0.041302
43.86,0.041217
43.87,0.041087
43.88,0.040927
43.89,0.040688
43.9,0.040433
43.91,0.040109
43.92,0.039736
43.93,0.039323
43.94,0.038845
43.95,0.038324
43.96,0.037763
43.97,0.037152
43.98,0.036479
43.99,0.035746
44,0.034974
44.01,0.034153
44.02,0.033278
44.03,0.03241
44.04,0.031504
44.05,0.030537
44.06,0.029507
44.07,0.028477
44.081,0.027392
44.091,0.026258
44.101,0.02508
44.111,0.023878
44.121,0.022607
44.131,0.021363
44.141,0.020093
44.151,0.018795
44.161,0.01745
44.171,0.016146
44.181,0.014764
44.191,0.013367
44.201,0.011973
44.211,0.010562
44.221,0.0091307
44.231,0.0077004
44.241,0.0062716
44.251,0.0048141
44.261,0.003349
44.271,0.001902
44.281,0.00045556
44.291,-0.0010299
44.301,-0.0024753
44.311,-0.0039049
44.321,-0.0053185
44.331,-0.0067619
44.341,-0.008169
44.351,-0.0095608
44.361,-0.010951
44.371,-0.012321
44.381,-0.013643
44.391,-0.014943
44.401,-0.016221
44.411,-0.017472
44.421,-0.018696
44.431,-0.01989
44.441,-0.021054
44.451,-0.022194
44.461,-0.023314
44.471,-0.024407
44.481,-0.025458
44.491,-0.02651
44.501,-0.0275
44.511,-0.028459
44.521,-0.029386
44.531,-0.030292
44.541,-0.03116
44.551,-0.032018
44.562,-0.032841
44.572,-0.033619
44.582,-0.03438
44.592,-0.035121
44.602,-0.035852
44.612,-0.036546
44.622,-0.037215
44.632,-0.037877
44.642,-0.038521
44.652,-0.039146
44.662,-0.039755
44.672,-0.040356
44.682,-0.040937
44.692,-0.041513
44.702,-0.042089
44.712,-0.042662
44.722,-0.04323
44.732,-0.043789
44.742,-0.044347
44.752,-0.044908
44.762,-0.045467
44.772,-0.046015
44.782,-0.046584
44.792,-0.047167
44.802,-0.047762
44.812,-0.048351
44.822,-0.048946
44.832,-0.049545
44.842,-0.050151
44.852,-0.050758
44.862,-0.051363
44.872,-0.051979
44.882,-0.052605
44.892,-0.053239
44.902,-0.053857
44.912,-0.054471
44.922,-0.055069
44.932,-0.055672
44.942,-0.056272
44.952,-0.05686
44.962,-0.057452
44.972,-0.058039
44.982,-0.058613
44.992,-0.059155
45.002,-0.059701
45.012,-0.060214
45.022,-0.060698
45.032,-0.061165
45.042,-0.061617
45.053,-0.062046
45.063,-0.062455
45.073,-0.062839
45.083,-0.063164
45.093,-0.063463
45.103,-0.063726
45.113,-0.063951
45.123,-0.064139
45.133,-0.064283
45.143,-0.064392
45.153,-0.064454
45.163,-0.064478
45.173,-0.064472
45.183,-0.064414
45.193,-0.064312
45.203,-0.064162
45.213,-0.063979
45.223,-0.063753
45.233,-0.063483
45.243,-0.063152
45.253,-0.062793
45.263,-0.062386
45.273,-0.06196
45.283,-0.061493
45.293,-0.060997
45.303,-0.060466
45.313,-0.05989
45.323,-0.059269
45.333,-0.058641
45.343,-0.057972
45.353,-0.057283
45.363,-0.056586
45.373,-0.055868
45.383,-0.055147
45.393,-0.054411
45.403,-0.053661
45.413,-0.052925
45.423,-0.052188
45.433,-0.051436
45.443,-0.050697
45.453,-0.04998
45.463,-0.049266
45.473,-0.0486
45.483,-0.047953
45.493,-0.047325
45.503,-0.046715
45.513,-0.046148
45.523,-0.045625
45.534,-0.045152
45.544,-0.044697
45.554,-0.044284
45.564,-0.043903
45.574,-0.043564
45.584,-0.043272
45.594,-0.04304
45.604,-0.042848
45.614,-0.042714
45.624,-0.042643
45.634,-0.042631
45.644,-0.042677
45.654,-0.04277
45.664,-0.04293
45.674,-0.043141
45.684,-0.043394
45.694,-0.043687
45.704,-0.044062
45.714,-0.044454
45.724,-0.044911
45.734,-0.045394
45.744,-0.045917
45.754,-0.046486
45.764,-0.047102
45.774,-0.047762
45.784,-0.048446
45.794,-0.049164
45.804,-0.049884
45.814,-0.050661
45.824,-0.05141
45.834,-0.052181
45.844,-0.052972
45.854,-0.053768
45.864,-0.054557
45.874,-0.05534
45.884,-0.056119
45.894,-0.056898
45.904,-0.057674
45.914,-0.058433
45.924,-0.059147
45.934,-0.059847
45.944,-0.060521
45.954,-0.061185
45.964,-0.061806
45.974,-0.062419
45.984,-0.062971
45.994,-0.063482
46.004,-0.063965
46.014,-0.06442
46.025,-0.064808
46.035,-0.065159
46.045,-0.065466
46.055,-0.065714
46.065,-0.065927
46.075,-0.06609
46.085,-0.066214
46.095,-0.066296
46.105,-0.066335
46.115,-0.066336
46.125,-0.0663
46.135,-0.066234
46.145,-0.066116
46.155,-0.065966
46.165,-0.065771
46.175,-0.065557
46.185,-0.065312
46.195,-0.065063
46.205,-0.064804
46.215,-0.064529
46.225,-0.064236
46.235,-0.063941
46.245,-0.063641
46.255,-0.063347
46.265,-0.063045
46.275,-0.062754
46.285,-0.062485
46.295,-0.062204
46.305,-0.061949
46.315,-0.061697
46.325,-0.061482
46.335,-0.061296
46.345,-0.061135
46.355,-0.061004
46.365,-0.060913
46.375,-0.060863
46.385,-0.060851
46.395,-0.060872
46.405,-0.060948
46.415,-0.061059
46.425,-0.061207
46.435,-0.061362
46.445,-0.061615
46.455,-0.0619
46.465,-0.062225
46.475,-0.062593
46.485,-0.062989
46.495,-0.063534
46.505,-0.063975
46.516,-0.064558
46.526,-0.065102
46.536,-0.065732
46.546,-0.066369
46.556,-0.066992
46.566,-0.06774
46.576,-0.068449
46.586,-0.069176
46.596,-0.069916
46.606,-0.070711
46.616,-0.071432
46.626,-0.072161
46.636,-0.072874
46.646,-0.073586
46.656,-0.074269
46.666,-0.074918
46.676,-0.075577
46.686,-0.076209
46.696,-0.076811
46.706,-0.077401
46.716,-0.077964
46.726,-0.078469
46.736,-0.078949
46.746,-0.079388
46.756,-0.079747
46.766,-0.080089
46.776,-0.080359
46.786,-0.080572
46.796,-0.080692
46.806,-0.080784
46.816,-0.080811
46.826,-0.08074
46.836,-0.080637
46.846,-0.080519
46.856,-0.080186
46.866,-0.079892
46.876,-0.079532
46.886,-0.079096
46.896,-0.078553
46.906,-0.077971
46.916,-0.077314
46.926,-0.076633
46.936,-0.075896
46.946,-0.075108
46.956,-0.074238
46.966,-0.073358
46.976,-0.072387
46.986,-0.071371
46.997,-0.070325
47.007,-0.069229
47.017,-0.068054
47.027,-0.066801
47.037,-0.065617
47.047,-0.064342
47.057,-0.063031
47.067,-0.061647
47.077,-0.060246
47.087,-0.058768
47.097,-0.057274
47.107,-0.05589
47.117,-0.054434
47.127,-0.052969
47.137,-0.051465
47.147,-0.049938
47.157,-0.048422
47.167,-0.046897
47.177,-0.045373
47.187,-0.04383
47.197,-0.042265
47.207,-0.040638
47.217,-0.03906
47.227,-0.037502
47.237,-0.035965
47.247,-0.034461
47.257,-0.032957
47.267,-0.031476
47.277,-0.029924
47.287,-0.028536
47.297,-0.027137
47.307,-0.025647
47.317,-0.02426
47.327,-0.022897
47.337,-0.02157
47.347,-0.020323
47.357,-0.019096
47.367,-0.017891
47.377,-0.016745
47.387,-0.01559
47.397,-0.014457
47.407,-0.013397
47.417,-0.0124
47.427,-0.011435
47.437,-0.010497
47.447,-0.0096527
47.457,-0.0088072
47.467,-0.0080007
47.477,-0.0072324
47.488,-0.0064926
47.498,-0.0057952
47.508,-0.0051236
47.518,-0.0045224
47.528,-0.0039621
47.538,-0.0034043
47.548,-0.002917
47.558,-0.0024332
47.568,-0.0020193
47.578,-0.0016195
47.588,-0.0012419
47.598,-0.00094522
47.608,-0.00065292
47.618,-0.00036474
47.628,-0.00017786
47.638,3.7891e-005
47.648,0.00019352
47.658,0.00035464
47.668,0.00047371
47.678,0.00053591
47.688,0.00061184
47.698,0.00063361
47.708,0.0006207
47.718,0.0005829
47.728,0.00053885
47.738,0.0004372
47.748,0.00028751
47.758,8.8362e-005
47.768,-5.5982e-005
47.778,-0.00023795
47.788,-0.0004393
47.798,-0.00067238
47.808,-0.00091671
47.818,-0.0012152
47.828,-0.0015127
47.838,-0.0018041
47.848,-0.0021046
47.858,-0.0023971
47.868,-0.0026815
47.878,-0.0030237
47.888,-0.0033557
47.898,-0.0037172
47.908,-0.0040717
47.918,-0.0044181
47.928,-0.0048006
47.938,-0.0052139
47.948,-0.005604
47.958,-0.00603
47.969,-0.0064465
47.979,-0.0068793
47.989,-0.0073051
47.999,-0.0077053
48.009,-0.0081325
48.019,-0.0085671
48.029,-0.0090004
48.039,-0.0094077
48.049,-0.0098336
48.059,-0.010256
48.069,-0.010664
48.079,-0.011064
48.089,-0.011458
48.099,-0.011868
48.109,-0.012233
48.119,-0.012604
48.129,-0.01295
48.139,-0.013279
48.149,-0.013611
48.159,-0.013949
48.169,-0.014274
48.179,-0.014618
48.189,-0.014938
48.199,-0.01524
48.209,-0.015533
48.219,-0.015778
48.229,-0.016013
48.239,-0.016247
48.249,-0.016454
48.259,-0.016676
48.269,-0.016886
48.279,-0.017095
48.289,-0.017286
48.299,-0.017448
48.309,-0.017615
48.319,-0.017709
48.329,-0.01782
48.339,-0.017884
48.349,-0.017897
48.359,-0.01797
48.369,-0.017923
48.379,-0.017908
48.389,-0.017799
48.399,-0.017763
48.409,-0.017626
48.419,-0.017508
48.429,-0.017319
48.439,-0.017076
48.449,-0.01698
48.46,-0.016731
48.47,-0.016417
48.48,-0.016118
48.49,-0.015793
48.5,-0.015333
48.51,-0.014893
48.52,-0.014367
48.53,-0.013748
48.54,-0.013323
48.55,-0.012711
48.56,-0.012104
48.57,-0.011249
48.58,-0.010752
48.59,-0.010056
48.6,-0.0092102
48.61,-0.0083695
48.62,-0.0074457
48.63,-0.0067537
48.64,-0.0058395
48.65,-0.0048024
48.66,-0.0038675
48.67,-0.0030498
48.68,-0.0019666
48.69,-0.00098114
48.7,-1.1764e-005
48.71,0.0010589
48.72,0.0020436
48.73,0.0031251
48.74,0.0042312
48.75,0.0053408
48.76,0.0064428
48.77,0.0075855
48.78,0.0086582
48.79,0.0097561
48.8,0.010827
48.81,0.011941
48.82,0.012949
48.83,0.014033
48.84,0.015012
48.85,0.016
48.86,0.016944
48.87,0.017826
48.88,0.018692
48.89,0.019533
48.9,0.020288
48.91,0.021072
48.92,0.021757
48.93,0.022411
48.941,0.023008
48.951,0.023523
48.961,0.024015
48.971,0.024455
48.981,0.024764
48.991,0.025065
49.001,0.025219
49.011,0.02534
49.021,0.025444
49.031,0.025413
49.041,0.025354
49.051,0.025313
49.061,0.025174
49.071,0.024956
49.081,0.024633
49.091,0.02422
49.101,0.023768
49.111,0.023237
49.121,0.022659
49.131,0.022027
49.141,0.021421
49.151,0.02073
49.161,0.019962
49.171,0.019166
49.181,0.018313
49.191,0.017365
49.201,0.016409
49.211,0.015426
49.221,0.014403
49.231,0.01335
49.241,0.012263
49.251,0.011189
49.261,0.010045
49.271,0.0089323
49.281,0.0076775
49.291,0.0064381
49.301,0.0051708
49.311,0.0038783
49.321,0.002588
49.331,0.0012646
49.341,2.7708e-006
49.351,-0.001252
49.361,-0.0025055
49.371,-0.0037267
49.381,-0.0049511
49.391,-0.0061358
49.401,-0.0072922
49.411,-0.0084665
49.421,-0.0095895
49.432,-0.010662
49.442,-0.011698
49.452,-0.012705
49.462,-0.013742
49.472,-0.014751
49.482,-0.015767
49.492,-0.016776
49.502,-0.017668
49.512,-0.018531
49.522,-0.019365
49.532,-0.020107
49.542,-0.020839
49.552,-0.021597
49.562,-0.022288
49.572,-0.023024
49.582,-0.023721
49.592,-0.02427
49.602,-0.02476
49.612,-0.025154
49.622,-0.025512
49.632,-0.02591
49.642,-0.026268
49.652,-0.026583
49.662,-0.026878
49.672,-0.027154
49.682,-0.027341
49.692,-0.027487
49.702,-0.027578
49.712,-0.027712
49.722,-0.027812
49.732,-0.027861
49.742,-0.027858
49.752,-0.027833
49.762,-0.027745
49.772,-0.027629
49.782,-0.027502
49.792,-0.027359
49.802,-0.027142
49.812,-0.026901
49.822,-0.026582
49.832,-0.02621
49.842,-0.025811
49.852,-0.025481
49.862,-0.025158
49.872,-0.024701
49.882,-0.024123
49.892,-0.023496
49.902,-0.02295
49.912,-0.022467
49.923,-0.021925
49.933,-0.021195
49.943,-0.020388
49.953,-0.019624
49.963,-0.018849
49.973,-0.017889
49.983,-0.016844
49.993,-0.015961
50.003,-0.014956
50.013,-0.013772
50.023,-0.012422
50.033,-0.011126
50.043,-0.0098333
50.053,-0.0085014
50.063,-0.0069875
50.073,-0.0054185
50.083,-0.0036678
50.093,-0.0018997
