0,0.014031
0.010013,0.013357
0.020027,0.0122
0.03004,0.0081285
0.040054,0.0049524
0.050067,0.0021362
0.060081,-8.346e-005
0.070094,-0.00071486
0.080108,-0.00094398
0.090121,-0.0010627
0.10013,-0.0012188
0.11015,-0.0013074
0.12016,-0.0013838
0.13018,-0.0015016
0.14019,-0.0016126
0.1502,-0.0016668
0.16022,-0.0017953
0.17023,-0.0019454
0.18024,-0.0020416
0.19026,-0.0020694
0.20027,-0.0020551
0.21028,-0.0020795
0.2203,-0.0021392
0.23031,-0.0022149
0.24032,-0.0022862
0.25034,-0.0023268
0.26035,-0.0023289
0.27036,-0.0023866
0.28038,-0.0024882
0.29039,-0.0025955
0.3004,-0.0026465
0.31042,-0.0027132
0.32043,-0.0026894
0.33044,-0.002743
0.34046,-0.0028401
0.35047,-0.0029624
0.36049,-0.0030995
0.3705,-0.0031564
0.38051,-0.0031915
0.39053,-0.0031985
0.40054,-0.0032493
0.41055,-0.0033183
0.42057,-0.003423
0.43058,-0.0035389
0.44059,-0.0036343
0.45061,-0.0037343
0.46062,-0.0037938
0.47063,-0.0038485
0.48065,-0.003934
0.49066,-0.0039652
0.50067,-0.0039907
0.51069,-0.0040584
0.5207,-0.0041035
0.53071,-0.0041366
0.54073,-0.0041739
0.55074,-0.0041906
0.56076,-0.0042041
0.57077,-0.0042118
0.58078,-0.0042488
0.5908,-0.004299
0.60081,-0.0043263
0.61082,-0.0043803
0.62084,-0.0044401
0.63085,-0.0044967
0.64086,-0.0045638
0.65088,-0.0046053
0.66089,-0.0046443
0.6709,-0.0046999
0.68092,-0.0047364
0.69093,-0.0047767
0.70094,-0.0048152
0.71096,-0.0048637
0.72097,-0.0048748
0.73098,-0.0048586
0.741,-0.0048451
0.75101,-0.0048597
0.76102,-0.0049159
0.77104,-0.0049693
0.78105,-0.0050049
0.79107,-0.0050298
0.80108,-0.0050826
0.81109,-0.0051464
0.82111,-0.0051906
0.83112,-0.0051943
0.84113,-0.0051986
0.85115,-0.0052019
0.86116,-0.0051965
0.87117,-0.0052066
0.88119,-0.0051996
0.8912,-0.0052012
0.90121,-0.0052332
0.91123,-0.0052732
0.92124,-0.0052925
0.93125,-0.0053098
0.94127,-0.0053085
0.95128,-0.0052888
0.96129,-0.0052785
0.97131,-0.0052429
0.98132,-0.0052261
0.99133,-0.0052292
1.0013,-0.0052422
1.0114,-0.0052832
1.0214,-0.0053467
1.0314,-0.0053895
1.0414,-0.0054683
1.0514,-0.0055058
1.0614,-0.0055099
1.0714,-0.0054898
1.0815,-0.0054879
1.0915,-0.0054649
1.1015,-0.0054224
1.1115,-0.0053991
1.1215,-0.0053827
1.1315,-0.0053555
1.1415,-0.0053525
1.1516,-0.005356
1.1616,-0.0053473
1.1716,-0.0053463
1.1816,-0.0053586
1.1916,-0.0053508
1.2016,-0.0053138
1.2116,-0.0053014
1.2216,-0.0052695
1.2317,-0.0052671
1.2417,-0.0052594
1.2517,-0.0052422
1.2617,-0.0052068
1.2717,-0.0052071
1.2817,-0.0051929
1.2917,-0.0051608
1.3018,-0.0051527
1.3118,-0.0051405
1.3218,-0.0051042
1.3318,-0.0050826
1.3418,-0.0050472
1.3518,-0.0050269
1.3618,-0.0050104
1.3718,-0.0049934
1.3819,-0.0049709
1.3919,-0.0049457
1.4019,-0.0049361
1.4119,-0.0049201
1.4219,-0.0049049
1.4319,-0.0048852
1.4419,-0.0048465
1.452,-0.0047911
1.462,-0.0047602
1.472,-0.0047309
1.482,-0.0046876
1.492,-0.0046603
1.502,-0.0046518
1.512,-0.0046411
1.522,-0.0046572
1.5321,-0.0046594
1.5421,-0.0046503
1.5521,-0.0046466
1.5621,-0.0046376
1.5721,-0.0046103
1.5821,-0.0045815
1.5921,-0.0045447
1.6022,-0.0045099
1.6122,-0.0044955
1.6222,-0.0044953
1.6322,-0.0044801
1.6422,-0.0044651
1.6522,-0.0044418
1.6622,-0.0043942
1.6723,-0.0043801
1.6823,-0.0043645
1.6923,-0.0043453
1.7023,-0.0043046
1.7123,-0.0042662
1.7223,-0.0042258
1.7323,-0.0042108
1.7423,-0.00421
1.7524,-0.0041924
1.7624,-0.0041692
1.7724,-0.0041458
1.7824,-0.0041381
1.7924,-0.0041326
1.8024,-0.004126
1.8124,-0.0041236
1.8225,-0.0041364
1.8325,-0.0041579
1.8425,-0.0041708
1.8525,-0.0041682
1.8625,-0.004159
1.8725,-0.0041597
1.8825,-0.0041577
1.8925,-0.0041504
1.9026,-0.0041314
1.9126,-0.0041134
1.9226,-0.0041238
1.9326,-0.0041104
1.9426,-0.0040857
1.9526,-0.0040659
1.9626,-0.0040693
1.9727,-0.0040621
1.9827,-0.0040791
1.9927,-0.0041022
2.0027,-0.0041195
2.0127,-0.0041348
2.0227,-0.0041381
2.0327,-0.0041262
2.0428,-0.0041072
2.0528,-0.004117
2.0628,-0.004133
2.0728,-0.0041424
2.0828,-0.0041363
2.0928,-0.0041377
2.1028,-0.0041226
2.1128,-0.0041205
2.1229,-0.0041174
2.1329,-0.0040987
2.1429,-0.0040926
2.1529,-0.0040739
2.1629,-0.0040578
2.1729,-0.0040443
2.1829,-0.0040476
2.193,-0.0040467
2.203,-0.0040237
2.213,-0.004009
2.223,-0.0039822
2.233,-0.0039509
2.243,-0.0039398
2.253,-0.0039248
2.263,-0.0039175
2.2731,-0.0039097
2.2831,-0.0039121
2.2931,-0.003923
2.3031,-0.0039281
2.3131,-0.003934
2.3231,-0.0039583
2.3331,-0.0039673
2.3432,-0.0039738
2.3532,-0.0039954
2.3632,-0.0040079
2.3732,-0.0040226
2.3832,-0.0040311
2.3932,-0.0040493
2.4032,-0.0040575
2.4132,-0.0040487
2.4233,-0.0040385
2.4333,-0.0040337
2.4433,-0.0040369
2.4533,-0.0040389
2.4633,-0.0040394
2.4733,-0.0040482
2.4833,-0.0040611
2.4934,-0.0040642
2.5034,-0.0040678
2.5134,-0.004072
2.5234,-0.0040948
2.5334,-0.0041048
2.5434,-0.0041114
2.5534,-0.0041242
2.5635,-0.0041285
2.5735,-0.0041461
2.5835,-0.0041653
2.5935,-0.0041816
2.6035,-0.0041936
2.6135,-0.0041911
2.6235,-0.0041949
2.6335,-0.0041934
2.6436,-0.0042064
2.6536,-0.0042208
2.6636,-0.0042438
2.6736,-0.0042551
2.6836,-0.0042582
2.6936,-0.0042752
2.7036,-0.0042752
2.7137,-0.0042598
2.7237,-0.0042671
2.7337,-0.0042573
2.7437,-0.0042617
2.7537,-0.0042581
2.7637,-0.0042589
2.7737,-0.0042835
2.7837,-0.004293
2.7938,-0.0042992
2.8038,-0.004301
2.8138,-0.004296
2.8238,-0.004298
2.8338,-0.0043007
2.8438,-0.0042924
2.8538,-0.004282
2.8639,-0.0042754
2.8739,-0.0042582
2.8839,-0.0042406
2.8939,-0.0042434
2.9039,-0.0042541
2.9139,-0.0042401
2.9239,-0.0042235
2.934,-0.0041861
2.944,-0.0041525
2.954,-0.0041201
2.964,-0.0040788
2.974,-0.0040383
2.984,-0.0040197
2.994,-0.0040008
3.004,-0.0039737
3.0141,-0.0039424
3.0241,-0.003912
3.0341,-0.0038942
3.0441,-0.0038721
3.0541,-0.0038513
3.0641,-0.0038255
3.0741,-0.003789
3.0842,-0.0037619
3.0942,-0.0037197
3.1042,-0.003677
3.1142,-0.0036446
3.1242,-0.0035912
3.1342,-0.0035304
3.1442,-0.003478
3.1542,-0.0034274
3.1643,-0.0033771
3.1743,-0.0033246
3.1843,-0.0032696
3.1943,-0.0032097
3.2043,-0.0031557
3.2143,-0.0030891
3.2243,-0.0030306
3.2344,-0.0029953
3.2444,-0.0029627
3.2544,-0.0029284
3.2644,-0.0028808
3.2744,-0.0028377
3.2844,-0.0027873
3.2944,-0.0027168
3.3044,-0.0026574
3.3145,-0.0025937
3.3245,-0.0025356
3.3345,-0.002468
3.3445,-0.0024049
3.3545,-0.0023299
3.3645,-0.0022515
3.3745,-0.0021875
3.3846,-0.0021135
3.3946,-0.0020557
3.4046,-0.0019941
3.4146,-0.0019343
3.4246,-0.0018589
3.4346,-0.0017875
3.4446,-0.0017229
3.4547,-0.0016657
3.4647,-0.0015856
3.4747,-0.0015144
3.4847,-0.0014452
3.4947,-0.0013825
3.5047,-0.0013087
3.5147,-0.0012354
3.5247,-0.0011639
3.5348,-0.0011041
3.5448,-0.0010243
3.5548,-0.00094351
3.5648,-0.00086402
3.5748,-0.00077139
3.5848,-0.00067814
3.5948,-0.00059551
3.6049,-0.00053537
3.6149,-0.00048624
3.6249,-0.00043382
3.6349,-0.0003823
3.6449,-0.00032776
3.6549,-0.00026461
3.6649,-0.00018865
3.6749,-0.00011585
3.685,-3.6758e-005
3.695,3.874e-005
3.705,0.00012192
3.715,0.0002187
3.725,0.00030996
3.735,0.00039505
3.745,0.00048241
3.7551,0.00056281
3.7651,0.00064419
3.7751,0.00074171
3.7851,0.00082886
3.7951,0.00091405
3.8051,0.0010006
3.8151,0.0010915
3.8252,0.0011818
3.8352,0.0012765
3.8452,0.0013762
3.8552,0.0014677
3.8652,0.0015545
3.8752,0.0016357
3.8852,0.0017156
3.8952,0.0017985
3.9053,0.0018698
3.9153,0.0019413
3.9253,0.002014
3.9353,0.0020921
3.9453,0.0021659
3.9553,0.0022492
3.9653,0.002322
3.9754,0.002394
3.9854,0.0024723
3.9954,0.0025496
4.0054,0.0026384
4.0154,0.0027213
4.0254,0.0027931
4.0354,0.0028541
4.0454,0.0029132
4.0555,0.0029741
4.0655,0.0030277
4.0755,0.0030904
4.0855,0.0031591
4.0955,0.003214
4.1055,0.0032758
4.1155,0.0033424
4.1256,0.0034064
4.1356,0.0034728
4.1456,0.0035383
4.1556,0.0036144
4.1656,0.003678
4.1756,0.0037523
4.1856,0.0038371
4.1957,0.0039292
4.2057,0.0040151
4.2157,0.0041029
4.2257,0.0041854
4.2357,0.0042849
4.2457,0.0043566
4.2557,0.0044277
4.2657,0.0045043
4.2758,0.0045896
4.2858,0.0046678
4.2958,0.0047309
4.3058,0.0048014
4.3158,0.0048796
4.3258,0.0049471
4.3358,0.0050136
4.3459,0.0050856
4.3559,0.0051663
4.3659,0.0052556
4.3759,0.005329
4.3859,0.0053979
4.3959,0.0054596
4.4059,0.0055151
4.4159,0.0055666
4.426,0.0056299
4.436,0.0056846
4.446,0.0057326
4.456,0.0057951
4.466,0.0058661
4.476,0.005936
4.486,0.0059928
4.4961,0.0060479
4.5061,0.0061061
4.5161,0.0061529
4.5261,0.0061948
4.5361,0.006234
4.5461,0.0062759
4.5561,0.0063177
4.5661,0.0063586
4.5762,0.0064039
4.5862,0.0064385
4.5962,0.0064903
4.6062,0.0065465
4.6162,0.0066075
4.6262,0.0066644
4.6362,0.006714
4.6463,0.0067556
4.6563,0.0067941
4.6663,0.0068475
4.6763,0.0069014
4.6863,0.0069468
4.6963,0.0069863
4.7063,0.0070207
4.7164,0.0070508
4.7264,0.0070909
4.7364,0.0071406
4.7464,0.0071855
4.7564,0.0072279
4.7664,0.0072697
4.7764,0.0073083
4.7864,0.0073581
4.7965,0.007409
4.8065,0.0074565
4.8165,0.0075066
4.8265,0.0075447
4.8365,0.0075851
4.8465,0.0076158
4.8565,0.007665
4.8666,0.007701
4.8766,0.0077373
4.8866,0.0077717
4.8966,0.0078175
4.9066,0.0078829
4.9166,0.0079301
4.9266,0.0079802
4.9366,0.0080275
4.9467,0.0080859
4.9567,0.0081371
4.9667,0.0081906
4.9767,0.0082449
4.9867,0.0082939
4.9967,0.0083475
5.0067,0.0083809
5.0168,0.0084148
5.0268,0.0084616
5.0368,0.0084972
5.0468,0.008532
5.0568,0.0085594
5.0668,0.0085798
5.0768,0.0086136
5.0869,0.0086516
5.0969,0.0086868
5.1069,0.0087188
5.1169,0.0087474
5.1269,0.0087724
5.1369,0.008802
5.1469,0.0088432
5.1569,0.0088929
5.167,0.0089272
5.177,0.0089645
5.187,0.008999
5.197,0.0090343
5.207,0.0090603
5.217,0.0090927
5.227,0.0091144
5.2371,0.0091351
5.2471,0.0091522
5.2571,0.0091549
5.2671,0.0091729
5.2771,0.0091828
5.2871,0.0092075
5.2971,0.0092425
5.3071,0.0092765
5.3172,0.0093064
5.3272,0.0093416
5.3372,0.009366
5.3472,0.009395
5.3572,0.0094292
5.3672,0.0094597
5.3772,0.0094929
5.3873,0.0095261
5.3973,0.0095396
5.4073,0.0095431
5.4173,0.0095547
5.4273,0.0095691
5.4373,0.0095907
5.4473,0.0096162
5.4573,0.0096428
5.4674,0.0096555
5.4774,0.0096572
5.4874,0.0096597
5.4974,0.0096714
5.5074,0.0096846
5.5174,0.0097052
5.5274,0.0097268
5.5375,0.0097436
5.5475,0.0097619
5.5575,0.0097783
5.5675,0.0098041
5.5775,0.0098423
5.5875,0.0098725
5.5975,0.0099217
5.6076,0.0099767
5.6176,0.010043
5.6276,0.010103
5.6376,0.010163
5.6476,0.010217
5.6576,0.010257
5.6676,0.010288
5.6776,0.010318
5.6877,0.010352
5.6977,0.010384
5.7077,0.010423
5.7177,0.01047
5.7277,0.0105
5.7377,0.010529
5.7477,0.010566
5.7578,0.010612
5.7678,0.010651
5.7778,0.010686
5.7878,0.010732
5.7978,0.010772
5.8078,0.010803
5.8178,0.010838
5.8278,0.010869
5.8379,0.010898
5.8479,0.010954
5.8579,0.011005
5.8679,0.011061
5.8779,0.011095
5.8879,0.011147
5.8979,0.011181
5.908,0.011228
5.918,0.011275
5.928,0.01132
5.938,0.01136
5.948,0.011399
5.958,0.011442
5.968,0.01148
5.9781,0.011501
5.9881,0.011538
5.9981,0.011582
6.0081,0.011628
6.0181,0.011674
6.0281,0.011735
6.0381,0.01179
6.0481,0.011832
6.0582,0.011887
6.0682,0.011937
6.0782,0.011988
6.0882,0.012054
6.0982,0.012114
6.1082,0.012169
6.1182,0.012223
6.1283,0.012282
6.1383,0.012339
6.1483,0.012384
6.1583,0.012437
6.1683,0.01249
6.1783,0.012557
6.1883,0.012625
6.1983,0.01269
6.2084,0.01275
6.2184,0.012806
6.2284,0.012856
6.2384,0.012904
6.2484,0.012947
6.2584,0.012985
6.2684,0.013019
6.2785,0.013066
6.2885,0.013116
6.2985,0.013168
6.3085,0.013214
6.3185,0.013271
6.3285,0.013325
6.3385,0.01339
6.3485,0.013457
6.3586,0.013516
6.3686,0.013566
6.3786,0.013625
6.3886,0.013676
6.3986,0.013724
6.4086,0.01378
6.4186,0.013828
6.4287,0.013877
6.4387,0.013939
6.4487,0.013979
6.4587,0.014013
6.4687,0.014056
6.4787,0.014098
6.4887,0.014134
6.4988,0.014174
6.5088,0.014216
6.5188,0.014256
6.5288,0.014289
6.5388,0.014324
6.5488,0.014352
6.5588,0.014377
6.5688,0.014397
6.5789,0.014423
6.5889,0.014452
6.5989,0.01448
6.6089,0.014515
6.6189,0.014558
6.6289,0.014592
6.6389,0.014624
6.649,0.014663
6.659,0.014717
6.669,0.014773
6.679,0.014823
6.689,0.014859
6.699,0.014899
6.709,0.014942
6.719,0.014968
6.7291,0.014986
6.7391,0.015012
6.7491,0.01505
6.7591,0.015072
6.7691,0.015097
6.7791,0.015117
6.7891,0.015136
6.7992,0.015151
6.8092,0.01517
6.8192,0.015208
6.8292,0.015235
6.8392,0.015256
6.8492,0.015281
6.8592,0.015315
6.8693,0.015343
6.8793,0.01537
6.8893,0.015392
6.8993,0.015411
6.9093,0.015424
6.9193,0.015442
6.9293,0.015475
6.9393,0.015491
6.9494,0.015505
6.9594,0.015525
6.9694,0.015538
6.9794,0.015556
6.9894,0.015539
6.9994,0.015542
7.0094,0.015539
7.0195,0.015536
7.0295,0.015537
7.0395,0.01554
7.0495,0.015543
7.0595,0.015564
7.0695,0.015572
7.0795,0.015574
7.0895,0.015577
7.0996,0.015581
7.1096,0.015587
7.1196,0.015593
7.1296,0.015601
7.1396,0.015607
7.1496,0.015621
7.1596,0.015628
7.1697,0.015634
7.1797,0.015647
7.1897,0.015648
7.1997,0.015668
7.2097,0.015676
7.2197,0.015675
7.2297,0.015681
7.2397,0.015694
7.2498,0.015702
7.2598,0.015706
7.2698,0.015713
7.2798,0.01571
7.2898,0.015707
7.2998,0.015704
7.3098,0.015686
7.3199,0.015654
7.3299,0.015646
7.3399,0.015622
7.3499,0.015587
7.3599,0.015581
7.3699,0.015557
7.3799,0.015538
7.39,0.015506
7.4,0.015492
7.41,0.015468
7.42,0.015417
7.43,0.015392
7.44,0.015379
7.45,0.015352
7.46,0.015339
7.4701,0.015333
7.4801,0.015306
7.4901,0.015282
7.5001,0.015261
7.5101,0.015251
7.5201,0.015226
7.5301,0.0152
7.5402,0.015168
7.5502,0.015131
7.5602,0.015087
7.5702,0.015056
7.5802,0.015031
7.5902,0.015002
7.6002,0.01497
7.6102,0.014942
7.6203,0.0149
7.6303,0.014863
7.6403,0.014819
7.6503,0.014777
7.6603,0.014744
7.6703,0.014711
7.6803,0.014685
7.6904,0.014666
7.7004,0.014636
7.7104,0.014618
7.7204,0.014606
7.7304,0.014577
7.7404,0.014561
7.7504,0.014533
7.7605,0.014496
7.7705,0.014482
7.7805,0.014447
7.7905,0.014441
7.8005,0.014399
7.8105,0.014393
7.8205,0.014356
7.8305,0.014337
7.8406,0.014309
7.8506,0.014265
7.8606,0.014238
7.8706,0.01421
7.8806,0.014195
7.8906,0.014166
7.9006,0.014128
7.9107,0.014117
7.9207,0.014077
7.9307,0.014041
7.9407,0.014016
7.9507,0.01398
7.9607,0.013937
7.9707,0.013887
7.9807,0.013851
7.9908,0.01382
8.0008,0.01378
8.0108,0.013729
8.0208,0.013676
8.0308,0.013616
8.0408,0.013564
8.0508,0.013508
8.0609,0.013462
8.0709,0.01341
8.0809,0.013349
8.0909,0.0133
8.1009,0.013231
8.1109,0.013164
8.1209,0.013104
8.1309,0.013026
8.141,0.012959
8.151,0.012887
8.161,0.012823
8.171,0.012751
8.181,0.012692
8.191,0.01263
8.201,0.012566
8.2111,0.012496
8.2211,0.012429
8.2311,0.012363
8.2411,0.012296
8.2511,0.012223
8.2611,0.01215
8.2711,0.012071
8.2812,0.01199
8.2912,0.01191
8.3012,0.011827
8.3112,0.011746
8.3212,0.011658
8.3312,0.011572
8.3412,0.011472
8.3512,0.011381
8.3613,0.011291
8.3713,0.0112
8.3813,0.01111
8.3913,0.011026
8.4013,0.010927
8.4113,0.010832
8.4213,0.010732
8.4314,0.010633
8.4414,0.010527
8.4514,0.010425
8.4614,0.010325
8.4714,0.010219
8.4814,0.010123
8.4914,0.010027
8.5014,0.0099359
8.5115,0.0098469
8.5215,0.009754
8.5315,0.0096621
8.5415,0.0095693
8.5515,0.0094716
8.5615,0.0093683
8.5715,0.0092757
8.5816,0.0091886
8.5916,0.0090978
8.6016,0.0089977
8.6116,0.0088922
8.6216,0.008795
8.6316,0.0087015
8.6416,0.0086039
8.6517,0.0085115
8.6617,0.0084127
8.6717,0.0083265
8.6817,0.00824
8.6917,0.0081616
8.7017,0.0080946
8.7117,0.0080281
8.7217,0.0079453
8.7318,0.0078796
8.7418,0.0078224
8.7518,0.007764
8.7618,0.0077071
8.7718,0.0076688
8.7818,0.0076247
8.7918,0.0075834
8.8019,0.0075482
8.8119,0.0075194
8.8219,0.007489
8.8319,0.007467
8.8419,0.0074563
8.8519,0.0074397
8.8619,0.0074333
8.8719,0.0074356
8.882,0.0074534
8.892,0.0074734
8.902,0.0075006
8.912,0.0075281
8.922,0.0075714
8.932,0.0076127
8.942,0.0076406
8.9521,0.0076785
8.9621,0.0077179
8.9721,0.0077569
8.9821,0.007802
8.9921,0.0078476
9.0021,0.0079056
9.0121,0.0079679
9.0221,0.0080347
9.0322,0.0081074
9.0422,0.0081855
9.0522,0.0082616
9.0622,0.0083415
9.0722,0.0084241
9.0822,0.0085137
9.0922,0.0086105
9.1023,0.0087008
9.1123,0.0087992
9.1223,0.0088964
9.1323,0.0090003
9.1423,0.0091111
9.1523,0.0092242
9.1623,0.0093345
9.1724,0.009449
9.1824,0.0095702
9.1924,0.0096937
9.2024,0.0098201
9.2124,0.0099505
9.2224,0.010075
9.2324,0.0102
9.2424,0.010319
9.2525,0.010438
9.2625,0.010549
9.2725,0.010662
9.2825,0.010778
9.2925,0.010893
9.3025,0.011003
9.3125,0.011107
9.3226,0.011207
9.3326,0.011309
9.3426,0.011404
9.3526,0.0115
9.3626,0.011597
9.3726,0.011698
9.3826,0.011795
9.3926,0.011892
9.4027,0.011987
9.4127,0.012081
9.4227,0.01218
9.4327,0.012278
9.4427,0.01237
9.4527,0.012458
9.4627,0.012543
9.4728,0.01263
9.4828,0.012704
9.4928,0.012779
9.5028,0.012858
9.5128,0.012932
9.5228,0.013004
9.5328,0.013081
9.5429,0.01315
9.5529,0.013209
9.5629,0.013265
9.5729,0.013308
9.5829,0.013351
9.5929,0.013397
9.6029,0.013441
9.6129,0.013476
9.623,0.013503
9.633,0.013522
9.643,0.013541
9.653,0.013559
9.663,0.013574
9.673,0.013576
9.683,0.013569
9.6931,0.013564
9.7031,0.013558
9.7131,0.013541
9.7231,0.013526
9.7331,0.013501
9.7431,0.01348
9.7531,0.013458
9.7631,0.013426
9.7732,0.013391
9.7832,0.013352
9.7932,0.013312
9.8032,0.013261
9.8132,0.013205
9.8232,0.013142
9.8332,0.01308
9.8433,0.013017
9.8533,0.012962
9.8633,0.012901
9.8733,0.012832
9.8833,0.012745
9.8933,0.012652
9.9033,0.01256
9.9133,0.01246
9.9234,0.012363
9.9334,0.012262
9.9434,0.012153
9.9534,0.012043
9.9634,0.011935
9.9734,0.011814
9.9834,0.011697
9.9935,0.011577
10.003,0.011457
10.013,0.011339
10.023,0.01122
10.034,0.011098
10.044,0.01097
10.054,0.010842
10.064,0.010715
10.074,0.010593
10.084,0.010466
10.094,0.01034
10.104,0.010204
10.114,0.010067
10.124,0.0099346
10.134,0.0097962
10.144,0.0096627
10.154,0.0095316
10.164,0.0093943
10.174,0.0092623
10.184,0.0091373
10.194,0.0090213
10.204,0.0088976
10.214,0.0087785
10.224,0.0086558
10.234,0.0085362
10.244,0.0084212
10.254,0.0083067
10.264,0.0081906
10.274,0.008077
10.284,0.0079612
10.294,0.0078398
10.304,0.0077305
10.314,0.0076266
10.324,0.0075189
10.334,0.0074063
10.344,0.0072963
10.354,0.0071901
10.364,0.0070932
10.374,0.0070087
10.384,0.0069296
10.394,0.0068437
10.404,0.0067583
10.414,0.0066794
10.424,0.006619
10.434,0.0065685
10.444,0.0065242
10.454,0.0064777
10.464,0.0064302
10.474,0.0063799
10.484,0.0063357
10.494,0.0063028
10.504,0.0062763
10.514,0.0062475
10.524,0.0062162
10.534,0.0061925
10.544,0.0061639
10.554,0.0061288
10.564,0.0060945
10.574,0.0060627
10.584,0.0060373
10.594,0.0060114
10.604,0.0059863
10.614,0.0059602
10.624,0.0059355
10.634,0.0059071
10.644,0.0058865
10.654,0.0058763
10.664,0.0058653
10.674,0.0058605
10.684,0.0058542
10.694,0.0058517
10.704,0.0058465
10.714,0.0058427
10.724,0.0058419
10.734,0.0058461
10.744,0.0058566
10.754,0.0058689
10.764,0.005892
10.775,0.005919
10.785,0.0059352
10.795,0.0059522
10.805,0.0059683
10.815,0.005989
10.825,0.0060078
10.835,0.0060197
10.845,0.006038
10.855,0.0060504
10.865,0.006059
10.875,0.0060687
10.885,0.0060763
10.895,0.006087
10.905,0.0060982
10.915,0.0061125
10.925,0.0061331
10.935,0.0061556
10.945,0.0061718
10.955,0.006189
10.965,0.006204
10.975,0.0062116
10.985,0.0062229
10.995,0.0062406
11.005,0.0062653
11.015,0.0062959
11.025,0.00632
11.035,0.0063452
11.045,0.0063748
11.055,0.0064068
11.065,0.0064279
11.075,0.0064524
11.085,0.0064766
11.095,0.0064972
11.105,0.0065237
11.115,0.0065574
11.125,0.0065803
11.135,0.006609
11.145,0.0066353
11.155,0.006659
11.165,0.0066754
11.175,0.0066909
11.185,0.0067004
11.195,0.0067146
11.205,0.0067279
11.215,0.0067348
11.225,0.0067405
11.235,0.0067453
11.245,0.0067575
11.255,0.0067693
11.265,0.00677
11.275,0.0067634
11.285,0.0067594
11.295,0.0067602
11.305,0.0067564
11.315,0.0067578
11.325,0.0067616
11.335,0.0067582
11.345,0.0067509
11.355,0.0067451
11.365,0.0067334
11.375,0.0067098
11.385,0.0066887
11.395,0.0066746
11.405,0.0066565
11.415,0.006629
11.425,0.0066094
11.435,0.0065822
11.445,0.0065575
11.455,0.0065248
11.465,0.0064924
11.475,0.0064639
11.485,0.0064339
11.495,0.0063984
11.505,0.0063573
11.516,0.0063165
11.526,0.0062742
11.536,0.0062253
11.546,0.0061832
11.556,0.0061426
11.566,0.0061069
11.576,0.0060639
11.586,0.0060186
11.596,0.0059774
11.606,0.0059407
11.616,0.0058938
11.626,0.0058447
11.636,0.0057959
11.646,0.0057509
11.656,0.0057091
11.666,0.0056681
11.676,0.0056259
11.686,0.0055869
11.696,0.0055479
11.706,0.0055074
11.716,0.0054662
11.726,0.0054305
11.736,0.0053985
11.746,0.0053694
11.756,0.0053417
11.766,0.0053157
11.776,0.0052866
11.786,0.0052601
11.796,0.0052377
11.806,0.005213
11.816,0.0051928
11.826,0.0051805
11.836,0.0051536
11.846,0.0051277
11.856,0.0051038
11.866,0.0050878
11.876,0.0050774
11.886,0.0050571
11.896,0.0050283
11.906,0.0049952
11.916,0.0049714
11.926,0.0049475
11.936,0.0049283
11.946,0.0048983
11.956,0.004871
11.966,0.0048321
11.976,0.0047972
11.986,0.0047614
11.996,0.004726
12.006,0.0046983
12.016,0.0046621
12.026,0.0046213
12.036,0.0045811
12.046,0.0045397
12.056,0.0044865
12.066,0.0044221
12.076,0.0043654
12.086,0.0043085
12.096,0.0042474
12.106,0.004182
12.116,0.0041065
12.126,0.0040387
12.136,0.0039632
12.146,0.0038793
12.156,0.0037861
12.166,0.0036914
12.176,0.0036007
12.186,0.0035072
12.196,0.0034157
12.206,0.00332
12.216,0.0032229
12.226,0.0031224
12.236,0.0030147
12.246,0.002908
12.257,0.0028075
12.267,0.0027063
12.277,0.0025967
12.287,0.00249
12.297,0.0023813
12.307,0.0022747
12.317,0.0021779
12.327,0.0020877
12.337,0.0020033
12.347,0.0019255
12.357,0.0018412
12.367,0.0017542
12.377,0.0016804
12.387,0.0016191
12.397,0.0015788
12.407,0.0015475
12.417,0.0015293
12.427,0.0015163
12.437,0.0015128
12.447,0.0015234
12.457,0.0015581
12.467,0.0016065
12.477,0.0016675
12.487,0.0017378
12.497,0.0018261
12.507,0.0019314
12.517,0.0020522
12.527,0.0021925
12.537,0.0023472
12.547,0.0025282
12.557,0.0027295
12.567,0.0029481
12.577,0.0031815
12.587,0.003423
12.597,0.0036868
12.607,0.0039665
12.617,0.0042585
12.627,0.0045667
12.637,0.0048988
12.647,0.0052479
12.657,0.0056074
12.667,0.0059689
12.677,0.0063471
12.687,0.0067397
12.697,0.0071419
12.707,0.0075511
12.717,0.0079539
12.727,0.0083572
12.737,0.0087635
12.747,0.0091625
12.757,0.0095617
12.767,0.0099667
12.777,0.010358
12.787,0.010734
12.797,0.011093
12.807,0.011444
12.817,0.011778
12.827,0.012097
12.837,0.012388
12.847,0.012648
12.857,0.012874
12.867,0.013072
12.877,0.01323
12.887,0.013358
12.897,0.013457
12.907,0.013518
12.917,0.013534
12.927,0.013514
12.937,0.013451
12.947,0.013345
12.957,0.013199
12.967,0.013004
12.977,0.012756
12.987,0.012463
12.998,0.012118
13.008,0.011719
13.018,0.011266
13.028,0.010771
13.038,0.010229
13.048,0.009633
13.058,0.0090021
13.068,0.0083355
13.078,0.0076309
13.088,0.0068832
13.098,0.0060858
13.108,0.0052512
13.118,0.004376
13.128,0.0034684
13.138,0.0025237
13.148,0.0015435
13.158,0.00052768
13.168,-0.00052152
13.178,-0.0015911
13.188,-0.0026742
13.198,-0.0037721
13.208,-0.0048893
13.218,-0.0060195
13.228,-0.007161
13.238,-0.0083101
13.248,-0.009468
13.258,-0.010634
13.268,-0.011797
13.278,-0.012976
13.288,-0.014153
13.298,-0.015323
13.308,-0.016483
13.318,-0.01762
13.328,-0.018748
13.338,-0.019841
13.348,-0.020921
13.358,-0.021982
13.368,-0.023023
13.378,-0.02404
13.388,-0.025025
13.398,-0.025978
13.408,-0.026904
13.418,-0.027799
13.428,-0.028659
13.438,-0.029484
13.448,-0.030272
13.458,-0.03104
13.468,-0.03177
13.478,-0.032478
13.488,-0.033165
13.498,-0.033822
13.508,-0.034442
13.518,-0.035033
13.528,-0.035598
13.538,-0.036121
13.548,-0.036625
13.558,-0.037111
13.568,-0.03758
13.578,-0.038027
13.588,-0.03845
13.598,-0.038856
13.608,-0.039243
13.618,-0.039614
13.628,-0.039973
13.638,-0.040323
13.648,-0.040671
13.658,-0.040994
13.668,-0.041305
13.678,-0.041617
13.688,-0.041926
13.698,-0.04222
13.708,-0.042508
13.718,-0.042787
13.728,-0.043076
13.739,-0.043361
13.749,-0.043645
13.759,-0.043937
13.769,-0.044238
13.779,-0.04454
13.789,-0.04484
13.799,-0.045146
13.809,-0.045446
13.819,-0.045734
13.829,-0.046021
13.839,-0.046308
13.849,-0.046602
13.859,-0.046897
13.869,-0.047195
13.879,-0.047487
13.889,-0.047777
13.899,-0.048077
13.909,-0.048382
13.919,-0.048683
13.929,-0.048978
13.939,-0.04927
13.949,-0.049561
13.959,-0.049834
13.969,-0.050091
13.979,-0.050337
13.989,-0.050557
13.999,-0.050755
14.009,-0.050926
14.019,-0.051075
14.029,-0.051206
14.039,-0.051299
14.049,-0.051365
14.059,-0.051393
14.069,-0.051378
14.079,-0.051333
14.089,-0.05125
14.099,-0.051121
14.109,-0.050952
14.119,-0.050745
14.129,-0.050495
14.139,-0.050208
14.149,-0.049879
14.159,-0.049519
14.169,-0.04912
14.179,-0.048684
14.189,-0.048215
14.199,-0.047714
14.209,-0.047177
14.219,-0.046601
14.229,-0.045998
14.239,-0.045371
14.249,-0.044716
14.259,-0.044044
14.269,-0.043341
14.279,-0.04262
14.289,-0.041891
14.299,-0.041155
14.309,-0.040397
14.319,-0.039623
14.329,-0.03884
14.339,-0.038062
14.349,-0.037287
14.359,-0.036519
14.369,-0.035758
14.379,-0.035021
14.389,-0.034306
14.399,-0.033607
14.409,-0.032933
14.419,-0.032286
14.429,-0.03168
14.439,-0.031106
14.449,-0.030579
14.459,-0.030095
14.469,-0.029659
14.479,-0.029277
14.49,-0.028942
14.5,-0.028659
14.51,-0.028437
14.52,-0.028284
14.53,-0.028198
14.54,-0.028177
14.55,-0.028222
14.56,-0.02834
14.57,-0.028532
14.58,-0.028798
14.59,-0.02914
14.6,-0.029564
14.61,-0.030062
14.62,-0.030645
14.63,-0.031329
14.64,-0.032094
14.65,-0.03293
14.66,-0.033868
14.67,-0.034906
14.68,-0.036023
14.69,-0.037213
14.7,-0.038504
14.71,-0.039881
14.72,-0.041351
14.73,-0.042901
14.74,-0.044535
14.75,-0.046246
14.76,-0.048038
14.77,-0.049891
14.78,-0.05183
14.79,-0.053869
14.8,-0.055979
14.81,-0.058151
14.82,-0.060376
14.83,-0.062674
14.84,-0.065076
14.85,-0.067548
14.86,-0.070077
14.87,-0.072702
14.88,-0.075378
14.89,-0.078115
14.9,-0.080929
14.91,-0.083819
14.92,-0.086783
14.93,-0.089826
14.94,-0.092908
14.95,-0.096047
14.96,-0.099264
14.97,-0.10255
14.98,-0.1059
14.99,-0.10928
15,-0.11273
15.01,-0.11623
15.02,-0.11982
15.03,-0.12346
15.04,-0.12713
15.05,-0.13086
15.06,-0.13464
15.07,-0.13847
15.08,-0.14232
15.09,-0.14625
15.1,-0.15024
15.11,-0.15429
15.12,-0.15837
15.13,-0.16252
15.14,-0.1667
15.15,-0.17095
15.16,-0.17525
15.17,-0.17956
15.18,-0.18391
15.19,-0.1883
15.2,-0.19277
15.21,-0.19721
15.22,-0.20169
15.231,-0.20627
15.241,-0.21089
15.251,-0.21551
15.261,-0.22014
15.271,-0.22477
15.281,-0.22946
15.291,-0.2342
15.301,-0.23893
15.311,-0.24366
15.321,-0.24839
15.331,-0.25319
15.341,-0.258
15.351,-0.26279
15.361,-0.26759
15.371,-0.2724
15.381,-0.27715
15.391,-0.28188
15.401,-0.28659
15.411,-0.29134
15.421,-0.29608
15.431,-0.30077
15.441,-0.30543
15.451,-0.31008
15.461,-0.31473
15.471,-0.31933
15.481,-0.32388
15.491,-0.32843
15.501,-0.33297
15.511,-0.33745
15.521,-0.3419
15.531,-0.34633
15.541,-0.35072
15.551,-0.35509
15.561,-0.35941
15.571,-0.36367
15.581,-0.36789
15.591,-0.37207
15.601,-0.37622
15.611,-0.38031
15.621,-0.38437
15.631,-0.38841
15.641,-0.39241
15.651,-0.39637
15.661,-0.4003
15.671,-0.40418
15.681,-0.40804
15.691,-0.41185
15.701,-0.41565
15.711,-0.41945
15.721,-0.42325
15.731,-0.42702
15.741,-0.43078
15.751,-0.43456
15.761,-0.43835
15.771,-0.44211
15.781,-0.44586
15.791,-0.44968
15.801,-0.45353
15.811,-0.45742
15.821,-0.46131
15.831,-0.46522
15.841,-0.46921
15.851,-0.47325
15.861,-0.47737
15.871,-0.48152
15.881,-0.48572
15.891,-0.48999
15.901,-0.49437
15.911,-0.49886
15.921,-0.50342
15.931,-0.50806
15.941,-0.51281
15.951,-0.5177
15.961,-0.52268
15.972,-0.52777
15.982,-0.53296
15.992,-0.5383
16.002,-0.5438
16.012,-0.54938
16.022,-0.55507
16.032,-0.561
16.042,-0.56709
16.052,-0.57331
16.062,-0.57969
16.072,-0.58628
16.082,-0.59309
16.092,-0.60004
16.102,-0.60713
16.112,-0.61439
16.122,-0.62183
16.132,-0.62949
16.142,-0.63726
16.152,-0.64529
16.162,-0.65349
16.172,-0.66185
16.182,-0.67037
16.192,-0.67898
16.202,-0.68779
16.212,-0.69685
16.222,-0.70605
16.232,-0.71535
16.242,-0.72483
16.252,-0.73446
16.262,-0.74427
16.272,-0.75411
16.282,-0.76401
16.292,-0.77404
16.302,-0.78421
16.312,-0.7944
16.322,-0.80462
16.332,-0.8149
16.342,-0.82529
16.352,-0.83565
16.362,-0.84597
16.372,-0.85624
16.382,-0.8665
16.392,-0.87664
16.402,-0.88659
16.412,-0.8965
16.422,-0.90634
16.432,-0.91593
16.442,-0.92522
16.452,-0.93434
16.462,-0.9432
16.472,-0.95171
16.482,-0.95992
16.492,-0.9677
16.502,-0.97507
16.512,-0.98204
16.522,-0.98852
16.532,-0.99445
16.542,-0.99984
16.552,-1.0047
16.562,-1.0089
16.572,-1.0124
16.582,-1.0153
16.592,-1.0175
16.602,-1.0189
16.612,-1.0196
16.622,-1.0194
16.632,-1.0184
16.642,-1.0165
16.652,-1.0136
16.662,-1.0098
16.672,-1.005
16.682,-0.99916
16.692,-0.99229
16.702,-0.9844
16.713,-0.97537
16.723,-0.96521
16.733,-0.95394
16.743,-0.94151
16.753,-0.92799
16.763,-0.91328
16.773,-0.89726
16.783,-0.88023
16.793,-0.86199
16.803,-0.84262
16.813,-0.82203
16.823,-0.80008
16.833,-0.77697
16.843,-0.75265
16.853,-0.72717
16.863,-0.7004
16.873,-0.67247
16.883,-0.6432
16.893,-0.61298
16.903,-0.58202
16.913,-0.54986
16.923,-0.51642
16.933,-0.48224
16.943,-0.44732
16.953,-0.41144
16.963,-0.37447
16.973,-0.33687
16.983,-0.29843
16.993,-0.2594
17.003,-0.21965
17.013,-0.17922
17.023,-0.13828
17.033,-0.096679
17.043,-0.054482
17.053,-0.011958
17.063,0.030986
17.073,0.074199
17.083,0.11768
17.093,0.16134
17.103,0.20492
17.113,0.2483
17.123,0.29159
17.133,0.33473
17.143,0.37764
17.153,0.42046
17.163,0.46296
17.173,0.50494
17.183,0.54644
17.193,0.58767
17.203,0.62841
17.213,0.66805
17.223,0.70754
17.233,0.74633
17.243,0.78459
17.253,0.82177
17.263,0.85814
17.273,0.89374
17.283,0.92849
17.293,0.96196
17.303,0.99422
17.313,1.0256
17.323,1.0561
17.333,1.0854
17.343,1.1134
17.353,1.1403
17.363,1.166
17.373,1.1904
17.383,1.2137
17.393,1.236
17.403,1.2569
17.413,1.2764
17.423,1.2945
17.433,1.3115
17.443,1.3273
17.454,1.3416
17.464,1.3546
17.474,1.3663
17.484,1.3766
17.494,1.3856
17.504,1.3933
17.514,1.3997
17.524,1.4048
17.534,1.4087
17.544,1.4113
17.554,1.4127
17.564,1.4129
17.574,1.4118
17.584,1.4096
17.594,1.4062
17.604,1.4015
17.614,1.3958
17.624,1.3889
17.634,1.3808
17.644,1.3715
17.654,1.3612
17.664,1.3497
17.674,1.3371
17.684,1.3235
17.694,1.3088
17.704,1.2932
17.714,1.2765
17.724,1.259
17.734,1.2407
17.744,1.2216
17.754,1.2017
17.764,1.1811
17.774,1.1597
17.784,1.1376
17.794,1.1147
17.804,1.0912
17.814,1.067
17.824,1.042
17.834,1.0163
17.844,0.98999
17.854,0.96326
17.864,0.93588
17.874,0.90819
17.884,0.88025
17.894,0.85196
17.904,0.82332
17.914,0.79428
17.924,0.76507
17.934,0.73569
17.944,0.70619
17.954,0.6763
17.964,0.64632
17.974,0.61636
17.984,0.58629
17.994,0.55618
18.004,0.52629
18.014,0.4964
18.024,0.46682
18.034,0.43732
18.044,0.40802
18.054,0.379
18.064,0.35032
18.074,0.32198
18.084,0.29415
18.094,0.26667
18.104,0.23956
18.114,0.21326
18.124,0.18767
18.134,0.16287
18.144,0.13904
18.154,0.1157
18.164,0.093177
18.174,0.071695
18.184,0.051163
18.195,0.031447
18.205,0.012702
18.215,-0.0049008
18.225,-0.02152
18.235,-0.037247
18.245,-0.05206
18.255,-0.065902
18.265,-0.078736
18.275,-0.090538
18.285,-0.10126
18.295,-0.11086
18.305,-0.11941
18.315,-0.12693
18.325,-0.1334
18.335,-0.13887
18.345,-0.14324
18.355,-0.14648
18.365,-0.14868
18.375,-0.14982
18.385,-0.14992
18.395,-0.14897
18.405,-0.14701
18.415,-0.14403
18.425,-0.14003
18.435,-0.1351
18.445,-0.12925
18.455,-0.1225
18.465,-0.11488
18.475,-0.10638
18.485,-0.097146
18.495,-0.087182
18.505,-0.076441
18.515,-0.064981
18.525,-0.052829
18.535,-0.040024
18.545,-0.026539
18.555,-0.012481
18.565,0.0022325
18.575,0.017476
18.585,0.033264
18.595,0.049627
18.605,0.066575
18.615,0.083946
18.625,0.10165
18.635,0.11967
18.645,0.13801
18.655,0.15667
18.665,0.17553
18.675,0.19463
18.685,0.21402
18.695,0.23363
18.705,0.25331
18.715,0.27326
18.725,0.29327
18.735,0.31341
18.745,0.33364
18.755,0.35386
18.765,0.37402
18.775,0.39433
18.785,0.41477
18.795,0.43531
18.805,0.45555
18.815,0.47562
18.825,0.49557
18.835,0.51549
18.845,0.53506
18.855,0.55456
18.865,0.574
18.875,0.59328
18.885,0.61233
18.895,0.63114
18.905,0.64977
18.915,0.66811
18.925,0.68623
18.935,0.70417
18.946,0.72172
18.956,0.73892
18.966,0.75585
18.976,0.77263
18.986,0.7891
18.996,0.8051
19.006,0.82084
19.016,0.83631
19.026,0.85146
19.036,0.86616
19.046,0.88048
19.056,0.89449
19.066,0.90821
19.076,0.92147
19.086,0.93436
19.096,0.94688
19.106,0.95912
19.116,0.97099
19.126,0.98254
19.136,0.99366
19.146,1.0044
19.156,1.0148
19.166,1.0248
19.176,1.0345
19.186,1.0436
19.196,1.0524
19.206,1.0609
19.216,1.0688
19.226,1.0765
19.236,1.0838
19.246,1.0906
19.256,1.0971
19.266,1.1031
19.276,1.1088
19.286,1.1141
19.296,1.119
19.306,1.1235
19.316,1.1277
19.326,1.1315
19.336,1.135
19.346,1.138
19.356,1.1407
19.366,1.1431
19.376,1.1451
19.386,1.1467
19.396,1.148
19.406,1.149
19.416,1.1496
19.426,1.1499
19.436,1.1498
19.446,1.1495
19.456,1.1487
19.466,1.1477
19.476,1.1463
19.486,1.1447
19.496,1.1427
19.506,1.1404
19.516,1.1378
19.526,1.1349
19.536,1.1317
19.546,1.1283
19.556,1.1245
19.566,1.1205
19.576,1.1163
19.586,1.1117
19.596,1.1069
19.606,1.1018
19.616,1.0965
19.626,1.0909
19.636,1.0851
19.646,1.0791
19.656,1.0727
19.666,1.0662
19.676,1.0595
19.687,1.0525
19.697,1.0453
19.707,1.0379
19.717,1.0302
19.727,1.0222
19.737,1.014
19.747,1.0057
19.757,0.99708
19.767,0.98822
19.777,0.97916
19.787,0.96992
19.797,0.96045
19.807,0.95076
19.817,0.94094
19.827,0.93089
19.837,0.92059
19.847,0.91012
19.857,0.89958
19.867,0.88879
19.877,0.87788
19.887,0.86685
19.897,0.85565
19.907,0.8442
19.917,0.83261
19.927,0.82095
19.937,0.80913
19.947,0.79709
19.957,0.78489
19.967,0.7726
19.977,0.76011
19.987,0.74746
19.997,0.73467
20.007,0.72184
20.017,0.70882
20.027,0.69559
20.037,0.68216
20.047,0.66868
20.057,0.65513
20.067,0.64142
20.077,0.62762
20.087,0.61368
20.097,0.59965
20.107,0.58552
20.117,0.57124
20.127,0.55686
20.137,0.54239
20.147,0.52773
20.157,0.51296
20.167,0.49817
20.177,0.48321
20.187,0.46822
20.197,0.45312
20.207,0.43797
20.217,0.4227
20.227,0.40743
20.237,0.39213
20.247,0.37678
20.257,0.36126
20.267,0.34577
20.277,0.33026
20.287,0.31466
20.297,0.299
20.307,0.28333
20.317,0.26758
20.327,0.25178
20.337,0.23585
20.347,0.21997
20.357,0.20402
20.367,0.18786
20.377,0.17175
20.387,0.15571
20.397,0.13962
20.407,0.12352
20.417,0.10747
20.428,0.091389
20.438,0.075205
20.448,0.059027
20.458,0.042906
20.468,0.026858
20.478,0.01085
20.488,-0.005195
20.498,-0.021259
20.508,-0.037233
20.518,-0.053183
20.528,-0.069144
20.538,-0.084951
20.548,-0.1007
20.558,-0.11655
20.568,-0.13242
20.578,-0.14823
20.588,-0.16387
20.598,-0.17956
20.608,-0.1952
20.618,-0.21074
20.628,-0.2262
20.638,-0.24159
20.648,-0.25687
20.658,-0.27197
20.668,-0.28694
20.678,-0.30184
20.688,-0.31655
20.698,-0.33111
20.708,-0.34562
20.718,-0.36
20.728,-0.37417
20.738,-0.38818
20.748,-0.40205
20.758,-0.41579
20.768,-0.42932
20.778,-0.44272
20.788,-0.45606
20.798,-0.46928
20.808,-0.48228
20.818,-0.49513
20.828,-0.50782
20.838,-0.52038
20.848,-0.53276
20.858,-0.54492
20.868,-0.55698
20.878,-0.56882
20.888,-0.58057
20.898,-0.59217
20.908,-0.60357
20.918,-0.61477
20.928,-0.62584
20.938,-0.63676
20.948,-0.64752
20.958,-0.65807
20.968,-0.66849
20.978,-0.67879
20.988,-0.68893
20.998,-0.69889
21.008,-0.70864
21.018,-0.71827
21.028,-0.72777
21.038,-0.73707
21.048,-0.74625
21.058,-0.75533
21.068,-0.76418
21.078,-0.77279
21.088,-0.78125
21.098,-0.78961
21.108,-0.79776
21.118,-0.80572
21.128,-0.81354
21.138,-0.82117
21.148,-0.82863
21.158,-0.83588
21.169,-0.84297
21.179,-0.84988
21.189,-0.8566
21.199,-0.8631
21.209,-0.86939
21.219,-0.87551
21.229,-0.88145
21.239,-0.88716
21.249,-0.89267
21.259,-0.89797
21.269,-0.90304
21.279,-0.90785
21.289,-0.91246
21.299,-0.91683
21.309,-0.92094
21.319,-0.92481
21.329,-0.92842
21.339,-0.93178
21.349,-0.93488
21.359,-0.93769
21.369,-0.94026
21.379,-0.94256
21.389,-0.94457
21.399,-0.94631
21.409,-0.94775
21.419,-0.94892
21.429,-0.94978
21.439,-0.95036
21.449,-0.95064
21.459,-0.95063
21.469,-0.95032
21.479,-0.9497
21.489,-0.94881
21.499,-0.94761
21.509,-0.94614
21.519,-0.94436
21.529,-0.94229
21.539,-0.93995
21.549,-0.93732
21.559,-0.93441
21.569,-0.93122
21.579,-0.92775
21.589,-0.92398
21.599,-0.91996
21.609,-0.91571
21.619,-0.91122
21.629,-0.90644
21.639,-0.90139
21.649,-0.89612
21.659,-0.8906
21.669,-0.88486
21.679,-0.87888
21.689,-0.87275
21.699,-0.86639
21.709,-0.85986
21.719,-0.85314
21.729,-0.84624
21.739,-0.8392
21.749,-0.832
21.759,-0.82463
21.769,-0.81716
21.779,-0.80956
21.789,-0.80182
21.799,-0.79393
21.809,-0.78597
21.819,-0.77796
21.829,-0.76985
21.839,-0.76162
21.849,-0.75335
21.859,-0.74498
21.869,-0.73653
21.879,-0.72804
21.889,-0.71949
21.899,-0.71088
21.91,-0.70224
21.92,-0.69355
21.93,-0.68485
21.94,-0.67618
21.95,-0.66744
21.96,-0.65871
21.97,-0.64998
21.98,-0.64125
21.99,-0.63251
22,-0.62378
22.01,-0.61505
22.02,-0.60634
22.03,-0.59768
22.04,-0.58904
22.05,-0.58039
22.06,-0.5718
22.07,-0.56326
22.08,-0.55473
22.09,-0.54626
22.1,-0.53781
22.11,-0.52946
22.12,-0.52114
22.13,-0.51283
22.14,-0.50463
22.15,-0.49648
22.16,-0.48841
22.17,-0.48036
22.18,-0.47241
22.19,-0.46451
22.2,-0.4567
22.21,-0.44891
22.22,-0.44117
22.23,-0.43348
22.24,-0.42584
22.25,-0.41828
22.26,-0.41085
22.27,-0.40344
22.28,-0.39612
22.29,-0.38884
22.3,-0.38163
22.31,-0.37455
22.32,-0.36752
22.33,-0.36055
22.34,-0.35367
22.35,-0.3469
22.36,-0.34024
22.37,-0.33365
22.38,-0.32714
22.39,-0.3207
22.4,-0.31431
22.41,-0.30798
22.42,-0.30178
22.43,-0.29565
22.44,-0.28961
22.45,-0.2836
22.46,-0.27767
22.47,-0.27187
22.48,-0.2661
22.49,-0.26036
22.5,-0.25472
22.51,-0.24915
22.52,-0.24363
22.53,-0.23818
22.54,-0.23283
22.55,-0.22752
22.56,-0.22226
22.57,-0.21711
22.58,-0.212
22.59,-0.20692
22.6,-0.2019
22.61,-0.19693
22.62,-0.19203
22.63,-0.18717
22.64,-0.18236
22.651,-0.17759
22.661,-0.17285
22.671,-0.16813
22.681,-0.16348
22.691,-0.15887
22.701,-0.1543
22.711,-0.14974
22.721,-0.14523
22.731,-0.14076
22.741,-0.13633
22.751,-0.13194
22.761,-0.12758
22.771,-0.12324
22.781,-0.1189
22.791,-0.11458
22.801,-0.11028
22.811,-0.106
22.821,-0.10172
22.831,-0.09743
22.841,-0.09318
22.851,-0.088909
22.861,-0.084624
22.871,-0.080326
22.881,-0.07604
22.891,-0.071749
22.901,-0.067471
22.911,-0.063199
22.921,-0.058946
22.931,-0.054701
22.941,-0.050452
22.951,-0.046216
22.961,-0.041995
22.971,-0.037791
22.981,-0.033569
22.991,-0.029333
23.001,-0.025078
23.011,-0.020824
23.021,-0.016553
23.031,-0.012286
23.041,-0.0080427
23.051,-0.0038026
23.061,0.00040941
23.071,0.0046191
23.081,0.0088392
23.091,0.013125
23.101,0.017389
23.111,0.02163
23.121,0.025839
23.131,0.030037
23.141,0.034189
23.151,0.038277
23.161,0.042388
23.171,0.046491
23.181,0.05059
23.191,0.054658
23.201,0.05869
23.211,0.062713
23.221,0.06671
23.231,0.070654
23.241,0.074567
23.251,0.078452
23.261,0.082311
23.271,0.086093
23.281,0.089815
23.291,0.093488
23.301,0.097118
23.311,0.10068
23.321,0.10416
23.331,0.1076
23.341,0.11096
23.351,0.11425
23.361,0.11746
23.371,0.1206
23.381,0.12367
23.391,0.12665
23.402,0.12956
23.412,0.13242
23.422,0.1352
23.432,0.13787
23.442,0.14046
23.452,0.14296
23.462,0.14537
23.472,0.14769
23.482,0.14992
23.492,0.15208
23.502,0.15416
23.512,0.15613
23.522,0.15801
23.532,0.1598
23.542,0.1615
23.552,0.16311
23.562,0.16463
23.572,0.16606
23.582,0.1674
23.592,0.16864
23.602,0.16981
23.612,0.17089
23.622,0.17187
23.632,0.17277
23.642,0.17358
23.652,0.17429
23.662,0.17491
23.672,0.17544
23.682,0.17588
23.692,0.17624
23.702,0.1765
23.712,0.17668
23.722,0.17676
23.732,0.17676
23.742,0.17668
23.752,0.17651
23.762,0.17625
23.772,0.1759
23.782,0.17547
23.792,0.17495
23.802,0.17435
23.812,0.17368
23.822,0.17293
23.832,0.17209
23.842,0.17118
23.852,0.17018
23.862,0.1691
23.872,0.16794
23.882,0.16671
23.892,0.1654
23.902,0.16402
23.912,0.16256
23.922,0.16103
23.932,0.15942
23.942,0.15773
23.952,0.15597
23.962,0.15416
23.972,0.1523
23.982,0.15036
23.992,0.14837
24.002,0.14632
24.012,0.14419
24.022,0.14203
24.032,0.1398
24.042,0.13752
24.052,0.13519
24.062,0.13279
24.072,0.13033
24.082,0.12783
24.092,0.12528
24.102,0.12268
24.112,0.12004
24.122,0.11735
24.132,0.11462
24.143,0.11184
24.153,0.10904
24.163,0.10621
24.173,0.10333
24.183,0.10043
24.193,0.097519
24.203,0.094581
24.213,0.091607
24.223,0.088611
24.233,0.085606
24.243,0.082589
24.253,0.079546
24.263,0.076491
24.273,0.073425
24.283,0.070338
24.293,0.067235
24.303,0.064143
24.313,0.061087
24.323,0.058032
24.333,0.054953
24.343,0.051888
24.353,0.048852
24.363,0.045835
24.373,0.042823
24.383,0.039832
24.393,0.036866
24.403,0.033915
24.413,0.030984
24.423,0.028092
24.433,0.025222
24.443,0.02238
24.453,0.019558
24.463,0.016785
24.473,0.014026
24.483,0.011291
24.493,0.0085831
24.503,0.0059221
24.513,0.0033037
24.523,0.00072964
24.533,-0.0018062
24.543,-0.0043133
24.553,-0.0067742
24.563,-0.0091916
24.573,-0.011574
24.583,-0.013916
24.593,-0.01623
24.603,-0.018503
24.613,-0.02073
24.623,-0.022916
24.633,-0.02506
24.643,-0.027175
24.653,-0.029272
24.663,-0.03132
24.673,-0.033341
24.683,-0.035327
24.693,-0.037284
24.703,-0.03921
24.713,-0.041118
24.723,-0.042995
24.733,-0.044822
24.743,-0.04663
24.753,-0.048432
24.763,-0.050216
24.773,-0.051982
24.783,-0.053732
24.793,-0.055471
24.803,-0.057197
24.813,-0.05891
24.823,-0.060612
24.833,-0.062317
24.843,-0.064011
24.853,-0.065685
24.863,-0.067363
24.873,-0.069063
24.884,-0.070768
24.894,-0.072474
24.904,-0.074179
24.914,-0.075895
24.924,-0.077612
24.934,-0.079331
24.944,-0.081062
24.954,-0.082801
24.964,-0.084559
24.974,-0.086329
24.984,-0.088105
24.994,-0.08989
25.004,-0.091689
25.014,-0.09349
25.024,-0.095321
25.034,-0.097164
25.044,-0.099021
25.054,-0.10089
25.064,-0.10277
25.074,-0.10467
25.084,-0.10658
25.094,-0.10849
25.104,-0.11042
25.114,-0.11236
25.124,-0.11431
25.134,-0.11628
25.144,-0.11825
25.154,-0.12023
25.164,-0.1222
25.174,-0.12417
25.184,-0.12614
25.194,-0.12812
25.204,-0.1301
25.214,-0.13208
25.224,-0.13405
25.234,-0.13602
25.244,-0.13799
25.254,-0.13996
25.264,-0.14191
25.274,-0.14385
25.284,-0.14577
25.294,-0.1477
25.304,-0.14962
25.314,-0.15151
25.324,-0.15338
25.334,-0.15523
25.344,-0.15706
25.354,-0.15887
25.364,-0.16065
25.374,-0.16242
25.384,-0.16416
25.394,-0.16585
25.404,-0.16753
25.414,-0.16918
25.424,-0.17079
25.434,-0.17237
25.444,-0.17392
25.454,-0.17542
25.464,-0.1769
25.474,-0.17835
25.484,-0.17974
25.494,-0.18109
25.504,-0.18239
25.514,-0.18364
25.524,-0.18485
25.534,-0.18601
25.544,-0.18712
25.554,-0.18819
25.564,-0.18921
25.574,-0.19017
25.584,-0.19106
25.594,-0.1919
25.604,-0.1927
25.614,-0.19343
25.625,-0.19411
25.635,-0.19474
25.645,-0.19532
25.655,-0.19585
25.665,-0.19631
25.675,-0.19671
25.685,-0.19706
25.695,-0.19736
25.705,-0.19759
25.715,-0.19776
25.725,-0.19787
25.735,-0.19792
25.745,-0.19793
25.755,-0.19787
25.765,-0.19776
25.775,-0.19759
25.785,-0.19737
25.795,-0.1971
25.805,-0.19677
25.815,-0.1964
25.825,-0.19596
25.835,-0.19547
25.845,-0.19493
25.855,-0.19434
25.865,-0.1937
25.875,-0.193
25.885,-0.19225
25.895,-0.19145
25.905,-0.1906
25.915,-0.18972
25.925,-0.18879
25.935,-0.18781
25.945,-0.18679
25.955,-0.18574
25.965,-0.18464
25.975,-0.18351
25.985,-0.18235
25.995,-0.18115
26.005,-0.17992
26.015,-0.17866
26.025,-0.17738
26.035,-0.17606
26.045,-0.17473
26.055,-0.17337
26.065,-0.17199
26.075,-0.17058
26.085,-0.16915
26.095,-0.16771
26.105,-0.16625
26.115,-0.16478
26.125,-0.16329
26.135,-0.1618
26.145,-0.16029
26.155,-0.15877
26.165,-0.15725
26.175,-0.15572
26.185,-0.15418
26.195,-0.15263
26.205,-0.15107
26.215,-0.14951
26.225,-0.14796
26.235,-0.1464
26.245,-0.14484
26.255,-0.14329
26.265,-0.14175
26.275,-0.14019
26.285,-0.13863
26.295,-0.13709
26.305,-0.13554
26.315,-0.134
26.325,-0.13246
26.335,-0.13093
26.345,-0.12941
26.355,-0.12791
26.366,-0.12641
26.376,-0.12492
26.386,-0.12343
26.396,-0.12194
26.406,-0.12044
26.416,-0.11894
26.426,-0.11745
26.436,-0.11596
26.446,-0.11447
26.456,-0.11298
26.466,-0.11151
26.476,-0.11004
26.486,-0.10854
26.496,-0.10707
26.506,-0.1056
26.516,-0.10413
26.526,-0.10263
26.536,-0.10114
26.546,-0.099645
26.556,-0.098144
26.566,-0.096639
26.576,-0.095135
26.586,-0.093624
26.596,-0.092103
26.606,-0.090564
26.616,-0.089034
26.626,-0.087489
26.636,-0.085921
26.646,-0.084342
26.656,-0.08276
26.666,-0.081178
26.676,-0.079571
26.686,-0.077955
26.696,-0.076331
26.706,-0.074697
26.716,-0.073039
26.726,-0.071365
26.736,-0.069675
26.746,-0.067974
26.756,-0.066273
26.766,-0.064555
26.776,-0.062832
26.786,-0.061101
26.796,-0.059367
26.806,-0.057615
26.816,-0.055852
26.826,-0.054073
26.836,-0.052283
26.846,-0.050492
26.856,-0.048678
26.866,-0.046851
26.876,-0.045027
26.886,-0.043205
26.896,-0.041357
26.906,-0.039495
26.916,-0.037631
26.926,-0.03577
26.936,-0.033903
26.946,-0.032031
26.956,-0.030161
26.966,-0.028289
26.976,-0.026416
26.986,-0.024544
26.996,-0.022685
27.006,-0.020834
27.016,-0.018984
27.026,-0.017122
27.036,-0.01526
27.046,-0.013402
27.056,-0.011544
27.066,-0.0096977
27.076,-0.0078536
27.086,-0.0060302
27.096,-0.0042006
27.107,-0.002401
27.117,-0.00059591
27.127,0.001188
27.137,0.0029673
27.147,0.0047306
27.157,0.0064696
27.167,0.0082004
27.177,0.0099315
27.187,0.011642
27.197,0.013319
27.207,0.014989
27.217,0.01663
27.227,0.01825
27.237,0.019837
27.247,0.021407
27.257,0.022957
27.267,0.024478
27.277,0.025977
27.287,0.027445
27.297,0.028886
27.307,0.030297
27.317,0.031677
27.327,0.033026
27.337,0.034351
27.347,0.035649
27.357,0.03692
27.367,0.038159
27.377,0.039366
27.387,0.040539
27.397,0.041677
27.407,0.042777
27.417,0.04384
27.427,0.044883
27.437,0.045888
27.447,0.046856
27.457,0.047788
27.467,0.048689
27.477,0.049555
27.487,0.050375
27.497,0.051159
27.507,0.051905
27.517,0.052617
27.527,0.053281
27.537,0.053909
27.547,0.054501
27.557,0.055052
27.567,0.055561
27.577,0.056029
27.587,0.05645
27.597,0.056823
27.607,0.057154
27.617,0.057443
27.627,0.05769
27.637,0.057884
27.647,0.058035
27.657,0.058146
27.667,0.058221
27.677,0.058259
27.687,0.058263
27.697,0.058232
27.707,0.058162
27.717,0.058046
27.727,0.057892
27.737,0.057708
27.747,0.057492
27.757,0.057237
27.767,0.056954
27.777,0.056646
27.787,0.056301
27.797,0.05593
27.807,0.055542
27.817,0.055122
27.827,0.054673
27.837,0.054193
27.848,0.053692
27.858,0.053168
27.868,0.05262
27.878,0.052056
27.888,0.051472
27.898,0.050866
27.908,0.050238
27.918,0.049602
27.928,0.048945
27.938,0.048275
27.948,0.047597
27.958,0.046914
27.968,0.046217
27.978,0.045513
27.988,0.04481
27.998,0.044098
28.008,0.043373
28.018,0.042644
28.028,0.04191
28.038,0.041166
28.048,0.040418
28.058,0.039675
28.068,0.038941
28.078,0.03821
28.088,0.037476
28.098,0.036744
28.108,0.036025
28.118,0.035316
28.128,0.034611
28.138,0.033918
28.148,0.033235
28.158,0.032555
28.168,0.031881
28.178,0.031219
28.188,0.030561
28.198,0.029916
28.208,0.029285
28.218,0.028663
28.228,0.028054
28.238,0.027455
28.248,0.026875
28.258,0.026314
28.268,0.025784
28.278,0.025277
28.288,0.024801
28.298,0.02435
28.308,0.023926
28.318,0.023532
28.328,0.023165
28.338,0.022817
28.348,0.022504
28.358,0.02222
28.368,0.021968
28.378,0.021747
28.388,0.021562
28.398,0.021407
28.408,0.021285
28.418,0.021193
28.428,0.021134
28.438,0.021113
28.448,0.021127
28.458,0.021179
28.468,0.021273
28.478,0.021401
28.488,0.021561
28.498,0.021761
28.508,0.021996
28.518,0.022266
28.528,0.022575
28.538,0.022916
28.548,0.023289
28.558,0.023704
28.568,0.024159
28.578,0.024649
28.588,0.025171
28.599,0.025726
28.609,0.026317
28.619,0.026941
28.629,0.027596
28.639,0.02828
28.649,0.029002
28.659,0.029759
28.669,0.030534
28.679,0.031339
28.689,0.032158
28.699,0.032982
28.709,0.033823
28.719,0.034683
28.729,0.035552
28.739,0.036419
28.749,0.037288
28.759,0.038148
28.769,0.03902
28.779,0.039889
28.789,0.040754
28.799,0.041615
28.809,0.042474
28.819,0.043312
28.829,0.044134
28.839,0.044929
28.849,0.045703
28.859,0.046457
28.869,0.047188
28.879,0.047887
28.889,0.048554
28.899,0.04919
28.909,0.049796
28.919,0.050367
28.929,0.050906
28.939,0.051402
28.949,0.051856
28.959,0.052271
28.969,0.05266
28.979,0.053006
28.989,0.053303
28.999,0.053556
29.009,0.053768
29.019,0.05393
29.029,0.054048
29.039,0.05412
29.049,0.054152
29.059,0.054144
29.069,0.054084
29.079,0.053981
29.089,0.053836
29.099,0.053649
29.109,0.053419
29.119,0.05315
29.129,0.05284
29.139,0.052489
29.149,0.052102
29.159,0.051676
29.169,0.05122
29.179,0.05073
29.189,0.050206
29.199,0.049661
29.209,0.04909
29.219,0.048491
29.229,0.047869
29.239,0.047222
29.249,0.046567
29.259,0.045902
29.269,0.045213
29.279,0.044509
29.289,0.043797
29.299,0.043092
29.309,0.042375
29.319,0.04164
29.329,0.040905
29.34,0.040161
29.35,0.039414
29.36,0.038675
29.37,0.037942
29.38,0.037214
29.39,0.036492
29.4,0.035786
29.41,0.035083
29.42,0.034383
29.43,0.033691
29.44,0.033013
29.45,0.032347
29.46,0.031698
29.47,0.031063
29.48,0.030433
29.49,0.029809
29.5,0.029188
29.51,0.02858
29.52,0.027986
29.53,0.027387
29.54,0.026797
29.55,0.02621
29.56,0.02563
29.57,0.025043
29.58,0.024449
29.59,0.023865
29.6,0.023283
29.61,0.02269
29.62,0.022081
29.63,0.021467
29.64,0.020849
29.65,0.020218
29.66,0.019569
29.67,0.018913
29.68,0.018255
29.69,0.017584
29.7,0.016893
29.71,0.016193
29.72,0.01548
29.73,0.014751
29.74,0.014013
29.75,0.013254
29.76,0.012474
29.77,0.011687
29.78,0.010884
29.79,0.010061
29.8,0.0092243
29.81,0.0083739
29.82,0.0075251
29.83,0.0066648
29.84,0.0057821
29.85,0.0048922
29.86,0.0039944
29.87,0.0030889
29.88,0.002181
29.89,0.00126
29.9,0.0003403
29.91,-0.00058581
29.92,-0.0015102
29.93,-0.0024299
29.94,-0.0033431
29.95,-0.0042627
29.96,-0.0051828
29.97,-0.0060948
29.98,-0.0069888
29.99,-0.0078646
30,-0.0087212
30.01,-0.0095583
30.02,-0.010377
30.03,-0.011167
30.04,-0.01194
30.05,-0.012687
30.06,-0.013404
30.07,-0.014099
30.081,-0.014764
30.091,-0.015399
30.101,-0.016002
30.111,-0.016572
30.121,-0.017113
30.131,-0.017619
30.141,-0.018087
30.151,-0.018529
30.161,-0.018932
30.171,-0.019303
30.181,-0.019636
30.191,-0.019927
30.201,-0.020172
30.211,-0.020379
30.221,-0.020556
30.231,-0.0207
30.241,-0.020806
30.251,-0.020877
30.261,-0.020924
30.271,-0.020935
30.281,-0.020914
30.291,-0.020866
30.301,-0.02078
30.311,-0.020655
30.321,-0.020494
30.331,-0.020306
30.341,-0.020087
30.351,-0.019844
30.361,-0.019582
30.371,-0.019287
30.381,-0.018952
30.391,-0.018605
30.401,-0.018256
30.411,-0.017898
30.421,-0.017534
30.431,-0.017147
30.441,-0.016747
30.451,-0.016333
30.461,-0.015909
30.471,-0.015481
30.481,-0.015036
30.491,-0.01458
30.501,-0.014115
30.511,-0.013646
30.521,-0.013172
30.531,-0.012685
30.541,-0.012201
30.551,-0.011714
30.561,-0.011225
30.571,-0.01073
30.581,-0.010236
30.591,-0.00975
30.601,-0.0092683
30.611,-0.0087804
30.621,-0.0082923
30.631,-0.0078069
30.641,-0.0073166
30.651,-0.0068175
30.661,-0.0063291
30.671,-0.0058473
30.681,-0.0053703
30.691,-0.0048964
30.701,-0.0044252
30.711,-0.0039619
30.721,-0.0035106
30.731,-0.0030608
30.741,-0.0026085
30.751,-0.0021676
30.761,-0.0017382
30.771,-0.0013136
30.781,-0.00089375
30.791,-0.00048017
30.801,-5.9923e-005
30.811,0.00035144
30.822,0.00075697
30.832,0.0011544
30.842,0.001539
30.852,0.0019189
30.862,0.0022989
30.872,0.002682
30.882,0.0030552
30.892,0.0034267
30.902,0.0037935
30.912,0.0041617
30.922,0.0045238
30.932,0.0048888
30.942,0.0052535
30.952,0.0056209
30.962,0.0059848
30.972,0.006358
30.982,0.0067389
30.992,0.0071226
31.002,0.0075206
31.012,0.007916
31.022,0.0083011
31.032,0.0086858
31.042,0.0090774
31.052,0.0094823
31.062,0.0098932
31.072,0.010313
31.082,0.010749
31.092,0.011207
31.102,0.011677
31.112,0.01216
31.122,0.012649
31.132,0.013143
31.142,0.013652
31.152,0.014174
31.162,0.014706
31.172,0.015244
31.182,0.015783
31.192,0.016333
31.202,0.016883
31.212,0.017435
31.222,0.017991
31.232,0.018554
31.242,0.019124
31.252,0.019696
31.262,0.020272
31.272,0.02085
31.282,0.021426
31.292,0.021994
31.302,0.022564
31.312,0.023123
31.322,0.023676
31.332,0.024214
31.342,0.024743
31.352,0.025261
31.362,0.025761
31.372,0.026247
31.382,0.026712
31.392,0.02715
31.402,0.027567
31.412,0.027961
31.422,0.02833
31.432,0.028677
31.442,0.028988
31.452,0.029264
31.462,0.029507
31.472,0.029723
31.482,0.029906
31.492,0.030059
31.502,0.030169
31.512,0.030233
31.522,0.030264
31.532,0.030255
31.542,0.03021
31.552,0.030128
31.563,0.030008
31.573,0.029855
31.583,0.029668
31.593,0.029446
31.603,0.029194
31.613,0.028909
31.623,0.028584
31.633,0.028228
31.643,0.027839
31.653,0.027425
31.663,0.02698
31.673,0.026507
31.683,0.026009
31.693,0.025494
31.703,0.024956
31.713,0.0244
31.723,0.023835
31.733,0.023262
31.743,0.022675
31.753,0.022078
31.763,0.021482
31.773,0.020877
31.783,0.02027
31.793,0.019666
31.803,0.019066
31.813,0.018485
31.823,0.017911
31.833,0.017343
31.843,0.016788
31.853,0.016253
31.863,0.01573
31.873,0.015216
31.883,0.014721
31.893,0.014251
31.903,0.013804
31.913,0.013376
31.923,0.012963
31.933,0.012581
31.943,0.01222
31.953,0.011888
31.963,0.011582
31.973,0.01131
31.983,0.011062
31.993,0.010836
32.003,0.010649
32.013,0.010493
32.023,0.010365
32.033,0.010275
32.043,0.010213
32.053,0.01018
32.063,0.010182
32.073,0.010223
32.083,0.010291
32.093,0.010387
32.103,0.010517
32.113,0.010672
32.123,0.010865
32.133,0.011097
32.143,0.011359
32.153,0.011642
32.163,0.011949
32.173,0.012291
32.183,0.012663
32.193,0.013065
32.203,0.013497
32.213,0.013949
32.223,0.014421
32.233,0.014918
32.243,0.015446
32.253,0.015999
32.263,0.016581
32.273,0.017186
32.283,0.01781
32.293,0.018456
32.304,0.019128
32.314,0.019821
32.324,0.020519
32.334,0.02122
32.344,0.021938
32.354,0.022683
32.364,0.023438
32.374,0.024196
32.384,0.024963
32.394,0.025735
32.404,0.026505
32.414,0.027278
32.424,0.028049
32.434,0.028819
32.444,0.029591
32.454,0.030366
32.464,0.031135
32.474,0.0319
32.484,0.032654
32.494,0.033391
32.504,0.034116
32.514,0.03483
32.524,0.035525
32.534,0.036208
32.544,0.036874
32.554,0.037515
32.564,0.038134
32.574,0.038732
32.584,0.039302
32.594,0.039841
32.604,0.040361
32.614,0.040855
32.624,0.041327
32.634,0.041776
32.644,0.042189
32.654,0.042572
32.664,0.042926
32.674,0.04325
32.684,0.043549
32.694,0.043819
32.704,0.04407
32.714,0.044298
32.724,0.044496
32.734,0.044664
32.744,0.044807
32.754,0.044932
32.764,0.045037
32.774,0.045121
32.784,0.04518
32.794,0.04523
32.804,0.045261
32.814,0.045278
32.824,0.045274
32.834,0.045259
32.844,0.045235
32.854,0.0452
32.864,0.045152
32.874,0.045096
32.884,0.045042
32.894,0.044977
32.904,0.044904
32.914,0.044831
32.924,0.044761
32.934,0.044686
32.944,0.044607
32.954,0.044528
32.964,0.044455
32.974,0.044383
32.984,0.04431
32.994,0.044235
33.004,0.044165
33.014,0.044094
33.024,0.044014
33.034,0.043927
33.044,0.043833
33.055,0.043734
33.065,0.04363
33.075,0.043513
33.085,0.043385
33.095,0.043236
33.105,0.043074
33.115,0.042906
33.125,0.042718
33.135,0.04251
33.145,0.042283
33.155,0.042035
33.165,0.041763
33.175,0.041465
33.185,0.041135
33.195,0.040777
33.205,0.04038
33.215,0.039944
33.225,0.039483
33.235,0.038995
33.245,0.038466
33.255,0.037894
33.265,0.037285
33.275,0.03664
33.285,0.035952
33.295,0.035223
33.305,0.034453
33.315,0.033651
33.325,0.032805
33.335,0.031912
33.345,0.030985
33.355,0.030031
33.365,0.029042
33.375,0.028013
33.385,0.026962
33.395,0.025884
33.405,0.024777
33.415,0.023639
33.425,0.022481
33.435,0.021299
33.445,0.020101
33.455,0.018879
33.465,0.017649
33.475,0.016415
33.485,0.015173
33.495,0.013923
33.505,0.012687
33.515,0.011459
33.525,0.010234
33.535,0.0090321
33.545,0.0078357
33.555,0.0066571
33.565,0.005505
33.575,0.004397
33.585,0.0033171
33.595,0.0022654
33.605,0.0012545
33.615,0.00028785
33.625,-0.00064652
33.635,-0.0015241
33.645,-0.0023538
33.655,-0.0031369
33.665,-0.003865
33.675,-0.0045289
33.685,-0.005133
33.695,-0.0056794
33.705,-0.00616
33.715,-0.0065829
33.725,-0.0069446
33.735,-0.0072394
33.745,-0.0074651
33.755,-0.0076223
33.765,-0.007713
33.775,-0.0077311
33.785,-0.0076879
33.796,-0.0075885
33.806,-0.0074296
33.816,-0.0072085
33.826,-0.0069163
33.836,-0.0065676
33.846,-0.0061602
33.856,-0.005697
33.866,-0.0051766
33.876,-0.0045989
33.886,-0.0039647
33.896,-0.0032883
33.906,-0.002563
33.916,-0.0017936
33.926,-0.00098288
33.936,-0.00013121
33.946,0.00075559
33.956,0.0016751
33.966,0.002628
33.976,0.0036146
33.986,0.0046291
33.996,0.0056536
34.006,0.0066972
34.016,0.0077623
34.026,0.0088455
34.036,0.0099491
34.046,0.011074
34.056,0.012204
34.066,0.013352
34.076,0.014503
34.086,0.015663
34.096,0.016811
34.106,0.017952
34.116,0.019084
34.126,0.020205
34.136,0.021322
34.146,0.022443
34.156,0.023546
34.166,0.024628
34.176,0.025699
34.186,0.026756
34.196,0.027784
34.206,0.028786
34.216,0.029797
34.226,0.030779
34.236,0.031718
34.246,0.032637
34.256,0.033529
34.266,0.034389
34.276,0.035219
34.286,0.036029
34.296,0.036805
34.306,0.037539
34.316,0.038256
34.326,0.038959
34.336,0.039639
34.346,0.040294
34.356,0.040913
34.366,0.041504
34.376,0.042075
34.386,0.042618
34.396,0.043135
34.406,0.043626
34.416,0.044095
34.426,0.044537
34.436,0.044957
34.446,0.045359
34.456,0.045746
34.466,0.046109
34.476,0.046447
34.486,0.046758
34.496,0.047052
34.506,0.047324
34.516,0.047575
34.526,0.047806
34.537,0.048009
34.547,0.048193
34.557,0.048363
34.567,0.048517
34.577,0.048651
34.587,0.048772
34.597,0.048876
34.607,0.048966
34.617,0.049039
34.627,0.049097
34.637,0.049146
34.647,0.049184
34.657,0.049205
34.667,0.049228
34.677,0.049243
34.687,0.049248
34.697,0.049238
34.707,0.049211
34.717,0.049188
34.727,0.049161
34.737,0.049124
34.747,0.049076
34.757,0.049014
34.767,0.048944
34.777,0.048871
34.787,0.048787
34.797,0.048691
34.807,0.048587
34.817,0.04846
34.827,0.048323
34.837,0.048169
34.847,0.048012
34.857,0.047846
34.867,0.047667
34.877,0.047474
34.887,0.047269
34.897,0.047051
34.907,0.04682
34.917,0.046569
34.927,0.046312
34.937,0.046042
34.947,0.045761
34.957,0.045461
34.967,0.045144
34.977,0.04481
34.987,0.044456
34.997,0.044082
35.007,0.043696
35.017,0.043305
35.027,0.042891
35.037,0.042452
35.047,0.041996
35.057,0.041525
35.067,0.041047
35.077,0.040544
35.087,0.040024
35.097,0.039492
35.107,0.038939
35.117,0.038364
35.127,0.037781
35.137,0.037184
35.147,0.036565
35.157,0.035938
35.167,0.035294
35.177,0.034642
35.187,0.033992
35.197,0.033322
35.207,0.032626
35.217,0.03191
35.227,0.031196
35.237,0.030488
35.247,0.029773
35.257,0.02904
35.267,0.028313
35.278,0.027582
35.288,0.026851
35.298,0.026114
35.308,0.025394
35.318,0.024677
35.328,0.023958
35.338,0.023257
35.348,0.022572
35.358,0.021898
35.368,0.021225
35.378,0.020573
35.388,0.019932
35.398,0.019296
35.408,0.018677
35.418,0.018085
35.428,0.01751
35.438,0.01696
35.448,0.016432
35.458,0.01592
35.468,0.015431
35.478,0.014973
35.488,0.014541
35.498,0.014128
35.508,0.013726
35.518,0.013344
35.528,0.012985
35.538,0.012648
35.548,0.012331
35.558,0.01204
35.568,0.011769
35.578,0.011517
35.588,0.011293
35.598,0.011096
35.608,0.010924
35.618,0.010768
35.628,0.010631
35.638,0.010505
35.648,0.01039
35.658,0.010291
35.668,0.010215
35.678,0.010156
35.688,0.010116
35.698,0.010089
35.708,0.010074
35.718,0.010061
35.728,0.010074
35.738,0.010098
35.748,0.010142
35.758,0.010202
35.768,0.010273
35.778,0.010346
35.788,0.010434
35.798,0.010536
35.808,0.010644
35.818,0.010768
35.828,0.010901
35.838,0.01105
35.848,0.011208
35.858,0.011374
35.868,0.011541
35.878,0.011723
35.888,0.011917
35.898,0.012122
35.908,0.012341
35.918,0.012576
35.928,0.012822
35.938,0.013068
35.948,0.013318
35.958,0.013574
35.968,0.013838
35.978,0.014104
35.988,0.014367
35.998,0.014636
36.008,0.014919
36.019,0.015208
36.029,0.015501
36.039,0.015801
36.049,0.016107
36.059,0.016415
36.069,0.016728
36.079,0.017051
36.089,0.017384
36.099,0.01772
36.109,0.018058
36.119,0.018395
36.129,0.018733
36.139,0.019068
36.149,0.019404
36.159,0.019735
36.169,0.020063
36.179,0.020392
36.189,0.020725
36.199,0.021051
36.209,0.021363
36.219,0.021682
36.229,0.022005
36.239,0.022323
36.249,0.022637
36.259,0.022944
36.269,0.023242
36.279,0.023528
36.289,0.023814
36.299,0.024103
36.309,0.024392
36.319,0.024672
36.329,0.024949
36.339,0.025216
36.349,0.025481
36.359,0.025743
36.369,0.025994
36.379,0.02624
36.389,0.026482
36.399,0.026725
36.409,0.026974
36.419,0.02723
36.429,0.027479
36.439,0.027737
36.449,0.027994
36.459,0.028251
36.469,0.028495
36.479,0.028736
36.489,0.028976
36.499,0.029216
36.509,0.029456
36.519,0.029702
36.529,0.029939
36.539,0.030171
36.549,0.030409
36.559,0.03064
36.569,0.030871
36.579,0.031093
36.589,0.031311
36.599,0.03152
36.609,0.031718
36.619,0.031905
36.629,0.032082
36.639,0.032253
36.649,0.032408
36.659,0.032542
36.669,0.032662
36.679,0.03276
36.689,0.032838
36.699,0.032899
36.709,0.032949
36.719,0.032983
36.729,0.032985
36.739,0.032962
36.749,0.032909
36.76,0.03283
36.77,0.032724
36.78,0.03259
36.79,0.032417
36.8,0.032222
36.81,0.031989
36.82,0.031728
36.83,0.031427
36.84,0.031097
36.85,0.030723
36.86,0.030313
36.87,0.02986
36.88,0.029363
36.89,0.02883
36.9,0.02826
36.91,0.027649
36.92,0.026995
36.93,0.026301
36.94,0.02557
36.95,0.024798
36.96,0.023997
36.97,0.023165
36.98,0.022294
36.99,0.021383
37,0.020437
37.01,0.019464
37.02,0.018465
37.03,0.017439
37.04,0.016381
37.05,0.01531
37.06,0.014229
37.07,0.013133
37.08,0.012016
37.09,0.010906
37.1,0.0097985
37.11,0.0086665
37.12,0.0075458
37.13,0.0064341
37.14,0.0053223
37.15,0.004216
37.16,0.0031153
37.17,0.0020183
37.18,0.0009338
37.19,-0.00014031
37.2,-0.0011909
37.21,-0.0022275
37.22,-0.0032389
37.23,-0.0042237
37.24,-0.0051759
37.25,-0.0061149
37.26,-0.0070243
37.27,-0.0078892
37.28,-0.0087131
37.29,-0.0095136
37.3,-0.010292
37.31,-0.011035
37.32,-0.011739
37.33,-0.012411
37.34,-0.013041
37.35,-0.01364
37.36,-0.014209
37.37,-0.014741
37.38,-0.015235
37.39,-0.015693
37.4,-0.016112
37.41,-0.016494
37.42,-0.016842
37.43,-0.017148
37.44,-0.017418
37.45,-0.017661
37.46,-0.017874
37.47,-0.018052
37.48,-0.018191
37.49,-0.018306
37.5,-0.018383
37.511,-0.018435
37.521,-0.018468
37.531,-0.018475
37.541,-0.018463
37.551,-0.018415
37.561,-0.018338
37.571,-0.018237
37.581,-0.018115
37.591,-0.017972
37.601,-0.017817
37.611,-0.017637
37.621,-0.017434
37.631,-0.017223
37.641,-0.017001
37.651,-0.016748
37.661,-0.016471
37.671,-0.016177
37.681,-0.015878
37.691,-0.015564
37.701,-0.015236
37.711,-0.014895
37.721,-0.014535
37.731,-0.014157
37.741,-0.013772
37.751,-0.013364
37.761,-0.012952
37.771,-0.012517
37.781,-0.012074
37.791,-0.011623
37.801,-0.011156
37.811,-0.010684
37.821,-0.010187
37.831,-0.009684
37.841,-0.0091643
37.851,-0.0086352
37.861,-0.0080917
37.871,-0.0075403
37.881,-0.0069797
37.891,-0.0064059
37.901,-0.0058143
37.911,-0.0052086
37.921,-0.0045966
37.931,-0.0039764
37.941,-0.0033505
37.951,-0.0027334
37.961,-0.0021029
37.971,-0.0014665
37.981,-0.00082869
37.991,-0.00018431
38.001,0.00045515
38.011,0.0011
38.021,0.0017541
38.031,0.0024056
38.041,0.0030473
38.051,0.0036906
38.061,0.0043143
38.071,0.0049353
38.081,0.0055635
38.091,0.0061847
38.101,0.0067869
38.111,0.0073637
38.121,0.0079399
38.131,0.0085216
38.141,0.009096
38.151,0.0096566
38.161,0.010183
38.171,0.01069
38.181,0.011187
38.191,0.011671
38.201,0.012115
38.211,0.012548
38.221,0.012978
38.231,0.013387
38.241,0.013785
38.252,0.014157
38.262,0.014498
38.272,0.014802
38.282,0.01508
38.292,0.015329
38.302,0.015541
38.312,0.01573
38.322,0.015882
38.332,0.016003
38.342,0.016088
38.352,0.016151
38.362,0.016177
38.372,0.016175
38.382,0.016142
38.392,0.016074
38.402,0.015975
38.412,0.015846
38.422,0.015681
38.432,0.01548
38.442,0.015261
38.452,0.015006
38.462,0.014733
38.472,0.014436
38.482,0.014106
38.492,0.01375
38.502,0.013363
38.512,0.012953
38.522,0.01252
38.532,0.01206
38.542,0.011574
38.552,0.011061
38.562,0.01053
38.572,0.009983
38.582,0.0094081
38.592,0.0088038
38.602,0.0081877
38.612,0.0075518
38.622,0.0069078
38.632,0.006251
38.642,0.0055839
38.652,0.0049016
38.662,0.0042221
38.672,0.0035325
38.682,0.0028448
38.692,0.0021486
38.702,0.0014411
38.712,0.00074216
38.722,5.7358e-005
38.732,-0.00063027
38.742,-0.0013097
38.752,-0.0019784
38.762,-0.0026356
38.772,-0.003282
38.782,-0.0039175
38.792,-0.0045377
38.802,-0.005144
38.812,-0.0057371
38.822,-0.0063067
38.832,-0.0068564
38.842,-0.0073896
38.852,-0.007904
38.862,-0.0083848
38.872,-0.0088517
38.882,-0.0092953
38.892,-0.0097143
38.902,-0.010116
38.912,-0.01048
38.922,-0.010807
38.932,-0.01111
38.942,-0.011385
38.952,-0.011631
38.962,-0.011854
38.972,-0.012045
38.982,-0.012207
38.993,-0.012334
39.003,-0.012426
39.013,-0.012487
39.023,-0.012525
39.033,-0.012526
39.043,-0.0125
39.053,-0.012451
39.063,-0.012372
39.073,-0.012258
39.083,-0.012121
39.093,-0.011957
39.103,-0.011762
39.113,-0.011531
39.123,-0.011277
39.133,-0.010996
39.143,-0.010688
39.153,-0.010353
39.163,-0.0099936
39.173,-0.0096031
39.183,-0.0091869
39.193,-0.0087417
39.203,-0.0082664
39.213,-0.0077796
39.223,-0.0072747
39.233,-0.0067375
39.243,-0.0061856
39.253,-0.0056153
39.263,-0.0050144
39.273,-0.004391
39.283,-0.0037534
39.293,-0.0030901
39.303,-0.0024038
39.313,-0.0017139
39.323,-0.0010102
39.333,-0.00028871
39.343,0.00044151
39.353,0.0011827
39.363,0.0019383
39.373,0.0027061
39.383,0.0034922
39.393,0.0042859
39.403,0.0050937
39.413,0.0059148
39.423,0.0067479
39.433,0.0076079
39.443,0.0084745
39.453,0.009352
39.463,0.010227
39.473,0.011113
39.483,0.012012
39.493,0.012917
39.503,0.01382
39.513,0.014728
39.523,0.015623
39.533,0.016532
39.543,0.017441
39.553,0.018333
39.563,0.01922
39.573,0.020112
39.583,0.020999
39.593,0.021883
39.603,0.022757
39.613,0.023627
39.623,0.024494
39.633,0.025361
39.643,0.026222
39.653,0.02707
39.663,0.027911
39.673,0.028729
39.683,0.029536
39.693,0.030332
39.703,0.031105
39.713,0.031862
39.723,0.032603
39.734,0.033335
39.744,0.034058
39.754,0.034771
39.764,0.035471
39.774,0.036149
39.784,0.036803
39.794,0.037442
39.804,0.038055
39.814,0.038651
39.824,0.039227
39.834,0.039775
39.844,0.040309
39.854,0.040822
39.864,0.041305
39.874,0.041766
39.884,0.042219
39.894,0.042654
39.904,0.043073
39.914,0.043467
39.924,0.043831
39.934,0.044178
39.944,0.04451
39.954,0.044819
39.964,0.045102
39.974,0.045366
39.984,0.045609
39.994,0.045853
40.004,0.046073
40.014,0.046277
40.024,0.046472
40.034,0.046658
40.044,0.046829
40.054,0.046985
40.064,0.047119
40.074,0.04724
40.084,0.047355
40.094,0.04745
40.104,0.047533
40.114,0.047605
40.124,0.047656
40.134,0.047706
40.144,0.047747
40.154,0.04777
40.164,0.047774
40.174,0.047777
40.184,0.04777
40.194,0.047748
40.204,0.047708
40.214,0.047653
40.224,0.047588
40.234,0.047522
40.244,0.047437
40.254,0.047349
40.264,0.047257
40.274,0.047148
40.284,0.047036
40.294,0.046916
40.304,0.046783
40.314,0.046642
40.324,0.046496
40.334,0.046351
40.344,0.046179
40.354,0.045998
40.364,0.04581
40.374,0.045605
40.384,0.045396
40.394,0.045184
40.404,0.04496
40.414,0.04473
40.424,0.044501
40.434,0.044263
40.444,0.044019
40.454,0.043764
40.464,0.043503
40.475,0.043243
40.485,0.042989
40.495,0.042722
40.505,0.042455
40.515,0.042198
40.525,0.041928
40.535,0.041661
40.545,0.041404
40.555,0.041154
40.565,0.040905
40.575,0.040671
40.585,0.040445
40.595,0.040215
40.605,0.040001
40.615,0.039786
40.625,0.039569
40.635,0.039363
40.645,0.039167
40.655,0.038989
40.665,0.038809
40.675,0.038637
40.685,0.038489
40.695,0.038347
40.705,0.038209
40.715,0.038092
40.725,0.037993
40.735,0.037895
40.745,0.037807
40.755,0.037741
40.765,0.037679
40.775,0.03762
40.785,0.037576
40.795,0.037549
40.805,0.037528
40.815,0.037513
40.825,0.037497
40.835,0.037499
40.845,0.037514
40.855,0.037526
40.865,0.037539
40.875,0.037565
40.885,0.037597
40.895,0.037639
40.905,0.037676
40.915,0.037715
40.925,0.037756
40.935,0.03779
40.945,0.037825
40.955,0.037862
40.965,0.037892
40.975,0.037918
40.985,0.037946
40.995,0.037973
41.005,0.037998
41.015,0.038019
41.025,0.038038
41.035,0.038047
41.045,0.038048
41.055,0.038044
41.065,0.038043
41.075,0.038041
41.085,0.038029
41.095,0.038017
41.105,0.037994
41.115,0.037973
41.125,0.037952
41.135,0.037921
41.145,0.037892
41.155,0.037848
41.165,0.037798
41.175,0.037745
41.185,0.0377
41.195,0.037654
41.205,0.037604
41.216,0.03756
41.226,0.037516
41.236,0.037467
41.246,0.037427
41.256,0.037404
41.266,0.037386
41.276,0.037379
41.286,0.037376
41.296,0.037387
41.306,0.037413
41.316,0.037448
41.326,0.037484
41.336,0.037531
41.346,0.037589
41.356,0.037662
41.366,0.037761
41.376,0.037873
41.386,0.037999
41.396,0.038138
41.406,0.038287
41.416,0.038438
41.426,0.038614
41.436,0.038801
41.446,0.039003
41.456,0.039228
41.466,0.039469
41.476,0.039725
41.486,0.039997
41.496,0.040286
41.506,0.040587
41.516,0.040914
41.526,0.041242
41.536,0.041594
41.546,0.041961
41.556,0.042347
41.566,0.042744
41.576,0.043149
41.586,0.043556
41.596,0.043968
41.606,0.044393
41.616,0.044826
41.626,0.04526
41.636,0.045696
41.646,0.046147
41.656,0.046595
41.666,0.047039
41.676,0.047494
41.686,0.047945
41.696,0.048398
41.706,0.04885
41.716,0.049298
41.726,0.049744
41.736,0.05019
41.746,0.05063
41.756,0.051074
41.766,0.051499
41.776,0.051911
41.786,0.052322
41.796,0.05274
41.806,0.053139
41.816,0.053531
41.826,0.05391
41.836,0.054282
41.846,0.054641
41.856,0.054989
41.866,0.055321
41.876,0.055647
41.886,0.055953
41.896,0.056242
41.906,0.056516
41.916,0.056778
41.926,0.057013
41.936,0.057239
41.946,0.057451
41.957,0.057642
41.967,0.057817
41.977,0.057965
41.987,0.058089
41.997,0.058187
42.007,0.058275
42.017,0.058337
42.027,0.058386
42.037,0.058405
42.047,0.058401
42.057,0.05838
42.067,0.058341
42.077,0.058284
42.087,0.058214
42.097,0.058123
42.107,0.057997
42.117,0.057844
42.127,0.057665
42.137,0.057472
42.147,0.057261
42.157,0.057026
42.167,0.056774
42.177,0.056519
42.187,0.056227
42.197,0.055917
42.207,0.055592
42.217,0.055257
42.227,0.054916
42.237,0.054564
42.247,0.054207
42.257,0.05382
42.267,0.053424
42.277,0.053022
42.287,0.052613
42.297,0.05219
42.307,0.051762
42.317,0.051324
42.327,0.050867
42.337,0.050404
42.347,0.049944
42.357,0.049475
42.367,0.049002
42.377,0.048516
42.387,0.048025
42.397,0.047526
42.407,0.047021
42.417,0.046514
42.427,0.045988
42.437,0.04547
42.447,0.044956
42.457,0.044427
42.467,0.043902
42.477,0.043378
42.487,0.042856
42.497,0.042332
42.507,0.041808
42.517,0.041289
42.527,0.040764
42.537,0.040242
42.547,0.039716
42.557,0.039196
42.567,0.038657
42.577,0.038105
42.587,0.037544
42.597,0.036984
42.607,0.03643
42.617,0.035879
42.627,0.035309
42.637,0.034738
42.647,0.034162
42.657,0.033578
42.667,0.032987
42.677,0.032392
42.687,0.031793
42.697,0.031191
42.708,0.03059
42.718,0.03
42.728,0.029408
42.738,0.028818
42.748,0.028236
42.758,0.027672
42.768,0.027115
42.778,0.026568
42.788,0.02604
42.798,0.025518
42.808,0.024995
42.818,0.024492
42.828,0.024013
42.838,0.023547
42.848,0.023088
42.858,0.022651
42.868,0.022236
42.878,0.021853
42.888,0.021492
42.898,0.021154
42.908,0.020853
42.918,0.020582
42.928,0.020347
42.938,0.020149
42.948,0.019977
42.958,0.019836
42.968,0.019715
42.978,0.019637
42.988,0.019601
42.998,0.019586
43.008,0.01961
43.018,0.019675
43.028,0.019775
43.038,0.019917
43.048,0.0201
43.058,0.020319
43.068,0.020564
43.078,0.020845
43.088,0.021167
43.098,0.021528
43.108,0.021937
43.118,0.022364
43.128,0.02283
43.138,0.023325
43.148,0.023849
43.158,0.024398
43.168,0.024952
43.178,0.025532
43.188,0.026137
43.198,0.026752
43.208,0.027373
43.218,0.028006
43.228,0.028656
43.238,0.029306
43.248,0.029972
43.258,0.030635
43.268,0.0313
43.278,0.031969
43.288,0.032643
43.298,0.033307
43.308,0.033975
43.318,0.034624
43.328,0.03526
43.338,0.035893
43.348,0.036526
43.358,0.037122
43.368,0.037711
43.378,0.03828
43.388,0.038818
43.398,0.039349
43.408,0.039852
43.418,0.040327
43.428,0.040777
43.438,0.04121
43.449,0.041616
43.459,0.041984
43.469,0.04232
43.479,0.042634
43.489,0.042918
43.499,0.043176
43.509,0.043395
43.519,0.043583
43.529,0.043718
43.539,0.043815
43.549,0.043893
43.559,0.043939
43.569,0.043945
43.579,0.043922
43.589,0.043866
43.599,0.043786
43.609,0.04367
43.619,0.04353
43.629,0.043355
43.639,0.043142
43.649,0.042898
43.659,0.042631
43.669,0.042321
43.679,0.041967
43.689,0.041587
43.699,0.041162
43.709,0.040707
43.719,0.040222
43.729,0.039695
43.739,0.039136
43.749,0.038559
43.759,0.037947
43.769,0.037304
43.779,0.036639
43.789,0.035929
43.799,0.03521
43.809,0.034465
43.819,0.033689
43.829,0.032902
43.839,0.032065
43.849,0.031219
43.859,0.030354
43.869,0.029459
43.879,0.028562
43.889,0.027643
43.899,0.026717
43.909,0.025765
43.919,0.024786
43.929,0.023802
43.939,0.022809
43.949,0.021784
43.959,0.020771
43.969,0.019732
43.979,0.018675
43.989,0.017605
43.999,0.016544
44.009,0.015457
44.019,0.014383
44.029,0.013305
44.039,0.012213
44.049,0.011123
44.059,0.010024
44.069,0.0089264
44.079,0.0078406
44.089,0.0067534
44.099,0.0056951
44.109,0.0046333
44.119,0.0035741
44.129,0.0025274
44.139,0.0014907
44.149,0.00048132
44.159,-0.00051131
44.169,-0.0014748
44.179,-0.0024195
44.19,-0.0033466
44.2,-0.0042511
44.21,-0.0051407
44.22,-0.0060054
44.23,-0.0068638
44.24,-0.0077131
44.25,-0.0085295
44.26,-0.0093452
44.27,-0.010162
44.28,-0.010965
44.29,-0.011732
44.3,-0.012456
44.31,-0.013167
44.32,-0.013848
44.33,-0.014509
44.34,-0.015155
44.35,-0.015774
44.36,-0.016382
44.37,-0.016957
44.38,-0.017517
44.39,-0.018046
44.4,-0.018551
44.41,-0.019051
44.42,-0.019532
44.43,-0.019993
44.44,-0.020447
44.45,-0.020881
44.46,-0.021308
44.47,-0.021729
44.48,-0.022139
44.49,-0.022545
44.5,-0.022928
44.51,-0.023309
44.52,-0.023684
44.53,-0.024058
44.54,-0.024409
44.55,-0.024723
44.56,-0.025037
44.57,-0.025338
44.58,-0.025625
44.59,-0.025902
44.6,-0.02618
44.61,-0.026453
44.62,-0.026698
44.63,-0.026944
44.64,-0.027178
44.65,-0.027408
44.66,-0.027618
44.67,-0.027821
44.68,-0.028029
44.69,-0.028215
44.7,-0.0284
44.71,-0.02857
44.72,-0.028728
44.73,-0.028863
44.74,-0.028983
44.75,-0.029089
44.76,-0.029166
44.77,-0.029228
44.78,-0.029285
44.79,-0.029316
44.8,-0.029348
44.81,-0.029371
44.82,-0.02936
44.83,-0.02933
44.84,-0.029289
44.85,-0.029227
44.86,-0.029154
44.87,-0.029066
44.88,-0.028957
44.89,-0.028819
44.9,-0.028674
44.91,-0.028512
44.92,-0.028336
44.931,-0.028152
44.941,-0.027951
44.951,-0.027754
44.961,-0.027563
44.971,-0.027354
44.981,-0.027132
44.991,-0.026886
45.001,-0.026629
45.011,-0.02637
45.021,-0.026109
45.031,-0.025854
45.041,-0.025609
45.051,-0.025361
45.061,-0.025104
45.071,-0.024851
45.081,-0.024613
45.091,-0.024364
45.101,-0.024126
45.111,-0.023909
45.121,-0.023691
45.131,-0.023467
45.141,-0.023262
45.151,-0.023065
45.161,-0.022891
45.171,-0.022737
45.181,-0.022601
45.191,-0.02249
45.201,-0.022397
45.211,-0.022318
45.221,-0.022263
45.231,-0.022242
45.241,-0.022251
45.251,-0.02229
45.261,-0.022364
45.271,-0.022466
45.281,-0.022611
45.291,-0.02278
45.301,-0.022974
45.311,-0.023199
45.321,-0.023459
45.331,-0.023743
45.341,-0.024049
45.351,-0.02438
45.361,-0.024755
45.371,-0.02517
45.381,-0.025617
45.391,-0.026091
45.401,-0.026586
45.411,-0.027118
45.421,-0.027674
45.431,-0.028267
45.441,-0.02888
45.451,-0.029532
45.461,-0.030203
45.471,-0.030885
45.481,-0.03158
45.491,-0.032313
45.501,-0.033052
45.511,-0.03382
45.521,-0.034593
45.531,-0.035348
45.541,-0.036105
45.551,-0.036871
45.561,-0.037637
45.571,-0.038423
45.581,-0.039223
45.591,-0.040004
45.601,-0.040791
45.611,-0.041577
45.621,-0.04236
45.631,-0.043147
45.641,-0.043932
45.651,-0.044697
45.661,-0.045445
45.672,-0.046179
45.682,-0.046907
45.692,-0.047609
45.702,-0.048317
45.712,-0.049013
45.722,-0.04968
45.732,-0.050311
45.742,-0.050921
45.752,-0.051506
45.762,-0.052079
45.772,-0.052613
45.782,-0.053126
45.792,-0.053615
45.802,-0.054086
45.812,-0.054535
45.822,-0.054967
45.832,-0.055392
45.842,-0.055788
45.852,-0.056165
45.862,-0.056536
45.872,-0.056885
45.882,-0.057234
45.892,-0.057555
45.902,-0.057863
45.912,-0.058174
45.922,-0.058475
45.932,-0.058767
45.942,-0.059049
45.952,-0.059324
45.962,-0.059608
45.972,-0.059892
45.982,-0.060164
45.992,-0.060435
46.002,-0.060701
46.012,-0.060967
46.022,-0.061249
46.032,-0.061548
46.042,-0.061853
46.052,-0.062161
46.062,-0.062472
46.072,-0.062792
46.082,-0.063132
46.092,-0.063491
46.102,-0.063857
46.112,-0.064249
46.122,-0.064672
46.132,-0.065109
46.142,-0.065547
46.152,-0.066006
46.162,-0.066468
46.172,-0.066953
46.182,-0.067463
46.192,-0.067972
46.202,-0.068487
46.212,-0.069005
46.222,-0.069539
46.232,-0.070077
46.242,-0.070615
46.252,-0.071161
46.262,-0.071704
46.272,-0.072267
46.282,-0.072813
46.292,-0.073388
46.302,-0.073951
46.312,-0.074512
46.322,-0.075069
46.332,-0.075618
46.342,-0.07616
46.352,-0.076679
46.362,-0.077188
46.372,-0.077666
46.382,-0.07812
46.392,-0.078557
46.402,-0.078983
46.413,-0.079377
46.423,-0.079741
46.433,-0.080088
46.443,-0.080406
46.453,-0.080682
46.463,-0.08096
46.473,-0.081196
46.483,-0.081397
46.493,-0.081549
46.503,-0.081667
46.513,-0.081756
46.523,-0.081826
46.533,-0.081867
46.543,-0.081858
46.553,-0.081811
46.563,-0.081736
46.573,-0.081599
46.583,-0.081435
46.593,-0.081238
46.603,-0.080998
46.613,-0.080707
46.623,-0.080373
46.633,-0.080015
46.643,-0.079613
46.653,-0.079192
46.663,-0.078728
46.673,-0.078241
46.683,-0.077725
46.693,-0.077168
46.703,-0.076587
46.713,-0.075989
46.723,-0.075357
46.733,-0.074709
46.743,-0.074036
46.753,-0.073348
46.763,-0.07265
46.773,-0.071941
46.783,-0.071198
46.793,-0.070415
46.803,-0.069616
46.813,-0.068817
46.823,-0.068004
46.833,-0.067182
46.843,-0.066337
46.853,-0.065486
46.863,-0.064639
46.873,-0.063798
46.883,-0.062959
46.893,-0.06211
46.903,-0.061246
46.913,-0.060394
46.923,-0.059534
46.933,-0.05867
46.943,-0.057824
46.953,-0.056991
46.963,-0.056152
46.973,-0.055317
46.983,-0.054474
46.993,-0.053642
47.003,-0.052812
47.013,-0.051968
47.023,-0.051143
47.033,-0.050351
47.043,-0.049568
47.053,-0.0488
47.063,-0.048029
47.073,-0.047278
47.083,-0.046556
47.093,-0.045839
47.103,-0.04512
47.113,-0.044402
47.123,-0.043712
47.133,-0.043027
47.143,-0.042359
47.153,-0.041709
47.164,-0.041071
47.174,-0.040439
47.184,-0.03984
47.194,-0.039246
47.204,-0.03866
47.214,-0.038083
47.224,-0.037512
47.234,-0.036959
47.244,-0.036437
47.254,-0.035923
47.264,-0.035423
47.274,-0.034948
47.284,-0.034514
47.294,-0.034078
47.304,-0.033655
47.314,-0.033236
47.324,-0.032859
47.334,-0.0325
47.344,-0.032155
47.354,-0.031835
47.364,-0.031529
47.374,-0.031242
47.384,-0.030946
47.394,-0.030679
47.404,-0.030453
47.414,-0.030253
47.424,-0.030058
47.434,-0.029886
47.444,-0.029728
47.454,-0.029605
47.464,-0.029517
47.474,-0.029435
47.484,-0.029382
47.494,-0.029351
47.504,-0.029332
47.514,-0.029342
47.524,-0.029365
47.534,-0.029408
47.544,-0.029466
47.554,-0.029551
47.564,-0.029655
47.574,-0.029761
47.584,-0.029907
47.594,-0.030073
47.604,-0.030246
47.614,-0.030431
47.624,-0.030638
47.634,-0.030866
47.644,-0.031108
47.654,-0.031347
47.664,-0.031609
47.674,-0.031883
47.684,-0.032162
47.694,-0.032445
47.704,-0.032748
47.714,-0.033049
47.724,-0.033359
47.734,-0.033671
47.744,-0.033984
47.754,-0.034304
47.764,-0.034645
47.774,-0.034985
47.784,-0.035324
47.794,-0.035658
47.804,-0.035995
47.814,-0.036321
47.824,-0.036639
47.834,-0.036937
47.844,-0.037248
47.854,-0.037544
47.864,-0.037828
47.874,-0.038105
47.884,-0.038387
47.894,-0.038637
47.905,-0.038857
47.915,-0.039062
47.925,-0.03927
47.935,-0.03946
47.945,-0.039593
47.955,-0.039709
47.965,-0.039795
47.975,-0.039869
47.985,-0.039936
47.995,-0.039976
48.005,-0.039981
48.015,-0.039959
48.025,-0.039895
48.035,-0.039816
48.045,-0.03971
48.055,-0.039563
48.065,-0.039368
48.075,-0.039169
48.085,-0.038944
48.095,-0.038674
48.105,-0.038367
48.115,-0.038018
48.125,-0.037657
48.135,-0.037243
48.145,-0.036803
48.155,-0.036338
48.165,-0.03584
48.175,-0.035317
48.185,-0.034746
48.195,-0.034132
48.205,-0.033471
48.215,-0.0328
48.225,-0.032074
48.235,-0.031299
48.245,-0.030497
48.255,-0.029667
48.265,-0.028802
48.275,-0.027873
48.285,-0.026951
48.295,-0.025994
48.305,-0.02502
48.315,-0.024034
48.325,-0.023025
48.335,-0.022003
48.345,-0.02091
48.355,-0.019794
48.365,-0.018687
48.375,-0.017531
48.385,-0.016368
48.395,-0.015208
48.405,-0.014038
48.415,-0.012848
48.425,-0.011615
48.435,-0.010413
48.445,-0.0092027
48.455,-0.0080016
48.465,-0.0067823
48.475,-0.0055703
48.485,-0.0043871
48.495,-0.0031687
48.505,-0.00195
48.515,-0.00071536
48.525,0.00050164
48.535,0.0016885
48.545,0.0028894
48.555,0.0040716
48.565,0.0052149
48.575,0.0063263
48.585,0.0074049
48.595,0.0084365
48.605,0.0094356
48.615,0.010432
48.625,0.011358
48.635,0.01224
48.646,0.013129
48.656,0.013963
48.666,0.01474
48.676,0.015495
48.686,0.016222
48.696,0.016867
48.706,0.017463
48.716,0.017995
48.726,0.018499
48.736,0.018937
48.746,0.019336
48.756,0.019709
48.766,0.020041
48.776,0.020326
48.786,0.020573
48.796,0.02076
48.806,0.020893
48.816,0.020977
48.826,0.021006
48.836,0.020974
48.846,0.020873
48.856,0.020731
48.866,0.020521
48.876,0.020272
48.886,0.020003
48.896,0.019724
48.906,0.019391
48.916,0.019034
48.926,0.018645
48.936,0.018198
48.946,0.017698
48.956,0.017178
48.966,0.016646
48.976,0.016065
48.986,0.015466
48.996,0.01483
49.006,0.014172
49.016,0.013496
49.026,0.012815
49.036,0.012106
49.046,0.011388
49.056,0.010652
49.066,0.0099404
49.076,0.0092198
49.086,0.0084681
49.096,0.0076846
49.106,0.0069311
49.116,0.0061905
49.126,0.0054794
49.136,0.0047409
49.146,0.0040015
49.156,0.003284
49.166,0.0025993
49.176,0.0018961
49.186,0.0012084
49.196,0.00054611
49.206,-0.00011095
49.216,-0.00078029
49.226,-0.001403
49.236,-0.0020166
49.246,-0.0026209
49.256,-0.0032025
49.266,-0.0037666
49.276,-0.0043523
49.286,-0.0049051
49.296,-0.0054518
49.306,-0.0059404
49.316,-0.006409
49.326,-0.0068361
49.336,-0.0072774
49.346,-0.0077233
49.356,-0.0081272
49.366,-0.0085326
49.376,-0.0089292
49.387,-0.0093038
49.397,-0.0096452
49.407,-0.0099264
49.417,-0.010212
49.427,-0.010485
49.437,-0.010717
49.447,-0.01094
49.457,-0.01113
49.467,-0.011307
49.477,-0.011438
49.487,-0.011568
49.497,-0.011654
49.507,-0.011726
49.517,-0.011791
49.527,-0.011835
49.537,-0.011859
49.547,-0.011877
49.557,-0.011866
49.567,-0.011824
49.577,-0.01173
49.587,-0.011609
49.597,-0.011477
49.607,-0.011277
49.617,-0.01111
49.627,-0.01093
49.637,-0.010744
49.647,-0.010488
49.657,-0.010188
49.667,-0.0098855
49.677,-0.0095461
49.687,-0.009201
49.697,-0.0088322
49.707,-0.0083767
49.717,-0.0079151
49.727,-0.0074065
49.737,-0.006912
49.747,-0.006377
49.757,-0.0057984
49.767,-0.0052301
49.777,-0.0045933
49.787,-0.003974
49.797,-0.0033245
49.807,-0.0026492
49.817,-0.0019287
49.827,-0.0012427
49.837,-0.00054663
49.847,0.00025593
49.857,0.0010994
49.867,0.0019283
49.877,0.0026913
49.887,0.0034494
49.897,0.0042702
49.907,0.0051723
49.917,0.006022
49.927,0.006781
49.937,0.0075843
49.947,0.0084949
49.957,0.0094067
49.967,0.010237
49.977,0.010986
49.987,0.011772
49.997,0.012556
50.007,0.013234
50.017,0.013836
50.027,0.01427
50.037,0.014639
50.047,0.014845
50.057,0.014883
