0,0.000655
0.010024,0.00011269
0.020048,-0.00020523
0.030072,-0.00042214
0.040096,-0.00059235
0.050121,-0.0007235
0.060145,-0.00085667
0.070169,-0.00091511
0.080193,-0.0010943
0.090217,-0.0012544
0.10024,-0.0014459
0.11027,-0.001634
0.12029,-0.0017255
0.13031,-0.0018436
0.14034,-0.0019712
0.15036,-0.0020123
0.16039,-0.002005
0.17041,-0.002035
0.18043,-0.0021628
0.19046,-0.0022714
0.20048,-0.0023346
0.21051,-0.0023982
0.22053,-0.0025322
0.23055,-0.0026422
0.24058,-0.0027502
0.2506,-0.0028167
0.26063,-0.0029068
0.27065,-0.0029927
0.28067,-0.0030942
0.2907,-0.0031896
0.30072,-0.0032391
0.31075,-0.0032768
0.32077,-0.0033298
0.3308,-0.0033885
0.34082,-0.0034487
0.35084,-0.0034675
0.36087,-0.0035055
0.37089,-0.0035069
0.38092,-0.0035065
0.39094,-0.0035275
0.40096,-0.0035207
0.41099,-0.0035373
0.42101,-0.003563
0.43104,-0.0036022
0.44106,-0.0036559
0.45108,-0.0036998
0.46111,-0.0037605
0.47113,-0.0038189
0.48116,-0.0038555
0.49118,-0.0039129
0.50121,-0.0039715
0.51123,-0.0039899
0.52125,-0.0040199
0.53128,-0.0040412
0.5413,-0.0040897
0.55133,-0.0041488
0.56135,-0.0041888
0.57137,-0.0042097
0.5814,-0.0042172
0.59142,-0.0042549
0.60145,-0.0043242
0.61147,-0.0043731
0.62149,-0.0044021
0.63152,-0.0044214
0.64154,-0.0044659
0.65157,-0.00448
0.66159,-0.0045039
0.67162,-0.0045006
0.68164,-0.0044802
0.69166,-0.0044779
0.70169,-0.0044798
0.71171,-0.004484
0.72174,-0.0044863
0.73176,-0.0044716
0.74178,-0.0044617
0.75181,-0.0045249
0.76183,-0.0045702
0.77186,-0.0046188
0.78188,-0.0046556
0.7919,-0.0046753
0.80193,-0.0046746
0.81195,-0.0046826
0.82198,-0.0046716
0.832,-0.0046634
0.84202,-0.0046757
0.85205,-0.0046722
0.86207,-0.0047154
0.8721,-0.0047611
0.88212,-0.0048233
0.89215,-0.0048345
0.90217,-0.0048567
0.91219,-0.004876
0.92222,-0.0049012
0.93224,-0.0048929
0.94227,-0.0049013
0.95229,-0.0049037
0.96231,-0.004907
0.97234,-0.0049221
0.98236,-0.0049219
0.99239,-0.0049269
1.0024,-0.0049458
1.0124,-0.0049531
1.0225,-0.004958
1.0325,-0.0049707
1.0425,-0.0049895
1.0525,-0.0050019
1.0626,-0.0050323
1.0726,-0.0050575
1.0826,-0.0050684
1.0926,-0.0050676
1.1027,-0.0050756
1.1127,-0.0050748
1.1227,-0.0050827
1.1327,-0.0050934
1.1427,-0.0051002
1.1528,-0.0051133
1.1628,-0.005121
1.1728,-0.0051443
1.1828,-0.0051457
1.1929,-0.0051397
1.2029,-0.0051182
1.2129,-0.0050923
1.2229,-0.0050887
1.233,-0.0050954
1.243,-0.0050965
1.253,-0.0050988
1.263,-0.005088
1.2731,-0.0050286
1.2831,-0.0050027
1.2931,-0.0050029
1.3031,-0.0049968
1.3132,-0.005008
1.3232,-0.0049995
1.3332,-0.0049978
1.3432,-0.0050258
1.3533,-0.0050319
1.3633,-0.0050215
1.3733,-0.0050165
1.3833,-0.0050033
1.3934,-0.0050182
1.4034,-0.0050133
1.4134,-0.0050077
1.4234,-0.0049948
1.4334,-0.0049789
1.4435,-0.004946
1.4535,-0.0049166
1.4635,-0.0049083
1.4735,-0.0049025
1.4836,-0.0048995
1.4936,-0.0048986
1.5036,-0.0048824
1.5136,-0.0048402
1.5237,-0.004791
1.5337,-0.0047502
1.5437,-0.0047406
1.5537,-0.0047266
1.5638,-0.0047038
1.5738,-0.004698
1.5838,-0.0047066
1.5938,-0.0047013
1.6039,-0.0047102
1.6139,-0.00471
1.6239,-0.0047095
1.6339,-0.0046726
1.644,-0.0046228
1.654,-0.0046154
1.664,-0.0046058
1.674,-0.0046025
1.684,-0.0045708
1.6941,-0.0045462
1.7041,-0.00452
1.7141,-0.0045077
1.7241,-0.0045006
1.7342,-0.0044923
1.7442,-0.0044718
1.7542,-0.0044474
1.7642,-0.0044363
1.7743,-0.0044033
1.7843,-0.0043983
1.7943,-0.0044057
1.8043,-0.0043784
1.8144,-0.0043584
1.8244,-0.0043388
1.8344,-0.0043199
1.8444,-0.0043127
1.8545,-0.0042903
1.8645,-0.0042635
1.8745,-0.0042661
1.8845,-0.0042594
1.8946,-0.0042405
1.9046,-0.0042357
1.9146,-0.0042212
1.9246,-0.0042013
1.9347,-0.0041842
1.9447,-0.0041723
1.9547,-0.0041517
1.9647,-0.0041139
1.9747,-0.0040717
1.9848,-0.0040586
1.9948,-0.004052
2.0048,-0.0040326
2.0148,-0.0040271
2.0249,-0.0040302
2.0349,-0.0040486
2.0449,-0.0040647
2.0549,-0.0040753
2.065,-0.0040908
2.075,-0.0041031
2.085,-0.0041062
2.095,-0.0041175
2.1051,-0.0041209
2.1151,-0.00413
2.1251,-0.004136
2.1351,-0.0041488
2.1452,-0.0041728
2.1552,-0.0042026
2.1652,-0.0042057
2.1752,-0.0042155
2.1853,-0.0042375
2.1953,-0.0042567
2.2053,-0.0042789
2.2153,-0.0042988
2.2254,-0.0043221
2.2354,-0.0043515
2.2454,-0.0043664
2.2554,-0.0043953
2.2654,-0.0044198
2.2755,-0.004437
2.2855,-0.0044551
2.2955,-0.004465
2.3055,-0.0044772
2.3156,-0.004489
2.3256,-0.004505
2.3356,-0.0045136
2.3456,-0.0045054
2.3557,-0.0044984
2.3657,-0.0045081
2.3757,-0.0045246
2.3857,-0.0045369
2.3958,-0.0045606
2.4058,-0.0045943
2.4158,-0.0046205
2.4258,-0.0046308
2.4359,-0.0046419
2.4459,-0.0046669
2.4559,-0.0046886
2.4659,-0.0047034
2.476,-0.004707
2.486,-0.0047022
2.496,-0.0047005
2.506,-0.0047054
2.5161,-0.0047177
2.5261,-0.0047201
2.5361,-0.0047158
2.5461,-0.0047289
2.5561,-0.0047557
2.5662,-0.0047741
2.5762,-0.0047915
2.5862,-0.0048089
2.5962,-0.0048409
2.6063,-0.0048713
2.6163,-0.0048963
2.6263,-0.0049182
2.6363,-0.004936
2.6464,-0.0049627
2.6564,-0.0049893
2.6664,-0.0050079
2.6764,-0.0050345
2.6865,-0.0050537
2.6965,-0.0050829
2.7065,-0.0050958
2.7165,-0.0050955
2.7266,-0.0051029
2.7366,-0.0051089
2.7466,-0.0051175
2.7566,-0.0051318
2.7667,-0.0051353
2.7767,-0.0051229
2.7867,-0.0051115
2.7967,-0.0051068
2.8067,-0.0050892
2.8168,-0.0050721
2.8268,-0.0050629
2.8368,-0.0050573
2.8468,-0.0050509
2.8569,-0.0050352
2.8669,-0.0050241
2.8769,-0.0050039
2.8869,-0.00498
2.897,-0.0049607
2.907,-0.0049528
2.917,-0.0049264
2.927,-0.0048986
2.9371,-0.0048818
2.9471,-0.0048538
2.9571,-0.0048175
2.9671,-0.0047911
2.9772,-0.0047498
2.9872,-0.0047237
2.9972,-0.0046926
3.0072,-0.0046495
3.0173,-0.0045901
3.0273,-0.0045504
3.0373,-0.0045247
3.0473,-0.0044965
3.0574,-0.0044819
3.0674,-0.0044558
3.0774,-0.0044334
3.0874,-0.0043974
3.0974,-0.004355
3.1075,-0.0043342
3.1175,-0.0043132
3.1275,-0.0042909
3.1375,-0.004245
3.1476,-0.0041794
3.1576,-0.0041114
3.1676,-0.0040651
3.1776,-0.0040174
3.1877,-0.003973
3.1977,-0.0039279
3.2077,-0.0038602
3.2177,-0.0037841
3.2278,-0.0037202
3.2378,-0.0036587
3.2478,-0.0035994
3.2578,-0.0035269
3.2679,-0.0034444
3.2779,-0.0033841
3.2879,-0.0033194
3.2979,-0.0032581
3.308,-0.0031943
3.318,-0.0031376
3.328,-0.0030753
3.338,-0.003016
3.3481,-0.0029541
3.3581,-0.0028942
3.3681,-0.0028255
3.3781,-0.0027612
3.3881,-0.0026861
3.3982,-0.00262
3.4082,-0.0025608
3.4182,-0.0025191
3.4282,-0.00245
3.4383,-0.0023728
3.4483,-0.0023034
3.4583,-0.0022288
3.4683,-0.0021478
3.4784,-0.0020679
3.4884,-0.0019865
3.4984,-0.00191
3.5084,-0.0018419
3.5185,-0.0017773
3.5285,-0.0017163
3.5385,-0.001644
3.5485,-0.0015675
3.5586,-0.0014886
3.5686,-0.0014056
3.5786,-0.0013234
3.5886,-0.0012512
3.5987,-0.0011833
3.6087,-0.0011079
3.6187,-0.0010172
3.6287,-0.00093432
3.6388,-0.00085357
3.6488,-0.00078648
3.6588,-0.00071486
3.6688,-0.00062631
3.6788,-0.00054721
3.6889,-0.00046653
3.6989,-0.00037996
3.7089,-0.0002936
3.7189,-0.00020641
3.729,-0.00013052
3.739,-5.3147e-005
3.749,6.2184e-006
3.759,7.3494e-005
3.7691,0.00015228
3.7791,0.00022917
3.7891,0.00030621
3.7991,0.00039942
3.8092,0.0005066
3.8192,0.00059846
3.8292,0.00068292
3.8392,0.00076579
3.8493,0.0008551
3.8593,0.0009404
3.8693,0.0010327
3.8793,0.0011104
3.8894,0.0011857
3.8994,0.001259
3.9094,0.0013214
3.9194,0.0013862
3.9294,0.0014652
3.9395,0.0015512
3.9495,0.0016267
3.9595,0.0017089
3.9695,0.0018054
3.9796,0.0018989
3.9896,0.0019758
3.9996,0.0020562
4.0096,0.0021458
4.0197,0.0022473
4.0297,0.0023367
4.0397,0.0024296
4.0497,0.0025133
4.0598,0.0025976
4.0698,0.0026768
4.0798,0.0027586
4.0898,0.0028392
4.0999,0.002911
4.1099,0.0030096
4.1199,0.0030961
4.1299,0.0031925
4.14,0.003293
4.15,0.0033848
4.16,0.0034584
4.17,0.0035415
4.1801,0.0036283
4.1901,0.0037052
4.2001,0.0037819
4.2101,0.0038607
4.2201,0.0039468
4.2302,0.0040322
4.2402,0.0041092
4.2502,0.004191
4.2602,0.004282
4.2703,0.0043521
4.2803,0.0044265
4.2903,0.0045057
4.3003,0.0045724
4.3104,0.0046463
4.3204,0.0047239
4.3304,0.0047923
4.3404,0.0048566
4.3505,0.0049247
4.3605,0.0049934
4.3705,0.0050776
4.3805,0.0051466
4.3906,0.0051995
4.4006,0.005247
4.4106,0.005298
4.4206,0.0053613
4.4307,0.005415
4.4407,0.0054664
4.4507,0.0055149
4.4607,0.0055596
4.4708,0.0056099
4.4808,0.0056613
4.4908,0.0057036
4.5008,0.0057486
4.5108,0.0057937
4.5209,0.0058382
4.5309,0.0058874
4.5409,0.005926
4.5509,0.0059749
4.561,0.0060199
4.571,0.0060721
4.581,0.0061225
4.591,0.0061914
4.6011,0.0062492
4.6111,0.0063129
4.6211,0.0063845
4.6311,0.0064416
4.6412,0.0065036
4.6512,0.0065496
4.6612,0.0066034
4.6712,0.0066486
4.6813,0.0067066
4.6913,0.0067565
4.7013,0.0068101
4.7113,0.00687
4.7214,0.0069082
4.7314,0.0069626
4.7414,0.0070018
4.7514,0.0070585
4.7615,0.0071048
4.7715,0.0071551
4.7815,0.0072071
4.7915,0.007255
4.8015,0.0072921
4.8116,0.0073317
4.8216,0.0073754
4.8316,0.0074153
4.8416,0.0074589
4.8517,0.0075031
4.8617,0.0075377
4.8717,0.0075891
4.8817,0.0076328
4.8918,0.0076695
4.9018,0.0077103
4.9118,0.0077618
4.9218,0.0078082
4.9319,0.0078458
4.9419,0.0078785
4.9519,0.0079064
4.9619,0.0079378
4.972,0.0079713
4.982,0.0079998
4.992,0.0080318
5.002,0.0080651
5.0121,0.0080937
5.0221,0.0081305
5.0321,0.008149
5.0421,0.0081773
5.0521,0.0082167
5.0622,0.0082622
5.0722,0.0082987
5.0822,0.0083352
5.0922,0.0083736
5.1023,0.0084111
5.1123,0.0084459
5.1223,0.0084795
5.1323,0.0085239
5.1424,0.0085565
5.1524,0.0085831
5.1624,0.008618
5.1724,0.0086483
5.1825,0.008685
5.1925,0.0087018
5.2025,0.0087282
5.2125,0.0087599
5.2226,0.0087928
5.2326,0.0088195
5.2426,0.0088444
5.2526,0.0088728
5.2627,0.0089043
5.2727,0.0089533
5.2827,0.0089918
5.2927,0.0090433
5.3028,0.0090839
5.3128,0.0091185
5.3228,0.0091609
5.3328,0.009192
5.3428,0.0092251
5.3529,0.0092537
5.3629,0.0092733
5.3729,0.0093045
5.3829,0.0093304
5.393,0.0093568
5.403,0.0093948
5.413,0.0094267
5.423,0.0094575
5.4331,0.0094983
5.4431,0.0095439
5.4531,0.0095667
5.4631,0.0095849
5.4732,0.0096054
5.4832,0.0096165
5.4932,0.0096311
5.5032,0.0096482
5.5133,0.0096642
5.5233,0.0096891
5.5333,0.0097091
5.5433,0.0097332
5.5534,0.009752
5.5634,0.0097716
5.5734,0.0097984
5.5834,0.0098309
5.5935,0.0098596
5.6035,0.0098691
5.6135,0.0098967
5.6235,0.0099291
5.6335,0.0099478
5.6436,0.0099708
5.6536,0.0099964
5.6636,0.010026
5.6736,0.010057
5.6837,0.010101
5.6937,0.010143
5.7037,0.010189
5.7137,0.01023
5.7238,0.010278
5.7338,0.010322
5.7438,0.010363
5.7538,0.01042
5.7639,0.010472
5.7739,0.010531
5.7839,0.010581
5.7939,0.010623
5.804,0.010681
5.814,0.010733
5.824,0.010779
5.834,0.01082
5.8441,0.010859
5.8541,0.010886
5.8641,0.010915
5.8741,0.01095
5.8842,0.010984
5.8942,0.011024
5.9042,0.011067
5.9142,0.011102
5.9242,0.011144
5.9343,0.011187
5.9443,0.011215
5.9543,0.011238
5.9643,0.011252
5.9744,0.011277
5.9844,0.01131
5.9944,0.011343
6.0044,0.011394
6.0145,0.011423
6.0245,0.011467
6.0345,0.011502
6.0445,0.011537
6.0546,0.011574
6.0646,0.011613
6.0746,0.011665
6.0846,0.011713
6.0947,0.01177
6.1047,0.011822
6.1147,0.011858
6.1247,0.011906
6.1348,0.011964
6.1448,0.01202
6.1548,0.012065
6.1648,0.012102
6.1748,0.012136
6.1849,0.012169
6.1949,0.012212
6.2049,0.012251
6.2149,0.012294
6.225,0.012335
6.235,0.012375
6.245,0.012416
6.255,0.01246
6.2651,0.01251
6.2751,0.012551
6.2851,0.012591
6.2951,0.012642
6.3052,0.012687
6.3152,0.01274
6.3252,0.012801
6.3352,0.012842
6.3453,0.0129
6.3553,0.012962
6.3653,0.013016
6.3753,0.013056
6.3854,0.013097
6.3954,0.013137
6.4054,0.013194
6.4154,0.013258
6.4255,0.01331
6.4355,0.01335
6.4455,0.013395
6.4555,0.013443
6.4655,0.013496
6.4756,0.013549
6.4856,0.013596
6.4956,0.013641
6.5056,0.013685
6.5157,0.013718
6.5257,0.013757
6.5357,0.013808
6.5457,0.013851
6.5558,0.013907
6.5658,0.013954
6.5758,0.013989
6.5858,0.014022
6.5959,0.014063
6.6059,0.014109
6.6159,0.01415
6.6259,0.01419
6.636,0.014246
6.646,0.014297
6.656,0.014347
6.666,0.014384
6.6761,0.014427
6.6861,0.014478
6.6961,0.014521
6.7061,0.014557
6.7162,0.014588
6.7262,0.014622
6.7362,0.01466
6.7462,0.014691
6.7562,0.014715
6.7663,0.01475
6.7763,0.01478
6.7863,0.014813
6.7963,0.014843
6.8064,0.014874
6.8164,0.0149
6.8264,0.014929
6.8364,0.014951
6.8465,0.014971
6.8565,0.014996
6.8665,0.015019
6.8765,0.015037
6.8866,0.015058
6.8966,0.015084
6.9066,0.015101
6.9166,0.015127
6.9267,0.015154
6.9367,0.015176
6.9467,0.015202
6.9567,0.015224
6.9668,0.01524
6.9768,0.01527
6.9868,0.0153
6.9968,0.015333
7.0069,0.015351
7.0169,0.015384
7.0269,0.015408
7.0369,0.01543
7.0469,0.015454
7.057,0.015474
7.067,0.015498
7.077,0.015516
7.087,0.015533
7.0971,0.015555
7.1071,0.015572
7.1171,0.015602
7.1271,0.015597
7.1372,0.0156
7.1472,0.015611
7.1572,0.015618
7.1672,0.01562
7.1773,0.015632
7.1873,0.015635
7.1973,0.015644
7.2073,0.015642
7.2174,0.015644
7.2274,0.015645
7.2374,0.015648
7.2474,0.015644
7.2575,0.015643
7.2675,0.015648
7.2775,0.015648
7.2875,0.015644
7.2975,0.015646
7.3076,0.015647
7.3176,0.01566
7.3276,0.015662
7.3376,0.015649
7.3477,0.015639
7.3577,0.015632
7.3677,0.015636
7.3777,0.015645
7.3878,0.015644
7.3978,0.015636
7.4078,0.015627
7.4178,0.015616
7.4279,0.015611
7.4379,0.015615
7.4479,0.015605
7.4579,0.015578
7.468,0.01554
7.478,0.015522
7.488,0.015504
7.498,0.01547
7.5081,0.015458
7.5181,0.015435
7.5281,0.015411
7.5381,0.015396
7.5482,0.015374
7.5582,0.015341
7.5682,0.015316
7.5782,0.015286
7.5882,0.015249
7.5983,0.015233
7.6083,0.015215
7.6183,0.015191
7.6283,0.015156
7.6384,0.015125
7.6484,0.015092
7.6584,0.015063
7.6684,0.015046
7.6785,0.015021
7.6885,0.015008
7.6985,0.014969
7.7085,0.014941
7.7186,0.014923
7.7286,0.014902
7.7386,0.014857
7.7486,0.014833
7.7587,0.014804
7.7687,0.014779
7.7787,0.014763
7.7887,0.014725
7.7988,0.014692
7.8088,0.01466
7.8188,0.014621
7.8288,0.014576
7.8389,0.014539
7.8489,0.014498
7.8589,0.014464
7.8689,0.014408
7.8789,0.014352
7.889,0.01433
7.899,0.014312
7.909,0.014279
7.919,0.014248
7.9291,0.014205
7.9391,0.014171
7.9491,0.014125
7.9591,0.014085
7.9692,0.014029
7.9792,0.013986
7.9892,0.013939
7.9992,0.013877
8.0093,0.013832
8.0193,0.013785
8.0293,0.013741
8.0393,0.013686
8.0494,0.013637
8.0594,0.013616
8.0694,0.013594
8.0794,0.013543
8.0895,0.013514
8.0995,0.013483
8.1095,0.013444
8.1195,0.013422
8.1295,0.013386
8.1396,0.013353
8.1496,0.01332
8.1596,0.01328
8.1696,0.01323
8.1797,0.013182
8.1897,0.013132
8.1997,0.013088
8.2097,0.013041
8.2198,0.01298
8.2298,0.012924
8.2398,0.012861
8.2498,0.012797
8.2599,0.012733
8.2699,0.012661
8.2799,0.012586
8.2899,0.012493
8.3,0.012411
8.31,0.012322
8.32,0.012226
8.33,0.012131
8.3401,0.012033
8.3501,0.01195
8.3601,0.011871
8.3701,0.011798
8.3802,0.011728
8.3902,0.011634
8.4002,0.011554
8.4102,0.011467
8.4202,0.011394
8.4303,0.011312
8.4403,0.01122
8.4503,0.01112
8.4603,0.011026
8.4704,0.010937
8.4804,0.010852
8.4904,0.010763
8.5004,0.010671
8.5105,0.010575
8.5205,0.010461
8.5305,0.010362
8.5405,0.010254
8.5506,0.010123
8.5606,0.010012
8.5706,0.0099125
8.5806,0.0097996
8.5907,0.0097039
8.6007,0.0096139
8.6107,0.0095028
8.6207,0.0094024
8.6308,0.0093034
8.6408,0.0092023
8.6508,0.0091079
8.6608,0.0090138
8.6709,0.0089185
8.6809,0.0088337
8.6909,0.0087554
8.7009,0.0086848
8.7109,0.0086117
8.721,0.0085352
8.731,0.0084638
8.741,0.0083851
8.751,0.0083151
8.7611,0.0082582
8.7711,0.0081934
8.7811,0.0081291
8.7911,0.0080671
8.8012,0.0080191
8.8112,0.0079704
8.8212,0.0079248
8.8312,0.0078837
8.8413,0.0078583
8.8513,0.0078378
8.8613,0.0078253
8.8713,0.0078156
8.8814,0.0078143
8.8914,0.0078202
8.9014,0.0078237
8.9114,0.0078342
8.9215,0.0078515
8.9315,0.007874
8.9415,0.0079025
8.9515,0.0079352
8.9616,0.0079667
8.9716,0.0080058
8.9816,0.0080512
8.9916,0.008096
9.0016,0.0081604
9.0117,0.0082257
9.0217,0.008298
9.0317,0.0083719
9.0417,0.0084492
9.0518,0.0085272
9.0618,0.0086107
9.0718,0.0086964
9.0818,0.0087814
9.0919,0.0088713
9.1019,0.0089655
9.1119,0.0090623
9.1219,0.0091586
9.132,0.0092482
9.142,0.009337
9.152,0.0094391
9.162,0.0095455
9.1721,0.00965
9.1821,0.0097504
9.1921,0.0098617
9.2021,0.0099717
9.2122,0.010084
9.2222,0.01021
9.2322,0.010328
9.2422,0.010446
9.2522,0.010564
9.2623,0.010682
9.2723,0.010796
9.2823,0.010906
9.2923,0.011014
9.3024,0.011122
9.3124,0.011226
9.3224,0.011328
9.3324,0.011441
9.3425,0.011555
9.3525,0.011661
9.3625,0.011758
9.3725,0.011853
9.3826,0.011952
9.3926,0.012047
9.4026,0.012137
9.4126,0.012219
9.4227,0.012296
9.4327,0.012366
9.4427,0.012444
9.4527,0.012515
9.4628,0.012577
9.4728,0.012643
9.4828,0.012715
9.4928,0.012788
9.5029,0.01286
9.5129,0.012928
9.5229,0.012987
9.5329,0.013044
9.5429,0.013099
9.553,0.013145
9.563,0.013189
9.573,0.01324
9.583,0.01328
9.5931,0.013314
9.6031,0.013349
9.6131,0.013376
9.6231,0.013392
9.6332,0.013409
9.6432,0.013423
9.6532,0.013438
9.6632,0.013449
9.6733,0.01346
9.6833,0.013472
9.6933,0.013473
9.7033,0.013469
9.7134,0.01346
9.7234,0.013455
9.7334,0.01344
9.7434,0.013429
9.7535,0.013407
9.7635,0.013378
9.7735,0.013351
9.7835,0.013326
9.7936,0.013302
9.8036,0.013274
9.8136,0.013236
9.8236,0.013191
9.8336,0.013148
9.8437,0.013099
9.8537,0.013053
9.8637,0.013004
9.8737,0.012946
9.8838,0.012882
9.8938,0.012809
9.9038,0.012739
9.9138,0.012663
9.9239,0.012579
9.9339,0.012494
9.9439,0.0124
9.9539,0.012301
9.964,0.012203
9.974,0.012097
9.984,0.011986
9.994,0.011868
10.004,0.011747
10.014,0.011632
10.024,0.011514
10.034,0.011391
10.044,0.01127
10.054,0.011147
10.064,0.011018
10.074,0.010882
10.084,0.010748
10.094,0.01062
10.104,0.010495
10.114,0.010361
10.124,0.010228
10.134,0.010103
10.144,0.0099754
10.154,0.0098441
10.164,0.0097082
10.174,0.0095612
10.184,0.0094072
10.195,0.0092535
10.205,0.0091055
10.215,0.008961
10.225,0.0088142
10.235,0.0086658
10.245,0.0085214
10.255,0.0083769
10.265,0.0082312
10.275,0.0080896
10.285,0.0079548
10.295,0.0078228
10.305,0.0076993
10.315,0.0075788
10.325,0.0074556
10.335,0.0073369
10.345,0.0072241
10.355,0.0071006
10.365,0.0069737
10.375,0.0068578
10.385,0.0067464
10.395,0.0066421
10.405,0.0065338
10.415,0.006431
10.425,0.0063349
10.435,0.0062448
10.445,0.0061481
10.455,0.0060563
10.465,0.0059659
10.475,0.005886
10.485,0.0058166
10.495,0.0057525
10.505,0.0056874
10.515,0.0056133
10.525,0.0055407
10.535,0.0054753
10.545,0.0054216
10.555,0.0053697
10.565,0.0053263
10.575,0.0052881
10.585,0.0052523
10.595,0.0052153
10.606,0.0051847
10.616,0.0051522
10.626,0.0051205
10.636,0.0050934
10.646,0.005076
10.656,0.0050634
10.666,0.0050507
10.676,0.0050414
10.686,0.0050401
10.696,0.0050442
10.706,0.0050446
10.716,0.0050466
10.726,0.0050448
10.736,0.0050459
10.746,0.0050614
10.756,0.005078
10.766,0.0050871
10.776,0.005098
10.786,0.0051132
10.796,0.0051241
10.806,0.0051348
10.816,0.0051571
10.826,0.0051853
10.836,0.0052029
10.846,0.0052117
10.856,0.0052247
10.866,0.0052464
10.876,0.0052749
10.886,0.005297
10.896,0.0053334
10.906,0.0053766
10.916,0.0054157
10.926,0.0054443
10.936,0.0054716
10.946,0.0055066
10.956,0.0055455
10.966,0.0055801
10.976,0.0056165
10.986,0.0056464
10.996,0.0056669
11.006,0.0056812
11.016,0.0057048
11.027,0.0057288
11.037,0.0057616
11.047,0.0057886
11.057,0.0058243
11.067,0.0058548
11.077,0.0058893
11.087,0.00592
11.097,0.0059422
11.107,0.0059703
11.117,0.0060054
11.127,0.0060354
11.137,0.0060672
11.147,0.0061136
11.157,0.00615
11.167,0.006182
11.177,0.0062157
11.187,0.006244
11.197,0.0062772
11.207,0.0063156
11.217,0.0063492
11.227,0.0063768
11.237,0.0064
11.247,0.0064247
11.257,0.0064548
11.267,0.0064867
11.277,0.0065132
11.287,0.0065359
11.297,0.0065591
11.307,0.0065726
11.317,0.0065867
11.327,0.0066029
11.337,0.0066157
11.347,0.0066272
11.357,0.0066329
11.367,0.0066501
11.377,0.0066603
11.387,0.0066649
11.397,0.006671
11.407,0.0066827
11.417,0.006692
11.427,0.0066959
11.438,0.0067019
11.448,0.0066977
11.458,0.0066862
11.468,0.0066807
11.478,0.0066727
11.488,0.0066605
11.498,0.0066394
11.508,0.0066167
11.518,0.0065907
11.528,0.0065645
11.538,0.0065451
11.548,0.0065232
11.558,0.0064983
11.568,0.0064819
11.578,0.006456
11.588,0.0064268
11.598,0.0063997
11.608,0.0063687
11.618,0.006331
11.628,0.0062939
11.638,0.0062708
11.648,0.0062468
11.658,0.0062062
11.668,0.0061637
11.678,0.0061258
11.688,0.0060918
11.698,0.0060619
11.708,0.006026
11.718,0.0059885
11.728,0.0059535
11.738,0.0059289
11.748,0.0058985
11.758,0.005875
11.768,0.0058454
11.778,0.0058226
11.788,0.0057995
11.798,0.0057799
11.808,0.0057619
11.818,0.0057354
11.828,0.0057153
11.838,0.0057032
11.848,0.0056957
11.859,0.0056853
11.869,0.0056749
11.879,0.0056587
11.889,0.0056426
11.899,0.0056281
11.909,0.0056113
11.919,0.0055974
11.929,0.0055845
11.939,0.0055725
11.949,0.0055627
11.959,0.0055514
11.969,0.0055365
11.979,0.0055268
11.989,0.0055166
11.999,0.0054898
12.009,0.0054635
12.019,0.0054372
12.029,0.0054037
12.039,0.0053657
12.049,0.0053297
12.059,0.0052922
12.069,0.0052526
12.079,0.0052158
12.089,0.0051789
12.099,0.0051294
12.109,0.0050815
12.119,0.0050334
12.129,0.0049793
12.139,0.004916
12.149,0.0048527
12.159,0.0047869
12.169,0.0047276
12.179,0.0046589
12.189,0.0045885
12.199,0.0045143
12.209,0.0044414
12.219,0.0043664
12.229,0.0042885
12.239,0.0042103
12.249,0.0041349
12.259,0.0040635
12.27,0.0039977
12.28,0.0039357
12.29,0.0038745
12.3,0.0038135
12.31,0.003753
12.32,0.0036987
12.33,0.0036383
12.34,0.0035793
12.35,0.0035243
12.36,0.0034801
12.37,0.0034332
12.38,0.0033903
12.39,0.0033682
12.4,0.0033554
12.41,0.0033478
12.42,0.0033554
12.43,0.0033834
12.44,0.0034255
12.45,0.003489
12.46,0.0035597
12.47,0.0036411
12.48,0.0037374
12.49,0.0038532
12.5,0.0039846
12.51,0.0041367
12.52,0.0043083
12.53,0.0044974
12.54,0.0047012
12.55,0.0049169
12.56,0.0051537
12.57,0.0054068
12.58,0.0056745
12.59,0.0059551
12.6,0.0062582
12.61,0.0065832
12.62,0.0069173
12.63,0.0072613
12.64,0.0076263
12.65,0.0080136
12.66,0.008408
12.67,0.0088066
12.68,0.0092095
12.691,0.0096121
12.701,0.010026
12.711,0.010443
12.721,0.010874
12.731,0.011303
12.741,0.011741
12.751,0.012173
12.761,0.012596
12.771,0.013013
12.781,0.013423
12.791,0.013822
12.801,0.014212
12.811,0.014579
12.821,0.014925
12.831,0.015254
12.841,0.015559
12.851,0.015834
12.861,0.016082
12.871,0.016293
12.881,0.016473
12.891,0.016612
12.901,0.016719
12.911,0.016786
12.921,0.016819
12.931,0.016807
12.941,0.016737
12.951,0.016626
12.961,0.016481
12.971,0.016291
12.981,0.016034
12.991,0.015727
13.001,0.015368
13.011,0.014958
13.021,0.0145
13.031,0.013993
13.041,0.013439
13.051,0.012836
13.061,0.012187
13.071,0.01149
13.081,0.010753
13.091,0.009966
13.102,0.0091255
13.112,0.0082496
13.122,0.0073278
13.132,0.0063703
13.142,0.0053835
13.152,0.0043567
13.162,0.0032955
13.172,0.0022096
13.182,0.0011011
13.192,-2.2329e-005
13.202,-0.0011591
13.212,-0.0023226
13.222,-0.0035098
13.232,-0.004693
13.242,-0.0058816
13.252,-0.0070729
13.262,-0.0082807
13.272,-0.0094915
13.282,-0.010715
13.292,-0.011929
13.302,-0.013133
13.312,-0.014331
13.322,-0.015511
13.332,-0.016672
13.342,-0.017809
13.352,-0.018939
13.362,-0.020052
13.372,-0.021137
13.382,-0.022199
13.392,-0.023233
13.402,-0.024237
13.412,-0.02521
13.422,-0.026157
13.432,-0.027077
13.442,-0.027964
13.452,-0.028817
13.462,-0.029642
13.472,-0.030435
13.482,-0.031194
13.492,-0.031926
13.502,-0.032625
13.512,-0.033298
13.523,-0.033941
13.533,-0.034553
13.543,-0.035135
13.553,-0.035679
13.563,-0.036201
13.573,-0.036701
13.583,-0.037175
13.593,-0.037622
13.603,-0.038056
13.613,-0.038471
13.623,-0.038869
13.633,-0.039255
13.643,-0.039624
13.653,-0.039976
13.663,-0.040319
13.673,-0.040654
13.683,-0.040988
13.693,-0.041319
13.703,-0.041648
13.713,-0.041973
13.723,-0.0423
13.733,-0.042627
13.743,-0.042956
13.753,-0.043281
13.763,-0.043602
13.773,-0.043926
13.783,-0.044263
13.793,-0.044604
13.803,-0.04495
13.813,-0.045297
13.823,-0.04565
13.833,-0.046002
13.843,-0.046361
13.853,-0.046714
13.863,-0.047073
13.873,-0.047436
13.883,-0.047797
13.893,-0.04816
13.903,-0.048524
13.913,-0.048888
13.923,-0.049242
13.934,-0.049596
13.944,-0.049949
13.954,-0.050295
13.964,-0.050637
13.974,-0.050977
13.984,-0.051315
13.994,-0.051653
14.004,-0.051967
14.014,-0.052271
14.024,-0.052563
14.034,-0.052839
14.044,-0.053091
14.054,-0.053318
14.064,-0.05352
14.074,-0.053711
14.084,-0.053853
14.094,-0.053985
14.104,-0.054095
14.114,-0.054162
14.124,-0.054214
14.134,-0.054209
14.144,-0.054174
14.154,-0.054107
14.164,-0.053998
14.174,-0.053841
14.184,-0.053633
14.194,-0.053381
14.204,-0.053084
14.214,-0.052724
14.224,-0.052326
14.234,-0.051889
14.244,-0.051366
14.254,-0.050826
14.264,-0.050213
14.274,-0.049597
14.284,-0.048892
14.294,-0.04821
14.304,-0.047518
14.314,-0.046788
14.324,-0.046075
14.334,-0.045328
14.344,-0.044593
14.355,-0.043861
14.365,-0.043127
14.375,-0.042397
14.385,-0.041639
14.395,-0.040915
14.405,-0.040146
14.415,-0.039422
14.425,-0.038722
14.435,-0.038035
14.445,-0.037368
14.455,-0.03671
14.465,-0.036063
14.475,-0.035419
14.485,-0.034788
14.495,-0.03419
14.505,-0.033635
14.515,-0.033109
14.525,-0.032619
14.535,-0.032149
14.545,-0.031733
14.555,-0.031356
14.565,-0.03102
14.575,-0.03074
14.585,-0.030497
14.595,-0.030313
14.605,-0.030195
14.615,-0.03015
14.625,-0.030172
14.635,-0.030248
14.645,-0.030393
14.655,-0.030593
14.665,-0.030887
14.675,-0.031265
14.685,-0.03172
14.695,-0.032266
14.705,-0.032904
14.715,-0.033628
14.725,-0.034426
14.735,-0.035405
14.745,-0.036553
14.755,-0.037836
14.766,-0.039285
14.776,-0.040751
14.786,-0.042358
14.796,-0.044224
14.806,-0.046151
14.816,-0.048126
14.826,-0.050391
14.836,-0.052709
14.846,-0.054965
14.856,-0.057627
14.866,-0.060269
14.876,-0.062816
14.886,-0.065537
14.896,-0.068284
14.906,-0.070941
14.916,-0.073881
14.926,-0.076747
14.936,-0.079533
14.946,-0.082584
14.956,-0.085618
14.966,-0.088736
14.976,-0.091926
14.986,-0.095287
14.996,-0.098755
15.006,-0.10223
15.016,-0.10588
15.026,-0.10977
15.036,-0.11372
15.046,-0.11757
15.056,-0.12171
15.066,-0.12591
15.076,-0.13046
15.086,-0.13495
15.096,-0.13953
15.106,-0.14394
15.116,-0.14849
15.126,-0.15335
15.136,-0.1581
15.146,-0.163
15.156,-0.1676
15.166,-0.17226
15.176,-0.17712
15.187,-0.18187
15.197,-0.18673
15.207,-0.19146
15.217,-0.19629
15.227,-0.20108
15.237,-0.2059
15.247,-0.21073
15.257,-0.2155
15.267,-0.22043
15.277,-0.22532
15.287,-0.23022
15.297,-0.23509
15.307,-0.23999
15.317,-0.24489
15.327,-0.24976
15.337,-0.25468
15.347,-0.25957
15.357,-0.26436
15.367,-0.26915
15.377,-0.27387
15.387,-0.27856
15.397,-0.28328
15.407,-0.28796
15.417,-0.29266
15.427,-0.29732
15.437,-0.30197
15.447,-0.30658
15.457,-0.31121
15.467,-0.31576
15.477,-0.32028
15.487,-0.32483
15.497,-0.32929
15.507,-0.33373
15.517,-0.3381
15.527,-0.34246
15.537,-0.34681
15.547,-0.3511
15.557,-0.35537
15.567,-0.35957
15.577,-0.36375
15.587,-0.3679
15.598,-0.37197
15.608,-0.37597
15.618,-0.37991
15.628,-0.38387
15.638,-0.38779
15.648,-0.39167
15.658,-0.39554
15.668,-0.39942
15.678,-0.40329
15.688,-0.40715
15.698,-0.41106
15.708,-0.41501
15.718,-0.41895
15.728,-0.42291
15.738,-0.42688
15.748,-0.43083
15.758,-0.43472
15.768,-0.43862
15.778,-0.44253
15.788,-0.44644
15.798,-0.45036
15.808,-0.45429
15.818,-0.4582
15.828,-0.46211
15.838,-0.46605
15.848,-0.47008
15.858,-0.47418
15.868,-0.4783
15.878,-0.48254
15.888,-0.48682
15.898,-0.49117
15.908,-0.4956
15.918,-0.50006
15.928,-0.50462
15.938,-0.50927
15.948,-0.51407
15.958,-0.51892
15.968,-0.52391
15.978,-0.52904
15.988,-0.5343
15.998,-0.5397
16.008,-0.5452
16.019,-0.55083
16.029,-0.55663
16.039,-0.56254
16.049,-0.5686
16.059,-0.57487
16.069,-0.58131
16.079,-0.58789
16.089,-0.59461
16.099,-0.60145
16.109,-0.60851
16.119,-0.6158
16.129,-0.62326
16.139,-0.63088
16.149,-0.63862
16.159,-0.64649
16.169,-0.65449
16.179,-0.6627
16.189,-0.67108
16.199,-0.67961
16.209,-0.68834
16.219,-0.69727
16.229,-0.70632
16.239,-0.7155
16.249,-0.72485
16.259,-0.73428
16.269,-0.74382
16.279,-0.75343
16.289,-0.7632
16.299,-0.77307
16.309,-0.78303
16.319,-0.79298
16.329,-0.80296
16.339,-0.81292
16.349,-0.82287
16.359,-0.83276
16.369,-0.8426
16.379,-0.85242
16.389,-0.86214
16.399,-0.87177
16.409,-0.88129
16.419,-0.8907
16.43,-0.89997
16.44,-0.90905
16.45,-0.91789
16.46,-0.92649
16.47,-0.93482
16.48,-0.94278
16.49,-0.95039
16.5,-0.9576
16.51,-0.96442
16.52,-0.9708
16.53,-0.97669
16.54,-0.98198
16.55,-0.98671
16.56,-0.99084
16.57,-0.99435
16.58,-0.99718
16.59,-0.99933
16.6,-1.0007
16.61,-1.0014
16.62,-1.0012
16.63,-1.0002
16.64,-0.99829
16.65,-0.99546
16.66,-0.99173
16.67,-0.98702
16.68,-0.98131
16.69,-0.97461
16.7,-0.96678
16.71,-0.9579
16.72,-0.94791
16.73,-0.93685
16.74,-0.9247
16.75,-0.91146
16.76,-0.89711
16.77,-0.88168
16.78,-0.86507
16.79,-0.84722
16.8,-0.82824
16.81,-0.80796
16.82,-0.78655
16.83,-0.76382
16.84,-0.74002
16.851,-0.71515
16.861,-0.68897
16.871,-0.66174
16.881,-0.63346
16.891,-0.60418
16.901,-0.57381
16.911,-0.54233
16.921,-0.50996
16.931,-0.47685
16.941,-0.44274
16.951,-0.40786
16.961,-0.37206
16.971,-0.33561
16.981,-0.2984
16.991,-0.26041
17.001,-0.22181
17.011,-0.18253
17.021,-0.14275
17.031,-0.10222
17.041,-0.061068
17.051,-0.019447
17.061,0.022255
17.071,0.06436
17.081,0.10671
17.091,0.14923
17.101,0.19185
17.111,0.23448
17.121,0.27709
17.131,0.3195
17.141,0.36187
17.151,0.40414
17.161,0.44593
17.171,0.48744
17.181,0.52857
17.191,0.56927
17.201,0.60959
17.211,0.64947
17.221,0.68899
17.231,0.72786
17.241,0.76613
17.251,0.80399
17.262,0.84094
17.272,0.87702
17.282,0.91237
17.292,0.9466
17.302,0.97993
17.312,1.0124
17.322,1.0439
17.332,1.0742
17.342,1.1032
17.352,1.1314
17.362,1.1585
17.372,1.1844
17.382,1.2091
17.392,1.2327
17.402,1.2551
17.412,1.2763
17.422,1.2963
17.432,1.3151
17.442,1.3327
17.452,1.349
17.462,1.3641
17.472,1.3779
17.482,1.3903
17.492,1.4015
17.502,1.4114
17.512,1.42
17.522,1.4272
17.532,1.4332
17.542,1.4379
17.552,1.4414
17.562,1.4436
17.572,1.4446
17.582,1.4443
17.592,1.4428
17.602,1.4401
17.612,1.4362
17.622,1.4311
17.632,1.4248
17.642,1.4174
17.652,1.4087
17.662,1.3989
17.672,1.388
17.683,1.3761
17.693,1.3631
17.703,1.349
17.713,1.334
17.723,1.318
17.733,1.3011
17.743,1.2833
17.753,1.2646
17.763,1.2449
17.773,1.2243
17.783,1.203
17.793,1.1809
17.803,1.158
17.813,1.1343
17.823,1.1099
17.833,1.0847
17.843,1.0588
17.853,1.0323
17.863,1.0052
17.873,0.97766
17.883,0.94957
17.893,0.92101
17.903,0.89209
17.913,0.8629
17.923,0.83343
17.933,0.80378
17.943,0.77384
17.953,0.74373
17.963,0.71338
17.973,0.68299
17.983,0.65249
17.993,0.62196
18.003,0.59138
18.013,0.56092
18.023,0.53056
18.033,0.50012
18.043,0.46964
18.053,0.43946
18.063,0.40959
18.073,0.37994
18.083,0.35027
18.094,0.32103
18.104,0.29224
18.114,0.26384
18.124,0.23594
18.134,0.20845
18.144,0.18153
18.154,0.15514
18.164,0.1293
18.174,0.10397
18.184,0.079328
18.194,0.055244
18.204,0.031812
18.214,0.0087704
18.224,-0.013477
18.234,-0.034956
18.244,-0.055794
18.254,-0.075769
18.264,-0.094856
18.274,-0.11313
18.284,-0.13036
18.294,-0.14662
18.304,-0.1619
18.314,-0.17622
18.324,-0.18945
18.334,-0.20152
18.344,-0.2126
18.354,-0.2226
18.364,-0.23149
18.374,-0.23925
18.384,-0.24586
18.394,-0.25139
18.404,-0.25588
18.414,-0.25927
18.424,-0.26157
18.434,-0.26284
18.444,-0.26306
18.454,-0.26226
18.464,-0.26048
18.474,-0.25772
18.484,-0.25398
18.494,-0.24927
18.504,-0.24367
18.515,-0.23715
18.525,-0.22979
18.535,-0.22158
18.545,-0.21263
18.555,-0.20285
18.565,-0.19228
18.575,-0.18095
18.585,-0.16887
18.595,-0.1561
18.605,-0.14269
18.615,-0.12866
18.625,-0.1139
18.635,-0.098481
18.645,-0.082553
18.655,-0.066149
18.665,-0.04918
18.675,-0.031812
18.685,-0.014171
18.695,0.0039109
18.705,0.022401
18.715,0.041176
18.725,0.060344
18.735,0.079719
18.745,0.09926
18.755,0.11905
18.765,0.13907
18.775,0.15922
18.785,0.17944
18.795,0.19979
18.805,0.22039
18.815,0.24113
18.825,0.26176
18.835,0.28246
18.845,0.30322
18.855,0.32392
18.865,0.34472
18.875,0.36539
18.885,0.38594
18.895,0.4064
18.905,0.42676
18.915,0.44684
18.926,0.46675
18.936,0.48655
18.946,0.50627
18.956,0.52588
18.966,0.54526
18.976,0.56433
18.986,0.58327
18.996,0.60206
19.006,0.62061
19.016,0.6389
19.026,0.65706
19.036,0.67497
19.046,0.69251
19.056,0.70961
19.066,0.72635
19.076,0.74288
19.086,0.75895
19.096,0.77455
19.106,0.78985
19.116,0.80477
19.126,0.81934
19.136,0.83351
19.146,0.84728
19.156,0.86066
19.166,0.87368
19.176,0.8864
19.186,0.89872
19.196,0.91066
19.206,0.92217
19.216,0.93333
19.226,0.94412
19.236,0.9545
19.246,0.96449
19.256,0.97414
19.266,0.98332
19.276,0.9921
19.286,1.0004
19.296,1.0084
19.306,1.0159
19.316,1.023
19.326,1.0297
19.337,1.036
19.347,1.042
19.357,1.0476
19.367,1.0528
19.377,1.0576
19.387,1.0622
19.397,1.0664
19.407,1.0702
19.417,1.0737
19.427,1.0769
19.437,1.0797
19.447,1.0823
19.457,1.0845
19.467,1.0863
19.477,1.0879
19.487,1.0891
19.497,1.0901
19.507,1.0907
19.517,1.0911
19.527,1.0912
19.537,1.091
19.547,1.0905
19.557,1.0898
19.567,1.0888
19.577,1.0875
19.587,1.086
19.597,1.0842
19.607,1.0823
19.617,1.08
19.627,1.0775
19.637,1.0748
19.647,1.0719
19.657,1.0688
19.667,1.0654
19.677,1.0618
19.687,1.058
19.697,1.054
19.707,1.0499
19.717,1.0455
19.727,1.0409
19.737,1.0362
19.747,1.0313
19.758,1.0261
19.768,1.0208
19.778,1.0153
19.788,1.0096
19.798,1.0038
19.808,0.99766
19.818,0.99141
19.828,0.985
19.838,0.97835
19.848,0.9715
19.858,0.9645
19.868,0.95729
19.878,0.94991
19.888,0.9424
19.898,0.93471
19.908,0.92685
19.918,0.91885
19.928,0.91068
19.938,0.90233
19.948,0.89381
19.958,0.88515
19.968,0.87631
19.978,0.8673
19.988,0.85809
19.998,0.84869
20.008,0.83919
20.018,0.8295
20.028,0.81962
20.038,0.80955
20.048,0.79933
20.058,0.78899
20.068,0.77847
20.078,0.76775
20.088,0.757
20.098,0.74617
20.108,0.73511
20.118,0.72385
20.128,0.71237
20.138,0.70085
20.148,0.68918
20.158,0.67721
20.169,0.66508
20.179,0.65274
20.189,0.64025
20.199,0.62761
20.209,0.61479
20.219,0.60175
20.229,0.58859
20.239,0.57532
20.249,0.56192
20.259,0.54824
20.269,0.53443
20.279,0.52053
20.289,0.50657
20.299,0.49235
20.309,0.47807
20.319,0.46379
20.329,0.44936
20.339,0.43472
20.349,0.42002
20.359,0.4052
20.369,0.39021
20.379,0.3751
20.389,0.35983
20.399,0.34439
20.409,0.32884
20.419,0.31326
20.429,0.29748
20.439,0.28159
20.449,0.26556
20.459,0.24964
20.469,0.23368
20.479,0.21758
20.489,0.20141
20.499,0.18531
20.509,0.16913
20.519,0.15289
20.529,0.13667
20.539,0.12037
20.549,0.10419
20.559,0.087977
20.569,0.071725
20.579,0.055453
20.59,0.039123
20.6,0.022875
20.61,0.0066191
20.62,-0.0096847
20.63,-0.025793
20.64,-0.041872
20.65,-0.05803
20.66,-0.073926
20.67,-0.089696
20.68,-0.10546
20.69,-0.12125
20.7,-0.13683
20.71,-0.15225
20.72,-0.16771
20.73,-0.18303
20.74,-0.19816
20.75,-0.21319
20.76,-0.22812
20.77,-0.24301
20.78,-0.25771
20.79,-0.27229
20.8,-0.28684
20.81,-0.30129
20.82,-0.31557
20.83,-0.32975
20.84,-0.34369
20.85,-0.35745
20.86,-0.37112
20.87,-0.38468
20.88,-0.39802
20.89,-0.41116
20.9,-0.42428
20.91,-0.43723
20.92,-0.44998
20.93,-0.46256
20.94,-0.47507
20.95,-0.48739
20.96,-0.49959
20.97,-0.51175
20.98,-0.52378
20.99,-0.53559
21.001,-0.54732
21.011,-0.55896
21.021,-0.57044
21.031,-0.58175
21.041,-0.59296
21.051,-0.60405
21.061,-0.61501
21.071,-0.62579
21.081,-0.63642
21.091,-0.6469
21.101,-0.65723
21.111,-0.6674
21.121,-0.67737
21.131,-0.68727
21.141,-0.69704
21.151,-0.70665
21.161,-0.71611
21.171,-0.72541
21.181,-0.73456
21.191,-0.74362
21.201,-0.75251
21.211,-0.76122
21.221,-0.76976
21.231,-0.77816
21.241,-0.78638
21.251,-0.79439
21.261,-0.80219
21.271,-0.80979
21.281,-0.8172
21.291,-0.8244
21.301,-0.83138
21.311,-0.83811
21.321,-0.84462
21.331,-0.85096
21.341,-0.85707
21.351,-0.8629
21.361,-0.86854
21.371,-0.87393
21.381,-0.87908
21.391,-0.88395
21.401,-0.88857
21.411,-0.89291
21.422,-0.89699
21.432,-0.90081
21.442,-0.90435
21.452,-0.90761
21.462,-0.91056
21.472,-0.91323
21.482,-0.91561
21.492,-0.91769
21.502,-0.91948
21.512,-0.92098
21.522,-0.9222
21.532,-0.92313
21.542,-0.92377
21.552,-0.92414
21.562,-0.92422
21.572,-0.92402
21.582,-0.92354
21.592,-0.92279
21.602,-0.92176
21.612,-0.92046
21.622,-0.91888
21.632,-0.91704
21.642,-0.91493
21.652,-0.91258
21.662,-0.90995
21.672,-0.90709
21.682,-0.904
21.692,-0.90067
21.702,-0.89712
21.712,-0.89334
21.722,-0.88934
21.732,-0.88515
21.742,-0.88079
21.752,-0.87621
21.762,-0.87142
21.772,-0.86643
21.782,-0.86128
21.792,-0.85596
21.802,-0.8505
21.812,-0.84489
21.822,-0.83913
21.833,-0.83323
21.843,-0.8272
21.853,-0.82107
21.863,-0.81483
21.873,-0.80849
21.883,-0.80209
21.893,-0.79557
21.903,-0.78895
21.913,-0.78226
21.923,-0.77554
21.933,-0.76877
21.943,-0.76192
21.953,-0.755
21.963,-0.74807
21.973,-0.74105
21.983,-0.73396
21.993,-0.72683
22.003,-0.71968
22.013,-0.71248
22.023,-0.70527
22.033,-0.69806
22.043,-0.69082
22.053,-0.68354
22.063,-0.67621
22.073,-0.66893
22.083,-0.66163
22.093,-0.6543
22.103,-0.64703
22.113,-0.63979
22.123,-0.63255
22.133,-0.62533
22.143,-0.61811
22.153,-0.61091
22.163,-0.60376
22.173,-0.5966
22.183,-0.58947
22.193,-0.58236
22.203,-0.57531
22.213,-0.56828
22.223,-0.56131
22.233,-0.55438
22.243,-0.54748
22.254,-0.5406
22.264,-0.53378
22.274,-0.52704
22.284,-0.52033
22.294,-0.51363
22.304,-0.50703
22.314,-0.50051
22.324,-0.49402
22.334,-0.48756
22.344,-0.48114
22.354,-0.4748
22.364,-0.46852
22.374,-0.46231
22.384,-0.45614
22.394,-0.45
22.404,-0.4439
22.414,-0.43784
22.424,-0.43182
22.434,-0.42584
22.444,-0.41992
22.454,-0.41405
22.464,-0.40823
22.474,-0.40247
22.484,-0.39676
22.494,-0.3911
22.504,-0.3855
22.514,-0.37992
22.524,-0.37438
22.534,-0.36891
22.544,-0.36345
22.554,-0.35807
22.564,-0.35274
22.574,-0.3474
22.584,-0.34207
22.594,-0.33679
22.604,-0.33155
22.614,-0.32631
22.624,-0.32106
22.634,-0.31583
22.644,-0.31063
22.654,-0.30544
22.665,-0.30027
22.675,-0.29512
22.685,-0.29002
22.695,-0.28493
22.705,-0.27986
22.715,-0.2748
22.725,-0.26977
22.735,-0.26473
22.745,-0.25971
22.755,-0.25471
22.765,-0.24968
22.775,-0.24467
22.785,-0.23966
22.795,-0.23467
22.805,-0.22969
22.815,-0.22468
22.825,-0.21964
22.835,-0.2146
22.845,-0.20956
22.855,-0.2045
22.865,-0.19941
22.875,-0.1943
22.885,-0.18922
22.895,-0.18415
22.905,-0.17903
22.915,-0.17392
22.925,-0.1688
22.935,-0.16368
22.945,-0.15854
22.955,-0.15337
22.965,-0.14818
22.975,-0.14296
22.985,-0.13773
22.995,-0.13251
23.005,-0.12727
23.015,-0.12198
23.025,-0.11669
23.035,-0.11138
23.045,-0.10603
23.055,-0.10065
23.065,-0.095262
23.075,-0.089862
23.086,-0.084435
23.096,-0.079025
23.106,-0.073607
23.116,-0.068182
23.126,-0.062768
23.136,-0.057393
23.146,-0.052021
23.156,-0.046653
23.166,-0.041274
23.176,-0.035914
23.186,-0.030561
23.196,-0.02522
23.206,-0.019863
23.216,-0.014566
23.226,-0.0092907
23.236,-0.0040047
23.246,0.001235
23.256,0.0064863
23.266,0.011675
23.276,0.016822
23.286,0.021953
23.296,0.027024
23.306,0.032062
23.316,0.037044
23.326,0.041946
23.336,0.046786
23.346,0.051559
23.356,0.05627
23.366,0.06093
23.376,0.065522
23.386,0.070052
23.396,0.07455
23.406,0.078982
23.416,0.083334
23.426,0.087601
23.436,0.091808
23.446,0.095972
23.456,0.10006
23.466,0.10402
23.476,0.10792
23.486,0.11175
23.497,0.1155
23.507,0.11913
23.517,0.12268
23.527,0.12618
23.537,0.12961
23.547,0.13292
23.557,0.13612
23.567,0.1392
23.577,0.14222
23.587,0.14518
23.597,0.14804
23.607,0.15081
23.617,0.15349
23.627,0.15607
23.637,0.15856
23.647,0.16096
23.657,0.16327
23.667,0.16548
23.677,0.16761
23.687,0.16961
23.697,0.17153
23.707,0.17335
23.717,0.17511
23.727,0.17678
23.737,0.17832
23.747,0.17977
23.757,0.18111
23.767,0.18236
23.777,0.18351
23.787,0.18456
23.797,0.18551
23.807,0.18636
23.817,0.18712
23.827,0.18779
23.837,0.18836
23.847,0.18884
23.857,0.18922
23.867,0.18951
23.877,0.18972
23.887,0.18982
23.897,0.18983
23.907,0.18974
23.918,0.18956
23.928,0.18929
23.938,0.18893
23.948,0.18848
23.958,0.18795
23.968,0.18734
23.978,0.18665
23.988,0.18588
23.998,0.18503
24.008,0.1841
24.018,0.18309
24.028,0.18199
24.038,0.18081
24.048,0.17956
24.058,0.17823
24.068,0.17684
24.078,0.17537
24.088,0.17383
24.098,0.17222
24.108,0.17055
24.118,0.16883
24.128,0.16704
24.138,0.1652
24.148,0.16329
24.158,0.16133
24.168,0.15931
24.178,0.15726
24.188,0.15517
24.198,0.15302
24.208,0.15081
24.218,0.14855
24.228,0.14629
24.238,0.14399
24.248,0.14163
24.258,0.13922
24.268,0.13679
24.278,0.13434
24.288,0.13186
24.298,0.12936
24.308,0.12685
24.318,0.1243
24.329,0.12176
24.339,0.1192
24.349,0.11664
24.359,0.11407
24.369,0.11149
24.379,0.10891
24.389,0.10633
24.399,0.10375
24.409,0.10116
24.419,0.098585
24.429,0.096002
24.439,0.093416
24.449,0.090833
24.459,0.088258
24.469,0.085708
24.479,0.083152
24.489,0.080599
24.499,0.078067
24.509,0.075582
24.519,0.073106
24.529,0.070636
24.539,0.068203
24.549,0.065801
24.559,0.063425
24.569,0.061079
24.579,0.05874
24.589,0.056428
24.599,0.054137
24.609,0.05187
24.619,0.049643
24.629,0.047437
24.639,0.045237
24.649,0.043069
24.659,0.040919
24.669,0.038782
24.679,0.036661
24.689,0.034539
24.699,0.032455
24.709,0.030381
24.719,0.028322
24.729,0.026275
24.739,0.024236
24.75,0.02221
24.76,0.020218
24.77,0.018214
24.78,0.016222
24.79,0.014235
24.8,0.012246
24.81,0.010254
24.82,0.0082681
24.83,0.0062709
24.84,0.0042737
24.85,0.0022682
24.86,0.00024716
24.87,-0.0017884
24.88,-0.0038354
24.89,-0.0058637
24.9,-0.0079158
24.91,-0.010007
24.92,-0.012118
24.93,-0.014237
24.94,-0.016369
24.95,-0.018513
24.96,-0.02068
24.97,-0.022867
24.98,-0.025073
24.99,-0.027297
25,-0.029538
25.01,-0.031791
25.02,-0.034079
25.03,-0.036391
25.04,-0.038731
25.05,-0.041109
25.06,-0.04352
25.07,-0.045962
25.08,-0.048413
25.09,-0.050881
25.1,-0.053377
25.11,-0.055903
25.12,-0.058446
25.13,-0.061004
25.14,-0.063586
25.15,-0.06617
25.161,-0.068778
25.171,-0.071391
25.181,-0.073997
25.191,-0.076626
25.201,-0.079271
25.211,-0.081929
25.221,-0.084589
25.231,-0.087269
25.241,-0.089959
25.251,-0.092664
25.261,-0.095352
25.271,-0.098064
25.281,-0.10078
25.291,-0.10349
25.301,-0.1062
25.311,-0.10889
25.321,-0.11156
25.331,-0.11423
25.341,-0.1169
25.351,-0.11956
25.361,-0.12218
25.371,-0.12477
25.381,-0.12737
25.391,-0.12994
25.401,-0.13247
25.411,-0.13499
25.421,-0.13746
25.431,-0.13991
25.441,-0.14234
25.451,-0.14471
25.461,-0.14706
25.471,-0.14936
25.481,-0.15162
25.491,-0.15386
25.501,-0.15606
25.511,-0.1582
25.521,-0.1603
25.531,-0.16236
25.541,-0.16436
25.551,-0.1663
25.561,-0.16819
25.571,-0.17005
25.582,-0.17184
25.592,-0.17356
25.602,-0.17523
25.612,-0.17685
25.622,-0.17841
25.632,-0.17991
25.642,-0.18134
25.652,-0.18273
25.662,-0.18405
25.672,-0.18532
25.682,-0.18653
25.692,-0.18767
25.702,-0.18876
25.712,-0.18978
25.722,-0.19075
25.732,-0.19165
25.742,-0.1925
25.752,-0.19329
25.762,-0.19402
25.772,-0.19469
25.782,-0.1953
25.792,-0.19586
25.802,-0.19635
25.812,-0.19679
25.822,-0.19717
25.832,-0.19749
25.842,-0.19776
25.852,-0.19798
25.862,-0.19814
25.872,-0.19826
25.882,-0.19832
25.892,-0.19833
25.902,-0.19829
25.912,-0.19821
25.922,-0.19807
25.932,-0.1979
25.942,-0.19767
25.952,-0.1974
25.962,-0.19709
25.972,-0.19674
25.982,-0.19634
25.993,-0.19591
26.003,-0.19545
26.013,-0.19495
26.023,-0.19441
26.033,-0.19382
26.043,-0.19322
26.053,-0.19258
26.063,-0.19192
26.073,-0.19122
26.083,-0.19048
26.093,-0.18973
26.103,-0.18894
26.113,-0.18811
26.123,-0.18726
26.133,-0.18639
26.143,-0.18549
26.153,-0.18456
26.163,-0.18362
26.173,-0.18266
26.183,-0.18169
26.193,-0.1807
26.203,-0.1797
26.213,-0.17868
26.223,-0.17764
26.233,-0.17659
26.243,-0.17553
26.253,-0.17445
26.263,-0.17336
26.273,-0.17227
26.283,-0.17116
26.293,-0.17002
26.303,-0.16886
26.313,-0.16771
26.323,-0.16654
26.333,-0.16536
26.343,-0.16417
26.353,-0.16297
26.363,-0.16175
26.373,-0.16053
26.383,-0.1593
26.393,-0.15806
26.403,-0.15681
26.414,-0.15555
26.424,-0.15428
26.434,-0.15301
26.444,-0.15172
26.454,-0.15043
26.464,-0.14913
26.474,-0.14781
26.484,-0.14648
26.494,-0.14512
26.504,-0.14376
26.514,-0.14239
26.524,-0.14099
26.534,-0.13957
26.544,-0.13815
26.554,-0.13669
26.564,-0.13523
26.574,-0.13373
26.584,-0.13224
26.594,-0.13075
26.604,-0.12923
26.614,-0.12768
26.624,-0.12612
26.634,-0.12453
26.644,-0.12293
26.654,-0.12133
26.664,-0.1197
26.674,-0.11805
26.684,-0.11638
26.694,-0.11469
26.704,-0.11298
26.714,-0.11125
26.724,-0.1095
26.734,-0.10774
26.744,-0.10595
26.754,-0.10414
26.764,-0.10232
26.774,-0.10049
26.784,-0.098648
26.794,-0.096772
26.804,-0.09489
26.814,-0.092998
26.825,-0.091089
26.835,-0.089161
26.845,-0.08723
26.855,-0.085285
26.865,-0.083321
26.875,-0.081347
26.885,-0.079354
26.895,-0.077343
26.905,-0.075325
26.915,-0.073288
26.925,-0.07125
26.935,-0.069203
26.945,-0.067139
26.955,-0.06506
26.965,-0.062998
26.975,-0.060935
26.985,-0.058862
26.995,-0.056786
27.005,-0.054719
27.015,-0.052654
27.025,-0.050585
27.035,-0.048526
27.045,-0.046471
27.055,-0.044419
27.065,-0.04236
27.075,-0.040311
27.085,-0.038269
27.095,-0.036232
27.105,-0.034184
27.115,-0.032147
27.125,-0.030132
27.135,-0.028129
27.145,-0.026111
27.155,-0.024101
27.165,-0.022103
27.175,-0.020123
27.185,-0.018149
27.195,-0.01621
27.205,-0.014289
27.215,-0.012373
27.225,-0.010465
27.235,-0.0085806
27.246,-0.0067189
27.256,-0.0048843
27.266,-0.0030511
27.276,-0.0012441
27.286,0.00054858
27.296,0.0023356
27.306,0.0040901
27.316,0.0058119
27.326,0.0075291
27.336,0.0092208
27.346,0.010895
27.356,0.012545
27.366,0.014174
27.376,0.015789
27.386,0.017375
27.396,0.01893
27.406,0.020458
27.416,0.021954
27.426,0.023425
27.436,0.024869
27.446,0.026281
27.456,0.027659
27.466,0.029003
27.476,0.030314
27.486,0.031606
27.496,0.032859
27.506,0.034079
27.516,0.035272
27.526,0.036423
27.536,0.037535
27.546,0.038607
27.556,0.039649
27.566,0.040662
27.576,0.041634
27.586,0.042567
27.596,0.043461
27.606,0.044321
27.616,0.045137
27.626,0.045918
27.636,0.046669
27.646,0.047381
27.657,0.048053
27.667,0.048694
27.677,0.0493
27.687,0.049868
27.697,0.050394
27.707,0.050874
27.717,0.051317
27.727,0.051718
27.737,0.052075
27.747,0.052407
27.757,0.052692
27.767,0.052936
27.777,0.053148
27.787,0.053319
27.797,0.053461
27.807,0.053564
27.817,0.053634
27.827,0.053671
27.837,0.053664
27.847,0.053617
27.857,0.053535
27.867,0.053426
27.877,0.053286
27.887,0.05312
27.897,0.052923
27.907,0.052692
27.917,0.052436
27.927,0.052154
27.937,0.051846
27.947,0.051516
27.957,0.05116
27.967,0.050784
27.977,0.050383
27.987,0.04996
27.997,0.04952
28.007,0.04907
28.017,0.048603
28.027,0.048124
28.037,0.047621
28.047,0.047104
28.057,0.046579
28.067,0.046055
28.078,0.045528
28.088,0.044987
28.098,0.044435
28.108,0.043877
28.118,0.043317
28.128,0.042749
28.138,0.042178
28.148,0.041609
28.158,0.041039
28.168,0.040473
28.178,0.039911
28.188,0.039347
28.198,0.038792
28.208,0.038249
28.218,0.037722
28.228,0.037201
28.238,0.036695
28.248,0.036197
28.258,0.035719
28.268,0.035262
28.278,0.034811
28.288,0.034376
28.298,0.033973
28.308,0.033593
28.318,0.033236
28.328,0.0329
28.338,0.032594
28.348,0.032321
28.358,0.032078
28.368,0.03187
28.378,0.03168
28.388,0.031519
28.398,0.031391
28.408,0.031291
28.418,0.031223
28.428,0.031187
28.438,0.031187
28.448,0.031215
28.458,0.031277
28.468,0.031379
28.478,0.031521
28.489,0.031693
28.499,0.0319
28.509,0.032146
28.519,0.032421
28.529,0.032731
28.539,0.033088
28.549,0.033488
28.559,0.033925
28.569,0.0344
28.579,0.034911
28.589,0.035468
28.599,0.036054
28.609,0.036669
28.619,0.037322
28.629,0.038012
28.639,0.038728
28.649,0.039463
28.659,0.040225
28.669,0.041023
28.679,0.041849
28.689,0.042694
28.699,0.043555
28.709,0.044438
28.719,0.045337
28.729,0.046251
28.739,0.047187
28.749,0.048131
28.759,0.049089
28.769,0.050051
28.779,0.051012
28.789,0.051975
28.799,0.052928
28.809,0.053876
28.819,0.054817
28.829,0.055747
28.839,0.056655
28.849,0.057541
28.859,0.058404
28.869,0.059253
28.879,0.060075
28.889,0.060869
28.899,0.061628
28.91,0.062345
28.92,0.063028
28.93,0.063677
28.94,0.06429
28.95,0.064868
28.96,0.065396
28.97,0.065881
28.98,0.066321
28.99,0.066705
29,0.067046
29.01,0.067337
29.02,0.06758
29.03,0.067766
29.04,0.067899
29.05,0.067981
29.06,0.068011
29.07,0.067984
29.08,0.067901
29.09,0.06777
29.1,0.067585
29.11,0.067343
29.12,0.067051
29.13,0.06671
29.14,0.066326
29.15,0.0659
29.16,0.065421
29.17,0.064899
29.18,0.064338
29.19,0.063743
29.2,0.063108
29.21,0.062449
29.22,0.061775
29.23,0.06107
29.24,0.060338
29.25,0.059592
29.26,0.058839
29.27,0.058064
29.28,0.057272
29.29,0.056464
29.3,0.055638
29.31,0.054806
29.321,0.053969
29.331,0.05314
29.341,0.052306
29.351,0.051467
29.361,0.05063
29.371,0.049797
29.381,0.048972
29.391,0.048155
29.401,0.047345
29.411,0.046548
29.421,0.045762
29.431,0.044989
29.441,0.044223
29.451,0.043468
29.461,0.042723
29.471,0.041983
29.481,0.041255
29.491,0.040541
29.501,0.039836
29.511,0.039136
29.521,0.038446
29.531,0.037762
29.541,0.037087
29.551,0.036405
29.561,0.035723
29.571,0.035047
29.581,0.03437
29.591,0.033692
29.601,0.033007
29.611,0.03232
29.621,0.03163
29.631,0.030932
29.641,0.030217
29.651,0.029501
29.661,0.028772
29.671,0.028027
29.681,0.027267
29.691,0.02649
29.701,0.025701
29.711,0.024901
29.721,0.024086
29.731,0.023243
29.742,0.022383
29.752,0.021503
29.762,0.020606
29.772,0.019685
29.782,0.018746
29.792,0.017779
29.802,0.016793
29.812,0.015784
29.822,0.014756
29.832,0.013714
29.842,0.012646
29.852,0.011567
29.862,0.010483
29.872,0.009378
29.882,0.0082612
29.892,0.0071326
29.902,0.0059926
29.912,0.004841
29.922,0.0036829
29.932,0.0025185
29.942,0.0013488
29.952,0.00018035
29.962,-0.00097881
29.972,-0.0021292
29.982,-0.0032708
29.992,-0.0043949
30.002,-0.0054979
30.012,-0.0065879
30.022,-0.0076669
30.032,-0.0087147
30.042,-0.0097396
30.052,-0.010743
30.062,-0.011722
30.072,-0.012659
30.082,-0.01357
30.092,-0.014455
30.102,-0.015303
30.112,-0.016124
30.122,-0.016912
30.132,-0.017672
30.142,-0.018396
30.153,-0.019081
30.163,-0.019731
30.173,-0.02034
30.183,-0.020922
30.193,-0.021463
30.203,-0.021955
30.213,-0.022411
30.223,-0.022819
30.233,-0.023184
30.243,-0.0235
30.253,-0.023778
30.263,-0.024021
30.273,-0.024221
30.283,-0.024384
30.293,-0.024514
30.303,-0.024608
30.313,-0.024668
30.323,-0.024695
30.333,-0.024687
30.343,-0.02465
30.353,-0.024575
30.363,-0.024468
30.373,-0.024328
30.383,-0.02416
30.393,-0.02397
30.403,-0.023749
30.413,-0.02351
30.423,-0.023243
30.433,-0.022956
30.443,-0.022654
30.453,-0.022326
30.463,-0.02198
30.473,-0.021611
30.483,-0.021225
30.493,-0.020828
30.503,-0.020414
30.513,-0.019999
30.523,-0.019574
30.533,-0.019141
30.543,-0.018698
30.553,-0.018248
30.563,-0.01779
30.574,-0.017322
30.584,-0.01685
30.594,-0.016387
30.604,-0.015919
30.614,-0.015448
30.624,-0.014976
30.634,-0.014507
30.644,-0.014036
30.654,-0.013575
30.664,-0.013111
30.674,-0.012651
30.684,-0.012199
30.694,-0.011759
30.704,-0.011327
30.714,-0.010894
30.724,-0.010476
30.734,-0.010069
30.744,-0.0096675
30.754,-0.0092685
30.764,-0.0088704
30.774,-0.0084871
30.784,-0.0081147
30.794,-0.0077474
30.804,-0.0073884
30.814,-0.0070349
30.824,-0.0066906
30.834,-0.0063573
30.844,-0.0060315
30.854,-0.0057151
30.864,-0.0054017
30.874,-0.0050864
30.884,-0.0047739
30.894,-0.0044649
30.904,-0.0041636
30.914,-0.0038667
30.924,-0.0035684
30.934,-0.003264
30.944,-0.0029605
30.954,-0.0026624
30.964,-0.0023596
30.974,-0.0020554
30.985,-0.0017502
30.995,-0.0014347
31.005,-0.0011153
31.015,-0.00078706
31.025,-0.00044388
31.035,-9.773e-005
31.045,0.00026194
31.055,0.00062889
31.065,0.0010079
31.075,0.0013943
31.085,0.001795
31.095,0.0022147
31.105,0.0026463
31.115,0.0030925
31.125,0.0035528
31.135,0.0040288
31.145,0.0045185
31.155,0.0050303
31.165,0.00556
31.175,0.006104
31.185,0.0066574
31.195,0.0072286
31.205,0.00782
31.215,0.0084226
31.225,0.0090374
31.235,0.0096618
31.245,0.01029
31.255,0.010935
31.265,0.01158
31.275,0.012235
31.285,0.012896
31.295,0.013553
31.305,0.014215
31.315,0.01488
31.325,0.015542
31.335,0.0162
31.345,0.016855
31.355,0.017497
31.365,0.018124
31.375,0.018743
31.385,0.019355
31.395,0.01994
31.406,0.020504
31.416,0.021048
31.426,0.021568
31.436,0.022058
31.446,0.022518
31.456,0.022951
31.466,0.023353
31.476,0.023721
31.486,0.024058
31.496,0.024356
31.506,0.024623
31.516,0.024853
31.526,0.025044
31.536,0.0252
31.546,0.02532
31.556,0.025397
31.566,0.025429
31.576,0.025419
31.586,0.025371
31.596,0.025285
31.606,0.025163
31.616,0.024998
31.626,0.024796
31.636,0.024564
31.646,0.024304
31.656,0.024008
31.666,0.023682
31.676,0.023329
31.686,0.022947
31.696,0.022534
31.706,0.022102
31.716,0.021652
31.726,0.021188
31.736,0.020707
31.746,0.020213
31.756,0.019707
31.766,0.019185
31.776,0.018654
31.786,0.018117
31.796,0.017576
31.806,0.017037
31.817,0.0165
31.827,0.015962
31.837,0.01543
31.847,0.014914
31.857,0.014408
31.867,0.013912
31.877,0.013429
31.887,0.012965
31.897,0.012517
31.907,0.012087
31.917,0.011676
31.927,0.011289
31.937,0.010915
31.947,0.010565
31.957,0.010242
31.967,0.0099487
31.977,0.0096866
31.987,0.0094549
31.997,0.0092488
32.007,0.0090698
32.017,0.0089268
32.027,0.0088157
32.037,0.0087361
32.047,0.008681
32.057,0.0086594
32.067,0.008667
32.077,0.0087089
32.087,0.0087867
32.097,0.0088983
32.107,0.009042
32.117,0.0092184
32.127,0.009429
32.137,0.0096726
32.147,0.0099542
32.157,0.010267
32.167,0.010617
32.177,0.010991
32.187,0.011405
32.197,0.011853
32.207,0.012332
32.217,0.012834
32.228,0.013369
32.238,0.013934
32.248,0.014524
32.258,0.015152
32.268,0.015821
32.278,0.016511
32.288,0.01724
32.298,0.018021
32.308,0.018813
32.318,0.019698
32.328,0.020605
32.338,0.021541
32.348,0.022455
32.358,0.023329
32.368,0.024194
32.378,0.025057
32.388,0.025901
32.398,0.026739
32.408,0.027559
32.418,0.028375
32.428,0.02919
32.438,0.029997
32.448,0.030792
32.458,0.031579
32.468,0.032352
32.478,0.033108
32.488,0.033857
32.498,0.034599
32.508,0.035318
32.518,0.036014
32.528,0.036701
32.538,0.037377
32.548,0.038036
32.558,0.038682
32.568,0.039306
32.578,0.03991
32.588,0.040502
32.598,0.041064
32.608,0.0416
32.618,0.042115
32.628,0.042608
32.638,0.043075
32.649,0.043511
32.659,0.043919
32.669,0.044295
32.679,0.044638
32.689,0.044952
32.699,0.045241
32.709,0.045505
32.719,0.045749
32.729,0.045969
32.739,0.046164
32.749,0.046327
32.759,0.046469
32.769,0.046585
32.779,0.046688
32.789,0.046772
32.799,0.046836
32.809,0.046884
32.819,0.046922
32.829,0.046943
32.839,0.046956
32.849,0.046969
32.859,0.046968
32.869,0.04696
32.879,0.046947
32.889,0.046941
32.899,0.046929
32.909,0.046913
32.919,0.046897
32.929,0.046884
32.939,0.046871
32.949,0.046865
32.959,0.046865
32.969,0.046855
32.979,0.046849
32.989,0.046849
32.999,0.046844
33.009,0.046843
33.019,0.046836
33.029,0.046824
33.039,0.046811
33.049,0.046799
33.06,0.046788
33.07,0.046769
33.08,0.046751
33.09,0.046722
33.1,0.046685
33.11,0.046634
33.12,0.046574
33.13,0.046497
33.14,0.046396
33.15,0.046278
33.16,0.046138
33.17,0.045967
33.18,0.045774
33.19,0.045549
33.2,0.045291
33.21,0.045007
33.22,0.044696
33.23,0.044351
33.24,0.043959
33.25,0.043521
33.26,0.043042
33.27,0.042525
33.28,0.041965
33.29,0.041358
33.3,0.0407
33.31,0.039986
33.32,0.03922
33.33,0.038411
33.34,0.037558
33.35,0.036661
33.36,0.035708
33.37,0.034713
33.38,0.03368
33.39,0.03261
33.4,0.0315
33.41,0.030356
33.42,0.029189
33.43,0.027985
33.44,0.026747
33.45,0.02549
33.46,0.024202
33.47,0.022881
33.481,0.021549
33.491,0.020223
33.501,0.01888
33.511,0.017513
33.521,0.016154
33.531,0.014797
33.541,0.013441
33.551,0.012096
33.561,0.010774
33.571,0.0094681
33.581,0.0081845
33.591,0.0069211
33.601,0.0056877
33.611,0.0044849
33.621,0.0033299
33.631,0.0022101
33.641,0.0011295
33.651,9.2163e-005
33.661,-0.0009066
33.671,-0.0018685
33.681,-0.0027733
33.691,-0.0035992
33.701,-0.0043608
33.711,-0.0050585
33.721,-0.0056906
33.731,-0.006243
33.741,-0.0067318
33.751,-0.007153
33.761,-0.0075045
33.771,-0.0077874
33.781,-0.0080005
33.791,-0.0081388
33.801,-0.00819
33.811,-0.008173
33.821,-0.0080953
33.831,-0.0079498
33.841,-0.0077233
33.851,-0.0074605
33.861,-0.0071243
33.871,-0.0067089
33.881,-0.0062511
33.892,-0.005733
33.902,-0.0051377
33.912,-0.0045069
33.922,-0.0038374
33.932,-0.003119
33.942,-0.0023467
33.952,-0.0015241
33.962,-0.00067338
33.972,0.00022225
33.982,0.0011586
33.992,0.0021173
34.002,0.0031143
34.012,0.0041328
34.022,0.0051793
34.032,0.0062517
34.042,0.0073402
34.052,0.0084455
34.062,0.0095782
34.072,0.010749
34.082,0.011922
34.092,0.0131
34.102,0.014285
34.112,0.015451
34.122,0.016607
34.132,0.017762
34.142,0.018916
34.152,0.020062
34.162,0.021204
34.172,0.022333
34.182,0.023444
34.192,0.024528
34.202,0.025601
34.212,0.026658
34.222,0.027694
34.232,0.028714
34.242,0.029714
34.252,0.030695
34.262,0.031652
34.272,0.032583
34.282,0.03348
34.292,0.03435
34.302,0.035184
34.313,0.035987
34.323,0.036773
34.333,0.037529
34.343,0.038246
34.353,0.038929
34.363,0.039587
34.373,0.040215
34.383,0.040809
34.393,0.041382
34.403,0.041921
34.413,0.042435
34.423,0.042914
34.433,0.043363
34.443,0.043796
34.453,0.044205
34.463,0.044588
34.473,0.044949
34.483,0.04529
34.493,0.045607
34.503,0.045902
34.513,0.046179
34.523,0.046426
34.533,0.046661
34.543,0.046883
34.553,0.047099
34.563,0.047304
34.573,0.047497
34.583,0.047676
34.593,0.047835
34.603,0.047974
34.613,0.048107
34.623,0.048231
34.633,0.048347
34.643,0.048454
34.653,0.048554
34.663,0.048645
34.673,0.048724
34.683,0.048799
34.693,0.048866
34.703,0.048927
34.713,0.048979
34.724,0.049022
34.734,0.049056
34.744,0.049086
34.754,0.049114
34.764,0.049136
34.774,0.049144
34.784,0.049154
34.794,0.049162
34.804,0.049162
34.814,0.04915
34.824,0.049124
34.834,0.0491
34.844,0.049068
34.854,0.049023
34.864,0.048971
34.874,0.048914
34.884,0.048841
34.894,0.048749
34.904,0.048644
34.914,0.04853
34.924,0.048407
34.934,0.048263
34.944,0.048104
34.954,0.047929
34.964,0.047729
34.974,0.047506
34.984,0.047264
34.994,0.047002
35.004,0.046715
35.014,0.046413
35.024,0.04609
35.034,0.045741
35.044,0.045373
35.054,0.044987
35.064,0.044583
35.074,0.044149
35.084,0.043684
35.094,0.043195
35.104,0.042679
35.114,0.042143
35.124,0.041585
35.134,0.041001
35.145,0.040386
35.155,0.039742
35.165,0.039078
35.175,0.038389
35.185,0.037678
35.195,0.036956
35.205,0.036219
35.215,0.035459
35.225,0.034689
35.235,0.033906
35.245,0.033105
35.255,0.032297
35.265,0.031486
35.275,0.030664
35.285,0.029838
35.295,0.029012
35.305,0.028183
35.315,0.027351
35.325,0.026521
35.335,0.025699
35.345,0.024882
35.355,0.024063
35.365,0.023253
35.375,0.022456
35.385,0.021666
35.395,0.02088
35.405,0.020102
35.415,0.019341
35.425,0.018593
35.435,0.017869
35.445,0.017164
35.455,0.016482
35.465,0.015825
35.475,0.015197
35.485,0.014602
35.495,0.014028
35.505,0.01348
35.515,0.012961
35.525,0.01247
35.535,0.012005
35.545,0.011561
35.556,0.011146
35.566,0.01076
35.576,0.010402
35.586,0.010068
35.596,0.009766
35.606,0.0094913
35.616,0.0092477
35.626,0.0090305
35.636,0.0088288
35.646,0.008649
35.656,0.0084983
35.666,0.0083699
35.676,0.0082669
35.686,0.0081858
35.696,0.0081371
35.706,0.0081023
35.716,0.0080915
35.726,0.0081016
35.736,0.0081389
35.746,0.008191
35.756,0.0082538
35.766,0.0083371
35.776,0.0084289
35.786,0.0085412
35.796,0.0086617
35.806,0.0087982
35.816,0.0089509
35.826,0.0091116
35.836,0.00928
35.846,0.0094578
35.856,0.0096479
35.866,0.0098418
35.876,0.010046
35.886,0.010273
35.896,0.010505
35.906,0.010741
35.916,0.010989
35.926,0.011246
35.936,0.011509
35.946,0.011777
35.956,0.012067
35.966,0.012367
35.977,0.012672
35.987,0.012979
35.997,0.013289
36.007,0.013605
36.017,0.013917
36.027,0.014228
36.037,0.014552
36.047,0.014867
36.057,0.015188
36.067,0.015515
36.077,0.01585
36.087,0.016175
36.097,0.0165
36.107,0.016828
36.117,0.01715
36.127,0.017472
36.137,0.017794
36.147,0.018122
36.157,0.01845
36.167,0.018772
36.177,0.019093
36.187,0.019408
36.197,0.019716
36.207,0.020023
36.217,0.02032
36.227,0.020611
36.237,0.020894
36.247,0.021175
36.257,0.021453
36.267,0.021729
36.277,0.022002
36.287,0.022267
36.297,0.022524
36.307,0.022772
36.317,0.02302
36.327,0.023264
36.337,0.023495
36.347,0.023735
36.357,0.02397
36.367,0.024205
36.377,0.02444
36.388,0.024672
36.398,0.024909
36.408,0.025147
36.418,0.025382
36.428,0.025625
36.438,0.025862
36.448,0.026096
36.458,0.026324
36.468,0.026561
36.478,0.026802
36.488,0.027047
36.498,0.027302
36.508,0.027563
36.518,0.027834
36.528,0.028107
36.538,0.028384
36.548,0.028661
36.558,0.028939
36.568,0.029221
36.578,0.029504
36.588,0.029786
36.598,0.030068
36.608,0.030352
36.618,0.030641
36.628,0.030924
36.638,0.031209
36.648,0.031494
36.658,0.031778
36.668,0.032048
36.678,0.032309
36.688,0.032563
36.698,0.032803
36.708,0.033028
36.718,0.033236
36.728,0.033424
36.738,0.033595
36.748,0.033737
36.758,0.033859
36.768,0.033947
36.778,0.03401
36.788,0.03405
36.798,0.034067
36.809,0.034044
36.819,0.033982
36.829,0.033889
36.839,0.033761
36.849,0.033592
36.859,0.033382
36.869,0.033133
36.879,0.032838
36.889,0.032498
36.899,0.032116
36.909,0.031691
36.919,0.031223
36.929,0.030709
36.939,0.030158
36.949,0.029565
36.959,0.028927
36.969,0.028258
36.979,0.027544
36.989,0.026785
36.999,0.02598
37.009,0.025138
37.019,0.024246
37.029,0.023329
37.039,0.022381
37.049,0.021403
37.059,0.020401
37.069,0.019366
37.079,0.018299
37.089,0.017217
37.099,0.016117
37.109,0.015004
37.119,0.01388
37.129,0.012751
37.139,0.01161
37.149,0.010458
37.159,0.0093045
37.169,0.0081617
37.179,0.0070294
37.189,0.0058976
37.199,0.004773
37.209,0.0036531
37.22,0.0025398
37.23,0.0014429
37.24,0.00037372
37.25,-0.00066926
37.26,-0.001685
37.27,-0.0026744
37.28,-0.0036428
37.29,-0.0045845
37.3,-0.0054937
37.31,-0.0063691
37.32,-0.0072094
37.33,-0.0080112
37.34,-0.0087672
37.35,-0.0094997
37.36,-0.010196
37.37,-0.010859
37.38,-0.011488
37.39,-0.012079
37.4,-0.012626
37.41,-0.013135
37.42,-0.013604
37.43,-0.014024
37.44,-0.014408
37.45,-0.014766
37.46,-0.01509
37.47,-0.015375
37.48,-0.015625
37.49,-0.015844
37.5,-0.016038
37.51,-0.016195
37.52,-0.016309
37.53,-0.016397
37.54,-0.016451
37.55,-0.016472
37.56,-0.016466
37.57,-0.016436
37.58,-0.016384
37.59,-0.016304
37.6,-0.016196
37.61,-0.016053
37.62,-0.015886
37.63,-0.015699
37.641,-0.015497
37.651,-0.015276
37.661,-0.015038
37.671,-0.014786
37.681,-0.014507
37.691,-0.01421
37.701,-0.013908
37.711,-0.013597
37.721,-0.013257
37.731,-0.012898
37.741,-0.01253
37.751,-0.012145
37.761,-0.011745
37.771,-0.011337
37.781,-0.010922
37.791,-0.010491
37.801,-0.010046
37.811,-0.0095957
37.821,-0.0091348
37.831,-0.008668
37.841,-0.0081905
37.851,-0.0076978
37.861,-0.0071981
37.871,-0.0067003
37.881,-0.0061883
37.891,-0.0056589
37.901,-0.0051202
37.911,-0.0045757
37.921,-0.0040274
37.931,-0.0034682
37.941,-0.0029023
37.951,-0.0023311
37.961,-0.0017525
37.971,-0.0011635
37.981,-0.00057455
37.991,1.8977e-005
38.001,0.00060636
38.011,0.0011951
38.021,0.0017887
38.031,0.0023835
38.041,0.0029748
38.052,0.0035799
38.062,0.0041758
38.072,0.0047721
38.082,0.0053651
38.092,0.0059573
38.102,0.0065485
38.112,0.0071308
38.122,0.0077043
38.132,0.0082722
38.142,0.0088369
38.152,0.009393
38.162,0.0099438
38.172,0.01048
38.182,0.010998
38.192,0.011499
38.202,0.011987
38.212,0.012447
38.222,0.012901
38.232,0.013343
38.242,0.013772
38.252,0.014181
38.262,0.014577
38.272,0.014945
38.282,0.015302
38.292,0.015641
38.302,0.015955
38.312,0.016245
38.322,0.016505
38.332,0.016733
38.342,0.016931
38.352,0.017104
38.362,0.017251
38.372,0.017364
38.382,0.017448
38.392,0.017504
38.402,0.017536
38.412,0.017537
38.422,0.017508
38.432,0.017447
38.442,0.017354
38.452,0.01723
38.462,0.01707
38.473,0.016876
38.483,0.016642
38.493,0.016377
38.503,0.016089
38.513,0.01577
38.523,0.015424
38.533,0.015059
38.543,0.014664
38.553,0.014241
38.563,0.013792
38.573,0.013305
38.583,0.0128
38.593,0.012273
38.603,0.011715
38.613,0.011137
38.623,0.010548
38.633,0.0099449
38.643,0.0093119
38.653,0.0086644
38.663,0.0080033
38.673,0.007331
38.683,0.0066455
38.693,0.0059461
38.703,0.0052456
38.713,0.0045352
38.723,0.0038283
38.733,0.0031209
38.743,0.002409
38.753,0.0016681
38.763,0.00093006
38.773,0.0001922
38.783,-0.00053101
38.793,-0.0012522
38.803,-0.0019573
38.813,-0.0026538
38.823,-0.0033355
38.833,-0.0040075
38.843,-0.0046652
38.853,-0.0053134
38.863,-0.0059465
38.873,-0.0065495
38.884,-0.0071351
38.894,-0.0076997
38.904,-0.0082428
38.914,-0.0087572
38.924,-0.0092547
38.934,-0.0097411
38.944,-0.010197
38.954,-0.010616
38.964,-0.011011
38.974,-0.011373
38.984,-0.011701
38.994,-0.012009
39.004,-0.012295
39.014,-0.01255
39.024,-0.012783
39.034,-0.012986
39.044,-0.01315
39.054,-0.013296
39.064,-0.013406
39.074,-0.013483
39.084,-0.013524
39.094,-0.013539
39.104,-0.013525
39.114,-0.013488
39.124,-0.013418
39.134,-0.013312
39.144,-0.013165
39.154,-0.012984
39.164,-0.012783
39.174,-0.012554
39.184,-0.012292
39.194,-0.012005
39.204,-0.011688
39.214,-0.011344
39.224,-0.010979
39.234,-0.010596
39.244,-0.010184
39.254,-0.0097425
39.264,-0.0092798
39.274,-0.0088023
39.284,-0.0082968
39.294,-0.0077703
39.305,-0.0072187
39.315,-0.00664
39.325,-0.0060457
39.335,-0.0054276
39.345,-0.0047907
39.355,-0.0041281
39.365,-0.0034515
39.375,-0.0027592
39.385,-0.0020524
39.395,-0.001333
39.405,-0.00059607
39.415,0.00014781
39.425,0.00090859
39.435,0.0016955
39.445,0.0024954
39.455,0.0033113
39.465,0.004157
39.475,0.0050041
39.485,0.0058574
39.495,0.0067121
39.505,0.0075785
39.515,0.0084515
39.525,0.0093258
39.535,0.010205
39.545,0.011095
39.555,0.011986
39.565,0.012887
39.575,0.013791
39.585,0.0147
39.595,0.015619
39.605,0.016551
39.615,0.017475
39.625,0.018394
39.635,0.019322
39.645,0.020246
39.655,0.021155
39.665,0.022062
39.675,0.022959
39.685,0.023848
39.695,0.024722
39.705,0.025577
39.716,0.026418
39.726,0.027249
39.736,0.028071
39.746,0.028888
39.756,0.029684
39.766,0.030457
39.776,0.031222
39.786,0.031978
39.796,0.032716
39.806,0.033438
39.816,0.034151
39.826,0.034845
39.836,0.035511
39.846,0.036151
39.856,0.036774
39.866,0.037369
39.876,0.037933
39.886,0.038481
39.896,0.039005
39.906,0.039515
39.916,0.040002
39.926,0.040476
39.936,0.040926
39.946,0.041372
39.956,0.04179
39.966,0.042185
39.976,0.042562
39.986,0.042917
39.996,0.043249
40.006,0.043568
40.016,0.043871
40.026,0.044151
40.036,0.044409
40.046,0.04465
40.056,0.044877
40.066,0.045084
40.076,0.04528
40.086,0.045463
40.096,0.045633
40.106,0.045796
40.116,0.045942
40.126,0.046073
40.137,0.046181
40.147,0.046281
40.157,0.046377
40.167,0.046458
40.177,0.046526
40.187,0.046589
40.197,0.04662
40.207,0.046644
40.217,0.046669
40.227,0.046684
40.237,0.046682
40.247,0.04667
40.257,0.04664
40.267,0.046599
40.277,0.046535
40.287,0.046466
40.297,0.046387
40.307,0.046295
40.317,0.046192
40.327,0.04608
40.337,0.045951
40.347,0.045811
40.357,0.045659
40.367,0.045506
40.377,0.045347
40.387,0.045167
40.397,0.044972
40.407,0.044769
40.417,0.044558
40.427,0.044343
40.437,0.044111
40.447,0.043866
40.457,0.043617
40.467,0.043371
40.477,0.043116
40.487,0.042858
40.497,0.042598
40.507,0.042328
40.517,0.042056
40.527,0.041794
40.537,0.041528
40.548,0.041256
40.558,0.040987
40.568,0.040717
40.578,0.040445
40.588,0.040172
40.598,0.039912
40.608,0.03966
40.618,0.039412
40.628,0.039166
40.638,0.038939
40.648,0.038722
40.658,0.038514
40.668,0.038307
40.678,0.038111
40.688,0.037928
40.698,0.037759
40.708,0.037605
40.718,0.037454
40.728,0.037323
40.738,0.037199
40.748,0.037072
40.758,0.03696
40.768,0.036866
40.778,0.036792
40.788,0.036731
40.798,0.036675
40.808,0.036627
40.818,0.03659
40.828,0.036558
40.838,0.036547
40.848,0.036551
40.858,0.036569
40.868,0.036594
40.878,0.036622
40.888,0.036659
40.898,0.036707
40.908,0.036766
40.918,0.036826
40.928,0.036889
40.938,0.036951
40.948,0.037013
40.958,0.037079
40.969,0.037153
40.979,0.037215
40.989,0.037284
40.999,0.037352
41.009,0.037415
41.019,0.03748
41.029,0.037541
41.039,0.037587
41.049,0.037628
41.059,0.037671
41.069,0.037706
41.079,0.037748
41.089,0.037778
41.099,0.037798
41.109,0.037804
41.119,0.037805
41.129,0.037816
41.139,0.037816
41.149,0.037815
41.159,0.037812
41.169,0.037804
41.179,0.037783
41.189,0.037764
41.199,0.037738
41.209,0.037711
41.219,0.037685
41.229,0.037668
41.239,0.037647
41.249,0.037632
41.259,0.037616
41.269,0.037604
41.279,0.037599
41.289,0.037592
41.299,0.037582
41.309,0.037587
41.319,0.037596
41.329,0.03762
41.339,0.037653
41.349,0.037687
41.359,0.037728
41.369,0.037789
41.38,0.037857
41.39,0.037938
41.4,0.038035
41.41,0.038147
41.42,0.038272
41.43,0.038405
41.44,0.038548
41.45,0.038718
41.46,0.038906
41.47,0.0391
41.48,0.039311
41.49,0.039541
41.5,0.039783
41.51,0.040038
41.52,0.040314
41.53,0.040594
41.54,0.040891
41.55,0.041214
41.56,0.041541
41.57,0.041878
41.58,0.042241
41.59,0.042615
41.6,0.042996
41.61,0.043389
41.62,0.043787
41.63,0.044198
41.64,0.04463
41.65,0.045059
41.66,0.045498
41.67,0.04594
41.68,0.046391
41.69,0.046849
41.7,0.047308
41.71,0.047775
41.72,0.048247
41.73,0.048711
41.74,0.049176
41.75,0.049647
41.76,0.050121
41.77,0.050589
41.78,0.051048
41.79,0.051509
41.801,0.051959
41.811,0.05241
41.821,0.052844
41.831,0.053276
41.841,0.053695
41.851,0.054104
41.861,0.054509
41.871,0.054904
41.881,0.055292
41.891,0.055671
41.901,0.056044
41.911,0.056391
41.921,0.056723
41.931,0.057032
41.941,0.057327
41.951,0.057601
41.961,0.057859
41.971,0.058089
41.981,0.058304
41.991,0.058497
42.001,0.058688
42.011,0.05887
42.021,0.059027
42.031,0.059158
42.041,0.059261
42.051,0.059339
42.061,0.059398
42.071,0.059442
42.081,0.059457
42.091,0.05945
42.101,0.059414
42.111,0.059354
42.121,0.059278
42.131,0.059174
42.141,0.05904
42.151,0.058891
42.161,0.058723
42.171,0.058534
42.181,0.058315
42.191,0.058086
42.201,0.057848
42.212,0.057584
42.222,0.057297
42.232,0.056996
42.242,0.056671
42.252,0.056333
42.262,0.055978
42.272,0.055613
42.282,0.055226
42.292,0.054822
42.302,0.054415
42.312,0.054009
42.322,0.05359
42.332,0.05316
42.342,0.052726
42.352,0.052285
42.362,0.051839
42.372,0.051392
42.382,0.050931
42.392,0.050468
42.402,0.049998
42.412,0.049531
42.422,0.049058
42.432,0.048579
42.442,0.048113
42.452,0.047629
42.462,0.047142
42.472,0.046652
42.482,0.046153
42.492,0.045657
42.502,0.045167
42.512,0.044679
42.522,0.044185
42.532,0.043693
42.542,0.043183
42.552,0.042662
42.562,0.042141
42.572,0.041623
42.582,0.041099
42.592,0.040567
42.602,0.040034
42.612,0.0395
42.622,0.038952
42.633,0.038399
42.643,0.037841
42.653,0.037291
42.663,0.036735
42.673,0.036172
42.683,0.035598
42.693,0.035014
42.703,0.034433
42.713,0.033843
42.723,0.033243
42.733,0.03265
42.743,0.032056
42.753,0.031461
42.763,0.030852
42.773,0.030253
42.783,0.029662
42.793,0.029068
42.803,0.028482
42.813,0.027899
42.823,0.027336
42.833,0.026784
42.843,0.026234
42.853,0.025702
42.863,0.025171
42.873,0.024644
42.883,0.024149
42.893,0.023675
42.903,0.023221
42.913,0.022784
42.923,0.022367
42.933,0.021994
42.943,0.021643
42.953,0.02132
42.963,0.021037
42.973,0.020774
42.983,0.020538
42.993,0.020343
43.003,0.020192
43.013,0.020079
43.023,0.019994
43.033,0.019949
43.044,0.019951
43.054,0.019995
43.064,0.020067
43.074,0.020176
43.084,0.020317
43.094,0.020491
43.104,0.020713
43.114,0.020968
43.124,0.021253
43.134,0.021582
43.144,0.021928
43.154,0.022307
43.164,0.022728
43.174,0.023182
43.184,0.023667
43.194,0.024168
43.204,0.024685
43.214,0.025233
43.224,0.025791
43.234,0.026374
43.244,0.026993
43.254,0.027611
43.264,0.028238
43.274,0.028883
43.284,0.029548
43.294,0.030228
43.304,0.030894
43.314,0.031578
43.324,0.032265
43.334,0.032942
43.344,0.033613
43.354,0.034274
43.364,0.034937
43.374,0.035589
43.384,0.036222
43.394,0.036836
43.404,0.037443
43.414,0.038036
43.424,0.038605
43.434,0.039167
43.444,0.0397
43.454,0.040202
43.465,0.040688
43.475,0.041146
43.485,0.041573
43.495,0.041963
43.505,0.042335
43.515,0.04267
43.525,0.042967
43.535,0.043231
43.545,0.043479
43.555,0.04369
43.565,0.043862
43.575,0.043995
43.585,0.0441
43.595,0.044173
43.605,0.04422
43.615,0.044239
43.625,0.044214
43.635,0.044151
43.645,0.044049
43.655,0.043917
43.665,0.043759
43.675,0.04356
43.685,0.043323
43.695,0.043054
43.705,0.042761
43.715,0.042428
43.725,0.042041
43.735,0.041627
43.745,0.041185
43.755,0.040707
43.765,0.040184
43.775,0.039632
43.785,0.039056
43.795,0.03844
43.805,0.037802
43.815,0.037129
43.825,0.03643
43.835,0.035704
43.845,0.03497
43.855,0.034194
43.865,0.03339
43.876,0.032565
43.886,0.031719
43.896,0.030859
43.906,0.02998
43.916,0.02908
43.926,0.02816
43.936,0.027222
43.946,0.026276
43.956,0.025301
43.966,0.024297
43.976,0.02328
43.986,0.022233
43.996,0.021181
44.006,0.020102
44.016,0.019025
44.026,0.017953
44.036,0.016881
44.046,0.015795
44.056,0.014699
44.066,0.01362
44.076,0.012528
44.086,0.011433
44.096,0.010349
44.106,0.0092613
44.116,0.0081749
44.126,0.0070915
44.136,0.0059994
44.146,0.0049375
44.156,0.0038818
44.166,0.0028539
44.176,0.0018244
44.186,0.00079264
44.196,-0.00020359
44.206,-0.0011945
44.216,-0.0021794
44.226,-0.0031245
44.236,-0.0040545
44.246,-0.0049752
44.256,-0.0058807
44.266,-0.0067544
44.276,-0.0076204
44.287,-0.008476
44.297,-0.0093054
44.307,-0.010121
44.317,-0.010895
44.327,-0.011638
44.337,-0.012376
44.347,-0.013095
44.357,-0.01379
44.367,-0.014474
44.377,-0.015149
44.387,-0.015815
44.397,-0.016471
44.407,-0.017094
44.417,-0.017692
44.427,-0.018269
44.437,-0.018822
44.447,-0.019359
44.457,-0.019877
44.467,-0.02039
44.477,-0.02088
44.487,-0.021364
44.497,-0.021839
44.507,-0.022289
44.517,-0.022738
44.527,-0.02317
44.537,-0.023597
44.547,-0.024015
44.557,-0.024421
44.567,-0.024804
44.577,-0.025182
44.587,-0.025543
44.597,-0.025889
44.607,-0.026232
44.617,-0.026558
44.627,-0.026884
44.637,-0.027184
44.647,-0.027475
44.657,-0.027766
44.667,-0.028044
44.677,-0.028295
44.687,-0.028539
44.697,-0.028779
44.708,-0.028994
44.718,-0.029203
44.728,-0.029394
44.738,-0.029587
44.748,-0.029757
44.758,-0.029899
44.768,-0.030043
44.778,-0.030165
44.788,-0.030274
44.798,-0.030366
44.808,-0.03044
44.818,-0.030487
44.828,-0.03051
44.838,-0.030505
44.848,-0.030479
44.858,-0.030435
44.868,-0.030387
44.878,-0.030316
44.888,-0.030205
44.898,-0.030075
44.908,-0.02994
44.918,-0.029789
44.928,-0.029602
44.938,-0.029396
44.948,-0.029169
44.958,-0.028936
44.968,-0.028679
44.978,-0.0284
44.988,-0.028123
44.998,-0.02783
45.008,-0.02753
45.018,-0.027205
45.028,-0.026889
45.038,-0.026567
45.048,-0.026223
45.058,-0.025891
45.068,-0.025542
45.078,-0.025207
45.088,-0.02487
45.098,-0.024541
45.108,-0.024215
45.119,-0.0239
45.129,-0.023572
45.139,-0.023242
45.149,-0.022925
45.159,-0.022622
45.169,-0.022335
45.179,-0.022059
45.189,-0.021812
45.199,-0.021564
45.209,-0.021333
45.219,-0.021131
45.229,-0.020959
45.239,-0.020813
45.249,-0.020687
45.259,-0.020596
45.269,-0.02054
45.279,-0.020511
45.289,-0.020509
45.299,-0.020528
45.309,-0.020583
45.319,-0.02068
45.329,-0.020806
45.339,-0.020974
45.349,-0.021176
45.359,-0.021419
45.369,-0.021693
45.379,-0.021998
45.389,-0.022346
45.399,-0.022719
45.409,-0.023139
45.419,-0.02359
45.429,-0.024077
45.439,-0.024603
45.449,-0.025153
45.459,-0.025751
45.469,-0.026363
45.479,-0.027006
45.489,-0.027684
45.499,-0.028395
45.509,-0.029133
45.519,-0.0299
45.529,-0.030663
45.54,-0.031444
45.55,-0.03225
45.56,-0.033057
45.57,-0.033873
45.58,-0.034693
45.59,-0.035514
45.6,-0.036345
45.61,-0.037184
45.62,-0.038033
45.63,-0.038877
45.64,-0.039712
45.65,-0.040528
45.66,-0.041338
45.67,-0.042137
45.68,-0.042917
45.69,-0.043685
45.7,-0.044426
45.71,-0.045149
45.72,-0.045858
45.73,-0.046536
45.74,-0.047207
45.75,-0.047854
45.76,-0.048487
45.77,-0.049092
45.78,-0.049681
45.79,-0.050239
45.8,-0.050772
45.81,-0.051285
45.82,-0.051774
45.83,-0.052241
45.84,-0.052683
45.85,-0.053093
45.86,-0.053502
45.87,-0.053864
45.88,-0.054218
45.89,-0.054546
45.9,-0.054877
45.91,-0.055186
45.92,-0.055466
45.93,-0.05575
45.94,-0.056025
45.951,-0.056283
45.961,-0.056554
45.971,-0.056822
45.981,-0.057058
45.991,-0.057283
46.001,-0.057516
46.011,-0.057757
46.021,-0.058009
46.031,-0.05827
46.041,-0.058529
46.051,-0.058781
46.061,-0.059053
46.071,-0.059343
46.081,-0.05965
46.091,-0.059963
46.101,-0.060284
46.111,-0.060621
46.121,-0.060977
46.131,-0.061364
46.141,-0.06176
46.151,-0.062164
46.161,-0.0626
46.171,-0.063063
46.181,-0.063539
46.191,-0.064038
46.201,-0.064548
46.211,-0.065066
46.221,-0.065595
46.231,-0.06613
46.241,-0.066685
46.251,-0.067273
46.261,-0.067863
46.271,-0.068473
46.281,-0.069077
46.291,-0.0697
46.301,-0.070307
46.311,-0.07092
46.321,-0.071534
46.331,-0.072147
46.341,-0.072742
46.351,-0.073353
46.361,-0.073971
46.372,-0.074571
46.382,-0.075164
46.392,-0.075759
46.402,-0.076339
46.412,-0.076898
46.422,-0.077431
46.432,-0.077936
46.442,-0.078416
46.452,-0.07886
46.462,-0.079283
46.472,-0.07968
46.482,-0.080043
46.492,-0.080371
46.502,-0.080668
46.512,-0.080916
46.522,-0.08113
46.532,-0.08132
46.542,-0.081469
46.552,-0.08158
46.562,-0.081659
46.572,-0.081686
46.582,-0.081672
46.592,-0.081628
46.602,-0.081532
46.612,-0.081401
46.622,-0.081236
46.632,-0.081019
46.642,-0.080779
46.652,-0.080483
46.662,-0.080131
46.672,-0.07973
46.682,-0.079313
46.692,-0.078868
46.702,-0.078401
46.712,-0.077907
46.722,-0.077368
46.732,-0.076789
46.742,-0.07619
46.752,-0.075567
46.762,-0.074921
46.772,-0.07424
46.783,-0.073538
46.793,-0.072805
46.803,-0.07205
46.813,-0.07127
46.823,-0.070498
46.833,-0.069699
46.843,-0.068891
46.853,-0.068077
46.863,-0.067251
46.873,-0.066414
46.883,-0.065556
46.893,-0.064702
46.903,-0.063843
46.913,-0.062983
46.923,-0.062122
46.933,-0.061249
46.943,-0.060377
46.953,-0.059515
46.963,-0.058666
46.973,-0.057826
46.983,-0.056981
46.993,-0.056154
47.003,-0.055337
47.013,-0.054504
47.023,-0.05366
47.033,-0.052835
47.043,-0.052013
47.053,-0.051203
47.063,-0.050423
47.073,-0.049639
47.083,-0.048898
47.093,-0.048165
47.103,-0.047452
47.113,-0.046743
47.123,-0.046034
47.133,-0.045349
47.143,-0.044685
47.153,-0.044037
47.163,-0.043388
47.173,-0.042765
47.183,-0.042153
47.193,-0.041566
47.204,-0.040994
47.214,-0.040431
47.224,-0.039877
47.234,-0.039328
47.244,-0.038813
47.254,-0.038314
47.264,-0.037828
47.274,-0.037351
47.284,-0.036899
47.294,-0.036454
47.304,-0.036012
47.314,-0.035594
47.324,-0.035188
47.334,-0.034815
47.344,-0.03444
47.354,-0.03409
47.364,-0.033762
47.374,-0.033453
47.384,-0.033162
47.394,-0.032894
47.404,-0.032627
47.414,-0.032379
47.424,-0.032138
47.434,-0.031904
47.444,-0.031701
47.454,-0.031513
47.464,-0.031364
47.474,-0.031195
47.484,-0.031057
47.494,-0.030928
47.504,-0.030822
47.514,-0.030738
47.524,-0.030649
47.534,-0.030592
47.544,-0.030559
47.554,-0.030523
47.564,-0.030494
47.574,-0.030507
47.584,-0.03054
47.594,-0.030588
47.604,-0.030651
47.615,-0.030736
47.625,-0.030811
47.635,-0.030906
47.645,-0.031031
47.655,-0.031179
47.665,-0.031362
47.675,-0.031565
47.685,-0.03178
47.695,-0.032016
47.705,-0.032252
47.715,-0.032521
47.725,-0.032789
47.735,-0.033063
47.745,-0.033358
47.755,-0.033647
47.765,-0.03395
47.775,-0.034253
47.785,-0.034555
47.795,-0.03486
47.805,-0.035167
47.815,-0.035489
47.825,-0.0358
47.835,-0.036108
47.845,-0.036447
47.855,-0.036779
47.865,-0.0371
47.875,-0.037426
47.885,-0.037716
47.895,-0.038021
47.905,-0.038305
47.915,-0.038601
47.925,-0.038882
47.935,-0.039148
47.945,-0.039394
47.955,-0.039608
47.965,-0.039803
47.975,-0.039981
47.985,-0.040158
47.995,-0.040319
48.005,-0.040477
48.015,-0.040611
48.025,-0.040735
48.036,-0.040833
48.046,-0.040898
48.056,-0.040935
48.066,-0.040942
48.076,-0.040931
48.086,-0.040882
48.096,-0.040824
48.106,-0.04072
48.116,-0.040569
48.126,-0.040394
48.136,-0.040177
48.146,-0.039949
48.156,-0.039675
48.166,-0.03936
48.176,-0.039
48.186,-0.038601
48.196,-0.038175
48.206,-0.037716
48.216,-0.03723
48.226,-0.036706
48.236,-0.036167
48.246,-0.035579
48.256,-0.034945
48.266,-0.034273
48.276,-0.033587
48.286,-0.032877
48.296,-0.032124
48.306,-0.031328
48.316,-0.030503
48.326,-0.029606
48.336,-0.028695
48.346,-0.027766
48.356,-0.026762
48.366,-0.025757
48.376,-0.024779
48.386,-0.02373
48.396,-0.022624
48.406,-0.021461
48.416,-0.020272
48.426,-0.01906
48.436,-0.017849
48.447,-0.016647
48.457,-0.015416
48.467,-0.014166
48.477,-0.012891
48.487,-0.011617
48.497,-0.010323
48.507,-0.0090398
48.517,-0.0077806
48.527,-0.0065103
48.537,-0.0052322
48.547,-0.0039429
48.557,-0.0026689
48.567,-0.0013936
48.577,-0.000131
48.587,0.0010888
48.597,0.0023147
48.607,0.0034849
48.617,0.0046453
48.627,0.0057766
48.637,0.0068944
48.647,0.0079367
48.657,0.0089579
48.667,0.0099312
48.677,0.010909
48.687,0.011858
48.697,0.012765
48.707,0.013623
48.717,0.014427
48.727,0.015184
48.737,0.015918
48.747,0.016572
48.757,0.01718
48.767,0.017734
48.777,0.018225
48.787,0.018649
48.797,0.019024
48.807,0.019385
48.817,0.019651
48.827,0.019912
48.837,0.020119
48.847,0.02025
48.857,0.020343
48.868,0.020393
48.878,0.020367
48.888,0.020296
48.898,0.020158
48.908,0.019985
48.918,0.019778
48.928,0.019552
48.938,0.019285
48.948,0.018983
48.958,0.018646
48.968,0.018216
48.978,0.017753
48.988,0.017256
48.998,0.016734
49.008,0.016185
49.018,0.015596
49.028,0.014984
49.038,0.014359
49.048,0.013755
49.058,0.013132
49.068,0.012491
49.078,0.011817
49.088,0.011138
49.098,0.010469
49.108,0.0097886
49.118,0.0090551
49.128,0.0083258
49.138,0.0075898
49.148,0.0068539
49.158,0.00613
49.168,0.0054159
49.178,0.0047042
49.188,0.0040042
49.198,0.0033111
49.208,0.0026158
49.218,0.0019547
49.228,0.001312
49.238,0.00063537
49.248,5.4398e-006
49.258,-0.00064643
49.268,-0.001273
49.279,-0.0018999
49.289,-0.0025175
49.299,-0.0031013
49.309,-0.0036576
49.319,-0.004175
49.329,-0.0046864
49.339,-0.0051874
49.349,-0.005677
49.359,-0.0061491
49.369,-0.0065671
49.379,-0.0070141
49.389,-0.0074326
49.399,-0.0078211
49.409,-0.008241
49.419,-0.0086007
49.429,-0.008918
49.439,-0.0092132
49.449,-0.0094541
49.459,-0.0096949
49.469,-0.0099505
49.479,-0.010203
49.489,-0.010465
49.499,-0.010711
49.509,-0.010908
49.519,-0.011061
49.529,-0.011181
49.539,-0.011269
49.549,-0.01136
49.559,-0.011418
49.569,-0.011495
49.579,-0.011529
49.589,-0.011509
49.599,-0.011464
49.609,-0.011408
49.619,-0.011337
49.629,-0.011271
49.639,-0.011188
49.649,-0.011074
49.659,-0.010922
49.669,-0.010728
49.679,-0.010491
49.689,-0.010196
49.7,-0.0099031
49.71,-0.0095857
49.72,-0.009232
49.73,-0.0088636
49.74,-0.0084668
49.75,-0.0080287
49.76,-0.0075647
49.77,-0.0070516
49.78,-0.0065084
49.79,-0.0059491
49.8,-0.0053572
49.81,-0.0046992
49.82,-0.0040052
49.83,-0.0032935
49.84,-0.0026106
49.85,-0.001941
49.86,-0.0011745
49.87,-0.00040796
49.88,0.00044978
49.89,0.0013673
49.9,0.0022658
49.91,0.0031625
49.92,0.0041128
49.93,0.0050783
49.94,0.0059887
49.95,0.0067881
49.96,0.0076947
49.97,0.0085223
49.98,0.0092928
49.99,0.010089
50,0.010928
50.01,0.01175
50.02,0.012539
50.03,0.013269
50.04,0.013966
50.05,0.014605
50.06,0.015059
50.07,0.015522
50.08,0.015941
50.09,0.016129
50.1,0.015835
50.111,0.0059544
