0,0.011439
0.010017,0.0042924
0.020034,0.00012205
0.030051,-0.00022673
0.040068,-0.00039517
0.050085,-0.00061728
0.060102,-0.00082534
0.070119,-0.00092955
0.080136,-0.0010891
0.090153,-0.0012909
0.10017,-0.001474
0.11019,-0.0016
0.1202,-0.0017607
0.13022,-0.0019142
0.14024,-0.0020247
0.15025,-0.002107
0.16027,-0.0021946
0.17029,-0.0023563
0.18031,-0.0024927
0.19032,-0.0025934
0.20034,-0.0026618
0.21036,-0.0027481
0.22037,-0.0028149
0.23039,-0.0028491
0.24041,-0.0028855
0.25042,-0.0029704
0.26044,-0.0030878
0.27046,-0.0031705
0.28048,-0.0032532
0.29049,-0.0033185
0.30051,-0.0034393
0.31053,-0.0035323
0.32054,-0.0036306
0.33056,-0.0036759
0.34058,-0.0037007
0.35059,-0.0037587
0.36061,-0.0038075
0.37063,-0.0038845
0.38065,-0.0039203
0.39066,-0.0039645
0.40068,-0.0040511
0.4107,-0.0040809
0.42071,-0.0041528
0.43073,-0.0042185
0.44075,-0.0042686
0.45076,-0.0043048
0.46078,-0.0043193
0.4708,-0.0043107
0.48082,-0.0043131
0.49083,-0.0043189
0.50085,-0.0043336
0.51087,-0.0043475
0.52088,-0.0043796
0.5309,-0.0043694
0.54092,-0.0043945
0.55093,-0.0044352
0.56095,-0.0044707
0.57097,-0.0045062
0.58099,-0.0045461
0.591,-0.0045427
0.60102,-0.004572
0.61104,-0.0045899
0.62105,-0.0046174
0.63107,-0.0046833
0.64109,-0.0047323
0.6511,-0.0047712
0.66112,-0.0047688
0.67114,-0.0047927
0.68116,-0.0048036
0.69117,-0.0048219
0.70119,-0.0048439
0.71121,-0.0048748
0.72122,-0.0048934
0.73124,-0.0048955
0.74126,-0.0048863
0.75127,-0.0048784
0.76129,-0.0048865
0.77131,-0.0049093
0.78133,-0.0049078
0.79134,-0.0049202
0.80136,-0.0049291
0.81138,-0.0049224
0.82139,-0.0049303
0.83141,-0.0049333
0.84143,-0.0049587
0.85144,-0.0049894
0.86146,-0.0050194
0.87148,-0.0050322
0.8815,-0.0050602
0.89151,-0.0050663
0.90153,-0.0050854
0.91155,-0.0051202
0.92156,-0.0051196
0.93158,-0.0051147
0.9416,-0.0051007
0.95161,-0.0051133
0.96163,-0.0051101
0.97165,-0.0051328
0.98167,-0.0051549
0.99168,-0.0051628
1.0017,-0.0051615
1.0117,-0.0051509
1.0217,-0.0051197
1.0318,-0.005094
1.0418,-0.0050955
1.0518,-0.0051018
1.0618,-0.0050909
1.0718,-0.0050555
1.0818,-0.0050344
1.0919,-0.0049616
1.1019,-0.0048795
1.1119,-0.0048471
1.1219,-0.0048238
1.1319,-0.0047842
1.1419,-0.004747
1.152,-0.0047092
1.162,-0.0046495
1.172,-0.0046349
1.182,-0.004602
1.192,-0.0045786
1.202,-0.0045645
1.2121,-0.0045595
1.2221,-0.0045358
1.2321,-0.0045134
1.2421,-0.0044966
1.2521,-0.0044969
1.2621,-0.0044915
1.2722,-0.0044859
1.2822,-0.004459
1.2922,-0.0044226
1.3022,-0.0043936
1.3122,-0.0043414
1.3222,-0.0042899
1.3323,-0.0042566
1.3423,-0.0042433
1.3523,-0.0042151
1.3623,-0.0042097
1.3723,-0.0041877
1.3823,-0.0041602
1.3924,-0.0041293
1.4024,-0.0041101
1.4124,-0.0040747
1.4224,-0.0040617
1.4324,-0.0040639
1.4424,-0.0040614
1.4525,-0.0040546
1.4625,-0.0040426
1.4725,-0.0040481
1.4825,-0.0040182
1.4925,-0.0039717
1.5025,-0.0039287
1.5126,-0.0038911
1.5226,-0.0038566
1.5326,-0.0038024
1.5426,-0.0037713
1.5526,-0.0037603
1.5627,-0.003751
1.5727,-0.0037264
1.5827,-0.0037171
1.5927,-0.0037188
1.6027,-0.0037263
1.6127,-0.0037107
1.6228,-0.0037127
1.6328,-0.0037073
1.6428,-0.0037181
1.6528,-0.0037163
1.6628,-0.0037192
1.6728,-0.0037007
1.6829,-0.0036604
1.6929,-0.0036535
1.7029,-0.003651
1.7129,-0.0036562
1.7229,-0.0036724
1.7329,-0.0036557
1.743,-0.0036427
1.753,-0.0036346
1.763,-0.0036228
1.773,-0.0036169
1.783,-0.0036233
1.793,-0.003623
1.8031,-0.003626
1.8131,-0.003636
1.8231,-0.0036375
1.8331,-0.0036522
1.8431,-0.0036728
1.8531,-0.0036985
1.8632,-0.0037226
1.8732,-0.0037591
1.8832,-0.0037902
1.8932,-0.0038036
1.9032,-0.003823
1.9132,-0.0038384
1.9233,-0.0038565
1.9333,-0.0038642
1.9433,-0.0038706
1.9533,-0.0038902
1.9633,-0.0038943
1.9733,-0.0038878
1.9834,-0.0038838
1.9934,-0.0039001
2.0034,-0.0039175
2.0134,-0.0039361
2.0234,-0.0039387
2.0334,-0.0039604
2.0435,-0.003986
2.0535,-0.0039965
2.0635,-0.0039909
2.0735,-0.0040091
2.0835,-0.004025
2.0936,-0.0040299
2.1036,-0.0040531
2.1136,-0.0040719
2.1236,-0.0040829
2.1336,-0.0041084
2.1436,-0.0041287
2.1537,-0.0041364
2.1637,-0.0041452
2.1737,-0.0041618
2.1837,-0.0041595
2.1937,-0.0041717
2.2037,-0.0041963
2.2138,-0.0042062
2.2238,-0.0042142
2.2338,-0.004231
2.2438,-0.004245
2.2538,-0.0042675
2.2638,-0.0043043
2.2739,-0.0043292
2.2839,-0.0043705
2.2939,-0.0044146
2.3039,-0.0044381
2.3139,-0.004455
2.3239,-0.0044911
2.334,-0.0045362
2.344,-0.0045706
2.354,-0.0045788
2.364,-0.004581
2.374,-0.0045899
2.384,-0.0046026
2.3941,-0.0046136
2.4041,-0.0046328
2.4141,-0.0046643
2.4241,-0.0046951
2.4341,-0.0047073
2.4441,-0.0047275
2.4542,-0.0047518
2.4642,-0.0047853
2.4742,-0.0048096
2.4842,-0.0048409
2.4942,-0.0048723
2.5042,-0.0048864
2.5143,-0.0048987
2.5243,-0.0049219
2.5343,-0.0049256
2.5443,-0.00491
2.5543,-0.0048934
2.5643,-0.0048766
2.5744,-0.0048791
2.5844,-0.0048999
2.5944,-0.0049016
2.6044,-0.0049256
2.6144,-0.0049348
2.6245,-0.0049363
2.6345,-0.0049455
2.6445,-0.0049603
2.6545,-0.0049559
2.6645,-0.0049633
2.6745,-0.0049633
2.6846,-0.0049501
2.6946,-0.0049644
2.7046,-0.0049784
2.7146,-0.0049905
2.7246,-0.0050026
2.7346,-0.0049888
2.7447,-0.0049735
2.7547,-0.0049361
2.7647,-0.0049213
2.7747,-0.0049115
2.7847,-0.004922
2.7947,-0.0049274
2.8048,-0.0049156
2.8148,-0.004898
2.8248,-0.0048793
2.8348,-0.0048581
2.8448,-0.0048509
2.8548,-0.0048433
2.8649,-0.0048421
2.8749,-0.0048243
2.8849,-0.0048091
2.8949,-0.0047941
2.9049,-0.0047749
2.9149,-0.0047529
2.925,-0.0047333
2.935,-0.0047128
2.945,-0.0046899
2.955,-0.0046633
2.965,-0.0046397
2.975,-0.0046096
2.9851,-0.004597
2.9951,-0.0045853
3.0051,-0.0045841
3.0151,-0.004581
3.0251,-0.0045705
3.0351,-0.0045428
3.0452,-0.0045291
3.0552,-0.0045113
3.0652,-0.0044752
3.0752,-0.004436
3.0852,-0.0043926
3.0953,-0.0043253
3.1053,-0.0042602
3.1153,-0.0042084
3.1253,-0.0041607
3.1353,-0.0040925
3.1453,-0.004033
3.1554,-0.0039672
3.1654,-0.0039065
3.1754,-0.00386
3.1854,-0.0037991
3.1954,-0.0037273
3.2054,-0.0036541
3.2155,-0.0035725
3.2255,-0.003493
3.2355,-0.0034293
3.2455,-0.0033658
3.2555,-0.0033029
3.2655,-0.0032371
3.2756,-0.0031538
3.2856,-0.0030729
3.2956,-0.0029852
3.3056,-0.0029041
3.3156,-0.00283
3.3256,-0.0027553
3.3357,-0.0026914
3.3457,-0.0026282
3.3557,-0.0025597
3.3657,-0.0024907
3.3757,-0.0024347
3.3857,-0.0023673
3.3958,-0.0023164
3.4058,-0.0022544
3.4158,-0.0021715
3.4258,-0.0020969
3.4358,-0.0020088
3.4458,-0.0019274
3.4559,-0.0018269
3.4659,-0.0017347
3.4759,-0.0016463
3.4859,-0.0015627
3.4959,-0.0014847
3.5059,-0.0014092
3.516,-0.0013408
3.526,-0.0012842
3.536,-0.0012137
3.546,-0.0011478
3.556,-0.0010941
3.566,-0.0010384
3.5761,-0.00099692
3.5861,-0.00094014
3.5961,-0.00088855
3.6061,-0.00081177
3.6161,-0.00073191
3.6262,-0.00065223
3.6362,-0.00057135
3.6462,-0.00050345
3.6562,-0.00042191
3.6662,-0.00034405
3.6762,-0.00028322
3.6863,-0.00022597
3.6963,-0.00016778
3.7063,-9.1483e-005
3.7163,-1.5814e-005
3.7263,5.0808e-005
3.7363,0.00011767
3.7464,0.0001804
3.7564,0.00024889
3.7664,0.0003174
3.7764,0.00038906
3.7864,0.00045272
3.7964,0.00051824
3.8065,0.00058287
3.8165,0.00065013
3.8265,0.0007238
3.8365,0.0008115
3.8465,0.00088425
3.8565,0.00095863
3.8666,0.0010374
3.8766,0.0011275
3.8866,0.001209
3.8966,0.0012939
3.9066,0.0013458
3.9166,0.0014028
3.9267,0.0014651
3.9367,0.0015248
3.9467,0.0015818
3.9567,0.0016549
3.9667,0.0017327
3.9767,0.0017992
3.9868,0.0018705
3.9968,0.0019419
4.0068,0.0020281
4.0168,0.0021087
4.0268,0.0021981
4.0368,0.0022862
4.0469,0.0023848
4.0569,0.0024792
4.0669,0.0025465
4.0769,0.0026176
4.0869,0.0026916
4.0969,0.0027797
4.107,0.0028522
4.117,0.0029228
4.127,0.0030035
4.137,0.003077
4.147,0.0031365
4.1571,0.003188
4.1671,0.0032435
4.1771,0.0033022
4.1871,0.0033585
4.1971,0.0034261
4.2071,0.0034971
4.2172,0.0035567
4.2272,0.003617
4.2372,0.003681
4.2472,0.0037524
4.2572,0.0038339
4.2672,0.0038984
4.2773,0.0039624
4.2873,0.0040135
4.2973,0.0040719
4.3073,0.0041218
4.3173,0.0041969
4.3273,0.0042686
4.3374,0.0043277
4.3474,0.0043942
4.3574,0.0044618
4.3674,0.0045375
4.3774,0.0046079
4.3874,0.0046724
4.3975,0.0047291
4.4075,0.004774
4.4175,0.004821
4.4275,0.004869
4.4375,0.0049309
4.4475,0.0049914
4.4576,0.0050703
4.4676,0.0051516
4.4776,0.0052109
4.4876,0.0052785
4.4976,0.0053467
4.5076,0.0054014
4.5177,0.0054567
4.5277,0.0055079
4.5377,0.0055538
4.5477,0.0056027
4.5577,0.0056445
4.5677,0.0056962
4.5778,0.0057452
4.5878,0.0057971
4.5978,0.0058414
4.6078,0.0058936
4.6178,0.0059625
4.6279,0.0060094
4.6379,0.0060523
4.6479,0.0061131
4.6579,0.0061651
4.6679,0.0062188
4.6779,0.0062704
4.688,0.006316
4.698,0.0063614
4.708,0.0064087
4.718,0.0064538
4.728,0.0065056
4.738,0.0065663
4.7481,0.0066233
4.7581,0.0066685
4.7681,0.0067065
4.7781,0.0067461
4.7881,0.0067961
4.7981,0.0068411
4.8082,0.0068741
4.8182,0.0069025
4.8282,0.00694
4.8382,0.0069687
4.8482,0.0070081
4.8582,0.0070407
4.8683,0.0070746
4.8783,0.0071052
4.8883,0.0071442
4.8983,0.0071838
4.9083,0.0072146
4.9183,0.0072416
4.9284,0.0072677
4.9384,0.0072934
4.9484,0.0073197
4.9584,0.0073525
4.9684,0.0073741
4.9784,0.0074099
4.9885,0.0074293
4.9985,0.0074668
5.0085,0.0075056
5.0185,0.0075433
5.0285,0.0075678
5.0385,0.0076039
5.0486,0.0076338
5.0586,0.0076576
5.0686,0.0076942
5.0786,0.0077181
5.0886,0.0077444
5.0986,0.0077663
5.1087,0.007808
5.1187,0.0078459
5.1287,0.007868
5.1387,0.0078926
5.1487,0.0079233
5.1588,0.0079637
5.1688,0.0079934
5.1788,0.0080231
5.1888,0.0080669
5.1988,0.0081035
5.2088,0.0081457
5.2189,0.0081748
5.2289,0.0081916
5.2389,0.0082222
5.2489,0.0082531
5.2589,0.0082803
5.2689,0.0083062
5.279,0.0083411
5.289,0.0083754
5.299,0.0084094
5.309,0.0084481
5.319,0.0084729
5.329,0.0085024
5.3391,0.0085284
5.3491,0.0085579
5.3591,0.0085786
5.3691,0.0085995
5.3791,0.0086229
5.3891,0.0086465
5.3992,0.0086769
5.4092,0.008697
5.4192,0.0087292
5.4292,0.0087512
5.4392,0.0087778
5.4492,0.0088007
5.4593,0.0088285
5.4693,0.0088693
5.4793,0.0089128
5.4893,0.008965
5.4993,0.0090055
5.5093,0.0090345
5.5194,0.0090668
5.5294,0.0091018
5.5394,0.0091416
5.5494,0.0091919
5.5594,0.0092303
5.5694,0.0092766
5.5795,0.0093342
5.5895,0.0093996
5.5995,0.009456
5.6095,0.0095108
5.6195,0.0095596
5.6295,0.0096034
5.6396,0.0096524
5.6496,0.0097054
5.6596,0.0097478
5.6696,0.009806
5.6796,0.0098591
5.6897,0.0099239
5.6997,0.0099866
5.7097,0.010047
5.7197,0.010106
5.7297,0.010156
5.7397,0.010215
5.7498,0.010272
5.7598,0.010315
5.7698,0.010367
5.7798,0.010408
5.7898,0.010457
5.7998,0.010503
5.8099,0.01056
5.8199,0.010614
5.8299,0.010659
5.8399,0.01071
5.8499,0.010764
5.8599,0.010819
5.87,0.010865
5.88,0.010917
5.89,0.010952
5.9,0.010985
5.91,0.011027
5.92,0.011064
5.9301,0.011106
5.9401,0.011156
5.9501,0.011219
5.9601,0.011272
5.9701,0.011329
5.9801,0.011378
5.9902,0.011424
6.0002,0.011474
6.0102,0.01153
6.0202,0.01159
6.0302,0.011651
6.0402,0.011701
6.0503,0.011756
6.0603,0.011804
6.0703,0.011852
6.0803,0.011909
6.0903,0.011959
6.1003,0.012019
6.1104,0.012075
6.1204,0.012133
6.1304,0.012187
6.1404,0.012244
6.1504,0.01229
6.1605,0.01233
6.1705,0.012388
6.1805,0.012438
6.1905,0.012483
6.2005,0.01254
6.2105,0.012584
6.2206,0.012623
6.2306,0.012669
6.2406,0.012714
6.2506,0.012752
6.2606,0.012796
6.2706,0.012842
6.2807,0.012871
6.2907,0.012894
6.3007,0.012927
6.3107,0.012964
6.3207,0.013011
6.3307,0.013068
6.3408,0.013111
6.3508,0.013149
6.3608,0.01319
6.3708,0.013234
6.3808,0.013277
6.3908,0.013327
6.4009,0.01339
6.4109,0.013439
6.4209,0.013497
6.4309,0.013555
6.4409,0.013612
6.4509,0.013671
6.461,0.01372
6.471,0.013767
6.481,0.013815
6.491,0.013869
6.501,0.013924
6.511,0.013986
6.5211,0.01405
6.5311,0.014126
6.5411,0.014185
6.5511,0.014235
6.5611,0.014281
6.5711,0.01433
6.5812,0.014376
6.5912,0.014416
6.6012,0.014463
6.6112,0.0145
6.6212,0.014541
6.6312,0.014582
6.6413,0.014627
6.6513,0.014669
6.6613,0.014709
6.6713,0.014748
6.6813,0.014787
6.6914,0.014823
6.7014,0.014855
6.7114,0.014888
6.7214,0.014916
6.7314,0.014938
6.7414,0.014958
6.7515,0.014981
6.7615,0.015014
6.7715,0.015048
6.7815,0.015076
6.7915,0.015095
6.8015,0.015128
6.8116,0.015158
6.8216,0.015193
6.8316,0.015221
6.8416,0.015243
6.8516,0.015268
6.8616,0.015299
6.8717,0.015321
6.8817,0.015348
6.8917,0.015363
6.9017,0.015387
6.9117,0.015414
6.9217,0.015427
6.9318,0.01543
6.9418,0.015428
6.9518,0.01544
6.9618,0.015465
6.9718,0.01549
6.9818,0.015513
6.9919,0.015533
7.0019,0.015546
7.0119,0.015551
7.0219,0.015572
7.0319,0.015586
7.0419,0.015603
7.052,0.015637
7.062,0.015673
7.072,0.015693
7.082,0.015708
7.092,0.015727
7.102,0.015736
7.1121,0.015741
7.1221,0.015752
7.1321,0.015754
7.1421,0.015755
7.1521,0.015762
7.1621,0.015758
7.1722,0.015746
7.1822,0.015758
7.1922,0.015773
7.2022,0.015783
7.2122,0.015783
7.2223,0.01577
7.2323,0.01576
7.2423,0.015755
7.2523,0.015751
7.2623,0.015745
7.2723,0.015734
7.2824,0.015739
7.2924,0.015737
7.3024,0.015732
7.3124,0.015721
7.3224,0.015718
7.3324,0.015719
7.3425,0.015719
7.3525,0.015719
7.3625,0.015722
7.3725,0.015721
7.3825,0.015721
7.3925,0.015715
7.4026,0.015703
7.4126,0.015695
7.4226,0.015685
7.4326,0.015663
7.4426,0.015645
7.4526,0.015634
7.4627,0.015616
7.4727,0.0156
7.4827,0.015586
7.4927,0.015576
7.5027,0.01556
7.5127,0.015556
7.5228,0.015547
7.5328,0.015535
7.5428,0.015526
7.5528,0.015503
7.5628,0.015491
7.5728,0.015477
7.5829,0.015462
7.5929,0.015459
7.6029,0.015449
7.6129,0.015433
7.6229,0.015418
7.6329,0.015395
7.643,0.015369
7.653,0.015349
7.663,0.015336
7.673,0.015323
7.683,0.015308
7.693,0.015294
7.7031,0.015268
7.7131,0.015246
7.7231,0.015228
7.7331,0.015214
7.7431,0.015196
7.7532,0.015173
7.7632,0.015145
7.7732,0.015099
7.7832,0.015069
7.7932,0.015026
7.8032,0.014988
7.8133,0.014953
7.8233,0.01493
7.8333,0.014888
7.8433,0.014855
7.8533,0.014829
7.8633,0.0148
7.8734,0.014771
7.8834,0.014735
7.8934,0.014706
7.9034,0.014666
7.9134,0.014633
7.9234,0.014591
7.9335,0.014545
7.9435,0.014488
7.9535,0.014441
7.9635,0.01439
7.9735,0.014346
7.9835,0.014312
7.9936,0.014278
8.0036,0.01425
8.0136,0.014205
8.0236,0.014174
8.0336,0.014124
8.0436,0.014088
8.0537,0.014038
8.0637,0.013987
8.0737,0.013927
8.0837,0.013866
8.0937,0.013795
8.1037,0.013729
8.1138,0.013672
8.1238,0.013618
8.1338,0.013563
8.1438,0.013504
8.1538,0.013451
8.1638,0.013392
8.1739,0.013328
8.1839,0.013263
8.1939,0.013192
8.2039,0.013135
8.2139,0.013064
8.224,0.012996
8.234,0.012935
8.244,0.012869
8.254,0.012803
8.264,0.012743
8.274,0.012659
8.2841,0.012587
8.2941,0.012519
8.3041,0.012439
8.3141,0.012351
8.3241,0.012258
8.3341,0.012173
8.3442,0.012092
8.3542,0.012001
8.3642,0.011904
8.3742,0.011802
8.3842,0.011711
8.3942,0.011614
8.4043,0.011517
8.4143,0.011421
8.4243,0.011322
8.4343,0.011227
8.4443,0.011129
8.4543,0.011017
8.4644,0.010908
8.4744,0.010788
8.4844,0.010672
8.4944,0.010542
8.5044,0.010428
8.5144,0.010305
8.5245,0.010173
8.5345,0.010036
8.5445,0.009913
8.5545,0.0098032
8.5645,0.0096759
8.5745,0.0095643
8.5846,0.0094597
8.5946,0.0093515
8.6046,0.0092463
8.6146,0.0091538
8.6246,0.0090553
8.6346,0.0089628
8.6447,0.0088718
8.6547,0.0087899
8.6647,0.0087055
8.6747,0.0086249
8.6847,0.0085382
8.6947,0.0084601
8.7048,0.0083888
8.7148,0.0083123
8.7248,0.0082301
8.7348,0.0081458
8.7448,0.0080813
8.7549,0.0080162
8.7649,0.0079482
8.7749,0.0078968
8.7849,0.0078468
8.7949,0.0077943
8.8049,0.0077541
8.815,0.0077252
8.825,0.0077012
8.835,0.0076756
8.845,0.0076632
8.855,0.0076535
8.865,0.0076489
8.8751,0.0076477
8.8851,0.0076608
8.8951,0.0076839
8.9051,0.0077129
8.9151,0.0077508
8.9251,0.0077938
8.9352,0.0078395
8.9452,0.0078895
8.9552,0.0079428
8.9652,0.0079895
8.9752,0.0080484
8.9852,0.0081116
8.9953,0.0081665
9.0053,0.0082286
9.0153,0.0083022
9.0253,0.0083703
9.0353,0.0084421
9.0453,0.0085159
9.0554,0.0085858
9.0654,0.0086608
9.0754,0.0087528
9.0854,0.0088489
9.0954,0.0089536
9.1054,0.0090655
9.1155,0.0091724
9.1255,0.0092809
9.1355,0.0093836
9.1455,0.0094915
9.1555,0.0096041
9.1655,0.0097117
9.1756,0.009817
9.1856,0.0099307
9.1956,0.010043
9.2056,0.010157
9.2156,0.010283
9.2256,0.010406
9.2357,0.010532
9.2457,0.010665
9.2557,0.010798
9.2657,0.010919
9.2757,0.011044
9.2858,0.011157
9.2958,0.011274
9.3058,0.011382
9.3158,0.011481
9.3258,0.011578
9.3358,0.011678
9.3459,0.01177
9.3559,0.011858
9.3659,0.011957
9.3759,0.012057
9.3859,0.012152
9.3959,0.012244
9.406,0.012328
9.416,0.012413
9.426,0.01249
9.436,0.012575
9.446,0.012653
9.456,0.012725
9.4661,0.012803
9.4761,0.01288
9.4861,0.012955
9.4961,0.013026
9.5061,0.013089
9.5161,0.01314
9.5262,0.013179
9.5362,0.01322
9.5462,0.013258
9.5562,0.013295
9.5662,0.01333
9.5762,0.013359
9.5863,0.013384
9.5963,0.013407
9.6063,0.013425
9.6163,0.013441
9.6263,0.013467
9.6363,0.013488
9.6464,0.013499
9.6564,0.013502
9.6664,0.013504
9.6764,0.013495
9.6864,0.013487
9.6964,0.013473
9.7065,0.013459
9.7165,0.013439
9.7265,0.013425
9.7365,0.013405
9.7465,0.013374
9.7566,0.013345
9.7666,0.01332
9.7766,0.013287
9.7866,0.013243
9.7966,0.013205
9.8066,0.013174
9.8167,0.013128
9.8267,0.013069
9.8367,0.013007
9.8467,0.012933
9.8567,0.012865
9.8667,0.012793
9.8768,0.012712
9.8868,0.01263
9.8968,0.012545
9.9068,0.012459
9.9168,0.012375
9.9268,0.012281
9.9369,0.01218
9.9469,0.012082
9.9569,0.011973
9.9669,0.011848
9.9769,0.011729
9.9869,0.011613
9.997,0.011502
10.007,0.011384
10.017,0.011267
10.027,0.011147
10.037,0.011024
10.047,0.010906
10.057,0.010787
10.067,0.01067
10.077,0.010552
10.087,0.010431
10.097,0.010304
10.107,0.010171
10.117,0.010044
10.127,0.0099175
10.137,0.0097867
10.147,0.0096536
10.157,0.0095187
10.167,0.0093805
10.177,0.0092401
10.187,0.0091098
10.197,0.0089804
10.207,0.0088586
10.217,0.008734
10.227,0.0086089
10.237,0.008487
10.247,0.0083602
10.257,0.0082354
10.267,0.008113
10.277,0.0079904
10.287,0.0078739
10.297,0.0077562
10.307,0.0076327
10.318,0.0075207
10.328,0.0074254
10.338,0.0073302
10.348,0.007236
10.358,0.0071448
10.368,0.0070692
10.378,0.0069939
10.388,0.0069169
10.398,0.0068404
10.408,0.0067708
10.418,0.0067072
10.428,0.0066348
10.438,0.0065656
10.448,0.0065031
10.458,0.0064471
10.468,0.0063944
10.478,0.0063345
10.488,0.0062793
10.498,0.006224
10.508,0.0061767
10.518,0.0061314
10.528,0.0060908
10.538,0.0060508
10.548,0.0060075
10.558,0.0059726
10.568,0.0059406
10.578,0.0059182
10.588,0.0058961
10.598,0.0058665
10.608,0.0058391
10.618,0.0058174
10.628,0.0058033
10.638,0.0057883
10.648,0.0057797
10.658,0.0057768
10.668,0.0057732
10.678,0.0057717
10.688,0.0057799
10.698,0.0057914
10.708,0.0058029
10.718,0.0058108
10.728,0.0058173
10.738,0.0058231
10.748,0.0058328
10.758,0.0058446
10.768,0.0058633
10.778,0.0058787
10.788,0.0058949
10.798,0.0059086
10.808,0.0059211
10.818,0.0059417
10.828,0.005966
10.838,0.0059921
10.848,0.0060277
10.858,0.0060622
10.868,0.0060871
10.878,0.0061022
10.888,0.0061192
10.898,0.0061302
10.909,0.0061432
10.919,0.0061641
10.929,0.0061895
10.939,0.006211
10.949,0.0062275
10.959,0.0062512
10.969,0.0062773
10.979,0.006299
10.989,0.00632
10.999,0.006338
11.009,0.0063635
11.019,0.0063896
11.029,0.0064031
11.039,0.0064127
11.049,0.0064336
11.059,0.0064506
11.069,0.0064668
11.079,0.0064879
11.089,0.0065009
11.099,0.0065048
11.109,0.0065129
11.119,0.0065257
11.129,0.0065343
11.139,0.0065436
11.149,0.0065494
11.159,0.0065492
11.169,0.0065449
11.179,0.0065389
11.189,0.0065288
11.199,0.006521
11.209,0.006509
11.219,0.0065048
11.229,0.0064937
11.239,0.0064794
11.249,0.0064786
11.259,0.0064834
11.269,0.0064809
11.279,0.0064804
11.289,0.0064832
11.299,0.0064811
11.309,0.0064696
11.319,0.0064541
11.329,0.0064427
11.339,0.0064296
11.349,0.0064161
11.359,0.0064044
11.369,0.0063915
11.379,0.0063709
11.389,0.0063419
11.399,0.0063115
11.409,0.0062782
11.419,0.0062517
11.429,0.0062193
11.439,0.0061886
11.449,0.0061523
11.459,0.0061145
11.469,0.0060862
11.479,0.0060625
11.489,0.0060325
11.5,0.0059971
11.51,0.0059549
11.52,0.0059127
11.53,0.0058761
11.54,0.0058384
11.55,0.0057996
11.56,0.00576
11.57,0.0057285
11.58,0.0056908
11.59,0.0056508
11.6,0.0056092
11.61,0.0055593
11.62,0.0055092
11.63,0.0054583
11.64,0.0054205
11.65,0.0053687
11.66,0.0053186
11.67,0.005278
11.68,0.005232
11.69,0.0051762
11.7,0.0051194
11.71,0.005071
11.72,0.0050246
11.73,0.0049724
11.74,0.0049171
11.75,0.0048574
11.76,0.0047964
11.77,0.0047305
11.78,0.0046634
11.79,0.0045926
11.8,0.0045234
11.81,0.0044542
11.82,0.0043972
11.83,0.004335
11.84,0.004266
11.85,0.0042015
11.86,0.0041394
11.87,0.0040746
11.88,0.0040061
11.89,0.0039395
11.9,0.0038729
11.91,0.0038009
11.92,0.0037213
11.93,0.003636
11.94,0.0035555
11.95,0.0034814
11.96,0.0033995
11.97,0.0033184
11.98,0.0032364
11.99,0.0031519
12,0.0030679
12.01,0.002985
12.02,0.0029002
12.03,0.0028051
12.04,0.0027116
12.05,0.0026153
12.06,0.0025208
12.07,0.0024198
12.08,0.0023127
12.091,0.0022032
12.101,0.0020913
12.111,0.0019831
12.121,0.0018725
12.131,0.0017646
12.141,0.0016581
12.151,0.0015435
12.161,0.0014234
12.171,0.0013004
12.181,0.0011713
12.191,0.0010519
12.201,0.00092692
12.211,0.00080502
12.221,0.00068304
12.231,0.00056039
12.241,0.00044075
12.251,0.00031851
12.261,0.00020161
12.271,8.3734e-005
12.281,-2.5933e-005
12.291,-0.00012683
12.301,-0.00021972
12.311,-0.00030875
12.321,-0.0003955
12.331,-0.00047186
12.341,-0.00055805
12.351,-0.00064167
12.361,-0.00071994
12.371,-0.00078852
12.381,-0.00084325
12.391,-0.00088929
12.401,-0.00091162
12.411,-0.00092617
12.421,-0.00092686
12.431,-0.00091266
12.441,-0.00088995
12.451,-0.00085371
12.461,-0.00080576
12.471,-0.00074304
12.481,-0.0006635
12.491,-0.00056105
12.501,-0.00045345
12.511,-0.00031967
12.521,-0.00016292
12.531,1.246e-005
12.541,0.00020929
12.551,0.00042635
12.561,0.00066408
12.571,0.00092087
12.581,0.0012101
12.591,0.0015218
12.601,0.0018441
12.611,0.0021815
12.621,0.0025335
12.631,0.0029087
12.641,0.0032929
12.651,0.0036892
12.661,0.0041018
12.671,0.0045267
12.682,0.0049611
12.692,0.0053994
12.702,0.0058476
12.712,0.0063009
12.722,0.0067504
12.732,0.0072064
12.742,0.00766
12.752,0.0081095
12.762,0.0085403
12.772,0.0089618
12.782,0.0093713
12.792,0.0097639
12.802,0.010142
12.812,0.010505
12.822,0.010831
12.832,0.011135
12.842,0.011415
12.852,0.011665
12.862,0.011885
12.872,0.012075
12.882,0.012236
12.892,0.012355
12.902,0.012434
12.912,0.012473
12.922,0.012475
12.932,0.012444
12.942,0.012366
12.952,0.012235
12.962,0.012052
12.972,0.011828
12.982,0.011558
12.992,0.011241
13.002,0.010891
13.012,0.010504
13.022,0.010073
13.032,0.0096019
13.042,0.009085
13.052,0.0085257
13.062,0.0079252
13.072,0.007286
13.082,0.00661
13.092,0.0059014
13.102,0.0051546
13.112,0.0043698
13.122,0.0035623
13.132,0.0027261
13.142,0.0018631
13.152,0.00097381
13.162,7.586e-005
13.172,-0.00083804
13.182,-0.0017666
13.192,-0.0027165
13.202,-0.0036828
13.212,-0.0046842
13.222,-0.0056929
13.232,-0.0067189
13.242,-0.0077597
13.252,-0.0088209
13.262,-0.0098866
13.273,-0.01096
13.283,-0.012036
13.293,-0.013117
13.303,-0.014182
13.313,-0.015249
13.323,-0.016317
13.333,-0.017349
13.343,-0.018364
13.353,-0.019389
13.363,-0.020417
13.373,-0.021389
13.383,-0.022335
13.393,-0.02326
13.403,-0.024208
13.413,-0.025094
13.423,-0.026008
13.433,-0.026898
13.443,-0.027707
13.453,-0.028497
13.463,-0.029247
13.473,-0.029973
13.483,-0.030719
13.493,-0.031373
13.503,-0.03204
13.513,-0.032664
13.523,-0.033227
13.533,-0.033822
13.543,-0.034337
13.553,-0.034852
13.563,-0.035349
13.573,-0.035808
13.583,-0.036236
13.593,-0.036629
13.603,-0.037021
13.613,-0.03739
13.623,-0.03774
13.633,-0.038091
13.643,-0.038396
13.653,-0.038713
13.663,-0.03901
13.673,-0.039318
13.683,-0.039612
13.693,-0.039882
13.703,-0.040151
13.713,-0.040419
13.723,-0.040655
13.733,-0.040922
13.743,-0.041179
13.753,-0.041435
13.763,-0.041719
13.773,-0.041982
13.783,-0.042251
13.793,-0.042529
13.803,-0.042784
13.813,-0.043062
13.823,-0.043332
13.833,-0.043619
13.843,-0.043853
13.853,-0.044125
13.864,-0.044399
13.874,-0.044644
13.884,-0.044917
13.894,-0.045195
13.904,-0.045452
13.914,-0.045733
13.924,-0.045995
13.934,-0.046244
13.944,-0.046487
13.954,-0.046742
13.964,-0.046991
13.974,-0.047237
13.984,-0.047439
13.994,-0.047634
14.004,-0.047827
14.014,-0.047986
14.024,-0.04813
14.034,-0.048266
14.044,-0.048361
14.054,-0.048416
14.064,-0.048442
14.074,-0.048437
14.084,-0.0484
14.094,-0.048312
14.104,-0.048185
14.114,-0.047997
14.124,-0.047754
14.134,-0.047487
14.144,-0.047164
14.154,-0.046794
14.164,-0.046384
14.174,-0.04594
14.184,-0.045448
14.194,-0.04492
14.204,-0.044322
14.214,-0.043683
14.224,-0.043031
14.234,-0.042298
14.244,-0.041584
14.254,-0.040799
14.264,-0.040012
14.274,-0.039168
14.284,-0.038326
14.294,-0.037459
14.304,-0.036605
14.314,-0.035758
14.324,-0.03492
14.334,-0.034093
14.344,-0.033264
14.354,-0.032445
14.364,-0.031644
14.374,-0.030868
14.384,-0.030111
14.394,-0.029361
14.404,-0.028703
14.414,-0.028111
14.424,-0.027515
14.434,-0.026981
14.445,-0.02648
14.455,-0.026021
14.465,-0.02562
14.475,-0.02527
14.485,-0.024962
14.495,-0.024702
14.505,-0.024494
14.515,-0.024341
14.525,-0.024251
14.535,-0.024213
14.545,-0.024228
14.555,-0.024311
14.565,-0.024465
14.575,-0.024678
14.585,-0.024972
14.595,-0.025334
14.605,-0.025762
14.615,-0.02625
14.625,-0.026816
14.635,-0.027457
14.645,-0.028175
14.655,-0.028973
14.665,-0.029866
14.675,-0.030851
14.685,-0.031929
14.695,-0.033105
14.705,-0.034362
14.715,-0.035724
14.725,-0.03718
14.735,-0.038673
14.745,-0.040234
14.755,-0.041864
14.765,-0.043631
14.775,-0.045426
14.785,-0.047275
14.795,-0.049213
14.805,-0.05123
14.815,-0.053373
14.825,-0.055579
14.835,-0.057884
14.845,-0.06035
14.855,-0.062809
14.865,-0.065388
14.875,-0.067996
14.885,-0.070813
14.895,-0.073638
14.905,-0.076617
14.915,-0.079604
14.925,-0.082842
14.935,-0.085974
14.945,-0.089336
14.955,-0.092769
14.965,-0.096206
14.975,-0.099717
14.985,-0.10316
14.995,-0.10666
15.005,-0.11023
15.015,-0.11379
15.025,-0.11762
15.036,-0.12149
15.046,-0.12542
15.056,-0.1293
15.066,-0.13305
15.076,-0.13712
15.086,-0.14118
15.096,-0.14518
15.106,-0.14939
15.116,-0.15365
15.126,-0.15797
15.136,-0.16247
15.146,-0.16728
15.156,-0.17199
15.166,-0.1768
15.176,-0.18174
15.186,-0.18668
15.196,-0.1916
15.206,-0.19661
15.216,-0.20175
15.226,-0.20691
15.236,-0.21207
15.246,-0.21718
15.256,-0.22207
15.266,-0.22732
15.276,-0.2325
15.286,-0.23795
15.296,-0.24327
15.306,-0.2485
15.316,-0.25384
15.326,-0.25916
15.336,-0.26446
15.346,-0.26951
15.356,-0.27478
15.366,-0.27958
15.376,-0.28485
15.386,-0.2898
15.396,-0.29472
15.406,-0.29971
15.416,-0.30462
15.426,-0.30944
15.436,-0.31422
15.446,-0.31903
15.456,-0.32377
15.466,-0.3284
15.476,-0.33294
15.486,-0.33747
15.496,-0.34196
15.506,-0.34638
15.516,-0.35076
15.526,-0.35506
15.536,-0.35934
15.546,-0.36359
15.556,-0.36779
15.566,-0.37195
15.576,-0.37604
15.586,-0.38016
15.596,-0.38426
15.606,-0.38832
15.616,-0.39233
15.627,-0.3964
15.637,-0.40046
15.647,-0.40448
15.657,-0.40846
15.667,-0.41235
15.677,-0.41624
15.687,-0.42011
15.697,-0.42394
15.707,-0.42777
15.717,-0.43154
15.727,-0.43526
15.737,-0.43897
15.747,-0.44269
15.757,-0.44641
15.767,-0.45018
15.777,-0.45393
15.787,-0.45775
15.797,-0.46159
15.807,-0.46549
15.817,-0.46942
15.827,-0.47342
15.837,-0.47747
15.847,-0.48159
15.857,-0.48576
15.867,-0.49002
15.877,-0.49438
15.887,-0.49882
15.897,-0.50338
15.907,-0.50803
15.917,-0.51278
15.927,-0.51765
15.937,-0.52261
15.947,-0.52769
15.957,-0.53292
15.967,-0.53826
15.977,-0.54371
15.987,-0.54931
15.997,-0.55505
16.007,-0.56098
16.017,-0.56711
16.027,-0.57341
16.037,-0.57981
16.047,-0.58642
16.057,-0.59321
16.067,-0.60012
16.077,-0.60717
16.087,-0.61444
16.097,-0.62185
16.107,-0.62937
16.117,-0.63706
16.127,-0.64494
16.137,-0.65297
16.147,-0.66107
16.157,-0.66932
16.167,-0.67784
16.177,-0.68649
16.187,-0.6953
16.197,-0.70426
16.207,-0.71346
16.218,-0.72276
16.228,-0.7322
16.238,-0.74183
16.248,-0.75156
16.258,-0.76135
16.268,-0.77123
16.278,-0.78123
16.288,-0.79124
16.298,-0.8013
16.308,-0.81146
16.318,-0.82157
16.328,-0.83163
16.338,-0.8417
16.348,-0.85175
16.358,-0.86182
16.368,-0.87177
16.378,-0.8816
16.388,-0.89141
16.398,-0.90117
16.408,-0.91078
16.418,-0.92027
16.428,-0.92948
16.438,-0.93847
16.448,-0.94722
16.458,-0.95569
16.468,-0.96382
16.478,-0.97152
16.488,-0.97884
16.498,-0.98575
16.508,-0.99216
16.518,-0.99801
16.528,-1.0034
16.538,-1.0081
16.548,-1.0123
16.558,-1.0159
16.568,-1.0188
16.578,-1.0209
16.588,-1.0224
16.598,-1.023
16.608,-1.0228
16.618,-1.0218
16.628,-1.0198
16.638,-1.017
16.648,-1.0131
16.658,-1.0083
16.668,-1.0024
16.678,-0.99552
16.688,-0.98755
16.698,-0.97851
16.708,-0.9684
16.718,-0.95718
16.728,-0.94477
16.738,-0.93124
16.748,-0.91666
16.758,-0.90081
16.768,-0.8837
16.778,-0.86542
16.788,-0.84608
16.798,-0.82545
16.809,-0.80332
16.819,-0.78
16.829,-0.75575
16.839,-0.73022
16.849,-0.70336
16.859,-0.67536
16.869,-0.64625
16.879,-0.61625
16.889,-0.58531
16.899,-0.55328
16.909,-0.52045
16.919,-0.48647
16.929,-0.4518
16.939,-0.41611
16.949,-0.37967
16.959,-0.3424
16.969,-0.30445
16.979,-0.26588
16.989,-0.22648
16.999,-0.18622
17.009,-0.14558
17.019,-0.10434
17.029,-0.062667
17.039,-0.020492
17.049,0.022062
17.059,0.064726
17.069,0.10755
17.079,0.15041
17.089,0.19339
17.099,0.23604
17.109,0.27855
17.119,0.3211
17.129,0.36354
17.139,0.40562
17.149,0.44741
17.159,0.48881
17.169,0.52999
17.179,0.5709
17.189,0.61152
17.199,0.65159
17.209,0.69091
17.219,0.72965
17.229,0.76763
17.239,0.8046
17.249,0.84112
17.259,0.87677
17.269,0.91141
17.279,0.94492
17.289,0.97735
17.299,1.0089
17.309,1.0392
17.319,1.0684
17.329,1.0966
17.339,1.1237
17.349,1.1494
17.359,1.1741
17.369,1.1978
17.379,1.2203
17.389,1.2414
17.4,1.2614
17.41,1.2801
17.42,1.2974
17.43,1.3136
17.44,1.3283
17.45,1.3417
17.46,1.3536
17.47,1.3642
17.48,1.3735
17.49,1.3815
17.5,1.3881
17.51,1.3933
17.52,1.3972
17.53,1.3999
17.54,1.4012
17.55,1.4012
17.56,1.4
17.57,1.3975
17.58,1.3937
17.59,1.3887
17.6,1.3824
17.61,1.3749
17.62,1.3662
17.63,1.3563
17.64,1.3453
17.65,1.3332
17.66,1.3201
17.67,1.3058
17.68,1.2905
17.69,1.2743
17.7,1.2571
17.71,1.239
17.72,1.2199
17.73,1.1999
17.74,1.1791
17.75,1.1573
17.76,1.1348
17.77,1.1114
17.78,1.0873
17.79,1.0624
17.8,1.0369
17.81,1.0108
17.82,0.98428
17.83,0.9572
17.84,0.92955
17.85,0.90164
17.86,0.87355
17.87,0.84509
17.88,0.81632
17.89,0.78746
17.9,0.75842
17.91,0.72919
17.92,0.69989
17.93,0.67046
17.94,0.64099
17.95,0.61157
17.96,0.58211
17.97,0.55281
17.981,0.52346
17.991,0.49412
18.001,0.46508
18.011,0.43641
18.021,0.40784
18.031,0.37982
18.041,0.35215
18.051,0.32499
18.061,0.29837
18.071,0.27228
18.081,0.24688
18.091,0.22195
18.101,0.19761
18.111,0.17396
18.121,0.15097
18.131,0.12873
18.141,0.10727
18.151,0.086476
18.161,0.066393
18.171,0.047148
18.181,0.02876
18.191,0.011102
18.201,-0.0057012
18.211,-0.021409
18.221,-0.036074
18.231,-0.049778
18.241,-0.062457
18.251,-0.074073
18.261,-0.084606
18.271,-0.094126
18.281,-0.10259
18.291,-0.11008
18.301,-0.11649
18.311,-0.12187
18.321,-0.12621
18.331,-0.12955
18.341,-0.13187
18.351,-0.13315
18.361,-0.13342
18.371,-0.13266
18.381,-0.1309
18.391,-0.12812
18.401,-0.12432
18.411,-0.1196
18.421,-0.11393
18.431,-0.10735
18.441,-0.099886
18.451,-0.091642
18.461,-0.082535
18.471,-0.072577
18.481,-0.061949
18.491,-0.050639
18.501,-0.03855
18.511,-0.025836
18.521,-0.012529
18.531,0.0014584
18.541,0.016086
18.551,0.031207
18.561,0.046963
18.572,0.063342
18.582,0.080028
18.592,0.09717
18.602,0.11472
18.612,0.13269
18.622,0.15099
18.632,0.16966
18.642,0.18861
18.652,0.20784
18.662,0.22729
18.672,0.24691
18.682,0.26659
18.692,0.28641
18.702,0.3063
18.712,0.32644
18.722,0.3466
18.732,0.36669
18.742,0.38674
18.752,0.40687
18.762,0.42699
18.772,0.44728
18.782,0.46734
18.792,0.48729
18.802,0.50706
18.812,0.52676
18.822,0.54635
18.832,0.56565
18.842,0.58464
18.852,0.60341
18.862,0.62189
18.872,0.64009
18.882,0.65815
18.892,0.676
18.902,0.69357
18.912,0.71095
18.922,0.72814
18.932,0.74508
18.942,0.7617
18.952,0.77803
18.962,0.79406
18.972,0.80981
18.982,0.8254
18.992,0.84066
19.002,0.8555
19.012,0.86998
19.022,0.88409
19.032,0.89785
19.042,0.91128
19.052,0.92427
19.062,0.93689
19.072,0.94917
19.082,0.96118
19.092,0.97278
19.102,0.98395
19.112,0.99481
19.122,1.0053
19.132,1.0155
19.142,1.0253
19.152,1.0348
19.163,1.0439
19.173,1.0526
19.183,1.061
19.193,1.069
19.203,1.0767
19.213,1.0839
19.223,1.0907
19.233,1.0972
19.243,1.1032
19.253,1.1089
19.263,1.1142
19.273,1.1191
19.283,1.1237
19.293,1.1279
19.303,1.1317
19.313,1.1352
19.323,1.1383
19.333,1.1411
19.343,1.1435
19.353,1.1456
19.363,1.1473
19.373,1.1486
19.383,1.1496
19.393,1.1502
19.403,1.1505
19.413,1.1505
19.423,1.1501
19.433,1.1494
19.443,1.1484
19.453,1.147
19.463,1.1454
19.473,1.1434
19.483,1.1412
19.493,1.1386
19.503,1.1358
19.513,1.1327
19.523,1.1293
19.533,1.1255
19.543,1.1215
19.553,1.1172
19.563,1.1127
19.573,1.1078
19.583,1.1028
19.593,1.0974
19.603,1.0917
19.613,1.0858
19.623,1.0797
19.633,1.0733
19.643,1.0667
19.653,1.0598
19.663,1.0528
19.673,1.0455
19.683,1.038
19.693,1.0302
19.703,1.0222
19.713,1.0141
19.723,1.0056
19.733,0.99698
19.743,0.98811
19.754,0.97898
19.764,0.96962
19.774,0.95999
19.784,0.95025
19.794,0.94024
19.804,0.93004
19.814,0.91964
19.824,0.90909
19.834,0.89833
19.844,0.88739
19.854,0.87633
19.864,0.86505
19.874,0.85359
19.884,0.84195
19.894,0.8302
19.904,0.8183
19.914,0.80619
19.924,0.79382
19.934,0.78134
19.944,0.76864
19.954,0.75578
19.964,0.74268
19.974,0.72943
19.984,0.71605
19.994,0.70257
20.004,0.689
20.014,0.67522
20.024,0.66134
20.034,0.64738
20.044,0.63336
20.054,0.61926
20.064,0.60503
20.074,0.59075
20.084,0.57636
20.094,0.5619
20.104,0.54726
20.114,0.53258
20.124,0.51774
20.134,0.50279
20.144,0.48771
20.154,0.47248
20.164,0.45717
20.174,0.44166
20.184,0.42609
20.194,0.41049
20.204,0.39489
20.214,0.37924
20.224,0.36349
20.234,0.34769
20.244,0.33196
20.254,0.31616
20.264,0.30036
20.274,0.28454
20.284,0.26866
20.294,0.25276
20.304,0.23676
20.314,0.22076
20.324,0.2048
20.334,0.18867
20.345,0.17255
20.355,0.15643
20.365,0.14031
20.375,0.12414
20.385,0.10792
20.395,0.091701
20.405,0.075604
20.415,0.05949
20.425,0.043381
20.435,0.027332
20.445,0.011318
20.455,-0.0046477
20.465,-0.020548
20.475,-0.036397
20.485,-0.052214
20.495,-0.068009
20.505,-0.083825
20.515,-0.099544
20.525,-0.1152
20.535,-0.13085
20.545,-0.14643
20.555,-0.16197
20.565,-0.17754
20.575,-0.193
20.585,-0.2083
20.595,-0.22359
20.605,-0.23873
20.615,-0.25371
20.625,-0.26864
20.635,-0.28342
20.645,-0.29798
20.655,-0.31246
20.665,-0.32683
20.675,-0.34105
20.685,-0.35504
20.695,-0.36888
20.705,-0.38267
20.715,-0.39638
20.725,-0.41004
20.735,-0.42362
20.745,-0.43707
20.755,-0.45042
20.765,-0.46361
20.775,-0.47669
20.785,-0.48967
20.795,-0.50248
20.805,-0.51514
20.815,-0.52767
20.825,-0.54005
20.835,-0.55223
20.845,-0.56423
20.855,-0.57609
20.865,-0.58778
20.875,-0.59929
20.885,-0.61068
20.895,-0.62188
20.905,-0.63298
20.915,-0.64393
20.925,-0.65471
20.936,-0.66525
20.946,-0.67568
20.956,-0.68592
20.966,-0.69605
20.976,-0.70594
20.986,-0.7157
20.996,-0.72527
21.006,-0.73466
21.016,-0.74385
21.026,-0.75279
21.036,-0.76159
21.046,-0.77021
21.056,-0.7786
21.066,-0.78678
21.076,-0.79479
21.086,-0.80264
21.096,-0.81034
21.106,-0.81787
21.116,-0.82521
21.126,-0.83241
21.136,-0.83943
21.146,-0.84623
21.156,-0.85289
21.166,-0.85935
21.176,-0.86561
21.186,-0.87166
21.196,-0.87752
21.206,-0.88316
21.216,-0.88856
21.226,-0.89372
21.236,-0.89868
21.246,-0.90342
21.256,-0.90789
21.266,-0.91213
21.276,-0.91612
21.286,-0.91987
21.296,-0.92334
21.306,-0.92658
21.316,-0.92957
21.326,-0.9323
21.336,-0.93476
21.346,-0.93698
21.356,-0.93893
21.366,-0.9406
21.376,-0.94198
21.386,-0.94308
21.396,-0.9439
21.406,-0.94442
21.416,-0.94465
21.426,-0.94459
21.436,-0.94425
21.446,-0.94361
21.456,-0.94268
21.466,-0.94147
21.476,-0.93997
21.486,-0.9382
21.496,-0.93616
21.506,-0.93383
21.516,-0.9312
21.527,-0.9283
21.537,-0.9251
21.547,-0.92165
21.557,-0.91792
21.567,-0.91391
21.577,-0.90963
21.587,-0.9051
21.597,-0.90031
21.607,-0.8953
21.617,-0.89005
21.627,-0.88457
21.637,-0.8789
21.647,-0.873
21.657,-0.86691
21.667,-0.86063
21.677,-0.85418
21.687,-0.84753
21.697,-0.84071
21.707,-0.83371
21.717,-0.82657
21.727,-0.81923
21.737,-0.81177
21.747,-0.80416
21.757,-0.79639
21.767,-0.78853
21.777,-0.78054
21.787,-0.77239
21.797,-0.76415
21.807,-0.75584
21.817,-0.74744
21.827,-0.73896
21.837,-0.73044
21.847,-0.72186
21.857,-0.71327
21.867,-0.70466
21.877,-0.69599
21.887,-0.68726
21.897,-0.67853
21.907,-0.66978
21.917,-0.66103
21.927,-0.65225
21.937,-0.64345
21.947,-0.63464
21.957,-0.62583
21.967,-0.617
21.977,-0.60812
21.987,-0.59927
21.997,-0.59048
22.007,-0.58174
22.017,-0.57299
22.027,-0.5643
22.037,-0.55567
22.047,-0.54707
22.057,-0.53857
22.067,-0.53009
22.077,-0.52166
22.087,-0.51334
22.097,-0.50505
22.108,-0.49677
22.118,-0.48859
22.128,-0.48047
22.138,-0.47244
22.148,-0.46448
22.158,-0.45656
22.168,-0.44866
22.178,-0.44078
22.188,-0.43302
22.198,-0.42535
22.208,-0.41773
22.218,-0.41019
22.228,-0.40275
22.238,-0.39539
22.248,-0.38815
22.258,-0.38099
22.268,-0.37393
22.278,-0.36698
22.288,-0.36011
22.298,-0.35331
22.308,-0.34661
22.318,-0.33998
22.328,-0.33343
22.338,-0.327
22.348,-0.32063
22.358,-0.31433
22.368,-0.30808
22.378,-0.3019
22.388,-0.2958
22.398,-0.28975
22.408,-0.2838
22.418,-0.27795
22.428,-0.2722
22.438,-0.26649
22.448,-0.26087
22.458,-0.25535
22.468,-0.24992
22.478,-0.24457
22.488,-0.23927
22.498,-0.23407
22.508,-0.22891
22.518,-0.22382
22.528,-0.2188
22.538,-0.21386
22.548,-0.20898
22.558,-0.20415
22.568,-0.19935
22.578,-0.19459
22.588,-0.18989
22.598,-0.18524
22.608,-0.18063
22.618,-0.17609
22.628,-0.17158
22.638,-0.16712
22.648,-0.16266
22.658,-0.15827
22.668,-0.15393
22.678,-0.14963
22.688,-0.14536
22.699,-0.14113
22.709,-0.1369
22.719,-0.1327
22.729,-0.12854
22.739,-0.12441
22.749,-0.12028
22.759,-0.11614
22.769,-0.11201
22.779,-0.10792
22.789,-0.10383
22.799,-0.099722
22.809,-0.095643
22.819,-0.091565
22.829,-0.087491
22.839,-0.083436
22.849,-0.079392
22.859,-0.075356
22.869,-0.071323
22.879,-0.06728
22.889,-0.063269
22.899,-0.059248
22.909,-0.055228
22.919,-0.051198
22.929,-0.047159
22.939,-0.04312
22.949,-0.039049
22.959,-0.034976
22.969,-0.030902
22.979,-0.026822
22.989,-0.022718
22.999,-0.01861
23.009,-0.014485
23.019,-0.010351
23.029,-0.0061987
23.039,-0.0020786
23.049,0.0020415
23.059,0.0061522
23.069,0.01025
23.079,0.014322
23.089,0.018389
23.099,0.02244
23.109,0.026473
23.119,0.030509
23.129,0.034512
23.139,0.038484
23.149,0.042443
23.159,0.046377
23.169,0.050287
23.179,0.054178
23.189,0.058047
23.199,0.061884
23.209,0.065678
23.219,0.069437
23.229,0.073177
23.239,0.076884
23.249,0.080542
23.259,0.084146
23.269,0.087697
23.279,0.091186
23.29,0.094611
23.3,0.09799
23.31,0.10129
23.32,0.10452
23.33,0.10768
23.34,0.11078
23.35,0.11383
23.36,0.11678
23.37,0.11967
23.38,0.12249
23.39,0.12522
23.4,0.12789
23.41,0.13047
23.42,0.13297
23.43,0.13539
23.44,0.13773
23.45,0.13998
23.46,0.14213
23.47,0.1442
23.48,0.14618
23.49,0.14808
23.5,0.14988
23.51,0.1516
23.52,0.15322
23.53,0.15476
23.54,0.15621
23.55,0.15756
23.56,0.15884
23.57,0.16002
23.58,0.16111
23.59,0.16211
23.6,0.16303
23.61,0.16386
23.62,0.1646
23.63,0.16525
23.64,0.1658
23.65,0.16627
23.66,0.16665
23.67,0.16695
23.68,0.16716
23.69,0.16728
23.7,0.16731
23.71,0.16726
23.72,0.16712
23.73,0.16689
23.74,0.16658
23.75,0.16619
23.76,0.16572
23.77,0.16517
23.78,0.16454
23.79,0.16383
23.8,0.16304
23.81,0.16217
23.82,0.16122
23.83,0.1602
23.84,0.1591
23.85,0.15792
23.86,0.15666
23.87,0.15533
23.881,0.15393
23.891,0.15246
23.901,0.15092
23.911,0.14932
23.921,0.14767
23.931,0.14596
23.941,0.1442
23.951,0.14236
23.961,0.14044
23.971,0.13845
23.981,0.13641
23.991,0.13431
24.001,0.13217
24.011,0.12996
24.021,0.12769
24.031,0.12536
24.041,0.12297
24.051,0.12055
24.061,0.11806
24.071,0.11554
24.081,0.11298
24.091,0.11039
24.101,0.10774
24.111,0.10506
24.121,0.10238
24.131,0.099648
24.141,0.096877
24.151,0.09409
24.161,0.09128
24.171,0.08844
24.181,0.085546
24.191,0.082651
24.201,0.079744
24.211,0.076819
24.221,0.073883
24.231,0.07094
24.241,0.067999
24.251,0.065044
24.261,0.062068
24.271,0.059084
24.281,0.056102
24.291,0.053146
24.301,0.050201
24.311,0.047267
24.321,0.04435
24.331,0.041444
24.341,0.038554
24.351,0.035695
24.361,0.032855
24.371,0.030039
24.381,0.027238
24.391,0.024447
24.401,0.021689
24.411,0.018948
24.421,0.016229
24.431,0.013525
24.441,0.010852
24.451,0.0082082
24.461,0.0056079
24.472,0.0030312
24.482,0.00047582
24.492,-0.002026
24.502,-0.0044757
24.512,-0.0068736
24.522,-0.0092381
24.532,-0.011559
24.542,-0.013829
24.552,-0.016055
24.562,-0.018239
24.572,-0.020376
24.582,-0.022488
24.592,-0.024567
24.602,-0.026593
24.612,-0.028595
24.622,-0.030559
24.632,-0.032479
24.642,-0.034382
24.652,-0.036261
24.662,-0.038108
24.672,-0.039924
24.682,-0.041713
24.692,-0.043478
24.702,-0.045215
24.712,-0.046921
24.722,-0.048619
24.732,-0.050305
24.742,-0.051968
24.752,-0.053607
24.762,-0.055241
24.772,-0.056869
24.782,-0.058481
24.792,-0.060094
24.802,-0.061706
24.812,-0.063326
24.822,-0.064941
24.832,-0.066552
24.842,-0.068158
24.852,-0.069778
24.862,-0.071424
24.872,-0.073074
24.882,-0.074717
24.892,-0.076364
24.902,-0.078016
24.912,-0.079661
24.922,-0.081328
24.932,-0.083006
24.942,-0.084695
24.952,-0.086394
24.962,-0.0881
24.972,-0.08982
24.982,-0.091561
24.992,-0.093306
25.002,-0.095073
25.012,-0.096864
25.022,-0.098659
25.032,-0.10046
25.042,-0.10227
25.052,-0.10409
25.063,-0.10593
25.073,-0.10779
25.083,-0.10967
25.093,-0.11155
25.103,-0.11342
25.113,-0.1153
25.123,-0.1172
25.133,-0.1191
25.143,-0.121
25.153,-0.12289
25.163,-0.12477
25.173,-0.12666
25.183,-0.12856
25.193,-0.13047
25.203,-0.13237
25.213,-0.13426
25.223,-0.13615
25.233,-0.13804
25.243,-0.13992
25.253,-0.14179
25.263,-0.14365
25.273,-0.14551
25.283,-0.14735
25.293,-0.14916
25.303,-0.15096
25.313,-0.15274
25.323,-0.1545
25.333,-0.15624
25.343,-0.15794
25.353,-0.15962
25.363,-0.16126
25.373,-0.16287
25.383,-0.16445
25.393,-0.16602
25.403,-0.16754
25.413,-0.16903
25.423,-0.17049
25.433,-0.17192
25.443,-0.17331
25.453,-0.17467
25.463,-0.17599
25.473,-0.17726
25.483,-0.1785
25.493,-0.1797
25.503,-0.18086
25.513,-0.18197
25.523,-0.18304
25.533,-0.18404
25.543,-0.185
25.553,-0.18591
25.563,-0.18676
25.573,-0.18756
25.583,-0.18831
25.593,-0.18902
25.603,-0.18967
25.613,-0.19027
25.623,-0.19081
25.633,-0.19129
25.643,-0.19173
25.654,-0.1921
25.664,-0.19243
25.674,-0.19269
25.684,-0.1929
25.694,-0.19305
25.704,-0.19315
25.714,-0.1932
25.724,-0.19319
25.734,-0.19312
25.744,-0.193
25.754,-0.19282
25.764,-0.19259
25.774,-0.19231
25.784,-0.19198
25.794,-0.19159
25.804,-0.19116
25.814,-0.19067
25.824,-0.19014
25.834,-0.18956
25.844,-0.18892
25.854,-0.18824
25.864,-0.18751
25.874,-0.18673
25.884,-0.18592
25.894,-0.18506
25.904,-0.18416
25.914,-0.18323
25.924,-0.18227
25.934,-0.18126
25.944,-0.18023
25.954,-0.17917
25.964,-0.17807
25.974,-0.17694
25.984,-0.17577
25.994,-0.17458
26.004,-0.17336
26.014,-0.17211
26.024,-0.17083
26.034,-0.16953
26.044,-0.16819
26.054,-0.16685
26.064,-0.16547
26.074,-0.16408
26.084,-0.16268
26.094,-0.16125
26.104,-0.15982
26.114,-0.15837
26.124,-0.15691
26.134,-0.15543
26.144,-0.15395
26.154,-0.15245
26.164,-0.15096
26.174,-0.14945
26.184,-0.14794
26.194,-0.14643
26.204,-0.14491
26.214,-0.14338
26.224,-0.14186
26.235,-0.14035
26.245,-0.13884
26.255,-0.13734
26.265,-0.13583
26.275,-0.13432
26.285,-0.13281
26.295,-0.13131
26.305,-0.12981
26.315,-0.12832
26.325,-0.12682
26.335,-0.12534
26.345,-0.12385
26.355,-0.12238
26.365,-0.1209
26.375,-0.11942
26.385,-0.11796
26.395,-0.11649
26.405,-0.11502
26.415,-0.11354
26.425,-0.11207
26.435,-0.11059
26.445,-0.10912
26.455,-0.10766
26.465,-0.10619
26.475,-0.10472
26.485,-0.10323
26.495,-0.10176
26.505,-0.10029
26.515,-0.098792
26.525,-0.097313
26.535,-0.095833
26.545,-0.094332
26.555,-0.092832
26.565,-0.091324
26.575,-0.089825
26.585,-0.088319
26.595,-0.086809
26.605,-0.085293
26.615,-0.083761
26.625,-0.082227
26.635,-0.080681
26.645,-0.079126
26.655,-0.077556
26.665,-0.075968
26.675,-0.074362
26.685,-0.072741
26.695,-0.071102
26.705,-0.069449
26.715,-0.067798
26.725,-0.066139
26.735,-0.064456
26.745,-0.062765
26.755,-0.061054
26.765,-0.059334
26.775,-0.057616
26.785,-0.055894
26.795,-0.054159
26.805,-0.052401
26.815,-0.050632
26.826,-0.048859
26.836,-0.047075
26.846,-0.045267
26.856,-0.043458
26.866,-0.041644
26.876,-0.039835
26.886,-0.038006
26.896,-0.03615
26.906,-0.034296
26.916,-0.032442
26.926,-0.030588
26.936,-0.028738
26.946,-0.026889
26.956,-0.025044
26.966,-0.023201
26.976,-0.021371
26.986,-0.01955
26.996,-0.017729
27.006,-0.015901
27.016,-0.014081
27.026,-0.012268
27.036,-0.010467
27.046,-0.0086769
27.056,-0.0068782
27.066,-0.0050984
27.076,-0.003319
27.086,-0.0015563
27.096,0.00019532
27.106,0.0019382
27.116,0.0036654
27.126,0.0053887
27.136,0.0070984
27.146,0.0087906
27.156,0.010455
27.166,0.01211
27.176,0.013741
27.186,0.015346
27.196,0.016929
27.206,0.018502
27.216,0.020048
27.226,0.021573
27.236,0.023068
27.246,0.024537
27.256,0.025992
27.266,0.027425
27.276,0.028837
27.286,0.030211
27.296,0.031558
27.306,0.032891
27.316,0.034196
27.326,0.035474
27.336,0.036719
27.346,0.037927
27.356,0.0391
27.366,0.040239
27.376,0.041341
27.386,0.042414
27.396,0.043452
27.406,0.044445
27.417,0.045401
27.427,0.046322
27.437,0.047208
27.447,0.048066
27.457,0.048887
27.467,0.049668
27.477,0.050415
27.487,0.051125
27.497,0.0518
27.507,0.052437
27.517,0.053026
27.527,0.053584
27.537,0.054109
27.547,0.054596
27.557,0.055034
27.567,0.055421
27.577,0.055768
27.587,0.056074
27.597,0.056337
27.607,0.056567
27.617,0.056765
27.627,0.056927
27.637,0.057045
27.647,0.057122
27.657,0.057161
27.667,0.05716
27.677,0.057126
27.687,0.057048
27.697,0.056938
27.707,0.056797
27.717,0.056621
27.727,0.056419
27.737,0.056184
27.747,0.055908
27.757,0.055604
27.767,0.055282
27.777,0.054933
27.787,0.054553
27.797,0.05415
27.807,0.053721
27.817,0.053264
27.827,0.052785
27.837,0.052288
27.847,0.051766
27.857,0.051228
27.867,0.050663
27.877,0.050073
27.887,0.049473
27.897,0.048848
27.907,0.048207
27.917,0.047552
27.927,0.046881
27.937,0.046198
27.947,0.0455
27.957,0.044793
27.967,0.044084
27.977,0.043363
27.987,0.042629
27.997,0.041896
28.008,0.041159
28.018,0.040414
28.028,0.039665
28.038,0.038909
28.048,0.038156
28.058,0.037394
28.068,0.036641
28.078,0.03589
28.088,0.035138
28.098,0.034394
28.108,0.033658
28.118,0.032929
28.128,0.032211
28.138,0.031506
28.148,0.030814
28.158,0.030132
28.168,0.029465
28.178,0.02881
28.188,0.028163
28.198,0.027537
28.208,0.026926
28.218,0.026334
28.228,0.025757
28.238,0.025197
28.248,0.024662
28.258,0.024147
28.268,0.023651
28.278,0.023179
28.288,0.022723
28.298,0.022292
28.308,0.021889
28.318,0.02151
28.328,0.021157
28.338,0.020835
28.348,0.020545
28.358,0.020287
28.368,0.020063
28.378,0.019862
28.388,0.019697
28.398,0.019576
28.408,0.01949
28.418,0.019431
28.428,0.019405
28.438,0.019407
28.448,0.019445
28.458,0.019524
28.468,0.019631
28.478,0.019786
28.488,0.019967
28.498,0.020184
28.508,0.020443
28.518,0.020733
28.528,0.021066
28.538,0.021436
28.548,0.021842
28.558,0.022287
28.568,0.022753
28.578,0.023258
28.588,0.0238
28.599,0.02438
28.609,0.024988
28.619,0.025626
28.629,0.026287
28.639,0.026976
28.649,0.027689
28.659,0.028439
28.669,0.029214
28.679,0.030009
28.689,0.030822
28.699,0.031647
28.709,0.032492
28.719,0.033355
28.729,0.034233
28.739,0.035108
28.749,0.035993
28.759,0.036884
28.769,0.037776
28.779,0.038667
28.789,0.039551
28.799,0.040431
28.809,0.041295
28.819,0.04214
28.829,0.042974
28.839,0.043799
28.849,0.044602
28.859,0.045373
28.869,0.046124
28.879,0.046844
28.889,0.047531
28.899,0.04819
28.909,0.04881
28.919,0.0494
28.929,0.049946
28.939,0.050453
28.949,0.050913
28.959,0.051334
28.969,0.051713
28.979,0.052044
28.989,0.052333
28.999,0.052568
29.009,0.052752
29.019,0.052888
29.029,0.052981
29.039,0.05303
29.049,0.053029
29.059,0.052974
29.069,0.05288
29.079,0.052743
29.089,0.052548
29.099,0.052295
29.109,0.052003
29.119,0.051677
29.129,0.051305
29.139,0.050883
29.149,0.050431
29.159,0.049949
29.169,0.049433
29.179,0.048891
29.19,0.048319
29.2,0.047721
29.21,0.047101
29.22,0.046467
29.23,0.045806
29.24,0.045115
29.25,0.044398
29.26,0.043677
29.27,0.042952
29.28,0.042215
29.29,0.041464
29.3,0.040706
29.31,0.039954
29.32,0.039186
29.33,0.03841
29.34,0.037641
29.35,0.036872
29.36,0.036102
29.37,0.035345
29.38,0.034592
29.39,0.033841
29.4,0.033103
29.41,0.032382
29.42,0.031684
29.43,0.031002
29.44,0.030334
29.45,0.029686
29.46,0.029051
29.47,0.028416
29.48,0.027797
29.49,0.027198
29.5,0.026599
29.51,0.026002
29.52,0.025413
29.53,0.024821
29.54,0.024234
29.55,0.023641
29.56,0.023043
29.57,0.022454
29.58,0.021869
29.59,0.021283
29.6,0.020704
29.61,0.020112
29.62,0.019511
29.63,0.018908
29.64,0.018295
29.65,0.017673
29.66,0.017045
29.67,0.016407
29.68,0.015756
29.69,0.01508
29.7,0.014395
29.71,0.013699
29.72,0.012989
29.73,0.012262
29.74,0.01152
29.75,0.010768
29.76,0.010003
29.771,0.0092297
29.781,0.0084434
29.791,0.0076504
29.801,0.006844
29.811,0.006025
29.821,0.0052009
29.831,0.0043712
29.841,0.0035441
29.851,0.0026983
29.861,0.0018453
29.871,0.00099701
29.881,0.0001368
29.891,-0.00073255
29.901,-0.0016018
29.911,-0.0024682
29.921,-0.0033266
29.931,-0.0041839
29.941,-0.0050327
29.951,-0.0058819
29.961,-0.0067227
29.971,-0.0075518
29.981,-0.0083614
29.991,-0.0091526
30.001,-0.0099297
30.011,-0.010689
30.021,-0.011425
30.031,-0.012136
30.041,-0.012818
30.051,-0.013479
30.061,-0.014114
30.071,-0.014728
30.081,-0.015321
30.091,-0.015876
30.101,-0.016401
30.111,-0.016896
30.121,-0.017358
30.131,-0.017789
30.141,-0.018179
30.151,-0.018544
30.161,-0.018874
30.171,-0.019173
30.181,-0.019437
30.191,-0.019662
30.201,-0.019847
30.211,-0.019998
30.221,-0.020111
30.231,-0.020195
30.241,-0.020243
30.251,-0.020266
30.261,-0.020255
30.271,-0.020209
30.281,-0.020137
30.291,-0.020035
30.301,-0.019906
30.311,-0.019749
30.321,-0.019562
30.331,-0.019355
30.341,-0.019128
30.351,-0.01888
30.362,-0.018613
30.372,-0.018322
30.382,-0.018018
30.392,-0.017702
30.402,-0.017366
30.412,-0.017013
30.422,-0.016649
30.432,-0.016276
30.442,-0.015887
30.452,-0.015481
30.462,-0.015065
30.472,-0.014637
30.482,-0.01421
30.492,-0.013774
30.502,-0.013329
30.512,-0.012878
30.522,-0.012417
30.532,-0.011947
30.542,-0.011479
30.552,-0.011012
30.562,-0.010548
30.572,-0.010086
30.582,-0.0096226
30.592,-0.0091618
30.602,-0.0086999
30.612,-0.0082407
30.622,-0.0077787
30.632,-0.0073079
30.642,-0.0068372
30.652,-0.0063652
30.662,-0.0058964
30.672,-0.005434
30.682,-0.0049774
30.692,-0.0045184
30.702,-0.0040696
30.712,-0.0036265
30.722,-0.0031856
30.732,-0.0027438
30.742,-0.0023057
30.752,-0.0018754
30.762,-0.0014449
30.772,-0.0010222
30.782,-0.00060372
30.792,-0.00018617
30.802,0.00022206
30.812,0.00062813
30.822,0.0010208
30.832,0.0014093
30.842,0.0017954
30.852,0.0021787
30.862,0.0025621
30.872,0.0029467
30.882,0.0033402
30.892,0.0037308
30.902,0.0041182
30.912,0.0044993
30.922,0.0048812
30.932,0.0052607
30.942,0.0056378
30.953,0.0060128
30.963,0.0063886
30.973,0.0067741
30.983,0.0071584
30.993,0.0075494
31.003,0.0079417
31.013,0.0083457
31.023,0.0087574
31.033,0.009181
31.043,0.0096174
31.053,0.010052
31.063,0.010493
31.073,0.010937
31.083,0.011393
31.093,0.011855
31.103,0.012321
31.113,0.012794
31.123,0.013277
31.133,0.013775
31.143,0.014274
31.153,0.014788
31.163,0.015313
31.173,0.01584
31.183,0.016377
31.193,0.016919
31.203,0.017468
31.213,0.018027
31.223,0.018591
31.233,0.019157
31.243,0.019725
31.253,0.020295
31.263,0.020874
31.273,0.021452
31.283,0.022025
31.293,0.022591
31.303,0.023156
31.313,0.023721
31.323,0.024285
31.333,0.024836
31.343,0.025373
31.353,0.025887
31.363,0.026378
31.373,0.026857
31.383,0.02732
31.393,0.027758
31.403,0.028161
31.413,0.028541
31.423,0.028897
31.433,0.029231
31.443,0.029526
31.453,0.02979
31.463,0.030015
31.473,0.030201
31.483,0.030351
31.493,0.030469
31.503,0.030555
31.513,0.030598
31.523,0.030601
31.533,0.030564
31.544,0.03049
31.554,0.030382
31.564,0.030229
31.574,0.030039
31.584,0.029817
31.594,0.029557
31.604,0.029273
31.614,0.02896
31.624,0.028604
31.634,0.028215
31.644,0.027793
31.654,0.02733
31.664,0.026827
31.674,0.026294
31.684,0.025738
31.694,0.025139
31.704,0.024504
31.714,0.023864
31.724,0.023227
31.734,0.022565
31.744,0.02189
31.754,0.021204
31.764,0.02054
31.774,0.019885
31.784,0.019247
31.794,0.018622
31.804,0.017976
31.814,0.017358
31.824,0.016764
31.834,0.01621
31.844,0.015682
31.854,0.015178
31.864,0.014695
31.874,0.014226
31.884,0.013778
31.894,0.01336
31.904,0.012958
31.914,0.012572
31.924,0.012219
31.934,0.011881
31.944,0.011562
31.954,0.011261
31.964,0.010988
31.974,0.010743
31.984,0.010532
31.994,0.010347
32.004,0.010186
32.014,0.010054
32.024,0.0099472
32.034,0.009867
32.044,0.0098085
32.054,0.0097815
32.064,0.0097855
32.074,0.0098247
32.084,0.0098994
32.094,0.010001
32.104,0.010133
32.114,0.010289
32.124,0.010473
32.135,0.010686
32.145,0.01093
32.155,0.011207
32.165,0.011512
32.175,0.011846
32.185,0.012206
32.195,0.0126
32.205,0.013015
32.215,0.01345
32.225,0.013912
32.235,0.014404
32.245,0.014909
32.255,0.015441
32.265,0.01599
32.275,0.016554
32.285,0.017138
32.295,0.01775
32.305,0.018389
32.315,0.019049
32.325,0.019732
32.335,0.020431
32.345,0.021139
32.355,0.021863
32.365,0.022609
32.375,0.023363
32.385,0.024132
32.395,0.024904
32.405,0.025685
32.415,0.026475
32.425,0.027268
32.435,0.028064
32.445,0.028861
32.455,0.029661
32.465,0.030456
32.475,0.031237
32.485,0.032016
32.495,0.03279
32.505,0.03356
32.515,0.034318
32.525,0.035054
32.535,0.035765
32.545,0.03646
32.555,0.037131
32.565,0.037784
32.575,0.038413
32.585,0.039006
32.595,0.03957
32.605,0.040113
32.615,0.04063
32.625,0.041109
32.635,0.04156
32.645,0.041984
32.655,0.042383
32.665,0.042769
32.675,0.043114
32.685,0.04342
32.695,0.043697
32.705,0.043952
32.715,0.044176
32.726,0.044372
32.736,0.044535
32.746,0.044672
32.756,0.04479
32.766,0.044879
32.776,0.044935
32.786,0.044971
32.796,0.044989
32.806,0.044986
32.816,0.044965
32.826,0.044932
32.836,0.044892
32.846,0.044841
32.856,0.044775
32.866,0.044696
32.876,0.044616
32.886,0.044524
32.896,0.044426
32.906,0.044327
32.916,0.044224
32.926,0.044121
32.936,0.044014
32.946,0.043905
32.956,0.043792
32.966,0.043678
32.976,0.043564
32.986,0.043448
32.996,0.043341
33.006,0.043234
33.016,0.043121
33.026,0.043012
33.036,0.042898
33.046,0.04278
33.056,0.042653
33.066,0.042522
33.076,0.042382
33.086,0.042231
33.096,0.042062
33.106,0.041882
33.116,0.04168
33.126,0.041462
33.136,0.041228
33.146,0.04098
33.156,0.040709
33.166,0.040412
33.176,0.040094
33.186,0.039748
33.196,0.039369
33.206,0.038957
33.216,0.038514
33.226,0.038035
33.236,0.037512
33.246,0.03695
33.256,0.036347
33.266,0.035713
33.276,0.035041
33.286,0.034332
33.296,0.033573
33.306,0.032782
33.317,0.031953
33.327,0.031096
33.337,0.030195
33.347,0.029255
33.357,0.028279
33.367,0.027269
33.377,0.026223
33.387,0.025149
33.397,0.024053
33.407,0.02293
33.417,0.02177
33.427,0.020591
33.437,0.0194
33.447,0.018193
33.457,0.016976
33.467,0.015752
33.477,0.014522
33.487,0.013299
33.497,0.012077
33.507,0.010873
33.517,0.009673
33.527,0.0084849
33.537,0.0073112
33.547,0.0061633
33.557,0.0050272
33.567,0.0039224
33.577,0.002861
33.587,0.0018351
33.597,0.00084664
33.607,-0.00010079
33.617,-0.001015
33.627,-0.0018866
33.637,-0.0027037
33.647,-0.0034689
33.657,-0.0041803
33.667,-0.0048333
33.677,-0.0054246
33.687,-0.0059611
33.697,-0.0064413
33.707,-0.0068591
33.717,-0.0072079
33.727,-0.0074965
33.737,-0.0077249
33.747,-0.0078921
33.757,-0.0079928
33.767,-0.0080269
33.777,-0.0079956
33.787,-0.0079047
33.797,-0.0077623
33.807,-0.0075657
33.817,-0.0073005
33.827,-0.0069819
33.837,-0.0066087
33.847,-0.0061763
33.857,-0.005689
33.867,-0.0051528
33.877,-0.0045712
33.887,-0.0039382
33.898,-0.0032524
33.908,-0.0025229
33.918,-0.0017504
33.928,-0.00094755
33.938,-0.00011457
33.948,0.00075406
33.958,0.0016606
33.968,0.0025986
33.978,0.0035684
33.988,0.0045569
33.998,0.0055765
34.008,0.0066167
34.018,0.0076769
34.028,0.0087576
34.038,0.0098591
34.048,0.010973
34.058,0.012097
34.068,0.013224
34.078,0.014362
34.088,0.015501
34.098,0.016634
34.108,0.017758
34.118,0.018876
34.128,0.019991
34.138,0.021101
34.148,0.022199
34.158,0.023292
34.168,0.024366
34.178,0.025433
34.188,0.026483
34.198,0.027511
34.208,0.028528
34.218,0.029518
34.228,0.030497
34.238,0.031461
34.248,0.032396
34.258,0.033307
34.268,0.034198
34.278,0.035068
34.288,0.035901
34.298,0.036707
34.308,0.03749
34.318,0.038252
34.328,0.03899
34.338,0.039704
34.348,0.04039
34.358,0.041048
34.368,0.041682
34.378,0.042287
34.388,0.04287
34.398,0.043423
34.408,0.04395
34.418,0.04445
34.428,0.04492
34.438,0.045367
34.448,0.045789
34.458,0.04618
34.468,0.046537
34.478,0.046877
34.489,0.047189
34.499,0.047483
34.509,0.047754
34.519,0.048002
34.529,0.048226
34.539,0.048434
34.549,0.048623
34.559,0.048801
34.569,0.048956
34.579,0.049085
34.589,0.0492
34.599,0.049299
34.609,0.04938
34.619,0.049453
34.629,0.04951
34.639,0.049549
34.649,0.049571
34.659,0.049586
34.669,0.049598
34.679,0.049595
34.689,0.04957
34.699,0.049529
34.709,0.049479
34.719,0.049425
34.729,0.049359
34.739,0.049283
34.749,0.049193
34.759,0.049099
34.769,0.048995
34.779,0.048881
34.789,0.048762
34.799,0.048636
34.809,0.048495
34.819,0.048353
34.829,0.048199
34.839,0.048037
34.849,0.047861
34.859,0.047678
34.869,0.047475
34.879,0.047262
34.889,0.047041
34.899,0.046817
34.909,0.046566
34.919,0.046306
34.929,0.046035
34.939,0.045744
34.949,0.045441
34.959,0.045128
34.969,0.044793
34.979,0.04445
34.989,0.044091
34.999,0.043722
35.009,0.043326
35.019,0.042913
35.029,0.042487
35.039,0.042039
35.049,0.041576
35.059,0.041102
35.069,0.040601
35.08,0.040095
35.09,0.039573
35.1,0.039033
35.11,0.038474
35.12,0.037898
35.13,0.037301
35.14,0.036685
35.15,0.036056
35.16,0.035415
35.17,0.034765
35.18,0.034106
35.19,0.033431
35.2,0.032749
35.21,0.032052
35.22,0.031346
35.23,0.030634
35.24,0.02993
35.25,0.029234
35.26,0.028532
35.27,0.027823
35.28,0.027111
35.29,0.026406
35.3,0.025703
35.31,0.025009
35.32,0.024321
35.33,0.023635
35.34,0.022961
35.35,0.022303
35.36,0.021651
35.37,0.021005
35.38,0.020375
35.39,0.019758
35.4,0.019153
35.41,0.018571
35.42,0.018019
35.43,0.017486
35.44,0.016974
35.45,0.016478
35.46,0.016006
35.47,0.01555
35.48,0.015116
35.49,0.014702
35.5,0.014309
35.51,0.013931
35.52,0.013569
35.53,0.013231
35.54,0.012916
35.55,0.012629
35.56,0.012368
35.57,0.012126
35.58,0.011906
35.59,0.011699
35.6,0.011514
35.61,0.011341
35.62,0.01119
35.63,0.011055
35.64,0.010931
35.65,0.010824
35.66,0.010739
35.671,0.010667
35.681,0.010604
35.691,0.010551
35.701,0.010521
35.711,0.010503
35.721,0.010506
35.731,0.010518
35.741,0.010532
35.751,0.010563
35.761,0.010615
35.771,0.010676
35.781,0.010738
35.791,0.010813
35.801,0.0109
35.811,0.010997
35.821,0.011098
35.831,0.011207
35.841,0.011328
35.851,0.011463
35.861,0.011616
35.871,0.011767
35.881,0.011924
35.891,0.012085
35.901,0.012247
35.911,0.01242
35.921,0.012605
35.931,0.012805
35.941,0.013015
35.951,0.013232
35.961,0.013456
35.971,0.013689
35.981,0.013933
35.991,0.014191
36.001,0.014449
36.011,0.014712
36.021,0.014972
36.031,0.015243
36.041,0.015528
36.051,0.015824
36.061,0.016125
36.071,0.016445
36.081,0.016766
36.091,0.017099
36.101,0.017438
36.111,0.017774
36.121,0.018106
36.131,0.018451
36.141,0.018809
36.151,0.019162
36.161,0.019509
36.171,0.019865
36.181,0.020217
36.191,0.020572
36.201,0.020927
36.211,0.021279
36.221,0.021633
36.231,0.021978
36.241,0.022313
36.251,0.022643
36.262,0.022979
36.272,0.023313
36.282,0.023644
36.292,0.023967
36.302,0.024285
36.312,0.024594
36.322,0.024903
36.332,0.025207
36.342,0.02551
36.352,0.025798
36.362,0.026088
36.372,0.026375
36.382,0.02666
36.392,0.026936
36.402,0.027209
36.412,0.027485
36.422,0.027761
36.432,0.028032
36.442,0.028298
36.452,0.028558
36.462,0.028813
36.472,0.029075
36.482,0.029335
36.492,0.029592
36.502,0.029856
36.512,0.030117
36.522,0.030373
36.532,0.030621
36.542,0.030872
36.552,0.031119
36.562,0.03136
36.572,0.031597
36.582,0.03183
36.592,0.032057
36.602,0.03227
36.612,0.032473
36.622,0.032661
36.632,0.032855
36.642,0.033042
36.652,0.033206
36.662,0.033358
36.672,0.033495
36.682,0.033613
36.692,0.033713
36.702,0.033791
36.712,0.033848
36.722,0.033883
36.732,0.033891
36.742,0.033873
36.752,0.033836
36.762,0.033773
36.772,0.033675
36.782,0.033545
36.792,0.033378
36.802,0.03318
36.812,0.03295
36.822,0.032684
36.832,0.032379
36.842,0.032036
36.853,0.031651
36.863,0.031223
36.873,0.030753
36.883,0.030245
36.893,0.029695
36.903,0.0291
36.913,0.028466
36.923,0.027795
36.933,0.027089
36.943,0.026351
36.953,0.025573
36.963,0.024757
36.973,0.023899
36.983,0.023012
36.993,0.022096
37.003,0.021142
37.013,0.020158
37.023,0.019141
37.033,0.018123
37.043,0.017085
37.053,0.016018
37.063,0.014934
37.073,0.013845
37.083,0.012754
37.093,0.011658
37.103,0.010543
37.113,0.0094152
37.123,0.0082882
37.133,0.0071647
37.143,0.0060437
37.153,0.0049329
37.163,0.0038218
37.173,0.00272
37.183,0.0016323
37.193,0.00056536
37.203,-0.00049071
37.213,-0.001516
37.223,-0.0025246
37.233,-0.0035052
37.243,-0.0044653
37.253,-0.0053886
37.263,-0.006282
37.273,-0.0071322
37.283,-0.0079457
37.293,-0.0087307
37.303,-0.0094876
37.313,-0.01021
37.323,-0.010904
37.333,-0.01156
37.343,-0.012178
37.353,-0.012762
37.363,-0.013319
37.373,-0.013835
37.383,-0.014317
37.393,-0.014757
37.403,-0.015164
37.413,-0.015533
37.423,-0.01587
37.433,-0.016167
37.444,-0.016431
37.454,-0.016672
37.464,-0.01688
37.474,-0.017056
37.484,-0.017191
37.494,-0.0173
37.504,-0.017387
37.514,-0.017452
37.524,-0.017488
37.534,-0.01749
37.544,-0.017469
37.554,-0.017427
37.564,-0.017362
37.574,-0.017271
37.584,-0.017162
37.594,-0.01703
37.604,-0.016886
37.614,-0.016721
37.624,-0.016527
37.634,-0.016309
37.644,-0.016078
37.654,-0.015829
37.664,-0.015561
37.674,-0.015279
37.684,-0.014989
37.694,-0.014681
37.704,-0.014357
37.714,-0.014016
37.724,-0.013659
37.734,-0.013289
37.744,-0.012897
37.754,-0.012483
37.764,-0.012066
37.774,-0.011636
37.784,-0.011189
37.794,-0.010726
37.804,-0.010256
37.814,-0.0097724
37.824,-0.0092801
37.834,-0.0087742
37.844,-0.0082575
37.854,-0.0077325
37.864,-0.0071975
37.874,-0.006644
37.884,-0.0060732
37.894,-0.0054964
37.904,-0.0049153
37.914,-0.0043226
37.924,-0.0037212
37.934,-0.0031108
37.944,-0.0024895
37.954,-0.0018652
37.964,-0.0012398
37.974,-0.00061189
37.984,1.7867e-005
37.994,0.00065093
38.004,0.0012785
38.014,0.0019148
38.025,0.0025532
38.035,0.0031937
38.045,0.0038326
38.055,0.004468
38.065,0.0050957
38.075,0.0057258
38.085,0.0063534
38.095,0.0069771
38.105,0.0075883
38.115,0.0081928
38.125,0.0087806
38.135,0.00935
38.145,0.0099207
38.155,0.010472
38.165,0.011012
38.175,0.011533
38.185,0.012037
38.195,0.01252
38.205,0.01299
38.215,0.01344
38.225,0.01387
38.235,0.014275
38.245,0.014659
38.255,0.015018
38.265,0.015347
38.275,0.015653
38.285,0.01593
38.295,0.016178
38.305,0.0164
38.315,0.016589
38.325,0.016748
38.335,0.01688
38.345,0.016983
38.355,0.017048
38.365,0.017086
38.375,0.017094
38.385,0.017067
38.395,0.017002
38.405,0.016898
38.415,0.016758
38.425,0.016597
38.435,0.01641
38.445,0.016181
38.455,0.015919
38.465,0.01562
38.475,0.015299
38.485,0.01495
38.495,0.014567
38.505,0.014154
38.515,0.013714
38.525,0.013249
38.535,0.012769
38.545,0.012263
38.555,0.011731
38.565,0.011176
38.575,0.010595
38.585,0.0099868
38.595,0.0093659
38.605,0.0087251
38.616,0.0080653
38.626,0.007397
38.636,0.0067121
38.646,0.0060212
38.656,0.005323
38.666,0.0046114
38.676,0.0038997
38.686,0.0031856
38.696,0.0024671
38.706,0.0017467
38.716,0.0010166
38.726,0.00030233
38.736,-0.00039544
38.746,-0.0011002
38.756,-0.0017967
38.766,-0.0024795
38.776,-0.0031573
38.786,-0.0038232
38.796,-0.0044711
38.806,-0.0051014
38.816,-0.0057079
38.826,-0.0062846
38.836,-0.0068406
38.846,-0.0073769
38.856,-0.0078914
38.866,-0.0083933
38.876,-0.0088801
38.886,-0.0093389
38.896,-0.0097579
38.906,-0.01016
38.916,-0.010532
38.926,-0.010883
38.936,-0.011195
38.946,-0.011482
38.956,-0.01175
38.966,-0.011986
38.976,-0.012188
38.986,-0.01235
38.996,-0.012483
39.006,-0.012587
39.016,-0.012665
39.026,-0.012702
39.036,-0.012712
39.046,-0.012691
39.056,-0.012642
39.066,-0.012562
39.076,-0.012441
39.086,-0.012297
39.096,-0.012138
39.106,-0.011941
39.116,-0.011716
39.126,-0.011465
39.136,-0.011185
39.146,-0.010881
39.156,-0.010549
39.166,-0.010192
39.176,-0.009809
39.186,-0.0093962
39.196,-0.008949
39.207,-0.0084862
39.217,-0.0080127
39.227,-0.0075093
39.237,-0.0069765
39.247,-0.0064318
39.257,-0.0058657
39.267,-0.0052693
39.277,-0.0046597
39.287,-0.0040284
39.297,-0.0033776
39.307,-0.002714
39.317,-0.0020313
39.327,-0.0013384
39.337,-0.00063884
39.347,8.4804e-005
39.357,0.00082515
39.367,0.0015744
39.377,0.0023356
39.387,0.0031193
39.397,0.0039172
39.407,0.0047346
39.417,0.0055586
39.427,0.0063939
39.437,0.0072384
39.447,0.0080937
39.457,0.0089642
39.467,0.0098346
39.477,0.010718
39.487,0.011621
39.497,0.01251
39.507,0.013403
39.517,0.014298
39.527,0.015203
39.537,0.016102
39.547,0.017008
39.557,0.017917
39.567,0.018811
39.577,0.019707
39.587,0.020603
39.597,0.021505
39.607,0.022412
39.617,0.023318
39.627,0.024199
39.637,0.025066
39.647,0.025931
39.657,0.02679
39.667,0.027636
39.677,0.028472
39.687,0.029303
39.697,0.030112
39.707,0.030913
39.717,0.031701
39.727,0.032475
39.737,0.033225
39.747,0.03397
39.757,0.034702
39.767,0.035421
39.777,0.036117
39.787,0.036781
39.798,0.03743
39.808,0.038051
39.818,0.038651
39.828,0.039233
39.838,0.039794
39.848,0.040325
39.858,0.040831
39.868,0.041318
39.878,0.04179
39.888,0.042236
39.898,0.042661
39.908,0.043062
39.918,0.043438
39.928,0.043795
39.938,0.044138
39.948,0.044457
39.958,0.044761
39.968,0.045047
39.978,0.045301
39.988,0.045541
39.998,0.045768
40.008,0.045973
40.018,0.046159
40.028,0.046332
40.038,0.046492
40.048,0.046647
40.058,0.046784
40.068,0.046912
40.078,0.04702
40.088,0.047102
40.098,0.047173
40.108,0.047231
40.118,0.047279
40.128,0.047318
40.138,0.047343
40.148,0.047372
40.158,0.047387
40.168,0.047393
40.178,0.047386
40.188,0.047366
40.198,0.047333
40.208,0.047289
40.218,0.04724
40.228,0.047187
40.238,0.047123
40.248,0.047042
40.258,0.04695
40.268,0.046851
40.278,0.046731
40.288,0.046601
40.298,0.046469
40.308,0.046322
40.318,0.046174
40.328,0.04602
40.338,0.045861
40.348,0.045692
40.358,0.045513
40.368,0.045323
40.378,0.045124
40.389,0.044916
40.399,0.0447
40.409,0.044478
40.419,0.044258
40.429,0.044028
40.439,0.043788
40.449,0.043552
40.459,0.043302
40.469,0.043048
40.479,0.04279
40.489,0.042536
40.499,0.042278
40.509,0.042018
40.519,0.041747
40.529,0.041473
40.539,0.041207
40.549,0.04094
40.559,0.04067
40.569,0.040401
40.579,0.040138
40.589,0.039881
40.599,0.039625
40.609,0.039377
40.619,0.039131
40.629,0.038898
40.639,0.038686
40.649,0.038492
40.659,0.038307
40.669,0.038131
40.679,0.037965
40.689,0.037809
40.699,0.037668
40.709,0.037541
40.719,0.03742
40.729,0.03732
40.739,0.037229
40.749,0.03715
40.759,0.037083
40.769,0.037031
40.779,0.036987
40.789,0.036955
40.799,0.036937
40.809,0.036934
40.819,0.036924
40.829,0.036923
40.839,0.036923
40.849,0.036933
40.859,0.036956
40.869,0.036971
40.879,0.036993
40.889,0.037026
40.899,0.037067
40.909,0.037109
40.919,0.037149
40.929,0.037192
40.939,0.03723
40.949,0.037265
40.959,0.037316
40.969,0.037363
40.98,0.037413
40.99,0.037473
41,0.037514
41.01,0.037549
41.02,0.037584
41.03,0.037612
41.04,0.037634
41.05,0.037661
41.06,0.037676
41.07,0.037691
41.08,0.037694
41.09,0.037692
41.1,0.037674
41.11,0.037647
41.12,0.037617
41.13,0.037589
41.14,0.037547
41.15,0.037488
41.16,0.03745
41.17,0.037405
41.18,0.03736
41.19,0.037311
41.2,0.037263
41.21,0.03721
41.22,0.037154
41.23,0.0371
41.24,0.037045
41.25,0.036992
41.26,0.036953
41.27,0.036908
41.28,0.036862
41.29,0.036822
41.3,0.036791
41.31,0.036783
41.32,0.036791
41.33,0.036806
41.34,0.03683
41.35,0.036876
41.36,0.036934
41.37,0.037003
41.38,0.037092
41.39,0.037201
41.4,0.037326
41.41,0.037473
41.42,0.03764
41.43,0.037811
41.44,0.038004
41.45,0.038211
41.46,0.038431
41.47,0.038674
41.48,0.038924
41.49,0.03919
41.5,0.039463
41.51,0.039763
41.52,0.040075
41.53,0.040401
41.54,0.040745
41.55,0.041105
41.56,0.041473
41.571,0.041849
41.581,0.042234
41.591,0.042635
41.601,0.043046
41.611,0.04346
41.621,0.043886
41.631,0.04432
41.641,0.044758
41.651,0.045216
41.661,0.045685
41.671,0.046147
41.681,0.046603
41.691,0.047065
41.701,0.047525
41.711,0.047988
41.721,0.048435
41.731,0.048884
41.741,0.049332
41.751,0.049771
41.761,0.050215
41.771,0.050666
41.781,0.051107
41.791,0.051545
41.801,0.051976
41.811,0.052384
41.821,0.052804
41.831,0.053222
41.841,0.053632
41.851,0.054034
41.861,0.054424
41.871,0.054794
41.881,0.055139
41.891,0.05547
41.901,0.055789
41.911,0.056085
41.921,0.056372
41.931,0.056641
41.941,0.056883
41.951,0.057107
41.961,0.057303
41.971,0.057481
41.981,0.057634
41.991,0.057781
42.001,0.05791
42.011,0.058014
42.021,0.058089
42.031,0.058141
42.041,0.058184
42.051,0.058204
42.061,0.058198
42.071,0.058176
42.081,0.058131
42.091,0.058061
42.101,0.057965
42.111,0.057848
42.121,0.057708
42.131,0.057541
42.141,0.057347
42.152,0.057137
42.162,0.056907
42.172,0.056661
42.182,0.056399
42.192,0.056121
42.202,0.055818
42.212,0.055511
42.222,0.055188
42.232,0.054847
42.242,0.054488
42.252,0.054109
42.262,0.05371
42.272,0.053307
42.282,0.052906
42.292,0.052485
42.302,0.052057
42.312,0.051613
42.322,0.05117
42.332,0.050722
42.342,0.05027
42.352,0.049812
42.362,0.049355
42.372,0.048883
42.382,0.0484
42.392,0.047914
42.402,0.04743
42.412,0.04693
42.422,0.046426
42.432,0.045922
42.442,0.045407
42.452,0.044885
42.462,0.044369
42.472,0.043859
42.482,0.043355
42.492,0.042849
42.502,0.042346
42.512,0.041836
42.522,0.041314
42.532,0.040798
42.542,0.04027
42.552,0.039736
42.562,0.039198
42.572,0.038652
42.582,0.038106
42.592,0.037564
42.602,0.037023
42.612,0.036489
42.622,0.035934
42.632,0.035373
42.642,0.034811
42.652,0.034244
42.662,0.033675
42.672,0.0331
42.682,0.032508
42.692,0.031928
42.702,0.031325
42.712,0.030727
42.722,0.030125
42.732,0.029536
42.743,0.028963
42.753,0.028392
42.763,0.027826
42.773,0.027273
42.783,0.026727
42.793,0.02619
42.803,0.025669
42.813,0.025145
42.823,0.024636
42.833,0.024137
42.843,0.023652
42.853,0.023188
42.863,0.022739
42.873,0.022317
42.883,0.021911
42.893,0.021532
42.903,0.021185
42.913,0.020872
42.923,0.020601
42.933,0.020358
42.943,0.020151
42.953,0.019972
42.963,0.019819
42.973,0.019704
42.983,0.019623
42.993,0.019586
43.003,0.019591
43.013,0.019636
43.023,0.019723
43.033,0.019844
43.043,0.020009
43.053,0.020193
43.063,0.020417
43.073,0.020682
43.083,0.020977
43.093,0.02131
43.103,0.021685
43.113,0.022098
43.123,0.022539
43.133,0.023011
43.143,0.023512
43.153,0.024048
43.163,0.024615
43.173,0.025203
43.183,0.025816
43.193,0.026432
43.203,0.027065
43.213,0.027708
43.223,0.028363
43.233,0.029023
43.243,0.029706
43.253,0.03039
43.263,0.031082
43.273,0.031769
43.283,0.032466
43.293,0.033181
43.303,0.033876
43.313,0.034564
43.323,0.035246
43.334,0.035901
43.344,0.036541
43.354,0.037179
43.364,0.037814
43.374,0.03843
43.384,0.039017
43.394,0.039582
43.404,0.040133
43.414,0.040674
43.424,0.04119
43.434,0.041671
43.444,0.042126
43.454,0.042542
43.464,0.042919
43.474,0.043265
43.484,0.043578
43.494,0.043876
43.504,0.044138
43.514,0.044365
43.524,0.044563
43.534,0.044752
43.544,0.044899
43.554,0.045014
43.564,0.045092
43.574,0.045133
43.584,0.045134
43.594,0.045106
43.604,0.045044
43.614,0.044956
43.624,0.04483
43.634,0.044669
43.644,0.04449
43.654,0.044263
43.664,0.043987
43.674,0.043677
43.684,0.043325
43.694,0.042936
43.704,0.042524
43.714,0.042074
43.724,0.041588
43.734,0.041081
43.744,0.040542
43.754,0.039969
43.764,0.039367
43.774,0.038746
43.784,0.038086
43.794,0.037396
43.804,0.03668
43.814,0.03591
43.824,0.03512
43.834,0.034296
43.844,0.033443
43.854,0.032585
43.864,0.031689
43.874,0.030786
43.884,0.029866
43.894,0.02892
43.904,0.027961
43.914,0.026978
43.925,0.025993
43.935,0.024995
43.945,0.023967
43.955,0.022909
43.965,0.021832
43.975,0.020735
43.985,0.019645
43.995,0.018537
44.005,0.017439
44.015,0.016331
44.025,0.015249
44.035,0.014146
44.045,0.013039
44.055,0.011939
44.065,0.010839
44.075,0.0097328
44.085,0.0086378
44.095,0.0075211
44.105,0.0064256
44.115,0.0053323
44.125,0.004269
44.135,0.0032061
44.145,0.0021781
44.155,0.0011738
44.165,0.00017512
44.175,-0.00080801
44.185,-0.0017768
44.195,-0.0027328
44.205,-0.0036834
44.215,-0.0046088
44.225,-0.0055127
44.235,-0.0064068
44.245,-0.0072798
44.255,-0.0081138
44.265,-0.008921
44.275,-0.0097074
44.285,-0.010466
44.295,-0.011213
44.305,-0.011931
44.315,-0.012634
44.325,-0.013308
44.335,-0.013959
44.345,-0.014592
44.355,-0.015202
44.365,-0.015782
44.375,-0.016341
44.385,-0.016894
44.395,-0.017422
44.405,-0.017933
44.415,-0.018406
44.425,-0.018867
44.435,-0.019321
44.445,-0.01976
44.455,-0.020208
44.465,-0.020647
44.475,-0.021086
44.485,-0.021508
44.495,-0.021906
44.505,-0.022297
44.516,-0.022666
44.526,-0.023028
44.536,-0.023379
44.546,-0.023716
44.556,-0.024039
44.566,-0.024359
44.576,-0.024672
44.586,-0.024968
44.596,-0.025257
44.606,-0.025539
44.616,-0.025821
44.626,-0.026098
44.636,-0.026341
44.646,-0.026567
44.656,-0.026789
44.666,-0.027002
44.676,-0.027202
44.686,-0.027398
44.696,-0.027581
44.706,-0.027753
44.716,-0.027915
44.726,-0.028065
44.736,-0.028214
44.746,-0.028339
44.756,-0.028441
44.766,-0.02853
44.776,-0.0286
44.786,-0.028649
44.796,-0.028682
44.806,-0.028711
44.816,-0.02872
44.826,-0.028712
44.836,-0.028678
44.846,-0.028634
44.856,-0.028568
44.866,-0.028501
44.876,-0.028419
44.886,-0.028328
44.896,-0.028206
44.906,-0.028076
44.916,-0.027919
44.926,-0.027746
44.936,-0.027573
44.946,-0.027394
44.956,-0.027203
44.966,-0.027015
44.976,-0.026812
44.986,-0.026594
44.996,-0.026388
45.006,-0.026157
45.016,-0.025918
45.026,-0.025671
45.036,-0.025415
45.046,-0.025167
45.056,-0.024917
45.066,-0.024674
45.076,-0.024422
45.086,-0.024161
45.096,-0.023908
45.107,-0.023663
45.117,-0.023429
45.127,-0.023212
45.137,-0.023006
45.147,-0.02281
45.157,-0.022624
45.167,-0.022457
45.177,-0.022311
45.187,-0.022171
45.197,-0.022062
45.207,-0.021957
45.217,-0.021884
45.227,-0.021838
45.237,-0.021805
45.247,-0.021799
45.257,-0.021838
45.267,-0.021903
45.277,-0.021987
45.287,-0.022119
45.297,-0.022275
45.307,-0.022461
45.317,-0.022676
45.327,-0.022909
45.337,-0.02318
45.347,-0.023489
45.357,-0.023822
45.367,-0.024189
45.377,-0.024594
45.387,-0.02502
45.397,-0.025453
45.407,-0.025927
45.417,-0.026431
45.427,-0.026971
45.437,-0.027533
45.447,-0.028131
45.457,-0.028755
45.467,-0.029414
45.477,-0.030102
45.487,-0.030823
45.497,-0.031566
45.507,-0.032324
45.517,-0.033084
45.527,-0.03386
45.537,-0.034631
45.547,-0.035413
45.557,-0.036202
45.567,-0.036998
45.577,-0.037804
45.587,-0.038617
45.597,-0.039426
45.607,-0.040241
45.617,-0.041061
45.627,-0.04186
45.637,-0.042654
45.647,-0.043422
45.657,-0.044179
45.667,-0.044926
45.677,-0.045667
45.688,-0.04641
45.698,-0.047121
45.708,-0.047827
45.718,-0.048514
45.728,-0.049189
45.738,-0.049841
45.748,-0.050473
45.758,-0.051081
45.768,-0.05165
45.778,-0.052216
45.788,-0.052758
45.798,-0.053293
45.808,-0.053794
45.818,-0.054279
45.828,-0.054733
45.838,-0.055187
45.848,-0.055601
45.858,-0.055985
45.868,-0.056346
45.878,-0.056681
45.888,-0.057012
45.898,-0.057338
45.908,-0.057642
45.918,-0.057948
45.928,-0.058242
45.938,-0.05854
45.948,-0.05882
45.958,-0.059098
45.968,-0.059357
45.978,-0.05962
45.988,-0.059876
45.998,-0.060137
46.008,-0.060396
46.018,-0.060647
46.028,-0.060917
46.038,-0.061187
46.048,-0.061469
46.058,-0.061751
46.068,-0.062048
46.078,-0.062356
46.088,-0.062668
46.098,-0.063
46.108,-0.06335
46.118,-0.063709
46.128,-0.064075
46.138,-0.064471
46.148,-0.064889
46.158,-0.06532
46.168,-0.065753
46.178,-0.066208
46.188,-0.066668
46.198,-0.067143
46.208,-0.067638
46.218,-0.068156
46.228,-0.068665
46.238,-0.069189
46.248,-0.069712
46.258,-0.070243
46.268,-0.070793
46.279,-0.07135
46.289,-0.071896
46.299,-0.072445
46.309,-0.072992
46.319,-0.07354
46.329,-0.074079
46.339,-0.074612
46.349,-0.075128
46.359,-0.075652
46.369,-0.076151
46.379,-0.076643
46.389,-0.077112
46.399,-0.077567
46.409,-0.07799
46.419,-0.07839
46.429,-0.07878
46.439,-0.079124
46.449,-0.079442
46.459,-0.07973
46.469,-0.079991
46.479,-0.080222
46.489,-0.080432
46.499,-0.080616
46.509,-0.080745
46.519,-0.080846
46.529,-0.080917
46.539,-0.080944
46.549,-0.080938
46.559,-0.080897
46.569,-0.080828
46.579,-0.080703
46.589,-0.080543
46.599,-0.080346
46.609,-0.080114
46.619,-0.079854
46.629,-0.07957
46.639,-0.079263
46.649,-0.078924
46.659,-0.078549
46.669,-0.078124
46.679,-0.077656
46.689,-0.07716
46.699,-0.076639
46.709,-0.076087
46.719,-0.075512
46.729,-0.074921
46.739,-0.074293
46.749,-0.073666
46.759,-0.072992
46.769,-0.072285
46.779,-0.071568
46.789,-0.070835
46.799,-0.070086
46.809,-0.069316
46.819,-0.068528
46.829,-0.067713
46.839,-0.066909
46.849,-0.06611
46.859,-0.065308
46.87,-0.064498
46.88,-0.063673
46.89,-0.062833
46.9,-0.061973
46.91,-0.061116
46.92,-0.060256
46.93,-0.059416
46.94,-0.058577
46.95,-0.057745
46.96,-0.056909
46.97,-0.056077
46.98,-0.055252
46.99,-0.054395
47,-0.05356
47.01,-0.052742
47.02,-0.051932
47.03,-0.051132
47.04,-0.050338
47.05,-0.049565
47.06,-0.048815
47.07,-0.048046
47.08,-0.047284
47.09,-0.046511
47.1,-0.045753
47.11,-0.04503
47.12,-0.044325
47.13,-0.043622
47.14,-0.042959
47.15,-0.0423
47.16,-0.041658
47.17,-0.041026
47.18,-0.040396
47.19,-0.039784
47.2,-0.039158
47.21,-0.038543
47.22,-0.037956
47.23,-0.037407
47.24,-0.036877
47.25,-0.036371
47.26,-0.035863
47.27,-0.035364
47.28,-0.034897
47.29,-0.034437
47.3,-0.033987
47.31,-0.033559
47.32,-0.033137
47.33,-0.032735
47.34,-0.032363
47.35,-0.031999
47.36,-0.031645
47.37,-0.031321
47.38,-0.031016
47.39,-0.030719
47.4,-0.030458
47.41,-0.030216
47.42,-0.029992
47.43,-0.029807
47.44,-0.029631
47.45,-0.02948
47.461,-0.029345
47.471,-0.029213
47.481,-0.029118
47.491,-0.029046
47.501,-0.029007
47.511,-0.028987
47.521,-0.029
47.531,-0.029026
47.541,-0.029078
47.551,-0.029159
47.561,-0.029262
47.571,-0.029386
47.581,-0.029511
47.591,-0.029655
47.601,-0.029824
47.611,-0.030025
47.621,-0.030233
47.631,-0.030487
47.641,-0.030758
47.651,-0.031032
47.661,-0.031309
47.671,-0.031589
47.681,-0.031896
47.691,-0.032234
47.701,-0.032546
47.711,-0.032862
47.721,-0.033198
47.731,-0.033554
47.741,-0.033902
47.751,-0.034244
47.761,-0.034607
47.771,-0.03496
47.781,-0.03532
47.791,-0.035694
47.801,-0.036051
47.811,-0.036397
47.821,-0.036743
47.831,-0.037095
47.841,-0.037428
47.851,-0.037746
47.861,-0.038058
47.871,-0.038357
47.881,-0.038646
47.891,-0.038915
47.901,-0.039157
47.911,-0.039369
47.921,-0.03958
47.931,-0.039763
47.941,-0.039921
47.951,-0.04006
47.961,-0.040188
47.971,-0.040291
47.981,-0.040385
47.991,-0.040469
48.001,-0.040515
48.011,-0.040528
48.021,-0.040491
48.031,-0.040437
48.041,-0.04037
48.052,-0.040258
48.062,-0.040107
48.072,-0.039934
48.082,-0.039727
48.092,-0.039471
48.102,-0.039209
48.112,-0.038902
48.122,-0.038571
48.132,-0.038195
48.142,-0.037804
48.152,-0.037375
48.162,-0.036885
48.172,-0.036363
48.182,-0.035808
48.192,-0.035206
48.202,-0.034582
48.212,-0.03392
48.222,-0.033215
48.232,-0.032464
48.242,-0.031696
48.252,-0.030894
48.262,-0.030071
48.272,-0.029229
48.282,-0.028342
48.292,-0.027421
48.302,-0.026479
48.312,-0.025493
48.322,-0.024491
48.332,-0.023454
48.342,-0.022395
48.352,-0.021334
48.362,-0.020196
48.372,-0.019014
48.382,-0.017833
48.392,-0.016621
48.402,-0.015424
48.412,-0.014222
48.422,-0.012991
48.432,-0.011778
48.442,-0.010543
48.452,-0.0092808
48.462,-0.0080433
48.472,-0.0067816
48.482,-0.00556
48.492,-0.0043073
48.502,-0.0030422
48.512,-0.0018127
48.522,-0.00056496
48.532,0.000697
48.542,0.0019058
48.552,0.0030691
48.562,0.0042291
48.572,0.0053461
48.582,0.0064572
48.592,0.007572
48.602,0.0086661
48.612,0.0097049
48.622,0.010738
48.632,0.011721
48.643,0.012663
48.653,0.013575
48.663,0.014482
48.673,0.015339
48.683,0.016116
48.693,0.016857
48.703,0.017543
48.713,0.018189
48.723,0.018824
48.733,0.019391
48.743,0.019903
48.753,0.02035
48.763,0.020738
48.773,0.021085
48.783,0.021394
48.793,0.021643
48.803,0.021824
48.813,0.021964
48.823,0.022054
48.833,0.022105
48.843,0.022091
48.853,0.022025
48.863,0.021898
48.873,0.021739
48.883,0.021513
48.893,0.021259
48.903,0.020975
48.913,0.020616
48.923,0.020216
48.933,0.019755
48.943,0.019325
48.953,0.018865
48.963,0.018346
48.973,0.017791
48.983,0.017186
48.993,0.016538
49.003,0.0159
49.013,0.015265
49.023,0.014589
49.033,0.013888
49.043,0.013165
49.053,0.012435
49.063,0.011689
49.073,0.010918
49.083,0.010159
49.093,0.0093708
49.103,0.0085999
49.113,0.0078515
49.123,0.0070986
49.133,0.0063548
49.143,0.0056196
49.153,0.0048553
49.163,0.0040688
49.173,0.0032969
49.183,0.00252
49.193,0.0017756
49.203,0.0010409
49.213,0.00033986
49.223,-0.00034601
49.234,-0.0010228
49.244,-0.0016756
49.254,-0.0023239
49.264,-0.0029582
49.274,-0.0035488
49.284,-0.004128
49.294,-0.0046712
49.304,-0.005226
49.314,-0.0057463
49.324,-0.0062405
49.334,-0.0067389
49.344,-0.0072151
49.354,-0.0076535
49.364,-0.0080734
49.374,-0.0085026
49.384,-0.0088879
49.394,-0.0092545
49.404,-0.0096231
49.414,-0.0099595
49.424,-0.010276
49.434,-0.010538
49.444,-0.010754
49.454,-0.010966
49.464,-0.011201
49.474,-0.011408
49.484,-0.011603
49.494,-0.011774
49.504,-0.01192
49.514,-0.012037
49.524,-0.012132
49.534,-0.012218
49.544,-0.012247
49.554,-0.012264
49.564,-0.012256
49.574,-0.012206
49.584,-0.012135
49.594,-0.01208
49.604,-0.011946
49.614,-0.011799
49.624,-0.011635
49.634,-0.011461
49.644,-0.011299
49.654,-0.011073
49.664,-0.010825
49.674,-0.010528
49.684,-0.010195
49.694,-0.0098524
49.704,-0.0094891
49.714,-0.0090961
49.724,-0.0086643
49.734,-0.0081824
49.744,-0.0076476
49.754,-0.0071487
49.764,-0.0065921
49.774,-0.0060248
49.784,-0.0054038
49.794,-0.0047506
49.804,-0.0040691
49.815,-0.0033595
49.825,-0.0026629
49.835,-0.0019444
49.845,-0.0011715
49.855,-0.00035655
49.865,0.00053909
49.875,0.0013963
49.885,0.0022612
49.895,0.0031143
49.905,0.0040053
49.915,0.0048136
49.925,0.0056625
49.935,0.0065207
49.945,0.0073671
49.955,0.0081722
49.965,0.0090469
49.975,0.0098265
49.985,0.010554
49.995,0.011282
50.005,0.011952
50.015,0.01265
50.025,0.013252
50.035,0.013812
50.045,0.014256
50.055,0.014573
50.065,0.01472
50.075,0.014808
