0,-0.0020994
0.010004,-0.0035753
0.020009,-0.00381
0.030013,-0.0040409
0.040017,-0.0042112
0.050022,-0.0042442
0.060026,-0.0043279
0.070031,-0.004384
0.080035,-0.0044836
0.090039,-0.0046101
0.10004,-0.0046864
0.11005,-0.004762
0.12005,-0.0048161
0.13006,-0.0048464
0.14006,-0.004942
0.15007,-0.0050628
0.16007,-0.0051329
0.17007,-0.0052066
0.18008,-0.0052611
0.19008,-0.005372
0.20009,-0.0054764
0.21009,-0.005569
0.2201,-0.0056486
0.2301,-0.0057436
0.2401,-0.0058045
0.25011,-0.0058573
0.26011,-0.0059303
0.27012,-0.0060191
0.28012,-0.0061186
0.29013,-0.0061734
0.30013,-0.0062115
0.31014,-0.0062346
0.32014,-0.0062325
0.33014,-0.0062652
0.34015,-0.0063402
0.35015,-0.006446
0.36016,-0.0065282
0.37016,-0.0065965
0.38017,-0.0066318
0.39017,-0.0066621
0.40017,-0.0067
0.41018,-0.0067635
0.42018,-0.0068653
0.43019,-0.0069544
0.44019,-0.0070254
0.4502,-0.0071058
0.4602,-0.0071687
0.47021,-0.0071873
0.48021,-0.0072258
0.49021,-0.0072645
0.50022,-0.0072915
0.51022,-0.0073337
0.52023,-0.0074013
0.53023,-0.0074846
0.54024,-0.0075258
0.55024,-0.0075474
0.56024,-0.0075759
0.57025,-0.0075945
0.58025,-0.0076261
0.59026,-0.0076428
0.60026,-0.0076786
0.61027,-0.0077325
0.62027,-0.0078042
0.63028,-0.0078568
0.64028,-0.0078858
0.65028,-0.0078897
0.66029,-0.0078969
0.67029,-0.0078875
0.6803,-0.007892
0.6903,-0.0079161
0.70031,-0.0079355
0.71031,-0.0079648
0.72031,-0.0080139
0.73032,-0.0080875
0.74032,-0.0081483
0.75033,-0.0081973
0.76033,-0.00825
0.77034,-0.008296
0.78034,-0.0083395
0.79034,-0.0083793
0.80035,-0.008428
0.81035,-0.0084908
0.82036,-0.0085258
0.83036,-0.0085404
0.84037,-0.0085674
0.85037,-0.0086241
0.86038,-0.0086712
0.87038,-0.0087095
0.88038,-0.0087365
0.89039,-0.0087723
0.90039,-0.008813
0.9104,-0.0088641
0.9204,-0.0089302
0.93041,-0.0089502
0.94041,-0.0089354
0.95041,-0.0089519
0.96042,-0.0089407
0.97042,-0.0089458
0.98043,-0.0089858
0.99043,-0.0090036
1.0004,-0.0090338
1.0104,-0.0090561
1.0204,-0.0090744
1.0304,-0.0090922
1.0405,-0.0091065
1.0505,-0.0091035
1.0605,-0.0090939
1.0705,-0.0090987
1.0805,-0.0091146
1.0905,-0.00911
1.1005,-0.009125
1.1105,-0.0091164
1.1205,-0.0091413
1.1305,-0.0091975
1.1405,-0.0092407
1.1505,-0.009298
1.1605,-0.0093679
1.1705,-0.0094063
1.1805,-0.0094553
1.1905,-0.0094743
1.2005,-0.0094887
1.2105,-0.0095176
1.2205,-0.0095433
1.2305,-0.0095851
1.2405,-0.009634
1.2505,-0.0096657
1.2606,-0.0096958
1.2706,-0.0097245
1.2806,-0.0097641
1.2906,-0.0098005
1.3006,-0.0098421
1.3106,-0.0098755
1.3206,-0.0099172
1.3306,-0.0099435
1.3406,-0.0099424
1.3506,-0.0099309
1.3606,-0.0099306
1.3706,-0.0099604
1.3806,-0.0099723
1.3906,-0.010003
1.4006,-0.010039
1.4106,-0.010052
1.4206,-0.010085
1.4306,-0.01011
1.4406,-0.010121
1.4506,-0.010166
1.4606,-0.010211
1.4706,-0.010236
1.4806,-0.010262
1.4907,-0.010282
1.5007,-0.0103
1.5107,-0.010321
1.5207,-0.010337
1.5307,-0.01036
1.5407,-0.010407
1.5507,-0.010453
1.5607,-0.010506
1.5707,-0.010548
1.5807,-0.010576
1.5907,-0.010568
1.6007,-0.010577
1.6107,-0.010587
1.6207,-0.010614
1.6307,-0.01065
1.6407,-0.010669
1.6507,-0.010702
1.6607,-0.010711
1.6707,-0.010742
1.6807,-0.010769
1.6907,-0.010785
1.7007,-0.010793
1.7107,-0.010798
1.7208,-0.010819
1.7308,-0.01086
1.7408,-0.010904
1.7508,-0.010933
1.7608,-0.010949
1.7708,-0.010947
1.7808,-0.010963
1.7908,-0.010962
1.8008,-0.010982
1.8108,-0.010989
1.8208,-0.010999
1.8308,-0.01102
1.8408,-0.011029
1.8508,-0.011054
1.8608,-0.011066
1.8708,-0.011075
1.8808,-0.011081
1.8908,-0.011095
1.9008,-0.011107
1.9108,-0.011096
1.9208,-0.011071
1.9308,-0.011039
1.9408,-0.011033
1.9509,-0.011021
1.9609,-0.010983
1.9709,-0.010951
1.9809,-0.01092
1.9909,-0.010908
2.0009,-0.010893
2.0109,-0.01088
2.0209,-0.010868
2.0309,-0.010846
2.0409,-0.010841
2.0509,-0.010816
2.0609,-0.010795
2.0709,-0.010741
2.0809,-0.010713
2.0909,-0.010681
2.1009,-0.010645
2.1109,-0.010605
2.1209,-0.010558
2.1309,-0.010516
2.1409,-0.010478
2.1509,-0.010418
2.1609,-0.010363
2.1709,-0.010317
2.181,-0.010284
2.191,-0.010256
2.201,-0.010212
2.211,-0.010175
2.221,-0.010127
2.231,-0.010091
2.241,-0.010027
2.251,-0.0099745
2.261,-0.0099144
2.271,-0.00984
2.281,-0.0097563
2.291,-0.0096897
2.301,-0.0096235
2.311,-0.0095482
2.321,-0.0095041
2.331,-0.0094506
2.341,-0.0093866
2.351,-0.0093269
2.361,-0.0092617
2.371,-0.0092066
2.381,-0.0091451
2.391,-0.0091032
2.401,-0.0090526
2.4111,-0.0089772
2.4211,-0.0089034
2.4311,-0.0088288
2.4411,-0.0087538
2.4511,-0.0086765
2.4611,-0.0086043
2.4711,-0.0085221
2.4811,-0.0084398
2.4911,-0.0083741
2.5011,-0.0083085
2.5111,-0.0082316
2.5211,-0.0081625
2.5311,-0.0081007
2.5411,-0.0080385
2.5511,-0.0079716
2.5611,-0.0079147
2.5711,-0.0078381
2.5811,-0.0077793
2.5911,-0.0077193
2.6011,-0.007655
2.6111,-0.0075946
2.6211,-0.0075078
2.6311,-0.007415
2.6412,-0.0073186
2.6512,-0.0072423
2.6612,-0.0071647
2.6712,-0.0070723
2.6812,-0.0069985
2.6912,-0.0069352
2.7012,-0.0068666
2.7112,-0.0067818
2.7212,-0.0067192
2.7312,-0.0066513
2.7412,-0.0065896
2.7512,-0.0065188
2.7612,-0.0064513
2.7712,-0.0063708
2.7812,-0.0062868
2.7912,-0.0062269
2.8012,-0.0061626
2.8112,-0.0060686
2.8212,-0.00599
2.8312,-0.0059104
2.8412,-0.0058373
2.8512,-0.0057569
2.8612,-0.0056857
2.8713,-0.0056145
2.8813,-0.0055583
2.8913,-0.0055099
2.9013,-0.0054589
2.9113,-0.0054003
2.9213,-0.005339
2.9313,-0.005258
2.9413,-0.0051925
2.9513,-0.0051332
2.9613,-0.0050798
2.9713,-0.0050272
2.9813,-0.0049644
2.9913,-0.0048966
3.0013,-0.0048304
3.0113,-0.0047769
3.0213,-0.004715
3.0313,-0.00465
3.0413,-0.0045864
3.0513,-0.004519
3.0613,-0.0044575
3.0713,-0.0043841
3.0813,-0.0043187
3.0913,-0.0042512
3.1014,-0.0041939
3.1114,-0.0041425
3.1214,-0.0040706
3.1314,-0.0040045
3.1414,-0.0039613
3.1514,-0.0039136
3.1614,-0.003852
3.1714,-0.0038028
3.1814,-0.0037438
3.1914,-0.0036925
3.2014,-0.0036442
3.2114,-0.0036107
3.2214,-0.0035693
3.2314,-0.0035147
3.2414,-0.0034709
3.2514,-0.003431
3.2614,-0.0034137
3.2714,-0.0033924
3.2814,-0.0033825
3.2914,-0.0033596
3.3014,-0.0033364
3.3114,-0.0033142
3.3214,-0.0033034
3.3315,-0.0032963
3.3415,-0.0032886
3.3515,-0.0032779
3.3615,-0.0032662
3.3715,-0.0032422
3.3815,-0.0032321
3.3915,-0.0032273
3.4015,-0.0032402
3.4115,-0.0032522
3.4215,-0.0032354
3.4315,-0.0032329
3.4415,-0.0032422
3.4515,-0.0032486
3.4615,-0.0032361
3.4715,-0.0032454
3.4815,-0.0032512
3.4915,-0.0032468
3.5015,-0.0032258
3.5115,-0.0032196
3.5215,-0.0032206
3.5315,-0.003213
3.5415,-0.0032011
3.5515,-0.0031978
3.5616,-0.0032031
3.5716,-0.0032036
3.5816,-0.0032146
3.5916,-0.0032333
3.6016,-0.0032535
3.6116,-0.0032738
3.6216,-0.0032928
3.6316,-0.0032934
3.6416,-0.0032968
3.6516,-0.0032956
3.6616,-0.0032944
3.6716,-0.0033001
3.6816,-0.0033036
3.6916,-0.0033102
3.7016,-0.0033265
3.7116,-0.0033288
3.7216,-0.0033497
3.7316,-0.0033629
3.7416,-0.0033804
3.7516,-0.003404
3.7616,-0.0034297
3.7716,-0.0034527
3.7817,-0.0034802
3.7917,-0.0035086
3.8017,-0.0035432
3.8117,-0.0035745
3.8217,-0.0035987
3.8317,-0.003626
3.8417,-0.0036485
3.8517,-0.0036684
3.8617,-0.0036997
3.8717,-0.0037207
3.8817,-0.0037461
3.8917,-0.0037793
3.9017,-0.0038015
3.9117,-0.0038343
3.9217,-0.0038542
3.9317,-0.0038773
3.9417,-0.0038959
3.9517,-0.003913
3.9617,-0.0039301
3.9717,-0.003938
3.9817,-0.0039419
3.9917,-0.0039528
4.0017,-0.0039714
4.0118,-0.0039656
4.0218,-0.003958
4.0318,-0.0039444
4.0418,-0.0039248
4.0518,-0.003898
4.0618,-0.003869
4.0718,-0.0038469
4.0818,-0.0038415
4.0918,-0.0038393
4.1018,-0.0038455
4.1118,-0.0038361
4.1218,-0.0038209
4.1318,-0.0038251
4.1418,-0.0038079
4.1518,-0.0037903
4.1618,-0.0037717
4.1718,-0.0037642
4.1818,-0.0037465
4.1918,-0.0037408
4.2018,-0.0037339
4.2118,-0.0037316
4.2218,-0.0037289
4.2318,-0.0037373
4.2419,-0.0037173
4.2519,-0.0036914
4.2619,-0.0036754
4.2719,-0.0036653
4.2819,-0.0036457
4.2919,-0.0036164
4.3019,-0.0035958
4.3119,-0.003581
4.3219,-0.0035556
4.3319,-0.0035221
4.3419,-0.0034833
4.3519,-0.0034451
4.3619,-0.0034009
4.3719,-0.003368
4.3819,-0.0033483
4.3919,-0.0033285
4.4019,-0.0032991
4.4119,-0.0032561
4.4219,-0.0032224
4.4319,-0.003186
4.4419,-0.0031379
4.4519,-0.003102
4.4619,-0.0030504
4.472,-0.0029974
4.482,-0.0029412
4.492,-0.0028941
4.502,-0.002809
4.512,-0.0027304
4.522,-0.0026663
4.532,-0.0026078
4.542,-0.0025429
4.552,-0.0024875
4.562,-0.002431
4.572,-0.002373
4.582,-0.0022921
4.592,-0.0022242
4.602,-0.0021484
4.612,-0.0020811
4.622,-0.002013
4.632,-0.0019412
4.642,-0.0018701
4.652,-0.0017925
4.662,-0.0017091
4.672,-0.0016374
4.682,-0.001555
4.692,-0.0014813
4.7021,-0.0013994
4.7121,-0.0013093
4.7221,-0.0012268
4.7321,-0.0011352
4.7421,-0.0010498
4.7521,-0.00096365
4.7621,-0.0008816
4.7721,-0.00079786
4.7821,-0.00071303
4.7921,-0.00062911
4.8021,-0.00054025
4.8121,-0.00045087
4.8221,-0.00038298
4.8321,-0.00030879
4.8421,-0.00022006
4.8521,-0.0001402
4.8621,-6.4323e-005
4.8721,2.2285e-005
4.8821,0.00010789
4.8921,0.00020455
4.9021,0.00029903
4.9121,0.00038133
4.9221,0.0004567
4.9322,0.00053987
4.9422,0.00061834
4.9522,0.00069012
4.9622,0.00077105
4.9722,0.00084501
4.9822,0.00092804
4.9922,0.0010226
5.0022,0.0011111
5.0122,0.0012081
5.0222,0.001307
5.0322,0.0013986
5.0422,0.0014982
5.0522,0.001599
5.0622,0.001691
5.0722,0.0017782
5.0822,0.0018789
5.0922,0.0019828
5.1022,0.0020794
5.1122,0.0021738
5.1222,0.0022635
5.1322,0.0023516
5.1422,0.0024307
5.1522,0.0025142
5.1623,0.0025961
5.1723,0.0026943
5.1823,0.0027804
5.1923,0.0028764
5.2023,0.0029864
5.2123,0.0030833
5.2223,0.0031763
5.2323,0.0032864
5.2423,0.0033817
5.2523,0.0034864
5.2623,0.0035927
5.2723,0.0036941
5.2823,0.003795
5.2923,0.0038973
5.3023,0.0039828
5.3123,0.0040754
5.3223,0.0041677
5.3323,0.0042687
5.3423,0.0043634
5.3523,0.0044363
5.3623,0.0045193
5.3723,0.0045923
5.3823,0.0046629
5.3924,0.0047467
5.4024,0.0048353
5.4124,0.0049239
5.4224,0.0050147
5.4324,0.0050979
5.4424,0.005186
5.4524,0.0052687
5.4624,0.0053546
5.4724,0.0054483
5.4824,0.0055441
5.4924,0.005629
5.5024,0.0057143
5.5124,0.0058039
5.5224,0.0059016
5.5324,0.0059925
5.5424,0.0060869
5.5524,0.0061789
5.5624,0.0062552
5.5724,0.0063397
5.5824,0.006409
5.5924,0.0064747
5.6024,0.0065312
5.6124,0.0065947
5.6225,0.0066668
5.6325,0.0067464
5.6425,0.0068283
5.6525,0.0069034
5.6625,0.0069708
5.6725,0.0070334
5.6825,0.007103
5.6925,0.0071764
5.7025,0.0072447
5.7125,0.0073174
5.7225,0.007398
5.7325,0.0074731
5.7425,0.0075452
5.7525,0.0076226
5.7625,0.0077018
5.7725,0.0077973
5.7825,0.0078881
5.7925,0.007953
5.8025,0.0080337
5.8125,0.0081147
5.8225,0.0081923
5.8325,0.0082653
5.8425,0.0083342
5.8526,0.0084112
5.8626,0.0084761
5.8726,0.0085342
5.8826,0.0085992
5.8926,0.0086574
5.9026,0.0087221
5.9126,0.0087789
5.9226,0.0088403
5.9326,0.0089048
5.9426,0.0089776
5.9526,0.0090493
5.9626,0.0091192
5.9726,0.0091996
5.9826,0.009273
5.9926,0.0093572
6.0026,0.0094361
6.0126,0.0095108
6.0226,0.0095785
6.0326,0.0096436
6.0426,0.0097059
6.0526,0.0097634
6.0626,0.0098192
6.0726,0.0098716
6.0827,0.0099282
6.0927,0.0099947
6.1027,0.010055
6.1127,0.010112
6.1227,0.010176
6.1327,0.010229
6.1427,0.010284
6.1527,0.010332
6.1627,0.010369
6.1727,0.010416
6.1827,0.010461
6.1927,0.010507
6.2027,0.01054
6.2127,0.010579
6.2227,0.010627
6.2327,0.010655
6.2427,0.010687
6.2527,0.01073
6.2627,0.010767
6.2727,0.010808
6.2827,0.010848
6.2927,0.010888
6.3028,0.010927
6.3128,0.010971
6.3228,0.011003
6.3328,0.011035
6.3428,0.011063
6.3528,0.011093
6.3628,0.01111
6.3728,0.011136
6.3828,0.011168
6.3928,0.011183
6.4028,0.011203
6.4128,0.011237
6.4228,0.011269
6.4328,0.011302
6.4428,0.011335
6.4528,0.011372
6.4628,0.011416
6.4728,0.011455
6.4828,0.011484
6.4928,0.011539
6.5028,0.011593
6.5128,0.011636
6.5228,0.011691
6.5329,0.011739
6.5429,0.011767
6.5529,0.011794
6.5629,0.011817
6.5729,0.011834
6.5829,0.011856
6.5929,0.01188
6.6029,0.011895
6.6129,0.011917
6.6229,0.011947
6.6329,0.011965
6.6429,0.011989
6.6529,0.012012
6.6629,0.012022
6.6729,0.012038
6.6829,0.012069
6.6929,0.012084
6.7029,0.012102
6.7129,0.012134
6.7229,0.012163
6.7329,0.01219
6.7429,0.012219
6.7529,0.012253
6.763,0.012297
6.773,0.012334
6.783,0.012369
6.793,0.012395
6.803,0.012419
6.813,0.012442
6.823,0.012472
6.833,0.012509
6.843,0.012534
6.853,0.012559
6.863,0.012595
6.873,0.012634
6.883,0.012671
6.893,0.012701
6.903,0.012737
6.913,0.012774
6.923,0.012806
6.933,0.012836
6.943,0.012864
6.953,0.012894
6.963,0.012925
6.973,0.01295
6.983,0.012979
6.9931,0.013009
7.0031,0.01303
7.0131,0.013055
7.0231,0.01308
7.0331,0.013111
7.0431,0.013143
7.0531,0.013187
7.0631,0.01323
7.0731,0.013275
7.0831,0.013326
7.0931,0.01336
7.1031,0.013399
7.1131,0.013436
7.1231,0.013479
7.1331,0.013513
7.1431,0.013542
7.1531,0.013587
7.1631,0.013641
7.1731,0.013683
7.1831,0.013716
7.1931,0.013739
7.2031,0.01376
7.2131,0.013791
7.2232,0.013821
7.2332,0.013848
7.2432,0.013875
7.2532,0.013905
7.2632,0.013932
7.2732,0.013966
7.2832,0.013995
7.2932,0.014015
7.3032,0.014034
7.3132,0.014053
7.3232,0.014078
7.3332,0.014103
7.3432,0.01413
7.3532,0.014163
7.3632,0.014198
7.3732,0.014228
7.3832,0.014263
7.3932,0.014302
7.4032,0.014338
7.4132,0.014368
7.4232,0.014405
7.4332,0.014431
7.4432,0.014457
7.4533,0.01449
7.4633,0.014518
7.4733,0.01455
7.4833,0.014584
7.4933,0.014623
7.5033,0.014663
7.5133,0.014699
7.5233,0.014736
7.5333,0.01477
7.5433,0.014815
7.5533,0.014851
7.5633,0.014889
7.5733,0.014927
7.5833,0.014966
7.5933,0.015014
7.6033,0.015061
7.6133,0.015105
7.6233,0.015137
7.6333,0.015172
7.6433,0.015209
7.6533,0.015249
7.6633,0.015279
7.6733,0.015308
7.6834,0.015335
7.6934,0.01536
7.7034,0.015389
7.7134,0.015423
7.7234,0.015442
7.7334,0.015468
7.7434,0.015512
7.7534,0.015562
7.7634,0.015605
7.7734,0.01564
7.7834,0.015678
7.7934,0.015718
7.8034,0.015757
7.8134,0.015798
7.8234,0.015842
7.8334,0.015879
7.8434,0.015923
7.8534,0.015969
7.8634,0.016018
7.8734,0.016058
7.8834,0.016092
7.8934,0.016124
7.9034,0.016168
7.9135,0.016209
7.9235,0.016248
7.9335,0.016281
7.9435,0.016314
7.9535,0.016346
7.9635,0.016379
7.9735,0.016408
7.9835,0.016458
7.9935,0.016488
8.0035,0.016505
8.0135,0.016527
8.0235,0.016548
8.0335,0.016571
8.0435,0.016593
8.0535,0.016612
8.0635,0.016643
8.0735,0.016682
8.0835,0.016721
8.0935,0.016753
8.1035,0.016775
8.1135,0.016799
8.1235,0.016821
8.1335,0.016849
8.1436,0.016868
8.1536,0.016886
8.1636,0.016913
8.1736,0.016939
8.1836,0.016964
8.1936,0.01698
8.2036,0.017002
8.2136,0.017023
8.2236,0.017041
8.2336,0.017058
8.2436,0.01708
8.2536,0.017094
8.2636,0.017108
8.2736,0.017119
8.2836,0.017131
8.2936,0.017135
8.3036,0.017155
8.3136,0.017163
8.3236,0.017181
8.3336,0.0172
8.3436,0.017229
8.3536,0.017248
8.3636,0.017271
8.3737,0.017288
8.3837,0.017299
8.3937,0.017316
8.4037,0.017331
8.4137,0.017346
8.4237,0.017351
8.4337,0.017357
8.4437,0.017351
8.4537,0.017345
8.4637,0.017339
8.4737,0.017336
8.4837,0.017333
8.4937,0.017331
8.5037,0.017332
8.5137,0.017337
8.5237,0.017338
8.5337,0.017336
8.5437,0.01733
8.5537,0.017325
8.5637,0.017321
8.5737,0.017318
8.5837,0.017317
8.5937,0.017319
8.6038,0.017321
8.6138,0.017322
8.6238,0.017315
8.6338,0.017301
8.6438,0.017301
8.6538,0.017299
8.6638,0.017308
8.6738,0.017326
8.6838,0.017333
8.6938,0.017337
8.7038,0.017339
8.7138,0.017342
8.7238,0.017336
8.7338,0.017333
8.7438,0.017336
8.7538,0.017337
8.7638,0.017338
8.7738,0.017341
8.7838,0.017336
8.7938,0.017332
8.8038,0.017324
8.8138,0.017307
8.8239,0.017298
8.8339,0.017297
8.8439,0.017296
8.8539,0.017297
8.8639,0.017303
8.8739,0.017296
8.8839,0.017301
8.8939,0.017308
8.9039,0.017304
8.9139,0.017281
8.9239,0.017268
8.9339,0.017262
8.9439,0.017256
8.9539,0.017248
8.9639,0.01725
8.9739,0.017245
8.9839,0.017249
8.9939,0.017259
9.0039,0.017252
9.0139,0.01724
9.0239,0.017241
9.0339,0.017232
9.0439,0.017226
9.054,0.01722
9.064,0.017208
9.074,0.017202
9.084,0.017197
9.094,0.017194
9.104,0.017187
9.114,0.017176
9.124,0.017179
9.134,0.017181
9.144,0.017184
9.154,0.017185
9.164,0.017196
9.174,0.017211
9.184,0.017218
9.194,0.017218
9.204,0.017232
9.214,0.017242
9.224,0.017239
9.234,0.017239
9.244,0.017241
9.254,0.017233
9.264,0.017223
9.274,0.017218
9.2841,0.017218
9.2941,0.01722
9.3041,0.017212
9.3141,0.01721
9.3241,0.017194
9.3341,0.017183
9.3441,0.017169
9.3541,0.017157
9.3641,0.01714
9.3741,0.017129
9.3841,0.017106
9.3941,0.017082
9.4041,0.017045
9.4141,0.017013
9.4241,0.016976
9.4341,0.016944
9.4441,0.016916
9.4541,0.016883
9.4641,0.016841
9.4741,0.016792
9.4841,0.016745
9.4941,0.016702
9.5041,0.016655
9.5142,0.01661
9.5242,0.016548
9.5342,0.016479
9.5442,0.016405
9.5542,0.016333
9.5642,0.01627
9.5742,0.016202
9.5842,0.016122
9.5942,0.016041
9.6042,0.015967
9.6142,0.015885
9.6242,0.015789
9.6342,0.015708
9.6442,0.015626
9.6542,0.015529
9.6642,0.015434
9.6742,0.015339
9.6842,0.01524
9.6942,0.015133
9.7042,0.015027
9.7142,0.014925
9.7242,0.014815
9.7342,0.014698
9.7443,0.014577
9.7543,0.014457
9.7643,0.014337
9.7743,0.014222
9.7843,0.014103
9.7943,0.013988
9.8043,0.013858
9.8143,0.013719
9.8243,0.013586
9.8343,0.013446
9.8443,0.013302
9.8543,0.013162
9.8643,0.013025
9.8743,0.012878
9.8843,0.012741
9.8943,0.012608
9.9043,0.012479
9.9143,0.012345
9.9243,0.01221
9.9343,0.012074
9.9443,0.011946
9.9543,0.011826
9.9643,0.011711
9.9744,0.011602
9.9844,0.011503
9.9944,0.011402
10.004,0.011301
10.014,0.011207
10.024,0.011123
10.034,0.011037
10.044,0.010953
10.054,0.01088
10.064,0.010804
10.074,0.010735
10.084,0.010674
10.094,0.010625
10.104,0.010592
10.114,0.010568
10.124,0.010551
10.134,0.010544
10.144,0.010545
10.154,0.01055
10.164,0.010567
10.174,0.010589
10.184,0.010616
10.194,0.01065
10.204,0.010698
10.214,0.010762
10.224,0.010839
10.234,0.010917
10.244,0.011011
10.254,0.011102
10.264,0.011195
10.274,0.011295
10.284,0.011408
10.294,0.011519
10.304,0.011635
10.315,0.01177
10.325,0.01192
10.335,0.01207
10.345,0.012227
10.355,0.0124
10.365,0.012568
10.375,0.012735
10.385,0.012907
10.395,0.01309
10.405,0.013284
10.415,0.013479
10.425,0.01368
10.435,0.013885
10.445,0.014089
10.455,0.014295
10.465,0.014501
10.475,0.014707
10.485,0.014905
10.495,0.015103
10.505,0.015302
10.515,0.015505
10.525,0.015708
10.535,0.015907
10.545,0.01611
10.555,0.016323
10.565,0.016539
10.575,0.016751
10.585,0.016965
10.595,0.017175
10.605,0.017371
10.615,0.017565
10.625,0.017755
10.635,0.017946
10.645,0.01814
10.655,0.018324
10.665,0.018501
10.675,0.018674
10.685,0.018841
10.695,0.019003
10.705,0.019168
10.715,0.019323
10.725,0.019473
10.735,0.019618
10.745,0.019754
10.755,0.019887
10.765,0.020022
10.775,0.020143
10.785,0.020252
10.795,0.020356
10.805,0.020455
10.815,0.020546
10.825,0.020641
10.835,0.020735
10.845,0.020818
10.855,0.020907
10.865,0.020987
10.875,0.021067
10.885,0.021134
10.895,0.0212
10.905,0.021251
10.915,0.021294
10.925,0.021335
10.935,0.021368
10.945,0.021394
10.955,0.021419
10.965,0.021442
10.975,0.021453
10.985,0.021459
10.995,0.02146
11.005,0.021456
11.015,0.021446
11.025,0.021432
11.035,0.021412
11.045,0.021392
11.055,0.021372
11.065,0.021344
11.075,0.021316
11.085,0.021273
11.095,0.02122
11.105,0.021159
11.115,0.021099
11.125,0.021037
11.135,0.020976
11.145,0.020905
11.155,0.020834
11.165,0.020748
11.175,0.020656
11.185,0.020558
11.195,0.020466
11.205,0.020371
11.215,0.020275
11.225,0.020171
11.235,0.020055
11.245,0.019937
11.255,0.01981
11.265,0.019681
11.275,0.01954
11.285,0.019397
11.295,0.019248
11.305,0.019096
11.315,0.018932
11.325,0.01877
11.335,0.0186
11.345,0.018434
11.355,0.018268
11.365,0.018096
11.375,0.01793
11.385,0.017766
11.395,0.017591
11.405,0.017413
11.415,0.017238
11.425,0.017057
11.435,0.016869
11.445,0.016679
11.455,0.016484
11.465,0.016287
11.475,0.016089
11.485,0.015892
11.495,0.015691
11.505,0.015489
11.515,0.01529
11.525,0.015087
11.535,0.014889
11.545,0.014689
11.555,0.01448
11.565,0.014273
11.575,0.014067
11.585,0.013863
11.595,0.013655
11.605,0.013458
11.615,0.013263
11.625,0.013059
11.635,0.012859
11.645,0.01267
11.655,0.012479
11.665,0.012281
11.675,0.01209
11.685,0.011912
11.695,0.01173
11.705,0.011547
11.715,0.01137
11.725,0.011191
11.735,0.011004
11.745,0.010823
11.755,0.01065
11.765,0.010472
11.775,0.010297
11.785,0.010125
11.795,0.0099596
11.805,0.0097989
11.815,0.0096319
11.825,0.0094611
11.835,0.0093003
11.845,0.0091387
11.855,0.0089776
11.865,0.0088157
11.875,0.0086631
11.885,0.008508
11.895,0.0083565
11.905,0.0082047
11.915,0.0080607
11.925,0.0079187
11.935,0.007774
11.945,0.0076284
11.955,0.0074899
11.965,0.0073545
11.975,0.0072177
11.985,0.0070893
11.995,0.0069647
12.005,0.0068389
12.015,0.0067173
12.025,0.0066034
12.035,0.0064871
12.045,0.0063739
12.055,0.0062577
12.065,0.0061468
12.075,0.0060326
12.085,0.0059258
12.095,0.0058233
12.105,0.0057126
12.115,0.0056038
12.125,0.0054958
12.135,0.0053957
12.145,0.0052932
12.155,0.0051887
12.165,0.0050818
12.175,0.0049839
12.185,0.0048792
12.195,0.0047738
12.205,0.0046794
12.215,0.0045898
12.225,0.0045047
12.235,0.0044179
12.245,0.0043456
12.255,0.0042712
12.265,0.0041887
12.275,0.0041064
12.285,0.0040275
12.295,0.0039644
12.305,0.003899
12.315,0.0038322
12.325,0.0037674
12.335,0.0037023
12.345,0.0036378
12.355,0.0035788
12.365,0.0035203
12.375,0.0034621
12.385,0.0034089
12.395,0.0033701
12.405,0.0033231
12.415,0.0032828
12.425,0.0032402
12.435,0.0032076
12.445,0.0031764
12.455,0.0031496
12.465,0.0031313
12.475,0.0031087
12.485,0.0030789
12.495,0.0030595
12.505,0.0030562
12.515,0.0030521
12.525,0.0030482
12.535,0.0030455
12.545,0.0030439
12.555,0.0030318
12.565,0.0030225
12.575,0.0030094
12.585,0.0030025
12.595,0.0030007
12.606,0.0030086
12.616,0.0030145
12.626,0.0030255
12.636,0.0030365
12.646,0.003042
12.656,0.0030545
12.666,0.0030709
12.676,0.0030852
12.686,0.0031053
12.696,0.0031315
12.706,0.00316
12.716,0.0031793
12.726,0.0032065
12.736,0.0032335
12.746,0.0032636
12.756,0.0032971
12.766,0.0033307
12.776,0.0033697
12.786,0.0034078
12.796,0.0034388
12.806,0.0034756
12.816,0.0035132
12.826,0.003551
12.836,0.0035819
12.846,0.0036229
12.856,0.0036585
12.866,0.0036979
12.876,0.0037378
12.886,0.0037837
12.896,0.0038366
12.906,0.0038988
12.916,0.0039564
12.926,0.0040137
12.936,0.0040744
12.946,0.0041318
12.956,0.0041971
12.966,0.0042619
12.976,0.0043315
12.986,0.0044003
12.996,0.0044694
13.006,0.0045382
13.016,0.0046169
13.026,0.004698
13.036,0.0047899
13.046,0.0048813
13.056,0.0049763
13.066,0.0050843
13.076,0.005194
13.086,0.0053066
13.096,0.0054264
13.106,0.0055512
13.116,0.0056746
13.126,0.0057994
13.136,0.0059321
13.146,0.0060614
13.156,0.0061958
13.166,0.0063336
13.176,0.0064785
13.186,0.0066172
13.196,0.0067512
13.206,0.0068895
13.216,0.0070297
13.226,0.007167
13.236,0.0073121
13.246,0.0074601
13.256,0.0075997
13.266,0.0077362
13.276,0.0078739
13.286,0.0080045
13.296,0.008138
13.306,0.0082749
13.316,0.0084125
13.326,0.008545
13.336,0.0086712
13.346,0.0087903
13.356,0.008905
13.366,0.0090139
13.376,0.0091239
13.386,0.0092257
13.396,0.0093237
13.406,0.0094151
13.416,0.0095062
13.426,0.0095894
13.436,0.0096727
13.446,0.0097553
13.456,0.0098334
13.466,0.0099108
13.476,0.0099758
13.486,0.010046
13.496,0.010123
13.506,0.010191
13.516,0.010249
13.526,0.010313
13.536,0.010369
13.546,0.010415
13.556,0.010463
13.566,0.010521
13.576,0.010582
13.586,0.010647
13.596,0.010718
13.606,0.010792
13.616,0.01087
13.626,0.010962
13.636,0.011058
13.646,0.011169
13.656,0.011293
13.666,0.011426
13.676,0.011571
13.686,0.011723
13.696,0.011897
13.706,0.012096
13.716,0.012313
13.726,0.012546
13.736,0.012789
13.746,0.013053
13.756,0.013343
13.766,0.013645
13.776,0.013964
13.786,0.014304
13.796,0.01467
13.806,0.01507
13.816,0.015503
13.826,0.015968
13.836,0.016454
13.846,0.016966
13.856,0.01751
13.866,0.018082
13.876,0.018669
13.886,0.019276
13.896,0.019908
13.906,0.020547
13.916,0.021201
13.926,0.021874
13.936,0.022578
13.946,0.023294
13.956,0.024016
13.966,0.024743
13.976,0.025478
13.986,0.026214
13.996,0.026955
14.006,0.0277
14.016,0.028428
14.026,0.029149
14.036,0.029857
14.046,0.030539
14.056,0.031193
14.066,0.031824
14.076,0.032431
14.086,0.033002
14.096,0.033534
14.106,0.034028
14.116,0.034471
14.126,0.03487
14.136,0.035226
14.146,0.035532
14.156,0.035775
14.166,0.035956
14.176,0.036073
14.186,0.036126
14.196,0.036099
14.206,0.035999
14.216,0.035822
14.226,0.035572
14.236,0.035234
14.246,0.03481
14.256,0.034307
14.266,0.033722
14.276,0.033054
14.286,0.0323
14.296,0.03147
14.306,0.030557
14.316,0.029551
14.326,0.028462
14.336,0.027295
14.346,0.026037
14.356,0.024702
14.366,0.023298
14.376,0.021804
14.386,0.020229
14.396,0.01859
14.406,0.016886
14.416,0.0151
14.426,0.013253
14.436,0.011344
14.446,0.0093861
14.456,0.0073718
14.466,0.0053024
14.476,0.0031759
14.486,0.0010267
14.496,-0.0011445
14.506,-0.0033474
14.516,-0.0055769
14.526,-0.007824
14.536,-0.010087
14.546,-0.012356
14.556,-0.014626
14.566,-0.016884
14.576,-0.019146
14.586,-0.02141
14.596,-0.023644
14.606,-0.025844
14.616,-0.028037
14.626,-0.030194
14.636,-0.032308
14.646,-0.034391
14.656,-0.036453
14.666,-0.038483
14.676,-0.040469
14.686,-0.042405
14.696,-0.044299
14.706,-0.046136
14.716,-0.047933
14.726,-0.049687
14.736,-0.051389
14.746,-0.053024
14.756,-0.054621
14.766,-0.056177
14.776,-0.057675
14.786,-0.059109
14.796,-0.060493
14.806,-0.061833
14.816,-0.06312
14.826,-0.064357
14.836,-0.065563
14.846,-0.066723
14.856,-0.067822
14.866,-0.06889
14.876,-0.069929
14.886,-0.070913
14.896,-0.071859
14.907,-0.072782
14.917,-0.07367
14.927,-0.074538
14.937,-0.075379
14.947,-0.076196
14.957,-0.076997
14.967,-0.07779
14.977,-0.07858
14.987,-0.07936
14.997,-0.080125
15.007,-0.080886
15.017,-0.081646
15.027,-0.082402
15.037,-0.083163
15.047,-0.083929
15.057,-0.084703
15.067,-0.085476
15.077,-0.086252
15.087,-0.087031
15.097,-0.08781
15.107,-0.088609
15.117,-0.089419
15.127,-0.090233
15.137,-0.091043
15.147,-0.091867
15.157,-0.092707
15.167,-0.093544
15.177,-0.094377
15.187,-0.095217
15.197,-0.096053
15.207,-0.096884
15.217,-0.09771
15.227,-0.098541
15.237,-0.09936
15.247,-0.10016
15.257,-0.10095
15.267,-0.10171
15.277,-0.10245
15.287,-0.10318
15.297,-0.10388
15.307,-0.10454
15.317,-0.10516
15.327,-0.10576
15.337,-0.10632
15.347,-0.10683
15.357,-0.1073
15.367,-0.10772
15.377,-0.10809
15.387,-0.10839
15.397,-0.10864
15.407,-0.10883
15.417,-0.10898
15.427,-0.10905
15.437,-0.10907
15.447,-0.10903
15.457,-0.10892
15.467,-0.10874
15.477,-0.1085
15.487,-0.10819
15.497,-0.10782
15.507,-0.10739
15.517,-0.1069
15.527,-0.10634
15.537,-0.10571
15.547,-0.10503
15.557,-0.10429
15.567,-0.1035
15.577,-0.10265
15.587,-0.10176
15.597,-0.10082
15.607,-0.099845
15.617,-0.098824
15.627,-0.097771
15.637,-0.096692
15.647,-0.095588
15.657,-0.094462
15.667,-0.093324
15.677,-0.092166
15.687,-0.091005
15.697,-0.089846
15.707,-0.088685
15.717,-0.087534
15.727,-0.086396
15.737,-0.085299
15.747,-0.084216
15.757,-0.08316
15.767,-0.082153
15.777,-0.081194
15.787,-0.080278
15.797,-0.079424
15.807,-0.078627
15.817,-0.077896
15.827,-0.077246
15.837,-0.076672
15.847,-0.076181
15.857,-0.07577
15.867,-0.075447
15.877,-0.075216
15.887,-0.075077
15.897,-0.075037
15.907,-0.075095
15.917,-0.075256
15.927,-0.075528
15.937,-0.07591
15.947,-0.076401
15.957,-0.077006
15.967,-0.07773
15.977,-0.078571
15.987,-0.079539
15.997,-0.08062
16.007,-0.081821
16.017,-0.083166
16.027,-0.084623
16.037,-0.086198
16.047,-0.087909
16.057,-0.089739
16.067,-0.091706
16.077,-0.093785
16.087,-0.095997
16.097,-0.098322
16.107,-0.10076
16.117,-0.10334
16.127,-0.10602
16.137,-0.1088
16.147,-0.11172
16.157,-0.11475
16.167,-0.11789
16.177,-0.12115
16.187,-0.12453
16.197,-0.12803
16.207,-0.13162
16.217,-0.13534
16.227,-0.13921
16.237,-0.14316
16.247,-0.14721
16.257,-0.15141
16.267,-0.15574
16.277,-0.16016
16.287,-0.16466
16.297,-0.16927
16.307,-0.17399
16.317,-0.17878
16.327,-0.18369
16.337,-0.18872
16.347,-0.19381
16.357,-0.19896
16.367,-0.20424
16.377,-0.20966
16.387,-0.2151
16.397,-0.2206
16.407,-0.22621
16.417,-0.23194
16.427,-0.23773
16.437,-0.24359
16.447,-0.24953
16.457,-0.25553
16.467,-0.26163
16.477,-0.26782
16.487,-0.27411
16.497,-0.2804
16.507,-0.28673
16.517,-0.29317
16.527,-0.29967
16.537,-0.30622
16.547,-0.31282
16.557,-0.31949
16.567,-0.32618
16.577,-0.33291
16.587,-0.33971
16.597,-0.34647
16.607,-0.35326
16.617,-0.36014
16.627,-0.36703
16.637,-0.37393
16.647,-0.38081
16.657,-0.38774
16.667,-0.3947
16.677,-0.40165
16.687,-0.40858
16.697,-0.41552
16.707,-0.42243
16.717,-0.42931
16.727,-0.43626
16.737,-0.44323
16.747,-0.45012
16.757,-0.45698
16.767,-0.46385
16.777,-0.47072
16.787,-0.47753
16.797,-0.48435
16.807,-0.49113
16.817,-0.49786
16.827,-0.50459
16.837,-0.51128
16.847,-0.51797
16.857,-0.52462
16.867,-0.53122
16.877,-0.53781
16.887,-0.54437
16.897,-0.55088
16.907,-0.55732
16.917,-0.56379
16.927,-0.57022
16.937,-0.57666
16.947,-0.58303
16.957,-0.58936
16.967,-0.59568
16.977,-0.60203
16.987,-0.60843
16.997,-0.61482
17.007,-0.62119
17.017,-0.62757
17.027,-0.63396
17.037,-0.64041
17.047,-0.64687
17.057,-0.6534
17.067,-0.65995
17.077,-0.66656
17.087,-0.67323
17.097,-0.67996
17.107,-0.68677
17.117,-0.69366
17.127,-0.70066
17.137,-0.70778
17.147,-0.71499
17.157,-0.72231
17.167,-0.72978
17.177,-0.73741
17.187,-0.74516
17.198,-0.75311
17.208,-0.76125
17.218,-0.76955
17.228,-0.77802
17.238,-0.78668
17.248,-0.79563
17.258,-0.80473
17.268,-0.81406
17.278,-0.82366
17.288,-0.83349
17.298,-0.8435
17.308,-0.85378
17.318,-0.86434
17.328,-0.87512
17.338,-0.88616
17.348,-0.89755
17.358,-0.90918
17.368,-0.92107
17.378,-0.93323
17.388,-0.94581
17.398,-0.95873
17.408,-0.97184
17.418,-0.9852
17.428,-0.9989
17.438,-1.0129
17.448,-1.0272
17.458,-1.0417
17.468,-1.0565
17.478,-1.0715
17.488,-1.0868
17.498,-1.1024
17.508,-1.1183
17.518,-1.1344
17.528,-1.1506
17.538,-1.167
17.548,-1.1837
17.558,-1.2004
17.568,-1.2173
17.578,-1.2344
17.588,-1.2516
17.598,-1.2689
17.608,-1.2862
17.618,-1.3034
17.628,-1.3205
17.638,-1.3376
17.648,-1.3547
17.658,-1.3716
17.668,-1.3883
17.678,-1.4048
17.688,-1.4211
17.698,-1.4369
17.708,-1.4525
17.718,-1.4677
17.728,-1.4825
17.738,-1.4967
17.748,-1.5104
17.758,-1.5236
17.768,-1.536
17.778,-1.5477
17.788,-1.5587
17.798,-1.5688
17.808,-1.578
17.818,-1.5862
17.828,-1.5934
17.838,-1.5995
17.848,-1.6044
17.858,-1.6082
17.868,-1.6106
17.878,-1.6117
17.888,-1.6115
17.898,-1.6098
17.908,-1.6065
17.918,-1.6018
17.928,-1.5954
17.938,-1.5872
17.948,-1.5773
17.958,-1.5657
17.968,-1.5523
17.978,-1.5369
17.988,-1.5196
17.998,-1.5003
18.008,-1.4791
18.018,-1.4559
18.028,-1.4305
18.038,-1.4031
18.048,-1.3738
18.058,-1.3423
18.068,-1.3087
18.078,-1.273
18.088,-1.2353
18.098,-1.1953
18.108,-1.153
18.118,-1.1085
18.128,-1.0616
18.138,-1.0129
18.148,-0.96229
18.158,-0.90972
18.168,-0.8548
18.178,-0.79799
18.188,-0.73967
18.198,-0.67949
18.208,-0.61778
18.218,-0.55447
18.228,-0.48974
18.238,-0.4235
18.248,-0.35568
18.258,-0.28676
18.268,-0.21691
18.278,-0.14517
18.288,-0.072295
18.298,0.00077518
18.308,0.074955
18.318,0.15056
18.328,0.22711
18.338,0.30385
18.348,0.38092
18.358,0.45871
18.368,0.53639
18.378,0.61448
18.388,0.6928
18.398,0.77107
18.408,0.84919
18.418,0.92651
18.428,1.0039
18.438,1.0809
18.448,1.157
18.458,1.2322
18.468,1.3071
18.478,1.3816
18.488,1.4549
18.498,1.5269
18.508,1.598
18.518,1.6681
18.528,1.7369
18.538,1.8048
18.548,1.8709
18.558,1.9356
18.568,1.9985
18.578,2.0598
18.588,2.1198
18.598,2.1779
18.608,2.2342
18.618,2.2888
18.628,2.3414
18.638,2.3923
18.648,2.4412
18.658,2.4881
18.668,2.533
18.678,2.576
18.688,2.6174
18.698,2.6568
18.708,2.6939
18.718,2.7292
18.728,2.7625
18.738,2.7938
18.748,2.823
18.758,2.8502
18.768,2.8754
18.778,2.8985
18.788,2.9196
18.798,2.9389
18.808,2.9562
18.818,2.9715
18.828,2.9849
18.838,2.9964
18.848,3.0061
18.858,3.014
18.868,3.02
18.878,3.0244
18.888,3.027
18.898,3.0279
18.908,3.0271
18.918,3.0247
18.928,3.0207
18.938,3.0152
18.948,3.008
18.958,2.9993
18.968,2.9892
18.978,2.9778
18.988,2.9649
18.998,2.9506
19.008,2.935
19.018,2.9183
19.028,2.9003
19.038,2.8812
19.048,2.861
19.058,2.8395
19.068,2.817
19.078,2.7934
19.088,2.769
19.098,2.7437
19.108,2.7173
19.118,2.69
19.128,2.662
19.138,2.6332
19.148,2.6034
19.158,2.573
19.168,2.542
19.178,2.5103
19.188,2.4781
19.198,2.4455
19.208,2.4123
19.218,2.3785
19.228,2.3443
19.238,2.3098
19.248,2.275
19.258,2.2398
19.268,2.2043
19.278,2.1687
19.288,2.1327
19.298,2.0964
19.308,2.0602
19.318,2.0238
19.328,1.9871
19.338,1.9503
19.348,1.9138
19.358,1.8771
19.368,1.8404
19.378,1.8038
19.388,1.7676
19.398,1.7317
19.408,1.6957
19.418,1.6599
19.428,1.6245
19.438,1.5893
19.448,1.5542
19.458,1.5196
19.468,1.485
19.478,1.4507
19.489,1.4166
19.499,1.3831
19.509,1.35
19.519,1.3171
19.529,1.2844
19.539,1.2521
19.549,1.2202
19.559,1.1888
19.569,1.1576
19.579,1.1271
19.589,1.097
19.599,1.0671
19.609,1.0379
19.619,1.0091
19.629,0.98074
19.639,0.95281
19.649,0.92522
19.659,0.89808
19.669,0.87123
19.679,0.84488
19.689,0.81886
19.699,0.79327
19.709,0.76787
19.719,0.74309
19.729,0.71868
19.739,0.69453
19.749,0.67057
19.759,0.64694
19.769,0.62383
19.779,0.60098
19.789,0.57837
19.799,0.55619
19.809,0.53427
19.819,0.5126
19.829,0.4913
19.839,0.47022
19.849,0.44932
19.859,0.42856
19.869,0.40806
19.879,0.38793
19.889,0.36782
19.899,0.34789
19.909,0.32822
19.919,0.30889
19.929,0.28973
19.939,0.27064
19.949,0.25174
19.959,0.2331
19.969,0.21459
19.979,0.19626
19.989,0.17825
19.999,0.16045
20.009,0.14274
20.019,0.12522
20.029,0.10807
20.039,0.09111
20.049,0.074231
20.059,0.057519
20.069,0.041103
20.079,0.024875
20.089,0.0088464
20.099,-0.0069619
20.109,-0.022532
20.119,-0.037897
20.129,-0.053031
20.139,-0.06789
20.149,-0.082483
20.159,-0.096901
20.169,-0.11108
20.179,-0.12492
20.189,-0.13853
20.199,-0.1518
20.209,-0.16478
20.219,-0.17745
20.229,-0.18989
20.239,-0.20207
20.249,-0.21389
20.259,-0.22543
20.269,-0.23669
20.279,-0.24772
20.289,-0.25838
20.299,-0.26877
20.309,-0.2789
20.319,-0.28874
20.329,-0.29828
20.339,-0.30753
20.349,-0.31653
20.359,-0.32524
20.369,-0.33368
20.379,-0.34186
20.389,-0.34986
20.399,-0.35756
20.409,-0.36497
20.419,-0.37217
20.429,-0.37922
20.439,-0.38601
20.449,-0.39256
20.459,-0.39893
20.469,-0.40514
20.479,-0.41115
20.489,-0.41696
20.499,-0.42262
20.509,-0.42812
20.519,-0.43348
20.529,-0.43867
20.539,-0.44378
20.549,-0.44875
20.559,-0.45356
20.569,-0.45823
20.579,-0.46283
20.589,-0.46738
20.599,-0.4718
20.609,-0.47611
20.619,-0.48033
20.629,-0.48448
20.639,-0.48858
20.649,-0.49262
20.659,-0.49661
20.669,-0.50053
20.679,-0.50437
20.689,-0.50815
20.699,-0.5119
20.709,-0.5156
20.719,-0.51926
20.729,-0.52288
20.739,-0.52647
20.749,-0.52999
20.759,-0.53347
20.769,-0.5369
20.779,-0.54028
20.789,-0.54359
20.799,-0.54687
20.809,-0.55012
20.819,-0.55329
20.829,-0.5564
20.839,-0.55947
20.849,-0.56248
20.859,-0.56544
20.869,-0.5683
20.879,-0.5711
20.889,-0.57383
20.899,-0.57645
20.909,-0.579
20.919,-0.58149
20.929,-0.5839
20.939,-0.5862
20.949,-0.58839
20.959,-0.59049
20.969,-0.59247
20.979,-0.59433
20.989,-0.59608
20.999,-0.59771
21.009,-0.59922
21.019,-0.6006
21.029,-0.60184
21.039,-0.60295
21.049,-0.60392
21.059,-0.60473
21.069,-0.60539
21.079,-0.6059
21.089,-0.60624
21.099,-0.60643
21.109,-0.60645
21.119,-0.60629
21.129,-0.60597
21.139,-0.60548
21.149,-0.60482
21.159,-0.60397
21.169,-0.60294
21.179,-0.60173
21.189,-0.60034
21.199,-0.59876
21.209,-0.59702
21.219,-0.5951
21.229,-0.59298
21.239,-0.59068
21.249,-0.58819
21.259,-0.58553
21.269,-0.58268
21.279,-0.57966
21.289,-0.57646
21.299,-0.5731
21.309,-0.56959
21.319,-0.56594
21.329,-0.56212
21.339,-0.55812
21.349,-0.55398
21.359,-0.54974
21.369,-0.54537
21.379,-0.54086
21.389,-0.53622
21.399,-0.5315
21.409,-0.52665
21.419,-0.52168
21.429,-0.51666
21.439,-0.51157
21.449,-0.50636
21.459,-0.50109
21.469,-0.49577
21.479,-0.49041
21.489,-0.48499
21.499,-0.47956
21.509,-0.47415
21.519,-0.46875
21.529,-0.46334
21.539,-0.45794
21.549,-0.45259
21.559,-0.44729
21.569,-0.44201
21.579,-0.43681
21.589,-0.43169
21.599,-0.42663
21.609,-0.4216
21.619,-0.41666
21.629,-0.41186
21.639,-0.40714
21.649,-0.4025
21.659,-0.39796
21.669,-0.39355
21.679,-0.38928
21.689,-0.38513
21.699,-0.38112
21.709,-0.37724
21.719,-0.37349
21.729,-0.36986
21.739,-0.36638
21.749,-0.36305
21.759,-0.35983
21.769,-0.35677
21.78,-0.35383
21.79,-0.35103
21.8,-0.34836
21.81,-0.3458
21.82,-0.34337
21.83,-0.34107
21.84,-0.33886
21.85,-0.3368
21.86,-0.33484
21.87,-0.33299
21.88,-0.33122
21.89,-0.32955
21.9,-0.32797
21.91,-0.32647
21.92,-0.32504
21.93,-0.32369
21.94,-0.3224
21.95,-0.32114
21.96,-0.31995
21.97,-0.3188
21.98,-0.31768
21.99,-0.31659
22,-0.31553
22.01,-0.31448
22.02,-0.31345
22.03,-0.31243
22.04,-0.31141
22.05,-0.31041
22.06,-0.3094
22.07,-0.30839
22.08,-0.30737
22.09,-0.30635
22.1,-0.30533
22.11,-0.30429
22.12,-0.30324
22.13,-0.30218
22.14,-0.30111
22.15,-0.30002
22.16,-0.29894
22.17,-0.29786
22.18,-0.29675
22.19,-0.29564
22.2,-0.29451
22.21,-0.29341
22.22,-0.29231
22.23,-0.29121
22.24,-0.29012
22.25,-0.28904
22.26,-0.28797
22.27,-0.28693
22.28,-0.28591
22.29,-0.28491
22.3,-0.28393
22.31,-0.28298
22.32,-0.28205
22.33,-0.28116
22.34,-0.28028
22.35,-0.27944
22.36,-0.27864
22.37,-0.27787
22.38,-0.27715
22.39,-0.27647
22.4,-0.27581
22.41,-0.27519
22.42,-0.27459
22.43,-0.27403
22.44,-0.27349
22.45,-0.27297
22.46,-0.27249
22.47,-0.27201
22.48,-0.27156
22.49,-0.2711
22.5,-0.27065
22.51,-0.27019
22.52,-0.26973
22.53,-0.26923
22.54,-0.26872
22.55,-0.26818
22.56,-0.2676
22.57,-0.26696
22.58,-0.26628
22.59,-0.26554
22.6,-0.26473
22.61,-0.26384
22.62,-0.26286
22.63,-0.26179
22.64,-0.26064
22.65,-0.25937
22.66,-0.258
22.67,-0.25652
22.68,-0.25489
22.69,-0.25313
22.7,-0.25126
22.71,-0.24923
22.72,-0.24705
22.73,-0.24471
22.74,-0.24222
22.75,-0.23957
22.76,-0.23677
22.77,-0.23384
22.78,-0.23074
22.79,-0.22747
22.8,-0.22404
22.81,-0.22043
22.82,-0.21667
22.83,-0.21277
22.84,-0.20869
22.85,-0.20448
22.86,-0.20011
22.87,-0.1956
22.88,-0.19093
22.89,-0.18615
22.9,-0.1812
22.91,-0.17618
22.92,-0.17105
22.93,-0.16582
22.94,-0.16046
22.95,-0.15497
22.96,-0.14943
22.97,-0.14382
22.98,-0.13812
22.99,-0.13236
23,-0.12653
23.01,-0.12068
23.02,-0.11479
23.03,-0.10883
23.04,-0.10289
23.05,-0.096969
23.06,-0.09098
23.07,-0.085
23.08,-0.079074
23.09,-0.073176
23.1,-0.067267
23.11,-0.061407
23.12,-0.055621
23.13,-0.049898
23.14,-0.044205
23.15,-0.038586
23.16,-0.033054
23.17,-0.027594
23.18,-0.022213
23.19,-0.016922
23.2,-0.011749
23.21,-0.0066457
23.22,-0.0016214
23.23,0.0032672
23.24,0.0080073
23.25,0.012636
23.26,0.017158
23.27,0.021546
23.28,0.025787
23.29,0.029875
23.3,0.033845
23.31,0.03765
23.32,0.041318
23.33,0.04484
23.34,0.048214
23.35,0.051436
23.36,0.054507
23.37,0.057434
23.38,0.0602
23.39,0.062817
23.4,0.065273
23.41,0.067591
23.42,0.069763
23.43,0.07177
23.44,0.073624
23.45,0.075319
23.46,0.076845
23.47,0.07822
23.48,0.079455
23.49,0.080531
23.5,0.081452
23.51,0.082208
23.52,0.082821
23.53,0.08328
23.54,0.083586
23.55,0.083748
23.56,0.083763
23.57,0.083628
23.58,0.083349
23.59,0.082938
23.6,0.082384
23.61,0.08169
23.62,0.080873
23.63,0.079932
23.64,0.078852
23.65,0.077648
23.66,0.076334
23.67,0.074892
23.68,0.073335
23.69,0.071672
23.7,0.06991
23.71,0.06804
23.72,0.066075
23.73,0.064022
23.74,0.061868
23.75,0.059624
23.76,0.057308
23.77,0.054924
23.78,0.052472
23.79,0.049933
23.8,0.047313
23.81,0.044642
23.82,0.041928
23.83,0.039167
23.84,0.036362
23.85,0.033497
23.86,0.030602
23.87,0.027663
23.88,0.02471
23.89,0.021742
23.9,0.018751
23.91,0.015738
23.92,0.012712
23.93,0.0096915
23.94,0.0066718
23.95,0.0036613
23.96,0.00065782
23.97,-0.0023236
23.98,-0.0053025
23.99,-0.0082593
24,-0.011176
24.01,-0.014069
24.02,-0.016933
24.03,-0.019768
24.04,-0.022559
24.05,-0.025304
24.06,-0.028006
24.071,-0.030664
24.081,-0.033259
24.091,-0.035808
24.101,-0.038302
24.111,-0.040736
24.121,-0.0431
24.131,-0.04541
24.141,-0.047654
24.151,-0.049828
24.161,-0.051916
24.171,-0.053951
24.181,-0.055917
24.191,-0.057803
24.201,-0.059616
24.211,-0.061354
24.221,-0.063024
24.231,-0.064604
24.241,-0.066115
24.251,-0.067553
24.261,-0.068927
24.271,-0.070236
24.281,-0.07147
24.291,-0.072637
24.301,-0.073743
24.311,-0.074772
24.321,-0.075733
24.331,-0.076638
24.341,-0.077483
24.351,-0.078275
24.361,-0.079011
24.371,-0.079686
24.381,-0.080312
24.391,-0.080886
24.401,-0.081415
24.411,-0.081914
24.421,-0.08237
24.431,-0.082786
24.441,-0.083166
24.451,-0.08352
24.461,-0.083857
24.471,-0.084168
24.481,-0.084459
24.491,-0.08474
24.501,-0.085009
24.511,-0.08527
24.521,-0.085528
24.531,-0.085778
24.541,-0.086026
24.551,-0.086279
24.561,-0.086546
24.571,-0.086811
24.581,-0.087078
24.591,-0.087364
24.601,-0.087672
24.611,-0.087991
24.621,-0.088315
24.631,-0.088655
24.641,-0.089019
24.651,-0.089405
24.661,-0.089816
24.671,-0.090246
24.681,-0.090697
24.691,-0.091164
24.701,-0.091647
24.711,-0.092145
24.721,-0.092672
24.731,-0.093218
24.741,-0.093781
24.751,-0.094355
24.761,-0.094942
24.771,-0.095551
24.781,-0.096176
24.791,-0.096816
24.801,-0.097462
24.811,-0.098115
24.821,-0.098784
24.831,-0.099469
24.841,-0.10016
24.851,-0.10086
24.861,-0.10157
24.871,-0.10227
24.881,-0.10298
24.891,-0.10368
24.901,-0.10438
24.911,-0.10508
24.921,-0.10577
24.931,-0.10646
24.941,-0.10715
24.951,-0.10783
24.961,-0.10851
24.971,-0.10918
24.981,-0.10983
24.991,-0.11048
25.001,-0.11112
25.011,-0.11175
25.021,-0.11238
25.031,-0.113
25.041,-0.11363
25.051,-0.11425
25.061,-0.11487
25.071,-0.11547
25.081,-0.11608
25.091,-0.11669
25.101,-0.1173
25.111,-0.11792
25.121,-0.11852
25.131,-0.11913
25.141,-0.11974
25.151,-0.12035
25.161,-0.12097
25.171,-0.1216
25.181,-0.12223
25.191,-0.12287
25.201,-0.1235
25.211,-0.12416
25.221,-0.12481
25.231,-0.12547
25.241,-0.12613
25.251,-0.12681
25.261,-0.1275
25.271,-0.1282
25.281,-0.1289
25.291,-0.12962
25.301,-0.13036
25.311,-0.13111
25.321,-0.13188
25.331,-0.13266
25.341,-0.13346
25.351,-0.13426
25.361,-0.13507
25.371,-0.13589
25.381,-0.13672
25.391,-0.13756
25.401,-0.13841
25.411,-0.13928
25.421,-0.14016
25.431,-0.14103
25.441,-0.14191
25.451,-0.1428
25.461,-0.1437
25.471,-0.14459
25.481,-0.14547
25.491,-0.14634
25.501,-0.14719
25.511,-0.14804
25.521,-0.14888
25.531,-0.14971
25.541,-0.15052
25.551,-0.15132
25.561,-0.1521
25.571,-0.15285
25.581,-0.15358
25.591,-0.15427
25.601,-0.15493
25.611,-0.15555
25.621,-0.15613
25.631,-0.15667
25.641,-0.15718
25.651,-0.15765
25.661,-0.15807
25.671,-0.15844
25.681,-0.15875
25.691,-0.15901
25.701,-0.15921
25.711,-0.15934
25.721,-0.15942
25.731,-0.15944
25.741,-0.15938
25.751,-0.15925
25.761,-0.15906
25.771,-0.1588
25.781,-0.15846
25.791,-0.15805
25.801,-0.15755
25.811,-0.15698
25.821,-0.15634
25.831,-0.15563
25.841,-0.15483
25.851,-0.15397
25.861,-0.15303
25.871,-0.15201
25.881,-0.15091
25.891,-0.14974
25.901,-0.14848
25.911,-0.14716
25.921,-0.14577
25.931,-0.14432
25.941,-0.14279
25.951,-0.1412
25.961,-0.13956
25.971,-0.13786
25.981,-0.13612
25.991,-0.13433
26.001,-0.1325
26.011,-0.13062
26.021,-0.1287
26.031,-0.12674
26.041,-0.12477
26.051,-0.12276
26.061,-0.12073
26.071,-0.11868
26.081,-0.11661
26.091,-0.11454
26.101,-0.11247
26.111,-0.11038
26.121,-0.10831
26.131,-0.10625
26.141,-0.10419
26.151,-0.10215
26.161,-0.10013
26.171,-0.098127
26.181,-0.096157
26.191,-0.094219
26.201,-0.092309
26.211,-0.090419
26.221,-0.088561
26.231,-0.086752
26.241,-0.084984
26.251,-0.083256
26.261,-0.081582
26.271,-0.079963
26.281,-0.07839
26.291,-0.076873
26.301,-0.075411
26.311,-0.074014
26.321,-0.072686
26.331,-0.071414
26.341,-0.07021
26.351,-0.069073
26.362,-0.067996
26.372,-0.06699
26.382,-0.06605
26.392,-0.065176
26.402,-0.06436
26.412,-0.063604
26.422,-0.062917
26.432,-0.062285
26.442,-0.061716
26.452,-0.061201
26.462,-0.060743
26.472,-0.060347
26.482,-0.059993
26.492,-0.059694
26.502,-0.059445
26.512,-0.059242
26.522,-0.059081
26.532,-0.058957
26.542,-0.058874
26.552,-0.058834
26.562,-0.05883
26.572,-0.05886
26.582,-0.05892
26.592,-0.059004
26.602,-0.059114
26.612,-0.059249
26.622,-0.059401
26.632,-0.059565
26.642,-0.059744
26.652,-0.059924
26.662,-0.060109
26.672,-0.060293
26.682,-0.060472
26.692,-0.060653
26.702,-0.060827
26.712,-0.06099
26.722,-0.061141
26.732,-0.061271
26.742,-0.061394
26.752,-0.061486
26.762,-0.061549
26.772,-0.061589
26.782,-0.061598
26.792,-0.061575
26.802,-0.061526
26.812,-0.061439
26.822,-0.06132
26.832,-0.061156
26.842,-0.060953
26.852,-0.060721
26.862,-0.060447
26.872,-0.060124
26.882,-0.059758
26.892,-0.059342
26.902,-0.058892
26.912,-0.058397
26.922,-0.057854
26.932,-0.057272
26.942,-0.056651
26.952,-0.055983
26.962,-0.055271
26.972,-0.054518
26.982,-0.053721
26.992,-0.0529
27.002,-0.052054
27.012,-0.051171
27.022,-0.050249
27.032,-0.049295
27.042,-0.048314
27.052,-0.047302
27.062,-0.046265
27.072,-0.045219
27.082,-0.044164
27.092,-0.043079
27.102,-0.041974
27.112,-0.040862
27.122,-0.039755
27.132,-0.038635
27.142,-0.037513
27.152,-0.036393
27.162,-0.035283
27.172,-0.034173
27.182,-0.033071
27.192,-0.031986
27.202,-0.030916
27.212,-0.029871
27.222,-0.028856
27.232,-0.027852
27.242,-0.026872
27.252,-0.02591
27.262,-0.024976
27.272,-0.02409
27.282,-0.023233
27.292,-0.022404
27.302,-0.021618
27.312,-0.020877
27.322,-0.020176
27.332,-0.019514
27.342,-0.018895
27.352,-0.01832
27.362,-0.017791
27.372,-0.017316
27.382,-0.016896
27.392,-0.016528
27.402,-0.016209
27.412,-0.015939
27.422,-0.01572
27.432,-0.01555
27.442,-0.015429
27.452,-0.015358
27.462,-0.015336
27.472,-0.015364
27.482,-0.015437
27.492,-0.015559
27.502,-0.015726
27.512,-0.015928
27.522,-0.016167
27.532,-0.016445
27.542,-0.016765
27.552,-0.017121
27.562,-0.017507
27.572,-0.017918
27.582,-0.018346
27.592,-0.018798
27.602,-0.019273
27.612,-0.019761
27.622,-0.020268
27.632,-0.020783
27.642,-0.021309
27.652,-0.021836
27.662,-0.022358
27.672,-0.02287
27.682,-0.023387
27.692,-0.023892
27.702,-0.024375
27.712,-0.024843
27.722,-0.025285
27.732,-0.0257
27.742,-0.026078
27.752,-0.026424
27.762,-0.026739
27.772,-0.027012
27.782,-0.027249
27.792,-0.027441
27.802,-0.027584
27.812,-0.027677
27.822,-0.027721
27.832,-0.027712
27.842,-0.027639
27.852,-0.027504
27.862,-0.027311
27.872,-0.027061
27.882,-0.02675
27.892,-0.026375
27.902,-0.025939
27.912,-0.025438
27.922,-0.024869
27.932,-0.024239
27.942,-0.023539
27.952,-0.022773
27.962,-0.021948
27.972,-0.021046
27.982,-0.020076
27.992,-0.019048
28.002,-0.017958
28.012,-0.01681
28.022,-0.015607
28.032,-0.014343
28.042,-0.013027
28.052,-0.011654
28.062,-0.010227
28.072,-0.0087585
28.082,-0.0072476
28.092,-0.0056978
28.102,-0.0041083
28.112,-0.0024766
28.122,-0.00081568
28.132,0.00087527
28.142,0.0025876
28.152,0.0043214
28.162,0.0060783
28.172,0.0078708
28.182,0.009675
28.192,0.011482
28.202,0.013297
28.212,0.015119
28.222,0.016943
28.232,0.018761
28.242,0.020579
28.252,0.022395
28.262,0.024188
28.272,0.025953
28.282,0.027712
28.292,0.029441
28.302,0.031141
28.312,0.032831
28.322,0.034495
28.332,0.036118
28.342,0.037704
28.352,0.039255
28.362,0.040784
28.372,0.042276
28.382,0.043732
28.392,0.04515
28.402,0.046517
28.412,0.047825
28.422,0.049095
28.432,0.050325
28.442,0.0515
28.452,0.052619
28.462,0.053691
28.472,0.054692
28.482,0.055636
28.492,0.05652
28.502,0.057356
28.512,0.058142
28.522,0.058867
28.532,0.059543
28.542,0.060173
28.552,0.060758
28.562,0.061288
28.572,0.061766
28.582,0.062195
28.592,0.062573
28.602,0.062899
28.612,0.063173
28.622,0.063404
28.632,0.063591
28.642,0.063729
28.653,0.06382
28.663,0.06386
28.673,0.063857
28.683,0.063807
28.693,0.063717
28.703,0.063579
28.713,0.0634
28.723,0.063178
28.733,0.062922
28.743,0.062627
28.753,0.062286
28.763,0.061907
28.773,0.061485
28.783,0.061025
28.793,0.060533
28.803,0.060013
28.813,0.059454
28.823,0.058857
28.833,0.058227
28.843,0.057564
28.853,0.05687
28.863,0.056139
28.873,0.055392
28.883,0.054613
28.893,0.053799
28.903,0.052963
28.913,0.052091
28.923,0.051191
28.933,0.050258
28.943,0.049299
28.953,0.048311
28.963,0.047301
28.973,0.046259
28.983,0.0452
28.993,0.044106
29.003,0.042985
29.013,0.041838
29.023,0.040676
29.033,0.039493
29.043,0.038286
29.053,0.037059
29.063,0.03581
29.073,0.034541
29.083,0.033239
29.093,0.031915
29.103,0.030578
29.113,0.029221
29.123,0.027828
29.133,0.026421
29.143,0.024992
29.153,0.023542
29.163,0.02207
29.173,0.020585
29.183,0.019093
29.193,0.017582
29.203,0.016051
29.213,0.014506
29.223,0.012953
29.233,0.011377
29.243,0.0097904
29.253,0.0081938
29.263,0.0065992
29.273,0.0049855
29.283,0.0033532
29.293,0.0017326
29.303,9.4752e-005
29.313,-0.001545
29.323,-0.0031826
29.333,-0.0048326
29.343,-0.0064876
29.353,-0.0081368
29.363,-0.0097811
29.373,-0.011424
29.383,-0.013072
29.393,-0.01472
29.403,-0.016347
29.413,-0.017972
29.423,-0.019582
29.433,-0.021172
29.443,-0.022748
29.453,-0.024309
29.463,-0.025858
29.473,-0.027385
29.483,-0.028874
29.493,-0.030344
29.503,-0.031788
29.513,-0.033183
29.523,-0.034538
29.533,-0.035853
29.543,-0.037134
29.553,-0.038371
29.563,-0.039558
29.573,-0.040692
29.583,-0.041771
29.593,-0.042796
29.603,-0.043767
29.613,-0.044679
29.623,-0.045536
29.633,-0.04633
29.643,-0.047056
29.653,-0.047719
29.663,-0.04831
29.673,-0.04882
29.683,-0.049248
29.693,-0.049602
29.703,-0.049875
29.713,-0.050073
29.723,-0.05019
29.733,-0.050218
29.743,-0.050147
29.753,-0.049992
29.763,-0.049757
29.773,-0.049436
29.783,-0.049024
29.793,-0.048521
29.803,-0.047925
29.813,-0.047232
29.823,-0.046457
29.833,-0.045596
29.843,-0.044648
29.853,-0.043613
29.863,-0.042502
29.873,-0.041309
29.883,-0.040032
29.893,-0.038689
29.903,-0.037279
29.913,-0.035781
29.923,-0.034219
29.933,-0.032601
29.943,-0.030927
29.953,-0.029191
29.963,-0.027397
29.973,-0.025573
29.983,-0.023706
29.993,-0.021806
30.003,-0.019879
30.013,-0.017923
30.023,-0.015936
30.033,-0.013954
30.043,-0.011958
30.053,-0.0099607
30.063,-0.0079585
30.073,-0.0059752
30.083,-0.0040343
30.093,-0.0021134
30.103,-0.00020557
30.113,0.0016709
30.123,0.0034949
30.133,0.0052937
30.143,0.0070411
30.153,0.0087358
30.163,0.010366
30.173,0.01195
30.183,0.013464
30.193,0.014901
30.203,0.016266
30.213,0.017557
30.223,0.018762
30.233,0.019888
30.243,0.020929
30.253,0.021878
30.263,0.022747
30.273,0.023518
30.283,0.024214
30.293,0.024828
30.303,0.025355
30.313,0.025803
30.323,0.026164
30.333,0.026443
30.343,0.026638
30.353,0.026761
30.363,0.026815
30.373,0.026801
30.383,0.026718
30.393,0.02657
30.403,0.026363
30.413,0.026096
30.423,0.025785
30.433,0.025433
30.443,0.025038
30.453,0.024613
30.463,0.024164
30.473,0.023691
30.483,0.023197
30.493,0.022691
30.503,0.022174
30.513,0.021646
30.523,0.021129
30.533,0.020623
30.543,0.02012
30.553,0.019629
30.563,0.019157
30.573,0.018711
30.583,0.018292
30.593,0.017898
30.603,0.017536
30.613,0.017212
30.623,0.016923
30.633,0.016672
30.643,0.016457
30.653,0.01628
30.663,0.016149
30.673,0.016057
30.683,0.01601
30.693,0.016002
30.703,0.016032
30.713,0.016106
30.723,0.01622
30.733,0.016371
30.743,0.016558
30.753,0.016768
30.763,0.017005
30.773,0.01727
30.783,0.01756
30.793,0.01787
30.803,0.01819
30.813,0.01853
30.823,0.018886
30.833,0.019248
30.843,0.019608
30.853,0.019963
30.863,0.020307
30.873,0.020639
30.883,0.02095
30.893,0.021241
30.903,0.021517
30.913,0.021766
30.923,0.021974
30.933,0.02215
30.944,0.022282
30.954,0.022377
30.964,0.022437
30.974,0.022453
30.984,0.022422
30.994,0.022345
31.004,0.02222
31.014,0.022041
31.024,0.021809
31.034,0.021525
31.044,0.021185
31.054,0.020791
31.064,0.02035
31.074,0.019854
31.084,0.019298
31.094,0.018697
31.104,0.018043
31.114,0.017326
31.124,0.01656
31.134,0.015757
31.144,0.014917
31.154,0.014033
31.164,0.013117
31.174,0.012168
31.184,0.011188
31.194,0.01017
31.204,0.0091359
31.214,0.0080885
31.224,0.007023
31.234,0.0059361
31.244,0.0048431
31.254,0.0037569
31.264,0.0026736
31.274,0.0015748
31.284,0.00047734
31.294,-0.0006015
31.304,-0.0016634
31.314,-0.0027185
31.324,-0.003753
31.334,-0.0047597
31.344,-0.0057443
31.354,-0.0066952
31.364,-0.0076088
31.374,-0.0084847
31.384,-0.0093277
31.394,-0.010138
31.404,-0.010912
31.414,-0.011649
31.424,-0.012343
31.434,-0.012983
31.444,-0.01358
31.454,-0.014129
31.464,-0.014617
31.474,-0.015056
31.484,-0.015452
31.494,-0.015793
31.504,-0.01608
31.514,-0.016317
31.524,-0.016505
31.534,-0.016627
31.544,-0.016696
31.554,-0.016716
31.564,-0.016681
31.574,-0.016601
31.584,-0.016479
31.594,-0.016314
31.604,-0.016096
31.614,-0.015833
31.624,-0.015529
31.634,-0.015189
31.644,-0.014804
31.654,-0.014381
31.664,-0.013919
31.674,-0.013427
31.684,-0.01291
31.694,-0.012364
31.704,-0.011787
31.714,-0.011184
31.724,-0.010566
31.734,-0.0099318
31.744,-0.0092771
31.754,-0.0085992
31.764,-0.0079056
31.774,-0.0071997
31.784,-0.0064728
31.794,-0.0057326
31.804,-0.0049934
31.814,-0.0042588
31.824,-0.003524
31.834,-0.0027815
31.844,-0.0020306
31.854,-0.0012784
31.864,-0.00052785
31.874,0.00021493
31.884,0.00094614
31.894,0.001674
31.904,0.002398
31.914,0.0031085
31.924,0.0037979
31.934,0.0044725
31.944,0.0051192
31.954,0.0057438
31.964,0.0063474
31.974,0.0069233
31.984,0.0074769
31.994,0.0080092
32.004,0.0085202
32.014,0.0090187
32.024,0.009487
32.034,0.0099296
32.044,0.010358
32.054,0.010768
32.064,0.011158
32.074,0.011512
32.084,0.011845
32.094,0.012161
32.104,0.012452
32.114,0.012726
32.124,0.012984
32.134,0.013228
32.144,0.013461
32.154,0.01368
32.164,0.013876
32.174,0.014064
32.184,0.014255
32.194,0.014446
32.204,0.014632
32.214,0.014812
32.224,0.014997
32.234,0.015188
32.244,0.015381
32.254,0.015584
32.264,0.015794
32.274,0.016021
32.284,0.016264
32.294,0.01652
32.304,0.016797
32.314,0.017101
32.324,0.017426
32.334,0.017773
32.344,0.018145
32.354,0.01854
32.364,0.018964
32.374,0.019421
32.384,0.0199
32.394,0.020403
32.404,0.020935
32.414,0.021494
32.424,0.022077
32.434,0.022683
32.444,0.023309
32.454,0.023965
32.464,0.024648
32.474,0.025347
32.484,0.026057
32.494,0.026789
32.504,0.027533
32.514,0.028289
32.524,0.029055
32.534,0.029818
32.544,0.030575
32.554,0.031325
32.564,0.032069
32.574,0.032804
32.584,0.033524
32.594,0.034236
32.604,0.034922
32.614,0.03557
32.624,0.036192
32.634,0.036783
32.644,0.037328
32.654,0.037832
32.664,0.038293
32.674,0.038705
32.684,0.039057
32.694,0.039349
32.704,0.039573
32.714,0.039735
32.724,0.039841
32.734,0.039879
32.744,0.039848
32.754,0.03975
32.764,0.039579
32.774,0.039334
32.784,0.039014
32.794,0.038618
32.804,0.038146
32.814,0.037603
32.824,0.036993
32.834,0.036314
32.844,0.035567
32.854,0.034754
32.864,0.033879
32.874,0.032942
32.884,0.031941
32.894,0.030871
32.904,0.029748
32.914,0.028585
32.924,0.027369
32.934,0.026107
32.944,0.024807
32.954,0.023477
32.964,0.022114
32.974,0.020725
32.984,0.01931
32.994,0.01787
33.004,0.016422
33.014,0.014991
33.024,0.013557
33.034,0.012107
33.044,0.01066
33.054,0.0092201
33.064,0.0078065
33.074,0.0064045
33.084,0.005029
33.094,0.0036859
33.104,0.002364
33.114,0.0010676
33.124,-0.00019054
33.134,-0.0014096
33.144,-0.0025841
33.154,-0.003706
33.164,-0.0047706
33.174,-0.0057878
33.184,-0.0067517
33.194,-0.0076544
33.204,-0.0084959
33.214,-0.0092665
33.224,-0.0099692
33.235,-0.010602
33.245,-0.011172
33.255,-0.01168
33.265,-0.012104
33.275,-0.012446
33.285,-0.012709
33.295,-0.012901
33.305,-0.013022
33.315,-0.013063
33.325,-0.013025
33.335,-0.012911
33.345,-0.012717
33.355,-0.012449
33.365,-0.012108
33.375,-0.011686
33.385,-0.011184
33.395,-0.01061
33.405,-0.0099604
33.415,-0.0092424
33.425,-0.0084528
33.435,-0.0075951
33.445,-0.0066662
33.455,-0.0056711
33.465,-0.0046021
33.475,-0.003464
33.485,-0.0022673
33.495,-0.0010091
33.505,0.00030351
33.515,0.0016643
33.525,0.0030856
33.535,0.0045463
33.545,0.006052
33.555,0.0075955
33.565,0.0091815
33.575,0.010792
33.585,0.012427
33.595,0.014094
33.605,0.015764
33.615,0.017441
33.625,0.019129
33.635,0.020809
33.645,0.022479
33.655,0.024158
33.665,0.025836
33.675,0.027483
33.685,0.029101
33.695,0.03071
33.705,0.032294
33.715,0.033844
33.725,0.035359
33.735,0.036836
33.745,0.038271
33.755,0.039649
33.765,0.040976
33.775,0.042254
33.785,0.043469
33.795,0.044628
33.805,0.045722
33.815,0.046754
33.825,0.04772
33.835,0.048625
33.845,0.049464
33.855,0.050235
33.865,0.050945
33.875,0.051589
33.885,0.052167
33.895,0.052687
33.905,0.053142
33.915,0.05354
33.925,0.05388
33.935,0.054152
33.945,0.054367
33.955,0.054525
33.965,0.054637
33.975,0.054706
33.985,0.054735
33.995,0.05472
34.005,0.054674
34.015,0.054596
34.025,0.054501
34.035,0.054381
34.045,0.054234
34.055,0.054073
34.065,0.053895
34.075,0.053718
34.085,0.053531
34.095,0.053337
34.105,0.053148
34.115,0.052965
34.125,0.052799
34.135,0.052649
34.145,0.05251
34.155,0.052377
34.165,0.052257
34.175,0.052166
34.185,0.052095
34.195,0.05204
34.205,0.052004
34.215,0.051994
34.225,0.052006
34.235,0.052043
34.245,0.0521
34.255,0.052177
34.265,0.052262
34.275,0.052359
34.285,0.052468
34.295,0.052587
34.305,0.052704
34.315,0.052813
34.325,0.052919
34.335,0.053028
34.345,0.05313
34.355,0.053209
34.365,0.05327
34.375,0.053304
34.385,0.053305
34.395,0.053276
34.405,0.053209
34.415,0.053086
34.425,0.052915
34.435,0.052699
34.445,0.052426
34.455,0.052085
34.465,0.051673
34.475,0.051191
34.485,0.050639
34.495,0.050003
34.505,0.049299
34.515,0.048522
34.525,0.047655
34.535,0.046717
34.545,0.045701
34.555,0.044589
34.565,0.043382
34.575,0.042105
34.585,0.040754
34.595,0.039318
34.605,0.037809
34.615,0.036225
34.625,0.034569
34.635,0.032834
34.645,0.031047
34.655,0.029186
34.665,0.027248
34.675,0.025274
34.685,0.02326
34.695,0.021198
34.705,0.019088
34.715,0.016963
34.725,0.014813
34.735,0.012642
34.745,0.010454
34.755,0.0082672
34.765,0.0060803
34.775,0.0038943
34.785,0.001733
34.795,-0.00041012
34.805,-0.0025508
34.815,-0.0046596
34.825,-0.0067135
34.835,-0.00871
34.845,-0.010654
34.855,-0.012554
34.865,-0.014379
34.875,-0.016117
34.885,-0.017784
34.895,-0.019372
34.905,-0.020871
34.915,-0.02226
34.925,-0.023554
34.935,-0.024742
34.945,-0.025831
34.955,-0.026827
34.965,-0.027709
34.975,-0.028469
34.985,-0.029117
34.995,-0.029643
35.005,-0.030057
35.015,-0.030347
35.025,-0.030519
35.035,-0.030571
35.045,-0.030519
35.055,-0.030344
35.065,-0.030044
35.075,-0.029629
35.085,-0.029106
35.095,-0.028467
35.105,-0.027729
35.115,-0.026882
35.125,-0.025931
35.135,-0.024889
35.145,-0.023758
35.155,-0.022526
35.165,-0.021212
35.175,-0.019816
35.185,-0.018338
35.195,-0.016778
35.205,-0.015162
35.215,-0.013484
35.225,-0.011742
35.235,-0.0099505
35.245,-0.0081123
35.255,-0.0062302
35.265,-0.004318
35.275,-0.002391
35.285,-0.00044901
35.295,0.0015121
35.305,0.0035005
35.315,0.0054854
35.325,0.0074725
35.335,0.009478
35.345,0.011476
35.355,0.013474
35.365,0.015441
35.375,0.01739
35.385,0.019314
35.395,0.021221
35.405,0.023103
35.415,0.024939
35.425,0.026726
35.435,0.028478
35.445,0.030184
35.455,0.031839
35.465,0.033438
35.475,0.034986
35.485,0.036469
35.495,0.037903
35.505,0.039285
35.515,0.040617
35.526,0.04187
35.536,0.043061
35.546,0.044203
35.556,0.045292
35.566,0.046303
35.576,0.047258
35.586,0.048155
35.596,0.048979
35.606,0.049744
35.616,0.05045
35.626,0.051093
35.636,0.051684
35.646,0.052227
35.656,0.052712
35.666,0.053135
35.676,0.053517
35.686,0.05385
35.696,0.054139
35.706,0.054389
35.716,0.054603
35.726,0.054787
35.736,0.054938
35.746,0.055059
35.756,0.055147
35.766,0.055217
35.776,0.055264
35.786,0.055289
35.796,0.055298
35.806,0.0553
35.816,0.05529
35.826,0.05527
35.836,0.055245
35.846,0.055212
35.856,0.055176
35.866,0.055133
35.876,0.0551
35.886,0.055077
35.896,0.055056
35.906,0.055041
35.916,0.055037
35.926,0.05505
35.936,0.055078
35.946,0.055121
35.956,0.05518
35.966,0.055258
35.976,0.055357
35.986,0.055465
35.996,0.055588
36.006,0.05572
36.016,0.055876
36.026,0.056043
36.036,0.056227
36.046,0.056433
36.056,0.056644
36.066,0.056863
36.076,0.057092
36.086,0.057331
36.096,0.057578
36.106,0.057831
36.116,0.05809
36.126,0.058355
36.136,0.058619
36.146,0.058871
36.156,0.059127
36.166,0.059383
36.176,0.059633
36.186,0.059871
36.196,0.060093
36.206,0.060295
36.216,0.060476
36.226,0.06064
36.236,0.060782
36.246,0.060885
36.256,0.060949
36.266,0.060981
36.276,0.060983
36.286,0.060949
36.296,0.060878
36.306,0.06076
36.316,0.060602
36.326,0.0604
36.336,0.060153
36.346,0.059861
36.356,0.059505
36.366,0.059102
36.376,0.058653
36.386,0.058157
36.396,0.057603
36.406,0.057001
36.416,0.056341
36.426,0.055627
36.436,0.054871
36.446,0.054063
36.456,0.053198
36.466,0.052286
36.476,0.051322
36.486,0.050319
36.496,0.049266
36.506,0.048168
36.516,0.047024
36.526,0.045845
36.536,0.044634
36.546,0.043389
36.556,0.042108
36.566,0.040794
36.576,0.039452
36.586,0.038099
36.596,0.036734
36.606,0.035336
36.616,0.033914
36.626,0.032491
36.636,0.031062
36.646,0.029625
36.656,0.028181
36.666,0.026753
36.676,0.025331
36.686,0.023912
36.696,0.022506
36.706,0.021118
36.716,0.01973
36.726,0.01838
36.736,0.017064
36.746,0.015747
36.756,0.014447
36.766,0.013185
36.776,0.011953
36.786,0.010739
36.796,0.0095474
36.806,0.0083923
36.816,0.0072829
36.826,0.0062082
36.836,0.0051732
36.846,0.0041696
36.856,0.0032107
36.866,0.0022997
36.876,0.0014315
36.886,0.00058801
36.896,-0.00020952
36.906,-0.00095546
36.916,-0.0016623
36.926,-0.0023288
36.936,-0.0029493
36.946,-0.0035311
36.956,-0.0040783
36.966,-0.0045765
36.976,-0.005034
36.986,-0.0054374
36.996,-0.0058051
37.006,-0.0061407
37.016,-0.0064378
37.026,-0.0066853
37.036,-0.0068927
37.046,-0.0070669
37.056,-0.0071985
37.066,-0.0072959
37.076,-0.0073549
37.086,-0.0073709
37.096,-0.0073559
37.106,-0.0073006
37.116,-0.0072199
37.126,-0.0071146
37.136,-0.0069744
37.146,-0.0067995
37.156,-0.0065997
37.166,-0.0063673
37.176,-0.0061054
37.186,-0.00583
37.196,-0.0055312
37.206,-0.0052109
37.216,-0.0048703
37.226,-0.0045145
37.236,-0.0041285
37.246,-0.0037263
37.256,-0.0033121
37.266,-0.0028864
37.276,-0.0024566
37.286,-0.0020251
37.296,-0.0015704
37.306,-0.00111
37.316,-0.00065426
37.326,-0.00018491
37.336,0.00029098
37.346,0.00075932
37.356,0.0012265
37.366,0.0016845
37.376,0.0021409
37.386,0.0025798
37.396,0.0030121
37.406,0.0034471
37.416,0.0038683
37.426,0.0042797
37.436,0.00467
37.446,0.0050537
37.456,0.0054272
37.466,0.0057929
37.476,0.0061367
37.486,0.0064702
37.496,0.0067938
37.506,0.0071078
37.516,0.0074132
37.526,0.0077035
37.536,0.0079802
37.546,0.0082556
37.556,0.0085198
37.566,0.0087713
37.576,0.0090201
37.586,0.0092703
37.596,0.0095135
37.606,0.0097512
37.616,0.0099881
37.626,0.010233
37.636,0.010479
37.646,0.010721
37.656,0.010973
37.666,0.011239
37.676,0.011508
37.686,0.011777
37.696,0.012051
37.706,0.012337
37.716,0.012637
37.726,0.012954
37.736,0.013273
37.746,0.013603
37.756,0.013949
37.766,0.014314
37.776,0.014691
37.786,0.015088
37.796,0.015493
37.806,0.015892
37.817,0.016309
37.827,0.016732
37.837,0.017157
37.847,0.017585
37.857,0.018027
37.867,0.018463
37.877,0.018885
37.887,0.019305
37.897,0.019713
37.907,0.020115
37.917,0.020512
37.927,0.020889
37.937,0.021247
37.947,0.021586
37.957,0.021898
37.967,0.022191
37.977,0.02246
37.987,0.022702
37.997,0.022908
38.007,0.023074
38.017,0.023207
38.027,0.023286
38.037,0.023316
38.047,0.023297
38.057,0.023224
38.067,0.023097
38.077,0.022917
38.087,0.02268
38.097,0.022378
38.107,0.022014
38.117,0.021591
38.127,0.021115
38.137,0.020568
38.147,0.019959
38.157,0.019289
38.167,0.018558
38.177,0.01776
38.187,0.016895
38.197,0.015975
38.207,0.014994
38.217,0.013951
38.227,0.012845
38.237,0.011687
38.247,0.010478
38.257,0.0092257
38.267,0.0079355
38.277,0.0066117
38.287,0.0052395
38.297,0.0038382
38.307,0.002397
38.317,0.0009423
38.327,-0.00052567
38.337,-0.0020223
38.347,-0.0035353
38.357,-0.0050533
38.367,-0.0065726
38.377,-0.0081049
38.387,-0.0096487
38.397,-0.011179
38.407,-0.012693
38.417,-0.01418
38.427,-0.015649
38.437,-0.017092
38.447,-0.018522
38.457,-0.019916
38.467,-0.021283
38.477,-0.022624
38.487,-0.023926
38.497,-0.025176
38.507,-0.026381
38.517,-0.027537
38.527,-0.028632
38.537,-0.029678
38.547,-0.030673
38.557,-0.031605
38.567,-0.03248
38.577,-0.033298
38.587,-0.034043
38.597,-0.034735
38.607,-0.035363
38.617,-0.035916
38.627,-0.036406
38.637,-0.03684
38.647,-0.037221
38.657,-0.037538
38.667,-0.037789
38.677,-0.03798
38.687,-0.038098
38.697,-0.03815
38.707,-0.03815
38.717,-0.038101
38.727,-0.037997
38.737,-0.037839
38.747,-0.037621
38.757,-0.037353
38.767,-0.037032
38.777,-0.036672
38.787,-0.036266
38.797,-0.035813
38.807,-0.035314
38.817,-0.034777
38.827,-0.034196
38.837,-0.033584
38.847,-0.032929
38.857,-0.032228
38.867,-0.031499
38.877,-0.030738
38.887,-0.029927
38.897,-0.029088
38.907,-0.028229
38.917,-0.02732
38.927,-0.026376
38.937,-0.02542
38.947,-0.024446
38.957,-0.023432
38.967,-0.0224
38.977,-0.021352
38.987,-0.020287
38.997,-0.019212
39.007,-0.018122
39.017,-0.017012
39.027,-0.015884
39.037,-0.014747
39.047,-0.013589
39.057,-0.012424
39.067,-0.011255
39.077,-0.010064
39.087,-0.0088603
39.097,-0.0076417
39.107,-0.006438
39.117,-0.0052234
39.127,-0.0040021
39.137,-0.0027658
39.147,-0.0015245
39.157,-0.00028242
39.167,0.00096832
39.177,0.0022237
39.187,0.0034824
39.197,0.0047555
39.207,0.0060418
39.217,0.0073196
39.227,0.0085799
39.237,0.0098302
39.247,0.011079
39.257,0.012321
39.267,0.013568
39.277,0.014811
39.287,0.016032
39.297,0.017229
39.307,0.018417
39.317,0.019585
39.327,0.020746
39.337,0.021887
39.347,0.023005
39.357,0.024105
39.367,0.025187
39.377,0.026235
39.387,0.027263
39.397,0.028283
39.407,0.029266
39.417,0.030207
39.427,0.031123
39.437,0.032001
39.447,0.032839
39.457,0.033652
39.467,0.03442
39.477,0.035157
39.487,0.03586
39.497,0.03651
39.507,0.037115
39.517,0.037685
39.527,0.038215
39.537,0.038692
39.547,0.039125
39.557,0.039509
39.567,0.039834
39.577,0.040097
39.587,0.040311
39.597,0.040472
39.607,0.040577
39.617,0.040627
39.627,0.040624
39.637,0.040557
39.647,0.040434
39.657,0.040272
39.667,0.040054
39.677,0.039777
39.687,0.039458
39.697,0.039091
39.707,0.038672
39.717,0.0382
39.727,0.037683
39.737,0.03711
39.747,0.036494
39.757,0.035834
39.767,0.035142
39.777,0.034414
39.787,0.03365
39.797,0.032843
39.807,0.032005
39.817,0.031135
39.827,0.030232
39.837,0.029305
39.847,0.02835
39.857,0.027366
39.867,0.02636
39.877,0.025342
39.887,0.024293
39.897,0.023232
39.907,0.022178
39.917,0.021108
39.927,0.020029
39.937,0.018964
39.947,0.017897
39.957,0.016827
39.967,0.015762
39.977,0.014709
39.987,0.013658
39.997,0.012626
40.007,0.011606
40.017,0.010615
40.027,0.0096322
40.037,0.0086787
40.047,0.007743
40.057,0.0068402
40.067,0.0059612
40.077,0.0051031
40.087,0.0042807
40.097,0.0034871
40.108,0.0027237
40.118,0.0019938
40.128,0.0012969
40.138,0.00063507
40.148,9.8851e-006
40.158,-0.00058227
40.168,-0.0011396
40.178,-0.0016605
40.188,-0.0021431
40.198,-0.0025886
40.208,-0.0029975
40.218,-0.0033635
40.228,-0.0037035
40.238,-0.0040027
40.248,-0.0042733
40.258,-0.0045004
40.268,-0.0046955
40.278,-0.0048627
40.288,-0.005003
40.298,-0.0050992
40.308,-0.0051477
40.318,-0.0051633
40.328,-0.005143
40.338,-0.0050883
40.348,-0.0050021
40.358,-0.0048834
40.368,-0.0047166
40.378,-0.0045095
40.388,-0.0042826
40.398,-0.0040242
40.408,-0.0037275
40.418,-0.0034016
40.428,-0.003047
40.438,-0.0026554
40.448,-0.0022338
40.458,-0.0017833
40.468,-0.0013093
40.478,-0.00078222
40.488,-0.00023386
40.498,0.00033958
40.508,0.0009436
40.518,0.0015824
40.528,0.0022356
40.538,0.0029106
40.548,0.0036189
40.558,0.0043554
40.568,0.0051086
40.578,0.005882
40.588,0.0066801
40.598,0.007504
40.608,0.0083387
40.618,0.009184
40.628,0.010051
40.638,0.010927
40.648,0.011817
40.658,0.012724
40.668,0.013639
40.678,0.01457
40.688,0.015519
40.698,0.01648
40.708,0.017455
40.718,0.018434
40.728,0.01942
40.738,0.020413
40.748,0.021415
40.758,0.022417
40.768,0.023438
40.778,0.024451
40.788,0.025459
40.798,0.026468
40.808,0.027479
40.818,0.028485
40.828,0.029462
40.838,0.030433
40.848,0.031398
40.858,0.032351
40.868,0.033294
40.878,0.034224
40.888,0.035122
40.898,0.03601
40.908,0.036897
40.918,0.037779
40.928,0.038633
40.938,0.03947
40.948,0.040285
40.958,0.041076
40.968,0.041845
40.978,0.042603
40.988,0.043338
40.998,0.044046
41.008,0.044734
41.018,0.045392
41.028,0.046024
41.038,0.046642
41.048,0.047226
41.058,0.047795
41.068,0.048357
41.078,0.048896
41.088,0.049411
41.098,0.049916
41.108,0.050393
41.118,0.050855
41.128,0.051297
41.138,0.051713
41.148,0.052115
41.158,0.052498
41.168,0.052866
41.178,0.053236
41.188,0.053591
41.198,0.053917
41.208,0.054231
41.218,0.054527
41.228,0.054801
41.238,0.055073
41.248,0.055334
41.258,0.055574
41.268,0.055811
41.278,0.05604
41.288,0.056258
41.298,0.056467
41.308,0.056666
41.318,0.056854
41.328,0.05703
41.338,0.057189
41.348,0.057342
41.358,0.057477
41.368,0.057602
41.378,0.057714
41.388,0.057802
41.398,0.057871
41.408,0.057932
41.418,0.057975
41.428,0.057997
41.438,0.058008
41.448,0.058005
41.458,0.057986
41.468,0.057953
41.478,0.057897
41.488,0.057822
41.498,0.05773
41.508,0.057618
41.518,0.057488
41.528,0.057351
41.538,0.057185
41.548,0.057001
41.558,0.056792
41.568,0.056563
41.578,0.05631
41.588,0.056053
41.598,0.05578
41.608,0.055481
41.618,0.05516
41.628,0.054822
41.638,0.054464
41.648,0.05409
41.658,0.053699
41.668,0.05329
41.678,0.052859
41.688,0.052405
41.698,0.051949
41.708,0.051484
41.718,0.051018
41.728,0.050557
41.738,0.050082
41.748,0.049604
41.758,0.049121
41.768,0.048638
41.778,0.048165
41.788,0.047692
41.798,0.047217
41.808,0.046739
41.818,0.046266
41.828,0.045812
41.838,0.045372
41.848,0.044939
41.858,0.044516
41.868,0.044095
41.878,0.043698
41.888,0.043312
41.898,0.04292
41.908,0.042539
41.918,0.042177
41.928,0.041809
41.938,0.041462
41.948,0.041134
41.958,0.040818
41.968,0.040523
41.978,0.040226
41.988,0.039939
41.998,0.039657
42.008,0.039382
42.018,0.039118
42.028,0.038873
42.038,0.038635
42.048,0.038402
42.058,0.038171
42.068,0.037945
42.078,0.037731
42.088,0.037513
42.098,0.037316
42.108,0.037111
42.118,0.036896
42.128,0.036691
42.138,0.036486
42.148,0.036273
42.158,0.036061
42.168,0.035845
42.178,0.035622
42.188,0.035392
42.198,0.035154
42.208,0.034902
42.218,0.03463
42.228,0.034347
42.238,0.034058
42.248,0.033763
42.258,0.033461
42.268,0.033144
42.278,0.032814
42.288,0.032474
42.298,0.032118
42.308,0.031767
42.318,0.031397
42.328,0.03102
42.338,0.030634
42.348,0.03024
42.358,0.02985
42.368,0.029456
42.378,0.029061
42.388,0.028683
42.398,0.028302
42.409,0.027916
42.419,0.027533
42.429,0.027164
42.439,0.026811
42.449,0.026477
42.459,0.026144
42.469,0.025829
42.479,0.025532
42.489,0.025246
42.499,0.024976
42.509,0.024733
42.519,0.024509
42.529,0.024308
42.539,0.024133
42.549,0.023997
42.559,0.023888
42.569,0.023806
42.579,0.023747
42.589,0.023728
42.599,0.023739
42.609,0.023772
42.619,0.02384
42.629,0.023944
42.639,0.024075
42.649,0.024242
42.659,0.024447
42.669,0.024691
42.679,0.024971
42.689,0.025279
42.699,0.025623
42.709,0.026018
42.719,0.026433
42.729,0.026899
42.739,0.027388
42.749,0.027916
42.759,0.028494
42.769,0.029096
42.779,0.029735
42.789,0.030405
42.799,0.031101
42.809,0.031832
42.819,0.032595
42.829,0.03338
42.839,0.034182
42.849,0.035009
42.859,0.035862
42.869,0.036733
42.879,0.037621
42.889,0.038539
42.899,0.039454
42.909,0.040365
42.919,0.041285
42.929,0.04221
42.939,0.043152
42.949,0.044109
42.959,0.045075
42.969,0.046027
42.979,0.046972
42.989,0.047902
42.999,0.04882
43.009,0.049727
43.019,0.050623
43.029,0.051508
43.039,0.052359
43.049,0.053197
43.059,0.054
43.069,0.054798
43.079,0.055562
43.089,0.056285
43.099,0.056982
43.109,0.057647
43.119,0.058272
43.129,0.058871
43.139,0.059422
43.149,0.059927
43.159,0.060395
43.169,0.06081
43.179,0.061192
43.189,0.061532
43.199,0.061817
43.209,0.062053
43.219,0.062239
43.229,0.062359
43.239,0.062439
43.249,0.062462
43.259,0.062433
43.269,0.062347
43.279,0.062219
43.289,0.062039
43.299,0.061812
43.309,0.061534
43.319,0.061209
43.329,0.06084
43.339,0.060419
43.349,0.05995
43.359,0.059442
43.369,0.058912
43.379,0.058356
43.389,0.05776
43.399,0.057129
43.409,0.056466
43.419,0.055782
43.429,0.055072
43.439,0.054326
43.449,0.053565
43.459,0.052797
43.469,0.052008
43.479,0.051197
43.489,0.050375
43.499,0.049538
43.509,0.048698
43.519,0.047858
43.529,0.047004
43.539,0.046134
43.549,0.045261
43.559,0.044399
43.569,0.04353
43.579,0.042663
43.589,0.041799
43.599,0.040942
43.609,0.040093
43.619,0.039236
43.629,0.038378
43.639,0.037539
43.649,0.036705
43.659,0.035886
43.669,0.035059
43.679,0.034227
43.689,0.033408
43.699,0.032581
43.709,0.031762
43.719,0.030951
43.729,0.030121
43.739,0.029293
43.749,0.028454
43.759,0.02762
43.769,0.026782
43.779,0.025936
43.789,0.025086
43.799,0.024247
43.809,0.023414
43.819,0.022576
43.829,0.02171
43.839,0.020833
43.849,0.019953
43.859,0.019069
43.869,0.018193
43.879,0.017302
43.889,0.016406
43.899,0.015501
43.909,0.014588
43.919,0.013674
43.929,0.012758
43.939,0.011867
43.949,0.010979
43.959,0.010106
43.969,0.0092454
43.979,0.0083902
43.989,0.00756
43.999,0.0067506
44.009,0.0059567
44.019,0.0052052
44.029,0.0044782
44.039,0.0037641
44.049,0.0030781
44.059,0.0024283
44.069,0.0018195
44.079,0.0012539
44.089,0.00073287
44.099,0.00026407
44.109,-0.00016309
44.119,-0.00052928
44.129,-0.00084194
44.139,-0.0010918
44.149,-0.0012834
44.159,-0.001416
44.169,-0.0014802
44.179,-0.0014793
44.189,-0.0014036
44.199,-0.0012722
44.209,-0.001076
44.219,-0.00081277
44.229,-0.00049246
44.239,-0.0001159
44.249,0.00032902
44.259,0.00082432
44.269,0.0013945
44.279,0.002038
44.289,0.0027266
44.299,0.0034685
44.309,0.0042671
44.319,0.0051194
44.329,0.0060192
44.339,0.0069576
44.349,0.0079425
44.359,0.0089601
44.369,0.010019
44.379,0.011124
44.389,0.01226
44.399,0.01341
44.409,0.014568
44.419,0.015756
44.429,0.016949
44.439,0.018151
44.449,0.019372
44.459,0.020593
44.469,0.021805
44.479,0.023015
44.489,0.024218
44.499,0.025399
44.509,0.026575
44.519,0.02774
44.529,0.0289
44.539,0.030047
44.549,0.03116
44.559,0.032245
44.569,0.033304
44.579,0.034335
44.589,0.035328
44.599,0.036275
44.609,0.037194
44.619,0.038059
44.629,0.038882
44.639,0.039654
44.649,0.040374
44.659,0.041046
44.669,0.04167
44.679,0.042243
44.689,0.042748
44.7,0.043193
44.71,0.043577
44.72,0.043891
44.73,0.044168
44.74,0.044389
44.75,0.04455
44.76,0.044639
44.77,0.044656
44.78,0.044607
44.79,0.044499
44.8,0.044332
44.81,0.044098
44.82,0.043805
44.83,0.04345
44.84,0.043053
44.85,0.042591
44.86,0.042067
44.87,0.041481
44.88,0.040836
44.89,0.040144
44.9,0.039377
44.91,0.038531
44.92,0.03765
44.93,0.036698
44.94,0.035675
44.95,0.034612
44.96,0.033517
44.97,0.032367
44.98,0.031158
44.99,0.029894
45,0.02859
45.01,0.027242
45.02,0.025859
45.03,0.024437
45.04,0.022977
45.05,0.021505
45.06,0.019981
45.07,0.018446
45.08,0.016893
45.09,0.015323
45.1,0.013722
45.11,0.012085
45.12,0.010429
45.13,0.0087461
45.14,0.0070527
45.15,0.0053618
45.16,0.0036495
45.17,0.0019352
45.18,0.00027054
45.19,-0.0014148
45.2,-0.0031432
45.21,-0.0048212
45.22,-0.0064879
45.23,-0.0081509
45.24,-0.0097986
45.25,-0.01141
45.26,-0.013028
45.27,-0.014606
45.28,-0.016145
45.29,-0.017639
45.3,-0.01911
45.31,-0.020543
45.32,-0.021956
45.33,-0.023327
45.34,-0.024672
45.35,-0.025988
45.36,-0.027246
45.37,-0.028493
45.38,-0.029703
45.39,-0.030865
45.4,-0.031983
45.41,-0.033059
45.42,-0.034093
45.43,-0.035097
45.44,-0.036056
45.45,-0.036974
45.46,-0.037874
45.47,-0.038732
45.48,-0.039551
45.49,-0.040331
45.5,-0.041093
45.51,-0.041821
45.52,-0.042524
45.53,-0.043193
45.54,-0.043868
45.55,-0.044523
45.56,-0.045155
45.57,-0.045763
45.58,-0.046349
45.59,-0.046929
45.6,-0.04749
45.61,-0.048043
45.62,-0.048587
45.63,-0.04912
45.64,-0.049632
45.65,-0.050141
45.66,-0.050638
45.67,-0.051125
45.68,-0.051623
45.69,-0.052113
45.7,-0.05261
45.71,-0.053108
45.72,-0.053597
45.73,-0.054096
45.74,-0.054605
45.75,-0.055104
45.76,-0.055611
45.77,-0.056112
45.78,-0.056613
45.79,-0.057125
45.8,-0.057633
45.81,-0.058138
45.82,-0.058629
45.83,-0.059119
45.84,-0.059601
45.85,-0.060065
45.86,-0.060523
45.87,-0.060972
45.88,-0.061405
45.89,-0.061815
45.9,-0.062204
45.91,-0.062575
45.92,-0.062905
45.93,-0.063235
45.94,-0.063531
45.95,-0.063801
45.96,-0.064052
45.97,-0.064261
45.98,-0.064442
45.99,-0.064605
46,-0.064717
46.01,-0.064798
46.02,-0.064834
46.03,-0.064821
46.04,-0.064759
46.05,-0.064652
46.06,-0.064519
46.07,-0.064339
46.08,-0.064103
46.09,-0.063827
46.1,-0.06352
46.11,-0.063156
46.12,-0.062734
46.13,-0.062287
46.14,-0.061787
46.15,-0.061238
46.16,-0.060661
46.17,-0.060047
46.18,-0.059388
46.19,-0.058704
46.2,-0.057983
46.21,-0.057221
46.22,-0.056446
46.23,-0.05564
46.24,-0.054815
46.25,-0.053962
46.26,-0.053081
46.27,-0.052206
46.28,-0.0513
46.29,-0.050397
46.3,-0.049497
46.31,-0.048599
46.32,-0.047703
46.33,-0.046811
46.34,-0.045925
46.35,-0.045063
46.36,-0.044214
46.37,-0.043385
46.38,-0.042572
46.39,-0.041786
46.4,-0.041016
46.41,-0.040292
46.42,-0.03961
46.43,-0.03896
46.44,-0.038363
46.45,-0.037816
46.46,-0.037315
46.47,-0.036882
46.48,-0.036488
46.49,-0.036136
46.5,-0.035839
46.51,-0.035615
46.52,-0.035462
46.53,-0.035355
46.54,-0.035306
46.55,-0.035295
46.56,-0.035354
46.57,-0.035494
46.58,-0.035696
46.59,-0.035953
46.6,-0.036284
46.61,-0.036655
46.62,-0.037074
46.63,-0.037546
46.64,-0.038059
46.65,-0.038611
46.66,-0.039224
46.67,-0.039898
46.68,-0.04059
46.69,-0.041307
46.7,-0.042059
46.71,-0.042834
46.72,-0.043626
46.73,-0.044445
46.74,-0.04527
46.75,-0.046098
46.76,-0.046936
46.77,-0.047777
46.78,-0.04862
46.79,-0.049463
46.8,-0.050268
46.81,-0.05108
46.82,-0.051842
46.83,-0.052615
46.84,-0.053345
46.85,-0.05405
46.86,-0.054719
46.87,-0.05536
46.88,-0.055967
46.89,-0.056546
46.9,-0.057062
46.91,-0.057518
46.92,-0.057945
46.93,-0.05834
46.94,-0.058695
46.95,-0.058999
46.96,-0.059251
46.97,-0.059445
46.98,-0.05959
46.991,-0.0597
47.001,-0.05977
47.011,-0.059794
47.021,-0.059788
47.031,-0.059754
47.041,-0.059665
47.051,-0.059555
47.061,-0.059405
47.071,-0.059233
47.081,-0.059036
47.091,-0.058813
47.101,-0.058575
47.111,-0.05832
47.121,-0.058051
47.131,-0.057769
47.141,-0.057461
47.151,-0.057143
47.161,-0.056834
47.171,-0.056543
47.181,-0.056243
47.191,-0.055952
47.201,-0.055721
47.211,-0.055515
47.221,-0.055327
47.231,-0.055175
47.241,-0.055053
47.251,-0.054968
47.261,-0.054922
47.271,-0.054906
47.281,-0.054944
47.291,-0.055027
47.301,-0.055133
47.311,-0.055294
47.321,-0.055486
47.331,-0.055717
47.341,-0.055991
47.351,-0.056312
47.361,-0.056668
47.371,-0.057079
47.381,-0.057548
47.391,-0.058074
47.401,-0.058637
47.411,-0.059226
47.421,-0.059832
47.431,-0.06049
47.441,-0.06117
47.451,-0.061888
47.461,-0.062627
47.471,-0.063371
47.481,-0.064139
47.491,-0.064877
47.501,-0.065647
47.511,-0.066424
47.521,-0.067217
47.531,-0.068
47.541,-0.068778
47.551,-0.069551
47.561,-0.070326
47.571,-0.071078
47.581,-0.071828
47.591,-0.072523
47.601,-0.073166
47.611,-0.07377
47.621,-0.074324
47.631,-0.074846
47.641,-0.075317
47.651,-0.075738
47.661,-0.076131
47.671,-0.076443
47.681,-0.076699
47.691,-0.0769
47.701,-0.077028
47.711,-0.077091
47.721,-0.077068
47.731,-0.076977
47.741,-0.076827
47.751,-0.076587
47.761,-0.076264
47.771,-0.075863
47.781,-0.075374
47.791,-0.074825
47.801,-0.074186
47.811,-0.073489
47.821,-0.07272
47.831,-0.071842
47.841,-0.070901
47.851,-0.069878
47.861,-0.068789
47.871,-0.067653
47.881,-0.066441
47.891,-0.065151
47.901,-0.063834
47.911,-0.06244
47.921,-0.060977
47.931,-0.059466
47.941,-0.057923
47.951,-0.056349
47.961,-0.054753
47.971,-0.053101
47.981,-0.051378
47.991,-0.049658
48.001,-0.047867
48.011,-0.046068
48.021,-0.044222
48.031,-0.042389
48.041,-0.040556
48.051,-0.03872
48.061,-0.036847
48.071,-0.034966
48.081,-0.033113
48.091,-0.031256
48.101,-0.029375
48.111,-0.027569
48.121,-0.025739
48.131,-0.023921
48.141,-0.022072
48.151,-0.020287
48.161,-0.018517
48.171,-0.016778
48.181,-0.015054
48.191,-0.013367
48.201,-0.01173
48.211,-0.010099
48.221,-0.0085074
48.231,-0.007005
48.241,-0.0055241
48.251,-0.0040649
48.261,-0.0026394
48.271,-0.0012586
48.281,5.6753e-005
48.291,0.0013234
48.301,0.0025802
48.311,0.0037547
48.321,0.0048727
48.331,0.0059546
48.341,0.006954
48.351,0.007898
48.361,0.0088226
48.371,0.0097014
48.381,0.010515
48.391,0.011264
48.401,0.011942
48.411,0.012573
48.421,0.013165
48.431,0.013701
48.441,0.01418
48.451,0.014609
48.461,0.015008
48.471,0.01533
48.481,0.015606
48.491,0.015829
48.501,0.015982
48.511,0.01611
48.521,0.016168
48.531,0.016181
48.541,0.016142
48.551,0.016072
48.561,0.015928
48.571,0.015748
48.581,0.015497
48.591,0.0152
48.601,0.014864
48.611,0.014512
48.621,0.014135
48.631,0.013668
48.641,0.013179
48.651,0.01264
48.661,0.012102
48.671,0.011528
48.681,0.010928
48.691,0.010271
48.701,0.0096066
48.711,0.0089282
48.721,0.0082013
48.731,0.0074663
48.741,0.006696
48.751,0.0058901
48.761,0.005049
48.771,0.0041976
48.781,0.0033636
48.791,0.0025269
48.801,0.001686
48.811,0.0008253
48.821,-1.6471e-005
48.831,-0.00087217
48.841,-0.0017178
48.851,-0.0025679
48.861,-0.0034074
48.871,-0.0042522
48.881,-0.0050767
48.891,-0.005903
48.901,-0.0067311
48.911,-0.0075262
48.921,-0.0083169
48.931,-0.0090883
48.941,-0.0098262
48.951,-0.010515
48.961,-0.011168
48.971,-0.011813
48.981,-0.012446
48.991,-0.013051
49.001,-0.013668
49.011,-0.014237
49.021,-0.014784
49.031,-0.015306
49.041,-0.015797
49.051,-0.016224
49.061,-0.016638
49.071,-0.016995
49.081,-0.017341
49.091,-0.017658
49.101,-0.017964
49.111,-0.018247
49.121,-0.01848
49.131,-0.01867
49.141,-0.018827
49.151,-0.018924
49.161,-0.018968
49.171,-0.018989
49.181,-0.018988
49.191,-0.018947
49.201,-0.018883
49.211,-0.018801
49.221,-0.01872
49.231,-0.018575
49.241,-0.018412
49.251,-0.018149
49.261,-0.017863
49.271,-0.017548
49.282,-0.017227
49.292,-0.01685
49.302,-0.01644
49.312,-0.015983
49.322,-0.015473
49.332,-0.014953
49.342,-0.014401
49.352,-0.013796
49.362,-0.013123
49.372,-0.012411
49.382,-0.011712
49.392,-0.010931
49.402,-0.010104
49.412,-0.0092564
49.422,-0.0083866
49.432,-0.0074583
49.442,-0.0065113
49.452,-0.0055241
49.462,-0.0045228
49.472,-0.0034625
49.482,-0.0023492
49.492,-0.00127
49.502,-0.00013539
49.512,0.001062
49.522,0.0022991
49.532,0.0035226
49.542,0.0047197
49.552,0.0059486
49.562,0.0071564
49.572,0.008407
49.582,0.009635
49.592,0.010889
49.602,0.012141
49.612,0.013379
49.622,0.014552
49.632,0.015766
49.642,0.016942
49.652,0.018135
49.662,0.019358
49.672,0.020523
49.682,0.021559
49.692,0.022516
49.702,0.023472
49.712,0.02444
49.722,0.025314
49.732,0.0261
49.742,0.026831
49.752,0.027426
49.762,0.028027
49.772,0.028588
49.782,0.029048
49.792,0.029459
49.802,0.029696
49.812,0.029828
49.822,0.029888
49.832,0.029827
49.842,0.029674
49.852,0.029403
49.862,0.029124
49.872,0.028666
49.882,0.028069
49.892,0.027355
49.902,0.026581
49.912,0.025725
49.922,0.024656
49.932,0.023519
49.942,0.022292
49.952,0.020886
49.962,0.019378
49.972,0.017706
49.982,0.015292
49.992,0.011331
50.002,0.0061361
50.012,0.0015261
