0,-0.0010471
0.0099893,-0.0033365
0.019979,-0.0040099
0.029968,-0.0040572
0.039957,-0.0041215
0.049946,-0.0041564
0.059936,-0.0042331
0.069925,-0.0043219
0.079914,-0.0043626
0.089903,-0.0043878
0.099893,-0.0043772
0.10988,-0.0044114
0.11987,-0.0044541
0.12986,-0.0044928
0.13985,-0.00455
0.14984,-0.0046384
0.15983,-0.0046949
0.16982,-0.0048246
0.17981,-0.004926
0.1898,-0.0049997
0.19979,-0.0050664
0.20977,-0.0051679
0.21976,-0.0052141
0.22975,-0.0052396
0.23974,-0.0052586
0.24973,-0.0052952
0.25972,-0.0053799
0.26971,-0.0054953
0.2797,-0.0056263
0.28969,-0.0057236
0.29968,-0.0058257
0.30967,-0.0058912
0.31966,-0.0059452
0.32965,-0.006058
0.33964,-0.0061592
0.34962,-0.0062729
0.35961,-0.0064096
0.3696,-0.0065112
0.37959,-0.0065319
0.38958,-0.0065775
0.39957,-0.0066712
0.40956,-0.0067881
0.41955,-0.0068794
0.42954,-0.0070119
0.43953,-0.0071186
0.44952,-0.0072109
0.45951,-0.0072691
0.4695,-0.0072778
0.47948,-0.0072859
0.48947,-0.0073514
0.49946,-0.007431
0.50945,-0.0075556
0.51944,-0.0076861
0.52943,-0.0077922
0.53942,-0.0078679
0.54941,-0.0078976
0.5594,-0.0079349
0.56939,-0.0079892
0.57938,-0.0080247
0.58937,-0.0080798
0.59936,-0.0081769
0.60935,-0.0082746
0.61933,-0.0083378
0.62932,-0.0084123
0.63931,-0.0084843
0.6493,-0.0085278
0.65929,-0.0085805
0.66928,-0.0086298
0.67927,-0.00869
0.68926,-0.0087499
0.69925,-0.0088115
0.70924,-0.0089293
0.71923,-0.0090415
0.72922,-0.0091384
0.73921,-0.0092196
0.74919,-0.0092691
0.75918,-0.0093109
0.76917,-0.0093265
0.77916,-0.0093458
0.78915,-0.0093597
0.79914,-0.0093828
0.80913,-0.0094451
0.81912,-0.0095288
0.82911,-0.009595
0.8391,-0.0096578
0.84909,-0.0096816
0.85908,-0.0096838
0.86907,-0.0096693
0.87906,-0.009656
0.88904,-0.0096644
0.89903,-0.0096987
0.90902,-0.0097532
0.91901,-0.0098445
0.929,-0.0099013
0.93899,-0.0099432
0.94898,-0.0099593
0.95897,-0.0099928
0.96896,-0.01
0.97895,-0.010004
0.98894,-0.0099801
0.99893,-0.0099831
1.0089,-0.0099862
1.0189,-0.0099928
1.0289,-0.010027
1.0389,-0.010097
1.0489,-0.010165
1.0589,-0.010215
1.0689,-0.010244
1.0788,-0.010263
1.0888,-0.010275
1.0988,-0.010269
1.1088,-0.010253
1.1188,-0.010261
1.1288,-0.010275
1.1388,-0.010297
1.1488,-0.01032
1.1588,-0.010361
1.1687,-0.010374
1.1787,-0.01039
1.1887,-0.010403
1.1987,-0.010409
1.2087,-0.010408
1.2187,-0.010429
1.2287,-0.010463
1.2387,-0.010483
1.2487,-0.010499
1.2586,-0.010533
1.2686,-0.010547
1.2786,-0.010564
1.2886,-0.010577
1.2986,-0.010586
1.3086,-0.010594
1.3186,-0.010632
1.3286,-0.010643
1.3386,-0.01066
1.3486,-0.010665
1.3585,-0.010656
1.3685,-0.010647
1.3785,-0.010634
1.3885,-0.010626
1.3985,-0.010624
1.4085,-0.010655
1.4185,-0.010669
1.4285,-0.010657
1.4385,-0.010674
1.4484,-0.010681
1.4584,-0.010687
1.4684,-0.010695
1.4784,-0.010731
1.4884,-0.010746
1.4984,-0.010716
1.5084,-0.010702
1.5184,-0.010697
1.5284,-0.010688
1.5383,-0.010676
1.5483,-0.010658
1.5583,-0.010675
1.5683,-0.010682
1.5783,-0.01067
1.5883,-0.010658
1.5983,-0.010626
1.6083,-0.010599
1.6183,-0.010577
1.6283,-0.010551
1.6382,-0.010536
1.6482,-0.010511
1.6582,-0.010495
1.6682,-0.010485
1.6782,-0.010462
1.6882,-0.010448
1.6982,-0.010403
1.7082,-0.010382
1.7182,-0.010332
1.7281,-0.010279
1.7381,-0.010242
1.7481,-0.010215
1.7581,-0.010179
1.7681,-0.010168
1.7781,-0.010154
1.7881,-0.010146
1.7981,-0.01013
1.8081,-0.01011
1.818,-0.010089
1.828,-0.010075
1.838,-0.010044
1.848,-0.010022
1.858,-0.0099821
1.868,-0.0099596
1.878,-0.0099393
1.888,-0.0099179
1.898,-0.0099112
1.9079,-0.0098952
1.9179,-0.0098815
1.9279,-0.0098803
1.9379,-0.0098778
1.9479,-0.0098556
1.9579,-0.0098358
1.9679,-0.0098235
1.9779,-0.0098015
1.9879,-0.0097923
1.9979,-0.0097633
2.0078,-0.0097501
2.0178,-0.0097433
2.0278,-0.0097335
2.0378,-0.0097288
2.0478,-0.0097324
2.0578,-0.0097267
2.0678,-0.0097063
2.0778,-0.0096797
2.0878,-0.0096502
2.0977,-0.0096427
2.1077,-0.0096389
2.1177,-0.0096238
2.1277,-0.0096056
2.1377,-0.0095755
2.1477,-0.0095563
2.1577,-0.0095253
2.1677,-0.0095074
2.1777,-0.0094848
2.1876,-0.0094513
2.1976,-0.0094254
2.2076,-0.0094074
2.2176,-0.0093903
2.2276,-0.0093539
2.2376,-0.0093293
2.2476,-0.0093033
2.2576,-0.0092742
2.2676,-0.0092501
2.2776,-0.0092229
2.2875,-0.0091841
2.2975,-0.0091483
2.3075,-0.0091079
2.3175,-0.0090713
2.3275,-0.0090356
2.3375,-0.0090132
2.3475,-0.00898
2.3575,-0.0089385
2.3675,-0.0088959
2.3774,-0.0088536
2.3874,-0.0088128
2.3974,-0.0087813
2.4074,-0.0087361
2.4174,-0.0086749
2.4274,-0.0086498
2.4374,-0.0086114
2.4474,-0.0085754
2.4574,-0.0085068
2.4673,-0.008446
2.4773,-0.0083742
2.4873,-0.0082953
2.4973,-0.0082242
2.5073,-0.0081578
2.5173,-0.0081143
2.5273,-0.0080558
2.5373,-0.008014
2.5473,-0.007958
2.5573,-0.0078968
2.5672,-0.0078398
2.5772,-0.0077757
2.5872,-0.0077106
2.5972,-0.0076669
2.6072,-0.0075926
2.6172,-0.0075263
2.6272,-0.0074569
2.6372,-0.0074015
2.6472,-0.0073379
2.6571,-0.0072726
2.6671,-0.0072125
2.6771,-0.0071582
2.6871,-0.0070847
2.6971,-0.0070156
2.7071,-0.0069398
2.7171,-0.0068647
2.7271,-0.0067962
2.7371,-0.0067169
2.747,-0.0066478
2.757,-0.0065791
2.767,-0.0065136
2.777,-0.0064493
2.787,-0.0063884
2.797,-0.0063255
2.807,-0.0062525
2.817,-0.0061725
2.827,-0.0060817
2.837,-0.0059938
2.8469,-0.0058974
2.8569,-0.0057928
2.8669,-0.0056923
2.8769,-0.0055839
2.8869,-0.0054872
2.8969,-0.0053945
2.9069,-0.0053087
2.9169,-0.0052123
2.9269,-0.0051314
2.9368,-0.0050527
2.9468,-0.0049802
2.9568,-0.004891
2.9668,-0.0048014
2.9768,-0.0047372
2.9868,-0.0046838
2.9968,-0.0046217
3.0068,-0.00454
3.0168,-0.0044676
3.0267,-0.0043781
3.0367,-0.0043009
3.0467,-0.0042233
3.0567,-0.0041462
3.0667,-0.004083
3.0767,-0.0040114
3.0867,-0.0039509
3.0967,-0.0038875
3.1067,-0.0038172
3.1167,-0.003763
3.1266,-0.0036825
3.1366,-0.0036101
3.1466,-0.0035515
3.1566,-0.0034983
3.1666,-0.0034385
3.1766,-0.0033952
3.1866,-0.0033392
3.1966,-0.0032895
3.2066,-0.0032382
3.2165,-0.0031866
3.2265,-0.0031462
3.2365,-0.0031073
3.2465,-0.0030609
3.2565,-0.0030236
3.2665,-0.0029766
3.2765,-0.0029362
3.2865,-0.0028987
3.2965,-0.0028648
3.3064,-0.0028212
3.3164,-0.0027901
3.3264,-0.0027721
3.3364,-0.0027571
3.3464,-0.0027538
3.3564,-0.0027433
3.3664,-0.0027239
3.3764,-0.0026949
3.3864,-0.0026697
3.3964,-0.0026516
3.4063,-0.0026347
3.4163,-0.0026158
3.4263,-0.0025991
3.4363,-0.0025861
3.4463,-0.0025611
3.4563,-0.0025347
3.4663,-0.0024988
3.4763,-0.0024811
3.4863,-0.0024599
3.4962,-0.0024352
3.5062,-0.0024287
3.5162,-0.0024078
3.5262,-0.0023855
3.5362,-0.0023543
3.5462,-0.0023273
3.5562,-0.0023148
3.5662,-0.0023169
3.5762,-0.0023199
3.5861,-0.002319
3.5961,-0.0023306
3.6061,-0.0023474
3.6161,-0.0023512
3.6261,-0.0023393
3.6361,-0.0023293
3.6461,-0.0023323
3.6561,-0.0023403
3.6661,-0.0023481
3.676,-0.0023528
3.686,-0.0023541
3.696,-0.0023613
3.706,-0.0023752
3.716,-0.0023951
3.726,-0.0024148
3.736,-0.0024253
3.746,-0.0024311
3.756,-0.0024481
3.766,-0.0024653
3.7759,-0.0024654
3.7859,-0.0024804
3.7959,-0.0024927
3.8059,-0.0024991
3.8159,-0.0025163
3.8259,-0.0025278
3.8359,-0.0025367
3.8459,-0.0025266
3.8559,-0.0025079
3.8658,-0.0024934
3.8758,-0.0024655
3.8858,-0.0024365
3.8958,-0.0024036
3.9058,-0.0023798
3.9158,-0.0023418
3.9258,-0.0023153
3.9358,-0.002297
3.9458,-0.0022781
3.9557,-0.0022843
3.9657,-0.0022854
3.9757,-0.0022939
3.9857,-0.0023065
3.9957,-0.002318
4.0057,-0.0023267
4.0157,-0.002325
4.0257,-0.0023344
4.0357,-0.0023374
4.0457,-0.0023248
4.0556,-0.0023221
4.0656,-0.0023206
4.0756,-0.0023196
4.0856,-0.0023245
4.0956,-0.0023246
4.1056,-0.0023388
4.1156,-0.0023265
4.1256,-0.0023298
4.1356,-0.0023232
4.1455,-0.002314
4.1555,-0.0023036
4.1655,-0.0023082
4.1755,-0.0023038
4.1855,-0.0023003
4.1955,-0.0022906
4.2055,-0.002288
4.2155,-0.0022876
4.2255,-0.0022919
4.2354,-0.002294
4.2454,-0.0022998
4.2554,-0.0023025
4.2654,-0.0022975
4.2754,-0.0022958
4.2854,-0.002279
4.2954,-0.0022654
4.3054,-0.0022459
4.3154,-0.0022368
4.3254,-0.0022242
4.3353,-0.0022025
4.3453,-0.0021915
4.3553,-0.0021717
4.3653,-0.0021425
4.3753,-0.0021157
4.3853,-0.0020805
4.3953,-0.0020713
4.4053,-0.0020558
4.4153,-0.0020293
4.4252,-0.00201
4.4352,-0.0019923
4.4452,-0.0019853
4.4552,-0.0019803
4.4652,-0.0019595
4.4752,-0.0019374
4.4852,-0.0019206
4.4952,-0.0018939
4.5052,-0.0018628
4.5151,-0.0018284
4.5251,-0.0017973
4.5351,-0.0017595
4.5451,-0.0017135
4.5551,-0.0016691
4.5651,-0.001637
4.5751,-0.0016069
4.5851,-0.0015744
4.5951,-0.0015428
4.6051,-0.0015069
4.615,-0.0014644
4.625,-0.0014271
4.635,-0.0013944
4.645,-0.0013518
4.655,-0.0013106
4.665,-0.0012625
4.675,-0.0012131
4.685,-0.0011811
4.695,-0.0011383
4.7049,-0.0010911
4.7149,-0.0010581
4.7249,-0.0010205
4.7349,-0.00098102
4.7449,-0.00094414
4.7549,-0.00090262
4.7649,-0.00084505
4.7749,-0.00078394
4.7849,-0.00072999
4.7948,-0.00066229
4.8048,-0.00058538
4.8148,-0.00052232
4.8248,-0.00046704
4.8348,-0.00041444
4.8448,-0.00034839
4.8548,-0.00028432
4.8648,-0.00022095
4.8748,-0.0001506
4.8848,-8.0521e-005
4.8947,-1.4296e-005
4.9047,3.9638e-005
4.9147,9.8691e-005
4.9247,0.00015778
4.9347,0.00021425
4.9447,0.00028538
4.9547,0.0003738
4.9647,0.00045879
4.9747,0.00055177
4.9846,0.00064243
4.9946,0.00072729
5.0046,0.00081783
5.0146,0.00091533
5.0246,0.0010092
5.0346,0.0010942
5.0446,0.0011819
5.0546,0.0012632
5.0646,0.001342
5.0745,0.0014221
5.0845,0.0014994
5.0945,0.0015762
5.1045,0.0016571
5.1145,0.0017321
5.1245,0.0018225
5.1345,0.0019146
5.1445,0.0019898
5.1545,0.0020724
5.1645,0.002156
5.1744,0.0022446
5.1844,0.0023129
5.1944,0.0023768
5.2044,0.0024517
5.2144,0.0025335
5.2244,0.0026267
5.2344,0.0027242
5.2444,0.0028234
5.2544,0.0029235
5.2643,0.0030214
5.2743,0.0031218
5.2843,0.0032191
5.2943,0.0033158
5.3043,0.0034093
5.3143,0.0035026
5.3243,0.003599
5.3343,0.0037117
5.3443,0.0038086
5.3542,0.0039131
5.3642,0.0040105
5.3742,0.0041097
5.3842,0.0042189
5.3942,0.0043207
5.4042,0.0044208
5.4142,0.004537
5.4242,0.0046558
5.4342,0.0047618
5.4442,0.004857
5.4541,0.004945
5.4641,0.0050464
5.4741,0.0051395
5.4841,0.0052305
5.4941,0.0053312
5.5041,0.0054255
5.5141,0.0055129
5.5241,0.0056049
5.5341,0.0057107
5.544,0.0058069
5.554,0.0059151
5.564,0.00602
5.574,0.0061276
5.584,0.0062349
5.594,0.006336
5.604,0.0064419
5.614,0.0065433
5.624,0.0066561
5.6339,0.0067562
5.6439,0.006851
5.6539,0.0069402
5.6639,0.0070329
5.6739,0.0071375
5.6839,0.0072326
5.6939,0.0073352
5.7039,0.0074278
5.7139,0.0075167
5.7238,0.0076155
5.7338,0.0077149
5.7438,0.0078075
5.7538,0.0078837
5.7638,0.0079634
5.7738,0.0080422
5.7838,0.0081242
5.7938,0.0082117
5.8038,0.0082905
5.8138,0.0083731
5.8237,0.0084626
5.8337,0.0085473
5.8437,0.0086328
5.8537,0.0087153
5.8637,0.0088013
5.8737,0.0088963
5.8837,0.0089725
5.8937,0.0090458
5.9037,0.0091242
5.9136,0.009187
5.9236,0.0092532
5.9336,0.0093115
5.9436,0.0093768
5.9536,0.0094483
5.9636,0.009499
5.9736,0.0095552
5.9836,0.0096244
5.9936,0.009688
6.0035,0.009755
6.0135,0.0098135
6.0235,0.009866
6.0335,0.0099105
6.0435,0.0099573
6.0535,0.010009
6.0635,0.010062
6.0735,0.010119
6.0835,0.010179
6.0935,0.010255
6.1034,0.010328
6.1134,0.010399
6.1234,0.010483
6.1334,0.010561
6.1434,0.010632
6.1534,0.0107
6.1634,0.010759
6.1734,0.010809
6.1834,0.010857
6.1933,0.010911
6.2033,0.010968
6.2133,0.011018
6.2233,0.011062
6.2333,0.011109
6.2433,0.011162
6.2533,0.011216
6.2633,0.011262
6.2733,0.011296
6.2832,0.011343
6.2932,0.011374
6.3032,0.011418
6.3132,0.011465
6.3232,0.011501
6.3332,0.011538
6.3432,0.011579
6.3532,0.011619
6.3632,0.011666
6.3732,0.011712
6.3831,0.011756
6.3931,0.011805
6.4031,0.011843
6.4131,0.01187
6.4231,0.0119
6.4331,0.011938
6.4431,0.011975
6.4531,0.012001
6.4631,0.012039
6.473,0.01208
6.483,0.012124
6.493,0.012164
6.503,0.012209
6.513,0.012245
6.523,0.01229
6.533,0.012331
6.543,0.012367
6.553,0.012386
6.5629,0.012404
6.5729,0.012428
6.5829,0.012452
6.5929,0.012469
6.6029,0.012498
6.6129,0.012521
6.6229,0.01254
6.6329,0.012559
6.6429,0.012573
6.6529,0.012579
6.6628,0.012593
6.6728,0.012623
6.6828,0.012646
6.6928,0.012664
6.7028,0.012691
6.7128,0.012737
6.7228,0.012759
6.7328,0.012777
6.7428,0.012797
6.7527,0.012837
6.7627,0.012852
6.7727,0.012868
6.7827,0.012909
6.7927,0.012925
6.8027,0.012956
6.8127,0.012969
6.8227,0.012995
6.8327,0.013015
6.8426,0.013058
6.8526,0.013097
6.8626,0.013132
6.8726,0.013183
6.8826,0.013232
6.8926,0.013281
6.9026,0.013323
6.9126,0.01335
6.9226,0.013379
6.9326,0.013407
6.9425,0.013411
6.9525,0.013433
6.9625,0.013457
6.9725,0.013479
6.9825,0.013504
6.9925,0.013516
7.0025,0.013552
7.0125,0.013592
7.0225,0.013616
7.0324,0.013631
7.0424,0.013654
7.0524,0.013688
7.0624,0.013726
7.0724,0.01377
7.0824,0.013803
7.0924,0.013846
7.1024,0.013881
7.1124,0.013917
7.1223,0.01395
7.1323,0.013987
7.1423,0.014015
7.1523,0.014047
7.1623,0.014078
7.1723,0.014102
7.1823,0.014133
7.1923,0.014172
7.2023,0.014213
7.2123,0.014247
7.2222,0.014285
7.2322,0.014311
7.2422,0.014362
7.2522,0.014384
7.2622,0.01441
7.2722,0.014457
7.2822,0.0145
7.2922,0.014546
7.3022,0.014561
7.3121,0.014603
7.3221,0.014645
7.3321,0.014681
7.3421,0.014722
7.3521,0.014759
7.3621,0.014794
7.3721,0.014832
7.3821,0.014897
7.3921,0.014942
7.402,0.014998
7.412,0.015049
7.422,0.015079
7.432,0.01512
7.442,0.015165
7.452,0.015213
7.462,0.015246
7.472,0.015284
7.482,0.01532
7.4919,0.015348
7.5019,0.015378
7.5119,0.015417
7.5219,0.015459
7.5319,0.015506
7.5419,0.015558
7.5519,0.015609
7.5619,0.015662
7.5719,0.015708
7.5819,0.015749
7.5918,0.015795
7.6018,0.015851
7.6118,0.015891
7.6218,0.015922
7.6318,0.01597
7.6418,0.016016
7.6518,0.016054
7.6618,0.016096
7.6718,0.016131
7.6817,0.016169
7.6917,0.016199
7.7017,0.016234
7.7117,0.016271
7.7217,0.016302
7.7317,0.016334
7.7417,0.016367
7.7517,0.016403
7.7617,0.016435
7.7716,0.01646
7.7816,0.016478
7.7916,0.016507
7.8016,0.016543
7.8116,0.016583
7.8216,0.016612
7.8316,0.016647
7.8416,0.016694
7.8516,0.016741
7.8616,0.016778
7.8715,0.016829
7.8815,0.016875
7.8915,0.016913
7.9015,0.016945
7.9115,0.016984
7.9215,0.017017
7.9315,0.017048
7.9415,0.017071
7.9515,0.017102
7.9614,0.017131
7.9714,0.01716
7.9814,0.01719
7.9914,0.017222
8.0014,0.01725
8.0114,0.017277
8.0214,0.017304
8.0314,0.017332
8.0414,0.017349
8.0513,0.017366
8.0613,0.0174
8.0713,0.017433
8.0813,0.017469
8.0913,0.01749
8.1013,0.017512
8.1113,0.017542
8.1213,0.017573
8.1313,0.017597
8.1413,0.017623
8.1512,0.017635
8.1612,0.017644
8.1712,0.017654
8.1812,0.017658
8.1912,0.017673
8.2012,0.017693
8.2112,0.017709
8.2212,0.017727
8.2312,0.017744
8.2411,0.017754
8.2511,0.017761
8.2611,0.017774
8.2711,0.017777
8.2811,0.017784
8.2911,0.01779
8.3011,0.017793
8.3111,0.017791
8.3211,0.017793
8.331,0.017791
8.341,0.017795
8.351,0.0178
8.361,0.017807
8.371,0.017812
8.381,0.017816
8.391,0.017804
8.401,0.017793
8.411,0.017797
8.421,0.017796
8.4309,0.017783
8.4409,0.01777
8.4509,0.017763
8.4609,0.017754
8.4709,0.017747
8.4809,0.017752
8.4909,0.017751
8.5009,0.017746
8.5109,0.017738
8.5208,0.017736
8.5308,0.017728
8.5408,0.017718
8.5508,0.01772
8.5608,0.017721
8.5708,0.017714
8.5808,0.017706
8.5908,0.017691
8.6008,0.017679
8.6107,0.017663
8.6207,0.017647
8.6307,0.017637
8.6407,0.017619
8.6507,0.017597
8.6607,0.017582
8.6707,0.017574
8.6807,0.017561
8.6907,0.017551
8.7007,0.017542
8.7106,0.017528
8.7206,0.017511
8.7306,0.017501
8.7406,0.017498
8.7506,0.017505
8.7606,0.017499
8.7706,0.01748
8.7806,0.017464
8.7906,0.017445
8.8005,0.017416
8.8105,0.017387
8.8205,0.017358
8.8305,0.017348
8.8405,0.017331
8.8505,0.017309
8.8605,0.017289
8.8705,0.017267
8.8805,0.017245
8.8904,0.017223
8.9004,0.0172
8.9104,0.017185
8.9204,0.017165
8.9304,0.017144
8.9404,0.017123
8.9504,0.017091
8.9604,0.017058
8.9704,0.01704
8.9804,0.017026
8.9903,0.01701
9.0003,0.017003
9.0103,0.017005
9.0203,0.016996
9.0303,0.016989
9.0403,0.016983
9.0503,0.01697
9.0603,0.016957
9.0703,0.016949
9.0802,0.016933
9.0902,0.016911
9.1002,0.016899
9.1102,0.016895
9.1202,0.01689
9.1302,0.016885
9.1402,0.016888
9.1502,0.016878
9.1602,0.01686
9.1701,0.016846
9.1801,0.016833
9.1901,0.016821
9.2001,0.016822
9.2101,0.01682
9.2201,0.016813
9.2301,0.016805
9.2401,0.016797
9.2501,0.016784
9.26,0.016764
9.27,0.016756
9.28,0.016743
9.29,0.016736
9.3,0.016727
9.31,0.016713
9.32,0.016696
9.33,0.016676
9.34,0.016656
9.35,0.016636
9.3599,0.016617
9.3699,0.016598
9.3799,0.016583
9.3899,0.016568
9.3999,0.016553
9.4099,0.016539
9.4199,0.016522
9.4299,0.016503
9.4399,0.016487
9.4498,0.016467
9.4598,0.016435
9.4698,0.016399
9.4798,0.016359
9.4898,0.016313
9.4998,0.016266
9.5098,0.016217
9.5198,0.016165
9.5298,0.016116
9.5397,0.016066
9.5497,0.016003
9.5597,0.01595
9.5697,0.015902
9.5797,0.01585
9.5897,0.015797
9.5997,0.015747
9.6097,0.015687
9.6197,0.01563
9.6297,0.015571
9.6396,0.015505
9.6496,0.015441
9.6596,0.015379
9.6696,0.015318
9.6796,0.015258
9.6896,0.0152
9.6996,0.015135
9.7096,0.015061
9.7196,0.014987
9.7295,0.014912
9.7395,0.014834
9.7495,0.014756
9.7595,0.01467
9.7695,0.014583
9.7795,0.014496
9.7895,0.014401
9.7995,0.014312
9.8095,0.014223
9.8194,0.01413
9.8294,0.014034
9.8394,0.013942
9.8494,0.013848
9.8594,0.013752
9.8694,0.013659
9.8794,0.013569
9.8894,0.013471
9.8994,0.013377
9.9094,0.013293
9.9193,0.013206
9.9293,0.013114
9.9393,0.013024
9.9493,0.012933
9.9593,0.012838
9.9693,0.012738
9.9793,0.012638
9.9893,0.012539
9.9993,0.012446
10.009,0.012356
10.019,0.012271
10.029,0.012194
10.039,0.012125
10.049,0.012055
10.059,0.011991
10.069,0.011923
10.079,0.011864
10.089,0.011799
10.099,0.011734
10.109,0.011681
10.119,0.011636
10.129,0.011594
10.139,0.011553
10.149,0.011518
10.159,0.011483
10.169,0.011458
10.179,0.011433
10.189,0.011403
10.199,0.01138
10.209,0.01136
10.219,0.011353
10.229,0.011348
10.239,0.011353
10.249,0.011365
10.259,0.011399
10.269,0.01143
10.279,0.011466
10.289,0.011506
10.299,0.011561
10.309,0.011623
10.319,0.011684
10.329,0.011746
10.339,0.011811
10.349,0.011888
10.359,0.011975
10.369,0.012068
10.379,0.012168
10.389,0.01227
10.399,0.012375
10.409,0.012488
10.419,0.012609
10.429,0.012744
10.439,0.01288
10.449,0.01302
10.459,0.013166
10.469,0.013319
10.479,0.013487
10.489,0.013659
10.499,0.013842
10.509,0.014021
10.519,0.014208
10.529,0.014404
10.539,0.014593
10.549,0.014796
10.559,0.015003
10.569,0.015212
10.579,0.015422
10.589,0.015633
10.599,0.015841
10.609,0.016049
10.619,0.01626
10.629,0.016459
10.639,0.016664
10.649,0.016874
10.659,0.017073
10.669,0.017271
10.679,0.017471
10.689,0.017673
10.699,0.017876
10.708,0.018072
10.718,0.018266
10.728,0.018464
10.738,0.018662
10.748,0.018853
10.758,0.019039
10.768,0.019216
10.778,0.019392
10.788,0.019569
10.798,0.019741
10.808,0.019902
10.818,0.020056
10.828,0.020202
10.838,0.020341
10.848,0.020484
10.858,0.020617
10.868,0.020744
10.878,0.020867
10.888,0.020991
10.898,0.02111
10.908,0.021219
10.918,0.021323
10.928,0.02142
10.938,0.021511
10.948,0.021592
10.958,0.021665
10.968,0.021728
10.978,0.02179
10.988,0.021845
10.998,0.0219
11.008,0.021954
11.018,0.02201
11.028,0.022051
11.038,0.022079
11.048,0.022108
11.058,0.022135
11.068,0.022149
11.078,0.02216
11.088,0.022171
11.098,0.022167
11.108,0.022142
11.118,0.022117
11.128,0.022083
11.138,0.022038
11.148,0.021988
11.158,0.021932
11.168,0.021859
11.178,0.021779
11.188,0.021706
11.198,0.021624
11.208,0.021529
11.218,0.021432
11.228,0.021331
11.238,0.021226
11.248,0.021115
11.258,0.020994
11.268,0.020868
11.278,0.020742
11.288,0.020618
11.298,0.020486
11.308,0.020348
11.318,0.020201
11.328,0.020055
11.338,0.019909
11.348,0.019756
11.358,0.019591
11.368,0.019418
11.378,0.019236
11.388,0.019056
11.398,0.018878
11.408,0.018704
11.418,0.018526
11.428,0.018342
11.438,0.018153
11.448,0.017967
11.458,0.017782
11.468,0.017592
11.478,0.017397
11.488,0.017209
11.498,0.017014
11.508,0.016815
11.518,0.016614
11.528,0.016413
11.538,0.016214
11.548,0.016014
11.558,0.015815
11.568,0.015602
11.578,0.015383
11.588,0.015166
11.598,0.01495
11.608,0.014736
11.618,0.014519
11.628,0.014297
11.637,0.01408
11.647,0.013868
11.657,0.013658
11.667,0.013445
11.677,0.013236
11.687,0.013023
11.697,0.012804
11.707,0.012592
11.717,0.01238
11.727,0.012167
11.737,0.011942
11.747,0.011729
11.757,0.011529
11.767,0.011329
11.777,0.011127
11.787,0.010924
11.797,0.010719
11.807,0.010511
11.817,0.010304
11.827,0.010106
11.837,0.0099181
11.847,0.009726
11.857,0.0095382
11.867,0.0093508
11.877,0.0091638
11.887,0.0089797
11.897,0.0087989
11.907,0.008619
11.917,0.0084331
11.927,0.0082483
11.937,0.0080624
11.947,0.0078841
11.957,0.0077129
11.967,0.0075477
11.977,0.0073882
11.987,0.007235
11.997,0.0070762
12.007,0.0069157
12.017,0.0067518
12.027,0.0065917
12.037,0.0064447
12.047,0.0063125
12.057,0.0061804
12.067,0.0060488
12.077,0.0059144
12.087,0.0057859
12.097,0.005662
12.107,0.0055381
12.117,0.0054101
12.127,0.0052866
12.137,0.0051658
12.147,0.0050547
12.157,0.0049423
12.167,0.0048238
12.177,0.0047099
12.187,0.0045998
12.197,0.0044914
12.207,0.004375
12.217,0.0042538
12.227,0.0041478
12.237,0.0040363
12.247,0.0039238
12.257,0.0038156
12.267,0.0037135
12.277,0.0036102
12.287,0.003504
12.297,0.0034033
12.307,0.003297
12.317,0.0031976
12.327,0.0031106
12.337,0.0030172
12.347,0.002926
12.357,0.0028405
12.367,0.0027571
12.377,0.002673
12.387,0.0025877
12.397,0.0025102
12.407,0.0024336
12.417,0.0023531
12.427,0.0022803
12.437,0.0022057
12.447,0.0021312
12.457,0.0020601
12.467,0.0019966
12.477,0.0019336
12.487,0.001882
12.497,0.0018344
12.507,0.0017928
12.517,0.0017461
12.527,0.0016984
12.537,0.0016547
12.547,0.0016172
12.557,0.0015751
12.566,0.0015368
12.576,0.0014999
12.586,0.0014643
12.596,0.0014297
12.606,0.0014031
12.616,0.0013796
12.626,0.0013572
12.636,0.0013304
12.646,0.0013076
12.656,0.0012898
12.666,0.0012678
12.676,0.0012404
12.686,0.0012097
12.696,0.0011895
12.706,0.0011784
12.716,0.0011753
12.726,0.0011816
12.736,0.0011903
12.746,0.0011949
12.756,0.0011969
12.766,0.0012046
12.776,0.0012182
12.786,0.0012319
12.796,0.0012352
12.806,0.0012424
12.816,0.0012561
12.826,0.0012595
12.836,0.00126
12.846,0.0012695
12.856,0.0012849
12.866,0.0012985
12.876,0.001319
12.886,0.0013345
12.896,0.0013498
12.906,0.0013673
12.916,0.0013912
12.926,0.0014246
12.936,0.0014596
12.946,0.0014896
12.956,0.0015134
12.966,0.0015434
12.976,0.0015846
12.986,0.0016206
12.996,0.0016563
13.006,0.0017068
13.016,0.0017545
13.026,0.0018061
13.036,0.0018595
13.046,0.0019166
13.056,0.0019749
13.066,0.0020379
13.076,0.002104
13.086,0.0021752
13.096,0.0022412
13.106,0.0023117
13.116,0.0023799
13.126,0.0024561
13.136,0.0025296
13.146,0.002601
13.156,0.0026715
13.166,0.0027473
13.176,0.0028342
13.186,0.0029147
13.196,0.0029904
13.206,0.0030719
13.216,0.0031575
13.226,0.0032393
13.236,0.0033272
13.246,0.0034235
13.256,0.0035254
13.266,0.0036181
13.276,0.0037094
13.286,0.0037997
13.296,0.003888
13.306,0.0039815
13.316,0.0040741
13.326,0.0041612
13.336,0.0042513
13.346,0.0043526
13.356,0.0044489
13.366,0.0045424
13.376,0.0046412
13.386,0.0047472
13.396,0.0048574
13.406,0.0049621
13.416,0.0050679
13.426,0.0051668
13.436,0.0052674
13.446,0.0053675
13.456,0.0054736
13.466,0.0055835
13.476,0.0056935
13.486,0.0057996
13.495,0.005915
13.505,0.006025
13.515,0.0061431
13.525,0.0062647
13.535,0.0063921
13.545,0.006519
13.555,0.0066507
13.565,0.0067883
13.575,0.0069272
13.585,0.0070676
13.595,0.007223
13.605,0.0073808
13.615,0.0075465
13.625,0.0077221
13.635,0.0079032
13.645,0.0080933
13.655,0.0082879
13.665,0.008491
13.675,0.008702
13.685,0.0089237
13.695,0.0091431
13.705,0.0093786
13.715,0.0096292
13.725,0.0098884
13.735,0.010158
13.745,0.010446
13.755,0.010749
13.765,0.011053
13.775,0.011382
13.785,0.011733
13.795,0.012089
13.805,0.012453
13.815,0.012826
13.825,0.01322
13.835,0.013636
13.845,0.014064
13.855,0.014486
13.865,0.014913
13.875,0.015366
13.885,0.015835
13.895,0.016309
13.905,0.016789
13.915,0.017281
13.925,0.017787
13.935,0.018289
13.945,0.018792
13.955,0.019302
13.965,0.019827
13.975,0.020352
13.985,0.020873
13.995,0.021392
14.005,0.021904
14.015,0.022412
14.025,0.022928
14.035,0.023437
14.045,0.023946
14.055,0.024444
14.065,0.024932
14.075,0.025413
14.085,0.025879
14.095,0.026347
14.105,0.026789
14.115,0.027218
14.125,0.027631
14.135,0.028034
14.145,0.028421
14.155,0.028768
14.165,0.029094
14.175,0.029394
14.185,0.029664
14.195,0.029905
14.205,0.030112
14.215,0.030283
14.225,0.030418
14.235,0.030524
14.245,0.030594
14.255,0.030609
14.265,0.030587
14.275,0.03052
14.285,0.030416
14.295,0.030274
14.305,0.030072
14.315,0.029819
14.325,0.029517
14.335,0.02917
14.345,0.028777
14.355,0.028326
14.365,0.027821
14.375,0.027255
14.385,0.026639
14.395,0.025961
14.405,0.025227
14.415,0.024445
14.425,0.023614
14.434,0.02273
14.444,0.021787
14.454,0.02079
14.464,0.01973
14.474,0.018614
14.484,0.017455
14.494,0.01623
14.504,0.014961
14.514,0.01363
14.524,0.012254
14.534,0.010832
14.544,0.0093701
14.554,0.0078744
14.564,0.006325
14.574,0.0047186
14.584,0.0030763
14.594,0.001397
14.604,-0.00032357
14.614,-0.0020826
14.624,-0.0038679
14.634,-0.005679
14.644,-0.0075406
14.654,-0.0094516
14.664,-0.011374
14.674,-0.013314
14.684,-0.015288
14.694,-0.017294
14.704,-0.019313
14.714,-0.02134
14.724,-0.023368
14.734,-0.025399
14.744,-0.027457
14.754,-0.029525
14.764,-0.03159
14.774,-0.033651
14.784,-0.035712
14.794,-0.037761
14.804,-0.039799
14.814,-0.041828
14.824,-0.043863
14.834,-0.045891
14.844,-0.047904
14.854,-0.049908
14.864,-0.051899
14.874,-0.053852
14.884,-0.055781
14.894,-0.057676
14.904,-0.059546
14.914,-0.061404
14.924,-0.063234
14.934,-0.065038
14.944,-0.06679
14.954,-0.068531
14.964,-0.070246
14.974,-0.071901
14.984,-0.073512
14.994,-0.075096
15.004,-0.076653
15.014,-0.078159
15.024,-0.079617
15.034,-0.081048
15.044,-0.082443
15.054,-0.083794
15.064,-0.085101
15.074,-0.08637
15.084,-0.087607
15.094,-0.088804
15.104,-0.089963
15.114,-0.091076
15.124,-0.092143
15.134,-0.093182
15.144,-0.094185
15.154,-0.095134
15.164,-0.096048
15.174,-0.096932
15.184,-0.097779
15.194,-0.098585
15.204,-0.099351
15.214,-0.10009
15.224,-0.10078
15.234,-0.10143
15.244,-0.10206
15.254,-0.10264
15.264,-0.10319
15.274,-0.1037
15.284,-0.10418
15.294,-0.10463
15.304,-0.10505
15.314,-0.10543
15.324,-0.10578
15.334,-0.10609
15.344,-0.10638
15.354,-0.10662
15.363,-0.10684
15.373,-0.10704
15.383,-0.10722
15.393,-0.10736
15.403,-0.10747
15.413,-0.10754
15.423,-0.1076
15.433,-0.10763
15.443,-0.10762
15.453,-0.10758
15.463,-0.10753
15.473,-0.10744
15.483,-0.10733
15.493,-0.10718
15.503,-0.10701
15.513,-0.10682
15.523,-0.10661
15.533,-0.10636
15.543,-0.10609
15.553,-0.1058
15.563,-0.10549
15.573,-0.10516
15.583,-0.10481
15.593,-0.10443
15.603,-0.10403
15.613,-0.10362
15.623,-0.1032
15.633,-0.10276
15.643,-0.1023
15.653,-0.10183
15.663,-0.10135
15.673,-0.10086
15.683,-0.10034
15.693,-0.099809
15.703,-0.099277
15.713,-0.098744
15.723,-0.09821
15.733,-0.097671
15.743,-0.097124
15.753,-0.096574
15.763,-0.096039
15.773,-0.095508
15.783,-0.094988
15.793,-0.094483
15.803,-0.093988
15.813,-0.093511
15.823,-0.093048
15.833,-0.092611
15.843,-0.092197
15.853,-0.0918
15.863,-0.09144
15.873,-0.091115
15.883,-0.090826
15.893,-0.09057
15.903,-0.090355
15.913,-0.090174
15.923,-0.090036
15.933,-0.089957
15.943,-0.089927
15.953,-0.089954
15.963,-0.090046
15.973,-0.090199
15.983,-0.090423
15.993,-0.090715
16.003,-0.091094
16.013,-0.091542
16.023,-0.092061
16.033,-0.092665
16.043,-0.093362
16.053,-0.094145
16.063,-0.095013
16.073,-0.095973
16.083,-0.097034
16.093,-0.098196
16.103,-0.099476
16.113,-0.10085
16.123,-0.10232
16.133,-0.10392
16.143,-0.10564
16.153,-0.10746
16.163,-0.10938
16.173,-0.11143
16.183,-0.11363
16.193,-0.11595
16.203,-0.11841
16.213,-0.12099
16.223,-0.12368
16.233,-0.12648
16.243,-0.12941
16.253,-0.13249
16.263,-0.1357
16.273,-0.13902
16.283,-0.14245
16.292,-0.14602
16.302,-0.14972
16.312,-0.15356
16.322,-0.15753
16.332,-0.1616
16.342,-0.16581
16.352,-0.17016
16.362,-0.17465
16.372,-0.17922
16.382,-0.18392
16.392,-0.18875
16.402,-0.1937
16.412,-0.19874
16.422,-0.20388
16.432,-0.20912
16.442,-0.21449
16.452,-0.21994
16.462,-0.22551
16.472,-0.23114
16.482,-0.23685
16.492,-0.24265
16.502,-0.24856
16.512,-0.25456
16.522,-0.26065
16.532,-0.26684
16.542,-0.27308
16.552,-0.27938
16.562,-0.28577
16.572,-0.29224
16.582,-0.29876
16.592,-0.30532
16.602,-0.31199
16.612,-0.3187
16.622,-0.32545
16.632,-0.33221
16.642,-0.339
16.652,-0.34593
16.662,-0.35282
16.672,-0.35971
16.682,-0.36663
16.692,-0.37363
16.702,-0.38068
16.712,-0.38772
16.722,-0.3948
16.732,-0.40188
16.742,-0.40895
16.752,-0.416
16.762,-0.42311
16.772,-0.43023
16.782,-0.43732
16.792,-0.44442
16.802,-0.45153
16.812,-0.4586
16.822,-0.46563
16.832,-0.47265
16.842,-0.47965
16.852,-0.48664
16.862,-0.4936
16.872,-0.50059
16.882,-0.50748
16.892,-0.51433
16.902,-0.52118
16.912,-0.52801
16.922,-0.53484
16.932,-0.54161
16.942,-0.54834
16.952,-0.55506
16.962,-0.56173
16.972,-0.56843
16.982,-0.57516
16.992,-0.58179
17.002,-0.5884
17.012,-0.59507
17.022,-0.60174
17.032,-0.60841
17.042,-0.61512
17.052,-0.62184
17.062,-0.62865
17.072,-0.63545
17.082,-0.64232
17.092,-0.64926
17.102,-0.6563
17.112,-0.66346
17.122,-0.67075
17.132,-0.67824
17.142,-0.68576
17.152,-0.69322
17.162,-0.70083
17.172,-0.70848
17.182,-0.71619
17.192,-0.72397
17.202,-0.73177
17.212,-0.73961
17.221,-0.74749
17.231,-0.75548
17.241,-0.76359
17.251,-0.77175
17.261,-0.7801
17.271,-0.7886
17.281,-0.79728
17.291,-0.80605
17.301,-0.81484
17.311,-0.82369
17.321,-0.83275
17.331,-0.8419
17.341,-0.85112
17.351,-0.86045
17.361,-0.86985
17.371,-0.87943
17.381,-0.8892
17.391,-0.89902
17.401,-0.90891
17.411,-0.91892
17.421,-0.92906
17.431,-0.93934
17.441,-0.94973
17.451,-0.96029
17.461,-0.97099
17.471,-0.9817
17.481,-0.9925
17.491,-1.0035
17.501,-1.0147
17.511,-1.026
17.521,-1.0375
17.531,-1.0493
17.541,-1.0611
17.551,-1.0732
17.561,-1.0855
17.571,-1.0979
17.581,-1.1106
17.591,-1.1236
17.601,-1.1366
17.611,-1.1497
17.621,-1.163
17.631,-1.1764
17.641,-1.1897
17.651,-1.2031
17.661,-1.2164
17.671,-1.2299
17.681,-1.2434
17.691,-1.2567
17.701,-1.27
17.711,-1.2833
17.721,-1.2965
17.731,-1.3095
17.741,-1.3222
17.751,-1.3348
17.761,-1.3471
17.771,-1.3592
17.781,-1.3708
17.791,-1.3822
17.801,-1.3933
17.811,-1.404
17.821,-1.4141
17.831,-1.4236
17.841,-1.4324
17.851,-1.4405
17.861,-1.4482
17.871,-1.455
17.881,-1.461
17.891,-1.4661
17.901,-1.4703
17.911,-1.4736
17.921,-1.4759
17.931,-1.4772
17.941,-1.4774
17.951,-1.4764
17.961,-1.4742
17.971,-1.4707
17.981,-1.4658
17.991,-1.4595
18.001,-1.4519
18.011,-1.4427
18.021,-1.4322
18.031,-1.4203
18.041,-1.4066
18.051,-1.3914
18.061,-1.3746
18.071,-1.3563
18.081,-1.3362
18.091,-1.3146
18.101,-1.2911
18.111,-1.2658
18.121,-1.2389
18.131,-1.2102
18.141,-1.1799
18.15,-1.1478
18.16,-1.1135
18.17,-1.0774
18.18,-1.0399
18.19,-1.0005
18.2,-0.95873
18.21,-0.91542
18.22,-0.87071
18.23,-0.82448
18.24,-0.77677
18.25,-0.72746
18.26,-0.67647
18.27,-0.62418
18.28,-0.57022
18.29,-0.51466
18.3,-0.45727
18.31,-0.39829
18.32,-0.33816
18.33,-0.27701
18.34,-0.21469
18.35,-0.15134
18.36,-0.086619
18.37,-0.020824
18.38,0.046517
18.39,0.11415
18.4,0.18235
18.41,0.25129
18.42,0.32091
18.43,0.39127
18.44,0.46221
18.45,0.53302
18.46,0.60488
18.47,0.67714
18.48,0.74961
18.49,0.82278
18.5,0.89557
18.51,0.96821
18.52,1.0411
18.53,1.114
18.54,1.187
18.55,1.2596
18.56,1.3319
18.57,1.4039
18.58,1.4753
18.59,1.5464
18.6,1.6165
18.61,1.686
18.62,1.7545
18.63,1.8221
18.64,1.889
18.65,1.9551
18.66,2.0198
18.67,2.0833
18.68,2.1455
18.69,2.2066
18.7,2.2657
18.71,2.3232
18.72,2.3796
18.73,2.4341
18.74,2.4868
18.75,2.5376
18.76,2.5868
18.77,2.6341
18.78,2.6796
18.79,2.7234
18.8,2.765
18.81,2.8045
18.82,2.842
18.83,2.8777
18.84,2.911
18.85,2.9422
18.86,2.9713
18.87,2.9982
18.88,3.023
18.89,3.0456
18.9,3.0661
18.91,3.0843
18.92,3.1003
18.93,3.114
18.94,3.1257
18.95,3.1353
18.96,3.1427
18.97,3.1481
18.98,3.1513
18.99,3.1525
19,3.1518
19.01,3.149
19.02,3.1442
19.03,3.1376
19.04,3.1288
19.05,3.1183
19.06,3.1059
19.07,3.0916
19.079,3.0756
19.089,3.0578
19.099,3.0384
19.109,3.0174
19.119,2.9949
19.129,2.9708
19.139,2.9453
19.149,2.9185
19.159,2.8905
19.169,2.8614
19.179,2.8311
19.189,2.7998
19.199,2.7674
19.209,2.7339
19.219,2.6997
19.229,2.6647
19.239,2.6287
19.249,2.5922
19.259,2.5548
19.269,2.5166
19.279,2.4778
19.289,2.4386
19.299,2.3992
19.309,2.3594
19.319,2.3191
19.329,2.2785
19.339,2.2375
19.349,2.1963
19.359,2.1551
19.369,2.1138
19.379,2.0727
19.389,2.0314
19.399,1.99
19.409,1.9488
19.419,1.9074
19.429,1.8661
19.439,1.8251
19.449,1.7839
19.459,1.7428
19.469,1.7022
19.479,1.6623
19.489,1.6227
19.499,1.5831
19.509,1.5438
19.519,1.5047
19.529,1.4659
19.539,1.4279
19.549,1.3904
19.559,1.3535
19.569,1.3167
19.579,1.2804
19.589,1.2448
19.599,1.2098
19.609,1.1754
19.619,1.1415
19.629,1.1083
19.639,1.0756
19.649,1.0434
19.659,1.012
19.669,0.98118
19.679,0.95067
19.689,0.92077
19.699,0.89157
19.709,0.86281
19.719,0.83455
19.729,0.80694
19.739,0.78009
19.749,0.75366
19.759,0.72762
19.769,0.70195
19.779,0.67696
19.789,0.65253
19.799,0.62867
19.809,0.60527
19.819,0.58221
19.829,0.55965
19.839,0.5376
19.849,0.51603
19.859,0.4949
19.869,0.47424
19.879,0.45399
19.889,0.43401
19.899,0.41446
19.909,0.39549
19.919,0.37697
19.929,0.3588
19.939,0.34093
19.949,0.32344
19.959,0.30628
19.969,0.28951
19.979,0.27306
19.989,0.2569
19.999,0.24103
20.009,0.22539
20.018,0.20993
20.028,0.19467
20.038,0.17963
20.048,0.16473
20.058,0.14994
20.068,0.13538
20.078,0.12092
20.088,0.10659
20.098,0.092329
20.108,0.078105
20.118,0.064001
20.128,0.049993
20.138,0.036009
20.148,0.022035
20.158,0.0082121
20.168,-0.0055308
20.178,-0.019175
20.188,-0.032692
20.198,-0.046097
20.208,-0.059417
20.218,-0.072581
20.228,-0.085585
20.238,-0.098373
20.248,-0.11102
20.258,-0.12359
20.268,-0.13601
20.278,-0.14825
20.288,-0.16036
20.298,-0.17236
20.308,-0.18421
20.318,-0.19591
20.328,-0.20739
20.338,-0.21866
20.348,-0.22975
20.358,-0.24072
20.368,-0.25149
20.378,-0.26215
20.388,-0.27255
20.398,-0.28269
20.408,-0.29268
20.418,-0.30254
20.428,-0.31221
20.438,-0.32167
20.448,-0.33094
20.458,-0.34002
20.468,-0.34896
20.478,-0.35765
20.488,-0.36618
20.498,-0.37447
20.508,-0.38257
20.518,-0.39055
20.528,-0.39833
20.538,-0.40589
20.548,-0.41325
20.558,-0.42042
20.568,-0.4274
20.578,-0.43416
20.588,-0.44071
20.598,-0.44714
20.608,-0.45337
20.618,-0.4594
20.628,-0.46527
20.638,-0.47097
20.648,-0.47646
20.658,-0.48176
20.668,-0.4869
20.678,-0.49188
20.688,-0.49669
20.698,-0.50132
20.708,-0.50581
20.718,-0.51014
20.728,-0.51429
20.738,-0.51828
20.748,-0.52213
20.758,-0.52584
20.768,-0.52941
20.778,-0.53283
20.788,-0.53614
20.798,-0.53932
20.808,-0.54235
20.818,-0.54526
20.828,-0.54805
20.838,-0.55073
20.848,-0.5533
20.858,-0.55575
20.868,-0.5581
20.878,-0.56037
20.888,-0.56255
20.898,-0.56463
20.908,-0.56662
20.918,-0.56852
20.928,-0.57032
20.938,-0.57203
20.947,-0.57366
20.957,-0.57521
20.967,-0.57667
20.977,-0.57805
20.987,-0.57936
20.997,-0.58058
21.007,-0.58174
21.017,-0.58281
21.027,-0.58382
21.037,-0.58474
21.047,-0.58559
21.057,-0.58634
21.067,-0.58702
21.077,-0.58762
21.087,-0.58814
21.097,-0.58859
21.107,-0.58896
21.117,-0.58923
21.127,-0.58942
21.137,-0.58953
21.147,-0.58955
21.157,-0.58947
21.167,-0.5893
21.177,-0.58905
21.187,-0.58869
21.197,-0.58824
21.207,-0.58769
21.217,-0.58704
21.227,-0.58627
21.237,-0.58542
21.247,-0.58445
21.257,-0.58338
21.267,-0.5822
21.277,-0.58091
21.287,-0.57951
21.297,-0.578
21.307,-0.57637
21.317,-0.57461
21.327,-0.57275
21.337,-0.57076
21.347,-0.56868
21.357,-0.56649
21.367,-0.56416
21.377,-0.56171
21.387,-0.55917
21.397,-0.55651
21.407,-0.55372
21.417,-0.55082
21.427,-0.54779
21.437,-0.54468
21.447,-0.54145
21.457,-0.53812
21.467,-0.53468
21.477,-0.53115
21.487,-0.52749
21.497,-0.52375
21.507,-0.51993
21.517,-0.51602
21.527,-0.51201
21.537,-0.50792
21.547,-0.50375
21.557,-0.49951
21.567,-0.49521
21.577,-0.49083
21.587,-0.48638
21.597,-0.48184
21.607,-0.47727
21.617,-0.47268
21.627,-0.46804
21.637,-0.46335
21.647,-0.45864
21.657,-0.45389
21.667,-0.44913
21.677,-0.44434
21.687,-0.43953
21.697,-0.43475
21.707,-0.42993
21.717,-0.42513
21.727,-0.42038
21.737,-0.41563
21.747,-0.4109
21.757,-0.40619
21.767,-0.40151
21.777,-0.39687
21.787,-0.39227
21.797,-0.38773
21.807,-0.38327
21.817,-0.37885
21.827,-0.37449
21.837,-0.3702
21.847,-0.36599
21.857,-0.36187
21.867,-0.35782
21.876,-0.35384
21.886,-0.34994
21.896,-0.34612
21.906,-0.34237
21.916,-0.33874
21.926,-0.33522
21.936,-0.33179
21.946,-0.32847
21.956,-0.32525
21.966,-0.32212
21.976,-0.31911
21.986,-0.31621
21.996,-0.31341
22.006,-0.31072
22.016,-0.30814
22.026,-0.30566
22.036,-0.30328
22.046,-0.30103
22.056,-0.29888
22.066,-0.29683
22.076,-0.29489
22.086,-0.29305
22.096,-0.29133
22.106,-0.28972
22.116,-0.28821
22.126,-0.2868
22.136,-0.28549
22.146,-0.28427
22.156,-0.28314
22.166,-0.28209
22.176,-0.28113
22.186,-0.28025
22.196,-0.27945
22.206,-0.27872
22.216,-0.27807
22.226,-0.27748
22.236,-0.27696
22.246,-0.27649
22.256,-0.27609
22.266,-0.27573
22.276,-0.27543
22.286,-0.27517
22.296,-0.27495
22.306,-0.27476
22.316,-0.2746
22.326,-0.27448
22.336,-0.27438
22.346,-0.2743
22.356,-0.27423
22.366,-0.27417
22.376,-0.27413
22.386,-0.27408
22.396,-0.27404
22.406,-0.27399
22.416,-0.27393
22.426,-0.27385
22.436,-0.27376
22.446,-0.27364
22.456,-0.27348
22.466,-0.2733
22.476,-0.27308
22.486,-0.27283
22.496,-0.27253
22.506,-0.27218
22.516,-0.27178
22.526,-0.27133
22.536,-0.27082
22.546,-0.27026
22.556,-0.26964
22.566,-0.26894
22.576,-0.26819
22.586,-0.26738
22.596,-0.26649
22.606,-0.26552
22.616,-0.26448
22.626,-0.26338
22.636,-0.2622
22.646,-0.26093
22.656,-0.25958
22.666,-0.25814
22.676,-0.25661
22.686,-0.25501
22.696,-0.25333
22.706,-0.25156
22.716,-0.24969
22.726,-0.24772
22.736,-0.24567
22.746,-0.24353
22.756,-0.2413
22.766,-0.23897
22.776,-0.23656
22.786,-0.23405
22.796,-0.23143
22.805,-0.22873
22.815,-0.22593
22.825,-0.22304
22.835,-0.22005
22.845,-0.21696
22.855,-0.21376
22.865,-0.21047
22.875,-0.20709
22.885,-0.20362
22.895,-0.20007
22.905,-0.19641
22.915,-0.19265
22.925,-0.18881
22.935,-0.18486
22.945,-0.18083
22.955,-0.17674
22.965,-0.17258
22.975,-0.16831
22.985,-0.16396
22.995,-0.15952
23.005,-0.15502
23.015,-0.15044
23.025,-0.14579
23.035,-0.14109
23.045,-0.1363
23.055,-0.13147
23.065,-0.12659
23.075,-0.12165
23.085,-0.11667
23.095,-0.11162
23.105,-0.10653
23.115,-0.10139
23.125,-0.096244
23.135,-0.091078
23.145,-0.085892
23.155,-0.080687
23.165,-0.0755
23.175,-0.07029
23.185,-0.065095
23.195,-0.05992
23.205,-0.054722
23.215,-0.049534
23.225,-0.04438
23.235,-0.039263
23.245,-0.034166
23.255,-0.029123
23.265,-0.024117
23.275,-0.019141
23.285,-0.014192
23.295,-0.0093235
23.305,-0.0045221
23.315,0.00019759
23.325,0.0048775
23.335,0.0094517
23.345,0.01391
23.355,0.018299
23.365,0.022609
23.375,0.026802
23.385,0.030875
23.395,0.03484
23.405,0.038674
23.415,0.042386
23.425,0.045963
23.435,0.049422
23.445,0.052737
23.455,0.055903
23.465,0.058929
23.475,0.061819
23.485,0.064545
23.495,0.067128
23.505,0.069555
23.515,0.071835
23.525,0.073963
23.535,0.075914
23.545,0.077708
23.555,0.079346
23.565,0.080832
23.575,0.082156
23.585,0.083314
23.595,0.084315
23.605,0.085159
23.615,0.085836
23.625,0.086359
23.635,0.086716
23.645,0.086916
23.655,0.086963
23.665,0.08685
23.675,0.086581
23.685,0.086163
23.695,0.085582
23.705,0.084848
23.715,0.083961
23.725,0.082942
23.734,0.081785
23.744,0.080483
23.754,0.079027
23.764,0.077449
23.774,0.075745
23.784,0.073903
23.794,0.071951
23.804,0.069881
23.814,0.067697
23.824,0.0654
23.834,0.062985
23.844,0.060483
23.854,0.057876
23.864,0.055173
23.874,0.052405
23.884,0.049573
23.894,0.046659
23.904,0.043682
23.914,0.040629
23.924,0.037524
23.934,0.034373
23.944,0.031171
23.954,0.027955
23.964,0.024692
23.974,0.021393
23.984,0.018069
23.994,0.014731
24.004,0.011377
24.014,0.0080083
24.024,0.0046474
24.034,0.0013019
24.044,-0.002031
24.054,-0.0053742
24.064,-0.0087095
24.074,-0.012016
24.084,-0.015281
24.094,-0.018517
24.104,-0.021717
24.114,-0.024891
24.124,-0.028026
24.134,-0.031102
24.144,-0.034099
24.154,-0.037056
24.164,-0.039965
24.174,-0.042811
24.184,-0.045615
24.194,-0.048356
24.204,-0.051023
24.214,-0.053608
24.224,-0.05613
24.234,-0.058586
24.244,-0.060973
24.254,-0.063274
24.264,-0.065503
24.274,-0.067657
24.284,-0.069745
24.294,-0.071753
24.304,-0.073666
24.314,-0.075501
24.324,-0.077249
24.334,-0.078916
24.344,-0.080502
24.354,-0.082009
24.364,-0.083442
24.374,-0.084812
24.384,-0.086095
24.394,-0.08731
24.404,-0.088466
24.414,-0.089549
24.424,-0.090573
24.434,-0.091531
24.444,-0.09242
24.454,-0.093239
24.464,-0.093996
24.474,-0.094697
24.484,-0.095345
24.494,-0.095931
24.504,-0.096462
24.514,-0.096949
24.524,-0.097389
24.534,-0.097784
24.544,-0.098129
24.554,-0.098433
24.564,-0.09871
24.574,-0.098957
24.584,-0.099172
24.594,-0.099352
24.604,-0.099499
24.614,-0.09962
24.624,-0.09972
24.634,-0.099801
24.644,-0.099863
24.654,-0.099905
24.663,-0.099938
24.673,-0.099955
24.683,-0.099967
24.693,-0.099974
24.703,-0.099973
24.713,-0.099969
24.723,-0.09996
24.733,-0.099951
24.743,-0.099947
24.753,-0.099953
24.763,-0.099967
24.773,-0.099997
24.783,-0.10004
24.793,-0.1001
24.803,-0.10016
24.813,-0.10024
24.823,-0.10033
24.833,-0.10045
24.843,-0.10058
24.853,-0.10073
24.863,-0.1009
24.873,-0.1011
24.883,-0.10133
24.893,-0.10159
24.903,-0.10187
24.913,-0.10217
24.923,-0.10251
24.933,-0.10287
24.943,-0.10326
24.953,-0.10368
24.963,-0.10411
24.973,-0.10457
24.983,-0.10506
24.993,-0.10558
25.003,-0.10612
25.013,-0.10669
25.023,-0.10728
25.033,-0.10791
25.043,-0.10856
25.053,-0.10924
25.063,-0.10994
25.073,-0.11065
25.083,-0.11138
25.093,-0.11214
25.103,-0.11292
25.113,-0.11371
25.123,-0.11452
25.133,-0.11535
25.143,-0.11619
25.153,-0.11704
25.163,-0.1179
25.173,-0.11877
25.183,-0.11965
25.193,-0.12054
25.203,-0.12144
25.213,-0.12235
25.223,-0.12327
25.233,-0.12419
25.243,-0.12512
25.253,-0.12605
25.263,-0.12699
25.273,-0.12793
25.283,-0.12886
25.293,-0.1298
25.303,-0.13074
25.313,-0.13168
25.323,-0.13261
25.333,-0.13354
25.343,-0.13446
25.353,-0.1354
25.363,-0.13632
25.373,-0.13723
25.383,-0.13814
25.393,-0.13903
25.403,-0.13991
25.413,-0.14078
25.423,-0.14164
25.433,-0.14249
25.443,-0.14334
25.453,-0.14416
25.463,-0.14497
25.473,-0.14577
25.483,-0.14654
25.493,-0.14729
25.503,-0.14803
25.513,-0.14875
25.523,-0.14945
25.533,-0.15013
25.543,-0.15078
25.553,-0.15142
25.563,-0.15204
25.573,-0.15263
25.583,-0.15319
25.593,-0.15372
25.602,-0.15422
25.612,-0.15469
25.622,-0.15513
25.632,-0.15554
25.642,-0.15592
25.652,-0.15626
25.662,-0.15657
25.672,-0.15685
25.682,-0.1571
25.692,-0.15732
25.702,-0.15749
25.712,-0.15762
25.722,-0.15773
25.732,-0.15779
25.742,-0.1578
25.752,-0.15777
25.762,-0.1577
25.772,-0.15759
25.782,-0.15743
25.792,-0.15723
25.802,-0.157
25.812,-0.15671
25.822,-0.15637
25.832,-0.15598
25.842,-0.15555
25.852,-0.15507
25.862,-0.15454
25.872,-0.15395
25.882,-0.15333
25.892,-0.15265
25.902,-0.15191
25.912,-0.15113
25.922,-0.1503
25.932,-0.14943
25.942,-0.1485
25.952,-0.14754
25.962,-0.14653
25.972,-0.14549
25.982,-0.14439
25.992,-0.14324
26.002,-0.14205
26.012,-0.14082
26.022,-0.13954
26.032,-0.13823
26.042,-0.13689
26.052,-0.13548
26.062,-0.13404
26.072,-0.13257
26.082,-0.13106
26.092,-0.12951
26.102,-0.12793
26.112,-0.12631
26.122,-0.12468
26.132,-0.12301
26.142,-0.12134
26.152,-0.11966
26.162,-0.11795
26.172,-0.11622
26.182,-0.11448
26.192,-0.11272
26.202,-0.11096
26.212,-0.10918
26.222,-0.10739
26.232,-0.1056
26.242,-0.10382
26.252,-0.10203
26.262,-0.10025
26.272,-0.09848
26.282,-0.096719
26.292,-0.09498
26.302,-0.093263
26.312,-0.091567
26.322,-0.089897
26.332,-0.088244
26.342,-0.086605
26.352,-0.085
26.362,-0.083443
26.372,-0.081925
26.382,-0.080446
26.392,-0.079006
26.402,-0.077608
26.412,-0.076253
26.422,-0.074944
26.432,-0.073679
26.442,-0.072449
26.452,-0.071271
26.462,-0.070155
26.472,-0.069087
26.482,-0.068068
26.492,-0.067095
26.502,-0.066176
26.512,-0.065314
26.522,-0.064498
26.531,-0.063724
26.541,-0.06301
26.551,-0.062346
26.561,-0.061745
26.571,-0.061195
26.581,-0.06069
26.591,-0.060238
26.601,-0.059828
26.611,-0.059461
26.621,-0.059138
26.631,-0.058852
26.641,-0.058607
26.651,-0.0584
26.661,-0.058228
26.671,-0.058093
26.681,-0.057984
26.691,-0.057906
26.701,-0.057863
26.711,-0.057849
26.721,-0.057852
26.731,-0.057866
26.741,-0.057897
26.751,-0.057948
26.761,-0.058005
26.771,-0.058071
26.781,-0.058154
26.791,-0.058246
26.801,-0.058338
26.811,-0.05843
26.821,-0.05852
26.831,-0.058609
26.841,-0.058693
26.851,-0.058766
26.861,-0.058831
26.871,-0.058878
26.881,-0.058901
26.891,-0.058905
26.901,-0.058892
26.911,-0.058851
26.921,-0.058792
26.931,-0.058708
26.941,-0.058598
26.951,-0.058462
26.961,-0.058299
26.971,-0.058099
26.981,-0.057864
26.991,-0.057603
27.001,-0.057315
27.011,-0.057005
27.021,-0.056653
27.031,-0.05626
27.041,-0.055843
27.051,-0.055389
27.061,-0.054891
27.071,-0.054362
27.081,-0.053796
27.091,-0.053187
27.101,-0.052551
27.111,-0.051887
27.121,-0.05119
27.131,-0.050464
27.141,-0.049702
27.151,-0.04891
27.161,-0.04809
27.171,-0.047236
27.181,-0.046369
27.191,-0.045467
27.201,-0.044548
27.211,-0.04361
27.221,-0.042656
27.231,-0.041685
27.241,-0.0407
27.251,-0.0397
27.261,-0.038692
27.271,-0.037667
27.281,-0.036627
27.291,-0.035583
27.301,-0.034532
27.311,-0.033487
27.321,-0.032444
27.331,-0.031402
27.341,-0.030354
27.351,-0.029313
27.361,-0.028294
27.371,-0.027286
27.381,-0.026286
27.391,-0.025303
27.401,-0.024335
27.411,-0.02338
27.421,-0.022442
27.431,-0.021541
27.441,-0.02067
27.451,-0.019821
27.46,-0.018997
27.47,-0.018201
27.48,-0.017445
27.49,-0.016729
27.5,-0.016042
27.51,-0.015385
27.52,-0.014768
27.53,-0.014191
27.54,-0.013654
27.55,-0.013159
27.56,-0.012706
27.57,-0.012299
27.58,-0.011928
27.59,-0.011577
27.6,-0.011273
27.61,-0.011007
27.62,-0.010777
27.63,-0.01059
27.64,-0.010445
27.65,-0.010338
27.66,-0.010267
27.67,-0.01023
27.68,-0.010228
27.69,-0.01026
27.7,-0.010323
27.71,-0.010418
27.72,-0.010538
27.73,-0.010685
27.74,-0.010858
27.75,-0.011055
27.76,-0.011273
27.77,-0.011505
27.78,-0.011757
27.79,-0.012025
27.8,-0.012303
27.81,-0.012592
27.82,-0.012883
27.83,-0.013183
27.84,-0.013488
27.85,-0.013794
27.86,-0.01409
27.87,-0.014376
27.88,-0.014653
27.89,-0.014922
27.9,-0.015176
27.91,-0.01541
27.92,-0.015619
27.93,-0.015805
27.94,-0.015963
27.95,-0.016093
27.96,-0.016197
27.97,-0.016268
27.98,-0.016304
27.99,-0.01631
28,-0.016274
28.01,-0.0162
28.02,-0.016079
28.03,-0.015907
28.04,-0.015692
28.05,-0.015428
28.06,-0.01511
28.07,-0.014736
28.08,-0.014309
28.09,-0.013831
28.1,-0.013294
28.11,-0.012703
28.12,-0.012051
28.13,-0.011346
28.14,-0.010585
28.15,-0.0097723
28.16,-0.0088975
28.17,-0.0079649
28.18,-0.006984
28.19,-0.0059467
28.2,-0.0048506
28.21,-0.0037018
28.22,-0.0025202
28.23,-0.0012851
28.24,1.7179e-006
28.25,0.0013443
28.26,0.0027238
28.27,0.004148
28.28,0.0056154
28.29,0.007115
28.3,0.0086492
28.31,0.010219
28.32,0.011823
28.33,0.01345
28.34,0.015102
28.35,0.016778
28.36,0.018481
28.37,0.020186
28.38,0.021902
28.389,0.023623
28.399,0.025363
28.409,0.027097
28.419,0.028837
28.429,0.030564
28.439,0.032289
28.449,0.03401
28.459,0.035719
28.469,0.037418
28.479,0.039098
28.489,0.040757
28.499,0.042386
28.509,0.043991
28.519,0.04557
28.529,0.04711
28.539,0.048608
28.549,0.050061
28.559,0.051478
28.569,0.052862
28.579,0.054191
28.589,0.055475
28.599,0.056699
28.609,0.057875
28.619,0.059001
28.629,0.06007
28.639,0.061085
28.649,0.062045
28.659,0.062935
28.669,0.063764
28.679,0.064528
28.689,0.065236
28.699,0.06588
28.709,0.066458
28.719,0.066974
28.729,0.067423
28.739,0.067813
28.749,0.068133
28.759,0.068381
28.769,0.068561
28.779,0.06868
28.789,0.068733
28.799,0.068721
28.809,0.068638
28.819,0.068494
28.829,0.068291
28.839,0.068027
28.849,0.067703
28.859,0.067321
28.869,0.066888
28.879,0.066398
28.889,0.06585
28.899,0.065248
28.909,0.064589
28.919,0.063881
28.929,0.063126
28.939,0.062327
28.949,0.061479
28.959,0.060589
28.969,0.05966
28.979,0.058693
28.989,0.057674
28.999,0.056608
29.009,0.055506
29.019,0.05436
29.029,0.053185
29.039,0.051973
29.049,0.050727
29.059,0.049449
29.069,0.048135
29.079,0.04679
29.089,0.045415
29.099,0.044012
29.109,0.042587
29.119,0.041131
29.129,0.039647
29.139,0.038146
29.149,0.036622
29.159,0.035091
29.169,0.03355
29.179,0.032001
29.189,0.030431
29.199,0.028853
29.209,0.027283
29.219,0.025697
29.229,0.0241
29.239,0.022502
29.249,0.020906
29.259,0.019297
29.269,0.017674
29.279,0.016041
29.289,0.014407
29.299,0.012771
29.309,0.011139
29.318,0.0095178
29.328,0.0078949
29.338,0.0062682
29.348,0.004657
29.358,0.0030623
29.368,0.0014723
29.378,-0.00010681
29.388,-0.0016774
29.398,-0.0032345
29.408,-0.0047874
29.418,-0.006343
29.428,-0.0078828
29.438,-0.0094057
29.448,-0.010913
29.458,-0.01241
29.468,-0.013899
29.478,-0.015377
29.488,-0.016827
29.498,-0.018264
29.508,-0.019673
29.518,-0.02106
29.528,-0.022415
29.538,-0.023747
29.548,-0.025051
29.558,-0.026329
29.568,-0.027565
29.578,-0.028766
29.588,-0.029932
29.598,-0.031058
29.608,-0.032158
29.618,-0.033216
29.628,-0.034234
29.638,-0.035218
29.648,-0.036156
29.658,-0.037045
29.668,-0.037895
29.678,-0.038698
29.688,-0.039455
29.698,-0.04016
29.708,-0.04081
29.718,-0.041418
29.728,-0.041966
29.738,-0.042471
29.748,-0.042924
29.758,-0.043318
29.768,-0.043657
29.778,-0.043931
29.788,-0.04415
29.798,-0.044313
29.808,-0.044408
29.818,-0.044439
29.828,-0.044411
29.838,-0.044321
29.848,-0.044166
29.858,-0.043946
29.868,-0.043668
29.878,-0.043327
29.888,-0.042919
29.898,-0.042454
29.908,-0.041928
29.918,-0.041346
29.928,-0.040708
29.938,-0.040011
29.948,-0.039258
29.958,-0.03844
29.968,-0.037564
29.978,-0.036636
29.988,-0.035657
29.998,-0.034626
30.008,-0.033545
30.018,-0.032411
30.028,-0.03123
30.038,-0.030005
30.048,-0.028732
30.058,-0.027425
30.068,-0.026078
30.078,-0.024675
30.088,-0.02324
30.098,-0.021782
30.108,-0.020297
30.118,-0.018785
30.128,-0.017257
30.138,-0.015703
30.148,-0.014133
30.158,-0.012555
30.168,-0.010963
30.178,-0.0093533
30.188,-0.0077234
30.198,-0.006111
30.208,-0.0044933
30.218,-0.0028833
30.228,-0.0012839
30.238,0.00030601
30.247,0.0018899
30.257,0.0034678
30.267,0.0050393
30.277,0.0065955
30.287,0.008125
30.297,0.0096202
30.307,0.011082
30.317,0.01252
30.327,0.01393
30.337,0.0153
30.347,0.016632
30.357,0.017933
30.367,0.019185
30.377,0.020386
30.387,0.021539
30.397,0.022656
30.407,0.023725
30.417,0.024752
30.427,0.025724
30.437,0.026645
30.447,0.027512
30.457,0.028321
30.467,0.029088
30.477,0.029808
30.487,0.030469
30.497,0.031071
30.507,0.031613
30.517,0.032108
30.527,0.032544
30.537,0.032924
30.547,0.033244
30.557,0.033512
30.567,0.033728
30.577,0.033899
30.587,0.034029
30.597,0.034113
30.607,0.034151
30.617,0.034142
30.627,0.034096
30.637,0.034016
30.647,0.033897
30.657,0.033734
30.667,0.033535
30.677,0.0333
30.687,0.033032
30.697,0.032735
30.707,0.032412
30.717,0.032065
30.727,0.031682
30.737,0.03128
30.747,0.030861
30.757,0.030416
30.767,0.029949
30.777,0.029462
30.787,0.028953
30.797,0.028435
30.807,0.027905
30.817,0.027367
30.827,0.026824
30.837,0.026275
30.847,0.025723
30.857,0.025168
30.867,0.024617
30.877,0.024071
30.887,0.023529
30.897,0.02299
30.907,0.022461
30.917,0.021934
30.927,0.021409
30.937,0.020902
30.947,0.020408
30.957,0.019912
30.967,0.019428
30.977,0.018956
30.987,0.0185
30.997,0.01805
31.007,0.017604
31.017,0.017169
31.027,0.016744
31.037,0.016325
31.047,0.01591
31.057,0.015507
31.067,0.015112
31.077,0.014726
31.087,0.01435
31.097,0.013968
31.107,0.01359
31.117,0.013207
31.127,0.01282
31.137,0.012441
31.147,0.012064
31.157,0.011689
31.167,0.011317
31.176,0.010943
31.186,0.010575
31.196,0.0102
31.206,0.0098241
31.216,0.0094527
31.226,0.0090745
31.236,0.0086973
31.246,0.0083119
31.256,0.0079197
31.266,0.0075257
31.276,0.0071197
31.286,0.0067141
31.296,0.0063035
31.306,0.0058816
31.316,0.005459
31.326,0.0050246
31.336,0.0045806
31.346,0.004136
31.356,0.0036842
31.366,0.003222
31.376,0.0027564
31.386,0.0022832
31.396,0.0018068
31.406,0.0013252
31.416,0.00084049
31.426,0.00034505
31.436,-0.00015327
31.446,-0.0006508
31.456,-0.0011404
31.466,-0.0016372
31.476,-0.0021275
31.486,-0.0026084
31.496,-0.0030852
31.506,-0.0035639
31.516,-0.0040419
31.526,-0.004511
31.536,-0.0049723
31.546,-0.0054234
31.556,-0.0058608
31.566,-0.0062826
31.576,-0.0066841
31.586,-0.0070587
31.596,-0.0074229
31.606,-0.0077729
31.616,-0.0081025
31.626,-0.0084137
31.636,-0.0086994
31.646,-0.0089661
31.656,-0.0092122
31.666,-0.0094256
31.676,-0.0096137
31.686,-0.0097711
31.696,-0.0099013
31.706,-0.0099981
31.716,-0.010061
31.726,-0.010099
31.736,-0.01011
31.746,-0.01009
31.756,-0.010032
31.766,-0.0099465
31.776,-0.0098374
31.786,-0.0096996
31.796,-0.0095283
31.806,-0.009325
31.816,-0.0090887
31.826,-0.0088232
31.836,-0.0085356
31.846,-0.0082114
31.856,-0.0078572
31.866,-0.0074756
31.876,-0.0070792
31.886,-0.006655
31.896,-0.0062012
31.906,-0.005724
31.916,-0.0052233
31.926,-0.0046973
31.936,-0.0041503
31.946,-0.0035877
31.956,-0.0030082
31.966,-0.0024042
31.976,-0.0017847
31.986,-0.0011522
31.996,-0.00050694
32.006,0.00015475
32.016,0.00082257
32.026,0.001504
32.036,0.0021984
32.046,0.0029056
32.056,0.0036148
32.066,0.0043271
32.076,0.0050502
32.086,0.0057663
32.096,0.0064796
32.106,0.007201
32.115,0.0079225
32.125,0.008643
32.135,0.0093666
32.145,0.010084
32.155,0.010803
32.165,0.011519
32.175,0.012227
32.185,0.012922
32.195,0.013619
32.205,0.014302
32.215,0.01498
32.225,0.015658
32.235,0.016323
32.245,0.016979
32.255,0.017622
32.265,0.018254
32.275,0.018887
32.285,0.019509
32.295,0.02012
32.305,0.02072
32.315,0.021313
32.325,0.021903
32.335,0.022486
32.345,0.023052
32.355,0.023611
32.365,0.024157
32.375,0.024685
32.385,0.025191
32.395,0.025679
32.405,0.026162
32.415,0.026635
32.425,0.027097
32.435,0.027552
32.445,0.027991
32.455,0.028415
32.465,0.028826
32.475,0.029217
32.485,0.029591
32.495,0.02995
32.505,0.030299
32.515,0.030645
32.525,0.030971
32.535,0.031279
32.545,0.031571
32.555,0.031855
32.565,0.032122
32.575,0.032373
32.585,0.032601
32.595,0.032812
32.605,0.033019
32.615,0.03321
32.625,0.033382
32.635,0.03353
32.645,0.033667
32.655,0.033795
32.665,0.033904
32.675,0.033992
32.685,0.034064
32.695,0.03412
32.705,0.034159
32.715,0.034176
32.725,0.034179
32.735,0.034163
32.745,0.034125
32.755,0.034069
32.765,0.033989
32.775,0.033888
32.785,0.033772
32.795,0.033635
32.805,0.033471
32.815,0.033285
32.825,0.033083
32.835,0.032863
32.845,0.032615
32.855,0.032341
32.865,0.032041
32.875,0.031708
32.885,0.031346
32.895,0.030962
32.905,0.03056
32.915,0.030128
32.925,0.029669
32.935,0.02919
32.945,0.028685
32.955,0.028149
32.965,0.027592
32.975,0.027011
32.985,0.026399
32.995,0.025757
33.005,0.025091
33.015,0.024404
33.025,0.023697
33.035,0.022974
33.044,0.022238
33.054,0.021483
33.064,0.020691
33.074,0.019884
33.084,0.019062
33.094,0.018222
33.104,0.017358
33.114,0.016475
33.124,0.015577
33.134,0.01467
33.144,0.013746
33.154,0.012816
33.164,0.011885
33.174,0.01095
33.184,0.010011
33.194,0.0090795
33.204,0.0081567
33.214,0.0072362
33.224,0.0063176
33.234,0.0054132
33.244,0.0045214
33.254,0.003649
33.264,0.0027923
33.274,0.0019507
33.284,0.0011375
33.294,0.000356
33.304,-0.00039416
33.314,-0.0011142
33.324,-0.0017946
33.334,-0.0024349
33.344,-0.0030362
33.354,-0.0035999
33.364,-0.0041211
33.374,-0.004589
33.384,-0.0050153
33.394,-0.0053883
33.404,-0.0057069
33.414,-0.0059739
33.424,-0.0061933
33.434,-0.0063568
33.444,-0.0064633
33.454,-0.0065019
33.464,-0.0064874
33.474,-0.0064163
33.484,-0.006287
33.494,-0.0060953
33.504,-0.0058381
33.514,-0.0055189
33.524,-0.0051385
33.534,-0.0047015
33.544,-0.0042121
33.554,-0.0036618
33.564,-0.00305
33.574,-0.0023834
33.584,-0.0016577
33.594,-0.00087762
33.604,-5.2114e-005
33.614,0.00083001
33.624,0.0017741
33.634,0.0027662
33.644,0.0037983
33.654,0.0048743
33.664,0.0059941
33.674,0.0071492
33.684,0.0083424
33.694,0.0095764
33.704,0.010846
33.714,0.012137
33.724,0.013461
33.734,0.01481
33.744,0.016179
33.754,0.017558
33.764,0.018958
33.774,0.020386
33.784,0.021823
33.794,0.023256
33.804,0.024694
33.814,0.026142
33.824,0.027597
33.834,0.029053
33.844,0.030503
33.854,0.031946
33.864,0.033378
33.874,0.034787
33.884,0.036182
33.894,0.037566
33.904,0.038925
33.914,0.04025
33.924,0.041559
33.934,0.042854
33.944,0.044113
33.954,0.045344
33.964,0.046548
33.973,0.04771
33.983,0.048835
33.993,0.049929
34.003,0.05099
34.013,0.052011
34.023,0.053003
34.033,0.053946
34.043,0.054846
34.053,0.05571
34.063,0.056538
34.073,0.057317
34.083,0.058055
34.093,0.058748
34.103,0.059386
34.113,0.059975
34.123,0.060521
34.133,0.061027
34.143,0.061485
34.153,0.061895
34.163,0.062247
34.173,0.062546
34.183,0.062794
34.193,0.062997
34.203,0.063154
34.213,0.063265
34.223,0.063324
34.233,0.06333
34.243,0.063286
34.253,0.063206
34.263,0.063081
34.273,0.062908
34.283,0.062693
34.293,0.062441
34.303,0.062149
34.313,0.061809
34.323,0.061425
34.333,0.061003
34.343,0.060545
34.353,0.060042
34.363,0.059503
34.373,0.058933
34.383,0.058329
34.393,0.057692
34.403,0.057028
34.413,0.056339
34.423,0.055608
34.433,0.054848
34.443,0.054062
34.453,0.053244
34.463,0.052401
34.473,0.051535
34.483,0.050656
34.493,0.049755
34.503,0.048837
34.513,0.047895
34.523,0.046927
34.533,0.045926
34.543,0.044901
34.553,0.043857
34.563,0.042797
34.573,0.041717
34.583,0.040616
34.593,0.03951
34.603,0.038379
34.613,0.03723
34.623,0.036066
34.633,0.034889
34.643,0.033696
34.653,0.032492
34.663,0.031285
34.673,0.030058
34.683,0.028817
34.693,0.027554
34.703,0.026279
34.713,0.025002
34.723,0.023713
34.733,0.022408
34.743,0.02109
34.753,0.019766
34.763,0.018429
34.773,0.017095
34.783,0.015745
34.793,0.014389
34.803,0.013041
34.813,0.011689
34.823,0.010343
34.833,0.0090059
34.843,0.0076658
34.853,0.0063379
34.863,0.0050242
34.873,0.0036996
34.883,0.0023618
34.893,0.0010533
34.902,-0.00022291
34.912,-0.0014911
34.922,-0.0027399
34.932,-0.0039706
34.942,-0.0051788
34.952,-0.0063594
34.962,-0.007512
34.972,-0.0086311
34.982,-0.0097168
34.992,-0.010784
35.002,-0.011817
35.012,-0.012819
35.022,-0.013769
35.032,-0.014678
35.042,-0.015534
35.052,-0.016335
35.062,-0.017074
35.072,-0.017753
35.082,-0.018382
35.092,-0.018937
35.102,-0.019429
35.112,-0.019868
35.122,-0.020245
35.132,-0.020547
35.142,-0.020776
35.152,-0.020948
35.162,-0.021053
35.172,-0.021086
35.182,-0.021044
35.192,-0.020917
35.202,-0.020724
35.212,-0.020465
35.222,-0.020142
35.232,-0.019745
35.242,-0.019269
35.252,-0.018728
35.262,-0.018123
35.272,-0.017451
35.282,-0.016704
35.292,-0.015878
35.302,-0.014985
35.312,-0.014019
35.322,-0.01299
35.332,-0.011906
35.342,-0.010756
35.352,-0.0095404
35.362,-0.0082632
35.372,-0.0069355
35.382,-0.0055602
35.392,-0.0041298
35.402,-0.0026602
35.412,-0.0011453
35.422,0.00040802
35.432,0.0020136
35.442,0.0036561
35.452,0.0053198
35.462,0.0070149
35.472,0.0087457
35.482,0.010482
35.492,0.012242
35.502,0.014012
35.512,0.015794
35.522,0.017597
35.532,0.019412
35.542,0.021226
35.552,0.023025
35.562,0.024834
35.572,0.026642
35.582,0.028435
35.592,0.030212
35.602,0.031961
35.612,0.033679
35.622,0.035382
35.632,0.037063
35.642,0.038711
35.652,0.040318
35.662,0.041884
35.672,0.043425
35.682,0.044936
35.692,0.046414
35.702,0.047836
35.712,0.049226
35.722,0.050573
35.732,0.051877
35.742,0.053124
35.752,0.054332
35.762,0.055491
35.772,0.056599
35.782,0.057653
35.792,0.058646
35.802,0.059577
35.812,0.060452
35.822,0.061271
35.831,0.062046
35.841,0.062764
35.851,0.063429
35.861,0.064032
35.871,0.064581
35.881,0.065088
35.891,0.065546
35.901,0.065948
35.911,0.0663
35.921,0.066612
35.931,0.066872
35.941,0.067091
35.951,0.067259
35.961,0.067376
35.971,0.067448
35.981,0.067482
35.991,0.067476
36.001,0.067435
36.011,0.067353
36.021,0.067247
36.031,0.067114
36.041,0.066953
36.051,0.066764
36.061,0.066545
36.071,0.066311
36.081,0.066053
36.091,0.065771
36.101,0.065467
36.111,0.065137
36.121,0.064793
36.131,0.064439
36.141,0.064073
36.151,0.063684
36.161,0.063288
36.171,0.062885
36.181,0.062479
36.191,0.062062
36.201,0.061637
36.211,0.061204
36.221,0.060756
36.231,0.060302
36.241,0.05985
36.251,0.059391
36.261,0.058923
36.271,0.05846
36.281,0.057995
36.291,0.057525
36.301,0.057052
36.311,0.056571
36.321,0.056091
36.331,0.0556
36.341,0.055101
36.351,0.054606
36.361,0.054112
36.371,0.053609
36.381,0.053101
36.391,0.052597
36.401,0.052077
36.411,0.051562
36.421,0.051042
36.431,0.05051
36.441,0.049972
36.451,0.049436
36.461,0.048897
36.471,0.048341
36.481,0.047779
36.491,0.047208
36.501,0.046626
36.511,0.046038
36.521,0.045445
36.531,0.044837
36.541,0.044214
36.551,0.043587
36.561,0.042949
36.571,0.042291
36.581,0.041608
36.591,0.040908
36.601,0.040189
36.611,0.03945
36.621,0.038689
36.631,0.037921
36.641,0.037124
36.651,0.036307
36.661,0.035471
36.671,0.034627
36.681,0.033768
36.691,0.032881
36.701,0.031979
36.711,0.031074
36.721,0.030155
36.731,0.029218
36.741,0.028267
36.751,0.027305
36.76,0.026326
36.77,0.025347
36.78,0.024353
36.79,0.02335
36.8,0.022327
36.81,0.021305
36.82,0.020266
36.83,0.019223
36.84,0.018171
36.85,0.017121
36.86,0.01608
36.87,0.015036
36.88,0.013993
36.89,0.012955
36.9,0.011917
36.91,0.010887
36.92,0.0098655
36.93,0.0088573
36.94,0.00785
36.95,0.0068472
36.96,0.0058657
36.97,0.0049065
36.98,0.0039664
36.99,0.0030462
37,0.0021408
37.01,0.0012552
37.02,0.00040006
37.03,-0.00042867
37.04,-0.0012221
37.05,-0.0019874
37.06,-0.0027215
37.07,-0.003429
37.08,-0.0040995
37.09,-0.0047339
37.1,-0.0053328
37.11,-0.0058927
37.12,-0.0064112
37.13,-0.0068992
37.14,-0.0073449
37.15,-0.0077497
37.16,-0.0081187
37.17,-0.0084499
37.18,-0.0087462
37.19,-0.0089959
37.2,-0.0092108
37.21,-0.0093875
37.22,-0.009528
37.23,-0.0096262
37.24,-0.0096944
37.25,-0.0097325
37.26,-0.0097299
37.27,-0.0096961
37.28,-0.0096298
37.29,-0.0095317
37.3,-0.0094065
37.31,-0.0092417
37.32,-0.0090423
37.33,-0.0088141
37.34,-0.0085513
37.35,-0.0082561
37.36,-0.0079277
37.37,-0.0075759
37.38,-0.0072048
37.39,-0.0068088
37.4,-0.0063984
37.41,-0.0059596
37.42,-0.0054988
37.43,-0.0050058
37.44,-0.0045017
37.45,-0.0039865
37.46,-0.0034583
37.47,-0.0029021
37.48,-0.0023167
37.49,-0.0017086
37.5,-0.0010904
37.51,-0.00046222
37.52,0.00017412
37.53,0.00082431
37.54,0.0014833
37.55,0.0021465
37.56,0.0028161
37.57,0.0034851
37.58,0.004167
37.59,0.0048518
37.6,0.0055367
37.61,0.0062205
37.62,0.006897
37.63,0.0075687
37.64,0.0082359
37.65,0.0089032
37.66,0.0095653
37.67,0.010223
37.68,0.010876
37.69,0.011517
37.699,0.012157
37.709,0.012788
37.719,0.013412
37.729,0.014015
37.739,0.014616
37.749,0.015208
37.759,0.015781
37.769,0.016336
37.779,0.01687
37.789,0.017398
37.799,0.01791
37.809,0.018396
37.819,0.01886
37.829,0.019301
37.839,0.01972
37.849,0.02012
37.859,0.020493
37.869,0.020844
37.879,0.021177
37.889,0.021481
37.899,0.021759
37.909,0.022009
37.919,0.022234
37.929,0.022427
37.939,0.022601
37.949,0.022738
37.959,0.022838
37.969,0.022914
37.979,0.022966
37.989,0.022986
37.999,0.022983
38.009,0.022952
38.019,0.022898
38.029,0.02281
38.039,0.022693
38.049,0.022547
38.059,0.022366
38.069,0.022152
38.079,0.021914
38.089,0.021639
38.099,0.021324
38.109,0.020982
38.119,0.020614
38.129,0.020213
38.139,0.019783
38.149,0.019326
38.159,0.018828
38.169,0.018307
38.179,0.017758
38.189,0.017185
38.199,0.016593
38.209,0.015963
38.219,0.015304
38.229,0.014619
38.239,0.013902
38.249,0.013162
38.259,0.012388
38.269,0.011597
38.279,0.010775
38.289,0.0099376
38.299,0.0090711
38.309,0.0081864
38.319,0.0072794
38.329,0.0063475
38.339,0.0053948
38.349,0.0044152
38.359,0.0034065
38.369,0.0023778
38.379,0.0013295
38.389,0.00027393
38.399,-0.00080283
38.409,-0.0018904
38.419,-0.0029818
38.429,-0.0040768
38.439,-0.0052033
38.449,-0.0063465
38.459,-0.0074918
38.469,-0.0086386
38.479,-0.0097812
38.489,-0.010926
38.499,-0.012084
38.509,-0.013237
38.519,-0.01438
38.529,-0.015508
38.539,-0.016643
38.549,-0.01777
38.559,-0.018878
38.569,-0.019973
38.579,-0.021051
38.589,-0.022117
38.599,-0.023157
38.609,-0.024174
38.619,-0.025176
38.628,-0.026154
38.638,-0.027092
38.648,-0.028003
38.658,-0.028878
38.668,-0.029715
38.678,-0.030513
38.688,-0.031282
38.698,-0.032013
38.708,-0.032696
38.718,-0.033342
38.728,-0.033941
38.738,-0.034495
38.748,-0.035004
38.758,-0.035448
38.768,-0.035844
38.778,-0.036196
38.788,-0.036503
38.798,-0.036757
38.808,-0.036962
38.818,-0.037112
38.828,-0.037212
38.838,-0.037259
38.848,-0.037247
38.858,-0.037169
38.868,-0.037035
38.878,-0.036851
38.888,-0.03661
38.898,-0.036311
38.908,-0.035963
38.918,-0.035561
38.928,-0.035104
38.938,-0.034594
38.948,-0.034045
38.958,-0.03343
38.968,-0.032775
38.978,-0.032077
38.988,-0.031334
38.998,-0.030536
39.008,-0.029689
39.018,-0.028803
39.028,-0.027869
39.038,-0.026898
39.048,-0.025885
39.058,-0.024836
39.068,-0.02375
39.078,-0.022635
39.088,-0.021477
39.098,-0.020287
39.108,-0.019063
39.118,-0.017814
39.128,-0.016528
39.138,-0.01522
39.148,-0.013895
39.158,-0.012524
39.168,-0.011135
39.178,-0.0097449
39.188,-0.0083328
39.198,-0.0069007
39.208,-0.0054583
39.218,-0.0039953
39.228,-0.0025385
39.238,-0.0010708
39.248,0.00040427
39.258,0.0018775
39.268,0.0033535
39.278,0.0048131
39.288,0.0062751
39.298,0.0077351
39.308,0.009179
39.318,0.010609
39.328,0.012052
39.338,0.013468
39.348,0.014868
39.358,0.016251
39.368,0.017621
39.378,0.018979
39.388,0.020326
39.398,0.021647
39.408,0.02293
39.418,0.024185
39.428,0.025417
39.438,0.02662
39.448,0.027783
39.458,0.028901
39.468,0.02999
39.478,0.031047
39.488,0.032063
39.498,0.03304
39.508,0.033978
39.518,0.034871
39.528,0.035727
39.538,0.03654
39.548,0.037304
39.557,0.038023
39.567,0.038698
39.577,0.039318
39.587,0.03989
39.597,0.040419
39.607,0.040903
39.617,0.041328
39.627,0.041699
39.637,0.04202
39.647,0.042284
39.657,0.042487
39.667,0.042647
39.677,0.042767
39.687,0.042832
39.697,0.042852
39.707,0.042822
39.717,0.042749
39.727,0.04263
39.737,0.042482
39.747,0.042292
39.757,0.04205
39.767,0.041759
39.777,0.041426
39.787,0.041048
39.797,0.04063
39.807,0.040173
39.817,0.039676
39.827,0.039138
39.837,0.038554
39.847,0.037935
39.857,0.037294
39.867,0.036611
39.877,0.035889
39.887,0.035133
39.897,0.034351
39.907,0.033538
39.917,0.032703
39.927,0.031859
39.937,0.030996
39.947,0.030099
39.957,0.029197
39.967,0.02828
39.977,0.027338
39.987,0.026377
39.997,0.025389
40.007,0.024389
40.017,0.023385
40.027,0.022371
40.037,0.021356
40.047,0.020343
40.057,0.019331
40.067,0.018323
40.077,0.017317
40.087,0.016323
40.097,0.015323
40.107,0.014339
40.117,0.013356
40.127,0.012383
40.137,0.01142
40.147,0.010469
40.157,0.0095218
40.167,0.0085943
40.177,0.0076981
40.187,0.006825
40.197,0.0059749
40.207,0.0051489
40.217,0.0043582
40.227,0.003602
40.237,0.0028763
40.247,0.0021634
40.257,0.0014922
40.267,0.00083864
40.277,0.00021515
40.287,-0.00036482
40.297,-0.00091375
40.307,-0.0014314
40.317,-0.0019001
40.327,-0.0023327
40.337,-0.0027345
40.347,-0.0030828
40.357,-0.0033969
40.367,-0.0036672
40.377,-0.0038859
40.387,-0.0040594
40.397,-0.0041875
40.407,-0.004279
40.417,-0.0043269
40.427,-0.0043202
40.437,-0.0042695
40.447,-0.0041963
40.457,-0.0040806
40.467,-0.0039225
40.477,-0.0037182
40.486,-0.0034646
40.496,-0.0031653
40.506,-0.0028226
40.516,-0.0024389
40.526,-0.0020125
40.536,-0.0015528
40.546,-0.0010639
40.556,-0.00053473
40.566,2.1233e-005
40.576,0.0006169
40.586,0.0012505
40.596,0.0019091
40.606,0.0025897
40.616,0.0033108
40.626,0.0040651
40.636,0.0048401
40.646,0.0056286
40.656,0.0064383
40.666,0.0072809
40.676,0.0081467
40.686,0.0090446
40.696,0.0099543
40.706,0.010879
40.716,0.011817
40.726,0.012781
40.736,0.013749
40.746,0.014728
40.756,0.015731
40.766,0.016759
40.776,0.017791
40.786,0.018822
40.796,0.01985
40.806,0.020887
40.816,0.021929
40.826,0.02298
40.836,0.024038
40.846,0.02509
40.856,0.026142
40.866,0.027189
40.876,0.028227
40.886,0.029261
40.896,0.030286
40.906,0.031306
40.916,0.032308
40.926,0.033298
40.936,0.034274
40.946,0.03524
40.956,0.036188
40.966,0.037117
40.976,0.038035
40.986,0.038952
40.996,0.039869
41.006,0.040754
41.016,0.041609
41.026,0.042449
41.036,0.043282
41.046,0.044088
41.056,0.044884
41.066,0.045659
41.076,0.046427
41.086,0.047169
41.096,0.0479
41.106,0.048607
41.116,0.049287
41.126,0.049951
41.136,0.050593
41.146,0.05122
41.156,0.05183
41.166,0.052413
41.176,0.052967
41.186,0.053496
41.196,0.054
41.206,0.054482
41.216,0.054945
41.226,0.055376
41.236,0.055776
41.246,0.05616
41.256,0.056516
41.266,0.056847
41.276,0.057157
41.286,0.057445
41.296,0.057718
41.306,0.057975
41.316,0.058195
41.326,0.058402
41.336,0.058591
41.346,0.05874
41.356,0.058875
41.366,0.058989
41.376,0.059086
41.386,0.059163
41.396,0.05922
41.406,0.059259
41.415,0.059284
41.425,0.059279
41.435,0.059247
41.445,0.059192
41.455,0.05913
41.465,0.059067
41.475,0.058967
41.485,0.058848
41.495,0.058703
41.505,0.058548
41.515,0.058383
41.525,0.058199
41.535,0.057984
41.545,0.057762
41.555,0.057537
41.565,0.057296
41.575,0.057034
41.585,0.056772
41.595,0.05649
41.605,0.056198
41.615,0.055902
41.625,0.0556
41.635,0.055287
41.645,0.05496
41.655,0.054611
41.665,0.054246
41.675,0.053892
41.685,0.05353
41.695,0.053157
41.705,0.052774
41.715,0.052383
41.725,0.051997
41.735,0.051603
41.745,0.051199
41.755,0.050787
41.765,0.05038
41.775,0.049964
41.785,0.049542
41.795,0.049115
41.805,0.048677
41.815,0.048252
41.825,0.047837
41.835,0.047417
41.845,0.046985
41.855,0.046546
41.865,0.046125
41.875,0.045703
41.885,0.045275
41.895,0.044855
41.905,0.04443
41.915,0.044008
41.925,0.043581
41.935,0.04315
41.945,0.042727
41.955,0.042308
41.965,0.041897
41.975,0.041493
41.985,0.041087
41.995,0.040683
42.005,0.040278
42.015,0.039878
42.025,0.039482
42.035,0.039089
42.045,0.038691
42.055,0.0383
42.065,0.037913
42.075,0.037539
42.085,0.03716
42.095,0.036793
42.105,0.036436
42.115,0.036074
42.125,0.035721
42.135,0.035381
42.145,0.035045
42.155,0.034711
42.165,0.034389
42.175,0.03407
42.185,0.033752
42.195,0.033432
42.205,0.033122
42.215,0.032829
42.225,0.032551
42.235,0.032266
42.245,0.031995
42.255,0.031743
42.265,0.031497
42.275,0.03124
42.285,0.030984
42.295,0.03073
42.305,0.030479
42.315,0.030249
42.325,0.030019
42.335,0.029785
42.344,0.029561
42.354,0.02933
42.364,0.029104
42.374,0.028893
42.384,0.028689
42.394,0.028484
42.404,0.028291
42.414,0.028107
42.424,0.027931
42.434,0.02775
42.444,0.027569
42.454,0.027404
42.464,0.027245
42.474,0.027086
42.484,0.026935
42.494,0.026802
42.504,0.02667
42.514,0.026558
42.524,0.026455
42.534,0.026364
42.544,0.02627
42.554,0.026193
42.564,0.026134
42.574,0.026084
42.584,0.026038
42.594,0.026005
42.604,0.02599
42.614,0.025984
42.624,0.025992
42.634,0.026026
42.644,0.026068
42.654,0.026122
42.664,0.026203
42.674,0.026304
42.684,0.026425
42.694,0.026567
42.704,0.026725
42.714,0.02691
42.724,0.027105
42.734,0.027332
42.744,0.027584
42.754,0.027858
42.764,0.028156
42.774,0.028484
42.784,0.028834
42.794,0.029216
42.804,0.029624
42.814,0.03006
42.824,0.030528
42.834,0.031019
42.844,0.031533
42.854,0.032051
42.864,0.032594
42.874,0.033168
42.884,0.033758
42.894,0.034371
42.904,0.035002
42.914,0.03564
42.924,0.036301
42.934,0.036975
42.944,0.037665
42.954,0.038376
42.964,0.0391
42.974,0.03983
42.984,0.040568
42.994,0.041314
43.004,0.042075
43.014,0.042836
43.024,0.043602
43.034,0.044378
43.044,0.045153
43.054,0.045933
43.064,0.046701
43.074,0.047458
43.084,0.048217
43.094,0.048983
43.104,0.049719
43.114,0.050444
43.124,0.051167
43.134,0.051866
43.144,0.052548
43.154,0.053222
43.164,0.053869
43.174,0.054496
43.184,0.05509
43.194,0.055664
43.204,0.056215
43.214,0.056719
43.224,0.0572
43.234,0.05765
43.244,0.058067
43.254,0.058449
43.264,0.058807
43.274,0.059133
43.283,0.059426
43.293,0.059682
43.303,0.059903
43.313,0.060085
43.323,0.060245
43.333,0.060363
43.343,0.060432
43.353,0.060468
43.363,0.060473
43.373,0.060426
43.383,0.060344
43.393,0.060221
43.403,0.060054
43.413,0.05985
43.423,0.059619
43.433,0.059357
43.443,0.05904
43.453,0.058684
43.463,0.058307
43.473,0.057886
43.483,0.057409
43.493,0.056891
43.503,0.056357
43.513,0.055784
43.523,0.055171
43.533,0.054525
43.543,0.053852
43.553,0.053138
43.563,0.052399
43.573,0.051641
43.583,0.05085
43.593,0.050039
43.603,0.049196
43.613,0.048337
43.623,0.047449
43.633,0.046546
43.643,0.045618
43.653,0.04465
43.663,0.043655
43.673,0.042655
43.683,0.041629
43.693,0.040595
43.703,0.039537
43.713,0.038474
43.723,0.037389
43.733,0.036296
43.743,0.035191
43.753,0.034082
43.763,0.03296
43.773,0.03185
43.783,0.030742
43.793,0.029633
43.803,0.028517
43.813,0.027424
43.823,0.02634
43.833,0.025242
43.843,0.024124
43.853,0.023038
43.863,0.021954
43.873,0.020893
43.883,0.019858
43.893,0.018835
43.903,0.017807
43.913,0.016797
43.923,0.015825
43.933,0.014868
43.943,0.013932
43.953,0.013009
43.963,0.012121
43.973,0.011271
43.983,0.010438
43.993,0.009635
44.003,0.0088589
44.013,0.008113
44.023,0.007389
44.033,0.0066886
44.043,0.0060305
44.053,0.0054257
44.063,0.0048578
44.073,0.0043317
44.083,0.003829
44.093,0.0033779
44.103,0.0029507
44.113,0.002553
44.123,0.0021902
44.133,0.0018782
44.143,0.001603
44.153,0.0013577
44.163,0.0011683
44.173,0.0010057
44.183,0.00087552
44.193,0.00079122
44.203,0.00074415
44.212,0.00073348
44.222,0.00076543
44.232,0.00083592
44.242,0.00094517
44.252,0.0010899
44.262,0.0012665
44.272,0.0014744
44.282,0.0017261
44.292,0.0020195
44.302,0.0023569
44.312,0.0027202
44.322,0.0031344
44.332,0.0035768
44.342,0.0040545
44.352,0.0045777
44.362,0.0051281
44.372,0.0057076
44.382,0.0063281
44.392,0.0069775
44.402,0.007659
44.412,0.008362
44.422,0.0091047
44.432,0.009867
44.442,0.01065
44.452,0.011462
44.462,0.012314
44.472,0.013183
44.482,0.014068
44.492,0.01497
44.502,0.015892
44.512,0.016811
44.522,0.017752
44.532,0.018702
44.542,0.019668
44.552,0.020652
44.562,0.021647
44.572,0.022636
44.582,0.023607
44.592,0.024594
44.602,0.025597
44.612,0.026575
44.622,0.027547
44.632,0.028509
44.642,0.029468
44.652,0.030393
44.662,0.031298
44.672,0.032168
44.682,0.033018
44.692,0.033827
44.702,0.034606
44.712,0.035363
44.722,0.036091
44.732,0.036777
44.742,0.037419
44.752,0.038022
44.762,0.038587
44.772,0.039094
44.782,0.039566
44.792,0.039983
44.802,0.04034
44.812,0.040656
44.822,0.040925
44.832,0.041138
44.842,0.041295
44.852,0.041395
44.862,0.041437
44.872,0.041417
44.882,0.041347
44.892,0.041223
44.902,0.041018
44.912,0.040758
44.922,0.040436
44.932,0.040053
44.942,0.039612
44.952,0.039098
44.962,0.038532
44.972,0.037889
44.982,0.037165
44.992,0.036409
45.002,0.035592
45.012,0.034719
45.022,0.033772
45.032,0.03276
45.042,0.031698
45.052,0.030595
45.062,0.02944
45.072,0.028237
45.082,0.026989
45.092,0.025708
45.102,0.024392
45.112,0.023039
45.122,0.021654
45.132,0.020232
45.141,0.018773
45.151,0.017276
45.161,0.015756
45.171,0.01419
45.181,0.012611
45.191,0.011007
45.201,0.0093839
45.211,0.0077307
45.221,0.0060789
45.231,0.0043958
45.241,0.0026967
45.251,0.0010108
45.261,-0.00069956
45.271,-0.0024183
45.281,-0.0041209
45.291,-0.0058354
45.301,-0.0075453
45.311,-0.00925
45.321,-0.010957
45.331,-0.012636
45.341,-0.014313
45.351,-0.015999
45.361,-0.017688
45.371,-0.019348
45.381,-0.020983
45.391,-0.022609
45.401,-0.024221
45.411,-0.025794
45.421,-0.027343
45.431,-0.028893
45.441,-0.030381
45.451,-0.031864
45.461,-0.033316
45.471,-0.034732
45.481,-0.036101
45.491,-0.037459
45.501,-0.03878
45.511,-0.040062
45.521,-0.041305
45.531,-0.042519
45.541,-0.043681
45.551,-0.044814
45.561,-0.045914
45.571,-0.046957
45.581,-0.047974
45.591,-0.048947
45.601,-0.049893
45.611,-0.050801
45.621,-0.051677
45.631,-0.052527
45.641,-0.053344
45.651,-0.054127
45.661,-0.054867
45.671,-0.055579
45.681,-0.056239
45.691,-0.056875
45.701,-0.057484
45.711,-0.058061
45.721,-0.058598
45.731,-0.059101
45.741,-0.059579
45.751,-0.060008
45.761,-0.060415
45.771,-0.060801
45.781,-0.061158
45.791,-0.061478
45.801,-0.061763
45.811,-0.062028
45.821,-0.062264
45.831,-0.062469
45.841,-0.062651
45.851,-0.062827
45.861,-0.062985
45.871,-0.063132
45.881,-0.063264
45.891,-0.063388
45.901,-0.063479
45.911,-0.06354
45.921,-0.063574
45.931,-0.063593
45.941,-0.063595
45.951,-0.063577
45.961,-0.063549
45.971,-0.06351
45.981,-0.063462
45.991,-0.063398
46.001,-0.063324
46.011,-0.063224
46.021,-0.063114
46.031,-0.062986
46.041,-0.062854
46.051,-0.062696
46.061,-0.062515
46.07,-0.062321
46.08,-0.06211
46.09,-0.061892
46.1,-0.061657
46.11,-0.061416
46.12,-0.061159
46.13,-0.060883
46.14,-0.060588
46.15,-0.060266
46.16,-0.059941
46.17,-0.059611
46.18,-0.059264
46.19,-0.0589
46.2,-0.05853
46.21,-0.058151
46.22,-0.057758
46.23,-0.057346
46.24,-0.056913
46.25,-0.056471
46.26,-0.05603
46.27,-0.055597
46.28,-0.055132
46.29,-0.054657
46.3,-0.054183
46.31,-0.053718
46.32,-0.05323
46.33,-0.052734
46.34,-0.052228
46.35,-0.051693
46.36,-0.051155
46.37,-0.050635
46.38,-0.050097
46.39,-0.04957
46.4,-0.049043
46.41,-0.048541
46.42,-0.048059
46.43,-0.047567
46.44,-0.047106
46.45,-0.046654
46.46,-0.046199
46.47,-0.045746
46.48,-0.045327
46.49,-0.044908
46.5,-0.044497
46.51,-0.044098
46.52,-0.043726
46.53,-0.043381
46.54,-0.043058
46.55,-0.04274
46.56,-0.042448
46.57,-0.042171
46.58,-0.041904
46.59,-0.041677
46.6,-0.041465
46.61,-0.041273
46.62,-0.0411
46.63,-0.040949
46.64,-0.040815
46.65,-0.040728
46.66,-0.040664
46.67,-0.040633
46.68,-0.040649
46.69,-0.040676
46.7,-0.040741
46.71,-0.040831
46.72,-0.040965
46.73,-0.041123
46.74,-0.0413
46.75,-0.041494
46.76,-0.041712
46.77,-0.041954
46.78,-0.042231
46.79,-0.042529
46.8,-0.042859
46.81,-0.043214
46.82,-0.043594
46.83,-0.043994
46.84,-0.044407
46.85,-0.044832
46.86,-0.045296
46.87,-0.045773
46.88,-0.046267
46.89,-0.046773
46.9,-0.047293
46.91,-0.047826
46.92,-0.048364
46.93,-0.04889
46.94,-0.049441
46.95,-0.049985
46.96,-0.050537
46.97,-0.051072
46.98,-0.051598
46.99,-0.052148
46.999,-0.052698
47.009,-0.05323
47.019,-0.053757
47.029,-0.05428
47.039,-0.054809
47.049,-0.055316
47.059,-0.055818
47.069,-0.0563
47.079,-0.056784
47.089,-0.057267
47.099,-0.057758
47.109,-0.058219
47.119,-0.058663
47.129,-0.059089
47.139,-0.059478
47.149,-0.059853
47.159,-0.060233
47.169,-0.060579
47.179,-0.060915
47.189,-0.061237
47.199,-0.061534
47.209,-0.061831
47.219,-0.062104
47.229,-0.062359
47.239,-0.062606
47.249,-0.06284
47.259,-0.063061
47.269,-0.063274
47.279,-0.063484
47.289,-0.063665
47.299,-0.063839
47.309,-0.064012
47.319,-0.064177
47.329,-0.064337
47.339,-0.06448
47.349,-0.064604
47.359,-0.064719
47.369,-0.06483
47.379,-0.064931
47.389,-0.065049
47.399,-0.065157
47.409,-0.065265
47.419,-0.065372
47.429,-0.065473
47.439,-0.065576
47.449,-0.065677
47.459,-0.065776
47.469,-0.065875
47.479,-0.065984
47.489,-0.066104
47.499,-0.066224
47.509,-0.066337
47.519,-0.066453
47.529,-0.066576
47.539,-0.066698
47.549,-0.066828
47.559,-0.066948
47.569,-0.067073
47.579,-0.06719
47.589,-0.067313
47.599,-0.067434
47.609,-0.067565
47.619,-0.067693
47.629,-0.067811
47.639,-0.067926
47.649,-0.068042
47.659,-0.068123
47.669,-0.068206
47.679,-0.068302
47.689,-0.068383
47.699,-0.068424
47.709,-0.068462
47.719,-0.068496
47.729,-0.068506
47.739,-0.068489
47.749,-0.068442
47.759,-0.068378
47.769,-0.068293
47.779,-0.068199
47.789,-0.068102
47.799,-0.067969
47.809,-0.067802
47.819,-0.067585
47.829,-0.067334
47.839,-0.067037
47.849,-0.06669
47.859,-0.066301
47.869,-0.065849
47.879,-0.06537
47.889,-0.064848
47.899,-0.064282
47.909,-0.063686
47.919,-0.063075
47.928,-0.062394
47.938,-0.061667
47.948,-0.060877
47.958,-0.060033
47.968,-0.05914
47.978,-0.0582
47.988,-0.057209
47.998,-0.056156
48.008,-0.055082
48.018,-0.053949
48.028,-0.052764
48.038,-0.051513
48.048,-0.050237
48.058,-0.048918
48.068,-0.047568
48.078,-0.046196
48.088,-0.044772
48.098,-0.043326
48.108,-0.041824
48.118,-0.040304
48.128,-0.038735
48.138,-0.037143
48.148,-0.03555
48.158,-0.033931
48.168,-0.032243
48.178,-0.030533
48.188,-0.028787
48.198,-0.027047
48.208,-0.025309
48.218,-0.023581
48.228,-0.021884
48.238,-0.02019
48.248,-0.018498
48.258,-0.016801
48.268,-0.015084
48.278,-0.013372
48.288,-0.011688
48.298,-0.010002
48.308,-0.0083157
48.318,-0.0066486
48.328,-0.005034
48.338,-0.0034128
48.348,-0.0018941
48.358,-0.00043309
48.368,0.0010042
48.378,0.0024099
48.388,0.0037703
48.398,0.0051001
48.408,0.0064046
48.418,0.0076505
48.428,0.0088371
48.438,0.0099744
48.448,0.011074
48.458,0.012129
48.468,0.013114
48.478,0.014017
48.488,0.014849
48.498,0.015609
48.508,0.016308
48.518,0.016935
48.528,0.017501
48.538,0.018031
48.548,0.018459
48.558,0.018857
48.568,0.019184
48.578,0.019465
48.588,0.019681
48.598,0.019801
48.608,0.019879
48.618,0.019887
48.628,0.01978
48.638,0.019578
48.648,0.019318
48.658,0.019028
48.668,0.018701
48.678,0.018313
48.688,0.017887
48.698,0.017416
48.708,0.016887
48.718,0.016286
48.728,0.015634
48.738,0.014928
48.748,0.014181
48.758,0.013387
48.768,0.012541
48.778,0.011662
48.788,0.010799
48.798,0.0099263
48.808,0.0090227
48.818,0.0080997
48.828,0.007135
48.838,0.0061188
48.848,0.0050928
48.858,0.0040337
48.867,0.0029687
48.877,0.001906
48.887,0.0008221
48.897,-0.00022347
48.907,-0.0012466
48.917,-0.002263
48.927,-0.0032677
48.937,-0.0042874
48.947,-0.0053227
48.957,-0.0063504
48.967,-0.0073457
48.977,-0.0083569
48.987,-0.0093341
48.997,-0.010331
49.007,-0.011267
49.017,-0.012122
49.027,-0.01294
49.037,-0.013761
49.047,-0.014537
49.057,-0.015297
49.067,-0.016
49.077,-0.016698
49.087,-0.017277
49.097,-0.017848
49.107,-0.018381
49.117,-0.018848
49.127,-0.019294
49.137,-0.019664
49.147,-0.019984
49.157,-0.020237
49.167,-0.020417
49.177,-0.020617
49.187,-0.020696
49.197,-0.020731
49.207,-0.020674
49.217,-0.020676
49.227,-0.020497
49.237,-0.020297
49.247,-0.020093
49.257,-0.019816
49.267,-0.019442
49.277,-0.019012
49.287,-0.018672
49.297,-0.018192
49.307,-0.01777
49.317,-0.017109
49.327,-0.016438
49.337,-0.015777
49.347,-0.014995
49.357,-0.014345
49.367,-0.013584
49.377,-0.012849
49.387,-0.012207
49.397,-0.011301
49.407,-0.010414
49.417,-0.0094858
49.427,-0.0085225
49.437,-0.007571
49.447,-0.0064979
49.457,-0.0055578
49.467,-0.0045589
49.477,-0.0036246
49.487,-0.0025473
49.497,-0.0014693
49.507,-0.00041675
49.517,0.00057067
49.527,0.0016129
49.537,0.0026277
49.547,0.0036999
49.557,0.0048421
49.567,0.0059598
49.577,0.0070614
49.587,0.0082033
49.597,0.009288
49.607,0.010355
49.617,0.011414
49.627,0.012425
49.637,0.01344
49.647,0.014534
49.657,0.015563
49.667,0.016565
49.677,0.017528
49.687,0.018475
49.697,0.019349
49.707,0.020348
49.717,0.021082
49.727,0.021896
49.737,0.022564
49.747,0.023121
49.757,0.023786
49.767,0.024321
49.777,0.024638
49.787,0.025044
49.796,0.025307
49.806,0.02559
49.816,0.025795
49.826,0.025732
49.836,0.025619
49.846,0.02566
49.856,0.025476
49.866,0.025225
49.876,0.024992
49.886,0.02451
49.896,0.023696
49.906,0.022691
49.916,0.019582
49.926,0.011475
49.936,0.0042647
