0,0.025617
0.0099927,0.011031
0.019985,0.0040845
0.029978,0.0036073
0.039971,0.003514
0.049963,0.0034294
0.059956,0.0033032
0.069949,0.003296
0.079941,0.0032716
0.089934,0.0031971
0.099927,0.0031495
0.10992,0.0030302
0.11991,0.0029741
0.1299,0.002889
0.1399,0.0028162
0.14989,0.0026534
0.15988,0.0026445
0.16988,0.002681
0.17987,0.0028037
0.18986,0.0027888
0.19985,0.0028055
0.20985,0.0027382
0.21984,0.002697
0.22983,0.0027124
0.23982,0.002859
0.24982,0.0029593
0.25981,0.0029725
0.2698,0.0029736
0.27979,0.0028367
0.28979,0.0026696
0.29978,0.0025758
0.30977,0.0025715
0.31977,0.0025528
0.32976,0.002581
0.33975,0.0026031
0.34974,0.0025681
0.35974,0.0024491
0.36973,0.0023463
0.37972,0.0023469
0.38971,0.0023313
0.39971,0.0022591
0.4097,0.0022353
0.41969,0.0021512
0.42968,0.0020371
0.43968,0.0018864
0.44967,0.001733
0.45966,0.0016304
0.46966,0.0015737
0.47965,0.0015018
0.48964,0.0014166
0.49963,0.0013852
0.50963,0.0012984
0.51962,0.0011773
0.52961,0.0009982
0.5396,0.00084418
0.5496,0.00076765
0.55959,0.00072919
0.56958,0.00068881
0.57957,0.00063036
0.58957,0.00053695
0.59956,0.00045977
0.60955,0.00035043
0.61955,0.00026723
0.62954,0.00015648
0.63953,8.5564e-005
0.64952,7.3312e-005
0.65952,2.9802e-005
0.66951,1.1414e-005
0.6795,-5.9824e-006
0.68949,-2.5547e-005
0.69949,-0.00012942
0.70948,-0.00020825
0.71947,-0.00033086
0.72946,-0.00039827
0.73946,-0.00046329
0.74945,-0.00045524
0.75944,-0.00049555
0.76944,-0.00055884
0.77943,-0.00058525
0.78942,-0.00060911
0.79941,-0.00074835
0.80941,-0.00084587
0.8194,-0.00093136
0.82939,-0.0010037
0.83938,-0.0011394
0.84938,-0.0012129
0.85937,-0.0012261
0.86936,-0.0012451
0.87936,-0.0012566
0.88935,-0.0012598
0.89934,-0.0013057
0.90933,-0.0014382
0.91933,-0.0015303
0.92932,-0.0016255
0.93931,-0.0017559
0.9493,-0.0018257
0.9593,-0.0018485
0.96929,-0.0018634
0.97928,-0.0018586
0.98927,-0.0018394
0.99927,-0.0018545
1.0093,-0.0019104
1.0193,-0.0020417
1.0292,-0.0021591
1.0392,-0.0021897
1.0492,-0.0022683
1.0592,-0.0023043
1.0692,-0.0023273
1.0792,-0.0022724
1.0892,-0.0022453
1.0992,-0.0022595
1.1092,-0.0021998
1.1192,-0.0021547
1.1292,-0.0021474
1.1392,-0.0022503
1.1492,-0.0023115
1.1591,-0.0023114
1.1691,-0.0023355
1.1791,-0.0023639
1.1891,-0.0023692
1.1991,-0.0023328
1.2091,-0.0022598
1.2191,-0.0022177
1.2291,-0.0021586
1.2391,-0.0020786
1.2491,-0.0019949
1.2591,-0.002
1.2691,-0.0020315
1.2791,-0.0020199
1.2891,-0.0019872
1.299,-0.0019635
1.309,-0.0019364
1.319,-0.0019109
1.329,-0.0018579
1.339,-0.0017679
1.349,-0.001699
1.359,-0.0016018
1.369,-0.0014847
1.379,-0.0013777
1.389,-0.0013257
1.399,-0.0013239
1.409,-0.0012723
1.419,-0.0012049
1.429,-0.0011834
1.4389,-0.0011273
1.4489,-0.0010282
1.4589,-0.00092224
1.4689,-0.00079651
1.4789,-0.00070375
1.4889,-0.00059218
1.4989,-0.00043895
1.5089,-0.00032944
1.5189,-0.0002368
1.5289,-0.00019337
1.5389,-0.00015536
1.5489,-5.6439e-005
1.5589,2.2675e-005
1.5688,8.0214e-005
1.5788,0.00012499
1.5888,0.00022113
1.5988,0.00033707
1.6088,0.00043699
1.6188,0.00054923
1.6288,0.00065193
1.6388,0.00079562
1.6488,0.00092291
1.6588,0.0010304
1.6688,0.0011039
1.6788,0.0011603
1.6888,0.0012255
1.6988,0.0013135
1.7087,0.0013869
1.7187,0.0014442
1.7287,0.0015335
1.7387,0.0016466
1.7487,0.0017727
1.7587,0.0019002
1.7687,0.0020493
1.7787,0.0022022
1.7887,0.0023544
1.7987,0.0025109
1.8087,0.0026285
1.8187,0.0027671
1.8287,0.0028908
1.8387,0.0030237
1.8486,0.0031701
1.8586,0.0032913
1.8686,0.0033846
1.8786,0.0034831
1.8886,0.0036185
1.8986,0.0037671
1.9086,0.003881
1.9186,0.0039983
1.9286,0.0041091
1.9386,0.0042806
1.9486,0.0044593
1.9586,0.0046073
1.9686,0.0047224
1.9785,0.0048278
1.9885,0.0049483
1.9985,0.0050836
2.0085,0.0052582
2.0185,0.0054022
2.0285,0.0055345
2.0385,0.0056551
2.0485,0.0057697
2.0585,0.0059389
2.0685,0.006119
2.0785,0.0062758
2.0885,0.0064508
2.0985,0.0066388
2.1085,0.0068162
2.1184,0.0069753
2.1284,0.0071302
2.1384,0.0072344
2.1484,0.0073181
2.1584,0.0073954
2.1684,0.0075019
2.1784,0.0076271
2.1884,0.0077527
2.1984,0.007902
2.2084,0.0080191
2.2184,0.0081189
2.2284,0.0082378
2.2384,0.0083724
2.2484,0.0085138
2.2583,0.0086662
2.2683,0.0088236
2.2783,0.0089763
2.2883,0.0091417
2.2983,0.0093
2.3083,0.0094416
2.3183,0.0095353
2.3283,0.0096206
2.3383,0.0097102
2.3483,0.0098254
2.3583,0.0099597
2.3683,0.010085
2.3783,0.010215
2.3882,0.010316
2.3982,0.010453
2.4082,0.010581
2.4182,0.010711
2.4282,0.010833
2.4382,0.010971
2.4482,0.011102
2.4582,0.011253
2.4682,0.011439
2.4782,0.011607
2.4882,0.01176
2.4982,0.011894
2.5082,0.012013
2.5182,0.012139
2.5281,0.012268
2.5381,0.012419
2.5481,0.012588
2.5581,0.012743
2.5681,0.012913
2.5781,0.01305
2.5881,0.013204
2.5981,0.013342
2.6081,0.01347
2.6181,0.013585
2.6281,0.013709
2.6381,0.013853
2.6481,0.014044
2.6581,0.014219
2.668,0.01435
2.678,0.014478
2.688,0.014589
2.698,0.014692
2.708,0.014749
2.718,0.014836
2.728,0.014936
2.738,0.015024
2.748,0.015135
2.758,0.015235
2.768,0.015348
2.778,0.015482
2.788,0.015594
2.7979,0.015705
2.8079,0.015803
2.8179,0.015892
2.8279,0.016002
2.8379,0.016157
2.8479,0.016317
2.8579,0.016441
2.8679,0.016539
2.8779,0.016639
2.8879,0.016717
2.8979,0.016787
2.9079,0.016847
2.9179,0.016889
2.9279,0.016931
2.9378,0.016976
2.9478,0.017007
2.9578,0.017049
2.9678,0.017114
2.9778,0.017179
2.9878,0.017232
2.9978,0.017279
3.0078,0.017338
3.0178,0.017375
3.0278,0.017435
3.0378,0.017499
3.0478,0.017556
3.0578,0.017599
3.0678,0.017647
3.0777,0.01771
3.0877,0.01774
3.0977,0.01778
3.1077,0.017818
3.1177,0.017858
3.1277,0.01791
3.1377,0.017959
3.1477,0.017998
3.1577,0.018013
3.1677,0.018035
3.1777,0.018069
3.1877,0.018092
3.1977,0.018123
3.2076,0.01816
3.2176,0.018189
3.2276,0.01821
3.2376,0.018234
3.2476,0.018268
3.2576,0.018306
3.2676,0.018373
3.2776,0.018417
3.2876,0.01846
3.2976,0.018471
3.3076,0.018458
3.3176,0.018444
3.3276,0.01843
3.3376,0.018402
3.3475,0.01837
3.3575,0.018344
3.3675,0.018328
3.3775,0.018328
3.3875,0.018323
3.3975,0.018347
3.4075,0.018362
3.4175,0.018356
3.4275,0.018335
3.4375,0.01832
3.4475,0.018339
3.4575,0.018341
3.4675,0.018333
3.4774,0.018335
3.4874,0.018315
3.4974,0.018302
3.5074,0.018277
3.5174,0.018232
3.5274,0.018181
3.5374,0.018145
3.5474,0.018099
3.5574,0.018057
3.5674,0.017999
3.5774,0.017939
3.5874,0.01791
3.5974,0.017896
3.6074,0.017862
3.6173,0.017828
3.6273,0.017794
3.6373,0.017753
3.6473,0.017711
3.6573,0.01766
3.6673,0.017622
3.6773,0.017587
3.6873,0.017568
3.6973,0.017529
3.7073,0.017468
3.7173,0.017399
3.7273,0.017314
3.7373,0.017203
3.7473,0.017112
3.7572,0.017019
3.7672,0.01695
3.7772,0.016871
3.7872,0.016781
3.7972,0.01669
3.8072,0.016606
3.8172,0.01654
3.8272,0.01648
3.8372,0.016416
3.8472,0.016335
3.8572,0.016227
3.8672,0.01612
3.8772,0.016024
3.8871,0.015924
3.8971,0.015842
3.9071,0.015776
3.9171,0.01571
3.9271,0.015623
3.9371,0.015529
3.9471,0.015441
3.9571,0.015323
3.9671,0.015214
3.9771,0.015086
3.9871,0.014965
3.9971,0.014829
4.0071,0.014697
4.0171,0.014576
4.027,0.014474
4.037,0.014372
4.047,0.014242
4.057,0.014144
4.067,0.014028
4.077,0.013894
4.087,0.013739
4.097,0.013597
4.107,0.013444
4.117,0.013314
4.127,0.013184
4.137,0.013041
4.147,0.012886
4.157,0.012714
4.1669,0.012534
4.1769,0.012343
4.1869,0.012158
4.1969,0.011958
4.2069,0.011763
4.2169,0.011545
4.2269,0.011332
4.2369,0.011114
4.2469,0.010901
4.2569,0.010702
4.2669,0.010484
4.2769,0.01028
4.2869,0.01008
4.2968,0.0098627
4.3068,0.0096294
4.3168,0.0093619
4.3268,0.0090867
4.3368,0.0088124
4.3468,0.0085407
4.3568,0.0082943
4.3668,0.0080388
4.3768,0.0077621
4.3868,0.0074825
4.3968,0.0071872
4.4068,0.0068792
4.4168,0.0065506
4.4268,0.0062235
4.4367,0.005882
4.4467,0.0055385
4.4567,0.0051719
4.4667,0.0047941
4.4767,0.0044314
4.4867,0.0040599
4.4967,0.003688
4.5067,0.0033222
4.5167,0.0029508
4.5267,0.002576
4.5367,0.002185
4.5467,0.0017768
4.5567,0.0013646
4.5667,0.00093825
4.5766,0.00052182
4.5866,8.8451e-005
4.5966,-0.00034892
4.6066,-0.00078487
4.6166,-0.0012195
4.6266,-0.0016463
4.6366,-0.0020753
4.6466,-0.0025045
4.6566,-0.0029136
4.6666,-0.0033295
4.6766,-0.0037493
4.6866,-0.0041706
4.6966,-0.0045885
4.7065,-0.0050003
4.7165,-0.0053934
4.7265,-0.0057684
4.7365,-0.0061209
4.7465,-0.0064374
4.7565,-0.0067404
4.7665,-0.0070544
4.7765,-0.0073589
4.7865,-0.0076608
4.7965,-0.0079439
4.8065,-0.0082392
4.8165,-0.0085283
4.8265,-0.0087999
4.8365,-0.0090413
4.8464,-0.0092503
4.8564,-0.0094138
4.8664,-0.0095348
4.8764,-0.0096179
4.8864,-0.0096735
4.8964,-0.0097244
4.9064,-0.0097411
4.9164,-0.0097137
4.9264,-0.0096592
4.9364,-0.0095628
4.9464,-0.009447
4.9564,-0.0093217
4.9664,-0.0091539
4.9764,-0.0089449
4.9863,-0.0086868
4.9963,-0.0083976
5.0063,-0.0080848
5.0163,-0.0077519
5.0263,-0.0074144
5.0363,-0.0070534
5.0463,-0.0066894
5.0563,-0.0063173
5.0663,-0.005921
5.0763,-0.005485
5.0863,-0.0050056
5.0963,-0.0044978
5.1063,-0.0039511
5.1162,-0.0034052
5.1262,-0.0028313
5.1362,-0.0022471
5.1462,-0.0016515
5.1562,-0.001046
5.1662,-0.00042504
5.1762,0.00020218
5.1862,0.00083827
5.1962,0.0014998
5.2062,0.0021656
5.2162,0.0028606
5.2262,0.0035724
5.2362,0.0042855
5.2462,0.0049924
5.2561,0.0056909
5.2661,0.0064078
5.2761,0.0071142
5.2861,0.0077787
5.2961,0.0084411
5.3061,0.0090981
5.3161,0.0097412
5.3261,0.010377
5.3361,0.01101
5.3461,0.011669
5.3561,0.012314
5.3661,0.012942
5.3761,0.013564
5.386,0.014176
5.396,0.014771
5.406,0.015336
5.416,0.015865
5.426,0.016375
5.436,0.016867
5.446,0.017367
5.456,0.017849
5.466,0.018329
5.476,0.018784
5.486,0.019209
5.496,0.01962
5.506,0.020011
5.516,0.020382
5.5259,0.020747
5.5359,0.021083
5.5459,0.021391
5.5559,0.021667
5.5659,0.021939
5.5759,0.022188
5.5859,0.022426
5.5959,0.02267
5.6059,0.0229
5.6159,0.02313
5.6259,0.023347
5.6359,0.023533
5.6459,0.023699
5.6559,0.023852
5.6658,0.024
5.6758,0.024145
5.6858,0.024274
5.6958,0.024383
5.7058,0.024486
5.7158,0.024599
5.7258,0.024718
5.7358,0.024813
5.7458,0.024895
5.7558,0.024985
5.7658,0.025067
5.7758,0.025136
5.7858,0.025214
5.7957,0.025255
5.8057,0.025259
5.8157,0.025265
5.8257,0.025272
5.8357,0.025268
5.8457,0.025275
5.8557,0.025297
5.8657,0.025333
5.8757,0.025351
5.8857,0.025363
5.8957,0.025386
5.9057,0.025399
5.9157,0.02541
5.9257,0.025425
5.9356,0.025422
5.9456,0.025432
5.9556,0.02544
5.9656,0.025439
5.9756,0.025452
5.9856,0.025451
5.9956,0.025462
6.0056,0.025474
6.0156,0.025488
6.0256,0.025504
6.0356,0.025514
6.0456,0.025518
6.0556,0.025518
6.0656,0.025511
6.0755,0.025494
6.0855,0.025455
6.0955,0.025415
6.1055,0.025393
6.1155,0.025359
6.1255,0.025331
6.1355,0.025309
6.1455,0.025292
6.1555,0.02529
6.1655,0.025282
6.1755,0.025265
6.1855,0.025261
6.1955,0.025263
6.2054,0.025264
6.2154,0.025268
6.2254,0.025262
6.2354,0.025266
6.2454,0.025274
6.2554,0.025282
6.2654,0.025289
6.2754,0.025299
6.2854,0.025321
6.2954,0.025368
6.3054,0.0254
6.3154,0.025422
6.3254,0.02545
6.3354,0.025456
6.3453,0.025475
6.3553,0.025493
6.3653,0.025525
6.3753,0.025576
6.3853,0.025615
6.3953,0.025668
6.4053,0.02573
6.4153,0.02581
6.4253,0.025881
6.4353,0.025961
6.4453,0.026052
6.4553,0.026147
6.4653,0.026227
6.4753,0.026316
6.4852,0.026409
6.4952,0.026524
6.5052,0.026656
6.5152,0.026778
6.5252,0.026899
6.5352,0.027026
6.5452,0.027167
6.5552,0.027296
6.5652,0.027419
6.5752,0.027555
6.5852,0.027704
6.5952,0.027848
6.6052,0.028
6.6151,0.028151
6.6251,0.0283
6.6351,0.02845
6.6451,0.028609
6.6551,0.028759
6.6651,0.028906
6.6751,0.029061
6.6851,0.029234
6.6951,0.029435
6.7051,0.029651
6.7151,0.029859
6.7251,0.030034
6.7351,0.030212
6.7451,0.030423
6.755,0.030635
6.765,0.030841
6.775,0.031048
6.785,0.031249
6.795,0.031436
6.805,0.031609
6.815,0.031788
6.825,0.031963
6.835,0.032144
6.845,0.032319
6.855,0.032477
6.865,0.032639
6.875,0.032776
6.885,0.032906
6.8949,0.033039
6.9049,0.033168
6.9149,0.03328
6.9249,0.033379
6.9349,0.03349
6.9449,0.033576
6.9549,0.033657
6.9649,0.033761
6.9749,0.033882
6.9849,0.033997
6.9949,0.034102
7.0049,0.034196
7.0149,0.03428
7.0248,0.034356
7.0348,0.034431
7.0448,0.034491
7.0548,0.034548
7.0648,0.034615
7.0748,0.03467
7.0848,0.034717
7.0948,0.034765
7.1048,0.034811
7.1148,0.034858
7.1248,0.034898
7.1348,0.034944
7.1448,0.034989
7.1548,0.035023
7.1647,0.035043
7.1747,0.035061
7.1847,0.035068
7.1947,0.035065
7.2047,0.03505
7.2147,0.035039
7.2247,0.035033
7.2347,0.035027
7.2447,0.035036
7.2547,0.035041
7.2647,0.035031
7.2747,0.035026
7.2847,0.035004
7.2946,0.034992
7.3046,0.034988
7.3146,0.034984
7.3246,0.034987
7.3346,0.034967
7.3446,0.034921
7.3546,0.034869
7.3646,0.034807
7.3746,0.034764
7.3846,0.034675
7.3946,0.03457
7.4046,0.03446
7.4146,0.034303
7.4246,0.034159
7.4345,0.03401
7.4445,0.033854
7.4545,0.033727
7.4645,0.033543
7.4745,0.03337
7.4845,0.033202
7.4945,0.033025
7.5045,0.032802
7.5145,0.032574
7.5245,0.032331
7.5345,0.032084
7.5445,0.031802
7.5545,0.0315
7.5645,0.031177
7.5744,0.030855
7.5844,0.030527
7.5944,0.030203
7.6044,0.029866
7.6144,0.029505
7.6244,0.029116
7.6344,0.028709
7.6444,0.028258
7.6544,0.027812
7.6644,0.027384
7.6744,0.026926
7.6844,0.026467
7.6944,0.025981
7.7043,0.025484
7.7143,0.024985
7.7243,0.024482
7.7343,0.023952
7.7443,0.02343
7.7543,0.022886
7.7643,0.022346
7.7743,0.0218
7.7843,0.02126
7.7943,0.020692
7.8043,0.020109
7.8143,0.019524
7.8243,0.018943
7.8343,0.01834
7.8442,0.017726
7.8542,0.01711
7.8642,0.016489
7.8742,0.015884
7.8842,0.015275
7.8942,0.014649
7.9042,0.014006
7.9142,0.013375
7.9242,0.012738
7.9342,0.012081
7.9442,0.011386
7.9542,0.010663
7.9642,0.0099135
7.9742,0.0091555
7.9841,0.0083638
7.9941,0.0075516
8.0041,0.0067276
8.0141,0.0058685
8.0241,0.0049621
8.0341,0.004006
8.0441,0.0029946
8.0541,0.0019316
8.0641,0.00081343
8.0741,-0.00036217
8.0841,-0.0015879
8.0941,-0.0028607
8.1041,-0.0041957
8.114,-0.0055879
8.124,-0.0070479
8.134,-0.0085792
8.144,-0.010195
8.154,-0.011887
8.164,-0.013656
8.174,-0.01551
8.184,-0.017442
8.194,-0.019476
8.204,-0.021582
8.214,-0.023786
8.224,-0.026096
8.234,-0.028516
8.244,-0.031039
8.2539,-0.033665
8.2639,-0.036388
8.2739,-0.039198
8.2839,-0.042097
8.2939,-0.045087
8.3039,-0.048181
8.3139,-0.051377
8.3239,-0.054646
8.3339,-0.057993
8.3439,-0.061397
8.3539,-0.064856
8.3639,-0.068383
8.3739,-0.071934
8.3839,-0.075504
8.3938,-0.079103
8.4038,-0.082729
8.4138,-0.08634
8.4238,-0.089901
8.4338,-0.093436
8.4438,-0.096934
8.4538,-0.10039
8.4638,-0.10378
8.4738,-0.1071
8.4838,-0.11033
8.4938,-0.11346
8.5038,-0.11646
8.5138,-0.11932
8.5237,-0.12203
8.5337,-0.12456
8.5437,-0.12689
8.5537,-0.12902
8.5637,-0.13095
8.5737,-0.13265
8.5837,-0.13409
8.5937,-0.13526
8.6037,-0.13614
8.6137,-0.13673
8.6237,-0.13701
8.6337,-0.137
8.6437,-0.13668
8.6537,-0.13604
8.6636,-0.13505
8.6736,-0.13374
8.6836,-0.1321
8.6936,-0.13013
8.7036,-0.12783
8.7136,-0.1252
8.7236,-0.12223
8.7336,-0.11895
8.7436,-0.11532
8.7536,-0.11139
8.7636,-0.1072
8.7736,-0.10272
8.7836,-0.097928
8.7936,-0.092887
8.8035,-0.087584
8.8135,-0.081992
8.8235,-0.076256
8.8335,-0.07035
8.8435,-0.064275
8.8535,-0.058064
8.8635,-0.051745
8.8735,-0.045312
8.8835,-0.038783
8.8935,-0.03221
8.9035,-0.025608
8.9135,-0.018944
8.9235,-0.012325
8.9334,-0.0057236
8.9434,0.00082305
8.9534,0.0072407
8.9634,0.013571
8.9734,0.019803
8.9834,0.025857
8.9934,0.031766
9.0034,0.037461
9.0134,0.042937
9.0234,0.048153
9.0334,0.053134
9.0434,0.057872
9.0534,0.06235
9.0634,0.066533
9.0733,0.070406
9.0833,0.073975
9.0933,0.077224
9.1033,0.080189
9.1133,0.082864
9.1233,0.085216
9.1333,0.087254
9.1433,0.088987
9.1533,0.090414
9.1633,0.091543
9.1733,0.092362
9.1833,0.092896
9.1933,0.093154
9.2033,0.093156
9.2132,0.092921
9.2232,0.09245
9.2332,0.091742
9.2432,0.090803
9.2532,0.089658
9.2632,0.08832
9.2732,0.086815
9.2832,0.085151
9.2932,0.083346
9.3032,0.081431
9.3132,0.079415
9.3232,0.077299
9.3332,0.075102
9.3431,0.07286
9.3531,0.07058
9.3631,0.068276
9.3731,0.065959
9.3831,0.063642
9.3931,0.061314
9.4031,0.059014
9.4131,0.056746
9.4231,0.054537
9.4331,0.052395
9.4431,0.050327
9.4531,0.048353
9.4631,0.046461
9.4731,0.044665
9.483,0.042968
9.493,0.041393
9.503,0.039933
9.513,0.038599
9.523,0.037416
9.533,0.036363
9.543,0.035441
9.553,0.034652
9.563,0.033982
9.573,0.033431
9.583,0.033011
9.593,0.03271
9.603,0.032511
9.6129,0.032402
9.6229,0.032388
9.6329,0.032462
9.6429,0.032611
9.6529,0.032841
9.6629,0.033132
9.6729,0.03347
9.6829,0.033845
9.6929,0.034226
9.7029,0.034605
9.7129,0.034978
9.7229,0.03534
9.7329,0.035671
9.7429,0.035964
9.7528,0.036215
9.7628,0.036412
9.7728,0.036541
9.7828,0.036578
9.7928,0.036521
9.8028,0.036356
9.8128,0.036079
9.8228,0.035681
9.8328,0.035171
9.8428,0.034539
9.8528,0.033777
9.8628,0.03288
9.8728,0.031849
9.8828,0.030654
9.8927,0.029303
9.9027,0.027813
9.9127,0.026172
9.9227,0.024374
9.9327,0.022427
9.9427,0.020344
9.9527,0.018116
9.9627,0.015766
9.9727,0.013304
9.9827,0.010744
9.9927,0.0081027
10.003,0.0053604
10.013,0.0025546
10.023,-0.00027709
10.033,-0.0031263
10.043,-0.0059838
10.053,-0.0088356
10.063,-0.011654
10.073,-0.014426
10.083,-0.017132
10.093,-0.019758
10.103,-0.022283
10.113,-0.024693
10.123,-0.026958
10.133,-0.029037
10.143,-0.030921
10.153,-0.032586
10.163,-0.034018
10.173,-0.035194
10.183,-0.036122
10.193,-0.03677
10.203,-0.037114
10.213,-0.037147
10.223,-0.036859
10.232,-0.036212
10.242,-0.035229
10.252,-0.033904
10.262,-0.032221
10.272,-0.03017
10.282,-0.027763
10.292,-0.024974
10.302,-0.021831
10.312,-0.018338
10.322,-0.014467
10.332,-0.010263
10.342,-0.0057258
10.352,-0.00085229
10.362,0.0043461
10.372,0.009846
10.382,0.01567
10.392,0.021806
10.402,0.028176
10.412,0.034781
10.422,0.041604
10.432,0.048635
10.442,0.055872
10.452,0.06329
10.462,0.070822
10.472,0.078458
10.482,0.086194
10.492,0.093996
10.502,0.10183
10.512,0.1097
10.522,0.11758
10.532,0.12538
10.542,0.13315
10.552,0.14091
10.562,0.14861
10.572,0.15617
10.582,0.16363
10.592,0.17098
10.602,0.17809
10.612,0.18509
10.622,0.19193
10.632,0.19857
10.642,0.20497
10.652,0.21117
10.662,0.21713
10.672,0.22285
10.682,0.22833
10.692,0.23353
10.702,0.2385
10.712,0.24323
10.722,0.24773
10.732,0.25197
10.742,0.25597
10.752,0.25971
10.762,0.26321
10.772,0.26648
10.782,0.26952
10.792,0.27235
10.802,0.27499
10.812,0.27744
10.822,0.27971
10.832,0.28181
10.842,0.28376
10.852,0.28554
10.862,0.28717
10.872,0.28867
10.882,0.29008
10.892,0.29138
10.902,0.29257
10.912,0.29367
10.922,0.29471
10.932,0.29567
10.942,0.29657
10.952,0.2974
10.962,0.29818
10.972,0.29892
10.982,0.29963
10.992,0.30034
11.002,0.30099
11.012,0.30163
11.022,0.30226
11.032,0.30286
11.042,0.30346
11.052,0.30404
11.062,0.30459
11.072,0.30515
11.082,0.30571
11.092,0.30624
11.102,0.30676
11.112,0.30725
11.122,0.30774
11.132,0.30822
11.142,0.30864
11.152,0.30907
11.162,0.30943
11.172,0.30979
11.182,0.31009
11.192,0.31035
11.202,0.31061
11.212,0.31085
11.222,0.31104
11.232,0.31117
11.242,0.31123
11.252,0.31121
11.262,0.31111
11.272,0.31093
11.282,0.31068
11.292,0.31035
11.302,0.30988
11.312,0.30937
11.322,0.30863
11.332,0.30778
11.342,0.30679
11.352,0.30568
11.362,0.30435
11.372,0.30304
11.382,0.30151
11.392,0.29972
11.402,0.2979
11.412,0.29598
11.422,0.29391
11.432,0.2917
11.442,0.28932
11.452,0.28667
11.462,0.28409
11.472,0.28131
11.482,0.27842
11.492,0.27508
11.502,0.27184
11.512,0.26846
11.522,0.26474
11.532,0.26098
11.542,0.25711
11.552,0.25277
11.562,0.24842
11.572,0.24403
11.582,0.23964
11.591,0.2352
11.601,0.23056
11.611,0.22602
11.621,0.22129
11.631,0.21669
11.641,0.21156
11.651,0.20664
11.661,0.20174
11.671,0.1966
11.681,0.19106
11.691,0.1858
11.701,0.18031
11.711,0.1745
11.721,0.1686
11.731,0.16225
11.741,0.15589
11.751,0.14941
11.761,0.14307
11.771,0.13615
11.781,0.1289
11.791,0.12163
11.801,0.11393
11.811,0.10604
11.821,0.097812
11.831,0.088605
11.841,0.079384
11.851,0.069828
11.861,0.059856
11.871,0.049266
11.881,0.038575
11.891,0.027673
11.901,0.016369
11.911,0.0048811
11.921,-0.0070178
11.931,-0.019409
11.941,-0.032227
11.951,-0.045619
11.961,-0.059557
11.971,-0.074053
11.981,-0.089093
11.991,-0.10477
12.001,-0.12108
12.011,-0.13805
12.021,-0.15564
12.031,-0.17397
12.041,-0.19301
12.051,-0.21287
12.061,-0.23351
12.071,-0.25488
12.081,-0.27719
12.091,-0.30052
12.101,-0.3248
12.111,-0.34993
12.121,-0.37606
12.131,-0.40322
12.141,-0.43141
12.151,-0.46074
12.161,-0.49126
12.171,-0.52314
12.181,-0.55628
12.191,-0.5907
12.201,-0.62637
12.211,-0.66323
12.221,-0.70146
12.231,-0.7411
12.241,-0.78215
12.251,-0.82451
12.261,-0.86851
12.271,-0.91364
12.281,-0.9601
12.291,-1.0083
12.301,-1.0579
12.311,-1.1091
12.321,-1.1617
12.331,-1.216
12.341,-1.2723
12.351,-1.3302
12.361,-1.39
12.371,-1.4518
12.381,-1.5158
12.391,-1.5818
12.401,-1.6498
12.411,-1.7195
12.421,-1.7914
12.431,-1.8652
12.441,-1.9404
12.451,-2.0173
12.461,-2.0961
12.471,-2.177
12.481,-2.2592
12.491,-2.3428
12.501,-2.4273
12.511,-2.5129
12.521,-2.5991
12.531,-2.6864
12.541,-2.7745
12.551,-2.8631
12.561,-2.9521
12.571,-3.0418
12.581,-3.1316
12.591,-3.2215
12.601,-3.3106
12.611,-3.3987
12.621,-3.4859
12.631,-3.5724
12.641,-3.6577
12.651,-3.7414
12.661,-3.823
12.671,-3.9027
12.681,-3.9806
12.691,-4.0557
12.701,-4.1281
12.711,-4.1975
12.721,-4.2637
12.731,-4.3263
12.741,-4.3857
12.751,-4.441
12.761,-4.4922
12.771,-4.5391
12.781,-4.5814
12.791,-4.619
12.801,-4.6516
12.811,-4.6791
12.821,-4.7009
12.831,-4.7175
12.841,-4.7286
12.851,-4.7339
12.861,-4.7334
12.871,-4.7271
12.881,-4.715
12.891,-4.6969
12.901,-4.673
12.911,-4.6433
12.921,-4.6076
12.931,-4.5661
12.941,-4.519
12.951,-4.466
12.96,-4.4073
12.97,-4.3432
12.98,-4.2738
12.99,-4.1985
13,-4.1174
13.01,-4.0304
13.02,-3.938
13.03,-3.84
13.04,-3.7371
13.05,-3.6283
13.06,-3.5141
13.07,-3.3942
13.08,-3.2683
13.09,-3.1354
13.1,-2.9989
13.11,-2.8576
13.12,-2.7141
13.13,-2.5684
13.14,-2.4199
13.15,-2.2703
13.16,-2.1178
13.17,-1.9632
13.18,-1.8097
13.19,-1.653
13.2,-1.4979
13.21,-1.345
13.22,-1.1935
13.23,-1.0422
13.24,-0.89245
13.25,-0.74406
13.26,-0.59666
13.27,-0.44863
13.28,-0.29797
13.29,-0.14375
13.3,0.010471
13.31,0.15913
13.32,0.30115
13.33,0.43959
13.34,0.57244
13.35,0.6997
13.36,0.82278
13.37,0.94212
13.38,1.0561
13.39,1.1623
13.4,1.2644
13.41,1.3627
13.42,1.457
13.43,1.5479
13.44,1.637
13.45,1.7243
13.46,1.8098
13.47,1.8947
13.48,1.9789
13.49,2.0642
13.5,2.1492
13.51,2.2377
13.52,2.3296
13.53,2.4244
13.54,2.52
13.55,2.6175
13.56,2.7069
13.57,2.793
13.58,2.881
13.59,2.9616
13.6,3.0418
13.61,3.1145
13.62,3.1866
13.63,3.2521
13.64,3.314
13.65,3.37
13.66,3.4242
13.67,3.4765
13.68,3.5226
13.69,3.5629
13.7,3.5996
13.71,3.6329
13.72,3.6643
13.73,3.6895
13.74,3.7144
13.75,3.7352
13.76,3.7541
13.77,3.7695
13.78,3.7828
13.79,3.7943
13.8,3.8028
13.81,3.8093
13.82,3.8126
13.83,3.8125
13.84,3.8096
13.85,3.8029
13.86,3.7937
13.87,3.7821
13.88,3.7685
13.89,3.7524
13.9,3.7338
13.91,3.7139
13.92,3.6924
13.93,3.6684
13.94,3.6439
13.95,3.6179
13.96,3.5901
13.97,3.5616
13.98,3.5307
13.99,3.4989
14,3.4656
14.01,3.4304
14.02,3.3968
14.03,3.3592
14.04,3.3211
14.05,3.2826
14.06,3.2435
14.07,3.2034
14.08,3.1625
14.09,3.1211
14.1,3.0791
14.11,3.0365
14.12,2.9935
14.13,2.9504
14.14,2.907
14.15,2.8634
14.16,2.8199
14.17,2.7768
14.18,2.734
14.19,2.6913
14.2,2.6488
14.21,2.6067
14.22,2.5649
14.23,2.5231
14.24,2.4815
14.25,2.4399
14.26,2.3983
14.27,2.3567
14.28,2.3149
14.29,2.2731
14.3,2.2316
14.31,2.1902
14.319,2.1495
14.329,2.1097
14.339,2.071
14.349,2.0339
14.359,1.9979
14.369,1.9629
14.379,1.9288
14.389,1.8964
14.399,1.8653
14.409,1.8352
14.419,1.8063
14.429,1.7782
14.439,1.7513
14.449,1.7252
14.459,1.6998
14.469,1.6754
14.479,1.6518
14.489,1.6288
14.499,1.6063
14.509,1.5844
14.519,1.5631
14.529,1.5421
14.539,1.5214
14.549,1.501
14.559,1.4807
14.569,1.4606
14.579,1.4406
14.589,1.4206
14.599,1.4004
14.609,1.3801
14.619,1.3597
14.629,1.3388
14.639,1.3177
14.649,1.2962
14.659,1.2743
14.669,1.252
14.679,1.2292
14.689,1.206
14.699,1.1823
14.709,1.158
14.719,1.1332
14.729,1.108
14.739,1.0822
14.749,1.056
14.759,1.0293
14.769,1.0021
14.779,0.9745
14.789,0.9465
14.799,0.91798
14.809,0.88902
14.819,0.85958
14.829,0.83001
14.839,0.80029
14.849,0.7702
14.859,0.73984
14.869,0.7093
14.879,0.67877
14.889,0.6482
14.899,0.61756
14.909,0.58698
14.919,0.55661
14.929,0.52637
14.939,0.49633
14.949,0.46653
14.959,0.43699
14.969,0.40798
14.979,0.37951
14.989,0.35141
14.999,0.32364
15.009,0.29653
15.019,0.27021
15.029,0.24449
15.039,0.21946
15.049,0.19519
15.059,0.17173
15.069,0.149
15.079,0.12698
15.089,0.10583
15.099,0.085629
15.109,0.066179
15.119,0.047494
15.129,0.029595
15.139,0.012497
15.149,-0.003823
15.159,-0.019394
15.169,-0.0343
15.179,-0.048558
15.189,-0.06212
15.199,-0.074937
15.209,-0.087192
15.219,-0.098911
15.229,-0.11009
15.239,-0.12085
15.249,-0.13109
15.259,-0.14099
15.269,-0.15057
15.279,-0.15988
15.289,-0.16897
15.299,-0.17793
15.309,-0.18681
15.319,-0.19554
15.329,-0.20423
15.339,-0.21287
15.349,-0.22142
15.359,-0.22992
15.369,-0.23843
15.379,-0.24698
15.389,-0.2556
15.399,-0.26442
15.409,-0.27319
15.419,-0.28203
15.429,-0.29103
15.439,-0.30021
15.449,-0.30947
15.459,-0.31905
15.469,-0.32887
15.479,-0.33884
15.489,-0.34924
15.499,-0.3599
15.509,-0.37092
15.519,-0.38216
15.529,-0.39361
15.539,-0.40556
15.549,-0.41782
15.559,-0.4304
15.569,-0.44327
15.579,-0.45636
15.589,-0.46964
15.599,-0.48301
15.609,-0.49678
15.619,-0.51122
15.629,-0.52552
15.639,-0.53995
15.649,-0.5547
15.659,-0.56963
15.669,-0.58511
15.679,-0.6007
15.688,-0.61622
15.698,-0.6318
15.708,-0.64755
15.718,-0.66352
15.728,-0.67896
15.738,-0.69453
15.748,-0.7104
15.758,-0.72599
15.768,-0.7417
15.778,-0.75742
15.788,-0.77324
15.798,-0.78905
15.808,-0.80479
15.818,-0.82097
15.828,-0.83686
15.838,-0.85255
15.848,-0.86802
15.858,-0.88302
15.868,-0.89756
15.878,-0.9117
15.888,-0.92546
15.898,-0.93857
15.908,-0.95123
15.918,-0.96355
15.928,-0.97521
15.938,-0.98646
15.948,-0.99714
15.958,-1.0072
15.968,-1.0166
15.978,-1.0254
15.988,-1.0333
15.998,-1.0407
16.008,-1.0473
16.018,-1.0531
16.028,-1.0582
16.038,-1.0624
16.048,-1.0656
16.058,-1.068
16.068,-1.0694
16.078,-1.0699
16.088,-1.0695
16.098,-1.0681
16.108,-1.0658
16.118,-1.0626
16.128,-1.0584
16.138,-1.0533
16.148,-1.0473
16.158,-1.0404
16.168,-1.0326
16.178,-1.0239
16.188,-1.0143
16.198,-1.0037
16.208,-0.99237
16.218,-0.98029
16.228,-0.9672
16.238,-0.95311
16.248,-0.93857
16.258,-0.92333
16.268,-0.90733
16.278,-0.89053
16.288,-0.87328
16.298,-0.85526
16.308,-0.83667
16.318,-0.81803
16.328,-0.79936
16.338,-0.78046
16.348,-0.76129
16.358,-0.74199
16.368,-0.72225
16.378,-0.70161
16.388,-0.68111
16.398,-0.66064
16.408,-0.6407
16.418,-0.62104
16.428,-0.60233
16.438,-0.58387
16.448,-0.56562
16.458,-0.54813
16.468,-0.53131
16.478,-0.51515
16.488,-0.49932
16.498,-0.48452
16.508,-0.47031
16.518,-0.45673
16.528,-0.44367
16.538,-0.43145
16.548,-0.4201
16.558,-0.40944
16.568,-0.3993
16.578,-0.39003
16.588,-0.38152
16.598,-0.37401
16.608,-0.36725
16.618,-0.36119
16.628,-0.35589
16.638,-0.35133
16.648,-0.34746
16.658,-0.34421
16.668,-0.34156
16.678,-0.33947
16.688,-0.33789
16.698,-0.33679
16.708,-0.33613
16.718,-0.33589
16.728,-0.33602
16.738,-0.33645
16.748,-0.33715
16.758,-0.33807
16.768,-0.33916
16.778,-0.34037
16.788,-0.34166
16.798,-0.34299
16.808,-0.34433
16.818,-0.34565
16.828,-0.34692
16.838,-0.34809
16.848,-0.34916
16.858,-0.3501
16.868,-0.3509
16.878,-0.35154
16.888,-0.35202
16.898,-0.35233
16.908,-0.35246
16.918,-0.3524
16.928,-0.35213
16.938,-0.35169
16.948,-0.35106
16.958,-0.35023
16.968,-0.34921
16.978,-0.34802
16.988,-0.34668
16.998,-0.3452
17.008,-0.3436
17.018,-0.34189
17.028,-0.34012
17.038,-0.33833
17.047,-0.33655
17.057,-0.33482
17.067,-0.33322
17.077,-0.33174
17.087,-0.33043
17.097,-0.32937
17.107,-0.32855
17.117,-0.32803
17.127,-0.32785
17.137,-0.328
17.147,-0.32854
17.157,-0.3295
17.167,-0.33089
17.177,-0.33273
17.187,-0.33504
17.197,-0.33784
17.207,-0.34114
17.217,-0.34492
17.227,-0.3492
17.237,-0.35399
17.247,-0.35926
17.257,-0.36499
17.267,-0.3712
17.277,-0.3779
17.287,-0.38504
17.297,-0.39259
17.307,-0.40053
17.317,-0.40883
17.327,-0.41746
17.337,-0.42639
17.347,-0.43557
17.357,-0.44498
17.367,-0.45459
17.377,-0.46435
17.387,-0.47416
17.397,-0.48395
17.407,-0.49377
17.417,-0.5036
17.427,-0.51329
17.437,-0.52279
17.447,-0.53213
17.457,-0.54126
17.467,-0.55012
17.477,-0.5586
17.487,-0.56669
17.497,-0.57438
17.507,-0.58161
17.517,-0.58828
17.527,-0.59438
17.537,-0.59991
17.547,-0.60479
17.557,-0.60901
17.567,-0.61252
17.577,-0.6153
17.587,-0.61733
17.597,-0.61857
17.607,-0.61901
17.617,-0.61862
17.627,-0.61738
17.637,-0.61532
17.647,-0.61243
17.657,-0.60865
17.667,-0.60407
17.677,-0.59865
17.687,-0.59241
17.697,-0.58537
17.707,-0.57751
17.717,-0.56889
17.727,-0.55951
17.737,-0.54939
17.747,-0.53856
17.757,-0.52697
17.767,-0.51468
17.777,-0.5017
17.787,-0.48819
17.797,-0.47412
17.807,-0.45936
17.817,-0.44411
17.827,-0.4284
17.837,-0.41215
17.847,-0.3955
17.857,-0.37845
17.867,-0.36102
17.877,-0.34319
17.887,-0.3252
17.897,-0.30692
17.907,-0.28842
17.917,-0.26978
17.927,-0.25094
17.937,-0.23211
17.947,-0.2132
17.957,-0.19411
17.967,-0.17518
17.977,-0.15632
17.987,-0.13759
17.997,-0.11886
18.007,-0.10019
18.017,-0.081811
18.027,-0.063661
18.037,-0.045708
18.047,-0.028016
18.057,-0.010557
18.067,0.0066161
18.077,0.023539
18.087,0.040159
18.097,0.056574
18.107,0.07262
18.117,0.08831
18.127,0.10373
18.137,0.11878
18.147,0.13363
18.157,0.1481
18.167,0.16219
18.177,0.17602
18.187,0.18961
18.197,0.2029
18.207,0.21581
18.217,0.22835
18.227,0.24059
18.237,0.25252
18.247,0.26404
18.257,0.27517
18.267,0.28601
18.277,0.29648
18.287,0.30656
18.297,0.31626
18.307,0.3255
18.317,0.33437
18.327,0.34283
18.337,0.35094
18.347,0.35861
18.357,0.36585
18.367,0.37271
18.377,0.37915
18.387,0.38517
18.397,0.39082
18.407,0.39609
18.416,0.40098
18.426,0.4055
18.436,0.40963
18.446,0.4134
18.456,0.4168
18.466,0.41986
18.476,0.42258
18.486,0.42493
18.496,0.42695
18.506,0.42861
18.516,0.42993
18.526,0.43089
18.536,0.43151
18.546,0.43178
18.556,0.43168
18.566,0.43123
18.576,0.43043
18.586,0.4293
18.596,0.42782
18.606,0.42597
18.616,0.42379
18.626,0.42127
18.636,0.41841
18.646,0.41522
18.656,0.41169
18.666,0.40786
18.676,0.40372
18.686,0.39926
18.696,0.39449
18.706,0.38943
18.716,0.38408
18.726,0.37845
18.736,0.37257
18.746,0.36645
18.756,0.36006
18.766,0.35344
18.776,0.34664
18.786,0.33959
18.796,0.33234
18.806,0.32491
18.816,0.3173
18.826,0.30957
18.836,0.30174
18.846,0.29382
18.856,0.28584
18.866,0.27784
18.876,0.26986
18.886,0.2619
18.896,0.25395
18.906,0.24604
18.916,0.23821
18.926,0.23049
18.936,0.22287
18.946,0.21538
18.956,0.20805
18.966,0.20089
18.976,0.19388
18.986,0.18706
18.996,0.18045
19.006,0.17404
19.016,0.16782
19.026,0.1618
19.036,0.15604
19.046,0.15051
19.056,0.14522
19.066,0.14018
19.076,0.13539
19.086,0.13087
19.096,0.1266
19.106,0.1226
19.116,0.11885
19.126,0.11537
19.136,0.11217
19.146,0.1092
19.156,0.1065
19.166,0.10405
19.176,0.10183
19.186,0.099837
19.196,0.098059
19.206,0.096484
19.216,0.095091
19.226,0.093867
19.236,0.092783
19.246,0.091827
19.256,0.090984
19.266,0.090237
19.276,0.089552
19.286,0.088908
19.296,0.088276
19.306,0.087645
19.316,0.086992
19.326,0.086311
19.336,0.085584
19.346,0.084797
19.356,0.083932
19.366,0.082986
19.376,0.081947
19.386,0.080813
19.396,0.079572
19.406,0.078221
19.416,0.076744
19.426,0.075147
19.436,0.073435
19.446,0.071589
19.456,0.069611
19.466,0.067502
19.476,0.065259
19.486,0.062876
19.496,0.060341
19.506,0.057669
19.516,0.054866
19.526,0.05192
19.536,0.048836
19.546,0.045627
19.556,0.042291
19.566,0.038848
19.576,0.035297
19.586,0.031638
19.596,0.027918
19.606,0.02412
19.616,0.020268
19.626,0.016383
19.636,0.012464
19.646,0.0085604
19.656,0.0046811
19.666,0.00083465
19.676,-0.0029436
19.686,-0.006624
19.696,-0.010194
19.706,-0.013638
19.716,-0.016938
19.726,-0.020111
19.736,-0.023124
19.746,-0.025963
19.756,-0.028629
19.766,-0.031119
19.775,-0.033434
19.785,-0.035569
19.795,-0.037539
19.805,-0.039361
19.815,-0.041049
19.825,-0.042603
19.835,-0.044033
19.845,-0.045345
19.855,-0.046571
19.865,-0.047713
19.875,-0.048774
19.885,-0.049776
19.895,-0.050717
19.905,-0.05161
19.915,-0.052461
19.925,-0.053273
19.935,-0.054049
19.945,-0.054794
19.955,-0.055506
19.965,-0.056187
19.975,-0.056832
19.985,-0.057448
19.995,-0.05804
20.005,-0.058613
20.015,-0.059181
20.025,-0.05975
20.035,-0.060328
20.045,-0.060912
20.055,-0.06152
20.065,-0.062173
20.075,-0.062903
20.085,-0.063707
20.095,-0.064593
20.105,-0.065589
20.115,-0.066715
20.125,-0.067967
20.135,-0.069359
20.145,-0.070936
20.155,-0.072683
20.165,-0.074613
20.175,-0.076738
20.185,-0.079081
20.195,-0.081623
20.205,-0.084385
20.215,-0.087338
20.225,-0.0905
20.235,-0.093887
20.245,-0.097478
20.255,-0.10126
20.265,-0.10522
20.275,-0.10942
20.285,-0.11381
20.295,-0.11838
20.305,-0.12312
20.315,-0.128
20.325,-0.13301
20.335,-0.13819
20.345,-0.14351
20.355,-0.14893
20.365,-0.15445
20.375,-0.16002
20.385,-0.16564
20.395,-0.17135
20.405,-0.17712
20.415,-0.1829
20.425,-0.18869
20.435,-0.1945
20.445,-0.2003
20.455,-0.20613
20.465,-0.21195
20.475,-0.21763
20.485,-0.22303
20.495,-0.2282
20.505,-0.23314
20.515,-0.23783
20.525,-0.24229
20.535,-0.24642
20.545,-0.25011
20.555,-0.25347
20.565,-0.25648
20.575,-0.25916
20.585,-0.26152
20.595,-0.26357
20.605,-0.26533
20.615,-0.26678
20.625,-0.26795
20.635,-0.26882
20.645,-0.26939
20.655,-0.26966
20.665,-0.26961
20.675,-0.26925
20.685,-0.26861
20.695,-0.26766
20.705,-0.26639
20.715,-0.26484
20.725,-0.26299
20.735,-0.26088
20.745,-0.2585
20.755,-0.25589
20.765,-0.25312
20.775,-0.2502
20.785,-0.24716
20.795,-0.24402
20.805,-0.24079
20.815,-0.23748
20.825,-0.23403
20.835,-0.23047
20.845,-0.22677
20.855,-0.22294
20.865,-0.21898
20.875,-0.21494
20.885,-0.21083
20.895,-0.20676
20.905,-0.20282
20.915,-0.19901
20.925,-0.1953
20.935,-0.19172
20.945,-0.18827
20.955,-0.18493
20.965,-0.18168
20.975,-0.17853
20.985,-0.17545
20.995,-0.17244
21.005,-0.16949
21.015,-0.1666
21.025,-0.16378
21.035,-0.16102
21.045,-0.15833
21.055,-0.15567
21.065,-0.15303
21.075,-0.15042
21.085,-0.14785
21.095,-0.14531
21.105,-0.14279
21.115,-0.14027
21.125,-0.13775
21.134,-0.13522
21.144,-0.13267
21.154,-0.1301
21.164,-0.12749
21.174,-0.12485
21.184,-0.12218
21.194,-0.11947
21.204,-0.11671
21.214,-0.11391
21.224,-0.11104
21.234,-0.1081
21.244,-0.10509
21.254,-0.10197
21.264,-0.09878
21.274,-0.095504
21.284,-0.092147
21.294,-0.088695
21.304,-0.08517
21.314,-0.081595
21.324,-0.077952
21.334,-0.074265
21.344,-0.070531
21.354,-0.066773
21.364,-0.06298
21.374,-0.059143
21.384,-0.055283
21.394,-0.051392
21.404,-0.047478
21.414,-0.043582
21.424,-0.039686
21.434,-0.035793
21.444,-0.031895
21.454,-0.02805
21.464,-0.024261
21.474,-0.020508
21.484,-0.016777
21.494,-0.013095
21.504,-0.0094789
21.514,-0.0059389
21.524,-0.0024147
21.534,0.0010828
21.544,0.0045254
21.554,0.0079259
21.564,0.011324
21.574,0.014715
21.584,0.018085
21.594,0.02143
21.604,0.02475
21.614,0.028033
21.624,0.031301
21.634,0.034554
21.644,0.037775
21.654,0.040957
21.664,0.04412
21.674,0.047269
21.684,0.050385
21.694,0.05346
21.704,0.056512
21.714,0.059524
21.724,0.062511
21.734,0.065482
21.744,0.068422
21.754,0.071336
21.764,0.074242
21.774,0.077146
21.784,0.080047
21.794,0.082952
21.804,0.085832
21.814,0.088735
21.824,0.091638
21.834,0.094556
21.844,0.097466
21.854,0.10038
21.864,0.10331
21.874,0.10626
21.884,0.10921
21.894,0.11215
21.904,0.11507
21.914,0.11798
21.924,0.12088
21.934,0.12374
21.944,0.12654
21.954,0.12927
21.964,0.13193
21.974,0.1345
21.984,0.13695
21.994,0.13929
22.004,0.14152
22.014,0.14361
22.024,0.14556
22.034,0.14735
22.044,0.14895
22.054,0.15038
22.064,0.15162
22.074,0.15264
22.084,0.15345
22.094,0.15404
22.104,0.15439
22.114,0.1545
22.124,0.15435
22.134,0.15393
22.144,0.15324
22.154,0.15227
22.164,0.151
22.174,0.14943
22.184,0.14756
22.194,0.14536
22.204,0.14284
22.214,0.14
22.224,0.13683
22.234,0.13334
22.244,0.12952
22.254,0.12535
22.264,0.12086
22.274,0.11606
22.284,0.11094
22.294,0.10552
22.304,0.099758
22.314,0.093727
22.324,0.087442
22.334,0.080899
22.344,0.074143
22.354,0.067174
22.364,0.06002
22.374,0.052746
22.384,0.045308
22.394,0.037766
22.404,0.030105
22.414,0.022369
22.424,0.014602
22.434,0.0068114
22.444,-0.00097942
22.454,-0.0087403
22.464,-0.016442
22.474,-0.024088
22.484,-0.031645
22.494,-0.039075
22.503,-0.046353
22.513,-0.053476
22.523,-0.060441
22.533,-0.0672
22.543,-0.073775
22.553,-0.080104
22.563,-0.086171
22.573,-0.091994
22.583,-0.097517
22.593,-0.10274
22.603,-0.10765
22.613,-0.11222
22.623,-0.11647
22.633,-0.12039
22.643,-0.12392
22.653,-0.12709
22.663,-0.12987
22.673,-0.13227
22.683,-0.1343
22.693,-0.13595
22.703,-0.13722
22.713,-0.13813
22.723,-0.13866
22.733,-0.13882
22.743,-0.13861
22.753,-0.13806
22.763,-0.13716
22.773,-0.13592
22.783,-0.13435
22.793,-0.13247
22.803,-0.13031
22.813,-0.12783
22.823,-0.12508
22.833,-0.12208
22.843,-0.11883
22.853,-0.11534
22.863,-0.11162
22.873,-0.10768
22.883,-0.10357
22.893,-0.099284
22.903,-0.094803
22.913,-0.090182
22.923,-0.085429
22.933,-0.080523
22.943,-0.075525
22.953,-0.070398
22.963,-0.065158
22.973,-0.059867
22.983,-0.054536
22.993,-0.049115
23.003,-0.043642
23.013,-0.038118
23.023,-0.032589
23.033,-0.027062
23.043,-0.021522
23.053,-0.015978
23.063,-0.010459
23.073,-0.0050224
23.083,0.00035971
23.093,0.0057047
23.103,0.010995
23.113,0.016185
23.123,0.021253
23.133,0.026209
23.143,0.031059
23.153,0.035814
23.163,0.040439
23.173,0.044912
23.183,0.049263
23.193,0.053472
23.203,0.057529
23.213,0.061424
23.223,0.065167
23.233,0.068763
23.243,0.072219
23.253,0.075534
23.263,0.078724
23.273,0.08177
23.283,0.084692
23.293,0.087495
23.303,0.090196
23.313,0.092773
23.323,0.095241
23.333,0.09761
23.343,0.099883
23.353,0.10206
23.363,0.10415
23.373,0.10616
23.383,0.10807
23.393,0.10992
23.403,0.11169
23.413,0.11338
23.423,0.115
23.433,0.11654
23.443,0.118
23.453,0.11941
23.463,0.12075
23.473,0.12201
23.483,0.1232
23.493,0.12433
23.503,0.12538
23.513,0.12635
23.523,0.12727
23.533,0.12814
23.543,0.12895
23.553,0.12972
23.563,0.13044
23.573,0.13113
23.583,0.13178
23.593,0.1324
23.603,0.13298
23.613,0.13355
23.623,0.13408
23.633,0.1346
23.643,0.1351
23.653,0.1356
23.663,0.13607
23.673,0.13654
23.683,0.13699
23.693,0.13743
23.703,0.13783
23.713,0.1382
23.723,0.13854
23.733,0.13883
23.743,0.13909
23.753,0.13931
23.763,0.13947
23.773,0.13956
23.783,0.13958
23.793,0.13953
23.803,0.13941
23.813,0.13919
23.823,0.1389
23.833,0.13851
23.843,0.13802
23.853,0.13741
23.862,0.13667
23.872,0.13581
23.882,0.13483
23.892,0.13371
23.902,0.13243
23.912,0.13102
23.922,0.12946
23.932,0.12776
23.942,0.12592
23.952,0.12394
23.962,0.12183
23.972,0.11958
23.982,0.1172
23.992,0.11468
24.002,0.11201
24.012,0.10921
24.022,0.10627
24.032,0.10319
24.042,0.099979
24.052,0.096665
24.062,0.093245
24.072,0.089693
24.082,0.086008
24.092,0.08218
24.102,0.07824
24.112,0.074178
24.122,0.069967
24.132,0.065602
24.142,0.061077
24.152,0.056415
24.162,0.05162
24.172,0.046662
24.182,0.041553
24.192,0.036307
24.202,0.03094
24.212,0.025458
24.222,0.019846
24.232,0.014159
24.242,0.0083621
24.252,0.0024818
24.262,-0.0034537
24.272,-0.0094211
24.282,-0.015431
24.292,-0.021448
24.302,-0.027445
24.312,-0.033414
24.322,-0.039346
24.332,-0.045247
24.342,-0.051085
24.352,-0.056865
24.362,-0.062536
24.372,-0.068118
24.382,-0.073613
24.392,-0.078977
24.402,-0.084204
24.412,-0.0893
24.422,-0.094266
24.432,-0.099076
24.442,-0.10372
24.452,-0.10821
24.462,-0.11252
24.472,-0.11666
24.482,-0.12059
24.492,-0.12431
24.502,-0.12779
24.512,-0.13103
24.522,-0.13402
24.532,-0.13673
24.542,-0.13915
24.552,-0.14126
24.562,-0.14305
24.572,-0.14449
24.582,-0.14555
24.592,-0.14626
24.602,-0.14657
24.612,-0.14647
24.622,-0.14598
24.632,-0.14505
24.642,-0.14369
24.652,-0.14192
24.662,-0.13971
24.672,-0.13707
24.682,-0.13401
24.692,-0.13054
24.702,-0.12671
24.712,-0.12247
24.722,-0.11784
24.732,-0.11285
24.742,-0.10754
24.752,-0.10191
24.762,-0.09595
24.772,-0.089727
24.782,-0.08326
24.792,-0.076563
24.802,-0.069638
24.812,-0.06256
24.822,-0.055292
24.832,-0.047854
24.842,-0.040319
24.852,-0.032689
24.862,-0.024995
24.872,-0.017279
24.882,-0.009544
24.892,-0.00181
24.902,0.005875
24.912,0.01351
24.922,0.021042
24.932,0.028419
24.942,0.035668
24.952,0.042732
24.962,0.049539
24.972,0.056065
24.982,0.062289
24.992,0.068203
25.002,0.07381
25.012,0.079072
25.022,0.083915
25.032,0.088355
25.042,0.092366
25.052,0.095938
25.062,0.09905
25.072,0.10168
25.082,0.10387
25.092,0.10559
25.102,0.10684
25.112,0.10761
25.122,0.10793
25.132,0.10779
25.142,0.10721
25.152,0.1062
25.162,0.10476
25.172,0.10294
25.182,0.1007
25.192,0.098093
25.202,0.095159
25.212,0.091889
25.222,0.088308
25.231,0.084452
25.241,0.08035
25.251,0.076007
25.261,0.071432
25.271,0.066681
25.281,0.061823
25.291,0.056844
25.301,0.051784
25.311,0.046678
25.321,0.041543
25.331,0.036395
25.341,0.031279
25.351,0.026272
25.361,0.021357
25.371,0.016556
25.381,0.011924
25.391,0.0074603
25.401,0.0032248
25.411,-0.00077788
25.421,-0.0045505
25.431,-0.0080301
25.441,-0.011218
25.451,-0.014083
25.461,-0.016621
25.471,-0.018834
25.481,-0.020711
25.491,-0.022261
25.501,-0.02347
25.511,-0.024327
25.521,-0.024871
25.531,-0.025088
25.541,-0.025
25.551,-0.02462
25.561,-0.023946
25.571,-0.023006
25.581,-0.02182
25.591,-0.020402
25.601,-0.018779
25.611,-0.016967
25.621,-0.014975
25.631,-0.012845
25.641,-0.010572
25.651,-0.0081879
25.661,-0.0057424
25.671,-0.0032534
25.681,-0.00072544
25.691,0.0018208
25.701,0.0043393
25.711,0.0068192
25.721,0.0092482
25.731,0.01157
25.741,0.013799
25.751,0.015908
25.761,0.017868
25.771,0.019637
25.781,0.021211
25.791,0.022596
25.801,0.023772
25.811,0.024716
25.821,0.025421
25.831,0.02585
25.841,0.026005
25.851,0.025887
25.861,0.025485
25.871,0.024798
25.881,0.023821
25.891,0.022551
25.901,0.021016
25.911,0.019198
25.921,0.017094
25.931,0.01475
25.941,0.012154
25.951,0.0093012
25.961,0.0062348
25.971,0.0029496
25.981,-0.00055033
25.991,-0.0042277
26.001,-0.0080726
26.011,-0.01205
26.021,-0.016162
26.031,-0.020407
26.041,-0.024711
26.051,-0.029098
26.061,-0.033529
26.071,-0.037997
26.081,-0.042497
26.091,-0.046972
26.101,-0.051416
26.111,-0.055823
26.121,-0.060171
26.131,-0.064438
26.141,-0.068608
26.151,-0.072669
26.161,-0.076618
26.171,-0.080448
26.181,-0.084122
26.191,-0.087636
26.201,-0.090981
26.211,-0.094145
26.221,-0.097116
26.231,-0.099906
26.241,-0.1025
26.251,-0.10487
26.261,-0.10704
26.271,-0.10899
26.281,-0.11073
26.291,-0.11225
26.301,-0.11355
26.311,-0.11462
26.321,-0.11546
26.331,-0.11607
26.341,-0.11647
26.351,-0.11664
26.361,-0.11659
26.371,-0.11633
26.381,-0.11583
26.391,-0.11511
26.401,-0.11417
26.411,-0.11302
26.421,-0.11166
26.431,-0.11009
26.441,-0.10832
26.451,-0.10636
26.461,-0.10422
26.471,-0.10189
26.481,-0.099396
26.491,-0.096722
26.501,-0.093903
26.511,-0.090956
26.521,-0.087872
26.531,-0.084647
26.541,-0.081317
26.551,-0.07788
26.561,-0.074376
26.571,-0.070789
26.581,-0.067132
26.59,-0.063441
26.6,-0.059687
26.61,-0.055906
26.62,-0.052112
26.63,-0.048287
26.64,-0.044474
26.65,-0.040647
26.66,-0.036831
26.67,-0.033048
26.68,-0.029288
26.69,-0.025571
26.7,-0.021898
26.71,-0.01827
26.72,-0.014716
26.73,-0.011237
26.74,-0.007841
26.75,-0.0045409
26.76,-0.0013559
26.77,0.0017015
26.78,0.0046064
26.79,0.007354
26.8,0.0099322
26.81,0.012328
26.82,0.014543
26.83,0.016568
26.84,0.018393
26.85,0.019985
26.86,0.02135
26.87,0.022488
26.88,0.023383
26.89,0.024049
26.9,0.024488
26.91,0.024703
26.92,0.024713
26.93,0.0245
26.94,0.024059
26.95,0.023415
26.96,0.022586
26.97,0.021599
26.98,0.020464
26.99,0.019172
27,0.017761
27.01,0.016235
27.02,0.014612
27.03,0.012911
27.04,0.011133
27.05,0.0093166
27.06,0.0074671
27.07,0.0056156
27.08,0.0037754
27.09,0.0019708
27.1,0.00021528
27.11,-0.0014665
27.12,-0.0030596
27.13,-0.0045353
27.14,-0.0058876
27.15,-0.0071009
27.16,-0.0081469
27.17,-0.0090136
27.18,-0.0096733
27.19,-0.010123
27.2,-0.010364
27.21,-0.010362
27.22,-0.010126
27.23,-0.009642
27.24,-0.0088895
27.25,-0.0078833
27.26,-0.0066213
27.27,-0.0050924
27.28,-0.0033095
27.29,-0.0012774
27.3,0.0010062
27.31,0.0035141
27.32,0.0062271
27.33,0.0091362
27.34,0.012228
27.35,0.015465
27.36,0.018839
27.37,0.022353
27.38,0.025966
27.39,0.029647
27.4,0.033381
27.41,0.03714
27.42,0.040898
27.43,0.044628
27.44,0.048326
27.45,0.051985
27.46,0.055557
27.47,0.059019
27.48,0.062354
27.49,0.06555
27.5,0.068569
27.51,0.071392
27.52,0.074019
27.53,0.076442
27.54,0.078628
27.55,0.080549
27.56,0.082207
27.57,0.083597
27.58,0.084688
27.59,0.085469
27.6,0.085928
27.61,0.08605
27.62,0.085829
27.63,0.085257
27.64,0.084334
27.65,0.083056
27.66,0.081416
27.67,0.079415
27.68,0.077059
27.69,0.074351
27.7,0.071301
27.71,0.067924
27.72,0.064238
27.73,0.060242
27.74,0.055975
27.75,0.051437
27.76,0.046645
27.77,0.041626
27.78,0.036369
27.79,0.030904
27.8,0.025248
27.81,0.019451
27.82,0.013518
27.83,0.0074328
27.84,0.0012741
27.85,-0.0049695
27.86,-0.011297
27.87,-0.017677
27.88,-0.024079
27.89,-0.030491
27.9,-0.036914
27.91,-0.043316
27.92,-0.049674
27.93,-0.055982
27.94,-0.062238
27.95,-0.068423
27.959,-0.074541
27.969,-0.080559
27.979,-0.086446
27.989,-0.092233
27.999,-0.097886
28.009,-0.10341
28.019,-0.10878
28.029,-0.11398
28.039,-0.11902
28.049,-0.12388
28.059,-0.12858
28.069,-0.13307
28.079,-0.13734
28.089,-0.14139
28.099,-0.14522
28.109,-0.14879
28.119,-0.15212
28.129,-0.15516
28.139,-0.15793
28.149,-0.1604
28.159,-0.16255
28.169,-0.16439
28.179,-0.16591
28.189,-0.16708
28.199,-0.16791
28.209,-0.16838
28.219,-0.16849
28.229,-0.16822
28.239,-0.16759
28.249,-0.16657
28.259,-0.16518
28.269,-0.16342
28.279,-0.1613
28.289,-0.15881
28.299,-0.15596
28.309,-0.15277
28.319,-0.14922
28.329,-0.14533
28.339,-0.14115
28.349,-0.13667
28.359,-0.13195
28.369,-0.12696
28.379,-0.12173
28.389,-0.1163
28.399,-0.11067
28.409,-0.10488
28.419,-0.09897
28.429,-0.092917
28.439,-0.086792
28.449,-0.080597
28.459,-0.074371
28.469,-0.068109
28.479,-0.061824
28.489,-0.055567
28.499,-0.049382
28.509,-0.043284
28.519,-0.037284
28.529,-0.031418
28.539,-0.025687
28.549,-0.020129
28.559,-0.014761
28.569,-0.0096113
28.579,-0.004664
28.589,5.4528e-005
28.599,0.0045115
28.609,0.008687
28.619,0.012559
28.629,0.016139
28.639,0.019416
28.649,0.022363
28.659,0.02497
28.669,0.027245
28.679,0.029198
28.689,0.030804
28.699,0.032057
28.709,0.032985
28.719,0.03358
28.729,0.03385
28.739,0.033813
28.749,0.033484
28.759,0.032901
28.769,0.032073
28.779,0.031012
28.789,0.029749
28.799,0.02831
28.809,0.026723
28.819,0.025009
28.829,0.023219
28.839,0.021366
28.849,0.019485
28.859,0.017614
28.869,0.015773
28.879,0.014002
28.889,0.012322
28.899,0.010758
28.909,0.0093344
28.919,0.0080692
28.929,0.0069801
28.939,0.0060912
28.949,0.0054301
28.959,0.0050024
28.969,0.0048146
28.979,0.004876
28.989,0.0051911
28.999,0.0057811
29.009,0.0066308
29.019,0.0077489
29.029,0.009129
29.039,0.010757
29.049,0.012631
29.059,0.01472
29.069,0.017047
29.079,0.019597
29.089,0.022341
29.099,0.025253
29.109,0.02834
29.119,0.031567
29.129,0.034907
29.139,0.038359
29.149,0.041881
29.159,0.045465
29.169,0.04908
29.179,0.052738
29.189,0.056391
29.199,0.060004
29.209,0.063573
29.219,0.067036
29.229,0.07041
29.239,0.073626
29.249,0.076687
29.259,0.079569
29.269,0.082216
29.279,0.084625
29.289,0.086778
29.299,0.088614
29.309,0.090127
29.318,0.091292
29.328,0.092108
29.338,0.09255
29.348,0.092599
29.358,0.092253
29.368,0.091495
29.378,0.090307
29.388,0.088676
29.398,0.086611
29.408,0.084121
29.418,0.081188
29.428,0.077834
29.438,0.074049
29.448,0.069847
29.458,0.065238
29.468,0.060248
29.478,0.054909
29.488,0.049228
29.498,0.043231
29.508,0.03695
29.518,0.030398
29.528,0.023608
29.538,0.016583
29.548,0.0093699
29.558,0.0020186
29.568,-0.0055049
29.578,-0.013094
29.588,-0.020771
29.598,-0.028528
29.608,-0.036347
29.618,-0.044168
29.628,-0.051924
29.638,-0.059641
29.648,-0.067331
29.658,-0.074894
29.668,-0.082296
29.678,-0.089571
29.688,-0.096677
29.698,-0.10361
29.708,-0.11029
29.718,-0.1167
29.728,-0.12286
29.738,-0.12875
29.748,-0.13433
29.758,-0.13957
29.768,-0.14447
29.778,-0.14903
29.788,-0.15324
29.798,-0.15709
29.808,-0.16058
29.818,-0.16369
29.828,-0.16642
29.838,-0.16877
29.848,-0.17073
29.858,-0.17229
29.868,-0.17346
29.878,-0.17423
29.888,-0.17459
29.898,-0.17455
29.908,-0.17413
29.918,-0.1733
29.928,-0.17208
29.938,-0.17047
29.948,-0.16849
29.958,-0.16615
29.968,-0.1635
29.978,-0.1605
29.988,-0.15718
29.998,-0.15354
30.008,-0.14962
30.018,-0.14542
30.028,-0.14095
30.038,-0.13627
30.048,-0.1314
30.058,-0.12635
30.068,-0.12112
30.078,-0.11577
30.088,-0.11034
30.098,-0.10484
30.108,-0.099289
30.118,-0.09369
30.128,-0.088103
30.138,-0.082518
30.148,-0.076987
30.158,-0.071508
30.168,-0.066092
30.178,-0.060731
30.188,-0.055451
30.198,-0.050282
30.208,-0.045254
30.218,-0.040349
30.228,-0.035581
30.238,-0.030981
30.248,-0.026546
30.258,-0.022286
30.268,-0.018192
30.278,-0.014281
30.288,-0.010574
30.298,-0.0070695
30.308,-0.0037555
30.318,-0.0006547
30.328,0.002236
30.338,0.0049255
30.348,0.0073979
30.358,0.0096587
30.368,0.011698
30.378,0.013525
30.388,0.015142
30.398,0.016532
30.408,0.017712
30.418,0.01871
30.428,0.019511
30.438,0.020134
30.448,0.020588
30.458,0.020872
30.468,0.020999
30.478,0.020972
30.488,0.020809
30.498,0.020528
30.508,0.020132
30.518,0.019634
30.528,0.019058
30.538,0.01841
30.548,0.017686
30.558,0.016902
30.568,0.01608
30.578,0.015228
30.588,0.014356
30.598,0.013462
30.608,0.012564
30.618,0.011671
30.628,0.01077
30.638,0.0098614
30.648,0.0089596
30.658,0.0080654
30.668,0.007195
30.678,0.0063684
30.687,0.0055743
30.697,0.0048097
30.707,0.0040932
30.717,0.0034308
30.727,0.0028145
30.737,0.0022607
30.747,0.0017781
30.757,0.0013632
30.767,0.0010283
30.777,0.00077777
30.787,0.0006187
30.797,0.00055629
30.807,0.00059264
30.817,0.00073589
30.827,0.00098292
30.837,0.0013366
30.847,0.0018024
30.857,0.0023841
30.867,0.0030986
30.877,0.0039205
30.887,0.0048528
30.897,0.0059077
30.907,0.0070647
30.917,0.0083378
30.927,0.0097129
30.937,0.011199
30.947,0.012774
30.957,0.014445
30.967,0.016193
30.977,0.018013
30.987,0.019894
30.997,0.021831
31.007,0.023816
31.017,0.025811
31.027,0.027819
31.037,0.029823
31.047,0.031833
31.057,0.033821
31.067,0.035778
31.077,0.037693
31.087,0.039554
31.097,0.041359
31.107,0.043083
31.117,0.044723
31.127,0.046259
31.137,0.047683
31.147,0.049004
31.157,0.050212
31.167,0.051273
31.177,0.0522
31.187,0.052982
31.197,0.053613
31.207,0.054076
31.217,0.054363
31.227,0.054471
31.237,0.054389
31.247,0.054104
31.257,0.05361
31.267,0.052914
31.277,0.052006
31.287,0.050881
31.297,0.049535
31.307,0.047983
31.317,0.04624
31.327,0.044288
31.337,0.042143
31.347,0.039829
31.357,0.037337
31.367,0.034667
31.377,0.031836
31.387,0.028845
31.397,0.025719
31.407,0.022474
31.417,0.019117
31.427,0.015666
31.437,0.012146
31.447,0.0085701
31.457,0.0049325
31.467,0.0012723
31.477,-0.0024094
31.487,-0.0061131
31.497,-0.0098267
31.507,-0.013529
31.517,-0.017212
31.527,-0.020871
31.537,-0.024479
31.547,-0.028038
31.557,-0.031536
31.567,-0.034959
31.577,-0.038298
31.587,-0.041565
31.597,-0.044734
31.607,-0.04781
31.617,-0.050788
31.627,-0.053642
31.637,-0.056371
31.647,-0.058971
31.657,-0.061452
31.667,-0.063795
31.677,-0.065983
31.687,-0.068009
31.697,-0.069878
31.707,-0.071576
31.717,-0.073111
31.727,-0.074464
31.737,-0.075634
31.747,-0.076657
31.757,-0.077527
31.767,-0.078232
31.777,-0.078786
31.787,-0.079201
31.797,-0.079478
31.807,-0.079617
31.817,-0.079624
31.827,-0.079511
31.837,-0.079275
31.847,-0.078908
31.857,-0.078414
31.867,-0.077816
31.877,-0.077126
31.887,-0.07634
31.897,-0.075468
31.907,-0.074511
31.917,-0.073486
31.927,-0.072389
31.937,-0.071217
31.947,-0.069984
31.957,-0.068699
31.967,-0.067356
31.977,-0.065963
31.987,-0.064534
31.997,-0.063069
32.007,-0.06156
32.017,-0.060007
32.027,-0.058431
32.037,-0.056837
32.046,-0.055224
32.056,-0.053591
32.066,-0.051966
32.076,-0.050328
32.086,-0.048711
32.096,-0.047104
32.106,-0.045502
32.116,-0.043916
32.126,-0.042363
32.136,-0.040827
32.146,-0.039307
32.156,-0.037819
32.166,-0.036358
32.176,-0.034941
32.186,-0.033583
32.196,-0.03227
32.206,-0.031012
32.216,-0.029815
32.226,-0.028679
32.236,-0.027615
32.246,-0.026615
32.256,-0.025665
32.266,-0.024776
32.276,-0.023945
32.286,-0.023175
32.296,-0.022464
32.306,-0.0218
32.316,-0.021182
32.326,-0.020614
32.336,-0.020077
32.346,-0.019567
32.356,-0.019084
32.366,-0.018624
32.376,-0.018173
32.386,-0.017717
32.396,-0.017252
32.406,-0.016771
32.416,-0.016269
32.426,-0.015732
32.436,-0.015149
32.446,-0.014529
32.456,-0.013866
32.466,-0.013143
32.476,-0.012357
32.486,-0.011491
32.496,-0.010528
32.506,-0.0094746
32.516,-0.0083219
32.526,-0.0070587
32.536,-0.0056985
32.546,-0.0042514
32.556,-0.0026964
32.566,-0.001013
32.576,0.00078097
32.586,0.0026879
32.596,0.0046943
32.606,0.0067965
32.616,0.0090217
32.626,0.011345
32.636,0.013768
32.646,0.016284
32.656,0.018892
32.666,0.021561
32.676,0.0243
32.686,0.02709
32.696,0.029921
32.706,0.032799
32.716,0.035701
32.726,0.038612
32.736,0.041519
32.746,0.044403
32.756,0.047275
32.766,0.050124
32.776,0.052911
32.786,0.055641
32.796,0.058316
32.806,0.0609
32.816,0.063389
32.826,0.065766
32.836,0.068028
32.846,0.070143
32.856,0.072127
32.866,0.073967
32.876,0.075654
32.886,0.077162
32.896,0.078474
32.906,0.079589
32.916,0.080501
32.926,0.081202
32.936,0.081703
32.946,0.08199
32.956,0.082051
32.966,0.081897
32.976,0.081525
32.986,0.080925
32.996,0.080099
33.006,0.079067
33.016,0.077813
33.026,0.076345
33.036,0.074688
33.046,0.072833
33.056,0.070795
33.066,0.068582
33.076,0.0662
33.086,0.063667
33.096,0.061001
33.106,0.058198
33.116,0.055273
33.126,0.052256
33.136,0.049121
33.146,0.045902
33.156,0.042602
33.166,0.039209
33.176,0.035748
33.186,0.032224
33.196,0.028618
33.206,0.024952
33.216,0.021252
33.226,0.017505
33.236,0.013719
33.246,0.0099209
33.256,0.0061103
33.266,0.0022846
33.276,-0.0015536
33.286,-0.0053724
33.296,-0.0091611
33.306,-0.012919
33.316,-0.016619
33.326,-0.020273
33.336,-0.023887
33.346,-0.027425
33.356,-0.030892
33.366,-0.034279
33.376,-0.037583
33.386,-0.040792
33.396,-0.043881
33.405,-0.046873
33.415,-0.049759
33.425,-0.052521
33.435,-0.055179
33.445,-0.057737
33.455,-0.060201
33.465,-0.06256
33.475,-0.064818
33.485,-0.066966
33.495,-0.069014
33.505,-0.070978
33.515,-0.07284
33.525,-0.074609
33.535,-0.076296
33.545,-0.077897
33.555,-0.079418
33.565,-0.080851
33.575,-0.08219
33.585,-0.083442
33.595,-0.084605
33.605,-0.085651
33.615,-0.086597
33.625,-0.087444
33.635,-0.088173
33.645,-0.08879
33.655,-0.089294
33.665,-0.08967
33.675,-0.089921
33.685,-0.09004
33.695,-0.090025
33.705,-0.089888
33.715,-0.089639
33.725,-0.089266
33.735,-0.088785
33.745,-0.088218
33.755,-0.087557
33.765,-0.086802
33.775,-0.085943
33.785,-0.085008
33.795,-0.08401
33.805,-0.08294
33.815,-0.081801
33.825,-0.080603
33.835,-0.07935
33.845,-0.07804
33.855,-0.076657
33.865,-0.07521
33.875,-0.073699
33.885,-0.07211
33.895,-0.07045
33.905,-0.068717
33.915,-0.066911
33.925,-0.065018
33.935,-0.063041
33.945,-0.060966
33.955,-0.058805
33.965,-0.056542
33.975,-0.054198
33.985,-0.051761
33.995,-0.049238
34.005,-0.046612
34.015,-0.043891
34.025,-0.041079
34.035,-0.038176
34.045,-0.035175
34.055,-0.032066
34.065,-0.028886
34.075,-0.025648
34.085,-0.022343
34.095,-0.01895
34.105,-0.015506
34.115,-0.011992
34.125,-0.0084302
34.135,-0.0047996
34.145,-0.0011135
34.155,0.0026002
34.165,0.006372
34.175,0.01017
34.185,0.013988
34.195,0.017821
34.205,0.021638
34.215,0.025476
34.225,0.029324
34.235,0.033138
34.245,0.036932
34.255,0.040683
34.265,0.044403
34.275,0.048044
34.285,0.051589
34.295,0.055031
34.305,0.058399
34.315,0.061663
34.325,0.064761
34.335,0.06773
34.345,0.070559
34.355,0.073204
34.365,0.075648
34.375,0.077882
34.385,0.079921
34.395,0.081733
34.405,0.083308
34.415,0.084657
34.425,0.085779
34.435,0.08667
34.445,0.087307
34.455,0.087681
34.465,0.087812
34.475,0.087699
34.485,0.087332
34.495,0.086733
34.505,0.085895
34.515,0.084812
34.525,0.083493
34.535,0.08193
34.545,0.080144
34.555,0.078135
34.565,0.075915
34.575,0.073509
34.585,0.070933
34.595,0.068189
34.605,0.065283
34.615,0.06223
34.625,0.059048
34.635,0.05575
34.645,0.052355
34.655,0.048849
34.665,0.045244
34.675,0.041585
34.685,0.037891
34.695,0.034143
34.705,0.030386
34.715,0.026632
34.725,0.022884
34.735,0.019186
34.745,0.015528
34.755,0.011933
34.765,0.0084256
34.774,0.0050131
34.784,0.0016934
34.794,-0.0015152
34.804,-0.0045934
34.814,-0.0075467
34.824,-0.010373
34.834,-0.013073
34.844,-0.015651
34.854,-0.018076
34.864,-0.020348
34.874,-0.022489
34.884,-0.024512
34.894,-0.026407
34.904,-0.028169
34.914,-0.029807
34.924,-0.031332
34.934,-0.032741
34.944,-0.034046
34.954,-0.035254
34.964,-0.036376
34.974,-0.037416
34.984,-0.038381
34.994,-0.039267
35.004,-0.04008
35.014,-0.040825
35.024,-0.041524
35.034,-0.042187
35.044,-0.042803
35.054,-0.043379
35.064,-0.043917
35.074,-0.044417
35.084,-0.044898
35.094,-0.045368
35.104,-0.045828
35.114,-0.046286
35.124,-0.046738
35.134,-0.047191
35.144,-0.04763
35.154,-0.04807
35.164,-0.048503
35.174,-0.048935
35.184,-0.049376
35.194,-0.049797
35.204,-0.050205
35.214,-0.050607
35.224,-0.050997
35.234,-0.051372
35.244,-0.051714
35.254,-0.052048
35.264,-0.052354
35.274,-0.052628
35.284,-0.052879
35.294,-0.053093
35.304,-0.053266
35.314,-0.05339
35.324,-0.053471
35.334,-0.0535
35.344,-0.053459
35.354,-0.053356
35.364,-0.053189
35.374,-0.052948
35.384,-0.052628
35.394,-0.052227
35.404,-0.051752
35.414,-0.051204
35.424,-0.050578
35.434,-0.04987
35.444,-0.049062
35.454,-0.048173
35.464,-0.047212
35.474,-0.046167
35.484,-0.045041
35.494,-0.043837
35.504,-0.042554
35.514,-0.041194
35.524,-0.039767
35.534,-0.038274
35.544,-0.036727
35.554,-0.035114
35.564,-0.033451
35.574,-0.031746
35.584,-0.029983
35.594,-0.028177
35.604,-0.026327
35.614,-0.024449
35.624,-0.022567
35.634,-0.020677
35.644,-0.018782
35.654,-0.016884
35.664,-0.01499
35.674,-0.013086
35.684,-0.011181
35.694,-0.0093132
35.704,-0.0074705
35.714,-0.005662
35.724,-0.0038764
35.734,-0.0021226
35.744,-0.00040054
35.754,0.0012943
35.764,0.002953
35.774,0.0045892
35.784,0.0062063
35.794,0.0077959
35.804,0.009353
35.814,0.010883
35.824,0.012383
35.834,0.013882
35.844,0.015363
35.854,0.016807
35.864,0.018235
35.874,0.019662
35.884,0.021079
35.894,0.022475
35.904,0.023868
35.914,0.025276
35.924,0.026686
35.934,0.028108
35.944,0.029547
35.954,0.030997
35.964,0.032475
35.974,0.033982
35.984,0.035499
35.994,0.03702
36.004,0.038552
36.014,0.040101
36.024,0.041677
36.034,0.043284
36.044,0.044911
36.054,0.046559
36.064,0.048215
36.074,0.049894
36.084,0.05158
36.094,0.053265
36.104,0.054954
36.114,0.056639
36.124,0.058331
36.133,0.060028
36.143,0.061711
36.153,0.063399
36.163,0.065072
36.173,0.066737
36.183,0.068394
36.193,0.07004
36.203,0.071643
36.213,0.073229
36.223,0.074764
36.233,0.076227
36.243,0.077634
36.253,0.078981
36.263,0.080263
36.273,0.081463
36.283,0.082588
36.293,0.083642
36.303,0.084588
36.313,0.085452
36.323,0.086217
36.333,0.086882
36.343,0.087424
36.353,0.087844
36.363,0.088144
36.373,0.088332
36.383,0.088404
36.393,0.088357
36.403,0.088188
36.413,0.087896
36.423,0.087485
36.433,0.086959
36.443,0.086325
36.453,0.085576
36.463,0.084727
36.473,0.083783
36.483,0.082752
36.493,0.081638
36.503,0.080448
36.513,0.079194
36.523,0.077886
36.533,0.076522
36.543,0.075113
36.553,0.073677
36.563,0.072217
36.573,0.070734
36.583,0.06923
36.593,0.06771
36.603,0.066191
36.613,0.064685
36.623,0.063191
36.633,0.06172
36.643,0.060269
36.653,0.058856
36.663,0.057483
36.673,0.056147
36.683,0.054851
36.693,0.053592
36.703,0.052391
36.713,0.051237
36.723,0.050146
36.733,0.049122
36.743,0.048153
36.753,0.047243
36.763,0.046398
36.773,0.045621
36.783,0.04491
36.793,0.044281
36.803,0.043704
36.813,0.043196
36.823,0.042762
36.833,0.04238
36.843,0.042046
36.853,0.041775
36.863,0.04155
36.873,0.041367
36.883,0.041224
36.893,0.041117
36.903,0.041027
36.913,0.04094
36.923,0.040853
36.933,0.040762
36.943,0.040645
36.953,0.0405
36.963,0.040321
36.973,0.040106
36.983,0.039838
36.993,0.039526
37.003,0.039169
37.013,0.038776
37.023,0.038329
37.033,0.03783
37.043,0.037274
37.053,0.036669
37.063,0.036007
37.073,0.035294
37.083,0.034511
37.093,0.033664
37.103,0.032765
37.113,0.031804
37.123,0.030787
37.133,0.029716
37.143,0.028591
37.153,0.027404
37.163,0.026156
37.173,0.024845
37.183,0.023475
37.193,0.022068
37.203,0.02062
37.213,0.019133
37.223,0.017612
37.233,0.016074
37.243,0.01452
37.253,0.012946
37.263,0.011361
37.273,0.0097496
37.283,0.0081455
37.293,0.0065544
37.303,0.0049694
37.313,0.0034006
37.323,0.0018532
37.333,0.00034952
37.343,-0.001111
37.353,-0.0025319
37.363,-0.0039072
37.373,-0.0052322
37.383,-0.0064948
37.393,-0.0076907
37.403,-0.0087979
37.413,-0.0098202
37.423,-0.010767
37.433,-0.01163
37.443,-0.012418
37.453,-0.013131
37.463,-0.013746
37.473,-0.014273
37.483,-0.014716
37.493,-0.015074
37.502,-0.015331
37.512,-0.015485
37.522,-0.015534
37.532,-0.015477
37.542,-0.015316
37.552,-0.015044
37.562,-0.014654
37.572,-0.014146
37.582,-0.013518
37.592,-0.012759
37.602,-0.011855
37.612,-0.010833
37.622,-0.0096714
37.632,-0.0083784
37.642,-0.0069521
37.652,-0.0054067
37.662,-0.0037376
37.672,-0.0019393
37.682,-2.0024e-005
37.692,0.0020545
37.702,0.0042667
37.712,0.00661
37.722,0.0090783
37.732,0.011662
37.742,0.014367
37.752,0.017163
37.762,0.020085
37.772,0.023093
37.782,0.026187
37.792,0.029377
37.802,0.032621
37.812,0.035922
37.822,0.039283
37.832,0.042707
37.842,0.046155
37.852,0.049632
37.862,0.053114
37.872,0.056604
37.882,0.060055
37.892,0.063495
37.902,0.066891
37.912,0.070258
37.922,0.07362
37.932,0.076937
37.942,0.080205
37.952,0.08337
37.962,0.086453
37.972,0.089443
37.982,0.092325
37.992,0.09506
38.002,0.097656
38.012,0.10011
38.022,0.1024
38.032,0.10453
38.042,0.10647
38.052,0.10824
38.062,0.10981
38.072,0.11118
38.082,0.11232
38.092,0.11326
38.102,0.11399
38.112,0.11452
38.122,0.11483
38.132,0.11493
38.142,0.11482
38.152,0.11451
38.162,0.114
38.172,0.11331
38.182,0.11244
38.192,0.11141
38.202,0.11022
38.212,0.10886
38.222,0.10737
38.232,0.10576
38.242,0.10405
38.252,0.10227
38.262,0.10042
38.272,0.098527
38.282,0.096592
38.292,0.094628
38.302,0.092627
38.312,0.090623
38.322,0.08864
38.332,0.086666
38.342,0.084695
38.352,0.082756
38.362,0.080857
38.372,0.079002
38.382,0.077198
38.392,0.075468
38.402,0.073812
38.412,0.072235
38.422,0.070745
38.432,0.069345
38.442,0.068033
38.452,0.066795
38.462,0.065636
38.472,0.064551
38.482,0.063539
38.492,0.062599
38.502,0.06174
38.512,0.060941
38.522,0.060177
38.532,0.059444
38.542,0.058754
38.552,0.058071
38.562,0.057372
38.572,0.05666
38.582,0.055931
38.592,0.055156
38.602,0.054336
38.612,0.053452
38.622,0.052495
38.632,0.051459
38.642,0.050341
38.652,0.049122
38.662,0.047765
38.672,0.046283
38.682,0.044669
38.692,0.042907
38.702,0.040995
38.712,0.038947
38.722,0.036767
38.732,0.034448
38.742,0.03198
38.752,0.029403
38.762,0.026699
38.772,0.023877
38.782,0.020934
38.792,0.017871
38.802,0.014719
38.812,0.011462
38.822,0.0081188
38.832,0.0046646
38.842,0.0011472
38.852,-0.0023948
38.861,-0.0059757
38.871,-0.0095804
38.881,-0.01319
38.891,-0.016806
38.901,-0.0204
38.911,-0.023926
38.921,-0.027413
38.931,-0.030826
38.941,-0.034124
38.951,-0.037301
38.961,-0.040363
38.971,-0.04327
38.981,-0.046033
38.991,-0.04863
39.001,-0.05104
39.011,-0.053261
39.021,-0.055279
39.031,-0.05709
39.041,-0.058673
39.051,-0.060043
39.061,-0.061168
39.071,-0.062054
39.081,-0.062711
39.091,-0.06312
39.101,-0.063293
39.111,-0.063224
39.121,-0.062924
39.131,-0.062388
39.141,-0.061626
39.151,-0.060638
39.161,-0.05943
39.171,-0.05799
39.181,-0.056351
39.191,-0.054491
39.201,-0.052435
39.211,-0.050176
39.221,-0.047741
39.231,-0.045143
39.241,-0.042398
39.251,-0.039458
39.261,-0.036359
39.271,-0.033143
39.281,-0.02976
39.291,-0.026268
39.301,-0.022666
39.311,-0.018986
39.321,-0.015192
39.331,-0.011278
39.341,-0.0072853
39.351,-0.0032125
39.361,0.00092704
39.371,0.0050946
39.381,0.0092934
39.391,0.013529
39.401,0.017808
39.411,0.022109
39.421,0.026404
39.431,0.030669
39.441,0.034923
39.451,0.039182
39.461,0.043384
39.471,0.047562
39.481,0.051681
39.491,0.055762
39.501,0.059802
39.511,0.063788
39.521,0.067694
39.531,0.071492
39.541,0.075218
39.551,0.078838
39.561,0.082362
39.571,0.085777
39.581,0.089066
39.591,0.092242
39.601,0.095312
39.611,0.098235
39.621,0.10104
39.631,0.1037
39.641,0.10622
39.651,0.10858
39.661,0.11081
39.671,0.11289
39.681,0.11482
39.691,0.11658
39.701,0.11817
39.711,0.11956
39.721,0.12077
39.731,0.1218
39.741,0.12264
39.751,0.12328
39.761,0.12374
39.771,0.12403
39.781,0.12413
39.791,0.12404
39.801,0.12376
39.811,0.12329
39.821,0.12265
39.831,0.12185
39.841,0.12085
39.851,0.11967
39.861,0.1183
39.871,0.11676
39.881,0.11505
39.891,0.11319
39.901,0.11118
39.911,0.10904
39.921,0.10676
39.931,0.10437
39.941,0.10186
39.951,0.099243
39.961,0.09651
39.971,0.093692
39.981,0.090799
39.991,0.087821
40.001,0.084796
40.011,0.081702
40.021,0.078553
40.031,0.075371
40.041,0.072152
40.051,0.068903
40.061,0.065659
40.071,0.062384
40.081,0.05914
40.091,0.055914
40.101,0.052749
40.111,0.049628
40.121,0.046569
40.131,0.043592
40.141,0.040678
40.151,0.03785
40.161,0.035132
40.171,0.03252
40.181,0.030029
40.191,0.027629
40.201,0.025359
40.211,0.023222
40.221,0.021202
40.23,0.019295
40.24,0.017518
40.25,0.015877
40.26,0.014361
40.27,0.012976
40.28,0.011715
40.29,0.010566
40.3,0.0095132
40.31,0.0085685
40.32,0.0077163
40.33,0.0069501
40.34,0.0062661
40.35,0.0056384
40.36,0.0050799
40.37,0.004584
40.38,0.0041444
40.39,0.0037531
40.4,0.0034077
40.41,0.0030948
40.42,0.0028086
40.43,0.0025437
40.44,0.0023039
40.45,0.0020849
40.46,0.0018835
40.47,0.0016735
40.48,0.0014593
40.49,0.0012337
40.5,0.00097904
40.51,0.00069331
40.52,0.0003638
40.53,-2.1441e-005
40.54,-0.00045994
40.55,-0.00096431
40.56,-0.0015434
40.57,-0.0021859
40.58,-0.0028962
40.59,-0.0036845
40.6,-0.0045588
40.61,-0.0055137
40.62,-0.0065438
40.63,-0.0076556
40.64,-0.0088559
40.65,-0.010158
40.66,-0.011545
40.67,-0.013003
40.68,-0.014543
40.69,-0.016154
40.7,-0.017826
40.71,-0.01955
40.72,-0.021328
40.73,-0.023136
40.74,-0.024948
40.75,-0.026768
40.76,-0.028593
40.77,-0.030428
40.78,-0.032238
40.79,-0.034029
40.8,-0.035797
40.81,-0.037525
40.82,-0.039202
40.83,-0.040828
40.84,-0.042385
40.85,-0.043877
40.86,-0.045297
40.87,-0.046627
40.88,-0.04787
40.89,-0.049
40.9,-0.050031
40.91,-0.050946
40.92,-0.051741
40.93,-0.052404
40.94,-0.05295
40.95,-0.053362
40.96,-0.053641
40.97,-0.053794
40.98,-0.053799
40.99,-0.053661
41,-0.053387
41.01,-0.052966
41.02,-0.052416
41.03,-0.051709
41.04,-0.050866
41.05,-0.049878
41.06,-0.048726
41.07,-0.047412
41.08,-0.045965
41.09,-0.044382
41.1,-0.042643
41.11,-0.040769
41.12,-0.038758
41.13,-0.03662
41.14,-0.034385
41.15,-0.032025
41.16,-0.029566
41.17,-0.027026
41.18,-0.024405
41.19,-0.021699
41.2,-0.018929
41.21,-0.016084
41.22,-0.013229
41.23,-0.010325
41.24,-0.0074056
41.25,-0.0044639
41.26,-0.0015193
41.27,0.0014199
41.28,0.0043174
41.29,0.0071453
41.3,0.0099409
41.31,0.012675
41.32,0.015356
41.33,0.017953
41.34,0.020455
41.35,0.022864
41.36,0.025179
41.37,0.027388
41.38,0.029483
41.39,0.031461
41.4,0.033286
41.41,0.03497
41.42,0.036504
41.43,0.037864
41.44,0.039069
41.45,0.0401
41.46,0.040946
41.47,0.041618
41.48,0.04211
41.49,0.042424
41.5,0.042565
41.51,0.042502
41.52,0.04226
41.53,0.041843
41.54,0.041243
41.55,0.04047
41.56,0.039528
41.57,0.038445
41.58,0.037216
41.589,0.035822
41.599,0.034282
41.609,0.032633
41.619,0.030862
41.629,0.028999
41.639,0.027051
41.649,0.025023
41.659,0.02293
41.669,0.020792
41.679,0.018603
41.689,0.016397
41.699,0.01417
41.709,0.011929
41.719,0.009688
41.729,0.0074608
41.739,0.0052435
41.749,0.0030594
41.759,0.00091638
41.769,-0.0011606
41.779,-0.0031827
41.789,-0.0051253
41.799,-0.0069898
41.809,-0.0087632
41.819,-0.010423
41.829,-0.011988
41.839,-0.013466
41.849,-0.01483
41.859,-0.016068
41.869,-0.017199
41.879,-0.018215
41.889,-0.019113
41.899,-0.019898
41.909,-0.020556
41.919,-0.021084
41.929,-0.021482
41.939,-0.021759
41.949,-0.021902
41.959,-0.02193
41.969,-0.021858
41.979,-0.021687
41.989,-0.02141
41.999,-0.021043
42.009,-0.02057
42.019,-0.020012
42.029,-0.01938
42.039,-0.01867
42.049,-0.017934
42.059,-0.017174
42.069,-0.016382
42.079,-0.015563
42.089,-0.014752
42.099,-0.013941
42.109,-0.013153
42.119,-0.012381
42.129,-0.011639
42.139,-0.010925
42.149,-0.010274
42.159,-0.0096868
42.169,-0.0091838
42.179,-0.0087833
42.189,-0.0084883
42.199,-0.0082926
42.209,-0.0081936
42.219,-0.0082149
42.229,-0.0083635
42.239,-0.0086368
42.249,-0.0090344
42.259,-0.0095802
42.269,-0.010271
42.279,-0.01109
42.289,-0.012057
42.299,-0.013171
42.309,-0.014449
42.319,-0.015857
42.329,-0.017425
42.339,-0.019143
42.349,-0.021
42.359,-0.022988
42.369,-0.025103
42.379,-0.027359
42.389,-0.029757
42.399,-0.032277
42.409,-0.034916
42.419,-0.037691
42.429,-0.040551
42.439,-0.043493
42.449,-0.046527
42.459,-0.049638
42.469,-0.052799
42.479,-0.055995
42.489,-0.059255
42.499,-0.062564
42.509,-0.065872
42.519,-0.069177
42.529,-0.072475
42.539,-0.075709
42.549,-0.078919
42.559,-0.082061
42.569,-0.085161
42.579,-0.088209
42.589,-0.091178
42.599,-0.09404
42.609,-0.096829
42.619,-0.099527
42.629,-0.10211
42.639,-0.10458
42.649,-0.10695
42.659,-0.10918
42.669,-0.11125
42.679,-0.11318
42.689,-0.11498
42.699,-0.1166
42.709,-0.11804
42.719,-0.11931
42.729,-0.12043
42.739,-0.12137
42.749,-0.12213
42.759,-0.12271
42.769,-0.12314
42.779,-0.12341
42.789,-0.12351
42.799,-0.12343
42.809,-0.12318
42.819,-0.12279
42.829,-0.12225
42.839,-0.12155
42.849,-0.12071
42.859,-0.11974
42.869,-0.1186
42.879,-0.11733
42.889,-0.11594
42.899,-0.11442
42.909,-0.11283
42.919,-0.11109
42.929,-0.10924
42.939,-0.10729
42.949,-0.10524
42.958,-0.10312
42.968,-0.1009
42.978,-0.098663
42.988,-0.096256
42.998,-0.093872
43.008,-0.091372
43.018,-0.088778
43.028,-0.086052
43.038,-0.083372
43.048,-0.080645
43.058,-0.077787
43.068,-0.075022
43.078,-0.07217
43.088,-0.069284
43.098,-0.066339
43.108,-0.063338
43.118,-0.060408
43.128,-0.05743
43.138,-0.054491
43.148,-0.051541
43.158,-0.048577
43.168,-0.045566
43.178,-0.042549
43.188,-0.03956
43.198,-0.036507
43.208,-0.033493
43.218,-0.030512
43.228,-0.027575
43.238,-0.024625
43.248,-0.021666
43.258,-0.018694
43.268,-0.015763
43.278,-0.012785
43.288,-0.0098197
43.298,-0.0068604
43.308,-0.0038776
43.318,-0.00097695
43.328,0.001937
43.338,0.0047769
43.348,0.0075643
43.358,0.010318
43.368,0.01303
43.378,0.015715
43.388,0.018345
43.398,0.020923
43.408,0.023419
43.418,0.025824
43.428,0.028171
43.438,0.03042
43.448,0.032565
43.458,0.034633
43.468,0.036641
43.478,0.038545
43.488,0.040344
43.498,0.042007
43.508,0.043511
43.518,0.044875
43.528,0.046111
43.538,0.047225
43.548,0.048232
43.558,0.049117
43.568,0.049848
43.578,0.050431
43.588,0.050867
43.598,0.05115
43.608,0.051278
43.618,0.051254
43.628,0.051068
43.638,0.050741
43.648,0.050271
43.658,0.049669
43.668,0.048917
43.678,0.048006
43.688,0.046933
43.698,0.045733
43.708,0.044412
43.718,0.042966
43.728,0.041395
43.738,0.039713
43.748,0.037893
43.758,0.035964
43.768,0.033939
43.778,0.031838
43.788,0.029654
43.798,0.027422
43.808,0.025141
43.818,0.022796
43.828,0.020424
43.838,0.01802
43.848,0.015558
43.858,0.013104
43.868,0.010642
43.878,0.0080642
43.888,0.0055361
43.898,0.0031157
43.908,0.00057033
43.918,-0.0019129
43.928,-0.004407
43.938,-0.0069121
43.948,-0.0091701
43.958,-0.011579
43.968,-0.013797
43.978,-0.015949
43.988,-0.018028
43.998,-0.020001
44.008,-0.021939
44.018,-0.023763
44.028,-0.02549
44.038,-0.02711
44.048,-0.028675
44.058,-0.030159
44.068,-0.031556
44.078,-0.032836
44.088,-0.034043
44.098,-0.035176
44.108,-0.036233
44.118,-0.037231
44.128,-0.038095
44.138,-0.038918
44.148,-0.039687
44.158,-0.040362
44.168,-0.040958
44.178,-0.041483
44.188,-0.041929
44.198,-0.042302
44.208,-0.042602
44.218,-0.042832
44.228,-0.042988
44.238,-0.043054
44.248,-0.043052
44.258,-0.042954
44.268,-0.042745
44.278,-0.042445
44.288,-0.042079
44.298,-0.04164
44.308,-0.041119
44.317,-0.040504
44.327,-0.03981
44.337,-0.039012
44.347,-0.038121
44.357,-0.037121
44.367,-0.036071
44.377,-0.03495
44.387,-0.033717
44.397,-0.032403
44.407,-0.030981
44.417,-0.029457
44.427,-0.027845
44.437,-0.02613
44.447,-0.024331
44.457,-0.022473
44.467,-0.02053
44.477,-0.018505
44.487,-0.016393
44.497,-0.014211
44.507,-0.011913
44.517,-0.0095715
44.527,-0.0071814
44.537,-0.0047264
44.547,-0.0021931
44.557,0.00039169
44.567,0.0030074
44.577,0.0056796
44.587,0.0083841
44.597,0.011162
44.607,0.013987
44.617,0.016831
44.627,0.019697
44.637,0.022575
44.647,0.025499
44.657,0.028436
44.667,0.03133
44.677,0.034298
44.687,0.037184
44.697,0.040091
44.707,0.042993
44.717,0.045881
44.727,0.048768
44.737,0.051638
44.747,0.054508
44.757,0.057336
44.767,0.060147
44.777,0.062884
44.787,0.0656
44.797,0.068299
44.807,0.070953
44.817,0.073543
44.827,0.076066
44.837,0.078543
44.847,0.080972
44.857,0.083345
44.867,0.085646
44.877,0.08789
44.887,0.090086
44.897,0.092228
44.907,0.094338
44.917,0.096406
44.927,0.098386
44.937,0.10031
44.947,0.10214
44.957,0.1039
44.967,0.10567
44.977,0.10738
44.987,0.10905
44.997,0.11064
45.007,0.11218
45.017,0.1136
45.027,0.11497
45.037,0.11629
45.047,0.11753
45.057,0.11869
45.067,0.11976
45.077,0.12072
45.087,0.12159
45.097,0.12236
45.107,0.12302
45.117,0.12356
45.127,0.12403
45.137,0.1244
45.147,0.12464
45.157,0.12476
45.167,0.12472
45.177,0.12455
45.187,0.12423
45.197,0.1238
45.207,0.12325
45.217,0.12256
45.227,0.12172
45.237,0.12072
45.247,0.11959
45.257,0.11832
45.267,0.11691
45.277,0.11534
45.287,0.11364
45.297,0.11174
45.307,0.10969
45.317,0.10752
45.327,0.10521
45.337,0.10275
45.347,0.10018
45.357,0.097445
45.367,0.094569
45.377,0.091584
45.387,0.08844
45.397,0.085172
45.407,0.081795
45.417,0.078349
45.427,0.074812
45.437,0.071188
45.447,0.067486
45.457,0.063713
45.467,0.059879
45.477,0.055981
45.487,0.052045
45.497,0.048044
45.507,0.044005
45.517,0.039944
45.527,0.035873
45.537,0.031801
45.547,0.027749
45.557,0.023684
45.567,0.019656
45.577,0.015642
45.587,0.011703
45.597,0.0078275
45.607,0.0039602
45.617,0.00016377
45.627,-0.0035209
45.637,-0.0071526
45.647,-0.010717
45.657,-0.014186
45.667,-0.017577
45.676,-0.020915
45.686,-0.024118
45.696,-0.027241
45.706,-0.030286
45.716,-0.033245
45.726,-0.0361
45.736,-0.038887
45.746,-0.041559
45.756,-0.044134
45.766,-0.04663
45.776,-0.049056
45.786,-0.051378
45.796,-0.053616
45.806,-0.055733
45.816,-0.057741
45.826,-0.059638
45.836,-0.061419
45.846,-0.063077
45.856,-0.064617
45.866,-0.066037
45.876,-0.06731
45.886,-0.068446
45.896,-0.069438
45.906,-0.070294
45.916,-0.071007
45.926,-0.071555
45.936,-0.071956
45.946,-0.072212
45.956,-0.072313
45.966,-0.072233
45.976,-0.071974
45.986,-0.071573
45.996,-0.071033
46.006,-0.070309
46.016,-0.069443
46.026,-0.068415
46.036,-0.06723
46.046,-0.065888
46.056,-0.064365
46.066,-0.062696
46.076,-0.060886
46.086,-0.058933
46.096,-0.056852
46.106,-0.054651
46.116,-0.052325
46.126,-0.049892
46.136,-0.047348
46.146,-0.044732
46.156,-0.042034
46.166,-0.039297
46.176,-0.036498
46.186,-0.033677
46.196,-0.030835
46.206,-0.028012
46.216,-0.025269
46.226,-0.022533
46.236,-0.019848
46.246,-0.017225
46.256,-0.014626
46.266,-0.01212
46.276,-0.0097519
46.286,-0.0074679
46.296,-0.0052897
46.306,-0.0032107
46.316,-0.0012433
46.326,0.00057237
46.336,0.0022617
46.346,0.0037945
46.356,0.0051606
46.366,0.0063744
46.376,0.0074426
46.386,0.0083742
46.396,0.0091749
46.406,0.0098178
46.416,0.01033
46.426,0.010726
46.436,0.011
46.446,0.011196
46.456,0.011326
46.466,0.011392
46.476,0.011417
46.486,0.011396
46.496,0.01135
46.506,0.011297
46.516,0.011261
46.526,0.011282
46.536,0.011384
46.546,0.011587
46.556,0.011866
46.566,0.012265
46.576,0.012817
46.586,0.013517
46.596,0.014381
46.606,0.015417
46.616,0.016609
46.626,0.017988
46.636,0.019622
46.646,0.02146
46.656,0.023471
46.666,0.025698
46.676,0.028113
46.686,0.030737
46.696,0.033579
46.706,0.036612
46.716,0.039783
46.726,0.043102
46.736,0.046544
46.746,0.05012
46.756,0.053808
46.766,0.057583
46.776,0.06144
46.786,0.065321
46.796,0.069272
46.806,0.073243
46.816,0.077204
46.826,0.081104
46.836,0.084975
46.846,0.088787
46.856,0.092536
46.866,0.096184
46.876,0.099743
46.886,0.10323
46.896,0.10655
46.906,0.10971
46.916,0.11269
46.926,0.1155
46.936,0.11811
46.946,0.12049
46.956,0.12264
46.966,0.12454
46.976,0.12618
46.986,0.1276
46.996,0.12874
47.006,0.1296
47.016,0.13012
47.026,0.13037
47.036,0.1304
47.045,0.13014
47.055,0.1296
47.065,0.12886
47.075,0.1279
47.085,0.12671
47.095,0.1253
47.105,0.12367
47.115,0.12187
47.125,0.11993
47.135,0.11784
47.145,0.11565
47.155,0.11337
47.165,0.11098
47.175,0.10854
47.185,0.10602
47.195,0.1034
47.205,0.10074
47.215,0.098066
47.225,0.095384
47.235,0.092688
47.245,0.090036
47.255,0.087427
47.265,0.084831
47.275,0.082271
47.285,0.079763
47.295,0.077315
47.305,0.074952
47.315,0.072657
47.325,0.070409
47.335,0.068266
47.345,0.066187
47.355,0.064156
47.365,0.06218
47.375,0.060273
47.385,0.058444
47.395,0.056742
47.405,0.055088
47.415,0.053535
47.425,0.052073
47.435,0.05071
47.445,0.049401
47.455,0.048161
47.465,0.047002
47.475,0.04593
47.485,0.044936
47.495,0.043989
47.505,0.043074
47.515,0.042174
47.525,0.041279
47.535,0.040392
47.545,0.039514
47.555,0.038632
47.565,0.037761
47.575,0.036854
47.585,0.035952
47.595,0.035041
47.605,0.034094
47.615,0.033097
47.625,0.032036
47.635,0.03087
47.645,0.029649
47.655,0.028394
47.665,0.027054
47.675,0.025657
47.685,0.024121
47.695,0.022468
47.705,0.020757
47.715,0.018984
47.725,0.017116
47.735,0.015152
47.745,0.013072
47.755,0.010935
47.765,0.0087707
47.775,0.0065547
47.785,0.0042707
47.795,0.0019154
47.805,-0.00046249
47.815,-0.002841
47.825,-0.0051984
47.835,-0.0075737
47.845,-0.009996
47.855,-0.012447
47.865,-0.014875
47.875,-0.017232
47.885,-0.019645
47.895,-0.022011
47.905,-0.024383
47.915,-0.026745
47.925,-0.029048
47.935,-0.03132
47.945,-0.033576
47.955,-0.035763
47.965,-0.037887
47.975,-0.039945
47.985,-0.041947
47.995,-0.043891
48.005,-0.045798
48.015,-0.047647
48.025,-0.04945
48.035,-0.051149
48.045,-0.052716
48.055,-0.054141
48.065,-0.055405
48.075,-0.05651
48.085,-0.057454
48.095,-0.058213
48.105,-0.058806
48.115,-0.059218
48.125,-0.059428
48.135,-0.059416
48.145,-0.059193
48.155,-0.058813
48.165,-0.05826
48.175,-0.057516
48.185,-0.056605
48.195,-0.055464
48.205,-0.054061
48.215,-0.052478
48.225,-0.050723
48.235,-0.048762
48.245,-0.046613
48.255,-0.044303
48.265,-0.04185
48.275,-0.039212
48.285,-0.036405
48.295,-0.033445
48.305,-0.030386
48.315,-0.027187
48.325,-0.02393
48.335,-0.02055
48.345,-0.017088
48.355,-0.013489
48.365,-0.0098742
48.375,-0.0061602
48.385,-0.0023386
48.395,0.0015984
48.404,0.0054974
48.414,0.0094344
48.424,0.013394
48.434,0.017267
48.444,0.021125
48.454,0.024857
48.464,0.028462
48.474,0.031945
48.484,0.035225
48.494,0.038376
48.504,0.041358
48.514,0.044106
48.524,0.046684
48.534,0.048956
48.544,0.051015
48.554,0.05271
48.564,0.054088
48.574,0.055117
48.584,0.055776
48.594,0.056068
48.604,0.056002
48.614,0.055555
48.624,0.054733
48.634,0.053553
48.644,0.05206
48.654,0.050245
48.664,0.04802
48.674,0.0455
48.684,0.042654
48.694,0.03952
48.704,0.036049
48.714,0.032254
48.724,0.028063
48.734,0.023587
48.744,0.018921
48.754,0.013975
48.764,0.0089147
48.774,0.0037285
48.784,-0.0016488
48.794,-0.0071764
48.804,-0.012852
48.814,-0.018621
48.824,-0.024394
48.834,-0.030257
48.844,-0.036142
48.854,-0.042087
48.864,-0.047989
48.874,-0.053758
48.884,-0.059395
48.894,-0.064832
48.904,-0.070162
48.914,-0.075379
48.924,-0.080406
48.934,-0.085202
48.944,-0.089725
48.954,-0.094072
48.964,-0.098246
48.974,-0.10233
48.984,-0.10605
48.994,-0.10951
49.004,-0.11268
49.014,-0.11557
49.024,-0.11825
49.034,-0.12077
49.044,-0.12305
49.054,-0.12506
49.064,-0.12691
49.074,-0.12856
49.084,-0.13006
49.094,-0.13143
49.104,-0.1326
49.114,-0.13353
49.124,-0.13435
49.134,-0.13505
49.144,-0.13569
49.154,-0.13627
49.164,-0.13679
49.174,-0.13731
49.184,-0.13774
49.194,-0.13815
49.204,-0.13857
49.214,-0.139
49.224,-0.13942
49.234,-0.13979
49.244,-0.14025
49.254,-0.14081
49.264,-0.14153
49.274,-0.1423
49.284,-0.14307
49.294,-0.14397
49.304,-0.14494
49.314,-0.14575
49.324,-0.14654
49.334,-0.14742
49.344,-0.14825
49.354,-0.14914
49.364,-0.14992
49.374,-0.15068
49.384,-0.15137
49.394,-0.15196
49.404,-0.15246
49.414,-0.15275
49.424,-0.153
49.434,-0.15316
49.444,-0.15304
49.454,-0.15264
49.464,-0.15229
49.474,-0.1516
49.484,-0.15065
49.494,-0.14958
49.504,-0.14845
49.514,-0.14693
49.524,-0.145
49.534,-0.14322
49.544,-0.14089
49.554,-0.13867
49.564,-0.13592
49.574,-0.13339
49.584,-0.13049
49.594,-0.12723
49.604,-0.12403
49.614,-0.12059
49.624,-0.11687
49.634,-0.11322
49.644,-0.10912
49.654,-0.10488
49.664,-0.10032
49.674,-0.095936
49.684,-0.091093
49.694,-0.086682
49.704,-0.081624
49.714,-0.076895
49.724,-0.072088
49.734,-0.067041
49.744,-0.062217
49.754,-0.057438
49.764,-0.05224
49.773,-0.047172
49.783,-0.042045
49.793,-0.037184
49.803,-0.032227
49.813,-0.027076
49.823,-0.021785
49.833,-0.016535
49.843,-0.011669
49.853,-0.0064863
49.863,-0.0011987
49.873,0.0041206
49.883,0.0091906
49.893,0.014458
49.903,0.019849
49.913,0.024927
49.923,0.030088
49.933,0.035579
49.943,0.038444
49.953,0.03618
