0,-0.0026677
0.010005,-0.0023708
0.02001,-0.0023429
0.030015,-0.0023473
0.04002,-0.0024342
0.050025,-0.00262
0.060029,-0.0027998
0.070034,-0.0029596
0.080039,-0.0030594
0.090044,-0.0031271
0.10005,-0.0032499
0.11005,-0.0034102
0.12006,-0.0035185
0.13006,-0.0035889
0.14007,-0.0037052
0.15007,-0.0037671
0.16008,-0.0038455
0.17008,-0.0039228
0.18009,-0.0039931
0.19009,-0.0040939
0.2001,-0.0042109
0.2101,-0.0043013
0.22011,-0.0043801
0.23011,-0.0044647
0.24012,-0.004549
0.25012,-0.0046431
0.26013,-0.0047436
0.27013,-0.0048319
0.28014,-0.0049276
0.29014,-0.0050053
0.30015,-0.0050902
0.31015,-0.0051637
0.32016,-0.0052784
0.33016,-0.0053822
0.34017,-0.0054472
0.35017,-0.0055096
0.36018,-0.0055623
0.37018,-0.0056243
0.38019,-0.0056921
0.39019,-0.005746
0.4002,-0.0058237
0.4102,-0.0059522
0.42021,-0.0060076
0.43021,-0.0060459
0.44022,-0.0060891
0.45022,-0.0061329
0.46023,-0.0061986
0.47023,-0.0062772
0.48024,-0.0063655
0.49024,-0.0064236
0.50025,-0.0064513
0.51025,-0.006483
0.52025,-0.0065254
0.53026,-0.0065772
0.54026,-0.0066319
0.55027,-0.0067182
0.56027,-0.0068026
0.57028,-0.0068922
0.58028,-0.0069488
0.59029,-0.0070073
0.60029,-0.0070708
0.6103,-0.0071318
0.6203,-0.0071634
0.63031,-0.0072008
0.64031,-0.0072416
0.65032,-0.0073186
0.66032,-0.007365
0.67033,-0.0074093
0.68033,-0.0074158
0.69034,-0.0074463
0.70034,-0.0074812
0.71035,-0.0075017
0.72035,-0.0075232
0.73036,-0.0075355
0.74036,-0.0075838
0.75037,-0.0076191
0.76037,-0.0076691
0.77038,-0.0076989
0.78038,-0.0077242
0.79039,-0.0077368
0.80039,-0.0077909
0.8104,-0.007846
0.8204,-0.0078596
0.83041,-0.0078882
0.84041,-0.0079032
0.85042,-0.007935
0.86042,-0.0079633
0.87043,-0.007976
0.88043,-0.0079906
0.89044,-0.0080029
0.90044,-0.0079993
0.91045,-0.0080244
0.92045,-0.0080438
0.93046,-0.0080739
0.94046,-0.0080828
0.95047,-0.0080766
0.96047,-0.0080616
0.97048,-0.0080546
0.98048,-0.0080603
0.99049,-0.0080778
1.0005,-0.0080817
1.0105,-0.0080775
1.0205,-0.0080713
1.0305,-0.0080645
1.0405,-0.0080637
1.0505,-0.0080576
1.0605,-0.0080811
1.0705,-0.0081002
1.0805,-0.008084
1.0905,-0.0080683
1.1005,-0.0080257
1.1105,-0.0079752
1.1205,-0.0079182
1.1306,-0.0079011
1.1406,-0.0078733
1.1506,-0.0078719
1.1606,-0.0078718
1.1706,-0.0078623
1.1806,-0.0078625
1.1906,-0.0078618
1.2006,-0.0078154
1.2106,-0.0077776
1.2206,-0.0077301
1.2306,-0.0076923
1.2406,-0.0076484
1.2506,-0.0075895
1.2606,-0.0075068
1.2706,-0.0074291
1.2806,-0.0073755
1.2906,-0.0073575
1.3006,-0.0073186
1.3106,-0.0072892
1.3206,-0.0072613
1.3307,-0.0072289
1.3407,-0.0071919
1.3507,-0.0071648
1.3607,-0.0071304
1.3707,-0.0070864
1.3807,-0.0070529
1.3907,-0.0070271
1.4007,-0.0069904
1.4107,-0.006966
1.4207,-0.0069118
1.4307,-0.006868
1.4407,-0.0068095
1.4507,-0.006754
1.4607,-0.0067119
1.4707,-0.006683
1.4807,-0.0066587
1.4907,-0.0066187
1.5007,-0.0065553
1.5107,-0.0064894
1.5207,-0.006427
1.5308,-0.0063723
1.5408,-0.0062991
1.5508,-0.006255
1.5608,-0.0062032
1.5708,-0.006149
1.5808,-0.0060931
1.5908,-0.0060347
1.6008,-0.0059627
1.6108,-0.0058962
1.6208,-0.0058174
1.6308,-0.0057477
1.6408,-0.0056927
1.6508,-0.0056478
1.6608,-0.005564
1.6708,-0.0055018
1.6808,-0.0054329
1.6908,-0.0053578
1.7008,-0.0052978
1.7108,-0.0052509
1.7208,-0.0051744
1.7308,-0.0051136
1.7409,-0.00506
1.7509,-0.0049662
1.7609,-0.004867
1.7709,-0.0047941
1.7809,-0.0047372
1.7909,-0.0046858
1.8009,-0.0046211
1.8109,-0.0045817
1.8209,-0.0045213
1.8309,-0.0044754
1.8409,-0.0044435
1.8509,-0.0043948
1.8609,-0.0043615
1.8709,-0.0043552
1.8809,-0.0043094
1.8909,-0.0042655
1.9009,-0.0042277
1.9109,-0.0041641
1.9209,-0.0041236
1.9309,-0.0040903
1.941,-0.0040451
1.951,-0.004033
1.961,-0.0039912
1.971,-0.0039424
1.981,-0.0039046
1.991,-0.0038659
2.001,-0.0038364
2.011,-0.00379
2.021,-0.0037499
2.031,-0.0037239
2.041,-0.0036862
2.051,-0.0036456
2.061,-0.0036032
2.071,-0.003586
2.081,-0.0035611
2.091,-0.0035159
2.101,-0.0034633
2.111,-0.0034449
2.121,-0.0034073
2.131,-0.0033882
2.141,-0.0033752
2.1511,-0.0033517
2.1611,-0.0033283
2.1711,-0.0033061
2.1811,-0.003283
2.1911,-0.0032396
2.2011,-0.003209
2.2111,-0.0031787
2.2211,-0.0031351
2.2311,-0.0030923
2.2411,-0.0030599
2.2511,-0.0030144
2.2611,-0.0029854
2.2711,-0.0029257
2.2811,-0.0028794
2.2911,-0.0028743
2.3011,-0.0028406
2.3111,-0.0027914
2.3211,-0.0027759
2.3311,-0.0027519
2.3411,-0.0027668
2.3512,-0.0027471
2.3612,-0.0027407
2.3712,-0.0027574
2.3812,-0.0027308
2.3912,-0.0027428
2.4012,-0.0027558
2.4112,-0.0027636
2.4212,-0.0027788
2.4312,-0.0027676
2.4412,-0.002758
2.4512,-0.0027445
2.4612,-0.0027413
2.4712,-0.0027312
2.4812,-0.0027262
2.4912,-0.0027231
2.5012,-0.0027219
2.5112,-0.0027354
2.5212,-0.0027273
2.5312,-0.0027065
2.5412,-0.0027305
2.5513,-0.0027069
2.5613,-0.0027104
2.5713,-0.0027085
2.5813,-0.0026879
2.5913,-0.0026946
2.6013,-0.0026751
2.6113,-0.0026604
2.6213,-0.0026645
2.6313,-0.0026755
2.6413,-0.0026847
2.6513,-0.0027061
2.6613,-0.0027209
2.6713,-0.0027392
2.6813,-0.0027796
2.6913,-0.0027779
2.7013,-0.0027762
2.7113,-0.0027922
2.7213,-0.0027968
2.7313,-0.0028412
2.7413,-0.0028521
2.7513,-0.0028623
2.7614,-0.0028791
2.7714,-0.0028816
2.7814,-0.0028999
2.7914,-0.0029143
2.8014,-0.0029398
2.8114,-0.0029801
2.8214,-0.0029936
2.8314,-0.0030348
2.8414,-0.0030334
2.8514,-0.0030513
2.8614,-0.003077
2.8714,-0.0031018
2.8814,-0.0031007
2.8914,-0.0031215
2.9014,-0.003165
2.9114,-0.0031825
2.9214,-0.0032004
2.9314,-0.0031975
2.9414,-0.0032151
2.9514,-0.0032467
2.9615,-0.0032616
2.9715,-0.003294
2.9815,-0.0033308
2.9915,-0.0033254
3.0015,-0.0033506
3.0115,-0.0033886
3.0215,-0.0033818
3.0315,-0.0033967
3.0415,-0.003426
3.0515,-0.0034642
3.0615,-0.0034895
3.0715,-0.0035019
3.0815,-0.0035109
3.0915,-0.0035205
3.1015,-0.0035465
3.1115,-0.0035582
3.1215,-0.0035819
3.1315,-0.0035796
3.1415,-0.0035751
3.1515,-0.0035719
3.1615,-0.0035618
3.1716,-0.0035481
3.1816,-0.0035271
3.1916,-0.0035353
3.2016,-0.003568
3.2116,-0.0035481
3.2216,-0.0035445
3.2316,-0.0035625
3.2416,-0.0035566
3.2516,-0.0035403
3.2616,-0.0035466
3.2716,-0.0035265
3.2816,-0.0035388
3.2916,-0.0035452
3.3016,-0.0035656
3.3116,-0.0035686
3.3216,-0.003584
3.3316,-0.003587
3.3416,-0.0035692
3.3516,-0.0035424
3.3616,-0.0035261
3.3717,-0.0035093
3.3817,-0.0034856
3.3917,-0.0034449
3.4017,-0.0034138
3.4117,-0.0034012
3.4217,-0.0033941
3.4317,-0.0033536
3.4417,-0.0033224
3.4517,-0.0033007
3.4617,-0.0032668
3.4717,-0.0032352
3.4817,-0.0032248
3.4917,-0.0031982
3.5017,-0.0031775
3.5117,-0.0031477
3.5217,-0.00309
3.5317,-0.0030393
3.5417,-0.0030006
3.5517,-0.0029431
3.5617,-0.0029078
3.5718,-0.0028586
3.5818,-0.0028081
3.5918,-0.0027584
3.6018,-0.0027054
3.6118,-0.0026353
3.6218,-0.0025654
3.6318,-0.0025057
3.6418,-0.0024415
3.6518,-0.0023616
3.6618,-0.0023135
3.6718,-0.0022611
3.6818,-0.0022163
3.6918,-0.0021657
3.7018,-0.002119
3.7118,-0.0020905
3.7218,-0.0020373
3.7318,-0.001978
3.7418,-0.0019374
3.7518,-0.0019153
3.7618,-0.0018539
3.7718,-0.0018066
3.7819,-0.001757
3.7919,-0.0016924
3.8019,-0.0016496
3.8119,-0.0015772
3.8219,-0.0015346
3.8319,-0.0014724
3.8419,-0.0014325
3.8519,-0.0013642
3.8619,-0.0013011
3.8719,-0.0012328
3.8819,-0.0011628
3.8919,-0.0010702
3.9019,-0.00099627
3.9119,-0.00094869
3.9219,-0.00087996
3.9319,-0.00082222
3.9419,-0.00073994
3.9519,-0.00067724
3.9619,-0.00058577
3.9719,-0.00048791
3.982,-0.00040448
3.992,-0.00033075
4.002,-0.00025259
4.012,-0.0001753
4.022,-0.00010067
4.032,-1.8968e-005
4.042,6.2961e-005
4.052,0.00012898
4.062,0.00019983
4.072,0.0002603
4.082,0.00037737
4.092,0.00044117
4.102,0.00050192
4.112,0.00057047
4.122,0.00063277
4.132,0.00068465
4.142,0.00075779
4.152,0.00083364
4.162,0.00090958
4.172,0.00098867
4.182,0.001087
4.1921,0.0011749
4.2021,0.0012747
4.2121,0.0013726
4.2221,0.0014522
4.2321,0.0015347
4.2421,0.0016246
4.2521,0.0017005
4.2621,0.0017886
4.2721,0.0018598
4.2821,0.0019136
4.2921,0.001986
4.3021,0.0020772
4.3121,0.0021549
4.3221,0.0022268
4.3321,0.0023175
4.3421,0.0023994
4.3521,0.0024909
4.3621,0.0025907
4.3721,0.0026715
4.3821,0.0027742
4.3922,0.0028876
4.4022,0.0030067
4.4122,0.0031115
4.4222,0.0032213
4.4322,0.003322
4.4422,0.003427
4.4522,0.0035284
4.4622,0.0036308
4.4722,0.0037371
4.4822,0.0038413
4.4922,0.0039249
4.5022,0.0040257
4.5122,0.0041453
4.5222,0.0042438
4.5322,0.0043596
4.5422,0.0044718
4.5522,0.0045813
4.5622,0.004663
4.5722,0.0047375
4.5822,0.0048196
4.5923,0.0049059
4.6023,0.0049939
4.6123,0.0050744
4.6223,0.0051601
4.6323,0.005246
4.6423,0.0053145
4.6523,0.0054071
4.6623,0.0054792
4.6723,0.0055963
4.6823,0.0057309
4.6923,0.0058287
4.7023,0.0059388
4.7123,0.006054
4.7223,0.0061457
4.7323,0.0062454
4.7423,0.0063296
4.7523,0.0064063
4.7623,0.0064659
4.7723,0.0065316
4.7823,0.0065894
4.7923,0.0066476
4.8024,0.0067354
4.8124,0.0068032
4.8224,0.0068676
4.8324,0.0069578
4.8424,0.0070405
4.8524,0.0071095
4.8624,0.007184
4.8724,0.0072406
4.8824,0.0073158
4.8924,0.0074046
4.9024,0.0075181
4.9124,0.0076064
4.9224,0.0077095
4.9324,0.007799
4.9424,0.0078705
4.9524,0.007953
4.9624,0.0080105
4.9724,0.0080863
4.9824,0.0081444
4.9924,0.0081995
5.0025,0.008268
5.0125,0.0083148
5.0225,0.0083742
5.0325,0.0084457
5.0425,0.0084956
5.0525,0.0085449
5.0625,0.0086056
5.0725,0.0086735
5.0825,0.0087331
5.0925,0.0088077
5.1025,0.0088667
5.1125,0.0089409
5.1225,0.0090308
5.1325,0.009102
5.1425,0.0091473
5.1525,0.0092077
5.1625,0.0092724
5.1725,0.0093164
5.1825,0.0093935
5.1925,0.009453
5.2025,0.0095366
5.2126,0.0096033
5.2226,0.0096603
5.2326,0.009698
5.2426,0.009755
5.2526,0.0097943
5.2626,0.0098369
5.2726,0.0098555
5.2826,0.0098793
5.2926,0.0099286
5.3026,0.0099667
5.3126,0.010013
5.3226,0.010056
5.3326,0.010089
5.3426,0.01012
5.3526,0.010148
5.3626,0.010187
5.3726,0.010226
5.3826,0.01026
5.3926,0.010298
5.4026,0.010327
5.4127,0.010354
5.4227,0.010392
5.4327,0.010421
5.4427,0.010452
5.4527,0.010482
5.4627,0.010517
5.4727,0.010529
5.4827,0.010538
5.4927,0.010556
5.5027,0.010572
5.5127,0.010601
5.5227,0.010641
5.5327,0.010681
5.5427,0.010721
5.5527,0.010759
5.5627,0.010791
5.5727,0.010817
5.5827,0.01085
5.5927,0.010884
5.6027,0.010913
5.6128,0.010947
5.6228,0.010993
5.6328,0.011032
5.6428,0.011061
5.6528,0.011088
5.6628,0.011119
5.6728,0.011151
5.6828,0.011185
5.6928,0.011223
5.7028,0.011255
5.7128,0.011287
5.7228,0.011318
5.7328,0.011351
5.7428,0.011388
5.7528,0.011429
5.7628,0.011458
5.7728,0.011492
5.7828,0.01154
5.7928,0.011568
5.8028,0.011613
5.8128,0.011659
5.8229,0.011697
5.8329,0.011733
5.8429,0.011767
5.8529,0.011799
5.8629,0.011825
5.8729,0.011841
5.8829,0.011869
5.8929,0.011893
5.9029,0.011915
5.9129,0.011937
5.9229,0.011953
5.9329,0.011976
5.9429,0.011986
5.9529,0.012002
5.9629,0.012016
5.9729,0.012035
5.9829,0.012061
5.9929,0.01209
6.0029,0.012133
6.0129,0.012171
6.023,0.012212
6.033,0.012264
6.043,0.012294
6.053,0.012315
6.063,0.012347
6.073,0.012381
6.083,0.012413
6.093,0.012427
6.103,0.012443
6.113,0.01248
6.123,0.012509
6.133,0.012528
6.143,0.012546
6.153,0.012563
6.163,0.012598
6.173,0.012632
6.183,0.01266
6.193,0.012678
6.203,0.012701
6.213,0.012725
6.2231,0.012733
6.2331,0.012746
6.2431,0.012762
6.2531,0.012781
6.2631,0.012796
6.2731,0.012796
6.2831,0.012819
6.2931,0.012853
6.3031,0.012881
6.3131,0.012907
6.3231,0.01294
6.3331,0.012979
6.3431,0.013025
6.3531,0.013061
6.3631,0.013091
6.3731,0.013142
6.3831,0.013185
6.3931,0.013236
6.4031,0.01329
6.4131,0.013335
6.4231,0.01337
6.4332,0.01341
6.4432,0.013455
6.4532,0.013485
6.4632,0.013514
6.4732,0.013547
6.4832,0.013582
6.4932,0.013615
6.5032,0.01364
6.5132,0.013662
6.5232,0.013696
6.5332,0.013729
6.5432,0.013767
6.5532,0.013801
6.5632,0.013835
6.5732,0.013878
6.5832,0.013922
6.5932,0.013972
6.6032,0.014024
6.6132,0.014074
6.6232,0.014109
6.6333,0.014148
6.6433,0.014201
6.6533,0.014249
6.6633,0.014287
6.6733,0.014333
6.6833,0.014378
6.6933,0.014414
6.7033,0.014447
6.7133,0.01448
6.7233,0.014515
6.7333,0.014553
6.7433,0.014598
6.7533,0.014646
6.7633,0.01469
6.7733,0.014733
6.7833,0.014777
6.7933,0.014817
6.8033,0.014859
6.8133,0.01489
6.8233,0.014927
6.8333,0.014966
6.8434,0.015003
6.8534,0.015044
6.8634,0.015085
6.8734,0.015126
6.8834,0.015169
6.8934,0.015202
6.9034,0.01523
6.9134,0.01526
6.9234,0.015286
6.9334,0.015313
6.9434,0.015337
6.9534,0.015366
6.9634,0.015399
6.9734,0.015437
6.9834,0.015468
6.9934,0.015496
7.0034,0.015534
7.0134,0.01557
7.0234,0.015601
7.0334,0.015632
7.0435,0.015669
7.0535,0.015712
7.0635,0.015751
7.0735,0.01578
7.0835,0.015804
7.0935,0.015822
7.1035,0.015844
7.1135,0.015863
7.1235,0.015886
7.1335,0.015915
7.1435,0.015943
7.1535,0.015972
7.1635,0.015996
7.1735,0.016025
7.1835,0.016049
7.1935,0.016061
7.2035,0.016078
7.2135,0.016112
7.2235,0.016143
7.2335,0.016165
7.2436,0.016193
7.2536,0.016209
7.2636,0.016227
7.2736,0.016239
7.2836,0.016242
7.2936,0.016256
7.3036,0.01627
7.3136,0.016273
7.3236,0.016271
7.3336,0.016273
7.3436,0.016282
7.3536,0.016287
7.3636,0.016293
7.3736,0.016299
7.3836,0.016315
7.3936,0.016335
7.4036,0.016352
7.4136,0.016359
7.4236,0.01638
7.4336,0.016399
7.4436,0.016407
7.4537,0.016411
7.4637,0.016423
7.4737,0.016435
7.4837,0.016452
7.4937,0.016457
7.5037,0.016449
7.5137,0.016442
7.5237,0.016433
7.5337,0.016422
7.5437,0.016419
7.5537,0.016413
7.5637,0.016404
7.5737,0.016397
7.5837,0.016378
7.5937,0.016371
7.6037,0.016367
7.6137,0.016349
7.6237,0.016337
7.6337,0.016327
7.6437,0.016325
7.6538,0.01632
7.6638,0.016314
7.6738,0.016307
7.6838,0.016297
7.6938,0.016292
7.7038,0.016279
7.7138,0.016273
7.7238,0.016269
7.7338,0.016257
7.7438,0.016237
7.7538,0.016231
7.7638,0.016225
7.7738,0.016215
7.7838,0.016218
7.7938,0.016221
7.8038,0.016223
7.8138,0.016223
7.8238,0.016219
7.8338,0.016217
7.8438,0.016218
7.8538,0.016211
7.8639,0.016205
7.8739,0.016196
7.8839,0.016193
7.8939,0.016188
7.9039,0.016178
7.9139,0.016156
7.9239,0.016142
7.9339,0.016139
7.9439,0.016124
7.9539,0.016121
7.9639,0.016119
7.9739,0.01611
7.9839,0.0161
7.9939,0.016086
8.0039,0.016084
8.0139,0.016082
8.0239,0.016086
8.0339,0.016093
8.0439,0.016089
8.0539,0.016081
8.064,0.016068
8.074,0.016055
8.084,0.016045
8.094,0.016029
8.104,0.016008
8.114,0.015996
8.124,0.015967
8.134,0.015945
8.144,0.015941
8.154,0.015927
8.164,0.015904
8.174,0.015883
8.184,0.015864
8.194,0.015834
8.204,0.015813
8.214,0.015793
8.224,0.015764
8.234,0.015743
8.244,0.015715
8.254,0.015686
8.2641,0.015653
8.2741,0.015622
8.2841,0.015587
8.2941,0.015543
8.3041,0.015494
8.3141,0.015443
8.3241,0.015387
8.3341,0.015323
8.3441,0.015264
8.3541,0.015212
8.3641,0.015164
8.3741,0.015103
8.3841,0.015047
8.3941,0.015004
8.4041,0.014955
8.4141,0.014897
8.4241,0.01485
8.4341,0.014796
8.4441,0.014732
8.4541,0.014666
8.4641,0.014604
8.4742,0.014537
8.4842,0.014465
8.4942,0.014385
8.5042,0.014315
8.5142,0.014241
8.5242,0.014148
8.5342,0.014059
8.5442,0.013959
8.5542,0.013837
8.5642,0.013715
8.5742,0.0136
8.5842,0.013485
8.5942,0.013371
8.6042,0.013249
8.6142,0.013127
8.6242,0.012999
8.6342,0.012855
8.6442,0.012714
8.6542,0.012576
8.6642,0.012418
8.6743,0.012261
8.6843,0.012103
8.6943,0.011944
8.7043,0.011783
8.7143,0.011623
8.7243,0.011473
8.7343,0.011319
8.7443,0.011166
8.7543,0.011006
8.7643,0.010847
8.7743,0.010684
8.7843,0.010528
8.7943,0.010376
8.8043,0.010227
8.8143,0.010081
8.8243,0.0099362
8.8343,0.009785
8.8443,0.0096342
8.8543,0.009495
8.8643,0.0093572
8.8743,0.0092339
8.8844,0.0091086
8.8944,0.0089891
8.9044,0.0088728
8.9144,0.0087608
8.9244,0.0086585
8.9344,0.0085729
8.9444,0.0084988
8.9544,0.008436
8.9644,0.0083827
8.9744,0.0083248
8.9844,0.0082703
8.9944,0.008231
9.0044,0.0081885
9.0144,0.0081505
9.0244,0.0081293
9.0344,0.008113
9.0444,0.0081051
9.0544,0.0081165
9.0644,0.0081376
9.0744,0.0081663
9.0845,0.0081981
9.0945,0.0082365
9.1045,0.0082969
9.1145,0.0083661
9.1245,0.0084348
9.1345,0.0085116
9.1445,0.0085982
9.1545,0.0086907
9.1645,0.0087876
9.1745,0.0089054
9.1845,0.0090343
9.1945,0.0091739
9.2045,0.0093326
9.2145,0.0095034
9.2245,0.0096788
9.2345,0.0098541
9.2445,0.010033
9.2545,0.010217
9.2645,0.010401
9.2745,0.01059
9.2846,0.010788
9.2946,0.011003
9.3046,0.011209
9.3146,0.011413
9.3246,0.011626
9.3346,0.011845
9.3446,0.012062
9.3546,0.012291
9.3646,0.012533
9.3746,0.012768
9.3846,0.012995
9.3946,0.013227
9.4046,0.013466
9.4146,0.013705
9.4246,0.013936
9.4346,0.014167
9.4446,0.014403
9.4546,0.014637
9.4646,0.014866
9.4746,0.015095
9.4846,0.01532
9.4947,0.015534
9.5047,0.015751
9.5147,0.01596
9.5247,0.016172
9.5347,0.016381
9.5447,0.016599
9.5547,0.01681
9.5647,0.017013
9.5747,0.017207
9.5847,0.017404
9.5947,0.017593
9.6047,0.017773
9.6147,0.017939
9.6247,0.018104
9.6347,0.018272
9.6447,0.018434
9.6547,0.018576
9.6647,0.018702
9.6747,0.01883
9.6847,0.01896
9.6948,0.019078
9.7048,0.0192
9.7148,0.019316
9.7248,0.01941
9.7348,0.019509
9.7448,0.019614
9.7548,0.019712
9.7648,0.019798
9.7748,0.019883
9.7848,0.01996
9.7948,0.020023
9.8048,0.020084
9.8148,0.020138
9.8248,0.020184
9.8348,0.020234
9.8448,0.020284
9.8548,0.020318
9.8648,0.020349
9.8748,0.020373
9.8848,0.020386
9.8948,0.020389
9.9049,0.020385
9.9149,0.020382
9.9249,0.020372
9.9349,0.020343
9.9449,0.020303
9.9549,0.020257
9.9649,0.020214
9.9749,0.020164
9.9849,0.020108
9.9949,0.020048
10.005,0.019985
10.015,0.01992
10.025,0.019843
10.035,0.01977
10.045,0.019675
10.055,0.019581
10.065,0.019492
10.075,0.019392
10.085,0.019289
10.095,0.01919
10.105,0.019076
10.115,0.018958
10.125,0.018841
10.135,0.018715
10.145,0.018586
10.155,0.018458
10.165,0.01832
10.175,0.018176
10.185,0.018024
10.195,0.01786
10.205,0.017692
10.215,0.017518
10.225,0.017335
10.235,0.017155
10.245,0.016974
10.255,0.016796
10.265,0.016616
10.275,0.01643
10.285,0.016246
10.295,0.016062
10.305,0.015869
10.315,0.01567
10.325,0.015467
10.335,0.015265
10.345,0.015055
10.355,0.014845
10.365,0.014637
10.375,0.014433
10.385,0.014224
10.395,0.014014
10.405,0.013799
10.415,0.013594
10.425,0.013388
10.435,0.013178
10.445,0.012967
10.455,0.012757
10.465,0.012549
10.475,0.012331
10.485,0.012115
10.495,0.011897
10.505,0.011675
10.515,0.01145
10.525,0.011234
10.535,0.011012
10.545,0.010795
10.555,0.010576
10.565,0.010364
10.575,0.010153
10.585,0.0099421
10.595,0.0097351
10.605,0.0095303
10.615,0.0093254
10.625,0.0091129
10.635,0.0089062
10.645,0.0086949
10.655,0.0084888
10.665,0.0082915
10.675,0.0080935
10.685,0.0078957
10.695,0.0076961
10.705,0.0075007
10.715,0.0073128
10.725,0.0071285
10.735,0.0069485
10.745,0.006777
10.755,0.0066218
10.765,0.0064544
10.775,0.0062832
10.785,0.0061107
10.795,0.0059372
10.805,0.0057656
10.815,0.0056038
10.825,0.005438
10.835,0.0052757
10.845,0.0051218
10.855,0.0049704
10.865,0.0048244
10.875,0.0046805
10.885,0.004538
10.895,0.0044008
10.905,0.0042675
10.915,0.0041316
10.925,0.004002
10.935,0.0038725
10.945,0.0037414
10.955,0.0036126
10.965,0.0034867
10.975,0.0033603
10.985,0.0032292
10.995,0.0031038
11.005,0.0029823
11.015,0.0028622
11.025,0.0027475
11.035,0.0026294
11.045,0.0025079
11.055,0.0023933
11.065,0.0022851
11.075,0.0021744
11.085,0.0020605
11.095,0.0019557
11.105,0.0018543
11.115,0.0017651
11.125,0.0016795
11.135,0.0015876
11.145,0.0014887
11.155,0.0013961
11.165,0.0013
11.175,0.0012043
11.185,0.001116
11.195,0.0010375
11.205,0.00095255
11.215,0.00087056
11.226,0.00079433
11.236,0.00072025
11.246,0.00064397
11.256,0.00057068
11.266,0.00049724
11.276,0.00042377
11.286,0.00035686
11.296,0.00029885
11.306,0.00023251
11.316,0.00016971
11.326,0.00011189
11.336,5.243e-005
11.346,-3.0595e-006
11.356,-4.5623e-005
11.366,-8.64e-005
11.376,-0.00013136
11.386,-0.00017902
11.396,-0.0002199
11.406,-0.00025942
11.416,-0.00029726
11.426,-0.00032768
11.436,-0.00035733
11.446,-0.00038054
11.456,-0.00040463
11.466,-0.00042997
11.476,-0.00045693
11.486,-0.00047439
11.496,-0.00049045
11.506,-0.00050233
11.516,-0.00051511
11.526,-0.00052717
11.536,-0.00053833
11.546,-0.00055384
11.556,-0.00057009
11.566,-0.00058766
11.576,-0.00060418
11.586,-0.00061761
11.596,-0.00062243
11.606,-0.00063531
11.616,-0.00064823
11.626,-0.00066249
11.636,-0.00068288
11.646,-0.00069856
11.656,-0.00071672
11.666,-0.0007335
11.676,-0.00074846
11.686,-0.00076259
11.696,-0.00077363
11.706,-0.00077778
11.716,-0.00078228
11.726,-0.00079062
11.736,-0.00078849
11.746,-0.00077803
11.756,-0.00077808
11.766,-0.00078191
11.776,-0.00077422
11.786,-0.00075547
11.796,-0.00073948
11.806,-0.00072083
11.816,-0.00070074
11.826,-0.00067835
11.836,-0.00065352
11.846,-0.00062611
11.856,-0.00059571
11.866,-0.0005585
11.876,-0.00051601
11.886,-0.00046301
11.896,-0.00040378
11.906,-0.00033704
11.916,-0.00026129
11.926,-0.00017689
11.936,-8.6819e-005
11.946,7.6595e-006
11.956,0.00010171
11.966,0.00019874
11.976,0.00030163
11.986,0.00041103
11.996,0.0005257
12.006,0.00065026
12.016,0.00077838
12.026,0.0009118
12.036,0.0010587
12.046,0.0012138
12.056,0.0013794
12.066,0.0015458
12.076,0.0017112
12.086,0.0018866
12.096,0.0020648
12.106,0.0022411
12.116,0.0024234
12.126,0.0026043
12.136,0.0027912
12.146,0.0029848
12.156,0.0031786
12.166,0.0033807
12.176,0.0035947
12.186,0.0038073
12.196,0.0040177
12.206,0.0042235
12.216,0.0044176
12.226,0.0046094
12.236,0.0047982
12.246,0.0049906
12.256,0.0051787
12.266,0.0053655
12.276,0.005549
12.286,0.0057239
12.296,0.0058977
12.306,0.0060729
12.316,0.0062418
12.326,0.006395
12.336,0.0065483
12.346,0.0066871
12.356,0.0068157
12.366,0.006933
12.376,0.0070481
12.386,0.0071598
12.396,0.0072702
12.406,0.0073739
12.416,0.0074752
12.426,0.0075694
12.436,0.0076541
12.446,0.0077397
12.456,0.0078192
12.466,0.0079018
12.476,0.0079738
12.486,0.0080394
12.496,0.0081052
12.506,0.0081681
12.516,0.0082282
12.526,0.0082858
12.536,0.008346
12.546,0.0084121
12.556,0.0084791
12.566,0.0085541
12.576,0.0086442
12.586,0.0087427
12.596,0.0088597
12.606,0.0089918
12.616,0.0091312
12.626,0.0092801
12.636,0.0094473
12.646,0.0096436
12.656,0.0098564
12.666,0.010086
12.676,0.010331
12.686,0.010601
12.696,0.010892
12.706,0.011218
12.716,0.011575
12.726,0.011961
12.736,0.012378
12.746,0.012823
12.756,0.013307
12.766,0.013814
12.776,0.014356
12.786,0.014937
12.796,0.015556
12.806,0.016196
12.816,0.016859
12.826,0.017551
12.836,0.018272
12.846,0.019034
12.856,0.019836
12.866,0.020655
12.876,0.021499
12.886,0.022373
12.896,0.023264
12.906,0.024177
12.916,0.025115
12.926,0.026068
12.936,0.027022
12.946,0.027978
12.956,0.028939
12.966,0.029898
12.976,0.03086
12.986,0.031817
12.996,0.032764
13.006,0.0337
13.016,0.034618
13.026,0.035513
13.036,0.036379
13.046,0.037206
13.056,0.038009
13.066,0.038772
13.076,0.039488
13.086,0.040157
13.096,0.040767
13.106,0.041324
13.116,0.04182
13.126,0.042248
13.136,0.042613
13.146,0.04291
13.156,0.043128
13.166,0.043264
13.176,0.043323
13.186,0.043293
13.196,0.043165
13.206,0.042941
13.216,0.042623
13.226,0.042196
13.236,0.041674
13.246,0.041039
13.256,0.040307
13.267,0.039472
13.277,0.038544
13.287,0.037524
13.297,0.036403
13.307,0.035195
13.317,0.033903
13.327,0.03251
13.337,0.031002
13.347,0.029408
13.357,0.027733
13.367,0.025983
13.377,0.024158
13.387,0.022271
13.397,0.02031
13.407,0.018273
13.417,0.016168
13.427,0.014006
13.437,0.011788
13.447,0.0095467
13.457,0.007256
13.467,0.0049322
13.477,0.002567
13.487,0.00017377
13.497,-0.00223
13.507,-0.0046617
13.517,-0.0071067
13.527,-0.0095655
13.537,-0.012066
13.547,-0.014575
13.557,-0.01706
13.567,-0.019509
13.577,-0.021915
13.587,-0.024341
13.597,-0.026743
13.607,-0.029094
13.617,-0.031428
13.627,-0.033747
13.637,-0.036005
13.647,-0.038242
13.657,-0.040416
13.667,-0.042563
13.677,-0.044643
13.687,-0.046661
13.697,-0.048633
13.707,-0.050537
13.717,-0.052369
13.727,-0.054142
13.737,-0.055839
13.747,-0.057544
13.757,-0.059196
13.767,-0.060772
13.777,-0.062312
13.787,-0.063769
13.797,-0.065175
13.807,-0.066544
13.817,-0.067847
13.827,-0.069095
13.837,-0.07031
13.847,-0.071497
13.857,-0.072637
13.867,-0.073736
13.877,-0.07481
13.887,-0.075854
13.897,-0.076871
13.907,-0.077865
13.917,-0.078853
13.927,-0.079814
13.937,-0.080737
13.947,-0.08168
13.957,-0.082594
13.967,-0.083532
13.977,-0.084447
13.987,-0.085345
13.997,-0.08628
14.007,-0.087207
14.017,-0.088105
14.027,-0.089042
14.037,-0.089988
14.047,-0.090909
14.057,-0.091842
14.067,-0.092776
14.077,-0.093715
14.087,-0.094655
14.097,-0.095578
14.107,-0.096564
14.117,-0.097515
14.127,-0.098445
14.137,-0.099387
14.147,-0.10033
14.157,-0.10127
14.167,-0.10222
14.177,-0.10315
14.187,-0.10406
14.197,-0.10497
14.207,-0.10588
14.217,-0.10677
14.227,-0.10762
14.237,-0.10845
14.247,-0.10928
14.257,-0.11003
14.267,-0.11082
14.277,-0.11154
14.287,-0.11221
14.297,-0.11282
14.307,-0.11336
14.317,-0.11386
14.327,-0.11432
14.337,-0.11474
14.347,-0.11506
14.357,-0.1153
14.367,-0.1155
14.377,-0.11564
14.387,-0.11566
14.397,-0.11562
14.407,-0.11551
14.417,-0.11532
14.427,-0.11505
14.437,-0.1147
14.447,-0.11428
14.457,-0.11378
14.467,-0.11321
14.477,-0.11256
14.487,-0.11185
14.497,-0.11107
14.507,-0.11019
14.517,-0.10927
14.527,-0.10824
14.537,-0.10719
14.547,-0.10609
14.557,-0.10493
14.567,-0.10371
14.577,-0.10248
14.587,-0.10121
14.597,-0.099899
14.607,-0.098576
14.617,-0.097241
14.627,-0.095904
14.637,-0.094557
14.647,-0.093159
14.657,-0.091781
14.667,-0.090404
14.677,-0.08907
14.687,-0.087754
14.697,-0.086451
14.707,-0.085172
14.717,-0.083934
14.727,-0.082705
14.737,-0.081545
14.747,-0.08047
14.757,-0.079423
14.767,-0.078476
14.777,-0.077578
14.787,-0.076803
14.797,-0.076097
14.807,-0.07551
14.817,-0.07502
14.827,-0.074622
14.837,-0.074355
14.847,-0.074187
14.857,-0.074136
14.867,-0.074215
14.877,-0.074416
14.887,-0.074758
14.897,-0.075245
14.907,-0.075849
14.917,-0.076582
14.927,-0.077453
14.937,-0.078487
14.947,-0.079655
14.957,-0.080949
14.967,-0.082398
14.977,-0.084038
14.987,-0.08579
14.997,-0.087733
15.007,-0.089842
15.017,-0.092169
15.027,-0.094563
15.037,-0.097172
15.047,-0.099864
15.057,-0.10266
15.067,-0.10557
15.077,-0.10866
15.087,-0.11184
15.097,-0.11516
15.107,-0.11861
15.117,-0.12219
15.127,-0.12585
15.137,-0.1296
15.147,-0.13349
15.157,-0.13748
15.167,-0.14154
15.177,-0.14569
15.187,-0.14999
15.197,-0.15442
15.207,-0.15896
15.217,-0.16364
15.227,-0.1684
15.237,-0.17326
15.247,-0.17821
15.257,-0.18326
15.267,-0.18839
15.277,-0.19364
15.287,-0.19898
15.297,-0.20436
15.308,-0.2098
15.318,-0.21538
15.328,-0.22105
15.338,-0.22677
15.348,-0.23253
15.358,-0.23833
15.368,-0.24424
15.378,-0.2502
15.388,-0.25623
15.398,-0.26231
15.408,-0.26848
15.418,-0.2747
15.428,-0.28102
15.438,-0.28742
15.448,-0.29388
15.458,-0.30038
15.468,-0.30693
15.478,-0.31355
15.488,-0.32024
15.498,-0.32697
15.508,-0.33377
15.518,-0.3406
15.528,-0.34747
15.538,-0.35439
15.548,-0.36131
15.558,-0.36823
15.568,-0.37513
15.578,-0.38205
15.588,-0.38901
15.598,-0.3959
15.608,-0.40279
15.618,-0.4097
15.628,-0.41659
15.638,-0.42338
15.648,-0.43021
15.658,-0.43704
15.668,-0.44379
15.678,-0.45044
15.688,-0.45704
15.698,-0.46366
15.708,-0.47027
15.718,-0.47687
15.728,-0.48338
15.738,-0.48987
15.748,-0.49634
15.758,-0.50279
15.768,-0.50927
15.778,-0.51566
15.788,-0.5221
15.798,-0.52855
15.808,-0.53498
15.818,-0.54141
15.828,-0.54786
15.838,-0.55443
15.848,-0.5611
15.858,-0.56768
15.868,-0.57418
15.878,-0.58064
15.888,-0.58706
15.898,-0.59346
15.908,-0.5999
15.918,-0.60636
15.928,-0.61286
15.938,-0.61933
15.948,-0.62578
15.958,-0.63227
15.968,-0.63874
15.978,-0.64525
15.988,-0.65178
15.998,-0.65833
16.008,-0.66493
16.018,-0.67164
16.028,-0.67831
16.038,-0.68497
16.048,-0.69169
16.058,-0.69849
16.068,-0.70538
16.078,-0.71236
16.088,-0.71939
16.098,-0.72658
16.108,-0.73384
16.118,-0.74123
16.128,-0.74876
16.138,-0.75635
16.148,-0.76409
16.158,-0.77205
16.168,-0.78004
16.178,-0.78824
16.188,-0.79659
16.198,-0.80518
16.208,-0.81398
16.218,-0.82304
16.228,-0.83238
16.238,-0.84194
16.248,-0.85182
16.258,-0.86195
16.268,-0.87236
16.278,-0.88297
16.288,-0.89396
16.298,-0.90535
16.308,-0.91737
16.318,-0.92987
16.328,-0.94261
16.338,-0.95584
16.348,-0.96987
16.358,-0.98424
16.368,-0.99928
16.378,-1.0146
16.388,-1.0311
16.398,-1.0479
16.408,-1.0645
16.418,-1.0816
16.428,-1.0986
16.438,-1.1151
16.448,-1.1321
16.458,-1.1488
16.468,-1.1655
16.478,-1.1821
16.488,-1.1985
16.498,-1.215
16.508,-1.2314
16.518,-1.2479
16.528,-1.2647
16.538,-1.2816
16.548,-1.2983
16.558,-1.315
16.568,-1.3317
16.578,-1.3484
16.588,-1.3651
16.598,-1.3818
16.608,-1.3985
16.618,-1.4153
16.628,-1.4322
16.638,-1.4488
16.648,-1.4651
16.658,-1.4811
16.668,-1.497
16.678,-1.5128
16.688,-1.5278
16.698,-1.5422
16.708,-1.556
16.718,-1.5689
16.728,-1.5809
16.738,-1.5919
16.748,-1.6023
16.758,-1.6114
16.768,-1.6193
16.778,-1.626
16.788,-1.6315
16.798,-1.6358
16.808,-1.6385
16.818,-1.6397
16.828,-1.6395
16.838,-1.6377
16.848,-1.6342
16.858,-1.629
16.868,-1.622
16.878,-1.6132
16.888,-1.6026
16.898,-1.5899
16.908,-1.5753
16.918,-1.5586
16.928,-1.5399
16.938,-1.5191
16.948,-1.4961
16.958,-1.4708
16.968,-1.4434
16.978,-1.4136
16.988,-1.3817
16.998,-1.3476
17.008,-1.3112
17.018,-1.2726
17.028,-1.232
17.038,-1.1885
17.048,-1.1426
17.058,-1.0946
17.068,-1.0439
17.078,-0.99109
17.088,-0.93635
17.098,-0.87997
17.108,-0.82111
17.118,-0.76021
17.128,-0.69737
17.138,-0.63246
17.148,-0.56619
17.158,-0.49812
17.168,-0.42849
17.178,-0.35777
17.188,-0.28587
17.198,-0.2127
17.208,-0.13891
17.218,-0.063478
17.228,0.013526
17.238,0.090454
17.248,0.16833
17.258,0.2471
17.268,0.32667
17.278,0.40621
17.288,0.48543
17.298,0.56505
17.308,0.6454
17.318,0.72551
17.328,0.80498
17.338,0.88492
17.349,0.96437
17.359,1.0431
17.369,1.1215
17.379,1.2
17.389,1.2774
17.399,1.354
17.409,1.4301
17.419,1.5054
17.429,1.5795
17.439,1.6525
17.449,1.7242
17.459,1.7946
17.469,1.8638
17.479,1.9316
17.489,1.9977
17.499,2.0619
17.509,2.1245
17.519,2.1853
17.529,2.2442
17.539,2.3013
17.549,2.3565
17.559,2.4097
17.569,2.461
17.579,2.5105
17.589,2.5583
17.599,2.6038
17.609,2.6471
17.619,2.6884
17.629,2.7277
17.639,2.7649
17.649,2.7996
17.659,2.8326
17.669,2.8635
17.679,2.8923
17.689,2.9189
17.699,2.9435
17.709,2.9661
17.719,2.9868
17.729,3.0053
17.739,3.022
17.749,3.0368
17.759,3.0495
17.769,3.0604
17.779,3.0694
17.789,3.0766
17.799,3.0821
17.809,3.0857
17.819,3.0876
17.829,3.0878
17.839,3.0862
17.849,3.083
17.859,3.0783
17.869,3.0719
17.879,3.064
17.889,3.0545
17.899,3.0435
17.909,3.0312
17.919,3.0175
17.929,3.0024
17.939,2.986
17.949,2.9684
17.959,2.9495
17.969,2.9296
17.979,2.9084
17.989,2.886
17.999,2.8625
18.009,2.8379
18.019,2.8125
18.029,2.7861
18.039,2.7588
18.049,2.7307
18.059,2.7018
18.069,2.672
18.079,2.6415
18.089,2.6104
18.099,2.5786
18.109,2.5461
18.119,2.513
18.129,2.4794
18.139,2.4452
18.149,2.4105
18.159,2.3754
18.169,2.3397
18.179,2.3037
18.189,2.2675
18.199,2.2309
18.209,2.1939
18.219,2.1566
18.229,2.1192
18.239,2.0818
18.249,2.0442
18.259,2.0066
18.269,1.9688
18.279,1.931
18.289,1.8934
18.299,1.8559
18.309,1.8184
18.319,1.7811
18.329,1.7442
18.339,1.7073
18.349,1.6703
18.359,1.6334
18.369,1.597
18.379,1.5608
18.389,1.5247
18.399,1.4889
18.409,1.4534
18.419,1.4181
18.429,1.3831
18.439,1.3486
18.449,1.3143
18.459,1.2806
18.469,1.2473
18.479,1.2145
18.489,1.1818
18.499,1.1499
18.509,1.1184
18.519,1.0873
18.529,1.0565
18.539,1.0261
18.549,0.9961
18.559,0.9667
18.569,0.93772
18.579,0.90898
18.589,0.88076
18.599,0.85293
18.609,0.8257
18.619,0.79877
18.629,0.7722
18.639,0.74605
18.649,0.72055
18.659,0.69546
18.669,0.67067
18.679,0.64638
18.689,0.62243
18.699,0.59883
18.709,0.57572
18.719,0.55293
18.729,0.5305
18.739,0.50848
18.749,0.48673
18.759,0.46518
18.769,0.44378
18.779,0.4227
18.789,0.40196
18.799,0.38147
18.809,0.3612
18.819,0.34116
18.829,0.32145
18.839,0.30196
18.849,0.28286
18.859,0.26391
18.869,0.24531
18.879,0.22695
18.889,0.20885
18.899,0.19096
18.909,0.17322
18.919,0.15579
18.929,0.13871
18.939,0.1219
18.949,0.10514
18.959,0.088666
18.969,0.072414
18.979,0.056482
18.989,0.04072
18.999,0.025064
19.009,0.0097353
19.019,-0.0052852
19.029,-0.02008
19.039,-0.034705
19.049,-0.049173
19.059,-0.063261
19.069,-0.076938
19.079,-0.090456
19.089,-0.1038
19.099,-0.11692
19.109,-0.12972
19.119,-0.14219
19.129,-0.15443
19.139,-0.1665
19.149,-0.17827
19.159,-0.18981
19.169,-0.201
19.179,-0.212
19.189,-0.22282
19.199,-0.23332
19.209,-0.24347
19.219,-0.25343
19.229,-0.26313
19.239,-0.27255
19.249,-0.28166
19.259,-0.29046
19.269,-0.29907
19.279,-0.30742
19.289,-0.31552
19.299,-0.32333
19.309,-0.33093
19.319,-0.33835
19.329,-0.34556
19.339,-0.35255
19.349,-0.35933
19.359,-0.36592
19.369,-0.37234
19.379,-0.37859
19.39,-0.38467
19.4,-0.39056
19.41,-0.3963
19.42,-0.40191
19.43,-0.40737
19.44,-0.41268
19.45,-0.41787
19.46,-0.42296
19.47,-0.42798
19.48,-0.43289
19.49,-0.43768
19.5,-0.44239
19.51,-0.44698
19.52,-0.45147
19.53,-0.45587
19.54,-0.46022
19.55,-0.46449
19.56,-0.46871
19.57,-0.47286
19.58,-0.47697
19.59,-0.48102
19.6,-0.48501
19.61,-0.48893
19.62,-0.49282
19.63,-0.49664
19.64,-0.50041
19.65,-0.50414
19.66,-0.50782
19.67,-0.51147
19.68,-0.51508
19.69,-0.51864
19.7,-0.52219
19.71,-0.52571
19.72,-0.52917
19.73,-0.53257
19.74,-0.53593
19.75,-0.53928
19.76,-0.54261
19.77,-0.54589
19.78,-0.54912
19.79,-0.55231
19.8,-0.55544
19.81,-0.55852
19.82,-0.56151
19.83,-0.56443
19.84,-0.5673
19.85,-0.57009
19.86,-0.57279
19.87,-0.57541
19.88,-0.57795
19.89,-0.5804
19.9,-0.58274
19.91,-0.58497
19.92,-0.58707
19.93,-0.58909
19.94,-0.59101
19.95,-0.5928
19.96,-0.59449
19.97,-0.59608
19.98,-0.59753
19.99,-0.59885
20,-0.60004
20.01,-0.60108
20.02,-0.60197
20.03,-0.6027
20.04,-0.60329
20.05,-0.60371
20.06,-0.60397
20.07,-0.60407
20.08,-0.60399
20.09,-0.60375
20.1,-0.60334
20.11,-0.60275
20.12,-0.60198
20.13,-0.60105
20.14,-0.59994
20.15,-0.59865
20.16,-0.59718
20.17,-0.59551
20.18,-0.59366
20.19,-0.59164
20.2,-0.58944
20.21,-0.58706
20.22,-0.5845
20.23,-0.58175
20.24,-0.57884
20.25,-0.57576
20.26,-0.5725
20.27,-0.56908
20.28,-0.5655
20.29,-0.56177
20.3,-0.55785
20.31,-0.55381
20.32,-0.54965
20.33,-0.54533
20.34,-0.54092
20.35,-0.53638
20.36,-0.53166
20.37,-0.52686
20.38,-0.52194
20.39,-0.5169
20.4,-0.51179
20.41,-0.50662
20.42,-0.50139
20.43,-0.49615
20.44,-0.49086
20.45,-0.48552
20.46,-0.48015
20.47,-0.47476
20.48,-0.46944
20.49,-0.46412
20.5,-0.45883
20.51,-0.4536
20.52,-0.4484
20.53,-0.44323
20.54,-0.43806
20.55,-0.43294
20.56,-0.42788
20.57,-0.42287
20.58,-0.41793
20.59,-0.41311
20.6,-0.40838
20.61,-0.40375
20.62,-0.39925
20.63,-0.39487
20.64,-0.3906
20.65,-0.38646
20.66,-0.38245
20.67,-0.37857
20.68,-0.37481
20.69,-0.37119
20.7,-0.3677
20.71,-0.36434
20.72,-0.36109
20.73,-0.35797
20.74,-0.35499
20.75,-0.35215
20.76,-0.34939
20.77,-0.34675
20.78,-0.34424
20.79,-0.34184
20.8,-0.33954
20.81,-0.33736
20.82,-0.33528
20.83,-0.3333
20.84,-0.33141
20.85,-0.3296
20.86,-0.32785
20.87,-0.32618
20.88,-0.32457
20.89,-0.32302
20.9,-0.32152
20.91,-0.32008
20.92,-0.31866
20.93,-0.31729
20.94,-0.31595
20.95,-0.31464
20.96,-0.31335
20.97,-0.31207
20.98,-0.31082
20.99,-0.30957
21,-0.30834
21.01,-0.30713
21.02,-0.30592
21.03,-0.30471
21.04,-0.30351
21.05,-0.30231
21.06,-0.30112
21.07,-0.29993
21.08,-0.29874
21.09,-0.29755
21.1,-0.29639
21.11,-0.29522
21.12,-0.29406
21.13,-0.29291
21.14,-0.29178
21.15,-0.29067
21.16,-0.28957
21.17,-0.28849
21.18,-0.28743
21.19,-0.28639
21.2,-0.28537
21.21,-0.28439
21.22,-0.28342
21.23,-0.28248
21.24,-0.28158
21.25,-0.28071
21.26,-0.27989
21.27,-0.27909
21.28,-0.27834
21.29,-0.27764
21.3,-0.27696
21.31,-0.27631
21.32,-0.27571
21.33,-0.27514
21.34,-0.27461
21.35,-0.27412
21.36,-0.27366
21.37,-0.27323
21.38,-0.27282
21.39,-0.27245
21.4,-0.27209
21.41,-0.27176
21.42,-0.27143
21.431,-0.27112
21.441,-0.2708
21.451,-0.27048
21.461,-0.27015
21.471,-0.26981
21.481,-0.26944
21.491,-0.26905
21.501,-0.26861
21.511,-0.26813
21.521,-0.26761
21.531,-0.26703
21.541,-0.26639
21.551,-0.26567
21.561,-0.26487
21.571,-0.26399
21.581,-0.263
21.591,-0.26192
21.601,-0.26074
21.611,-0.25945
21.621,-0.25804
21.631,-0.25651
21.641,-0.25484
21.651,-0.25303
21.661,-0.25108
21.671,-0.249
21.681,-0.24675
21.691,-0.24435
21.701,-0.24182
21.711,-0.23914
21.721,-0.23631
21.731,-0.23331
21.741,-0.23015
21.751,-0.22684
21.761,-0.22331
21.771,-0.21965
21.781,-0.21585
21.791,-0.21189
21.801,-0.20778
21.811,-0.20351
21.821,-0.19913
21.831,-0.19461
21.841,-0.18994
21.851,-0.18511
21.861,-0.1802
21.871,-0.17516
21.881,-0.17002
21.891,-0.16478
21.901,-0.15947
21.911,-0.15404
21.921,-0.14852
21.931,-0.14294
21.941,-0.13731
21.951,-0.13161
21.961,-0.12587
21.971,-0.12009
21.981,-0.11425
21.991,-0.10837
22.001,-0.10247
22.011,-0.096636
22.021,-0.090737
22.031,-0.084816
22.041,-0.078931
22.051,-0.073082
22.061,-0.067322
22.071,-0.061587
22.081,-0.055884
22.091,-0.050226
22.101,-0.044632
22.111,-0.039102
22.121,-0.033644
22.131,-0.028232
22.141,-0.022899
22.151,-0.017689
22.161,-0.012563
22.171,-0.007532
22.181,-0.002601
22.191,0.0022083
22.201,0.0068866
22.211,0.011484
22.221,0.015969
22.231,0.020308
22.241,0.024507
22.251,0.028569
22.261,0.032495
22.271,0.036287
22.281,0.039936
22.291,0.043453
22.301,0.046818
22.311,0.050048
22.321,0.053153
22.331,0.056102
22.341,0.058881
22.351,0.061505
22.361,0.063984
22.371,0.066313
22.381,0.068487
22.391,0.070514
22.401,0.072399
22.411,0.07414
22.421,0.075736
22.431,0.077162
22.441,0.078433
22.451,0.07957
22.461,0.080574
22.471,0.081428
22.481,0.082126
22.491,0.082685
22.501,0.083104
22.511,0.083381
22.521,0.083521
22.531,0.083527
22.541,0.083394
22.551,0.083128
22.561,0.082742
22.571,0.082225
22.581,0.081587
22.591,0.080827
22.601,0.079952
22.611,0.078953
22.621,0.077843
22.631,0.076636
22.641,0.075316
22.651,0.073891
22.661,0.072365
22.671,0.070754
22.681,0.069059
22.691,0.067269
22.701,0.065404
22.711,0.063471
22.721,0.061473
22.731,0.059403
22.741,0.057282
22.751,0.055077
22.761,0.052811
22.771,0.050511
22.781,0.048179
22.791,0.045789
22.801,0.043333
22.811,0.040847
22.821,0.038335
22.831,0.035787
22.841,0.0332
22.851,0.030594
22.861,0.02797
22.871,0.025339
22.881,0.022692
22.891,0.020054
22.901,0.017401
22.911,0.014739
22.921,0.012098
22.931,0.0094575
22.941,0.0068219
22.951,0.0041962
22.961,0.0015925
22.971,-0.00096819
22.981,-0.0035121
22.991,-0.0060604
23.001,-0.0085918
23.011,-0.011079
23.021,-0.013546
23.031,-0.01599
23.041,-0.018404
23.051,-0.020768
23.061,-0.023088
23.071,-0.025373
23.081,-0.027617
23.091,-0.029818
23.101,-0.031969
23.111,-0.03408
23.121,-0.036151
23.131,-0.038174
23.141,-0.04015
23.151,-0.042078
23.161,-0.043953
23.171,-0.045772
23.181,-0.047542
23.191,-0.049261
23.201,-0.050934
23.211,-0.052551
23.221,-0.054118
23.231,-0.055629
23.241,-0.057077
23.251,-0.058476
23.261,-0.059828
23.271,-0.061134
23.281,-0.062385
23.291,-0.063574
23.301,-0.064718
23.311,-0.065821
23.321,-0.066875
23.331,-0.067887
23.341,-0.068863
23.351,-0.069794
23.361,-0.070695
23.371,-0.071558
23.381,-0.072394
23.391,-0.0732
23.401,-0.073981
23.411,-0.074734
23.421,-0.075457
23.431,-0.076154
23.441,-0.076831
23.451,-0.077495
23.461,-0.078143
23.472,-0.07877
23.482,-0.079396
23.492,-0.080025
23.502,-0.080652
23.512,-0.081269
23.522,-0.08188
23.532,-0.082485
23.542,-0.0831
23.552,-0.083715
23.562,-0.084342
23.572,-0.08498
23.582,-0.085627
23.592,-0.086283
23.602,-0.086947
23.612,-0.087625
23.622,-0.088315
23.632,-0.089014
23.642,-0.08973
23.652,-0.090458
23.662,-0.091202
23.672,-0.091958
23.682,-0.092723
23.692,-0.093499
23.702,-0.094283
23.712,-0.095076
23.722,-0.095882
23.732,-0.0967
23.742,-0.097507
23.752,-0.098324
23.762,-0.099154
23.772,-0.099987
23.782,-0.10083
23.792,-0.10168
23.802,-0.10255
23.812,-0.10341
23.822,-0.10427
23.832,-0.10513
23.842,-0.10599
23.852,-0.10684
23.862,-0.1077
23.872,-0.10856
23.882,-0.10941
23.892,-0.11025
23.902,-0.11109
23.912,-0.11193
23.922,-0.11276
23.932,-0.11357
23.942,-0.11436
23.952,-0.11516
23.962,-0.11595
23.972,-0.11672
23.982,-0.11748
23.992,-0.11824
24.002,-0.119
24.012,-0.11974
24.022,-0.12047
24.032,-0.1212
24.042,-0.12191
24.052,-0.12263
24.062,-0.12334
24.072,-0.12404
24.082,-0.12474
24.092,-0.12544
24.102,-0.12615
24.112,-0.12684
24.122,-0.12754
24.132,-0.12823
24.142,-0.12893
24.152,-0.12961
24.162,-0.1303
24.172,-0.13097
24.182,-0.13166
24.192,-0.13235
24.202,-0.13305
24.212,-0.13375
24.222,-0.13445
24.232,-0.13516
24.242,-0.13587
24.252,-0.13658
24.262,-0.13729
24.272,-0.138
24.282,-0.13871
24.292,-0.13943
24.302,-0.14014
24.312,-0.14086
24.322,-0.14158
24.332,-0.14229
24.342,-0.143
24.352,-0.1437
24.362,-0.14441
24.372,-0.14511
24.382,-0.14581
24.392,-0.14648
24.402,-0.14715
24.412,-0.14782
24.422,-0.14849
24.432,-0.14915
24.442,-0.14978
24.452,-0.15039
24.462,-0.15098
24.472,-0.15156
24.482,-0.15212
24.492,-0.15264
24.502,-0.15314
24.512,-0.15361
24.522,-0.15405
24.532,-0.15445
24.542,-0.1548
24.552,-0.15511
24.562,-0.15539
24.572,-0.15562
24.582,-0.1558
24.592,-0.15595
24.602,-0.15604
24.612,-0.15608
24.622,-0.15606
24.632,-0.15599
24.642,-0.15586
24.652,-0.15569
24.662,-0.15545
24.672,-0.15514
24.682,-0.15476
24.692,-0.15432
24.702,-0.15381
24.712,-0.15324
24.722,-0.1526
24.732,-0.15189
24.742,-0.15111
24.752,-0.15025
24.762,-0.14932
24.772,-0.14833
24.782,-0.14727
24.792,-0.14615
24.802,-0.14495
24.812,-0.1437
24.822,-0.14238
24.832,-0.14102
24.842,-0.13959
24.852,-0.13809
24.862,-0.13654
24.872,-0.13493
24.882,-0.13327
24.892,-0.13157
24.902,-0.12982
24.912,-0.12805
24.922,-0.12624
24.932,-0.1244
24.942,-0.12254
24.952,-0.12065
24.962,-0.11874
24.972,-0.11684
24.982,-0.1149
24.992,-0.11294
25.002,-0.11098
25.012,-0.10901
25.022,-0.10705
25.032,-0.10509
25.042,-0.10314
25.052,-0.10121
25.062,-0.099302
25.072,-0.097417
25.082,-0.095545
25.092,-0.093708
25.102,-0.091903
25.112,-0.090137
25.122,-0.088413
25.132,-0.086732
25.142,-0.085084
25.152,-0.083495
25.162,-0.081955
25.172,-0.080469
25.182,-0.079045
25.192,-0.077664
25.202,-0.076336
25.212,-0.075082
25.222,-0.073896
25.232,-0.072773
25.242,-0.071711
25.252,-0.07072
25.262,-0.069795
25.272,-0.068931
25.282,-0.068134
25.292,-0.067407
25.302,-0.066752
25.312,-0.066158
25.322,-0.065631
25.332,-0.065168
25.342,-0.064775
25.352,-0.064435
25.362,-0.064157
25.372,-0.06394
25.382,-0.063773
25.392,-0.063664
25.402,-0.063608
25.412,-0.063609
25.422,-0.063646
25.432,-0.063728
25.442,-0.063855
25.452,-0.064024
25.462,-0.064239
25.472,-0.064492
25.482,-0.06477
25.492,-0.065077
25.502,-0.065408
25.513,-0.065771
25.523,-0.066155
25.533,-0.066552
25.543,-0.066961
25.553,-0.067389
25.563,-0.067825
25.573,-0.068262
25.583,-0.068704
25.593,-0.069146
25.603,-0.069594
25.613,-0.070036
25.623,-0.070464
25.633,-0.07088
25.643,-0.071291
25.653,-0.071689
25.663,-0.072065
25.673,-0.072416
25.683,-0.072742
25.693,-0.073047
25.703,-0.073325
25.713,-0.07357
25.723,-0.07378
25.733,-0.073953
25.743,-0.074093
25.753,-0.074192
25.763,-0.074251
25.773,-0.074276
25.783,-0.074259
25.793,-0.074188
25.803,-0.074071
25.813,-0.073902
25.823,-0.07368
25.833,-0.073411
25.843,-0.073093
25.853,-0.072727
25.863,-0.072303
25.873,-0.07182
25.883,-0.071287
25.893,-0.070711
25.903,-0.070086
25.913,-0.069415
25.923,-0.068689
25.933,-0.067915
25.943,-0.067094
25.953,-0.066238
25.963,-0.065334
25.973,-0.064372
25.983,-0.063362
25.993,-0.062334
26.003,-0.061267
26.013,-0.060167
26.023,-0.059043
26.033,-0.057893
26.043,-0.056698
26.053,-0.055478
26.063,-0.054237
26.073,-0.05297
26.083,-0.051681
26.093,-0.050371
26.103,-0.049054
26.113,-0.047719
26.123,-0.046372
26.133,-0.045025
26.143,-0.043679
26.153,-0.042339
26.163,-0.041
26.173,-0.039674
26.183,-0.038354
26.193,-0.037049
26.203,-0.035747
26.213,-0.034481
26.223,-0.033231
26.233,-0.031999
26.243,-0.030788
26.253,-0.029604
26.263,-0.028443
26.273,-0.02731
26.283,-0.026215
26.293,-0.025153
26.303,-0.024122
26.313,-0.023127
26.323,-0.02217
26.333,-0.021248
26.343,-0.020359
26.353,-0.019506
26.363,-0.018693
26.373,-0.017928
26.383,-0.017215
26.393,-0.016548
26.403,-0.015928
26.413,-0.01536
26.423,-0.014832
26.433,-0.014343
26.443,-0.013902
26.453,-0.013514
26.463,-0.013164
26.473,-0.012855
26.483,-0.012587
26.493,-0.012361
26.503,-0.012181
26.513,-0.012043
26.523,-0.01194
26.533,-0.011864
26.543,-0.011812
26.553,-0.011789
26.563,-0.011802
26.573,-0.011835
26.583,-0.011891
26.593,-0.011972
26.603,-0.012067
26.613,-0.012179
26.623,-0.012308
26.633,-0.012445
26.643,-0.01259
26.653,-0.01274
26.663,-0.012899
26.673,-0.013057
26.683,-0.013221
26.693,-0.013379
26.703,-0.013521
26.713,-0.013657
26.723,-0.013776
26.733,-0.013879
26.743,-0.013954
26.753,-0.014002
26.763,-0.014033
26.773,-0.014043
26.783,-0.014025
26.793,-0.013973
26.803,-0.013887
26.813,-0.013765
26.823,-0.013609
26.833,-0.013414
26.843,-0.013172
26.853,-0.012886
26.863,-0.012556
26.873,-0.012184
26.883,-0.011764
26.893,-0.011291
26.903,-0.010784
26.913,-0.010232
26.923,-0.0096256
26.933,-0.0089642
26.943,-0.0082585
26.953,-0.0075028
26.963,-0.00671
26.973,-0.0058652
26.983,-0.0049761
26.993,-0.0040607
27.003,-0.0031043
27.013,-0.0021065
27.023,-0.0010599
27.033,2.2817e-005
27.043,0.0011406
27.053,0.0022853
27.063,0.0034633
27.073,0.004681
27.083,0.0059339
27.093,0.0072073
27.103,0.0084899
27.113,0.0098075
27.123,0.011141
27.133,0.01249
27.143,0.013852
27.153,0.015222
27.163,0.0166
27.173,0.017993
27.183,0.019387
27.193,0.020781
27.203,0.022158
27.213,0.023531
27.223,0.024911
27.233,0.026285
27.243,0.027648
27.253,0.028993
27.263,0.030328
27.273,0.031646
27.283,0.032946
27.293,0.03422
27.303,0.035477
27.313,0.0367
27.323,0.037887
27.333,0.039056
27.343,0.040216
27.353,0.041339
27.363,0.042423
27.373,0.043466
27.383,0.044475
27.393,0.045444
27.403,0.046372
27.413,0.047267
27.423,0.048121
27.433,0.048935
27.443,0.049704
27.453,0.050442
27.463,0.051141
27.473,0.051806
27.483,0.052423
27.493,0.052991
27.503,0.053522
27.513,0.054015
27.523,0.054467
27.533,0.054877
27.543,0.055239
27.554,0.055564
27.564,0.055859
27.574,0.056106
27.584,0.056307
27.594,0.056466
27.604,0.056596
27.614,0.056696
27.624,0.056751
27.634,0.056766
27.644,0.056752
27.654,0.056706
27.664,0.056623
27.674,0.056503
27.684,0.056345
27.694,0.05616
27.704,0.055935
27.714,0.05568
27.724,0.055399
27.734,0.055076
27.744,0.054729
27.754,0.054351
27.764,0.053939
27.774,0.053492
27.784,0.053011
27.794,0.052506
27.804,0.051976
27.814,0.051427
27.824,0.050852
27.834,0.050243
27.844,0.049603
27.854,0.04895
27.864,0.048282
27.874,0.047581
27.884,0.046855
27.894,0.046098
27.904,0.04532
27.914,0.04453
27.924,0.043715
27.934,0.04288
27.944,0.042027
27.954,0.041162
27.964,0.04028
27.974,0.039376
27.984,0.038465
27.994,0.037531
28.004,0.036579
28.014,0.035608
28.024,0.034621
28.034,0.033618
28.044,0.032597
28.054,0.031558
28.064,0.03051
28.074,0.029449
28.084,0.028371
28.094,0.027275
28.104,0.026157
28.114,0.025024
28.124,0.023886
28.134,0.022732
28.144,0.021555
28.154,0.020358
28.164,0.019159
28.174,0.017959
28.184,0.016753
28.194,0.015539
28.204,0.014303
28.214,0.013062
28.224,0.011823
28.234,0.010577
28.244,0.0093124
28.254,0.008039
28.264,0.0067743
28.274,0.0054978
28.284,0.0042099
28.294,0.0029149
28.304,0.0016188
28.314,0.00031354
28.324,-0.00099585
28.334,-0.0023205
28.344,-0.0036381
28.354,-0.0049382
28.364,-0.0062496
28.374,-0.0075515
28.384,-0.008851
28.394,-0.010144
28.404,-0.011436
28.414,-0.012718
28.424,-0.013997
28.434,-0.015266
28.444,-0.016528
28.454,-0.017773
28.464,-0.018995
28.474,-0.020207
28.484,-0.021404
28.494,-0.022587
28.504,-0.023756
28.514,-0.024892
28.524,-0.026011
28.534,-0.027101
28.544,-0.028159
28.554,-0.029191
28.564,-0.030178
28.574,-0.031124
28.584,-0.032026
28.594,-0.032885
28.604,-0.0337
28.614,-0.034462
28.624,-0.035173
28.634,-0.035842
28.644,-0.03645
28.654,-0.036998
28.664,-0.037492
28.674,-0.037925
28.684,-0.038304
28.694,-0.038622
28.704,-0.038875
28.714,-0.039064
28.724,-0.039184
28.734,-0.039233
28.744,-0.039211
28.754,-0.039118
28.764,-0.038956
28.774,-0.038721
28.784,-0.03841
28.794,-0.038024
28.804,-0.037562
28.814,-0.03703
28.824,-0.03643
28.834,-0.03576
28.844,-0.035019
28.854,-0.034216
28.864,-0.03334
28.874,-0.032389
28.884,-0.031374
28.894,-0.030301
28.904,-0.029165
28.914,-0.027967
28.924,-0.02672
28.934,-0.025419
28.944,-0.024066
28.954,-0.022679
28.964,-0.021265
28.974,-0.019812
28.984,-0.018335
28.994,-0.016824
29.004,-0.015301
29.014,-0.013761
29.024,-0.012199
29.034,-0.010632
29.044,-0.0090626
29.054,-0.0074871
29.064,-0.0059203
29.074,-0.0043615
29.084,-0.0028259
29.094,-0.001303
29.104,0.00020134
29.114,0.0016741
29.124,0.0031208
29.134,0.0045273
29.144,0.0058924
29.154,0.0072228
29.164,0.0085108
29.174,0.0097459
29.184,0.010918
29.194,0.012044
29.204,0.01311
29.214,0.014124
29.224,0.015079
29.234,0.015967
29.244,0.016784
29.254,0.017536
29.264,0.018209
29.274,0.018825
29.284,0.019382
29.294,0.019863
29.304,0.020276
29.314,0.020636
29.324,0.020934
29.334,0.021175
29.344,0.021356
29.354,0.021477
29.364,0.021541
29.374,0.021545
29.384,0.021499
29.394,0.021405
29.404,0.021268
29.414,0.021092
29.424,0.020881
29.434,0.020637
29.444,0.020374
29.454,0.020095
29.464,0.019802
29.474,0.019489
29.484,0.01916
29.494,0.018821
29.504,0.018479
29.514,0.018139
29.524,0.017796
29.534,0.017454
29.544,0.017117
29.554,0.016798
29.564,0.016502
29.574,0.016226
29.584,0.015975
29.595,0.015745
29.605,0.015537
29.615,0.015361
29.625,0.015219
29.635,0.015107
29.645,0.015018
29.655,0.01496
29.665,0.014936
29.675,0.014945
29.685,0.014986
29.695,0.015059
29.705,0.015163
29.715,0.015283
29.725,0.015434
29.735,0.01562
29.745,0.015837
29.755,0.016068
29.765,0.01631
29.775,0.016574
29.785,0.016851
29.795,0.017144
29.805,0.01745
29.815,0.017761
29.825,0.018073
29.835,0.018377
29.845,0.018672
29.855,0.018962
29.865,0.019243
29.875,0.01951
29.885,0.019766
29.895,0.020003
29.905,0.020227
29.915,0.020424
29.925,0.02059
29.935,0.020729
29.945,0.020833
29.955,0.020906
29.965,0.020947
29.975,0.020952
29.985,0.020917
29.995,0.020841
30.005,0.020709
30.015,0.020541
30.025,0.020332
30.035,0.020086
30.045,0.019797
30.055,0.019458
30.065,0.019081
30.075,0.018672
30.085,0.018222
30.095,0.017727
30.105,0.017195
30.115,0.016625
30.125,0.016012
30.135,0.015362
30.145,0.014672
30.155,0.013956
30.165,0.013208
30.175,0.012435
30.185,0.011638
30.195,0.010827
30.205,0.0099977
30.215,0.0091594
30.225,0.0083125
30.235,0.0074524
30.245,0.0065878
30.255,0.0057112
30.265,0.004835
30.275,0.0039634
30.285,0.0030973
30.295,0.0022422
30.305,0.0013861
30.315,0.0005456
30.325,-0.00028468
30.335,-0.0010933
30.345,-0.0018859
30.355,-0.0026592
30.365,-0.0034086
30.375,-0.0041312
30.385,-0.0048262
30.395,-0.0054932
30.405,-0.0061154
30.415,-0.0067064
30.425,-0.0072699
30.435,-0.0077895
30.445,-0.0082714
30.455,-0.0087219
30.465,-0.0091223
30.475,-0.0094795
30.485,-0.0097923
30.495,-0.010064
30.505,-0.010303
30.515,-0.010495
30.525,-0.010647
30.535,-0.01076
30.545,-0.01083
30.555,-0.010867
30.565,-0.010864
30.575,-0.01081
30.585,-0.010721
30.595,-0.010603
30.605,-0.010448
30.615,-0.010259
30.625,-0.010036
30.635,-0.0097794
30.645,-0.0094987
30.655,-0.0091932
30.665,-0.0088497
30.675,-0.0084774
30.685,-0.008078
30.695,-0.0076488
30.705,-0.0072008
30.715,-0.006733
30.725,-0.0062504
30.735,-0.0057494
30.745,-0.0052288
30.755,-0.0046927
30.765,-0.0041431
30.775,-0.0035884
30.785,-0.0030265
30.795,-0.0024472
30.805,-0.0018599
30.815,-0.0012704
30.825,-0.00067368
30.835,-7.3962e-005
30.845,0.00052978
30.855,0.0011319
30.865,0.0017244
30.875,0.002315
30.885,0.0028918
30.895,0.0034638
30.905,0.0040349
30.915,0.0045944
30.925,0.0051322
30.935,0.0056674
30.945,0.0061874
30.955,0.0066904
30.965,0.0071758
30.975,0.0076454
30.985,0.0080918
30.995,0.0085121
31.005,0.0089142
31.015,0.0092958
31.025,0.0096489
31.035,0.0099767
31.045,0.010282
31.055,0.010569
31.065,0.010832
31.075,0.01107
31.085,0.01129
31.095,0.011496
31.105,0.011693
31.115,0.01187
31.125,0.01203
31.135,0.012172
31.145,0.012302
31.155,0.012411
31.165,0.012518
31.175,0.012625
31.185,0.01272
31.195,0.0128
31.205,0.012873
31.215,0.012944
31.225,0.01302
31.235,0.01309
31.245,0.013158
31.255,0.013232
31.265,0.013317
31.275,0.013411
31.285,0.013522
31.295,0.013649
31.305,0.013791
31.315,0.013953
31.325,0.014135
31.335,0.014332
31.345,0.014542
31.355,0.014775
31.365,0.015033
31.375,0.01532
31.385,0.015629
31.395,0.015965
31.405,0.016328
31.415,0.016715
31.425,0.017124
31.435,0.017557
31.445,0.018016
31.455,0.018496
31.465,0.018999
31.475,0.019532
31.485,0.020089
31.495,0.020677
31.505,0.021278
31.515,0.021893
31.525,0.022519
31.535,0.023162
31.545,0.023816
31.555,0.024462
31.565,0.025109
31.575,0.025762
31.585,0.026402
31.595,0.027028
31.605,0.027636
31.615,0.028224
31.626,0.028794
31.636,0.029336
31.646,0.029843
31.656,0.030324
31.666,0.030776
31.676,0.031193
31.686,0.031576
31.696,0.031922
31.706,0.032227
31.716,0.032484
31.726,0.032688
31.736,0.032839
31.746,0.032937
31.756,0.032984
31.766,0.032974
31.776,0.032908
31.786,0.032791
31.796,0.032619
31.806,0.032393
31.816,0.032111
31.826,0.031778
31.836,0.031384
31.846,0.030936
31.856,0.030436
31.866,0.029877
31.876,0.02926
31.886,0.028599
31.896,0.027897
31.906,0.027149
31.916,0.026352
31.926,0.025503
31.936,0.024619
31.946,0.023708
31.956,0.022768
31.966,0.021802
31.976,0.020808
31.986,0.019796
31.996,0.018765
32.006,0.017721
32.016,0.016667
32.026,0.015612
32.036,0.014554
32.046,0.013498
32.056,0.012441
32.066,0.011393
32.076,0.010358
32.086,0.0093327
32.096,0.0083127
32.106,0.0073227
32.116,0.006359
32.126,0.005425
32.136,0.004524
32.146,0.00366
32.156,0.0028364
32.166,0.0020478
32.176,0.0012963
32.186,0.00059287
32.196,-6.3658e-005
32.206,-0.00067116
32.216,-0.0012349
32.226,-0.0017443
32.236,-0.0022061
32.246,-0.0026188
32.256,-0.0029799
32.266,-0.0032866
32.276,-0.0035334
32.286,-0.0037276
32.296,-0.0038662
32.306,-0.0039464
32.316,-0.0039735
32.326,-0.0039446
32.336,-0.0038547
32.346,-0.0037096
32.356,-0.0034994
32.366,-0.0032277
32.376,-0.002892
32.386,-0.0024973
32.396,-0.0020459
32.406,-0.0015342
32.416,-0.00096892
32.426,-0.00035426
32.436,0.00032069
32.446,0.0010474
32.456,0.0018301
32.466,0.0026619
32.476,0.0035478
32.486,0.004476
32.496,0.0054418
32.506,0.0064542
32.516,0.0075025
32.526,0.008586
32.536,0.0097153
32.546,0.010883
32.556,0.012078
32.566,0.013307
32.576,0.014564
32.586,0.015844
32.596,0.017143
32.606,0.01846
32.616,0.019797
32.626,0.021145
32.636,0.02249
32.646,0.023839
32.656,0.025182
32.666,0.026532
32.676,0.027863
32.686,0.02918
32.696,0.030484
32.706,0.031767
32.716,0.033024
32.726,0.03425
32.736,0.035451
32.746,0.036631
32.756,0.037773
32.766,0.038868
32.776,0.039927
32.786,0.040943
32.796,0.041915
32.806,0.042839
32.816,0.04371
32.826,0.044522
32.836,0.045272
32.846,0.045977
32.856,0.046629
32.866,0.047219
32.876,0.047753
32.886,0.048231
32.896,0.048648
32.906,0.049007
32.916,0.049314
32.926,0.049571
32.936,0.049772
32.946,0.049923
32.956,0.050021
32.966,0.050074
32.976,0.050076
32.986,0.05004
32.996,0.049971
33.006,0.04986
33.016,0.049721
33.026,0.049556
33.036,0.049369
33.046,0.049163
33.056,0.048945
33.066,0.048714
33.076,0.04847
33.086,0.048225
33.096,0.047975
33.106,0.047723
33.116,0.04748
33.126,0.047247
33.136,0.047018
33.146,0.046794
33.156,0.046579
33.166,0.04639
33.176,0.04622
33.186,0.046066
33.196,0.045936
33.206,0.045832
33.216,0.04575
33.226,0.045689
33.236,0.045646
33.246,0.045628
33.256,0.045632
33.266,0.045654
33.276,0.045699
33.286,0.045761
33.296,0.045833
33.306,0.045917
33.316,0.046017
33.326,0.046132
33.336,0.046252
33.346,0.046368
33.356,0.046481
33.366,0.046584
33.376,0.046681
33.386,0.046763
33.396,0.046829
33.406,0.04687
33.416,0.046882
33.426,0.04686
33.436,0.04681
33.446,0.046721
33.456,0.046587
33.466,0.046407
33.476,0.04618
33.486,0.045891
33.496,0.045544
33.506,0.045137
33.516,0.044663
33.526,0.044124
33.536,0.043525
33.546,0.042862
33.556,0.042121
33.566,0.041309
33.576,0.040431
33.586,0.039479
33.596,0.038444
33.606,0.037346
33.616,0.036185
33.626,0.034946
33.636,0.033655
33.646,0.032303
33.656,0.030884
33.667,0.029411
33.677,0.027884
33.687,0.026318
33.697,0.024715
33.707,0.023062
33.717,0.021373
33.727,0.01965
33.737,0.017913
33.747,0.016154
33.757,0.014363
33.767,0.01258
33.777,0.010787
33.787,0.0090018
33.797,0.007214
33.807,0.0054428
33.817,0.0037021
33.827,0.0019737
33.837,0.00028287
33.847,-0.0013733
33.857,-0.0030001
33.867,-0.0045693
33.877,-0.0060927
33.887,-0.0075461
33.897,-0.0089336
33.907,-0.010265
33.917,-0.011519
33.927,-0.012698
33.937,-0.013799
33.947,-0.014805
33.957,-0.015727
33.967,-0.016562
33.977,-0.017311
33.987,-0.017975
33.997,-0.018543
34.007,-0.019015
34.017,-0.019399
34.027,-0.019677
34.037,-0.019864
34.047,-0.019956
34.057,-0.019952
34.067,-0.019849
34.077,-0.019649
34.087,-0.019355
34.097,-0.018967
34.107,-0.018479
34.117,-0.017909
34.127,-0.017237
34.137,-0.016484
34.147,-0.015652
34.157,-0.014739
34.167,-0.013748
34.177,-0.012685
34.187,-0.01155
34.197,-0.010351
34.207,-0.0090845
34.217,-0.00775
34.227,-0.0063731
34.237,-0.0049489
34.247,-0.0034689
34.257,-0.00195
34.267,-0.00038833
34.277,0.0012015
34.287,0.0028261
34.297,0.0044685
34.307,0.0061131
34.317,0.0077854
34.327,0.009471
34.337,0.011167
34.347,0.012856
34.357,0.014547
34.367,0.01625
34.377,0.017944
34.387,0.01963
34.397,0.021289
34.407,0.022922
34.417,0.024544
34.427,0.026133
34.437,0.027699
34.447,0.029231
34.457,0.030722
34.467,0.032186
34.477,0.033614
34.487,0.034993
34.497,0.036328
34.507,0.037609
34.517,0.038837
34.527,0.040017
34.537,0.041152
34.547,0.042225
34.557,0.043245
34.567,0.044223
34.577,0.045149
34.587,0.046021
34.597,0.046837
34.607,0.047605
34.617,0.048322
34.627,0.04899
34.637,0.049609
34.647,0.050165
34.657,0.050663
34.667,0.051125
34.677,0.051547
34.687,0.051925
34.697,0.052252
34.707,0.05254
34.717,0.052779
34.727,0.052973
34.737,0.053133
34.747,0.053263
34.757,0.053365
34.767,0.053449
34.777,0.053508
34.787,0.053546
34.797,0.053555
34.807,0.053545
34.817,0.053516
34.827,0.053474
34.837,0.053422
34.847,0.053363
34.857,0.053298
34.867,0.05323
34.877,0.053156
34.887,0.053082
34.897,0.053008
34.907,0.052935
34.917,0.052872
34.927,0.052815
34.937,0.052758
34.947,0.052709
34.957,0.052676
34.967,0.052658
34.977,0.052656
34.987,0.052666
34.997,0.052699
35.007,0.052752
35.017,0.052829
35.027,0.052923
35.037,0.053032
35.047,0.053167
35.057,0.053315
35.067,0.05347
35.077,0.053648
35.087,0.05384
35.097,0.054036
35.107,0.054245
35.117,0.054463
35.127,0.054688
35.137,0.054921
35.147,0.055162
35.157,0.055408
35.167,0.05566
35.177,0.055901
35.187,0.056122
35.197,0.056345
35.207,0.056558
35.217,0.056766
35.227,0.056957
35.237,0.057121
35.247,0.057264
35.257,0.057385
35.267,0.05749
35.277,0.057564
35.287,0.057598
35.297,0.057602
35.307,0.057571
35.317,0.057501
35.327,0.057394
35.337,0.057247
35.347,0.057063
35.357,0.056831
35.367,0.056557
35.377,0.056242
35.387,0.055879
35.397,0.055471
35.407,0.055021
35.417,0.054521
35.427,0.053973
35.437,0.053379
35.447,0.052737
35.457,0.052046
35.467,0.051296
35.477,0.050504
35.487,0.049683
35.497,0.048819
35.507,0.047913
35.517,0.046968
35.527,0.045986
35.537,0.044955
35.547,0.043903
35.557,0.042832
35.567,0.041734
35.577,0.040597
35.587,0.039441
35.597,0.038269
35.607,0.03707
35.617,0.035859
35.627,0.034657
35.637,0.033444
35.647,0.032227
35.657,0.031003
35.667,0.029776
35.677,0.028553
35.687,0.027342
35.697,0.026129
35.708,0.024925
35.718,0.023736
35.728,0.02257
35.738,0.021405
35.748,0.020245
35.758,0.019116
35.768,0.018001
35.778,0.016903
35.788,0.015837
35.798,0.014778
35.808,0.013749
35.818,0.012757
35.828,0.011809
35.838,0.01089
35.848,0.0099891
35.858,0.0091224
35.868,0.0082889
35.878,0.007492
35.888,0.0067212
35.898,0.0059836
35.908,0.0052846
35.918,0.0046151
35.928,0.0039767
35.938,0.0033835
35.948,0.0028189
35.958,0.0022796
35.968,0.0017705
35.978,0.0012974
35.988,0.00086326
35.998,0.00046991
36.008,0.00011916
36.018,-0.00020356
36.028,-0.00049649
36.038,-0.0007563
36.048,-0.00097699
36.058,-0.0011769
36.068,-0.0013436
36.078,-0.0014805
36.088,-0.0015906
36.098,-0.0016785
36.108,-0.0017387
36.118,-0.0017657
36.128,-0.0017575
36.138,-0.0017165
36.148,-0.0016412
36.158,-0.0015387
36.168,-0.0014074
36.178,-0.0012447
36.188,-0.0010576
36.198,-0.00085319
36.208,-0.00063403
36.218,-0.00038689
36.228,-0.00011906
36.238,0.00017051
36.248,0.00047957
36.258,0.00080385
36.268,0.0011485
36.278,0.0015134
36.288,0.0018917
36.298,0.0022712
36.308,0.002654
36.318,0.0030459
36.328,0.0034396
36.338,0.0038305
36.348,0.0042216
36.358,0.0046149
36.368,0.0050018
36.378,0.0053823
36.388,0.0057532
36.398,0.006119
36.408,0.0064677
36.418,0.0068064
36.428,0.0071353
36.438,0.0074621
36.448,0.00777
36.458,0.0080693
36.468,0.008361
36.478,0.0086411
36.488,0.0088982
36.498,0.009138
36.508,0.009366
36.518,0.009577
36.528,0.0097681
36.538,0.0099466
36.548,0.010113
36.558,0.010259
36.568,0.0104
36.578,0.010526
36.588,0.010645
36.598,0.010749
36.608,0.01085
36.618,0.010946
36.628,0.011021
36.638,0.011099
36.648,0.011174
36.658,0.011253
36.668,0.011328
36.678,0.011406
36.688,0.011487
36.698,0.011576
36.708,0.011675
36.718,0.011778
36.728,0.011888
36.738,0.01201
36.748,0.012141
36.758,0.012278
36.768,0.012426
36.778,0.012591
36.788,0.012772
36.798,0.012971
36.808,0.013182
36.818,0.013408
36.828,0.013632
36.838,0.013864
36.848,0.014111
36.858,0.014377
36.868,0.014658
36.878,0.014942
36.888,0.01523
36.898,0.015516
36.908,0.015805
36.918,0.016103
36.928,0.016406
36.938,0.016695
36.948,0.016975
36.958,0.017248
36.968,0.017503
36.978,0.017738
36.988,0.017955
36.998,0.018155
37.008,0.018326
37.018,0.01848
37.028,0.018602
37.038,0.018686
37.048,0.01874
37.058,0.018752
37.068,0.018724
37.078,0.018652
37.088,0.018531
37.098,0.018367
37.108,0.018155
37.118,0.017888
37.128,0.017566
37.138,0.01719
37.148,0.016766
37.158,0.016289
37.168,0.015753
37.178,0.015154
37.188,0.014503
37.198,0.013794
37.208,0.013029
37.218,0.012216
37.228,0.011358
37.238,0.010447
37.248,0.0094962
37.258,0.0084929
37.268,0.0074418
37.278,0.0063428
37.288,0.0052084
37.298,0.004051
37.308,0.0028622
37.318,0.0016586
37.328,0.00042341
37.338,-0.00083415
37.348,-0.002104
37.358,-0.0033853
37.368,-0.0046861
37.378,-0.0059974
37.388,-0.0073073
37.398,-0.0086091
37.408,-0.0098896
37.418,-0.011147
37.428,-0.012408
37.438,-0.013641
37.448,-0.014854
37.458,-0.016034
37.468,-0.017188
37.478,-0.018301
37.488,-0.019387
37.498,-0.020438
37.508,-0.021434
37.518,-0.022401
37.528,-0.023331
37.538,-0.024216
37.548,-0.025045
37.558,-0.025833
37.568,-0.02657
37.578,-0.027253
37.588,-0.027886
37.598,-0.028461
37.608,-0.028981
37.618,-0.02945
37.628,-0.029857
37.638,-0.030208
37.648,-0.030512
37.658,-0.030764
37.668,-0.03096
37.678,-0.03111
37.688,-0.031212
37.698,-0.031263
37.708,-0.031257
37.718,-0.031199
37.728,-0.031101
37.738,-0.030948
37.749,-0.030749
37.759,-0.030509
37.769,-0.030241
37.779,-0.029935
37.789,-0.029584
37.799,-0.029209
37.809,-0.028795
37.819,-0.028333
37.829,-0.027846
37.839,-0.027328
37.849,-0.026788
37.859,-0.026214
37.869,-0.025612
37.879,-0.024977
37.889,-0.024315
37.899,-0.023625
37.909,-0.022908
37.919,-0.022174
37.929,-0.021429
37.939,-0.020667
37.949,-0.019894
37.959,-0.019108
37.969,-0.018302
37.979,-0.017473
37.989,-0.016625
37.999,-0.015752
38.009,-0.01486
38.019,-0.013961
38.029,-0.013053
38.039,-0.012133
38.049,-0.011206
38.059,-0.010251
38.069,-0.0092892
38.079,-0.0083167
38.089,-0.0073328
38.099,-0.0063512
38.109,-0.0053789
38.119,-0.0044059
38.129,-0.0034256
38.139,-0.0024423
38.149,-0.0014624
38.159,-0.00047221
38.169,0.00052892
38.179,0.0015177
38.189,0.0025087
38.199,0.0035108
38.209,0.0045097
38.219,0.0055062
38.229,0.0064997
38.239,0.0074921
38.249,0.0084843
38.259,0.0094613
38.269,0.010436
38.279,0.011402
38.289,0.012358
38.299,0.013307
38.309,0.014242
38.319,0.015152
38.329,0.016048
38.339,0.016935
38.349,0.017811
38.359,0.018661
38.369,0.019487
38.379,0.020303
38.389,0.0211
38.399,0.021885
38.409,0.022648
38.419,0.023383
38.429,0.024096
38.439,0.024785
38.449,0.025455
38.459,0.026098
38.469,0.026712
38.479,0.027302
38.489,0.027867
38.499,0.028398
38.509,0.028902
38.519,0.029391
38.529,0.029842
38.539,0.030253
38.549,0.030633
38.559,0.03099
38.569,0.031308
38.579,0.03159
38.589,0.031839
38.599,0.032059
38.609,0.032247
38.619,0.03239
38.629,0.032502
38.639,0.03258
38.649,0.032624
38.659,0.032633
38.669,0.032615
38.679,0.032561
38.689,0.032465
38.699,0.032335
38.709,0.032176
38.719,0.031976
38.729,0.031748
38.739,0.031484
38.749,0.031188
38.759,0.030855
38.769,0.030481
38.779,0.030084
38.789,0.029656
38.799,0.029192
38.809,0.0287
38.819,0.028184
38.829,0.02764
38.839,0.027065
38.849,0.026475
38.859,0.025859
38.869,0.025221
38.879,0.024568
38.889,0.02389
38.899,0.023207
38.909,0.02251
38.919,0.021792
38.929,0.021046
38.939,0.020286
38.949,0.019527
38.959,0.018759
38.969,0.017993
38.979,0.017241
38.989,0.01649
38.999,0.015728
39.009,0.014973
39.019,0.014218
39.029,0.013459
39.039,0.012709
39.049,0.011971
39.059,0.011244
39.069,0.010545
39.079,0.0098627
39.089,0.0091884
39.099,0.0085292
39.109,0.0078971
39.119,0.007289
39.129,0.0067026
39.139,0.0061332
39.149,0.0055979
39.159,0.0050996
39.169,0.0046285
39.179,0.0041817
39.189,0.0037672
39.199,0.0033844
39.209,0.0030353
39.219,0.0027199
39.229,0.0024224
39.239,0.0021521
39.249,0.0019239
39.259,0.00173
39.269,0.0015649
39.279,0.0014395
39.289,0.0013447
39.299,0.0012789
39.309,0.0012464
39.319,0.0012478
39.329,0.0012697
39.339,0.0013084
39.349,0.0013796
39.359,0.001492
39.369,0.0016434
39.379,0.0018192
39.389,0.002024
39.399,0.0022461
39.409,0.002498
39.419,0.002783
39.429,0.0030887
39.439,0.0034128
39.449,0.0037649
39.459,0.0041535
39.469,0.0045632
39.479,0.0049955
39.489,0.005448
39.499,0.0059254
39.509,0.0064285
39.519,0.0069505
39.529,0.0074993
39.539,0.0080655
39.549,0.0086458
39.559,0.0092412
39.569,0.0098494
39.579,0.010477
39.589,0.011115
39.599,0.011776
39.609,0.012445
39.619,0.013137
39.629,0.01385
39.639,0.014576
39.649,0.015301
39.659,0.016036
39.669,0.016788
39.679,0.017559
39.689,0.018341
39.699,0.019131
39.709,0.019926
39.719,0.020729
39.729,0.021532
39.739,0.022348
39.749,0.023175
39.759,0.024
39.769,0.024832
39.779,0.025668
39.79,0.026511
39.8,0.027357
39.81,0.028189
39.82,0.029014
39.83,0.029835
39.84,0.030657
39.85,0.031472
39.86,0.032272
39.87,0.033075
39.88,0.033882
39.89,0.03469
39.9,0.03548
39.91,0.036258
39.92,0.037032
39.93,0.037796
39.94,0.03854
39.95,0.039257
39.96,0.03996
39.97,0.040659
39.98,0.041331
39.99,0.041984
40,0.042622
40.01,0.043242
40.02,0.043855
40.03,0.044449
40.04,0.045016
40.05,0.04556
40.06,0.046084
40.07,0.046587
40.08,0.047063
40.09,0.04752
40.1,0.047966
40.11,0.048405
40.12,0.048809
40.13,0.049191
40.14,0.049551
40.15,0.049891
40.16,0.050223
40.17,0.050536
40.18,0.050829
40.19,0.051103
40.2,0.051365
40.21,0.051601
40.22,0.051836
40.23,0.052067
40.24,0.052282
40.25,0.052483
40.26,0.052674
40.27,0.052854
40.28,0.053023
40.29,0.053186
40.3,0.053335
40.31,0.053476
40.32,0.053608
40.33,0.053738
40.34,0.053855
40.35,0.053955
40.36,0.054055
40.37,0.054152
40.38,0.054232
40.39,0.054308
40.4,0.05438
40.41,0.054441
40.42,0.054496
40.43,0.054545
40.44,0.054576
40.45,0.054601
40.46,0.05462
40.47,0.05463
40.48,0.054627
40.49,0.054612
40.5,0.054587
40.51,0.054556
40.52,0.054507
40.53,0.054434
40.54,0.054356
40.55,0.054267
40.56,0.054172
40.57,0.054062
40.58,0.053942
40.59,0.05381
40.6,0.053662
40.61,0.053503
40.62,0.053331
40.63,0.05314
40.64,0.052936
40.65,0.052726
40.66,0.052506
40.67,0.052279
40.68,0.052026
40.69,0.051752
40.7,0.051465
40.71,0.051169
40.72,0.050868
40.73,0.05056
40.74,0.050243
40.75,0.04993
40.76,0.049614
40.77,0.049277
40.78,0.04894
40.79,0.048604
40.8,0.04826
40.81,0.047906
40.82,0.047559
40.83,0.047212
40.84,0.046869
40.85,0.046533
40.86,0.046198
40.87,0.045875
40.88,0.045558
40.89,0.045253
40.9,0.044963
40.91,0.044672
40.92,0.044384
40.93,0.044109
40.94,0.043846
40.95,0.043591
40.96,0.043346
40.97,0.043115
40.98,0.042899
40.99,0.042688
41,0.04249
41.01,0.042302
41.02,0.042118
41.03,0.041953
41.04,0.041797
41.05,0.041656
41.06,0.041508
41.07,0.041369
41.08,0.041235
41.09,0.041101
41.1,0.040969
41.11,0.040836
41.12,0.04071
41.13,0.0406
41.14,0.040483
41.15,0.040356
41.16,0.040231
41.17,0.040102
41.18,0.039969
41.19,0.039838
41.2,0.03969
41.21,0.039548
41.22,0.039397
41.23,0.039226
41.24,0.03905
41.25,0.03887
41.26,0.038673
41.27,0.038456
41.28,0.038228
41.29,0.03799
41.3,0.037739
41.31,0.037475
41.32,0.037212
41.33,0.036936
41.34,0.036646
41.35,0.036345
41.36,0.036037
41.37,0.035713
41.38,0.03538
41.39,0.035044
41.4,0.034699
41.41,0.03434
41.42,0.033983
41.43,0.033633
41.44,0.033274
41.45,0.032931
41.46,0.032602
41.47,0.032268
41.48,0.031937
41.49,0.031617
41.5,0.031304
41.51,0.031004
41.52,0.030719
41.53,0.030452
41.54,0.03021
41.55,0.029989
41.56,0.029797
41.57,0.029622
41.58,0.029469
41.59,0.029339
41.6,0.029224
41.61,0.029128
41.62,0.029067
41.63,0.029025
41.64,0.029012
41.65,0.029029
41.66,0.029093
41.67,0.029188
41.68,0.029305
41.69,0.029459
41.7,0.029642
41.71,0.029849
41.72,0.030087
41.73,0.030362
41.74,0.030661
41.75,0.030981
41.76,0.031333
41.77,0.031724
41.78,0.032135
41.79,0.032572
41.8,0.03304
41.81,0.03353
41.82,0.034037
41.831,0.034561
41.841,0.0351
41.851,0.035667
41.861,0.036254
41.871,0.036867
41.881,0.03749
41.891,0.038117
41.901,0.038749
41.911,0.0394
41.921,0.040065
41.931,0.040721
41.941,0.041379
41.951,0.042039
41.961,0.042707
41.971,0.043375
41.981,0.044049
41.991,0.044718
42.001,0.045375
42.011,0.046025
42.021,0.046674
42.031,0.047315
42.041,0.047947
42.051,0.048573
42.061,0.049181
42.071,0.049765
42.081,0.050342
42.091,0.050908
42.101,0.05146
42.111,0.051996
42.121,0.05251
42.131,0.052992
42.141,0.053451
42.151,0.053892
42.161,0.054307
42.171,0.054705
42.181,0.055072
42.191,0.055398
42.201,0.055703
42.211,0.055975
42.221,0.056202
42.231,0.056409
42.241,0.056582
42.251,0.056731
42.261,0.056839
42.271,0.056912
42.281,0.056955
42.291,0.056967
42.301,0.056949
42.311,0.056886
42.321,0.056785
42.331,0.056662
42.341,0.05651
42.351,0.05631
42.361,0.056074
42.371,0.055805
42.381,0.055511
42.391,0.055186
42.401,0.054829
42.411,0.054451
42.421,0.054051
42.431,0.053616
42.441,0.053153
42.451,0.052675
42.461,0.05217
42.471,0.051643
42.481,0.051105
42.491,0.050542
42.501,0.049964
42.511,0.049387
42.521,0.048795
42.531,0.048189
42.541,0.047576
42.551,0.046953
42.561,0.046317
42.571,0.045679
42.581,0.045048
42.591,0.044414
42.601,0.043767
42.611,0.043128
42.621,0.04248
42.631,0.041833
42.641,0.04119
42.651,0.040558
42.661,0.039927
42.671,0.039312
42.681,0.038702
42.691,0.038097
42.701,0.037486
42.711,0.036886
42.721,0.036287
42.731,0.035695
42.741,0.035104
42.751,0.034515
42.761,0.033926
42.771,0.033335
42.781,0.032744
42.791,0.032143
42.801,0.031532
42.811,0.030927
42.821,0.03033
42.831,0.029734
42.841,0.029122
42.851,0.028522
42.861,0.027915
42.871,0.027299
42.881,0.026672
42.891,0.026028
42.901,0.025386
42.911,0.024746
42.921,0.024086
42.931,0.023422
42.941,0.022758
42.951,0.022079
42.961,0.02139
42.971,0.020703
42.981,0.020017
42.991,0.019339
43.001,0.018657
43.011,0.017985
43.021,0.017305
43.031,0.016634
43.041,0.015986
43.051,0.015349
43.061,0.014726
43.071,0.014106
43.081,0.013523
43.091,0.012956
43.101,0.012419
43.111,0.011902
43.121,0.01142
43.131,0.010971
43.141,0.010548
43.151,0.010163
43.161,0.009811
43.171,0.0094809
43.181,0.0091826
43.191,0.008931
43.201,0.0087227
43.211,0.0085609
43.221,0.0084485
43.231,0.0083789
43.241,0.0083521
43.251,0.0083715
43.261,0.0084374
43.271,0.0085623
43.281,0.0087435
43.291,0.0089781
43.301,0.0092588
43.311,0.0095794
43.321,0.009958
43.331,0.01039
43.341,0.010855
43.351,0.011355
43.361,0.011893
43.371,0.012475
43.381,0.013102
43.391,0.013772
43.401,0.014476
43.411,0.015219
43.421,0.015986
43.431,0.016773
43.441,0.017583
43.451,0.018405
43.461,0.019248
43.471,0.020107
43.481,0.020986
43.491,0.021878
43.501,0.022756
43.511,0.023644
43.521,0.024542
43.531,0.025428
43.541,0.026312
43.551,0.027192
43.561,0.028065
43.571,0.028927
43.581,0.029768
43.591,0.030595
43.601,0.031401
43.611,0.032175
43.621,0.032918
43.631,0.03364
43.641,0.034327
43.651,0.034984
43.661,0.035617
43.671,0.036209
43.681,0.036776
43.691,0.037302
43.701,0.037787
43.711,0.038237
43.721,0.038634
43.731,0.038991
43.741,0.039292
43.751,0.039563
43.761,0.039782
43.771,0.03994
43.781,0.040062
43.791,0.040141
43.801,0.04018
43.811,0.040179
43.821,0.040128
43.831,0.040019
43.841,0.03986
43.851,0.039663
43.861,0.039414
43.872,0.039113
43.882,0.038758
43.892,0.038361
43.902,0.037916
43.912,0.03742
43.922,0.036884
43.932,0.036281
43.942,0.035651
43.952,0.03497
43.962,0.034232
43.972,0.033453
43.982,0.032631
43.992,0.031797
44.002,0.030922
44.012,0.029999
44.022,0.029043
44.032,0.028051
44.042,0.027016
44.052,0.025964
44.062,0.024858
44.072,0.023717
44.082,0.022545
44.092,0.021334
44.102,0.020092
44.112,0.01881
44.122,0.017507
44.132,0.016202
44.142,0.014871
44.152,0.013531
44.162,0.012198
44.172,0.01086
44.182,0.0095013
44.192,0.0081144
44.202,0.0067044
44.212,0.0052901
44.222,0.003877
44.232,0.002442
44.242,0.00099962
44.252,-0.00045435
44.262,-0.0018809
44.272,-0.0032901
44.282,-0.0046801
44.292,-0.0060417
44.302,-0.0074186
44.312,-0.0087769
44.322,-0.010111
44.332,-0.011433
44.342,-0.01273
44.352,-0.014022
44.362,-0.015291
44.372,-0.016508
44.382,-0.017727
44.392,-0.018896
44.402,-0.020013
44.412,-0.021098
44.422,-0.022163
44.432,-0.0232
44.442,-0.024222
44.452,-0.025219
44.462,-0.026177
44.472,-0.027109
44.482,-0.028013
44.492,-0.028903
44.502,-0.029742
44.512,-0.03056
44.522,-0.031348
44.532,-0.03212
44.542,-0.032856
44.552,-0.033572
44.562,-0.034259
44.572,-0.034919
44.582,-0.035561
44.592,-0.036197
44.602,-0.036821
44.612,-0.037428
44.622,-0.038013
44.632,-0.038589
44.642,-0.03917
44.652,-0.039736
44.662,-0.040278
44.672,-0.04082
44.682,-0.041356
44.692,-0.041899
44.702,-0.042428
44.712,-0.042968
44.722,-0.043523
44.732,-0.044065
44.742,-0.04461
44.752,-0.04516
44.762,-0.045697
44.772,-0.04624
44.782,-0.046794
44.792,-0.047363
44.802,-0.047923
44.812,-0.048493
44.822,-0.049062
44.832,-0.049648
44.842,-0.050233
44.852,-0.05082
44.862,-0.051405
44.872,-0.051988
44.882,-0.052561
44.892,-0.053122
44.902,-0.053683
44.912,-0.054241
44.922,-0.054794
44.932,-0.055339
44.942,-0.055865
44.952,-0.056381
44.962,-0.05686
44.972,-0.057349
44.982,-0.057816
44.992,-0.058283
45.002,-0.058728
45.012,-0.05913
45.022,-0.059502
45.032,-0.059854
45.042,-0.06018
45.052,-0.060474
45.062,-0.060736
45.072,-0.060968
45.082,-0.061158
45.092,-0.06132
45.102,-0.061423
45.112,-0.061477
45.122,-0.0615
45.132,-0.061491
45.142,-0.061445
45.152,-0.06135
45.162,-0.061243
45.172,-0.061092
45.182,-0.060893
45.192,-0.060649
45.202,-0.060366
45.212,-0.060043
45.222,-0.059677
45.232,-0.059265
45.242,-0.058818
45.252,-0.058344
45.262,-0.05783
45.272,-0.057302
45.282,-0.056747
45.292,-0.056163
45.302,-0.055569
45.312,-0.054962
45.322,-0.054336
45.332,-0.053674
45.342,-0.052998
45.352,-0.052315
45.362,-0.051634
45.372,-0.050939
45.382,-0.050257
45.392,-0.049582
45.402,-0.0489
45.412,-0.048251
45.422,-0.047606
45.432,-0.047002
45.442,-0.04641
45.452,-0.045835
45.462,-0.04529
45.472,-0.044768
45.482,-0.04428
45.492,-0.043827
45.502,-0.043394
45.512,-0.043013
45.522,-0.042672
45.532,-0.042368
45.542,-0.042113
45.552,-0.041896
45.562,-0.041726
45.572,-0.04161
45.582,-0.041535
45.592,-0.041496
45.602,-0.041515
45.612,-0.041584
45.622,-0.041698
45.632,-0.041857
45.642,-0.04207
45.652,-0.042341
45.662,-0.042682
45.672,-0.04306
45.682,-0.043477
45.692,-0.043927
45.702,-0.044421
45.712,-0.044955
45.722,-0.045538
45.732,-0.046131
45.742,-0.046748
45.752,-0.047406
45.762,-0.04809
45.772,-0.048794
45.782,-0.049518
45.792,-0.05025
45.802,-0.051006
45.812,-0.051763
45.822,-0.052523
45.832,-0.05327
45.842,-0.054034
45.852,-0.054791
45.862,-0.055527
45.872,-0.056252
45.882,-0.056961
45.892,-0.057649
45.902,-0.058324
45.913,-0.058968
45.923,-0.059569
45.933,-0.06013
45.943,-0.060666
45.953,-0.061159
45.963,-0.061623
45.973,-0.062058
45.983,-0.062457
45.993,-0.062826
46.003,-0.063156
46.013,-0.063444
46.023,-0.063685
46.033,-0.063884
46.043,-0.064048
46.053,-0.064158
46.063,-0.064227
46.073,-0.064257
46.083,-0.06425
46.093,-0.064202
46.103,-0.064136
46.113,-0.064047
46.123,-0.063914
46.133,-0.063737
46.143,-0.063534
46.153,-0.063312
46.163,-0.063088
46.173,-0.06284
46.183,-0.062565
46.193,-0.06227
46.203,-0.061961
46.213,-0.061651
46.223,-0.061343
46.233,-0.061035
46.243,-0.060749
46.253,-0.060458
46.263,-0.060169
46.273,-0.05992
46.283,-0.059697
46.293,-0.059473
46.303,-0.059296
46.313,-0.059145
46.323,-0.059017
46.333,-0.058927
46.343,-0.058854
46.353,-0.058812
46.363,-0.058806
46.373,-0.058841
46.383,-0.058918
46.393,-0.059041
46.403,-0.059193
46.413,-0.059392
46.423,-0.059626
46.433,-0.059895
46.443,-0.060213
46.453,-0.060582
46.463,-0.060985
46.473,-0.061435
46.483,-0.061906
46.493,-0.0624
46.503,-0.062934
46.513,-0.063502
46.523,-0.06411
46.533,-0.06474
46.543,-0.065399
46.553,-0.066082
46.563,-0.066767
46.573,-0.067482
46.583,-0.068193
46.593,-0.068896
46.603,-0.0696
46.613,-0.070268
46.623,-0.070952
46.633,-0.071633
46.643,-0.072286
46.653,-0.072927
46.663,-0.073551
46.673,-0.074137
46.683,-0.074704
46.693,-0.075234
46.703,-0.075733
46.713,-0.076193
46.723,-0.076638
46.733,-0.077017
46.743,-0.077355
46.753,-0.077627
46.763,-0.077852
46.773,-0.078024
46.783,-0.078142
46.793,-0.078182
46.803,-0.078174
46.813,-0.078106
46.823,-0.077994
46.833,-0.077821
46.843,-0.077581
46.853,-0.077281
46.863,-0.07691
46.873,-0.076481
46.883,-0.075967
46.893,-0.075376
46.903,-0.074724
46.913,-0.074018
46.923,-0.073227
46.933,-0.0724
46.943,-0.071497
46.953,-0.070534
46.963,-0.069522
46.973,-0.068459
46.983,-0.067355
46.993,-0.066222
47.003,-0.065024
47.013,-0.063803
47.023,-0.062551
47.033,-0.061257
47.043,-0.059912
47.053,-0.058535
47.063,-0.057109
47.073,-0.055649
47.083,-0.054195
47.093,-0.052704
47.103,-0.051191
47.113,-0.049667
47.123,-0.048121
47.133,-0.046553
47.143,-0.045
47.153,-0.043424
47.163,-0.041869
47.173,-0.040309
47.183,-0.03877
47.193,-0.037245
47.203,-0.035711
47.213,-0.034195
47.223,-0.032699
47.233,-0.031236
47.243,-0.029779
47.253,-0.028295
47.263,-0.026832
47.273,-0.025422
47.283,-0.024027
47.293,-0.022651
47.303,-0.021305
47.313,-0.01999
47.323,-0.018703
47.333,-0.017475
47.343,-0.016307
47.353,-0.015171
47.363,-0.014064
47.373,-0.012987
47.383,-0.01197
47.393,-0.010974
47.403,-0.0099949
47.413,-0.0090767
47.423,-0.008216
47.433,-0.0073719
47.443,-0.0065762
47.453,-0.0058158
47.463,-0.0050982
47.473,-0.0044331
47.483,-0.0038168
47.493,-0.0032274
47.503,-0.0026885
47.513,-0.0021759
47.523,-0.001705
47.533,-0.0012967
47.543,-0.00092379
47.553,-0.00056471
47.563,-0.00024994
47.573,3.318e-005
47.583,0.00027577
47.593,0.00050768
47.603,0.00070027
47.613,0.00086203
47.623,0.00099448
47.633,0.0011034
47.643,0.0011704
47.653,0.0012153
47.663,0.001251
47.673,0.0012317
47.683,0.0012018
47.693,0.0011364
47.703,0.0010373
47.713,0.00090543
47.723,0.00073906
47.733,0.00057884
47.743,0.00040402
47.753,0.00020612
47.763,-5.3105e-006
47.773,-0.00024621
47.783,-0.00049862
47.793,-0.00075774
47.803,-0.0010234
47.813,-0.0013101
47.823,-0.0016047
47.833,-0.0019267
47.843,-0.0022557
47.853,-0.002592
47.863,-0.0029437
47.873,-0.0032952
47.883,-0.0036637
47.893,-0.0040422
47.903,-0.0044205
47.913,-0.0048058
47.923,-0.0051896
47.933,-0.0055591
47.943,-0.0059443
47.954,-0.0063708
47.964,-0.006776
47.974,-0.0071834
47.984,-0.0075891
47.994,-0.0080065
48.004,-0.0084195
48.014,-0.0088158
48.024,-0.0092263
48.034,-0.0096387
48.044,-0.010051
48.054,-0.010454
48.064,-0.010844
48.074,-0.011224
48.084,-0.011606
48.094,-0.011968
48.104,-0.012322
48.114,-0.012675
48.124,-0.01303
48.134,-0.013372
48.144,-0.013718
48.154,-0.01405
48.164,-0.014348
48.174,-0.01465
48.184,-0.014948
48.194,-0.015197
48.204,-0.015444
48.214,-0.01567
48.224,-0.015915
48.234,-0.016139
48.244,-0.016383
48.254,-0.016589
48.264,-0.016764
48.274,-0.016918
48.284,-0.017057
48.294,-0.017192
48.304,-0.017307
48.314,-0.017397
48.324,-0.017457
48.334,-0.01749
48.344,-0.017502
48.354,-0.017463
48.364,-0.017411
48.374,-0.017333
48.384,-0.017234
48.394,-0.017119
48.404,-0.016983
48.414,-0.016814
48.424,-0.016608
48.434,-0.016375
48.444,-0.016089
48.454,-0.015767
48.464,-0.015408
48.474,-0.015011
48.484,-0.014573
48.494,-0.0141
48.504,-0.013586
48.514,-0.013041
48.524,-0.012446
48.534,-0.011824
48.544,-0.011184
48.554,-0.010503
48.564,-0.0097881
48.574,-0.0090115
48.584,-0.0081932
48.594,-0.0073243
48.604,-0.006427
48.614,-0.0055184
48.624,-0.0045843
48.634,-0.0036409
48.644,-0.00267
48.654,-0.0016773
48.664,-0.00065744
48.674,0.00038304
48.684,0.0014541
48.694,0.0025334
48.704,0.0036355
48.714,0.0047389
48.724,0.0058645
48.734,0.0070068
48.744,0.0080806
48.754,0.0091783
48.764,0.010242
48.774,0.011318
48.784,0.012367
48.794,0.013429
48.804,0.014502
48.814,0.015601
48.824,0.016615
48.834,0.017619
48.844,0.018595
48.854,0.019518
48.864,0.020415
48.874,0.021246
48.884,0.022
48.894,0.022703
48.904,0.023371
48.914,0.023969
48.924,0.024552
48.934,0.025113
48.944,0.025565
48.954,0.025919
48.964,0.026185
48.974,0.026407
48.984,0.026573
48.994,0.026662
49.004,0.026665
49.014,0.02663
49.024,0.026535
49.034,0.026358
49.044,0.026144
49.054,0.025868
49.064,0.025526
49.074,0.025129
49.084,0.024648
49.094,0.024064
49.104,0.023386
49.114,0.022666
49.124,0.021927
49.134,0.02113
49.144,0.020298
49.154,0.01942
49.164,0.018474
49.174,0.01747
49.184,0.016383
49.194,0.015278
49.204,0.014098
49.214,0.012885
49.224,0.011692
49.234,0.010475
49.244,0.0092399
49.254,0.0080283
49.264,0.0067752
49.274,0.0055175
49.284,0.0042243
49.294,0.0028637
49.304,0.0015324
49.314,0.00025378
49.324,-0.0010491
49.334,-0.0022716
49.344,-0.0035249
49.354,-0.0047088
49.364,-0.0058792
49.374,-0.0070687
49.384,-0.0082498
49.394,-0.0094186
49.404,-0.010511
49.414,-0.011577
49.424,-0.012564
49.434,-0.013522
49.444,-0.014506
49.454,-0.015405
49.464,-0.016328
49.474,-0.01719
49.484,-0.018046
49.494,-0.018808
49.504,-0.019556
49.514,-0.02024
49.524,-0.020869
49.534,-0.021473
49.544,-0.022023
49.554,-0.022501
49.564,-0.022971
49.574,-0.023379
49.584,-0.023716
49.594,-0.024047
49.604,-0.024326
49.614,-0.024618
49.624,-0.024899
49.634,-0.025142
49.644,-0.025347
49.654,-0.025452
49.664,-0.025519
49.674,-0.025607
49.684,-0.02562
49.694,-0.025601
49.704,-0.025512
49.714,-0.025385
49.724,-0.025199
49.734,-0.025004
49.744,-0.024765
49.754,-0.024495
49.764,-0.024222
49.774,-0.023934
49.784,-0.023564
49.794,-0.023153
49.804,-0.022719
49.814,-0.022255
49.824,-0.021787
49.834,-0.021262
49.844,-0.020632
49.854,-0.020003
49.864,-0.019276
49.874,-0.01857
49.884,-0.017772
49.894,-0.01691
49.904,-0.016054
49.914,-0.01509
49.924,-0.013925
49.934,-0.01288
49.944,-0.011701
49.954,-0.010311
49.964,-0.0088539
49.974,-0.0072283
49.984,-0.0056909
49.995,-0.0043651
50.005,-0.0035104
50.015,-0.0030724
