0,0.002544
0.010007,0.00028393
0.020015,-0.00082126
0.030022,-0.0013428
0.040029,-0.0016894
0.050036,-0.0018873
0.060044,-0.0019922
0.070051,-0.0020998
0.080058,-0.0023054
0.090065,-0.0025059
0.10007,-0.0026416
0.11008,-0.0027042
0.12009,-0.002816
0.13009,-0.002968
0.1401,-0.0031004
0.15011,-0.003198
0.16012,-0.0032646
0.17012,-0.0033373
0.18013,-0.0034683
0.19014,-0.0036144
0.20015,-0.0037547
0.21015,-0.0038129
0.22016,-0.0039526
0.23017,-0.0040884
0.24017,-0.0042301
0.25018,-0.004373
0.26019,-0.0045355
0.2702,-0.0046265
0.2802,-0.0046615
0.29021,-0.0046799
0.30022,-0.0047313
0.31023,-0.0048354
0.32023,-0.0049627
0.33024,-0.0050908
0.34025,-0.0051866
0.35025,-0.0052515
0.36026,-0.0053055
0.37027,-0.0053691
0.38028,-0.0054686
0.39028,-0.0055749
0.40029,-0.0057007
0.4103,-0.0058061
0.42031,-0.0058703
0.43031,-0.0058974
0.44032,-0.0059031
0.45033,-0.0059566
0.46033,-0.0060262
0.47034,-0.0060748
0.48035,-0.0061182
0.49036,-0.0062031
0.50036,-0.0062446
0.51037,-0.0062789
0.52038,-0.0062909
0.53038,-0.0062991
0.54039,-0.006333
0.5504,-0.0063819
0.56041,-0.0064441
0.57041,-0.0065202
0.58042,-0.0066065
0.59043,-0.0066585
0.60044,-0.0067258
0.61044,-0.0067429
0.62045,-0.0067778
0.63046,-0.0068295
0.64046,-0.0068654
0.65047,-0.0068859
0.66048,-0.0069168
0.67049,-0.0069606
0.68049,-0.0069688
0.6905,-0.0070034
0.70051,-0.0070194
0.71052,-0.0069959
0.72052,-0.0069813
0.73053,-0.0069392
0.74054,-0.0069691
0.75054,-0.0070343
0.76055,-0.007081
0.77056,-0.0071176
0.78057,-0.0071644
0.79057,-0.0071897
0.80058,-0.0071825
0.81059,-0.0071987
0.8206,-0.0071869
0.8306,-0.0071982
0.84061,-0.0072052
0.85062,-0.0072066
0.86062,-0.0072236
0.87063,-0.0072367
0.88064,-0.0072433
0.89065,-0.007266
0.90065,-0.0072737
0.91066,-0.0072827
0.92067,-0.0072778
0.93068,-0.0072707
0.94068,-0.0072757
0.95069,-0.0072743
0.9607,-0.007293
0.9707,-0.0073004
0.98071,-0.0073423
0.99072,-0.0073699
1.0007,-0.0073728
1.0107,-0.0073765
1.0207,-0.0073592
1.0307,-0.0073341
1.0408,-0.0073245
1.0508,-0.0072849
1.0608,-0.0072793
1.0708,-0.0072865
1.0808,-0.0072996
1.0908,-0.0073327
1.1008,-0.0073567
1.1108,-0.0073848
1.1208,-0.0074035
1.1308,-0.0074021
1.1408,-0.0073927
1.1508,-0.0073633
1.1608,-0.0073399
1.1708,-0.007337
1.1809,-0.0073238
1.1909,-0.0073339
1.2009,-0.0073696
1.2109,-0.007403
1.2209,-0.007398
1.2309,-0.0074088
1.2409,-0.007425
1.2509,-0.0074249
1.2609,-0.0074394
1.2709,-0.0074393
1.2809,-0.0074254
1.2909,-0.0074308
1.3009,-0.007444
1.311,-0.0074499
1.321,-0.0074363
1.331,-0.007409
1.341,-0.0073834
1.351,-0.0073794
1.361,-0.0073763
1.371,-0.0073594
1.381,-0.0073613
1.391,-0.0073715
1.401,-0.0073725
1.411,-0.0073774
1.421,-0.0073821
1.431,-0.0073809
1.441,-0.007389
1.4511,-0.0073883
1.4611,-0.0073865
1.4711,-0.0073858
1.4811,-0.0074012
1.4911,-0.0074367
1.5011,-0.0074877
1.5111,-0.0075176
1.5211,-0.0075083
1.5311,-0.0075016
1.5411,-0.0075042
1.5511,-0.0075239
1.5611,-0.0075292
1.5711,-0.0075291
1.5811,-0.0075279
1.5912,-0.0075293
1.6012,-0.0075318
1.6112,-0.0075184
1.6212,-0.007508
1.6312,-0.007504
1.6412,-0.0075134
1.6512,-0.0074964
1.6612,-0.0074901
1.6712,-0.0074835
1.6812,-0.0074883
1.6912,-0.0074957
1.7012,-0.0075085
1.7112,-0.0075171
1.7212,-0.007512
1.7313,-0.0075099
1.7413,-0.0074866
1.7513,-0.0074819
1.7613,-0.0074675
1.7713,-0.007457
1.7813,-0.0074488
1.7913,-0.0074487
1.8013,-0.0074345
1.8113,-0.0074288
1.8213,-0.0074204
1.8313,-0.0074058
1.8413,-0.0073848
1.8513,-0.0073681
1.8614,-0.0073675
1.8714,-0.0073557
1.8814,-0.0073371
1.8914,-0.0073123
1.9014,-0.0072978
1.9114,-0.0072754
1.9214,-0.0072499
1.9314,-0.0072355
1.9414,-0.0071999
1.9514,-0.0071563
1.9614,-0.0071061
1.9714,-0.0070457
1.9814,-0.0070039
1.9914,-0.0069683
2.0015,-0.0069369
2.0115,-0.0069002
2.0215,-0.0068616
2.0315,-0.0068235
2.0415,-0.0067986
2.0515,-0.0067594
2.0615,-0.0067142
2.0715,-0.0066704
2.0815,-0.0066302
2.0915,-0.0065985
2.1015,-0.0065648
2.1115,-0.0065322
2.1215,-0.0064897
2.1315,-0.0064321
2.1416,-0.006393
2.1516,-0.0063597
2.1616,-0.0062989
2.1716,-0.0062438
2.1816,-0.0061934
2.1916,-0.0061329
2.2016,-0.006078
2.2116,-0.0060227
2.2216,-0.0059665
2.2316,-0.00592
2.2416,-0.0058798
2.2516,-0.0058466
2.2616,-0.005809
2.2716,-0.0057879
2.2817,-0.0057715
2.2917,-0.0057387
2.3017,-0.0057278
2.3117,-0.0056818
2.3217,-0.0056126
2.3317,-0.005557
2.3417,-0.0055145
2.3517,-0.0054812
2.3617,-0.0054214
2.3717,-0.0053794
2.3817,-0.0053267
2.3917,-0.0052803
2.4017,-0.0052327
2.4118,-0.0051986
2.4218,-0.0051591
2.4318,-0.0051081
2.4418,-0.0050654
2.4518,-0.0049952
2.4618,-0.0049371
2.4718,-0.0048907
2.4818,-0.0048447
2.4918,-0.0047832
2.5018,-0.0047193
2.5118,-0.004661
2.5218,-0.0046043
2.5318,-0.0045293
2.5418,-0.0044702
2.5519,-0.0044005
2.5619,-0.0043417
2.5719,-0.0042938
2.5819,-0.0042471
2.5919,-0.0041991
2.6019,-0.0041299
2.6119,-0.0040694
2.6219,-0.0040076
2.6319,-0.0039423
2.6419,-0.00387
2.6519,-0.0037793
2.6619,-0.0037007
2.6719,-0.0036305
2.6819,-0.0035544
2.692,-0.0034802
2.702,-0.0034137
2.712,-0.0033389
2.722,-0.0032739
2.732,-0.0031827
2.742,-0.0030962
2.752,-0.0030366
2.762,-0.0029584
2.772,-0.0028982
2.782,-0.0028587
2.792,-0.0027873
2.802,-0.0027282
2.812,-0.0026692
2.822,-0.0026007
2.8321,-0.0025462
2.8421,-0.0024982
2.8521,-0.0024588
2.8621,-0.0024128
2.8721,-0.0023693
2.8821,-0.0023308
2.8921,-0.0022905
2.9021,-0.0022519
2.9121,-0.0022084
2.9221,-0.002162
2.9321,-0.002117
2.9421,-0.0020738
2.9521,-0.0020393
2.9621,-0.001998
2.9722,-0.0019562
2.9822,-0.0019152
2.9922,-0.0018665
3.0022,-0.0018276
3.0122,-0.001798
3.0222,-0.001759
3.0322,-0.0017268
3.0422,-0.0016926
3.0522,-0.0016585
3.0622,-0.0016359
3.0722,-0.0016107
3.0822,-0.0015514
3.0922,-0.001497
3.1023,-0.0014762
3.1123,-0.0014396
3.1223,-0.0013982
3.1323,-0.0013749
3.1423,-0.0013309
3.1523,-0.0013103
3.1623,-0.0012835
3.1723,-0.001257
3.1823,-0.0012442
3.1923,-0.0012259
3.2023,-0.0011985
3.2123,-0.0011723
3.2223,-0.0011661
3.2323,-0.0011428
3.2424,-0.0011168
3.2524,-0.0010837
3.2624,-0.0010623
3.2724,-0.0010435
3.2824,-0.00099232
3.2924,-0.00095112
3.3024,-0.000913
3.3124,-0.00087643
3.3224,-0.00083353
3.3324,-0.00082392
3.3424,-0.000779
3.3524,-0.00073886
3.3624,-0.0007241
3.3724,-0.00069302
3.3825,-0.00063982
3.3925,-0.00062
3.4025,-0.00062285
3.4125,-0.00059358
3.4225,-0.00059059
3.4325,-0.00060127
3.4425,-0.00061003
3.4525,-0.00061613
3.4625,-0.00060561
3.4725,-0.0006121
3.4825,-0.00059929
3.4925,-0.00056375
3.5025,-0.00056634
3.5125,-0.0005516
3.5226,-0.00051496
3.5326,-0.00050746
3.5426,-0.0005033
3.5526,-0.00049823
3.5626,-0.00047709
3.5726,-0.0004603
3.5826,-0.00045232
3.5926,-0.00043184
3.6026,-0.00043238
3.6126,-0.00043298
3.6226,-0.00043805
3.6326,-0.00044511
3.6426,-0.00045079
3.6527,-0.000462
3.6627,-0.00047856
3.6727,-0.00050228
3.6827,-0.00049361
3.6927,-0.000481
3.7027,-0.00047131
3.7127,-0.00044907
3.7227,-0.00042645
3.7327,-0.00039983
3.7427,-0.00037628
3.7527,-0.00035129
3.7627,-0.00033721
3.7727,-0.00032636
3.7827,-0.00032369
3.7928,-0.00030065
3.8028,-0.00029076
3.8128,-0.00026993
3.8228,-0.00024787
3.8328,-0.00024754
3.8428,-0.00019874
3.8528,-0.00018577
3.8628,-0.00017464
3.8728,-0.00014939
3.8828,-0.0001266
3.8928,-0.00011156
3.9028,-9.9304e-005
3.9128,-6.2048e-005
3.9228,-3.7375e-005
3.9329,-5.4238e-006
3.9429,2.3435e-005
3.9529,3.6066e-005
3.9629,4.0739e-005
3.9729,5.7907e-005
3.9829,0.00010105
3.9929,0.00014472
4.0029,0.00015833
4.0129,0.00018507
4.0229,0.00019825
4.0329,0.00022774
4.0429,0.00025084
4.0529,0.00027959
4.0629,0.00030811
4.073,0.00035967
4.083,0.0003992
4.093,0.00043399
4.103,0.00047549
4.113,0.00050901
4.123,0.0005264
4.133,0.00056294
4.143,0.00059754
4.153,0.00063294
4.163,0.00066678
4.173,0.00070426
4.183,0.00074138
4.193,0.00078026
4.2031,0.00081816
4.2131,0.00087378
4.2231,0.000923
4.2331,0.00097583
4.2431,0.0010416
4.2531,0.0010992
4.2631,0.0011796
4.2731,0.0012362
4.2831,0.0012898
4.2931,0.0013316
4.3031,0.0013729
4.3131,0.0014173
4.3231,0.0014388
4.3331,0.0014648
4.3432,0.0014944
4.3532,0.0015337
4.3632,0.001582
4.3732,0.0016129
4.3832,0.001673
4.3932,0.0017169
4.4032,0.0017621
4.4132,0.0018122
4.4232,0.0018644
4.4332,0.0019266
4.4432,0.0019967
4.4532,0.0020751
4.4632,0.002141
4.4732,0.0022258
4.4833,0.0022894
4.4933,0.0023525
4.5033,0.0024242
4.5133,0.0024934
4.5233,0.0025701
4.5333,0.0026347
4.5433,0.0027045
4.5533,0.0027687
4.5633,0.0028192
4.5733,0.0028879
4.5833,0.0029494
4.5933,0.0030142
4.6033,0.0030948
4.6133,0.0031713
4.6234,0.0032373
4.6334,0.0033085
4.6434,0.0033863
4.6534,0.0034581
4.6634,0.0035376
4.6734,0.0036206
4.6834,0.0037021
4.6934,0.003799
4.7034,0.0038886
4.7134,0.0039803
4.7234,0.0040767
4.7334,0.0041569
4.7434,0.0042415
4.7534,0.0043198
4.7635,0.0044161
4.7735,0.0044905
4.7835,0.0045733
4.7935,0.0046592
4.8035,0.0047514
4.8135,0.0048453
4.8235,0.0049264
4.8335,0.004993
4.8435,0.0050739
4.8535,0.0051628
4.8635,0.0052512
4.8735,0.0053437
4.8835,0.0054204
4.8936,0.0055103
4.9036,0.0056178
4.9136,0.0057094
4.9236,0.0058143
4.9336,0.005898
4.9436,0.0059984
4.9536,0.0060834
4.9636,0.0061746
4.9736,0.0062671
4.9836,0.0063582
4.9936,0.0064311
5.0036,0.0065278
5.0136,0.0066158
5.0236,0.0067098
5.0337,0.0067933
5.0437,0.0068689
5.0537,0.0069336
5.0637,0.0070157
5.0737,0.0071033
5.0837,0.0072013
5.0937,0.0073085
5.1037,0.0073931
5.1137,0.0074531
5.1237,0.0075304
5.1337,0.0076124
5.1437,0.0076874
5.1537,0.0077723
5.1637,0.0078524
5.1738,0.0079239
5.1838,0.0080009
5.1938,0.0080854
5.2038,0.008165
5.2138,0.0082513
5.2238,0.008343
5.2338,0.0084241
5.2438,0.0085145
5.2538,0.0085886
5.2638,0.0086656
5.2738,0.0087527
5.2838,0.0088321
5.2938,0.0089145
5.3038,0.008997
5.3139,0.0090683
5.3239,0.0091475
5.3339,0.0092256
5.3439,0.0093034
5.3539,0.0093762
5.3639,0.0094489
5.3739,0.0095195
5.3839,0.0096079
5.3939,0.0096947
5.4039,0.0097768
5.4139,0.0098595
5.4239,0.0099436
5.4339,0.010014
5.444,0.010077
5.454,0.010135
5.464,0.010186
5.474,0.010235
5.484,0.010281
5.494,0.010339
5.504,0.010406
5.514,0.010474
5.524,0.010528
5.534,0.010594
5.544,0.010646
5.554,0.010687
5.564,0.010735
5.574,0.010794
5.5841,0.010848
5.5941,0.010899
5.6041,0.010944
5.6141,0.010995
5.6241,0.011047
5.6341,0.011093
5.6441,0.011137
5.6541,0.011187
5.6641,0.011231
5.6741,0.011268
5.6841,0.011302
5.6941,0.011345
5.7041,0.011382
5.7141,0.011411
5.7242,0.01143
5.7342,0.011449
5.7442,0.011476
5.7542,0.011511
5.7642,0.011543
5.7742,0.011591
5.7842,0.011632
5.7942,0.011688
5.8042,0.011736
5.8142,0.011774
5.8242,0.011816
5.8342,0.011862
5.8442,0.011904
5.8542,0.011937
5.8643,0.011972
5.8743,0.012008
5.8843,0.012043
5.8943,0.012067
5.9043,0.012095
5.9143,0.012129
5.9243,0.012143
5.9343,0.012162
5.9443,0.01218
5.9543,0.012183
5.9643,0.012197
5.9743,0.012221
5.9843,0.012248
5.9944,0.012284
6.0044,0.012312
6.0144,0.012343
6.0244,0.012376
6.0344,0.012413
6.0444,0.012454
6.0544,0.012493
6.0644,0.012532
6.0744,0.012564
6.0844,0.012575
6.0944,0.012588
6.1044,0.012602
6.1144,0.01261
6.1244,0.012613
6.1345,0.012631
6.1445,0.012653
6.1545,0.012667
6.1645,0.012678
6.1745,0.012703
6.1845,0.012726
6.1945,0.01275
6.2045,0.012764
6.2145,0.012792
6.2245,0.01282
6.2345,0.012846
6.2445,0.012876
6.2545,0.012907
6.2645,0.012935
6.2746,0.01296
6.2846,0.01299
6.2946,0.01302
6.3046,0.013054
6.3146,0.01308
6.3246,0.013099
6.3346,0.013117
6.3446,0.013149
6.3546,0.013184
6.3646,0.013213
6.3746,0.013232
6.3846,0.013253
6.3946,0.013282
6.4046,0.013303
6.4147,0.013321
6.4247,0.013337
6.4347,0.013361
6.4447,0.013389
6.4547,0.0134
6.4647,0.01342
6.4747,0.013449
6.4847,0.01347
6.4947,0.013495
6.5047,0.013523
6.5147,0.01356
6.5247,0.013579
6.5347,0.013594
6.5447,0.013618
6.5548,0.013643
6.5648,0.013661
6.5748,0.013688
6.5848,0.013711
6.5948,0.013732
6.6048,0.013752
6.6148,0.013769
6.6248,0.013802
6.6348,0.013823
6.6448,0.013856
6.6548,0.013889
6.6648,0.013929
6.6748,0.013962
6.6849,0.013996
6.6949,0.014026
6.7049,0.01405
6.7149,0.014065
6.7249,0.014085
6.7349,0.014104
6.7449,0.014114
6.7549,0.01413
6.7649,0.01416
6.7749,0.014188
6.7849,0.014222
6.7949,0.014257
6.8049,0.014309
6.8149,0.014366
6.825,0.01442
6.835,0.014473
6.845,0.014524
6.855,0.014562
6.865,0.014611
6.875,0.014648
6.885,0.014686
6.895,0.014713
6.905,0.01475
6.915,0.014784
6.925,0.014811
6.935,0.014834
6.945,0.014861
6.955,0.014903
6.9651,0.014928
6.9751,0.014973
6.9851,0.015014
6.9951,0.01504
7.0051,0.015072
7.0151,0.015109
7.0251,0.015149
7.0351,0.015198
7.0451,0.015236
7.0551,0.015285
7.0651,0.015333
7.0751,0.015376
7.0851,0.01543
7.0951,0.015486
7.1052,0.015534
7.1152,0.015571
7.1252,0.015614
7.1352,0.015648
7.1452,0.015685
7.1552,0.015723
7.1652,0.015743
7.1752,0.015784
7.1852,0.01581
7.1952,0.015846
7.2052,0.015881
7.2152,0.015914
7.2252,0.015952
7.2353,0.01599
7.2453,0.01602
7.2553,0.016053
7.2653,0.016081
7.2753,0.016113
7.2853,0.016154
7.2953,0.016183
7.3053,0.016209
7.3153,0.016232
7.3253,0.016266
7.3353,0.016296
7.3453,0.016326
7.3553,0.016349
7.3653,0.016373
7.3754,0.016394
7.3854,0.016424
7.3954,0.01645
7.4054,0.016477
7.4154,0.016489
7.4254,0.016517
7.4354,0.016529
7.4454,0.016543
7.4554,0.016561
7.4654,0.016569
7.4754,0.01658
7.4854,0.016572
7.4954,0.016582
7.5054,0.016591
7.5155,0.016608
7.5255,0.016624
7.5355,0.016626
7.5455,0.016626
7.5555,0.016627
7.5655,0.016644
7.5755,0.016667
7.5855,0.016691
7.5955,0.016708
7.6055,0.016741
7.6155,0.016753
7.6255,0.016771
7.6355,0.016779
7.6455,0.016788
7.6556,0.016785
7.6656,0.016792
7.6756,0.016795
7.6856,0.016801
7.6956,0.016806
7.7056,0.016801
7.7156,0.016794
7.7256,0.016778
7.7356,0.016759
7.7456,0.016733
7.7556,0.016714
7.7656,0.016692
7.7756,0.016666
7.7856,0.01665
7.7957,0.016636
7.8057,0.01661
7.8157,0.016592
7.8257,0.016567
7.8357,0.016531
7.8457,0.016504
7.8557,0.016475
7.8657,0.016446
7.8757,0.016412
7.8857,0.016384
7.8957,0.016366
7.9057,0.016351
7.9157,0.016335
7.9258,0.016315
7.9358,0.016301
7.9458,0.016285
7.9558,0.016264
7.9658,0.016249
7.9758,0.016228
7.9858,0.016191
7.9958,0.016147
8.0058,0.016104
8.0158,0.016057
8.0258,0.016013
8.0358,0.015968
8.0458,0.015931
8.0558,0.015901
8.0659,0.015868
8.0759,0.015826
8.0859,0.015781
8.0959,0.015739
8.1059,0.015699
8.1159,0.015662
8.1259,0.015621
8.1359,0.015573
8.1459,0.015538
8.1559,0.015507
8.1659,0.015461
8.1759,0.015421
8.1859,0.015384
8.1959,0.015347
8.206,0.015312
8.216,0.015283
8.226,0.015256
8.236,0.01523
8.246,0.015208
8.256,0.015181
8.266,0.015154
8.276,0.015129
8.286,0.015097
8.296,0.015063
8.306,0.01503
8.316,0.014996
8.326,0.014972
8.336,0.014934
8.3461,0.014892
8.3561,0.014854
8.3661,0.014818
8.3761,0.014767
8.3861,0.014711
8.3961,0.014663
8.4061,0.014617
8.4161,0.014566
8.4261,0.014512
8.4361,0.014453
8.4461,0.0144
8.4561,0.014339
8.4661,0.014283
8.4762,0.014234
8.4862,0.014182
8.4962,0.014131
8.5062,0.014071
8.5162,0.014009
8.5262,0.013951
8.5362,0.013884
8.5462,0.013817
8.5562,0.013757
8.5662,0.013695
8.5762,0.013635
8.5862,0.013573
8.5962,0.013505
8.6062,0.013426
8.6163,0.013346
8.6263,0.013269
8.6363,0.013185
8.6463,0.013103
8.6563,0.013017
8.6663,0.012927
8.6763,0.012854
8.6863,0.012783
8.6963,0.01271
8.7063,0.01263
8.7163,0.012542
8.7263,0.012445
8.7363,0.012358
8.7463,0.012271
8.7564,0.012182
8.7664,0.012082
8.7764,0.011978
8.7864,0.011877
8.7964,0.011792
8.8064,0.011708
8.8164,0.011621
8.8264,0.011527
8.8364,0.011433
8.8464,0.011342
8.8564,0.011257
8.8664,0.011169
8.8764,0.011075
8.8864,0.010991
8.8965,0.010901
8.9065,0.010806
8.9165,0.010716
8.9265,0.010622
8.9365,0.010533
8.9465,0.010453
8.9565,0.010379
8.9665,0.010304
8.9765,0.010226
8.9865,0.010155
8.9965,0.010091
9.0065,0.010018
9.0165,0.0099361
9.0266,0.0098551
9.0366,0.0097817
9.0466,0.0097141
9.0566,0.0096414
9.0666,0.0095818
9.0766,0.0095234
9.0866,0.0094562
9.0966,0.0094012
9.1066,0.0093558
9.1166,0.0093152
9.1266,0.0092721
9.1366,0.0092233
9.1466,0.0091936
9.1566,0.0091639
9.1667,0.0091388
9.1767,0.0091241
9.1867,0.0091123
9.1967,0.0090972
9.2067,0.0091012
9.2167,0.0091084
9.2267,0.0091123
9.2367,0.0091147
9.2467,0.0091205
9.2567,0.0091345
9.2667,0.0091523
9.2767,0.0091696
9.2867,0.0091864
9.2967,0.0092056
9.3068,0.0092277
9.3168,0.0092549
9.3268,0.0092817
9.3368,0.0093054
9.3468,0.0093299
9.3568,0.0093553
9.3668,0.0093906
9.3768,0.0094303
9.3868,0.0094784
9.3968,0.0095225
9.4068,0.0095647
9.4168,0.0096147
9.4268,0.0096717
9.4368,0.0097213
9.4469,0.0097753
9.4569,0.0098436
9.4669,0.0099096
9.4769,0.0099665
9.4869,0.010019
9.4969,0.010071
9.5069,0.010122
9.5169,0.010166
9.5269,0.010202
9.5369,0.010243
9.5469,0.010281
9.5569,0.010318
9.5669,0.010356
9.5769,0.010393
9.587,0.010427
9.597,0.010462
9.607,0.010498
9.617,0.010537
9.627,0.010578
9.637,0.010613
9.647,0.010644
9.657,0.01068
9.667,0.010714
9.677,0.010744
9.687,0.010776
9.697,0.010795
9.707,0.010818
9.7171,0.010834
9.7271,0.010843
9.7371,0.010853
9.7471,0.010869
9.7571,0.010871
9.7671,0.010866
9.7771,0.010864
9.7871,0.010859
9.7971,0.010856
9.8071,0.010852
9.8171,0.010847
9.8271,0.010845
9.8371,0.010843
9.8471,0.010841
9.8572,0.010842
9.8672,0.010845
9.8772,0.010842
9.8872,0.010835
9.8972,0.010834
9.9072,0.010835
9.9172,0.010829
9.9272,0.010829
9.9372,0.010833
9.9472,0.010833
9.9572,0.010835
9.9672,0.010847
9.9772,0.01086
9.9872,0.010876
9.9973,0.010889
10.007,0.010903
10.017,0.010922
10.027,0.010938
10.037,0.010962
10.047,0.010991
10.057,0.011026
10.067,0.011057
10.077,0.011093
10.087,0.011138
10.097,0.011186
10.107,0.011242
10.117,0.011301
10.127,0.011355
10.137,0.011429
10.147,0.011503
10.157,0.011577
10.167,0.011648
10.177,0.011727
10.187,0.011817
10.197,0.011911
10.207,0.012001
10.217,0.012107
10.227,0.012217
10.237,0.012316
10.247,0.012419
10.257,0.012532
10.267,0.012639
10.277,0.012742
10.287,0.012859
10.297,0.012976
10.307,0.013094
10.317,0.013212
10.327,0.013328
10.338,0.013446
10.348,0.013569
10.358,0.013691
10.368,0.013811
10.378,0.01393
10.388,0.014046
10.398,0.014171
10.408,0.014299
10.418,0.01443
10.428,0.014558
10.438,0.014676
10.448,0.014788
10.458,0.014901
10.468,0.015016
10.478,0.015124
10.488,0.015234
10.498,0.015353
10.508,0.015467
10.518,0.015574
10.528,0.015676
10.538,0.015789
10.548,0.015895
10.558,0.015994
10.568,0.016081
10.578,0.016167
10.588,0.016251
10.598,0.016332
10.608,0.016408
10.618,0.016478
10.628,0.016547
10.638,0.016614
10.648,0.016686
10.658,0.01675
10.668,0.016806
10.678,0.016852
10.688,0.016898
10.698,0.016944
10.708,0.016988
10.718,0.017034
10.728,0.01707
10.738,0.017091
10.748,0.017117
10.758,0.017146
10.768,0.017167
10.778,0.017172
10.788,0.017167
10.798,0.017162
10.808,0.017163
10.818,0.017143
10.828,0.017121
10.838,0.017091
10.848,0.017044
10.858,0.017005
10.868,0.016957
10.878,0.016896
10.888,0.016828
10.898,0.016749
10.908,0.016668
10.918,0.016593
10.928,0.016509
10.938,0.016399
10.948,0.016292
10.958,0.016179
10.968,0.016056
10.978,0.015927
10.988,0.015795
10.998,0.015659
11.008,0.015513
11.018,0.015361
11.028,0.015203
11.038,0.01503
11.048,0.014858
11.058,0.014688
11.068,0.014506
11.078,0.014322
11.088,0.014124
11.098,0.013918
11.108,0.013704
11.118,0.013496
11.128,0.013282
11.138,0.01307
11.148,0.012853
11.158,0.01263
11.168,0.012405
11.178,0.012168
11.188,0.011927
11.198,0.011687
11.208,0.011439
11.218,0.011182
11.228,0.010913
11.238,0.010637
11.248,0.010359
11.258,0.01008
11.268,0.0098076
11.278,0.0095192
11.288,0.0092287
11.298,0.0089427
11.308,0.0086614
11.318,0.0083766
11.328,0.008082
11.338,0.0077872
11.348,0.0074925
11.358,0.0072056
11.368,0.0069191
11.378,0.0066305
11.388,0.006336
11.398,0.0060449
11.408,0.0057536
11.418,0.0054769
11.428,0.005199
11.438,0.0049222
11.448,0.0046431
11.458,0.0043649
11.468,0.0040897
11.478,0.0038225
11.488,0.0035533
11.498,0.0032879
11.508,0.0030254
11.518,0.0027602
11.528,0.0025001
11.538,0.0022414
11.548,0.0019824
11.558,0.0017223
11.568,0.0014775
11.578,0.001243
11.588,0.0010156
11.598,0.00079239
11.608,0.00057087
11.618,0.00035181
11.628,0.00013549
11.638,-8.3482e-005
11.648,-0.00030014
11.658,-0.00050634
11.668,-0.00071956
11.678,-0.00093076
11.688,-0.0011361
11.698,-0.0013367
11.708,-0.0015284
11.719,-0.0017114
11.729,-0.001893
11.739,-0.0020687
11.749,-0.002245
11.759,-0.0024156
11.769,-0.0025805
11.779,-0.0027335
11.789,-0.0028878
11.799,-0.0030254
11.809,-0.0031555
11.819,-0.003289
11.829,-0.0034198
11.839,-0.0035389
11.849,-0.0036559
11.859,-0.0037726
11.869,-0.0038797
11.879,-0.0039873
11.889,-0.0040896
11.899,-0.0041847
11.909,-0.0042725
11.919,-0.0043612
11.929,-0.0044461
11.939,-0.0045238
11.949,-0.0045864
11.959,-0.0046433
11.969,-0.0047005
11.979,-0.004752
11.989,-0.0047918
11.999,-0.0048281
12.009,-0.0048601
12.019,-0.0048867
12.029,-0.0049025
12.039,-0.004905
12.049,-0.0049037
12.059,-0.0048965
12.069,-0.0048889
12.079,-0.0048733
12.089,-0.004856
12.099,-0.0048257
12.109,-0.0047799
12.119,-0.0047256
12.129,-0.0046607
12.139,-0.0045866
12.149,-0.004512
12.159,-0.0044316
12.169,-0.0043449
12.179,-0.0042517
12.189,-0.0041587
12.199,-0.0040726
12.209,-0.0039814
12.219,-0.003885
12.229,-0.0037884
12.239,-0.0036781
12.249,-0.0035658
12.259,-0.0034484
12.269,-0.003327
12.279,-0.0032051
12.289,-0.0030751
12.299,-0.002934
12.309,-0.0027967
12.319,-0.0026577
12.329,-0.0025177
12.339,-0.0023803
12.349,-0.0022384
12.359,-0.0020995
12.369,-0.0019569
12.379,-0.0018085
12.389,-0.0016576
12.399,-0.0015137
12.409,-0.0013712
12.419,-0.0012264
12.429,-0.0010784
12.439,-0.00092405
12.449,-0.00076873
12.459,-0.00062137
12.469,-0.00047458
12.479,-0.00033392
12.489,-0.00020203
12.499,-7.2728e-005
12.509,5.9782e-005
12.519,0.00019561
12.529,0.00033611
12.539,0.00047375
12.549,0.00060263
12.559,0.00073065
12.569,0.00085152
12.579,0.00097218
12.589,0.0010938
12.599,0.0012105
12.609,0.0013377
12.619,0.0014621
12.629,0.0015877
12.639,0.0017125
12.649,0.0018358
12.659,0.001972
12.669,0.0021011
12.679,0.0022324
12.689,0.0023702
12.699,0.0025187
12.709,0.002671
12.719,0.0028183
12.729,0.002959
12.739,0.0031086
12.749,0.0032662
12.759,0.0034287
12.769,0.0035962
12.779,0.0037652
12.789,0.0039469
12.799,0.0041326
12.809,0.0043243
12.819,0.0045325
12.829,0.0047565
12.839,0.0049933
12.849,0.0052374
12.859,0.0054885
12.869,0.0057595
12.879,0.0060558
12.889,0.0063703
12.899,0.006723
12.909,0.0070758
12.919,0.0074503
12.929,0.0078757
12.939,0.0083071
12.949,0.0087889
12.959,0.0092651
12.969,0.0097706
12.979,0.010308
12.989,0.010865
12.999,0.011426
13.009,0.01205
13.019,0.012677
13.029,0.013312
13.039,0.013992
13.049,0.014675
13.059,0.015364
13.069,0.016068
13.079,0.01684
13.089,0.017598
13.1,0.018314
13.11,0.019055
13.12,0.019777
13.13,0.020487
13.14,0.021193
13.15,0.021913
13.16,0.02261
13.17,0.023257
13.18,0.023909
13.19,0.024585
13.2,0.025213
13.21,0.025826
13.22,0.026417
13.23,0.026988
13.24,0.02746
13.25,0.027932
13.26,0.028372
13.27,0.028758
13.28,0.029104
13.29,0.029387
13.3,0.029616
13.31,0.029802
13.32,0.029945
13.33,0.030046
13.34,0.030103
13.35,0.030102
13.36,0.030053
13.37,0.029941
13.38,0.029784
13.39,0.029579
13.4,0.029321
13.41,0.029019
13.42,0.02867
13.43,0.028266
13.44,0.02782
13.45,0.02734
13.46,0.02681
13.47,0.026235
13.48,0.025631
13.49,0.024994
13.5,0.024307
13.51,0.023594
13.52,0.02286
13.53,0.022096
13.54,0.021311
13.55,0.020513
13.56,0.019699
13.57,0.018873
13.58,0.018041
13.59,0.017196
13.6,0.016362
13.61,0.015522
13.62,0.014667
13.63,0.013818
13.64,0.012972
13.65,0.012158
13.66,0.011367
13.67,0.010585
13.68,0.0098313
13.69,0.0090964
13.7,0.0083893
13.71,0.0077005
13.72,0.0070404
13.73,0.0064104
13.74,0.0058028
13.75,0.0052459
13.76,0.0047322
13.77,0.0042376
13.78,0.0037846
13.79,0.0033759
13.8,0.002993
13.81,0.0026371
13.82,0.0023168
13.83,0.0020506
13.84,0.0018127
13.85,0.0016009
13.86,0.0014325
13.87,0.0013098
13.88,0.0012077
13.89,0.0011414
13.9,0.0011032
13.91,0.0010816
13.92,0.0010651
13.93,0.001068
13.94,0.0010841
13.95,0.0011099
13.96,0.0011378
13.97,0.0011653
13.98,0.0011862
13.99,0.0011954
14,0.0011826
14.01,0.0011527
14.02,0.0011091
14.03,0.0010449
14.04,0.00094366
14.05,0.00080104
14.06,0.00061244
14.07,0.0003851
14.08,0.00011999
14.09,-0.00019631
14.1,-0.00057837
14.11,-0.001015
14.12,-0.0015073
14.13,-0.0020579
14.14,-0.0026723
14.15,-0.0033531
14.16,-0.0040961
14.17,-0.0049014
14.18,-0.0057729
14.19,-0.0067153
14.2,-0.0077298
14.21,-0.0088086
14.22,-0.0099534
14.23,-0.01115
14.24,-0.012417
14.25,-0.013737
14.26,-0.015124
14.27,-0.01656
14.28,-0.018047
14.29,-0.019586
14.3,-0.021177
14.31,-0.022809
14.32,-0.024471
14.33,-0.026172
14.34,-0.027909
14.35,-0.029679
14.36,-0.031486
14.37,-0.033331
14.38,-0.035218
14.39,-0.037126
14.4,-0.039064
14.41,-0.041025
14.42,-0.042978
14.43,-0.044937
14.44,-0.04691
14.45,-0.048875
14.46,-0.050828
14.471,-0.05279
14.481,-0.054737
14.491,-0.056675
14.501,-0.05859
14.511,-0.06049
14.521,-0.062367
14.531,-0.06422
14.541,-0.066039
14.551,-0.067835
14.561,-0.069604
14.571,-0.071337
14.581,-0.073044
14.591,-0.074714
14.601,-0.076338
14.611,-0.077917
14.621,-0.079457
14.631,-0.08097
14.641,-0.082459
14.651,-0.083899
14.661,-0.085283
14.671,-0.086631
14.681,-0.087947
14.691,-0.089231
14.701,-0.090479
14.711,-0.091687
14.721,-0.092876
14.731,-0.09404
14.741,-0.095174
14.751,-0.096277
14.761,-0.097362
14.771,-0.098439
14.781,-0.099498
14.791,-0.10054
14.801,-0.10156
14.811,-0.10256
14.821,-0.10355
14.831,-0.10453
14.841,-0.1055
14.851,-0.10646
14.861,-0.10742
14.871,-0.10837
14.881,-0.10932
14.891,-0.11028
14.901,-0.11124
14.911,-0.11221
14.921,-0.11319
14.931,-0.11419
14.941,-0.11519
14.951,-0.1162
14.961,-0.11722
14.971,-0.11827
14.981,-0.11933
14.991,-0.12041
15.001,-0.1215
15.011,-0.1226
15.021,-0.12371
15.031,-0.12486
15.041,-0.12602
15.051,-0.1272
15.061,-0.1284
15.071,-0.12962
15.081,-0.13087
15.091,-0.13212
15.101,-0.1334
15.111,-0.13469
15.121,-0.136
15.131,-0.13732
15.141,-0.13865
15.151,-0.13999
15.161,-0.14133
15.171,-0.14268
15.181,-0.14404
15.191,-0.1454
15.201,-0.14679
15.211,-0.14817
15.221,-0.14955
15.231,-0.15093
15.241,-0.15233
15.251,-0.15373
15.261,-0.15512
15.271,-0.15652
15.281,-0.15793
15.291,-0.15933
15.301,-0.16072
15.311,-0.16212
15.321,-0.16351
15.331,-0.16491
15.341,-0.16631
15.351,-0.16772
15.361,-0.16912
15.371,-0.17051
15.381,-0.17188
15.391,-0.17325
15.401,-0.17462
15.411,-0.17599
15.421,-0.17736
15.431,-0.17872
15.441,-0.18009
15.451,-0.18146
15.461,-0.18285
15.471,-0.18423
15.481,-0.1856
15.491,-0.18699
15.501,-0.1884
15.511,-0.18982
15.521,-0.19124
15.531,-0.19268
15.541,-0.19414
15.551,-0.19562
15.561,-0.19712
15.571,-0.19865
15.581,-0.20021
15.591,-0.20181
15.601,-0.20341
15.611,-0.20507
15.621,-0.20675
15.631,-0.20848
15.641,-0.21025
15.651,-0.21205
15.661,-0.2139
15.671,-0.21581
15.681,-0.21778
15.691,-0.2198
15.701,-0.22187
15.711,-0.22401
15.721,-0.2262
15.731,-0.22845
15.741,-0.23075
15.751,-0.2331
15.761,-0.23551
15.771,-0.23799
15.781,-0.24054
15.791,-0.24318
15.801,-0.24588
15.811,-0.24865
15.821,-0.25151
15.831,-0.25444
15.841,-0.25744
15.852,-0.26051
15.862,-0.26369
15.872,-0.26694
15.882,-0.27028
15.892,-0.27371
15.902,-0.27724
15.912,-0.28088
15.922,-0.28456
15.932,-0.28834
15.942,-0.29221
15.952,-0.2962
15.962,-0.3003
15.972,-0.30448
15.982,-0.30875
15.992,-0.31313
16.002,-0.31765
16.012,-0.32225
16.022,-0.32695
16.032,-0.33176
16.042,-0.3367
16.052,-0.34172
16.062,-0.3469
16.072,-0.35224
16.082,-0.35769
16.092,-0.36325
16.102,-0.36891
16.112,-0.37475
16.122,-0.38074
16.132,-0.38684
16.142,-0.39306
16.152,-0.39939
16.162,-0.40588
16.172,-0.41253
16.182,-0.4194
16.192,-0.42636
16.202,-0.43342
16.212,-0.44073
16.222,-0.44824
16.232,-0.45585
16.242,-0.4636
16.252,-0.47157
16.262,-0.4797
16.272,-0.48796
16.282,-0.49644
16.292,-0.50511
16.302,-0.51397
16.312,-0.52295
16.322,-0.53215
16.332,-0.5415
16.342,-0.55098
16.352,-0.56059
16.362,-0.57038
16.372,-0.58035
16.382,-0.5905
16.392,-0.60085
16.402,-0.61139
16.412,-0.62199
16.422,-0.63285
16.432,-0.64393
16.442,-0.65514
16.452,-0.6664
16.462,-0.67792
16.472,-0.68972
16.482,-0.70157
16.492,-0.71352
16.502,-0.7256
16.512,-0.73785
16.522,-0.7502
16.532,-0.76271
16.542,-0.77534
16.552,-0.78798
16.562,-0.80074
16.572,-0.81356
16.582,-0.82654
16.592,-0.83947
16.602,-0.85243
16.612,-0.8655
16.622,-0.87863
16.632,-0.89173
16.642,-0.90482
16.652,-0.91792
16.662,-0.931
16.672,-0.94401
16.682,-0.95694
16.692,-0.96979
16.702,-0.9826
16.712,-0.99531
16.722,-1.008
16.732,-1.0204
16.742,-1.0328
16.752,-1.0449
16.762,-1.0569
16.772,-1.0686
16.782,-1.0802
16.792,-1.0915
16.802,-1.1025
16.812,-1.1132
16.822,-1.1235
16.832,-1.1336
16.842,-1.1433
16.852,-1.1525
16.862,-1.1614
16.872,-1.1697
16.882,-1.1776
16.892,-1.1849
16.902,-1.1917
16.912,-1.198
16.922,-1.2037
16.932,-1.2088
16.942,-1.2134
16.952,-1.2172
16.962,-1.2204
16.972,-1.2229
16.982,-1.2247
16.992,-1.2257
17.002,-1.226
17.012,-1.2256
17.022,-1.2244
17.032,-1.2223
17.042,-1.2194
17.052,-1.2157
17.062,-1.2112
17.072,-1.2058
17.082,-1.1995
17.092,-1.1924
17.102,-1.1843
17.112,-1.1754
17.122,-1.1655
17.132,-1.1548
17.142,-1.1432
17.152,-1.1307
17.162,-1.1173
17.172,-1.1031
17.182,-1.0881
17.192,-1.0722
17.202,-1.0555
17.212,-1.0382
17.222,-1.0201
17.233,-1.0011
17.243,-0.9815
17.253,-0.96123
17.263,-0.9405
17.273,-0.91918
17.283,-0.8973
17.293,-0.87486
17.303,-0.85182
17.313,-0.82838
17.323,-0.80455
17.333,-0.78043
17.343,-0.75579
17.353,-0.73073
17.363,-0.70541
17.373,-0.68009
17.383,-0.65444
17.393,-0.62881
17.403,-0.60292
17.413,-0.57692
17.423,-0.55102
17.433,-0.52498
17.443,-0.499
17.453,-0.47321
17.463,-0.44761
17.473,-0.4224
17.483,-0.39724
17.493,-0.37217
17.503,-0.34744
17.513,-0.32322
17.523,-0.2992
17.533,-0.27527
17.543,-0.25176
17.553,-0.22872
17.563,-0.20592
17.573,-0.18339
17.583,-0.16138
17.593,-0.13961
17.603,-0.11819
17.613,-0.097022
17.623,-0.07624
17.633,-0.055772
17.643,-0.035559
17.653,-0.015568
17.663,0.0041506
17.673,0.023733
17.683,0.043078
17.693,0.062029
17.703,0.080978
17.713,0.099863
17.723,0.11874
17.733,0.13739
17.743,0.15604
17.753,0.17487
17.763,0.19375
17.773,0.21261
17.783,0.23162
17.793,0.25069
17.803,0.26996
17.813,0.28942
17.823,0.30925
17.833,0.32944
17.843,0.34995
17.853,0.3709
17.863,0.39243
17.873,0.41441
17.883,0.43676
17.893,0.45967
17.903,0.4833
17.913,0.50754
17.923,0.53245
17.933,0.55817
17.943,0.58474
17.953,0.61199
17.963,0.64012
17.973,0.66917
17.983,0.69894
17.993,0.72939
18.003,0.76082
18.013,0.79319
18.023,0.82632
18.033,0.86031
18.043,0.89545
18.053,0.93126
18.063,0.96783
18.073,1.0052
18.083,1.0437
18.093,1.0826
18.103,1.1221
18.113,1.1625
18.123,1.204
18.133,1.246
18.143,1.2883
18.153,1.3312
18.163,1.3749
18.173,1.4193
18.183,1.4642
18.193,1.5095
18.203,1.5548
18.213,1.6005
18.223,1.6466
18.233,1.6928
18.243,1.7393
18.253,1.7861
18.263,1.833
18.273,1.8799
18.283,1.9269
18.293,1.9738
18.303,2.0202
18.313,2.0665
18.323,2.1125
18.333,2.1582
18.343,2.2035
18.353,2.2487
18.363,2.2931
18.373,2.3369
18.383,2.3801
18.393,2.4227
18.403,2.4645
18.413,2.5053
18.423,2.5448
18.433,2.5836
18.443,2.6216
18.453,2.6587
18.463,2.6945
18.473,2.7291
18.483,2.7628
18.493,2.7952
18.503,2.8262
18.513,2.8558
18.523,2.8843
18.533,2.9114
18.543,2.937
18.553,2.9611
18.563,2.9838
18.573,3.0049
18.583,3.0245
18.593,3.0425
18.604,3.0589
18.614,3.0734
18.624,3.0863
18.634,3.0976
18.644,3.1071
18.654,3.1149
18.664,3.1208
18.674,3.125
18.684,3.1273
18.694,3.1278
18.704,3.1264
18.714,3.1232
18.724,3.1181
18.734,3.1113
18.744,3.1025
18.754,3.0919
18.764,3.0794
18.774,3.065
18.784,3.0488
18.794,3.0308
18.804,3.0109
18.814,2.9893
18.824,2.9659
18.834,2.9408
18.844,2.914
18.854,2.8852
18.864,2.8546
18.874,2.8225
18.884,2.7888
18.894,2.7533
18.904,2.7161
18.914,2.6772
18.924,2.6372
18.934,2.5955
18.944,2.5524
18.954,2.5081
18.964,2.4626
18.974,2.4154
18.984,2.367
18.994,2.3175
19.004,2.2665
19.014,2.2148
19.024,2.1625
19.034,2.1091
19.044,2.0546
19.054,1.9987
19.064,1.9426
19.074,1.8863
19.084,1.8289
19.094,1.7708
19.104,1.7124
19.114,1.6538
19.124,1.5943
19.134,1.5348
19.144,1.4751
19.154,1.415
19.164,1.3545
19.174,1.2937
19.184,1.2332
19.194,1.1725
19.204,1.1119
19.214,1.0515
19.224,0.99132
19.234,0.93136
19.244,0.87174
19.254,0.81277
19.264,0.75393
19.274,0.69523
19.284,0.63721
19.294,0.58009
19.304,0.52362
19.314,0.46726
19.324,0.41194
19.334,0.35717
19.344,0.30345
19.354,0.25074
19.364,0.19876
19.374,0.14732
19.384,0.096547
19.394,0.047098
19.404,-0.0015702
19.414,-0.049213
19.424,-0.095898
19.434,-0.14138
19.444,-0.18546
19.454,-0.22878
19.464,-0.27109
19.474,-0.3122
19.484,-0.35183
19.494,-0.39068
19.504,-0.42816
19.514,-0.46463
19.524,-0.50005
19.534,-0.53414
19.544,-0.56689
19.554,-0.59851
19.564,-0.62914
19.574,-0.65847
19.584,-0.6867
19.594,-0.71368
19.604,-0.73958
19.614,-0.76429
19.624,-0.78773
19.634,-0.81002
19.644,-0.83112
19.654,-0.85114
19.664,-0.86982
19.674,-0.88733
19.684,-0.90383
19.694,-0.91923
19.704,-0.93344
19.714,-0.94657
19.724,-0.95864
19.734,-0.96967
19.744,-0.97971
19.754,-0.98874
19.764,-0.9967
19.774,-1.0037
19.784,-1.0097
19.794,-1.0148
19.804,-1.019
19.814,-1.0223
19.824,-1.0247
19.834,-1.0262
19.844,-1.0269
19.854,-1.0268
19.864,-1.026
19.874,-1.0243
19.884,-1.0219
19.894,-1.0188
19.904,-1.015
19.914,-1.0105
19.924,-1.0054
19.934,-0.99954
19.944,-0.99315
19.954,-0.98619
19.964,-0.97869
19.974,-0.9706
19.985,-0.96199
19.995,-0.95298
20.005,-0.94357
20.015,-0.93372
20.025,-0.92339
20.035,-0.91272
20.045,-0.9017
20.055,-0.89043
20.065,-0.87883
20.075,-0.86697
20.085,-0.85489
20.095,-0.84256
20.105,-0.82996
20.115,-0.81724
20.125,-0.80436
20.135,-0.79134
20.145,-0.7781
20.155,-0.76476
20.165,-0.75132
20.175,-0.73776
20.185,-0.72425
20.195,-0.71071
20.205,-0.69718
20.215,-0.68354
20.225,-0.67
20.235,-0.65646
20.245,-0.64316
20.255,-0.62984
20.265,-0.61663
20.275,-0.60354
20.285,-0.59059
20.295,-0.57785
20.305,-0.56526
20.315,-0.55286
20.325,-0.54062
20.335,-0.52863
20.345,-0.51686
20.355,-0.50527
20.365,-0.49391
20.375,-0.48277
20.385,-0.47198
20.395,-0.46141
20.405,-0.45115
20.415,-0.44118
20.425,-0.43151
20.435,-0.42215
20.445,-0.41304
20.455,-0.40428
20.465,-0.39585
20.475,-0.38779
20.485,-0.38002
20.495,-0.37261
20.505,-0.36556
20.515,-0.35886
20.525,-0.3526
20.535,-0.34669
20.545,-0.34113
20.555,-0.33595
20.565,-0.33114
20.575,-0.3267
20.585,-0.32264
20.595,-0.31895
20.605,-0.31568
20.615,-0.3128
20.625,-0.31026
20.635,-0.30809
20.645,-0.30629
20.655,-0.30488
20.665,-0.30383
20.675,-0.30314
20.685,-0.30279
20.695,-0.30278
20.705,-0.30313
20.715,-0.3038
20.725,-0.3048
20.735,-0.3061
20.745,-0.30773
20.755,-0.30966
20.765,-0.31187
20.775,-0.31436
20.785,-0.31709
20.795,-0.32011
20.805,-0.32335
20.815,-0.32683
20.825,-0.33053
20.835,-0.33442
20.845,-0.3385
20.855,-0.34278
20.865,-0.34722
20.875,-0.3518
20.885,-0.35648
20.895,-0.36126
20.905,-0.36619
20.915,-0.37119
20.925,-0.37623
20.935,-0.3813
20.945,-0.38642
20.955,-0.39159
20.965,-0.39677
20.975,-0.40195
20.985,-0.4071
20.995,-0.41223
21.005,-0.41731
21.015,-0.42234
21.025,-0.42731
21.035,-0.43213
21.045,-0.43686
21.055,-0.44149
21.065,-0.44599
21.075,-0.45035
21.085,-0.45455
21.095,-0.45861
21.105,-0.46256
21.115,-0.4663
21.125,-0.46982
21.135,-0.47315
21.145,-0.47626
21.155,-0.4792
21.165,-0.48192
21.175,-0.48443
21.185,-0.48672
21.195,-0.48878
21.205,-0.49062
21.215,-0.49223
21.225,-0.4936
21.235,-0.49474
21.245,-0.49566
21.255,-0.49634
21.265,-0.4968
21.275,-0.49702
21.285,-0.49701
21.295,-0.49678
21.305,-0.49632
21.315,-0.49564
21.325,-0.49474
21.335,-0.49362
21.345,-0.49228
21.355,-0.49076
21.366,-0.48903
21.376,-0.48711
21.386,-0.485
21.396,-0.48268
21.406,-0.4802
21.416,-0.47752
21.426,-0.47466
21.436,-0.47162
21.446,-0.46843
21.456,-0.46511
21.466,-0.46166
21.476,-0.45807
21.486,-0.45435
21.496,-0.4505
21.506,-0.44655
21.516,-0.44248
21.526,-0.43825
21.536,-0.43391
21.546,-0.42952
21.556,-0.42504
21.566,-0.42048
21.576,-0.41583
21.586,-0.41112
21.596,-0.40637
21.606,-0.40152
21.616,-0.39659
21.626,-0.39157
21.636,-0.38652
21.646,-0.3814
21.656,-0.37621
21.666,-0.371
21.676,-0.36574
21.686,-0.36044
21.696,-0.35507
21.706,-0.34966
21.716,-0.34422
21.726,-0.33875
21.736,-0.3333
21.746,-0.32775
21.756,-0.32218
21.766,-0.31663
21.776,-0.31106
21.786,-0.30549
21.796,-0.29991
21.806,-0.29427
21.816,-0.2886
21.826,-0.28296
21.836,-0.27732
21.846,-0.27171
21.856,-0.26606
21.866,-0.26039
21.876,-0.25474
21.886,-0.2491
21.896,-0.2435
21.906,-0.23794
21.916,-0.23238
21.926,-0.22686
21.936,-0.22137
21.946,-0.21591
21.956,-0.21052
21.966,-0.20515
21.976,-0.19983
21.986,-0.19459
21.996,-0.18939
22.006,-0.18426
22.016,-0.17923
22.026,-0.17422
22.036,-0.16929
22.046,-0.16445
22.056,-0.15967
22.066,-0.155
22.076,-0.1504
22.086,-0.14592
22.096,-0.14153
22.106,-0.13729
22.116,-0.13316
22.126,-0.12916
22.136,-0.12529
22.146,-0.12153
22.156,-0.11791
22.166,-0.1144
22.176,-0.11103
22.186,-0.10781
22.196,-0.10473
22.206,-0.10179
22.216,-0.098981
22.226,-0.096304
22.236,-0.093749
22.246,-0.09135
22.256,-0.089094
22.266,-0.086971
22.276,-0.084978
22.286,-0.083127
22.296,-0.08141
22.306,-0.079834
22.316,-0.0784
22.326,-0.077102
22.336,-0.075923
22.346,-0.074859
22.356,-0.073921
22.366,-0.073102
22.376,-0.072394
22.386,-0.071792
22.396,-0.071282
22.406,-0.070874
22.416,-0.070559
22.426,-0.070336
22.436,-0.070194
22.446,-0.070119
22.456,-0.070108
22.466,-0.070159
22.476,-0.070274
22.486,-0.070439
22.496,-0.070648
22.506,-0.070894
22.516,-0.07117
22.526,-0.071468
22.536,-0.071783
22.546,-0.072112
22.556,-0.072448
22.566,-0.072782
22.576,-0.073112
22.586,-0.073428
22.596,-0.073726
22.606,-0.074002
22.616,-0.074248
22.626,-0.074458
22.636,-0.074625
22.646,-0.074749
22.656,-0.074837
22.666,-0.074875
22.676,-0.074849
22.686,-0.074761
22.696,-0.074613
22.706,-0.074406
22.716,-0.074127
22.726,-0.073777
22.736,-0.073352
22.747,-0.072847
22.757,-0.072263
22.767,-0.071598
22.777,-0.070847
22.787,-0.070015
22.797,-0.069104
22.807,-0.068112
22.817,-0.067035
22.827,-0.065879
22.837,-0.064638
22.847,-0.0633
22.857,-0.061878
22.867,-0.060371
22.877,-0.058785
22.887,-0.057119
22.897,-0.055367
22.907,-0.053551
22.917,-0.051662
22.927,-0.049704
22.937,-0.047671
22.947,-0.045565
22.957,-0.043398
22.967,-0.041172
22.977,-0.038892
22.987,-0.036562
22.997,-0.034162
23.007,-0.031718
23.017,-0.029223
23.027,-0.026682
23.037,-0.024084
23.047,-0.021444
23.057,-0.018782
23.067,-0.016108
23.077,-0.013408
23.087,-0.010682
23.097,-0.0079541
23.107,-0.0052123
23.117,-0.0024601
23.127,0.00028872
23.137,0.0030311
23.147,0.0057696
23.157,0.0085
23.167,0.011197
23.177,0.013874
23.187,0.016536
23.197,0.019164
23.207,0.021753
23.217,0.024313
23.227,0.026828
23.237,0.02928
23.247,0.031687
23.257,0.034039
23.267,0.036349
23.277,0.038576
23.287,0.040731
23.297,0.042825
23.307,0.044839
23.317,0.046766
23.327,0.048593
23.337,0.050335
23.347,0.051987
23.357,0.053541
23.367,0.054986
23.377,0.056326
23.387,0.057561
23.397,0.058681
23.407,0.059692
23.417,0.060587
23.427,0.061368
23.437,0.062035
23.447,0.062574
23.457,0.062982
23.467,0.063266
23.477,0.063427
23.487,0.06345
23.497,0.063351
23.507,0.063128
23.517,0.062779
23.527,0.062297
23.537,0.061687
23.547,0.060947
23.557,0.060074
23.567,0.059063
23.577,0.057936
23.587,0.056687
23.597,0.05531
23.607,0.053807
23.617,0.052184
23.627,0.05043
23.637,0.048527
23.647,0.046505
23.657,0.044378
23.667,0.042116
23.677,0.039728
23.687,0.037236
23.697,0.034634
23.707,0.031943
23.717,0.029161
23.727,0.026278
23.737,0.023301
23.747,0.020234
23.757,0.017087
23.767,0.01386
23.777,0.010549
23.787,0.0071635
23.797,0.0037322
23.807,0.00021222
23.817,-0.003348
23.827,-0.0069791
23.837,-0.010676
23.847,-0.014415
23.857,-0.018194
23.867,-0.022006
23.877,-0.025858
23.887,-0.029763
23.897,-0.033679
23.907,-0.037607
23.917,-0.041551
23.927,-0.045506
23.937,-0.049437
23.947,-0.053362
23.957,-0.0573
23.967,-0.061243
23.977,-0.065152
23.987,-0.069016
23.997,-0.072868
24.007,-0.076705
24.017,-0.080529
24.027,-0.084311
24.037,-0.088022
24.047,-0.091666
24.057,-0.09527
24.067,-0.098844
24.077,-0.10235
24.087,-0.10578
24.097,-0.10915
24.107,-0.11247
24.118,-0.11573
24.128,-0.11888
24.138,-0.12194
24.148,-0.12493
24.158,-0.12786
24.168,-0.13071
24.178,-0.13347
24.188,-0.13615
24.198,-0.13875
24.208,-0.14129
24.218,-0.14373
24.228,-0.1461
24.238,-0.14838
24.248,-0.15057
24.258,-0.15268
24.268,-0.1547
24.278,-0.15662
24.288,-0.15846
24.298,-0.16023
24.308,-0.16191
24.318,-0.16349
24.328,-0.16498
24.338,-0.16639
24.348,-0.16773
24.358,-0.16898
24.368,-0.17013
24.378,-0.17121
24.388,-0.17222
24.398,-0.17315
24.408,-0.174
24.418,-0.17477
24.428,-0.17547
24.438,-0.17611
24.448,-0.17667
24.458,-0.17716
24.468,-0.17759
24.478,-0.17795
24.488,-0.17825
24.498,-0.17851
24.508,-0.1787
24.518,-0.17882
24.528,-0.17888
24.538,-0.17888
24.548,-0.17882
24.558,-0.17871
24.568,-0.17854
24.578,-0.17833
24.588,-0.17805
24.598,-0.17774
24.608,-0.17738
24.618,-0.17696
24.628,-0.17651
24.638,-0.176
24.648,-0.17544
24.658,-0.17483
24.668,-0.17418
24.678,-0.17348
24.688,-0.17276
24.698,-0.17199
24.708,-0.17118
24.718,-0.17033
24.728,-0.16943
24.738,-0.1685
24.748,-0.16754
24.758,-0.16655
24.768,-0.16551
24.778,-0.16445
24.788,-0.16336
24.798,-0.16224
24.808,-0.16109
24.818,-0.15991
24.828,-0.15871
24.838,-0.15749
24.848,-0.15625
24.858,-0.15499
24.868,-0.15371
24.878,-0.15239
24.888,-0.15107
24.898,-0.14975
24.908,-0.14841
24.918,-0.14705
24.928,-0.14567
24.938,-0.14432
24.948,-0.14296
24.958,-0.14158
24.968,-0.1402
24.978,-0.13884
24.988,-0.13748
24.998,-0.13613
25.008,-0.13477
25.018,-0.13344
25.028,-0.13213
25.038,-0.13083
25.048,-0.12953
25.058,-0.12825
25.068,-0.12699
25.078,-0.12577
25.088,-0.12457
25.098,-0.12341
25.108,-0.12227
25.118,-0.12118
25.128,-0.12012
25.138,-0.11909
25.148,-0.11809
25.158,-0.11714
25.168,-0.11622
25.178,-0.11534
25.188,-0.11452
25.198,-0.11373
25.208,-0.11299
25.218,-0.1123
25.228,-0.11164
25.238,-0.11104
25.248,-0.11048
25.258,-0.10997
25.268,-0.10952
25.278,-0.1091
25.288,-0.10873
25.298,-0.10841
25.308,-0.10814
25.318,-0.10791
25.328,-0.10774
25.338,-0.10761
25.348,-0.10752
25.358,-0.10747
25.368,-0.10746
25.378,-0.10749
25.388,-0.10755
25.398,-0.10765
25.408,-0.10778
25.418,-0.10794
25.428,-0.10813
25.438,-0.10835
25.448,-0.1086
25.458,-0.10887
25.468,-0.10916
25.478,-0.10947
25.488,-0.10979
25.499,-0.11013
25.509,-0.11047
25.519,-0.1108
25.529,-0.11114
25.539,-0.11149
25.549,-0.11183
25.559,-0.11216
25.569,-0.1125
25.579,-0.11282
25.589,-0.11312
25.599,-0.1134
25.609,-0.11367
25.619,-0.11391
25.629,-0.11413
25.639,-0.11432
25.649,-0.11448
25.659,-0.1146
25.669,-0.11469
25.679,-0.11474
25.689,-0.11475
25.699,-0.11472
25.709,-0.11464
25.719,-0.11452
25.729,-0.11434
25.739,-0.11411
25.749,-0.11385
25.759,-0.11354
25.769,-0.11317
25.779,-0.11276
25.789,-0.11229
25.799,-0.11177
25.809,-0.1112
25.819,-0.11056
25.829,-0.10986
25.839,-0.10911
25.849,-0.10829
25.859,-0.10742
25.869,-0.10651
25.879,-0.10553
25.889,-0.1045
25.899,-0.10341
25.909,-0.10227
25.919,-0.10108
25.929,-0.099839
25.939,-0.098542
25.949,-0.097203
25.959,-0.095822
25.969,-0.094413
25.979,-0.092975
25.989,-0.091487
25.999,-0.089936
26.009,-0.088365
26.019,-0.086772
26.029,-0.085157
26.039,-0.083504
26.049,-0.081822
26.059,-0.080126
26.069,-0.078408
26.079,-0.076682
26.089,-0.074945
26.099,-0.073191
26.109,-0.071423
26.119,-0.069662
26.129,-0.067898
26.139,-0.066131
26.149,-0.064368
26.159,-0.062614
26.169,-0.060885
26.179,-0.059166
26.189,-0.05745
26.199,-0.055756
26.209,-0.054105
26.219,-0.05248
26.229,-0.050864
26.239,-0.049278
26.249,-0.04772
26.259,-0.046198
26.269,-0.044707
26.279,-0.043251
26.289,-0.041839
26.299,-0.040472
26.309,-0.039154
26.319,-0.037875
26.329,-0.036634
26.339,-0.035441
26.349,-0.034307
26.359,-0.033223
26.369,-0.032187
26.379,-0.031209
26.389,-0.030279
26.399,-0.029409
26.409,-0.028598
26.419,-0.027835
26.429,-0.027132
26.439,-0.02648
26.449,-0.025878
26.459,-0.025326
26.469,-0.024827
26.479,-0.024374
26.489,-0.023984
26.499,-0.023651
26.509,-0.023364
26.519,-0.023124
26.529,-0.02293
26.539,-0.022796
26.549,-0.022705
26.559,-0.022656
26.569,-0.022648
26.579,-0.022679
26.589,-0.02275
26.599,-0.022858
26.609,-0.023004
26.619,-0.02318
26.629,-0.023375
26.639,-0.023597
26.649,-0.023842
26.659,-0.024108
26.669,-0.024395
26.679,-0.024695
26.689,-0.025014
26.699,-0.025346
26.709,-0.025682
26.719,-0.026027
26.729,-0.026369
26.739,-0.026708
26.749,-0.027046
26.759,-0.02738
26.769,-0.027708
26.779,-0.028018
26.789,-0.028306
26.799,-0.028589
26.809,-0.028868
26.819,-0.029124
26.829,-0.029356
26.839,-0.02956
26.849,-0.029736
26.859,-0.029886
26.869,-0.030004
26.88,-0.030087
26.89,-0.030134
26.9,-0.030142
26.91,-0.030115
26.92,-0.030045
26.93,-0.029933
26.94,-0.029782
26.95,-0.029592
26.96,-0.029361
26.97,-0.029092
26.98,-0.028785
26.99,-0.028435
27,-0.028035
27.01,-0.027589
27.02,-0.027103
27.03,-0.026575
27.04,-0.026006
27.05,-0.025408
27.06,-0.024775
27.07,-0.024104
27.08,-0.023399
27.09,-0.022654
27.1,-0.021874
27.11,-0.021065
27.12,-0.02022
27.13,-0.019348
27.14,-0.018444
27.15,-0.017508
27.16,-0.016557
27.17,-0.015592
27.18,-0.014602
27.19,-0.013592
27.2,-0.01256
27.21,-0.011522
27.22,-0.010475
27.23,-0.0094187
27.24,-0.0083519
27.25,-0.0072848
27.26,-0.0062164
27.27,-0.0051591
27.28,-0.0041049
27.29,-0.0030659
27.3,-0.0020324
27.31,-0.00099769
27.32,2.1179e-005
27.33,0.0010254
27.34,0.0020148
27.35,0.0029888
27.36,0.0039419
27.37,0.0048878
27.38,0.0058143
27.39,0.0067111
27.4,0.0075839
27.41,0.0084346
27.42,0.0092616
27.43,0.010066
27.44,0.01084
27.45,0.011588
27.46,0.012309
27.47,0.013006
27.48,0.013676
27.49,0.014315
27.5,0.014935
27.51,0.01553
27.52,0.01609
27.53,0.016611
27.54,0.017111
27.55,0.017587
27.56,0.018035
27.57,0.018456
27.58,0.018847
27.59,0.019212
27.6,0.019556
27.61,0.019882
27.62,0.020191
27.63,0.020471
27.64,0.020732
27.65,0.020976
27.66,0.021208
27.67,0.021421
27.68,0.021617
27.69,0.0218
27.7,0.021976
27.71,0.022145
27.72,0.022305
27.73,0.022448
27.74,0.022593
27.75,0.022744
27.76,0.022889
27.77,0.023029
27.78,0.023166
27.79,0.023316
27.8,0.023472
27.81,0.023623
27.82,0.023781
27.83,0.023943
27.84,0.024114
27.85,0.024291
27.86,0.02447
27.87,0.024652
27.88,0.024843
27.89,0.025041
27.9,0.025249
27.91,0.025476
27.92,0.025724
27.93,0.025977
27.94,0.02624
27.95,0.02652
27.96,0.026814
27.97,0.02712
27.98,0.027435
27.99,0.027758
28,0.028095
28.01,0.028447
28.02,0.028818
28.03,0.029202
28.04,0.02959
28.05,0.029988
28.06,0.030392
28.07,0.0308
28.08,0.031224
28.09,0.031659
28.1,0.032102
28.11,0.032549
28.12,0.033006
28.13,0.033465
28.14,0.033929
28.15,0.034388
28.16,0.034849
28.17,0.035301
28.18,0.035753
28.19,0.03621
28.2,0.036667
28.21,0.037118
28.22,0.037554
28.23,0.037983
28.24,0.038401
28.251,0.038815
28.261,0.039215
28.271,0.039597
28.281,0.039965
28.291,0.040318
28.301,0.04065
28.311,0.040967
28.321,0.041265
28.331,0.04155
28.341,0.041819
28.351,0.042069
28.361,0.042291
28.371,0.042487
28.381,0.042663
28.391,0.042815
28.401,0.042933
28.411,0.043023
28.421,0.043086
28.431,0.043129
28.441,0.043143
28.451,0.043125
28.461,0.043071
28.471,0.042994
28.481,0.042895
28.491,0.042758
28.501,0.042591
28.511,0.042393
28.521,0.042173
28.531,0.041923
28.541,0.041635
28.551,0.041315
28.561,0.040963
28.571,0.040588
28.581,0.040178
28.591,0.039738
28.601,0.039274
28.611,0.038779
28.621,0.038254
28.631,0.037701
28.641,0.037125
28.651,0.036527
28.661,0.035906
28.671,0.035261
28.681,0.034601
28.691,0.033913
28.701,0.033211
28.711,0.032488
28.721,0.031747
28.731,0.030989
28.741,0.030222
28.751,0.029437
28.761,0.028633
28.771,0.02783
28.781,0.027015
28.791,0.026201
28.801,0.02538
28.811,0.024552
28.821,0.023718
28.831,0.022887
28.841,0.022054
28.851,0.021221
28.861,0.020382
28.871,0.019555
28.881,0.018732
28.891,0.017906
28.901,0.01709
28.911,0.016284
28.921,0.01549
28.931,0.014704
28.941,0.013924
28.951,0.013147
28.961,0.012379
28.971,0.011623
28.981,0.01088
28.991,0.010146
29.001,0.0094169
29.011,0.0086927
29.021,0.0079783
29.031,0.0072727
29.041,0.0065703
29.051,0.0058886
29.061,0.0052263
29.071,0.0045638
29.081,0.0039077
29.091,0.0032575
29.101,0.0026108
29.111,0.0019713
29.121,0.001339
29.131,0.00071111
29.141,8.6702e-005
29.151,-0.00054151
29.161,-0.0011707
29.171,-0.001804
29.181,-0.0024354
29.191,-0.0030652
29.201,-0.0037063
29.211,-0.0043648
29.221,-0.0050317
29.231,-0.0057028
29.241,-0.0063894
29.251,-0.0070844
29.261,-0.0077868
29.271,-0.0084942
29.281,-0.0092235
29.291,-0.0099642
29.301,-0.010706
29.311,-0.011455
29.321,-0.012228
29.331,-0.013016
29.341,-0.013806
29.351,-0.0146
29.361,-0.015396
29.371,-0.016203
29.381,-0.017015
29.391,-0.017835
29.401,-0.018653
29.411,-0.019472
29.421,-0.020286
29.431,-0.021095
29.441,-0.021901
29.451,-0.022694
29.461,-0.023481
29.471,-0.024258
29.481,-0.025017
29.491,-0.025758
29.501,-0.026475
29.511,-0.027176
29.521,-0.027849
29.531,-0.028487
29.541,-0.0291
29.551,-0.029672
29.561,-0.03021
29.571,-0.030709
29.581,-0.031156
29.591,-0.031554
29.601,-0.03191
29.611,-0.032209
29.621,-0.032451
29.632,-0.032638
29.642,-0.032766
29.652,-0.032834
29.662,-0.032833
29.672,-0.032768
29.682,-0.032642
29.692,-0.03244
29.702,-0.032166
29.712,-0.031826
29.722,-0.031411
29.732,-0.030917
29.742,-0.030349
29.752,-0.029719
29.762,-0.02901
29.772,-0.028229
29.782,-0.02738
29.792,-0.026463
29.802,-0.025479
29.812,-0.024425
29.822,-0.0233
29.832,-0.022129
29.842,-0.020904
29.852,-0.019621
29.862,-0.018285
29.872,-0.016889
29.882,-0.015466
29.892,-0.013999
29.902,-0.012493
29.912,-0.010946
29.922,-0.0093605
29.932,-0.0077469
29.942,-0.0061108
29.952,-0.0044398
29.962,-0.0027446
29.972,-0.0010317
29.982,0.00067493
29.992,0.0023907
30.002,0.0041102
30.012,0.0058214
30.022,0.0075176
30.032,0.0091977
30.042,0.01084
30.052,0.012454
30.062,0.014048
30.072,0.01561
30.082,0.017148
30.092,0.018649
30.102,0.02011
30.112,0.021527
30.122,0.022891
30.132,0.02421
30.142,0.025478
30.152,0.02669
30.162,0.027853
30.172,0.028961
30.182,0.030006
30.192,0.030995
30.202,0.031933
30.212,0.03281
30.222,0.033625
30.232,0.034374
30.242,0.03506
30.252,0.035678
30.262,0.036232
30.272,0.03674
30.282,0.037193
30.292,0.037587
30.302,0.037916
30.312,0.038202
30.322,0.038435
30.332,0.038613
30.342,0.038748
30.352,0.038832
30.362,0.038862
30.372,0.038842
30.382,0.038789
30.392,0.0387
30.402,0.038564
30.412,0.038391
30.422,0.038189
30.432,0.037955
30.442,0.037695
30.452,0.037409
30.462,0.037105
30.472,0.036775
30.482,0.036431
30.492,0.036076
30.502,0.035703
30.512,0.035315
30.522,0.034922
30.532,0.034516
30.542,0.034102
30.552,0.033678
30.562,0.033246
30.572,0.032816
30.582,0.032386
30.592,0.031956
30.602,0.031521
30.612,0.03109
30.622,0.030662
30.632,0.03024
30.642,0.029814
30.652,0.0294
30.662,0.028985
30.672,0.028577
30.682,0.028171
30.692,0.027769
30.702,0.027371
30.712,0.026975
30.722,0.02659
30.732,0.026211
30.742,0.025826
30.752,0.025437
30.762,0.025051
30.772,0.024674
30.782,0.024299
30.792,0.023925
30.802,0.023548
30.812,0.02317
30.822,0.022788
30.832,0.022397
30.842,0.022008
30.852,0.021623
30.862,0.021234
30.872,0.020839
30.882,0.020439
30.892,0.020033
30.902,0.019622
30.912,0.019201
30.922,0.018777
30.932,0.018346
30.942,0.017902
30.952,0.017441
30.962,0.016978
30.972,0.016505
30.982,0.016027
30.992,0.015546
31.002,0.015047
31.013,0.014533
31.023,0.014019
31.033,0.013498
31.043,0.012955
31.053,0.012403
31.063,0.011839
31.073,0.01127
31.083,0.010699
31.093,0.010125
31.103,0.0095389
31.113,0.0089504
31.123,0.0083533
31.133,0.0077543
31.143,0.0071456
31.153,0.0065269
31.163,0.0059037
31.173,0.0052787
31.183,0.0046425
31.193,0.0040103
31.203,0.0033853
31.213,0.0027614
31.223,0.0021448
31.233,0.0015312
31.243,0.0009397
31.253,0.00036313
31.263,-0.00020657
31.273,-0.00076552
31.283,-0.0013085
31.293,-0.0018316
31.303,-0.0023338
31.313,-0.0028131
31.323,-0.0032801
31.333,-0.0037247
31.343,-0.0041323
31.353,-0.0045105
31.363,-0.0048611
31.373,-0.0051802
31.383,-0.0054611
31.393,-0.0057014
31.403,-0.0059074
31.413,-0.0060818
31.423,-0.0062157
31.433,-0.0063098
31.443,-0.0063619
31.453,-0.0063718
31.463,-0.0063323
31.473,-0.0062571
31.483,-0.00615
31.493,-0.0060002
31.503,-0.0058151
31.513,-0.0055899
31.523,-0.0053163
31.533,-0.0050025
31.543,-0.0046469
31.553,-0.0042441
31.563,-0.0037889
31.573,-0.0032924
31.583,-0.002762
31.593,-0.0021985
31.603,-0.0015987
31.613,-0.00096972
31.623,-0.00030437
31.633,0.00039111
31.643,0.0011123
31.653,0.0018492
31.663,0.0026111
31.673,0.0034023
31.683,0.0042233
31.693,0.0050675
31.703,0.0059208
31.713,0.0067814
31.723,0.0076539
31.733,0.0085325
31.743,0.0094164
31.753,0.010303
31.763,0.011191
31.773,0.012077
31.783,0.012957
31.793,0.01383
31.803,0.014689
31.813,0.015528
31.823,0.016348
31.833,0.017138
31.843,0.017909
31.853,0.018663
31.863,0.019394
31.873,0.02009
31.883,0.020752
31.893,0.021381
31.903,0.021975
31.913,0.022529
31.923,0.023049
31.933,0.023537
31.943,0.023995
31.953,0.024423
31.963,0.024807
31.973,0.025144
31.983,0.025449
31.993,0.025717
32.003,0.025956
32.013,0.026163
32.023,0.026335
32.033,0.026476
32.043,0.026583
32.053,0.026656
32.063,0.0267
32.073,0.026717
32.083,0.026712
32.093,0.026682
32.103,0.026625
32.113,0.026547
32.123,0.026456
32.133,0.026344
32.143,0.026213
32.153,0.026067
32.163,0.025912
32.173,0.025759
32.183,0.025607
32.193,0.025446
32.203,0.025288
32.213,0.025134
32.223,0.024977
32.233,0.024826
32.243,0.024685
32.253,0.024561
32.263,0.024445
32.273,0.024333
32.283,0.02424
32.293,0.024157
32.303,0.024089
32.313,0.02404
32.323,0.024014
32.333,0.024
32.343,0.024003
32.353,0.024037
32.363,0.02409
32.373,0.024163
32.384,0.02425
32.394,0.02436
32.404,0.024483
32.414,0.024621
32.424,0.02478
32.434,0.024961
32.444,0.025161
32.454,0.025381
32.464,0.025619
32.474,0.025875
32.484,0.026153
32.494,0.026447
32.504,0.026749
32.514,0.027063
32.524,0.027377
32.534,0.027698
32.544,0.028028
32.554,0.028364
32.564,0.028704
32.574,0.029052
32.584,0.029402
32.594,0.029743
32.604,0.030083
32.614,0.030427
32.624,0.030764
32.634,0.031093
32.644,0.031412
32.654,0.03172
32.664,0.032016
32.674,0.032298
32.684,0.03257
32.694,0.032826
32.704,0.033065
32.714,0.033285
32.724,0.033476
32.734,0.033632
32.744,0.033765
32.754,0.033874
32.764,0.033958
32.774,0.034016
32.784,0.034045
32.794,0.03405
32.804,0.034019
32.814,0.033964
32.824,0.033872
32.834,0.033744
32.844,0.033586
32.854,0.033397
32.864,0.033174
32.874,0.032914
32.884,0.032621
32.894,0.032301
32.904,0.03195
32.914,0.031556
32.924,0.031134
32.934,0.030676
32.944,0.030182
32.954,0.029652
32.964,0.029093
32.974,0.028511
32.984,0.027901
32.994,0.027258
33.004,0.026598
33.014,0.025917
33.024,0.025208
33.034,0.024484
33.044,0.02376
33.054,0.023029
33.064,0.02228
33.074,0.021519
33.084,0.020759
33.094,0.019997
33.104,0.019237
33.114,0.018477
33.124,0.017723
33.134,0.016986
33.144,0.016265
33.154,0.015563
33.164,0.014882
33.174,0.014221
33.184,0.01359
33.194,0.012993
33.204,0.012432
33.214,0.01191
33.224,0.011428
33.234,0.010991
33.244,0.01059
33.254,0.010237
33.264,0.0099424
33.274,0.0097049
33.284,0.0095112
33.294,0.0093699
33.304,0.0092894
33.314,0.0092686
33.324,0.0093038
33.334,0.0094009
33.344,0.009564
33.354,0.0097852
33.364,0.010061
33.374,0.010392
33.384,0.010776
33.394,0.011214
33.404,0.0117
33.414,0.01224
33.424,0.012822
33.434,0.013451
33.444,0.01412
33.454,0.014837
33.464,0.015588
33.474,0.016373
33.484,0.017194
33.494,0.018046
33.504,0.018922
33.514,0.01982
33.524,0.02074
33.534,0.02167
33.544,0.022611
33.554,0.023565
33.564,0.024518
33.574,0.025478
33.584,0.026428
33.594,0.027374
33.604,0.028307
33.614,0.029223
33.624,0.03012
33.634,0.030995
33.644,0.031835
33.654,0.032639
33.664,0.033414
33.674,0.034162
33.684,0.034862
33.694,0.03552
33.704,0.036149
33.714,0.036733
33.724,0.03726
33.734,0.037736
33.744,0.038167
33.754,0.03855
33.765,0.038879
33.775,0.039157
33.785,0.039388
33.795,0.039572
33.805,0.039713
33.815,0.03981
33.825,0.039859
33.835,0.039874
33.845,0.039848
33.855,0.039776
33.865,0.039666
33.875,0.039522
33.885,0.039346
33.895,0.039135
33.905,0.038899
33.915,0.038635
33.925,0.038341
33.935,0.038034
33.945,0.037723
33.955,0.037396
33.965,0.03706
33.975,0.036717
33.985,0.036374
33.995,0.036031
34.005,0.03569
34.015,0.035354
34.025,0.035025
34.035,0.034718
34.045,0.034421
34.055,0.034138
34.065,0.033868
34.075,0.033618
34.085,0.033389
34.095,0.033178
34.105,0.032987
34.115,0.032826
34.125,0.032679
34.135,0.032546
34.145,0.032445
34.155,0.032355
34.165,0.032278
34.175,0.032227
34.185,0.032212
34.195,0.03222
34.205,0.032241
34.215,0.032284
34.225,0.032356
34.235,0.032442
34.245,0.032537
34.255,0.03265
34.265,0.032776
34.275,0.032904
34.285,0.033036
34.295,0.033171
34.305,0.033303
34.315,0.033434
34.325,0.033564
34.335,0.033684
34.345,0.033792
34.355,0.03389
34.365,0.033976
34.375,0.03404
34.385,0.034088
34.395,0.034115
34.405,0.034111
34.415,0.03408
34.425,0.034026
34.435,0.033936
34.445,0.03381
34.455,0.033645
34.465,0.033442
34.475,0.033205
34.485,0.032937
34.495,0.032623
34.505,0.03226
34.515,0.031853
34.525,0.031408
34.535,0.030925
34.545,0.03039
34.555,0.02981
34.565,0.029199
34.575,0.028548
34.585,0.027859
34.595,0.027125
34.605,0.02636
34.615,0.025556
34.625,0.024717
34.635,0.023844
34.645,0.02294
34.655,0.02201
34.665,0.021053
34.675,0.020072
34.685,0.01907
34.695,0.018046
34.705,0.017004
34.715,0.01594
34.725,0.014863
34.735,0.013779
34.745,0.012687
34.755,0.011587
34.765,0.010497
34.775,0.0094031
34.785,0.0083229
34.795,0.007253
34.805,0.0061965
34.815,0.0051475
34.825,0.0041301
34.835,0.0031394
34.845,0.0021746
34.855,0.0012424
34.865,0.00034991
34.875,-0.00051857
34.885,-0.0013465
34.895,-0.002119
34.905,-0.0028415
34.915,-0.0035194
34.925,-0.0041391
34.935,-0.0047147
34.945,-0.005228
34.955,-0.0056842
34.965,-0.0060717
34.975,-0.006384
34.985,-0.0066266
34.995,-0.0068039
35.005,-0.0069134
35.015,-0.0069432
35.025,-0.0069065
35.035,-0.0067942
35.045,-0.006595
35.055,-0.0063224
35.065,-0.0059872
35.075,-0.0055791
35.085,-0.0050817
35.095,-0.0045156
35.105,-0.0038677
35.115,-0.0031519
35.125,-0.0023607
35.135,-0.0014972
35.146,-0.0005565
35.156,0.0004486
35.166,0.0015149
35.176,0.0026486
35.186,0.0038403
35.196,0.0050941
35.206,0.0064139
35.216,0.0077824
35.226,0.0091936
35.236,0.010648
35.246,0.012147
35.256,0.013682
35.266,0.015245
35.276,0.016856
35.286,0.018497
35.296,0.020144
35.306,0.021817
35.316,0.023518
35.326,0.025238
35.336,0.026954
35.346,0.028676
35.356,0.030398
35.366,0.032128
35.376,0.033849
35.386,0.035564
35.396,0.037263
35.406,0.038945
35.416,0.04061
35.426,0.042257
35.436,0.043863
35.446,0.045446
35.456,0.046976
35.466,0.048457
35.476,0.049907
35.486,0.05133
35.496,0.052718
35.506,0.054032
35.516,0.055291
35.526,0.056492
35.536,0.057639
35.546,0.058727
35.556,0.05976
35.566,0.060734
35.576,0.061651
35.586,0.062515
35.596,0.063322
35.606,0.064064
35.616,0.064743
35.626,0.065359
35.636,0.065901
35.646,0.066392
35.656,0.066822
35.666,0.067198
35.676,0.067524
35.686,0.067804
35.696,0.068026
35.706,0.068191
35.716,0.068314
35.726,0.068379
35.736,0.068396
35.746,0.068366
35.756,0.068292
35.766,0.068175
35.776,0.068013
35.786,0.067817
35.796,0.067591
35.806,0.067324
35.816,0.067023
35.826,0.066692
35.836,0.066333
35.846,0.06594
35.856,0.065521
35.866,0.065076
35.876,0.064612
35.886,0.064127
35.896,0.06362
35.906,0.063089
35.916,0.062537
35.926,0.06196
35.936,0.06137
35.946,0.060778
35.956,0.060175
35.966,0.059552
35.976,0.058922
35.986,0.058281
35.996,0.057631
36.006,0.056979
36.016,0.056315
36.026,0.055648
36.036,0.054981
36.046,0.054296
36.056,0.05361
36.066,0.052911
36.076,0.052202
36.086,0.051494
36.096,0.050775
36.106,0.05006
36.116,0.049335
36.126,0.048599
36.136,0.04786
36.146,0.047109
36.156,0.046356
36.166,0.045589
36.176,0.044815
36.186,0.044035
36.196,0.043245
36.206,0.042449
36.216,0.04164
36.226,0.040831
36.236,0.040034
36.246,0.039222
36.256,0.038395
36.266,0.037559
36.276,0.036718
36.286,0.035869
36.296,0.034996
36.306,0.034115
36.316,0.033226
36.326,0.032331
36.336,0.031431
36.346,0.030531
36.356,0.029627
36.366,0.028721
36.376,0.027811
36.386,0.026878
36.396,0.02594
36.406,0.024994
36.416,0.024042
36.426,0.023079
36.436,0.022116
36.446,0.021142
36.456,0.020144
36.466,0.01914
36.476,0.018134
36.486,0.017112
36.496,0.016094
36.506,0.015071
36.516,0.014054
36.527,0.013034
36.537,0.012014
36.547,0.011
36.557,0.0099784
36.567,0.0089467
36.577,0.0079217
36.587,0.0069013
36.597,0.0058875
36.607,0.00488
36.617,0.0038773
36.627,0.0028822
36.637,0.001896
36.647,0.00091611
36.657,-5.9173e-005
36.667,-0.001018
36.677,-0.0019735
36.687,-0.002905
36.697,-0.0038225
36.707,-0.0047249
36.717,-0.0055972
36.727,-0.0064506
36.737,-0.0072885
36.747,-0.008106
36.757,-0.0088823
36.767,-0.0096298
36.777,-0.010363
36.787,-0.011054
36.797,-0.011714
36.807,-0.012335
36.817,-0.012926
36.827,-0.013474
36.837,-0.013994
36.847,-0.014478
36.857,-0.014916
36.867,-0.015322
36.877,-0.015681
36.887,-0.015994
36.897,-0.016273
36.907,-0.016509
36.917,-0.016707
36.927,-0.016871
36.937,-0.016988
36.947,-0.017053
36.957,-0.017081
36.967,-0.017071
36.977,-0.017022
36.987,-0.016926
36.997,-0.016788
37.007,-0.016617
37.017,-0.01641
37.027,-0.016171
37.037,-0.015888
37.047,-0.015575
37.057,-0.015223
37.067,-0.014842
37.077,-0.014438
37.087,-0.014006
37.097,-0.013559
37.107,-0.013096
37.117,-0.012615
37.127,-0.012121
37.137,-0.011606
37.147,-0.011083
37.157,-0.010544
37.167,-0.0099929
37.177,-0.0094371
37.187,-0.0088805
37.197,-0.0083217
37.207,-0.0077697
37.217,-0.0072286
37.227,-0.0066979
37.237,-0.0061721
37.247,-0.0056531
37.257,-0.0051496
37.267,-0.004662
37.277,-0.0041947
37.287,-0.0037476
37.297,-0.0033214
37.307,-0.0029059
37.317,-0.0025153
37.327,-0.0021489
37.337,-0.0017982
37.347,-0.0014643
37.357,-0.0011598
37.367,-0.00088238
37.377,-0.00061834
37.387,-0.00038339
37.397,-0.00017857
37.407,-2.5428e-007
37.417,0.00015834
37.427,0.00029458
37.437,0.000408
37.447,0.00051521
37.457,0.00059873
37.467,0.00066362
37.477,0.00071608
37.487,0.00075299
37.497,0.00078493
37.507,0.00080233
37.517,0.00082101
37.527,0.00083112
37.537,0.00083943
37.547,0.0008467
37.557,0.00084817
37.567,0.00085213
37.577,0.00086273
37.587,0.00087065
37.597,0.00087845
37.607,0.00089665
37.617,0.00092759
37.627,0.00096315
37.637,0.0010025
37.647,0.0010509
37.657,0.0011146
37.667,0.0011929
37.677,0.0012857
37.687,0.0013866
37.697,0.0014959
37.707,0.0016109
37.717,0.0017347
37.727,0.0018739
37.737,0.0020244
37.747,0.0021775
37.757,0.00234
37.767,0.0025148
37.777,0.002704
37.787,0.0028887
37.797,0.0030818
37.807,0.0032776
37.817,0.0034848
37.827,0.0036826
37.837,0.0038915
37.847,0.0041073
37.857,0.0043209
37.867,0.0045249
37.877,0.0047247
37.887,0.0049292
37.898,0.0051207
37.908,0.0052978
37.918,0.005458
37.928,0.0056008
37.938,0.0057233
37.948,0.0058425
37.958,0.0059395
37.968,0.0060164
37.978,0.006077
37.988,0.0061174
37.998,0.0061348
38.008,0.0061274
38.018,0.0060887
38.028,0.0060332
38.038,0.005956
38.048,0.0058464
38.058,0.0057105
38.068,0.0055511
38.078,0.0053564
38.088,0.0051346
38.098,0.0048892
38.108,0.0046176
38.118,0.0043253
38.128,0.0040033
38.138,0.0036434
38.148,0.0032597
38.158,0.0028601
38.168,0.002446
38.178,0.0020032
38.188,0.0015376
38.198,0.0010556
38.208,0.00056043
38.218,5.3499e-005
38.228,-0.0004692
38.238,-0.0010193
38.248,-0.0015805
38.258,-0.0021554
38.268,-0.0027442
38.278,-0.0033392
38.288,-0.0039314
38.298,-0.0045279
38.308,-0.0051254
38.318,-0.0057327
38.328,-0.0063421
38.338,-0.0069526
38.348,-0.0075541
38.358,-0.0081466
38.368,-0.0087503
38.378,-0.0093353
38.388,-0.0099025
38.398,-0.010464
38.408,-0.011026
38.418,-0.011567
38.428,-0.012102
38.438,-0.01262
38.448,-0.013122
38.458,-0.013605
38.468,-0.014069
38.478,-0.014511
38.488,-0.014918
38.498,-0.0153
38.508,-0.015669
38.518,-0.016015
38.528,-0.016337
38.538,-0.016631
38.548,-0.016906
38.558,-0.017156
38.568,-0.017373
38.578,-0.017562
38.588,-0.017729
38.598,-0.017874
38.608,-0.017983
38.618,-0.018075
38.628,-0.018126
38.638,-0.018136
38.648,-0.018123
38.658,-0.01808
38.668,-0.018011
38.678,-0.017918
38.688,-0.017795
38.698,-0.017631
38.708,-0.017441
38.718,-0.017231
38.728,-0.016991
38.738,-0.016718
38.748,-0.016416
38.758,-0.016089
38.768,-0.015737
38.778,-0.015365
38.788,-0.014971
38.798,-0.014549
38.808,-0.014101
38.818,-0.01363
38.828,-0.013131
38.838,-0.012604
38.848,-0.012047
38.858,-0.01147
38.868,-0.010869
38.878,-0.010247
38.888,-0.009591
38.898,-0.0089216
38.908,-0.0082298
38.918,-0.0075173
38.928,-0.0067851
38.938,-0.0060374
38.948,-0.0052769
38.958,-0.0045021
38.968,-0.0036992
38.978,-0.0028863
38.988,-0.0020546
38.998,-0.0012164
39.008,-0.00037686
39.018,0.00047896
39.028,0.0013457
39.038,0.0022229
39.048,0.0031082
39.058,0.0039948
39.068,0.0048913
39.078,0.0058051
39.088,0.0067214
39.098,0.0076438
39.108,0.0085741
39.118,0.0095075
39.128,0.01045
39.138,0.011409
39.148,0.012355
39.158,0.013307
39.168,0.014273
39.178,0.015225
39.188,0.016178
39.198,0.017123
39.208,0.018056
39.218,0.018988
39.228,0.019924
39.238,0.020866
39.248,0.021787
39.258,0.022705
39.268,0.023617
39.279,0.024526
39.289,0.025421
39.299,0.026306
39.309,0.027178
39.319,0.028036
39.329,0.028888
39.339,0.029731
39.349,0.030554
39.359,0.031357
39.369,0.032142
39.379,0.032903
39.389,0.033645
39.399,0.034374
39.409,0.035079
39.419,0.035772
39.429,0.036448
39.439,0.037088
39.449,0.037705
39.459,0.038304
39.469,0.038885
39.479,0.039427
39.489,0.039938
39.499,0.04043
39.509,0.040899
39.519,0.041334
39.529,0.041738
39.539,0.042102
39.549,0.042435
39.559,0.042731
39.569,0.042986
39.579,0.043215
39.589,0.043407
39.599,0.043555
39.609,0.043675
39.619,0.043767
39.629,0.043817
39.639,0.043832
39.649,0.043811
39.659,0.043763
39.669,0.043673
39.679,0.04355
39.689,0.043392
39.699,0.04321
39.709,0.042995
39.719,0.042743
39.729,0.042461
39.739,0.042147
39.749,0.041796
39.759,0.041422
39.769,0.041025
39.779,0.040594
39.789,0.040146
39.799,0.039685
39.809,0.039194
39.819,0.038679
39.829,0.03815
39.839,0.037586
39.849,0.037
39.859,0.036399
39.869,0.03579
39.879,0.035168
39.889,0.034542
39.899,0.033907
39.909,0.033258
39.919,0.032608
39.929,0.031946
39.939,0.031274
39.949,0.030593
39.959,0.029908
39.969,0.029221
39.979,0.028534
39.989,0.027842
39.999,0.027154
40.009,0.026464
40.019,0.025767
40.029,0.025076
40.039,0.024393
40.049,0.023715
40.059,0.023044
40.069,0.02239
40.079,0.021747
40.089,0.021111
40.099,0.020479
40.109,0.019866
40.119,0.019266
40.129,0.018692
40.139,0.018128
40.149,0.017594
40.159,0.01708
40.169,0.016592
40.179,0.016129
40.189,0.015694
40.199,0.015291
40.209,0.0149
40.219,0.014535
40.229,0.014202
40.239,0.013908
40.249,0.01364
40.259,0.013398
40.269,0.013176
40.279,0.012989
40.289,0.012823
40.299,0.01268
40.309,0.012571
40.319,0.012501
40.329,0.012464
40.339,0.012463
40.349,0.012499
40.359,0.012563
40.369,0.012662
40.379,0.012812
40.389,0.013002
40.399,0.013217
40.409,0.013467
40.419,0.013757
40.429,0.014086
40.439,0.014441
40.449,0.014839
40.459,0.015261
40.469,0.015711
40.479,0.016201
40.489,0.016722
40.499,0.017264
40.509,0.017832
40.519,0.018448
40.529,0.019095
40.539,0.019772
40.549,0.020466
40.559,0.021186
40.569,0.021919
40.579,0.022663
40.589,0.023434
40.599,0.024217
40.609,0.025027
40.619,0.025855
40.629,0.026703
40.639,0.027565
40.649,0.02845
40.66,0.029339
40.67,0.030228
40.68,0.031136
40.69,0.032053
40.7,0.032973
40.71,0.03389
40.72,0.034823
40.73,0.035739
40.74,0.036668
40.75,0.037598
40.76,0.038522
40.77,0.039446
40.78,0.040365
40.79,0.041287
40.8,0.042197
40.81,0.043094
40.82,0.043975
40.83,0.044847
40.84,0.045711
40.85,0.04656
40.86,0.047409
40.87,0.04822
40.88,0.049027
40.89,0.049815
40.9,0.050589
40.91,0.051348
40.92,0.052086
40.93,0.052815
40.94,0.053523
40.95,0.05421
40.96,0.054876
40.97,0.055531
40.98,0.056154
40.99,0.056755
41,0.057336
41.01,0.0579
41.02,0.058444
41.03,0.058973
41.04,0.059487
41.05,0.059975
41.06,0.060438
41.07,0.060894
41.08,0.06132
41.09,0.061723
41.1,0.0621
41.11,0.062449
41.12,0.062783
41.13,0.063099
41.14,0.063382
41.15,0.063651
41.16,0.063901
41.17,0.064118
41.18,0.064312
41.19,0.064489
41.2,0.064637
41.21,0.064766
41.22,0.064868
41.23,0.064939
41.24,0.064984
41.25,0.065011
41.26,0.065008
41.27,0.064977
41.28,0.064923
41.29,0.064833
41.3,0.064716
41.31,0.064584
41.32,0.06442
41.33,0.064227
41.34,0.064002
41.35,0.063752
41.36,0.063464
41.37,0.063158
41.38,0.062829
41.39,0.062468
41.4,0.062085
41.41,0.06168
41.42,0.061235
41.43,0.060769
41.44,0.060274
41.45,0.059751
41.46,0.059198
41.47,0.058624
41.48,0.058028
41.49,0.057397
41.5,0.05675
41.51,0.05609
41.52,0.055408
41.53,0.054713
41.54,0.054003
41.55,0.05327
41.56,0.052537
41.57,0.051784
41.58,0.051024
41.59,0.050262
41.6,0.049496
41.61,0.048737
41.62,0.047973
41.63,0.047207
41.64,0.046459
41.65,0.045713
41.66,0.044963
41.67,0.044217
41.68,0.043482
41.69,0.042764
41.7,0.042054
41.71,0.041354
41.72,0.040675
41.73,0.040018
41.74,0.039384
41.75,0.038765
41.76,0.038161
41.77,0.037582
41.78,0.037024
41.79,0.036494
41.8,0.035985
41.81,0.035503
41.82,0.035048
41.83,0.034622
41.84,0.034213
41.85,0.033819
41.86,0.033451
41.87,0.033116
41.88,0.032816
41.89,0.032557
41.9,0.032332
41.91,0.032127
41.92,0.031931
41.93,0.031767
41.94,0.031631
41.95,0.031514
41.96,0.03142
41.97,0.031351
41.98,0.03131
41.99,0.031283
42,0.031278
42.01,0.031292
42.02,0.031328
42.031,0.031382
42.041,0.03146
42.051,0.031549
42.061,0.031646
42.071,0.031755
42.081,0.031883
42.091,0.032019
42.101,0.032162
42.111,0.03232
42.121,0.03248
42.131,0.032648
42.141,0.032818
42.151,0.032991
42.161,0.033169
42.171,0.033358
42.181,0.033533
42.191,0.033726
42.201,0.033914
42.211,0.0341
42.221,0.034283
42.231,0.034471
42.241,0.034653
42.251,0.03484
42.261,0.035016
42.271,0.035183
42.281,0.035354
42.291,0.035527
42.301,0.03569
42.311,0.03586
42.321,0.036022
42.331,0.036168
42.341,0.036306
42.351,0.036436
42.361,0.036558
42.371,0.03667
42.381,0.036775
42.391,0.03688
42.401,0.036982
42.411,0.03708
42.421,0.037176
42.431,0.037273
42.441,0.037359
42.451,0.037448
42.461,0.037537
42.471,0.037617
42.481,0.037695
42.491,0.037771
42.501,0.037824
42.511,0.037879
42.521,0.037946
42.531,0.038013
42.541,0.038081
42.551,0.038151
42.561,0.038222
42.571,0.0383
42.581,0.03838
42.591,0.038468
42.601,0.038559
42.611,0.038663
42.621,0.038779
42.631,0.038906
42.641,0.039048
42.651,0.039187
42.661,0.039327
42.671,0.039472
42.681,0.039629
42.691,0.039785
42.701,0.039954
42.711,0.040141
42.721,0.04034
42.731,0.040543
42.741,0.040757
42.751,0.040978
42.761,0.041212
42.771,0.041453
42.781,0.041706
42.791,0.041976
42.801,0.042248
42.811,0.042525
42.821,0.042817
42.831,0.043104
42.841,0.043397
42.851,0.043696
42.861,0.044
42.871,0.0443
42.881,0.0446
42.891,0.044892
42.901,0.045168
42.911,0.045447
42.921,0.045723
42.931,0.045982
42.941,0.046227
42.951,0.046469
42.961,0.046696
42.971,0.04691
42.981,0.047119
42.991,0.047322
43.001,0.047511
43.011,0.047682
43.021,0.047829
43.031,0.047955
43.041,0.048052
43.051,0.048112
43.061,0.048158
43.071,0.048183
43.081,0.048188
43.091,0.048165
43.101,0.048132
43.111,0.048081
43.121,0.048008
43.131,0.047911
43.141,0.047784
43.151,0.047635
43.161,0.047463
43.171,0.04726
43.181,0.047037
43.191,0.046791
43.201,0.046531
43.211,0.04627
43.221,0.045989
43.231,0.045684
43.241,0.045369
43.251,0.045051
43.261,0.044713
43.271,0.04436
43.281,0.043989
43.291,0.043612
43.301,0.043222
43.311,0.042827
43.321,0.042426
43.331,0.042021
43.341,0.041612
43.351,0.041206
43.361,0.040808
43.371,0.040413
43.381,0.040017
43.391,0.039617
43.401,0.039217
43.412,0.038826
43.422,0.038445
43.432,0.038067
43.442,0.037688
43.452,0.03732
43.462,0.036949
43.472,0.036596
43.482,0.036245
43.492,0.035895
43.502,0.035559
43.512,0.035223
43.522,0.034887
43.532,0.034549
43.542,0.034206
43.552,0.033873
43.562,0.03354
43.572,0.033206
43.582,0.032883
43.592,0.032564
43.602,0.032238
43.612,0.031925
43.622,0.031602
43.632,0.031268
43.642,0.030933
43.652,0.030588
43.662,0.030236
43.672,0.029876
43.682,0.029498
43.692,0.029104
43.702,0.028698
43.712,0.028269
43.722,0.02784
43.732,0.027411
43.742,0.026955
43.752,0.02648
43.762,0.026004
43.772,0.025511
43.782,0.02501
43.792,0.0245
43.802,0.023961
43.812,0.023416
43.822,0.022848
43.832,0.022265
43.842,0.021682
43.852,0.02108
43.862,0.020478
43.872,0.019867
43.882,0.01923
43.892,0.018597
43.902,0.017955
43.912,0.017326
43.922,0.016693
43.932,0.016046
43.942,0.015394
43.952,0.014743
43.962,0.014095
43.972,0.013446
43.982,0.012817
43.992,0.012187
44.002,0.011548
44.012,0.010915
44.022,0.0103
44.032,0.0096968
44.042,0.0090942
44.052,0.0085195
44.062,0.0079548
44.072,0.0073992
44.082,0.0068656
44.092,0.0063473
44.102,0.0058391
44.112,0.0053554
44.122,0.0048907
44.132,0.0044576
44.142,0.0040552
44.152,0.0036674
44.162,0.0033052
44.172,0.0029586
44.182,0.0026296
44.192,0.0023263
44.202,0.0020546
44.212,0.0018102
44.222,0.0015839
44.232,0.0013748
44.242,0.0011849
44.252,0.0010365
44.262,0.00091013
44.272,0.00080606
44.282,0.00072519
44.292,0.00066691
44.302,0.00062893
44.312,0.00061329
44.322,0.0006264
44.332,0.00065488
44.342,0.00071296
44.352,0.00079978
44.362,0.00091
44.372,0.0010438
44.382,0.0012005
44.392,0.0013802
44.402,0.0015729
44.412,0.0017836
44.422,0.0020083
44.432,0.0022491
44.442,0.0025055
44.452,0.0027811
44.462,0.0030784
44.472,0.003383
44.482,0.0036986
44.492,0.0040228
44.502,0.0043535
44.512,0.004705
44.522,0.0050515
44.532,0.0053912
44.542,0.005744
44.552,0.0061001
44.562,0.0064613
44.572,0.0068167
44.582,0.0071676
44.592,0.0075165
44.602,0.0078493
44.612,0.0081662
44.622,0.0084853
44.632,0.0087849
44.642,0.0090767
44.652,0.0093515
44.662,0.0096011
44.672,0.0098216
44.682,0.010003
44.692,0.010172
44.702,0.010308
44.712,0.010407
44.722,0.010478
44.732,0.010512
44.742,0.010506
44.752,0.01046
44.762,0.010358
44.772,0.010233
44.782,0.010077
44.793,0.0098699
44.803,0.0096191
44.813,0.0093179
44.823,0.0089719
44.833,0.0085847
44.843,0.0081396
44.853,0.0076459
44.863,0.0071079
44.873,0.006508
44.883,0.005852
44.893,0.0051673
44.903,0.0044033
44.913,0.0035834
44.923,0.0027205
44.933,0.0018282
44.943,0.00089293
44.953,-7.9832e-005
44.963,-0.0011072
44.973,-0.0021927
44.983,-0.003299
44.993,-0.0044582
45.003,-0.0056289
45.013,-0.0068292
45.023,-0.0081011
45.033,-0.0093958
45.043,-0.010736
45.053,-0.01209
45.063,-0.013471
45.073,-0.014878
45.083,-0.016313
45.093,-0.017773
45.103,-0.019253
45.113,-0.020747
45.123,-0.022246
45.133,-0.023737
45.143,-0.025237
45.153,-0.026746
45.163,-0.02823
45.173,-0.029744
45.183,-0.031226
45.193,-0.032702
45.203,-0.03416
45.213,-0.035598
45.223,-0.037049
45.233,-0.038476
45.243,-0.039873
45.253,-0.041218
45.263,-0.042553
45.273,-0.043863
45.283,-0.045156
45.293,-0.0464
45.303,-0.047618
45.313,-0.048791
45.323,-0.049922
45.333,-0.051033
45.343,-0.052125
45.353,-0.053165
45.363,-0.054171
45.373,-0.055134
45.383,-0.056055
45.393,-0.056947
45.403,-0.057792
45.413,-0.058609
45.423,-0.059381
45.433,-0.060133
45.443,-0.06084
45.453,-0.061514
45.463,-0.06217
45.473,-0.062785
45.483,-0.063384
45.493,-0.063959
45.503,-0.064519
45.513,-0.065034
45.523,-0.065521
45.533,-0.065995
45.543,-0.066429
45.553,-0.066835
45.563,-0.06722
45.573,-0.067589
45.583,-0.067951
45.593,-0.068293
45.603,-0.06864
45.613,-0.068972
45.623,-0.069293
45.633,-0.0696
45.643,-0.069883
45.653,-0.070171
45.663,-0.070438
45.673,-0.070708
45.683,-0.070977
45.693,-0.071224
45.703,-0.07149
45.713,-0.071739
45.723,-0.071986
45.733,-0.072232
45.743,-0.072476
45.753,-0.07273
45.763,-0.072972
45.773,-0.073197
45.783,-0.073414
45.793,-0.073626
45.803,-0.073826
45.813,-0.07403
45.823,-0.074228
45.833,-0.074422
45.843,-0.074601
45.853,-0.074756
45.863,-0.074897
45.873,-0.075018
45.883,-0.075139
45.893,-0.075219
45.903,-0.075285
45.913,-0.075342
45.923,-0.075362
45.933,-0.075358
45.943,-0.075336
45.953,-0.075267
45.963,-0.075192
45.973,-0.075086
45.983,-0.074945
45.993,-0.074776
46.003,-0.074574
46.013,-0.074325
46.023,-0.074025
46.033,-0.07369
46.043,-0.073328
46.053,-0.072933
46.063,-0.072501
46.073,-0.072032
46.083,-0.071529
46.093,-0.070987
46.103,-0.070437
46.113,-0.069847
46.123,-0.069211
46.133,-0.068534
46.143,-0.067819
46.153,-0.067074
46.164,-0.066308
46.174,-0.065515
46.184,-0.064685
46.194,-0.063831
46.204,-0.06295
46.214,-0.062057
46.224,-0.061139
46.234,-0.060213
46.244,-0.059277
46.254,-0.058311
46.264,-0.057363
46.274,-0.056412
46.284,-0.055454
46.294,-0.054479
46.304,-0.053529
46.314,-0.052574
46.324,-0.051627
46.334,-0.050717
46.344,-0.049816
46.354,-0.048949
46.364,-0.04809
46.374,-0.047268
46.384,-0.046485
46.394,-0.045745
46.404,-0.04501
46.414,-0.044326
46.424,-0.04368
46.434,-0.043108
46.444,-0.042578
46.454,-0.042103
46.464,-0.041652
46.474,-0.041279
46.484,-0.040951
46.494,-0.040696
46.504,-0.040496
46.514,-0.040353
46.524,-0.04026
46.534,-0.04022
46.544,-0.040247
46.554,-0.040341
46.564,-0.040478
46.574,-0.04068
46.584,-0.040946
46.594,-0.041284
46.604,-0.041662
46.614,-0.042082
46.624,-0.042556
46.634,-0.043095
46.644,-0.043666
46.654,-0.044266
46.664,-0.044909
46.674,-0.045596
46.684,-0.046329
46.694,-0.047102
46.704,-0.047896
46.714,-0.048711
46.724,-0.049546
46.734,-0.050407
46.744,-0.051294
46.754,-0.052165
46.764,-0.053033
46.774,-0.0539
46.784,-0.054771
46.794,-0.055661
46.804,-0.056546
46.814,-0.057403
46.824,-0.058236
46.834,-0.059074
46.844,-0.059888
46.854,-0.060671
46.864,-0.061434
46.874,-0.062158
46.884,-0.062862
46.894,-0.063547
46.904,-0.064212
46.914,-0.064822
46.924,-0.065392
46.934,-0.065903
46.944,-0.066362
46.954,-0.066784
46.964,-0.067165
46.974,-0.0675
46.984,-0.067795
46.994,-0.068058
47.004,-0.068265
47.014,-0.068418
47.024,-0.068529
47.034,-0.068611
47.044,-0.068659
47.054,-0.068656
47.064,-0.068607
47.074,-0.068531
47.084,-0.068414
47.094,-0.068265
47.104,-0.068072
47.114,-0.067858
47.124,-0.067609
47.134,-0.067314
47.144,-0.066982
47.154,-0.066625
47.164,-0.066229
47.174,-0.065806
47.184,-0.065384
47.194,-0.064943
47.204,-0.064464
47.214,-0.063967
47.224,-0.063452
47.234,-0.062944
47.244,-0.062418
47.254,-0.061889
47.264,-0.061338
47.274,-0.06081
47.284,-0.060277
47.294,-0.059711
47.304,-0.059171
47.314,-0.058645
47.324,-0.058132
47.334,-0.057637
47.344,-0.057149
47.354,-0.056652
47.364,-0.056179
47.374,-0.055717
47.384,-0.055284
47.394,-0.054835
47.404,-0.054392
47.414,-0.053969
47.424,-0.053566
47.434,-0.05317
47.444,-0.052787
47.454,-0.052423
47.464,-0.052065
47.474,-0.051721
47.484,-0.051377
47.494,-0.05104
47.504,-0.050715
47.514,-0.050409
47.524,-0.050092
47.534,-0.049774
47.545,-0.04947
47.555,-0.049172
47.565,-0.048875
47.575,-0.048576
47.585,-0.048282
47.595,-0.047987
47.605,-0.047716
47.615,-0.047453
47.625,-0.047169
47.635,-0.046889
47.645,-0.046583
47.655,-0.046271
47.665,-0.045971
47.675,-0.045632
47.685,-0.045269
47.695,-0.044912
47.705,-0.044526
47.715,-0.044127
47.725,-0.043701
47.735,-0.043256
47.745,-0.042792
47.755,-0.042336
47.765,-0.041854
47.775,-0.041347
47.785,-0.040798
47.795,-0.040254
47.805,-0.039668
47.815,-0.039057
47.825,-0.038428
47.835,-0.037766
47.845,-0.037087
47.855,-0.036385
47.865,-0.035624
47.875,-0.03485
47.885,-0.034032
47.895,-0.033181
47.905,-0.03231
47.915,-0.031422
47.925,-0.030518
47.935,-0.029614
47.945,-0.028669
47.955,-0.027686
47.965,-0.026705
47.975,-0.025718
47.985,-0.024699
47.995,-0.023642
48.005,-0.022579
48.015,-0.021523
48.025,-0.020477
48.035,-0.019395
48.045,-0.01832
48.055,-0.017245
48.065,-0.016151
48.075,-0.015035
48.085,-0.013931
48.095,-0.012848
48.105,-0.011765
48.115,-0.01068
48.125,-0.0095758
48.135,-0.0084851
48.145,-0.0073843
48.155,-0.0063118
48.165,-0.0052161
48.175,-0.004173
48.185,-0.0031414
48.195,-0.0021215
48.205,-0.0010855
48.215,-8.1765e-005
48.225,0.00090689
48.235,0.0018557
48.245,0.002786
48.255,0.0036746
48.265,0.0045483
48.275,0.0054125
48.285,0.0062465
48.295,0.0070244
48.305,0.0077992
48.315,0.0085419
48.325,0.0092619
48.335,0.0099313
48.345,0.010595
48.355,0.011252
48.365,0.011867
48.375,0.012432
48.385,0.012948
48.395,0.013419
48.405,0.013846
48.415,0.014248
48.425,0.014604
48.435,0.014939
48.445,0.015215
48.455,0.015477
48.465,0.01572
48.475,0.015937
48.485,0.016139
48.495,0.016309
48.505,0.016456
48.515,0.016559
48.525,0.016616
48.535,0.016657
48.545,0.01663
48.555,0.016591
48.565,0.016534
48.575,0.016429
48.585,0.016302
48.595,0.016174
48.605,0.016042
48.615,0.015879
48.625,0.015689
48.635,0.015485
48.645,0.015253
48.655,0.015015
48.665,0.014755
48.675,0.014468
48.685,0.014163
48.695,0.01386
48.705,0.013543
48.715,0.013237
48.725,0.012923
48.735,0.012632
48.745,0.012332
48.755,0.011986
48.765,0.011611
48.775,0.01121
48.785,0.010816
48.795,0.010414
48.805,0.010004
48.815,0.0096035
48.825,0.0091955
48.835,0.008795
48.845,0.0084187
48.855,0.0080594
48.865,0.0076889
48.875,0.0073079
48.885,0.0069238
48.895,0.0065422
48.905,0.0061226
48.915,0.0056882
48.926,0.0052482
48.936,0.0047886
48.946,0.0043214
48.956,0.0038474
48.966,0.0034096
48.976,0.0029406
48.986,0.002492
48.996,0.0019872
49.006,0.0014707
49.016,0.00095854
49.026,0.00047813
49.036,-1.3847e-005
49.046,-0.00049861
49.056,-0.00097577
49.066,-0.0014544
49.076,-0.0019708
49.086,-0.0025108
49.096,-0.00306
49.106,-0.0035887
49.116,-0.0041428
49.126,-0.0046745
49.136,-0.0052072
49.146,-0.0057393
49.156,-0.0062712
49.166,-0.0068037
49.176,-0.0072983
49.186,-0.0077955
49.196,-0.0082461
49.206,-0.0087168
49.216,-0.0091986
49.226,-0.0096711
49.236,-0.010153
49.246,-0.010616
49.256,-0.011059
49.266,-0.011463
49.276,-0.011846
49.286,-0.012232
49.296,-0.012532
49.306,-0.012785
49.316,-0.013044
49.326,-0.013262
49.336,-0.013451
49.346,-0.013599
49.356,-0.013708
49.366,-0.013762
49.376,-0.013764
49.386,-0.013747
49.396,-0.01371
49.406,-0.013663
49.416,-0.013533
49.426,-0.013364
49.436,-0.013152
49.446,-0.012844
49.456,-0.012483
49.466,-0.012127
49.476,-0.011748
49.486,-0.01127
49.496,-0.010785
49.506,-0.01031
49.516,-0.0098228
49.526,-0.0092762
49.536,-0.0086603
49.546,-0.0079901
49.556,-0.0072762
49.566,-0.0065222
49.576,-0.0057169
49.586,-0.0049715
49.596,-0.0041758
49.606,-0.0033915
49.616,-0.0025659
49.626,-0.0016693
49.636,-0.00072356
49.646,0.00016831
49.656,0.0010356
49.666,0.001899
49.676,0.002806
49.686,0.0036952
49.696,0.0045833
49.706,0.0054453
49.716,0.0062989
49.726,0.0070751
49.736,0.0078148
49.746,0.0085561
49.756,0.0093021
49.766,0.010029
49.776,0.010693
49.786,0.011224
49.796,0.01167
49.806,0.01213
49.816,0.012574
49.826,0.012951
49.836,0.013177
49.846,0.013385
49.856,0.013589
49.866,0.013709
49.876,0.013733
49.886,0.013655
49.896,0.013501
49.906,0.013271
49.916,0.013059
49.926,0.012737
49.936,0.012329
49.946,0.011831
49.956,0.011332
49.966,0.010736
49.976,0.0099999
49.986,0.0092521
49.996,0.0083316
50.006,0.0071196
50.016,0.0058136
50.026,0.0041829
