0,0.0053843
0.010026,0.0043659
0.020051,0.0034901
0.030077,0.0026739
0.040102,0.0017653
0.050128,0.0010972
0.060153,0.00029874
0.070179,-0.00027255
0.080204,-0.00072796
0.09023,-0.0010624
0.10026,-0.0014743
0.11028,-0.0017413
0.12031,-0.0020709
0.13033,-0.0022781
0.14036,-0.0024299
0.15038,-0.0026123
0.16041,-0.0027395
0.17043,-0.0029472
0.18046,-0.0030724
0.19049,-0.0031917
0.20051,-0.0033563
0.21054,-0.0034996
0.22056,-0.0036423
0.23059,-0.0037846
0.24061,-0.0039502
0.25064,-0.0040811
0.26066,-0.0042018
0.27069,-0.0043431
0.28072,-0.004476
0.29074,-0.0045948
0.30077,-0.0047093
0.31079,-0.0047247
0.32082,-0.0047353
0.33084,-0.0047545
0.34087,-0.0048058
0.35089,-0.0048778
0.36092,-0.0048809
0.37095,-0.004925
0.38097,-0.0049751
0.391,-0.0050126
0.40102,-0.0049934
0.41105,-0.0050099
0.42107,-0.0049652
0.4311,-0.0049315
0.44112,-0.0048835
0.45115,-0.0048607
0.46118,-0.0048434
0.4712,-0.0048073
0.48123,-0.0047603
0.49125,-0.0047225
0.50128,-0.0046746
0.5113,-0.0046399
0.52133,-0.0046205
0.53135,-0.0046559
0.54138,-0.0047033
0.55141,-0.00476
0.56143,-0.0047535
0.57146,-0.0047325
0.58148,-0.0046989
0.59151,-0.004713
0.60153,-0.0047359
0.61156,-0.0047877
0.62158,-0.0048467
0.63161,-0.0049041
0.64164,-0.0049374
0.65166,-0.0049283
0.66169,-0.0049171
0.67171,-0.004954
0.68174,-0.0049908
0.69176,-0.005062
0.70179,-0.005121
0.71181,-0.0051667
0.72184,-0.005206
0.73187,-0.0052124
0.74189,-0.0052234
0.75192,-0.0052444
0.76194,-0.0052895
0.77197,-0.0053445
0.78199,-0.0053959
0.79202,-0.0054218
0.80204,-0.0054449
0.81207,-0.005448
0.8221,-0.0054347
0.83212,-0.0053902
0.84215,-0.0053703
0.85217,-0.0053476
0.8622,-0.0053499
0.87222,-0.0053599
0.88225,-0.0053937
0.89227,-0.0054331
0.9023,-0.0054722
0.91232,-0.0054994
0.92235,-0.0054868
0.93238,-0.0054917
0.9424,-0.0055116
0.95243,-0.0055279
0.96245,-0.0055533
0.97248,-0.0055726
0.9825,-0.0056357
0.99253,-0.005694
1.0026,-0.0057153
1.0126,-0.0057066
1.0226,-0.0057289
1.0326,-0.0057339
1.0427,-0.005737
1.0527,-0.0057721
1.0627,-0.0057926
1.0727,-0.0058224
1.0828,-0.0058357
1.0928,-0.0058523
1.1028,-0.0058744
1.1128,-0.0058857
1.1229,-0.0058935
1.1329,-0.0059331
1.1429,-0.0059687
1.1529,-0.0059908
1.163,-0.0060102
1.173,-0.0060338
1.183,-0.0060387
1.193,-0.0060635
1.2031,-0.0060805
1.2131,-0.0061026
1.2231,-0.0061193
1.2331,-0.0061288
1.2432,-0.006128
1.2532,-0.0061396
1.2632,-0.0061434
1.2732,-0.0061374
1.2833,-0.0061785
1.2933,-0.0062125
1.3033,-0.0062264
1.3133,-0.0062577
1.3234,-0.0062775
1.3334,-0.0062968
1.3434,-0.006323
1.3534,-0.0063463
1.3635,-0.006348
1.3735,-0.0063648
1.3835,-0.0063716
1.3936,-0.006365
1.4036,-0.0063647
1.4136,-0.0063827
1.4236,-0.0063818
1.4337,-0.0063793
1.4437,-0.0063841
1.4537,-0.0063947
1.4637,-0.0064031
1.4738,-0.006434
1.4838,-0.0064346
1.4938,-0.0064583
1.5038,-0.0064776
1.5139,-0.0064955
1.5239,-0.0065168
1.5339,-0.0065496
1.5439,-0.0065715
1.554,-0.0065836
1.564,-0.0065929
1.574,-0.0066036
1.584,-0.0066294
1.5941,-0.006666
1.6041,-0.0067036
1.6141,-0.0067219
1.6241,-0.006732
1.6342,-0.0067385
1.6442,-0.0067524
1.6542,-0.0067661
1.6642,-0.0067667
1.6743,-0.0067743
1.6843,-0.0068107
1.6943,-0.00685
1.7043,-0.006864
1.7144,-0.0068796
1.7244,-0.0068843
1.7344,-0.0068915
1.7444,-0.0069076
1.7545,-0.0069131
1.7645,-0.0069265
1.7745,-0.0069378
1.7845,-0.0069598
1.7946,-0.0069795
1.8046,-0.0069988
1.8146,-0.0070143
1.8246,-0.0070285
1.8347,-0.0070354
1.8447,-0.0070484
1.8547,-0.0070717
1.8648,-0.007095
1.8748,-0.0070987
1.8848,-0.0070948
1.8948,-0.0070952
1.9049,-0.0070965
1.9149,-0.0070909
1.9249,-0.0071049
1.9349,-0.0071244
1.945,-0.0071553
1.955,-0.0071929
1.965,-0.00721
1.975,-0.007205
1.9851,-0.0072119
1.9951,-0.0072221
2.0051,-0.0072442
2.0151,-0.0072425
2.0252,-0.0072334
2.0352,-0.0072301
2.0452,-0.007226
2.0552,-0.0072228
2.0653,-0.0072179
2.0753,-0.0072161
2.0853,-0.0072223
2.0953,-0.0072
2.1054,-0.0071924
2.1154,-0.0071753
2.1254,-0.007148
2.1354,-0.0071188
2.1455,-0.0070786
2.1555,-0.0070486
2.1655,-0.0070191
2.1755,-0.0069865
2.1856,-0.0069599
2.1956,-0.0069221
2.2056,-0.0068981
2.2156,-0.0068836
2.2257,-0.0068594
2.2357,-0.0068495
2.2457,-0.0068277
2.2557,-0.0068246
2.2658,-0.0068207
2.2758,-0.0068184
2.2858,-0.0068323
2.2959,-0.0068206
2.3059,-0.006803
2.3159,-0.0068077
2.3259,-0.0068012
2.336,-0.0067784
2.346,-0.006752
2.356,-0.0067232
2.366,-0.0066965
2.3761,-0.0066774
2.3861,-0.0066544
2.3961,-0.0066197
2.4061,-0.0065698
2.4162,-0.0065532
2.4262,-0.0065231
2.4362,-0.0064896
2.4462,-0.0064485
2.4563,-0.0064342
2.4663,-0.0064127
2.4763,-0.0063682
2.4863,-0.0063344
2.4964,-0.0063162
2.5064,-0.0063099
2.5164,-0.0062874
2.5264,-0.0062895
2.5365,-0.006237
2.5465,-0.0061682
2.5565,-0.0061468
2.5665,-0.0061045
2.5766,-0.0060787
2.5866,-0.0060171
2.5966,-0.0059949
2.6066,-0.0059367
2.6167,-0.0059157
2.6267,-0.0058768
2.6367,-0.0058163
2.6467,-0.0057864
2.6568,-0.005759
2.6668,-0.0057034
2.6768,-0.0056892
2.6868,-0.0056626
2.6969,-0.0056134
2.7069,-0.0055968
2.7169,-0.0055162
2.7269,-0.0055045
2.737,-0.0054461
2.747,-0.0053676
2.757,-0.0053007
2.7671,-0.0052633
2.7771,-0.005194
2.7871,-0.005141
2.7971,-0.0051024
2.8072,-0.0050323
2.8172,-0.004922
2.8272,-0.0048368
2.8372,-0.0047483
2.8473,-0.0046536
2.8573,-0.0046272
2.8673,-0.0045413
2.8773,-0.0044695
2.8874,-0.0044154
2.8974,-0.0043325
2.9074,-0.0042945
2.9174,-0.0042028
2.9275,-0.0041541
2.9375,-0.0040897
2.9475,-0.0040294
2.9575,-0.0039633
2.9676,-0.0038849
2.9776,-0.003755
2.9876,-0.0036773
2.9976,-0.003607
3.0077,-0.0035325
3.0177,-0.0034593
3.0277,-0.0034091
3.0377,-0.0033247
3.0478,-0.0032284
3.0578,-0.0031685
3.0678,-0.0031178
3.0778,-0.0030611
3.0879,-0.003016
3.0979,-0.002919
3.1079,-0.0028381
3.1179,-0.0027947
3.128,-0.0027161
3.138,-0.0025969
3.148,-0.0025103
3.158,-0.0024218
3.1681,-0.0023072
3.1781,-0.0022577
3.1881,-0.0021714
3.1982,-0.0020742
3.2082,-0.0020351
3.2182,-0.0019366
3.2282,-0.0018852
3.2383,-0.0018168
3.2483,-0.0017355
3.2583,-0.001676
3.2683,-0.0016298
3.2784,-0.0015639
3.2884,-0.0015255
3.2984,-0.0014798
3.3084,-0.0014024
3.3185,-0.0013726
3.3285,-0.001319
3.3385,-0.0012651
3.3485,-0.0012412
3.3586,-0.0011948
3.3686,-0.0011462
3.3786,-0.0011395
3.3886,-0.001109
3.3987,-0.0010749
3.4087,-0.0010596
3.4187,-0.0010141
3.4287,-0.0010123
3.4388,-0.0010096
3.4488,-0.00099162
3.4588,-0.0010237
3.4688,-0.0010279
3.4789,-0.00099198
3.4889,-0.00096478
3.4989,-0.00093502
3.5089,-0.00090797
3.519,-0.00085095
3.529,-0.0007909
3.539,-0.00072021
3.549,-0.00071741
3.5591,-0.00067775
3.5691,-0.00065161
3.5791,-0.00060901
3.5891,-0.00055371
3.5992,-0.00049625
3.6092,-0.00046582
3.6192,-0.00046042
3.6292,-0.00040183
3.6393,-0.00041491
3.6493,-0.00039544
3.6593,-0.00040269
3.6694,-0.00036347
3.6794,-0.00038032
3.6894,-0.00035846
3.6994,-0.00034201
3.7095,-0.00031341
3.7195,-0.0002987
3.7295,-0.00026583
3.7395,-0.00026495
3.7496,-0.00023591
3.7596,-0.00020707
3.7696,-0.0001591
3.7796,-0.00016553
3.7897,-0.00018842
3.7997,-0.0001756
3.8097,-0.00019575
3.8197,-0.00018225
3.8298,-0.00015095
3.8398,-0.00011891
3.8498,-0.00013691
3.8598,-0.00011328
3.8699,-0.00010226
3.8799,-0.00011205
3.8899,-0.00010208
3.8999,-5.6516e-005
3.91,-2.6683e-005
3.92,-3.1022e-005
3.93,-1.7136e-006
3.94,3.7356e-005
3.9501,6.7709e-005
3.9601,8.8018e-005
3.9701,0.00011268
3.9801,0.00015011
3.9902,0.00018215
4.0002,0.00019739
4.0102,0.0002363
4.0202,0.00027118
4.0303,0.00030613
4.0403,0.00035847
4.0503,0.00037717
4.0603,0.00041156
4.0704,0.00046905
4.0804,0.00050547
4.0904,0.0005184
4.1004,0.0005466
4.1105,0.00058248
4.1205,0.00063165
4.1305,0.00069671
4.1406,0.00073037
4.1506,0.00079053
4.1606,0.00083471
4.1706,0.00089315
4.1807,0.00093865
4.1907,0.00096981
4.2007,0.0010131
4.2107,0.0010452
4.2208,0.0011121
4.2308,0.0011566
4.2408,0.0011925
4.2508,0.00124
4.2609,0.0012889
4.2709,0.0013371
4.2809,0.0013835
4.2909,0.0014392
4.301,0.0014845
4.311,0.0015318
4.321,0.0015837
4.331,0.0016601
4.3411,0.0017156
4.3511,0.0017684
4.3611,0.0018334
4.3711,0.0019002
4.3812,0.0019543
4.3912,0.0020115
4.4012,0.0020787
4.4112,0.0021386
4.4213,0.0022005
4.4313,0.0022545
4.4413,0.0023184
4.4513,0.0023649
4.4614,0.0024184
4.4714,0.0024743
4.4814,0.0025177
4.4914,0.002574
4.5015,0.0026246
4.5115,0.0026834
4.5215,0.0027419
4.5315,0.0027989
4.5416,0.0028588
4.5516,0.0029263
4.5616,0.0029859
4.5717,0.0030455
4.5817,0.0031086
4.5917,0.0031603
4.6017,0.0032133
4.6118,0.0032592
4.6218,0.0033082
4.6318,0.0033546
4.6418,0.0034015
4.6519,0.0034482
4.6619,0.0034914
4.6719,0.0035578
4.6819,0.0036182
4.692,0.0036698
4.702,0.0037281
4.712,0.0037786
4.722,0.0038434
4.7321,0.0039125
4.7421,0.0039716
4.7521,0.0040417
4.7621,0.0041116
4.7722,0.0041787
4.7822,0.0042554
4.7922,0.0043492
4.8022,0.0044446
4.8123,0.0045265
4.8223,0.0046171
4.8323,0.0046955
4.8423,0.0047597
4.8524,0.0048319
4.8624,0.0049157
4.8724,0.0050047
4.8824,0.0050843
4.8925,0.0051788
4.9025,0.0052673
4.9125,0.0053572
4.9225,0.0054497
4.9326,0.0055494
4.9426,0.0056298
4.9526,0.0057082
4.9626,0.0057888
4.9727,0.0058739
4.9827,0.0059565
4.9927,0.006017
5.0027,0.0060964
5.0128,0.0061795
5.0228,0.0062674
5.0328,0.0063518
5.0429,0.0064425
5.0529,0.0065244
5.0629,0.0066107
5.0729,0.0066899
5.083,0.0067724
5.093,0.0068563
5.103,0.0069244
5.113,0.0069994
5.1231,0.0070669
5.1331,0.0071311
5.1431,0.0071976
5.1531,0.0072636
5.1632,0.0073215
5.1732,0.0073951
5.1832,0.0074736
5.1932,0.0075399
5.2033,0.0076069
5.2133,0.0076809
5.2233,0.0077517
5.2333,0.0078186
5.2434,0.0078815
5.2534,0.0079561
5.2634,0.0080201
5.2734,0.0080902
5.2835,0.0081561
5.2935,0.0082196
5.3035,0.0082919
5.3135,0.0083722
5.3236,0.0084559
5.3336,0.008541
5.3436,0.0086143
5.3536,0.0086848
5.3637,0.0087532
5.3737,0.0088148
5.3837,0.0088853
5.3937,0.0089593
5.4038,0.009037
5.4138,0.009104
5.4238,0.0091539
5.4338,0.0092157
5.4439,0.0092856
5.4539,0.009357
5.4639,0.0094248
5.4739,0.0095039
5.484,0.0095743
5.494,0.0096435
5.504,0.0097118
5.5141,0.0097842
5.5241,0.0098534
5.5341,0.0099194
5.5441,0.0099816
5.5542,0.010041
5.5642,0.010086
5.5742,0.010138
5.5842,0.010192
5.5943,0.010243
5.6043,0.01029
5.6143,0.010347
5.6243,0.010408
5.6344,0.010468
5.6444,0.010527
5.6544,0.010581
5.6644,0.010649
5.6745,0.010729
5.6845,0.010809
5.6945,0.010882
5.7045,0.010962
5.7146,0.011038
5.7246,0.011112
5.7346,0.011191
5.7446,0.011258
5.7547,0.011315
5.7647,0.011359
5.7747,0.0114
5.7847,0.011444
5.7948,0.011492
5.8048,0.011537
5.8148,0.011581
5.8248,0.011615
5.8349,0.011654
5.8449,0.011694
5.8549,0.011732
5.8649,0.011773
5.875,0.011805
5.885,0.01184
5.895,0.011878
5.905,0.011931
5.9151,0.011981
5.9251,0.012041
5.9351,0.012093
5.9452,0.012136
5.9552,0.012188
5.9652,0.012258
5.9752,0.012313
5.9853,0.012356
5.9953,0.012402
6.0053,0.012442
6.0153,0.012493
6.0254,0.012542
6.0354,0.012585
6.0454,0.012617
6.0554,0.012643
6.0655,0.012681
6.0755,0.012724
6.0855,0.012761
6.0955,0.012799
6.1056,0.012844
6.1156,0.012899
6.1256,0.012946
6.1356,0.012993
6.1457,0.013027
6.1557,0.013074
6.1657,0.01312
6.1757,0.013162
6.1858,0.013219
6.1958,0.013273
6.2058,0.013319
6.2158,0.013361
6.2259,0.013415
6.2359,0.013454
6.2459,0.013494
6.2559,0.01354
6.266,0.013593
6.276,0.013649
6.286,0.013702
6.296,0.01374
6.3061,0.013771
6.3161,0.013813
6.3261,0.01384
6.3361,0.013873
6.3462,0.013916
6.3562,0.013945
6.3662,0.013982
6.3762,0.014011
6.3863,0.014032
6.3963,0.014052
6.4063,0.014075
6.4164,0.014094
6.4264,0.014115
6.4364,0.014141
6.4464,0.014167
6.4565,0.014194
6.4665,0.014234
6.4765,0.014279
6.4865,0.014308
6.4966,0.014333
6.5066,0.014361
6.5166,0.014399
6.5266,0.014429
6.5367,0.014467
6.5467,0.014507
6.5567,0.014543
6.5667,0.014578
6.5768,0.014608
6.5868,0.014639
6.5968,0.014688
6.6068,0.014719
6.6169,0.014754
6.6269,0.014801
6.6369,0.014844
6.6469,0.01488
6.657,0.014918
6.667,0.014946
6.677,0.01497
6.687,0.014994
6.6971,0.01503
6.7071,0.015064
6.7171,0.0151
6.7271,0.015144
6.7372,0.015196
6.7472,0.015245
6.7572,0.015301
6.7672,0.015353
6.7773,0.015404
6.7873,0.015467
6.7973,0.015515
6.8073,0.015564
6.8174,0.015607
6.8274,0.015637
6.8374,0.015677
6.8475,0.015717
6.8575,0.015759
6.8675,0.015791
6.8775,0.01582
6.8876,0.01585
6.8976,0.015877
6.9076,0.015897
6.9176,0.015927
6.9277,0.01595
6.9377,0.01598
6.9477,0.016015
6.9577,0.016044
6.9678,0.016084
6.9778,0.016125
6.9878,0.016171
6.9978,0.016216
7.0079,0.016265
7.0179,0.016309
7.0279,0.016356
7.0379,0.0164
7.048,0.016441
7.058,0.016473
7.068,0.01651
7.078,0.016548
7.0881,0.016579
7.0981,0.016619
7.1081,0.016651
7.1181,0.016681
7.1282,0.016712
7.1382,0.016739
7.1482,0.016749
7.1582,0.016756
7.1683,0.016767
7.1783,0.016785
7.1883,0.016795
7.1983,0.016817
7.2084,0.016841
7.2184,0.016861
7.2284,0.01688
7.2384,0.01691
7.2485,0.01694
7.2585,0.016971
7.2685,0.016995
7.2785,0.017022
7.2886,0.017053
7.2986,0.017084
7.3086,0.017104
7.3187,0.01712
7.3287,0.017142
7.3387,0.01717
7.3487,0.017195
7.3588,0.017223
7.3688,0.017241
7.3788,0.017264
7.3888,0.017282
7.3989,0.017292
7.4089,0.017301
7.4189,0.017311
7.4289,0.017327
7.439,0.017328
7.449,0.01733
7.459,0.017341
7.469,0.017348
7.4791,0.017354
7.4891,0.017362
7.4991,0.017379
7.5091,0.017398
7.5192,0.017402
7.5292,0.017406
7.5392,0.01741
7.5492,0.017411
7.5593,0.01741
7.5693,0.017415
7.5793,0.017421
7.5893,0.017424
7.5994,0.01743
7.6094,0.017424
7.6194,0.017409
7.6294,0.017393
7.6395,0.017375
7.6495,0.017352
7.6595,0.017345
7.6695,0.017341
7.6796,0.017328
7.6896,0.017302
7.6996,0.01728
7.7096,0.017265
7.7197,0.017238
7.7297,0.017201
7.7397,0.017165
7.7497,0.017131
7.7598,0.017099
7.7698,0.017076
7.7798,0.017057
7.7899,0.017041
7.7999,0.017027
7.8099,0.017002
7.8199,0.016981
7.83,0.016968
7.84,0.01695
7.85,0.016934
7.86,0.016921
7.8701,0.016901
7.8801,0.016877
7.8901,0.016856
7.9001,0.01683
7.9102,0.016804
7.9202,0.016779
7.9302,0.016737
7.9402,0.01669
7.9503,0.016643
7.9603,0.016599
7.9703,0.01656
7.9803,0.016518
7.9904,0.016475
8.0004,0.016425
8.0104,0.016371
8.0204,0.016328
8.0305,0.016265
8.0405,0.016208
8.0505,0.016157
8.0605,0.01611
8.0706,0.016067
8.0806,0.016025
8.0906,0.015979
8.1006,0.015937
8.1107,0.015895
8.1207,0.015854
8.1307,0.015812
8.1407,0.01578
8.1508,0.015747
8.1608,0.015709
8.1708,0.015662
8.1808,0.015613
8.1909,0.015571
8.2009,0.01552
8.2109,0.015446
8.221,0.015376
8.231,0.015321
8.241,0.015272
8.251,0.015223
8.2611,0.015171
8.2711,0.015118
8.2811,0.015069
8.2911,0.015024
8.3012,0.01498
8.3112,0.014938
8.3212,0.014899
8.3312,0.014855
8.3413,0.014809
8.3513,0.014758
8.3613,0.014711
8.3713,0.014659
8.3814,0.01461
8.3914,0.014559
8.4014,0.014506
8.4114,0.014449
8.4215,0.014389
8.4315,0.014324
8.4415,0.01426
8.4515,0.014193
8.4616,0.014122
8.4716,0.014055
8.4816,0.013994
8.4916,0.013931
8.5017,0.01386
8.5117,0.013781
8.5217,0.013704
8.5317,0.013631
8.5418,0.013567
8.5518,0.013499
8.5618,0.013427
8.5718,0.013362
8.5819,0.013292
8.5919,0.013219
8.6019,0.013149
8.6119,0.013082
8.622,0.013016
8.632,0.012944
8.642,0.012873
8.652,0.012809
8.6621,0.012747
8.6721,0.012674
8.6821,0.012605
8.6922,0.012528
8.7022,0.012446
8.7122,0.012371
8.7222,0.012293
8.7323,0.01221
8.7423,0.012135
8.7523,0.01206
8.7623,0.011977
8.7724,0.011892
8.7824,0.011813
8.7924,0.011728
8.8024,0.011649
8.8125,0.011575
8.8225,0.011498
8.8325,0.011421
8.8425,0.01134
8.8526,0.011253
8.8626,0.011168
8.8726,0.011079
8.8826,0.010984
8.8927,0.010883
8.9027,0.010781
8.9127,0.010689
8.9227,0.010596
8.9328,0.010507
8.9428,0.010407
8.9528,0.01031
8.9628,0.010211
8.9729,0.01011
8.9829,0.010012
8.9929,0.0099135
9.0029,0.0098137
9.013,0.0097141
9.023,0.0096146
9.033,0.0095185
9.043,0.0094246
9.0531,0.0093324
9.0631,0.0092416
9.0731,0.009161
9.0831,0.0090742
9.0932,0.0089784
9.1032,0.0088888
9.1132,0.0088056
9.1232,0.0087199
9.1333,0.0086399
9.1433,0.008571
9.1533,0.0085086
9.1634,0.0084333
9.1734,0.0083612
9.1834,0.0082942
9.1934,0.0082258
9.2035,0.0081642
9.2135,0.008107
9.2235,0.0080544
9.2335,0.0080063
9.2436,0.0079658
9.2536,0.0079277
9.2636,0.0078935
9.2736,0.0078618
9.2837,0.0078343
9.2937,0.0078088
9.3037,0.0077882
9.3137,0.0077741
9.3238,0.0077553
9.3338,0.0077374
9.3438,0.0077307
9.3538,0.007727
9.3639,0.0077201
9.3739,0.0077157
9.3839,0.0077132
9.3939,0.0077191
9.404,0.0077281
9.414,0.0077393
9.424,0.0077647
9.434,0.0077977
9.4441,0.0078259
9.4541,0.0078563
9.4641,0.0078886
9.4741,0.0079226
9.4842,0.007967
9.4942,0.0080024
9.5042,0.0080367
9.5142,0.0080805
9.5243,0.0081208
9.5343,0.0081567
9.5443,0.0081961
9.5543,0.0082491
9.5644,0.0082996
9.5744,0.0083476
9.5844,0.0083933
9.5945,0.0084378
9.6045,0.0084946
9.6145,0.0085533
9.6245,0.0086007
9.6346,0.0086375
9.6446,0.0086775
9.6546,0.0087251
9.6646,0.0087718
9.6747,0.0088241
9.6847,0.0088704
9.6947,0.0089157
9.7047,0.0089605
9.7148,0.009005
9.7248,0.0090441
9.7348,0.0090763
9.7448,0.0090973
9.7549,0.0091174
9.7649,0.0091375
9.7749,0.0091579
9.7849,0.0091809
9.795,0.0092
9.805,0.0092108
9.815,0.0092258
9.825,0.0092376
9.8351,0.0092432
9.8451,0.0092459
9.8551,0.0092482
9.8651,0.0092493
9.8752,0.0092495
9.8852,0.00926
9.8952,0.0092748
9.9052,0.0092802
9.9153,0.0092788
9.9253,0.0092784
9.9353,0.0092799
9.9453,0.0092824
9.9554,0.0092805
9.9654,0.0092818
9.9754,0.0092896
9.9854,0.0092986
9.9955,0.0092999
10.005,0.0093093
10.016,0.0093205
10.026,0.0093354
10.036,0.0093469
10.046,0.0093607
10.056,0.0093647
10.066,0.0093746
10.076,0.0093854
10.086,0.0094089
10.096,0.0094319
10.106,0.0094462
10.116,0.0094684
10.126,0.0094971
10.136,0.0095233
10.146,0.0095524
10.156,0.009581
10.166,0.0096155
10.176,0.0096628
10.186,0.0097189
10.196,0.0097767
10.206,0.0098384
10.216,0.0098948
10.226,0.0099562
10.236,0.010022
10.246,0.010089
10.256,0.01016
10.266,0.010238
10.276,0.010319
10.286,0.010407
10.296,0.0105
10.306,0.010579
10.316,0.010666
10.326,0.010766
10.336,0.010876
10.346,0.010978
10.356,0.011082
10.366,0.011189
10.376,0.011305
10.386,0.011426
10.396,0.011551
10.407,0.01168
10.417,0.011814
10.427,0.01196
10.437,0.012104
10.447,0.01224
10.457,0.012381
10.467,0.012519
10.477,0.012657
10.487,0.012796
10.497,0.012933
10.507,0.013057
10.517,0.013182
10.527,0.013317
10.537,0.013453
10.547,0.013579
10.557,0.013709
10.567,0.01385
10.577,0.013981
10.587,0.014099
10.597,0.014214
10.607,0.014336
10.617,0.014455
10.627,0.014571
10.637,0.014686
10.647,0.014796
10.657,0.014914
10.667,0.015019
10.677,0.01512
10.687,0.01522
10.697,0.015309
10.707,0.015399
10.717,0.015485
10.727,0.015577
10.737,0.015667
10.747,0.015753
10.757,0.015832
10.767,0.0159
10.777,0.015965
10.787,0.016027
10.798,0.016089
10.808,0.016149
10.818,0.016202
10.828,0.01625
10.838,0.016294
10.848,0.016339
10.858,0.016378
10.868,0.016409
10.878,0.016431
10.888,0.016443
10.898,0.016451
10.908,0.016456
10.918,0.01646
10.928,0.01646
10.938,0.016446
10.948,0.016433
10.958,0.016417
10.968,0.016388
10.978,0.016352
10.988,0.016315
10.998,0.016272
11.008,0.016224
11.018,0.016181
11.028,0.01613
11.038,0.016072
11.048,0.016002
11.058,0.015916
11.068,0.015821
11.078,0.015717
11.088,0.01561
11.098,0.015496
11.108,0.015379
11.118,0.015262
11.128,0.015145
11.138,0.015016
11.148,0.014877
11.158,0.014732
11.168,0.014587
11.178,0.014435
11.189,0.014268
11.199,0.014091
11.209,0.013909
11.219,0.013715
11.229,0.013511
11.239,0.013301
11.249,0.013086
11.259,0.012865
11.269,0.012632
11.279,0.012399
11.289,0.012174
11.299,0.011949
11.309,0.011704
11.319,0.01145
11.329,0.0112
11.339,0.010947
11.349,0.01068
11.359,0.010411
11.369,0.010138
11.379,0.0098627
11.389,0.0095841
11.399,0.0093012
11.409,0.0090199
11.419,0.0087372
11.429,0.0084516
11.439,0.008167
11.449,0.0078777
11.459,0.0075714
11.469,0.007269
11.479,0.0069668
11.489,0.0066644
11.499,0.006352
11.509,0.0060381
11.519,0.0057363
11.529,0.0054428
11.539,0.0051443
11.549,0.0048595
11.559,0.0045739
11.569,0.0042916
11.58,0.0040053
11.59,0.0037286
11.6,0.0034585
11.61,0.0031915
11.62,0.0029248
11.63,0.0026631
11.64,0.0023978
11.65,0.0021395
11.66,0.0018874
11.67,0.0016432
11.68,0.0014043
11.69,0.0011682
11.7,0.00092904
11.71,0.00069324
11.72,0.00046747
11.73,0.00024776
11.74,3.855e-005
11.75,-0.000172
11.76,-0.00037482
11.77,-0.00058048
11.78,-0.00078348
11.79,-0.00098427
11.8,-0.0011839
11.81,-0.0013745
11.82,-0.0015605
11.83,-0.0017409
11.84,-0.0019161
11.85,-0.0020943
11.86,-0.0022681
11.87,-0.0024428
11.88,-0.0026047
11.89,-0.0027612
11.9,-0.0029089
11.91,-0.0030457
11.92,-0.0031799
11.93,-0.0033083
11.94,-0.0034373
11.95,-0.0035636
11.96,-0.0036854
11.971,-0.0038001
11.981,-0.0039112
11.991,-0.0040209
12.001,-0.0041265
12.011,-0.0042341
12.021,-0.0043331
12.031,-0.0044287
12.041,-0.004531
12.051,-0.0046235
12.061,-0.0047089
12.071,-0.0047844
12.081,-0.0048457
12.091,-0.0049114
12.101,-0.0049708
12.111,-0.0050297
12.121,-0.0050755
12.131,-0.0051133
12.141,-0.0051304
12.151,-0.0051393
12.161,-0.0051526
12.171,-0.0051687
12.181,-0.0051757
12.191,-0.0051822
12.201,-0.0051877
12.211,-0.0051836
12.221,-0.005183
12.231,-0.005181
12.241,-0.0051798
12.251,-0.0051688
12.261,-0.0051416
12.271,-0.0051203
12.281,-0.0050834
12.291,-0.0050573
12.301,-0.0050162
12.311,-0.0049658
12.321,-0.0049046
12.331,-0.0048254
12.341,-0.0047476
12.351,-0.0046866
12.362,-0.0046258
12.372,-0.0045374
12.382,-0.0044289
12.392,-0.0043285
12.402,-0.0041878
12.412,-0.0040655
12.422,-0.0039259
12.432,-0.0038059
12.442,-0.0036704
12.452,-0.0035357
12.462,-0.0034093
12.472,-0.0032159
12.482,-0.0030573
12.492,-0.0028991
12.502,-0.0027365
12.512,-0.0025784
12.522,-0.0024136
12.532,-0.0022618
12.542,-0.0020972
12.552,-0.001946
12.562,-0.0017963
12.572,-0.001672
12.582,-0.0015294
12.592,-0.0013801
12.602,-0.0012479
12.612,-0.0011202
12.622,-0.00099755
12.632,-0.00088083
12.642,-0.000762
12.652,-0.00065875
12.662,-0.0005516
12.672,-0.0004524
12.682,-0.00036147
12.692,-0.00026562
12.702,-0.00018845
12.712,-9.5328e-005
12.722,-1.3562e-005
12.732,7.3306e-005
12.742,0.0001664
12.752,0.00025726
12.763,0.00035422
12.773,0.0004569
12.783,0.00055822
12.793,0.00066585
12.803,0.00078592
12.813,0.00089385
12.823,0.0010079
12.833,0.0011315
12.843,0.0012694
12.853,0.0014216
12.863,0.0015667
12.873,0.0017435
12.883,0.001928
12.893,0.0021221
12.903,0.002335
12.913,0.0025529
12.923,0.002793
12.933,0.0030655
12.943,0.003358
12.953,0.0036751
12.963,0.0040134
12.973,0.0043669
12.983,0.0047608
12.993,0.0051846
13.003,0.0056309
13.013,0.0061519
13.023,0.0067135
13.033,0.0072094
13.043,0.0077971
13.053,0.0083653
13.063,0.0089604
13.073,0.0095776
13.083,0.010242
13.093,0.010887
13.103,0.01157
13.113,0.012235
13.123,0.012902
13.133,0.013593
13.143,0.014269
13.154,0.014966
13.164,0.015652
13.174,0.016349
13.184,0.017046
13.194,0.017741
13.204,0.018434
13.214,0.019128
13.224,0.019824
13.234,0.02051
13.244,0.021182
13.254,0.021842
13.264,0.022476
13.274,0.023105
13.284,0.023717
13.294,0.024315
13.304,0.024898
13.314,0.025443
13.324,0.025964
13.334,0.026458
13.344,0.026927
13.354,0.027357
13.364,0.027753
13.374,0.02811
13.384,0.02843
13.394,0.028721
13.404,0.028973
13.414,0.029184
13.424,0.029352
13.434,0.029475
13.444,0.029559
13.454,0.029601
13.464,0.029599
13.474,0.029555
13.484,0.02947
13.494,0.029344
13.504,0.029173
13.514,0.028959
13.524,0.028703
13.534,0.028411
13.545,0.028078
13.555,0.027711
13.565,0.027305
13.575,0.026869
13.585,0.026414
13.595,0.025916
13.605,0.025388
13.615,0.024833
13.625,0.024252
13.635,0.023662
13.645,0.023051
13.655,0.022429
13.665,0.021795
13.675,0.021156
13.685,0.020504
13.695,0.019852
13.705,0.019204
13.715,0.018562
13.725,0.017913
13.735,0.017272
13.745,0.016632
13.755,0.016014
13.765,0.015416
13.775,0.014832
13.785,0.014264
13.795,0.013716
13.805,0.013199
13.815,0.012712
13.825,0.012247
13.835,0.011807
13.845,0.011395
13.855,0.011018
13.865,0.010672
13.875,0.010351
13.885,0.010052
13.895,0.0097781
13.905,0.0095307
13.915,0.0093193
13.925,0.0091311
13.936,0.008963
13.946,0.0088253
13.956,0.0087078
13.966,0.0086074
13.976,0.0085276
13.986,0.0084654
13.996,0.0084259
14.006,0.0083973
14.016,0.0083758
14.026,0.0083632
14.036,0.0083587
14.046,0.0083519
14.056,0.0083394
14.066,0.0083278
14.076,0.0083043
14.086,0.0082724
14.096,0.0082232
14.106,0.0081576
14.116,0.0080638
14.126,0.0079417
14.136,0.0077945
14.146,0.0076133
14.156,0.0073837
14.166,0.0071082
14.176,0.0067918
14.186,0.0064349
14.196,0.0060311
14.206,0.0055809
14.216,0.0050674
14.226,0.0044935
14.236,0.0038689
14.246,0.003183
14.256,0.0024327
14.266,0.0016069
14.276,0.00072158
14.286,-0.00022231
14.296,-0.0012334
14.306,-0.0023068
14.316,-0.0034489
14.327,-0.0046566
14.337,-0.0059418
14.347,-0.0072915
14.357,-0.0086978
14.367,-0.010158
14.377,-0.011679
14.387,-0.013262
14.397,-0.014898
14.407,-0.0166
14.417,-0.018335
14.427,-0.020112
14.437,-0.021953
14.447,-0.02384
14.457,-0.025763
14.467,-0.027708
14.477,-0.029699
14.487,-0.031715
14.497,-0.033754
14.507,-0.035825
14.517,-0.037914
14.527,-0.040025
14.537,-0.042157
14.547,-0.044294
14.557,-0.046423
14.567,-0.048546
14.577,-0.050681
14.587,-0.052802
14.597,-0.054907
14.607,-0.057016
14.617,-0.059094
14.627,-0.061141
14.637,-0.063183
14.647,-0.06519
14.657,-0.067174
14.667,-0.06912
14.677,-0.071039
14.687,-0.072911
14.697,-0.07474
14.707,-0.076535
14.718,-0.078295
14.728,-0.080009
14.738,-0.081665
14.748,-0.083285
14.758,-0.084865
14.768,-0.086406
14.778,-0.087895
14.788,-0.089346
14.798,-0.090755
14.808,-0.092104
14.818,-0.093405
14.828,-0.094683
14.838,-0.095936
14.848,-0.097138
14.858,-0.098304
14.868,-0.099431
14.878,-0.10052
14.888,-0.10159
14.898,-0.10263
14.908,-0.10366
14.918,-0.10465
14.928,-0.10563
14.938,-0.1066
14.948,-0.10755
14.958,-0.1085
14.968,-0.10944
14.978,-0.11036
14.988,-0.11128
14.998,-0.1122
15.008,-0.11313
15.018,-0.11406
15.028,-0.11498
15.038,-0.11593
15.048,-0.11687
15.058,-0.11782
15.068,-0.11879
15.078,-0.11976
15.088,-0.12074
15.098,-0.12175
15.109,-0.12277
15.119,-0.12381
15.129,-0.12486
15.139,-0.12594
15.149,-0.12704
15.159,-0.12815
15.169,-0.12929
15.179,-0.13044
15.189,-0.13162
15.199,-0.13282
15.209,-0.13404
15.219,-0.13528
15.229,-0.13654
15.239,-0.13781
15.249,-0.13909
15.259,-0.14039
15.269,-0.1417
15.279,-0.14302
15.289,-0.14435
15.299,-0.14569
15.309,-0.14703
15.319,-0.14839
15.329,-0.14976
15.339,-0.15113
15.349,-0.15252
15.359,-0.1539
15.369,-0.15528
15.379,-0.15667
15.389,-0.15806
15.399,-0.15945
15.409,-0.16085
15.419,-0.16223
15.429,-0.16362
15.439,-0.165
15.449,-0.16638
15.459,-0.16777
15.469,-0.16914
15.479,-0.17052
15.489,-0.17189
15.499,-0.17327
15.51,-0.17464
15.52,-0.17601
15.53,-0.17738
15.54,-0.17876
15.55,-0.18013
15.56,-0.18151
15.57,-0.1829
15.58,-0.1843
15.59,-0.1857
15.6,-0.18712
15.61,-0.18856
15.62,-0.19002
15.63,-0.1915
15.64,-0.19299
15.65,-0.19451
15.66,-0.19605
15.67,-0.19761
15.68,-0.19921
15.69,-0.20084
15.7,-0.20249
15.71,-0.20417
15.72,-0.2059
15.73,-0.20766
15.74,-0.20946
15.75,-0.2113
15.76,-0.2132
15.77,-0.21513
15.78,-0.2171
15.79,-0.21912
15.8,-0.22118
15.81,-0.22329
15.82,-0.22545
15.83,-0.22769
15.84,-0.22998
15.85,-0.2323
15.86,-0.23469
15.87,-0.23714
15.88,-0.23967
15.89,-0.24226
15.901,-0.24492
15.911,-0.24763
15.921,-0.25042
15.931,-0.25328
15.941,-0.25619
15.951,-0.25918
15.961,-0.26226
15.971,-0.26541
15.981,-0.26862
15.991,-0.27191
16.001,-0.27528
16.011,-0.27873
16.021,-0.28226
16.031,-0.28587
16.041,-0.28957
16.051,-0.29334
16.061,-0.2972
16.071,-0.30115
16.081,-0.3052
16.091,-0.30932
16.101,-0.31355
16.111,-0.31787
16.121,-0.32224
16.131,-0.32673
16.141,-0.33135
16.151,-0.33606
16.161,-0.34084
16.171,-0.34572
16.181,-0.35076
16.191,-0.35589
16.201,-0.36108
16.211,-0.36645
16.221,-0.37194
16.231,-0.37756
16.241,-0.38329
16.251,-0.38915
16.261,-0.39518
16.271,-0.40137
16.281,-0.4077
16.292,-0.41415
16.302,-0.42072
16.312,-0.42743
16.322,-0.43429
16.332,-0.44132
16.342,-0.44855
16.352,-0.4559
16.362,-0.46337
16.372,-0.47098
16.382,-0.47875
16.392,-0.48675
16.402,-0.49491
16.412,-0.50321
16.422,-0.51163
16.432,-0.52026
16.442,-0.52909
16.452,-0.53808
16.462,-0.54727
16.472,-0.55667
16.482,-0.56616
16.492,-0.57582
16.502,-0.58567
16.512,-0.59568
16.522,-0.60593
16.532,-0.61633
16.542,-0.62687
16.552,-0.63759
16.562,-0.6484
16.572,-0.65941
16.582,-0.67062
16.592,-0.68191
16.602,-0.69341
16.612,-0.70508
16.622,-0.71685
16.632,-0.72875
16.642,-0.74081
16.652,-0.75306
16.662,-0.76537
16.672,-0.77771
16.683,-0.79019
16.693,-0.80276
16.703,-0.81536
16.713,-0.82799
16.723,-0.8407
16.733,-0.85353
16.743,-0.86636
16.753,-0.8792
16.763,-0.89208
16.773,-0.90491
16.783,-0.91778
16.793,-0.93064
16.803,-0.94354
16.813,-0.95633
16.823,-0.9691
16.833,-0.98179
16.843,-0.99449
16.853,-1.007
16.863,-1.0194
16.873,-1.0315
16.883,-1.0435
16.893,-1.0553
16.903,-1.0669
16.913,-1.0783
16.923,-1.0894
16.933,-1.1002
16.943,-1.1107
16.953,-1.1209
16.963,-1.1309
16.973,-1.1404
16.983,-1.1496
16.993,-1.1583
17.003,-1.1666
17.013,-1.1744
17.023,-1.1817
17.033,-1.1885
17.043,-1.1947
17.053,-1.2003
17.063,-1.2054
17.074,-1.2098
17.084,-1.2135
17.094,-1.2166
17.104,-1.2189
17.114,-1.2206
17.124,-1.2215
17.134,-1.2216
17.144,-1.221
17.154,-1.2195
17.164,-1.2172
17.174,-1.2141
17.184,-1.2101
17.194,-1.2052
17.204,-1.1994
17.214,-1.1928
17.224,-1.1853
17.234,-1.1769
17.244,-1.1675
17.254,-1.1573
17.264,-1.1462
17.274,-1.1343
17.284,-1.1214
17.294,-1.1077
17.304,-1.0933
17.314,-1.0781
17.324,-1.0619
17.334,-1.0448
17.344,-1.027
17.354,-1.0085
17.364,-0.98932
17.374,-0.96934
17.384,-0.94863
17.394,-0.92734
17.404,-0.90542
17.414,-0.88299
17.424,-0.86
17.434,-0.83666
17.444,-0.81298
17.454,-0.78902
17.465,-0.76447
17.475,-0.73954
17.485,-0.71459
17.495,-0.68962
17.505,-0.6642
17.515,-0.63851
17.525,-0.61269
17.535,-0.58692
17.545,-0.56117
17.555,-0.53527
17.565,-0.50923
17.575,-0.48347
17.585,-0.45782
17.595,-0.43222
17.605,-0.4068
17.615,-0.38169
17.625,-0.35701
17.635,-0.33241
17.645,-0.30805
17.655,-0.28385
17.665,-0.26007
17.675,-0.23661
17.685,-0.21334
17.695,-0.19049
17.705,-0.16783
17.715,-0.14557
17.725,-0.12352
17.735,-0.10159
17.745,-0.079888
17.755,-0.058696
17.765,-0.037784
17.775,-0.016974
17.785,0.0037012
17.795,0.024116
17.805,0.044177
17.815,0.064032
17.825,0.083849
17.835,0.10356
17.845,0.12312
17.856,0.1427
17.866,0.16241
17.876,0.18214
17.886,0.20197
17.896,0.2217
17.906,0.24169
17.916,0.26199
17.926,0.28276
17.936,0.30358
17.946,0.32461
17.956,0.34613
17.966,0.36824
17.976,0.39074
17.986,0.41365
17.996,0.437
18.006,0.4609
18.016,0.48541
18.026,0.51034
18.036,0.53592
18.046,0.56224
18.056,0.58924
18.066,0.6168
18.076,0.64527
18.086,0.67441
18.096,0.70445
18.106,0.73518
18.116,0.76672
18.126,0.79888
18.136,0.83209
18.146,0.86649
18.156,0.90142
18.166,0.93685
18.176,0.97327
18.186,1.0105
18.196,1.0489
18.206,1.0873
18.216,1.1265
18.226,1.1662
18.236,1.2068
18.246,1.2477
18.257,1.2894
18.267,1.3312
18.277,1.374
18.287,1.4175
18.297,1.4611
18.307,1.5051
18.317,1.5496
18.327,1.5947
18.337,1.6395
18.347,1.6848
18.357,1.7301
18.367,1.7757
18.377,1.8216
18.387,1.867
18.397,1.9125
18.407,1.9578
18.417,2.0035
18.427,2.0486
18.437,2.0932
18.447,2.1373
18.457,2.1812
18.467,2.2252
18.477,2.268
18.487,2.3108
18.497,2.3532
18.507,2.3953
18.517,2.4366
18.527,2.4769
18.537,2.5165
18.547,2.5552
18.557,2.5934
18.567,2.63
18.577,2.6655
18.587,2.7
18.597,2.7335
18.607,2.7658
18.617,2.7967
18.627,2.8264
18.637,2.8549
18.648,2.8823
18.658,2.9079
18.668,2.9322
18.678,2.9549
18.688,2.9762
18.698,2.996
18.708,3.0141
18.718,3.0307
18.728,3.0458
18.738,3.0593
18.748,3.0711
18.758,3.081
18.768,3.0891
18.778,3.0953
18.788,3.0996
18.798,3.1022
18.808,3.1028
18.818,3.1016
18.828,3.0983
18.838,3.0932
18.848,3.0862
18.858,3.0772
18.868,3.0661
18.878,3.0532
18.888,3.0384
18.898,3.0215
18.908,3.0027
18.918,2.982
18.928,2.9594
18.938,2.935
18.948,2.9085
18.958,2.8805
18.968,2.8511
18.978,2.8203
18.988,2.7876
18.998,2.7535
19.008,2.7173
19.018,2.68
19.028,2.6415
19.039,2.6015
19.049,2.56
19.059,2.5173
19.069,2.4736
19.079,2.4286
19.089,2.3821
19.099,2.3343
19.109,2.2854
19.119,2.2362
19.129,2.1857
19.139,2.1339
19.149,2.0813
19.159,2.0285
19.169,1.9746
19.179,1.9201
19.189,1.8649
19.199,1.809
19.209,1.7527
19.219,1.6957
19.229,1.6386
19.239,1.5806
19.249,1.5224
19.259,1.464
19.269,1.4054
19.279,1.346
19.289,1.2867
19.299,1.2278
19.309,1.1685
19.319,1.1091
19.329,1.0503
19.339,0.99161
19.349,0.93273
19.359,0.87465
19.369,0.81696
19.379,0.75994
19.389,0.70311
19.399,0.64623
19.409,0.59014
19.419,0.53482
19.43,0.4801
19.44,0.42638
19.45,0.37259
19.46,0.31945
19.47,0.26754
19.48,0.21635
19.49,0.16571
19.5,0.11586
19.51,0.067312
19.52,0.019512
19.53,-0.027417
19.54,-0.073108
19.55,-0.11758
19.56,-0.16103
19.57,-0.20385
19.58,-0.24545
19.59,-0.28584
19.6,-0.3252
19.61,-0.36353
19.62,-0.40053
19.63,-0.43664
19.64,-0.47165
19.65,-0.50555
19.66,-0.53812
19.67,-0.56937
19.68,-0.59977
19.69,-0.62915
19.7,-0.65706
19.71,-0.68375
19.72,-0.70949
19.73,-0.73374
19.74,-0.757
19.75,-0.77885
19.76,-0.79965
19.77,-0.81944
19.78,-0.83777
19.79,-0.85504
19.8,-0.87123
19.81,-0.88641
19.821,-0.90053
19.831,-0.9134
19.841,-0.92519
19.851,-0.93599
19.861,-0.94592
19.871,-0.95473
19.881,-0.96263
19.891,-0.96959
19.901,-0.9756
19.911,-0.98071
19.921,-0.98495
19.931,-0.98834
19.941,-0.99093
19.951,-0.9927
19.961,-0.99365
19.971,-0.99386
19.981,-0.99332
19.991,-0.99207
20.001,-0.99011
20.011,-0.98747
20.021,-0.98423
20.031,-0.98033
20.041,-0.97577
20.051,-0.97061
20.061,-0.96494
20.071,-0.95872
20.081,-0.95197
20.091,-0.94472
20.101,-0.93703
20.111,-0.92887
20.121,-0.92026
20.131,-0.91127
20.141,-0.90199
20.151,-0.89233
20.161,-0.88233
20.171,-0.87198
20.181,-0.86143
20.191,-0.85065
20.201,-0.8397
20.212,-0.82848
20.222,-0.81708
20.232,-0.80544
20.242,-0.79363
20.252,-0.78171
20.262,-0.76958
20.272,-0.75734
20.282,-0.74498
20.292,-0.73262
20.302,-0.72022
20.312,-0.70764
20.322,-0.69522
20.332,-0.68281
20.342,-0.67047
20.352,-0.65808
20.362,-0.64572
20.372,-0.63347
20.382,-0.62128
20.392,-0.60926
20.402,-0.59737
20.412,-0.58556
20.422,-0.57387
20.432,-0.56231
20.442,-0.55095
20.452,-0.53973
20.462,-0.52863
20.472,-0.51772
20.482,-0.50705
20.492,-0.49657
20.502,-0.48634
20.512,-0.47628
20.522,-0.46651
20.532,-0.45707
20.542,-0.44784
20.552,-0.43894
20.562,-0.43027
20.572,-0.42201
20.582,-0.41409
20.592,-0.40637
20.603,-0.39894
20.613,-0.3919
20.623,-0.38521
20.633,-0.37879
20.643,-0.37263
20.653,-0.36687
20.663,-0.36149
20.673,-0.35641
20.683,-0.35162
20.693,-0.34722
20.703,-0.34315
20.713,-0.33946
20.723,-0.33609
20.733,-0.33309
20.743,-0.33044
20.753,-0.32814
20.763,-0.32616
20.773,-0.32451
20.783,-0.3232
20.793,-0.3222
20.803,-0.32153
20.813,-0.32116
20.823,-0.32111
20.833,-0.32135
20.843,-0.32188
20.853,-0.32271
20.863,-0.3238
20.873,-0.32517
20.883,-0.32679
20.893,-0.32866
20.903,-0.33078
20.913,-0.33314
20.923,-0.33572
20.933,-0.3385
20.943,-0.34145
20.953,-0.34458
20.963,-0.3479
20.973,-0.35138
20.983,-0.35498
20.994,-0.35872
21.004,-0.36263
21.014,-0.36665
21.024,-0.37071
21.034,-0.37485
21.044,-0.37905
21.054,-0.38333
21.064,-0.38767
21.074,-0.39204
21.084,-0.39641
21.094,-0.40081
21.104,-0.40522
21.114,-0.40962
21.124,-0.41394
21.134,-0.4182
21.144,-0.42237
21.154,-0.42645
21.164,-0.43043
21.174,-0.4343
21.184,-0.43805
21.194,-0.4417
21.204,-0.44521
21.214,-0.44856
21.224,-0.45175
21.234,-0.45478
21.244,-0.45764
21.254,-0.46035
21.264,-0.46286
21.274,-0.46517
21.284,-0.46731
21.294,-0.46926
21.304,-0.47099
21.314,-0.47252
21.324,-0.47385
21.334,-0.47497
21.344,-0.47588
21.354,-0.47658
21.364,-0.47706
21.374,-0.4773
21.384,-0.47735
21.395,-0.47719
21.405,-0.47684
21.415,-0.47627
21.425,-0.4755
21.435,-0.47453
21.445,-0.47337
21.455,-0.472
21.465,-0.47046
21.475,-0.46874
21.485,-0.46684
21.495,-0.46476
21.505,-0.46253
21.515,-0.46014
21.525,-0.45759
21.535,-0.45488
21.545,-0.45203
21.555,-0.44906
21.565,-0.44597
21.575,-0.44278
21.585,-0.43947
21.595,-0.43607
21.605,-0.43256
21.615,-0.42897
21.625,-0.42526
21.635,-0.42149
21.645,-0.41766
21.655,-0.41373
21.665,-0.40973
21.675,-0.40564
21.685,-0.40153
21.695,-0.39738
21.705,-0.39313
21.715,-0.38881
21.725,-0.38447
21.735,-0.38015
21.745,-0.37577
21.755,-0.37132
21.765,-0.36683
21.775,-0.36231
21.786,-0.35778
21.796,-0.35321
21.806,-0.34863
21.816,-0.34404
21.826,-0.3394
21.836,-0.33471
21.846,-0.32998
21.856,-0.32525
21.866,-0.32047
21.876,-0.31567
21.886,-0.31083
21.896,-0.306
21.906,-0.30115
21.916,-0.29627
21.926,-0.29139
21.936,-0.28651
21.946,-0.28159
21.956,-0.27665
21.966,-0.27173
21.976,-0.26679
21.986,-0.26187
21.996,-0.25698
22.006,-0.25207
22.016,-0.24717
22.026,-0.24228
22.036,-0.2374
22.046,-0.2325
22.056,-0.22762
22.066,-0.22275
22.076,-0.21789
22.086,-0.21303
22.096,-0.20822
22.106,-0.20346
22.116,-0.19876
22.126,-0.19408
22.136,-0.18946
22.146,-0.18488
22.156,-0.18035
22.166,-0.17591
22.177,-0.17155
22.187,-0.16725
22.197,-0.16303
22.207,-0.15887
22.217,-0.15482
22.227,-0.15087
22.237,-0.14698
22.247,-0.14321
22.257,-0.13953
22.267,-0.13597
22.277,-0.13251
22.287,-0.12913
22.297,-0.12588
22.307,-0.12274
22.317,-0.11971
22.327,-0.11682
22.337,-0.11404
22.347,-0.11137
22.357,-0.10884
22.367,-0.10641
22.377,-0.10411
22.387,-0.10192
22.397,-0.099849
22.407,-0.097917
22.417,-0.096089
22.427,-0.094348
22.437,-0.092735
22.447,-0.091239
22.457,-0.089838
22.467,-0.08853
22.477,-0.087319
22.487,-0.086206
22.497,-0.085181
22.507,-0.084242
22.517,-0.083383
22.527,-0.082596
22.537,-0.081884
22.547,-0.081241
22.557,-0.080662
22.568,-0.080144
22.578,-0.079669
22.588,-0.079237
22.598,-0.078846
22.608,-0.078482
22.618,-0.078148
22.628,-0.077828
22.638,-0.077528
22.648,-0.077241
22.658,-0.076955
22.668,-0.076671
22.678,-0.076378
22.688,-0.076074
22.698,-0.075756
22.708,-0.075413
22.718,-0.075055
22.728,-0.074674
22.738,-0.074263
22.748,-0.07382
22.758,-0.073341
22.768,-0.072815
22.778,-0.072232
22.788,-0.07161
22.798,-0.070935
22.808,-0.070209
22.818,-0.06942
22.828,-0.068579
22.838,-0.06768
22.848,-0.066709
22.858,-0.065667
22.868,-0.064566
22.878,-0.063403
22.888,-0.062173
22.898,-0.060873
22.908,-0.059512
22.918,-0.058084
22.928,-0.056592
22.938,-0.05503
22.948,-0.053398
22.959,-0.051703
22.969,-0.049943
22.979,-0.048127
22.989,-0.046236
22.999,-0.044287
23.009,-0.042286
23.019,-0.040214
23.029,-0.038085
23.039,-0.035921
23.049,-0.033705
23.059,-0.031442
23.069,-0.029114
23.079,-0.026749
23.089,-0.024349
23.099,-0.021911
23.109,-0.01945
23.119,-0.01695
23.129,-0.014414
23.139,-0.011857
23.149,-0.0092625
23.159,-0.0066537
23.169,-0.0040451
23.179,-0.0014398
23.189,0.0011579
23.199,0.0037899
23.209,0.0064174
23.219,0.0090125
23.229,0.011581
23.239,0.014143
23.249,0.016667
23.259,0.019167
23.269,0.021647
23.279,0.024085
23.289,0.026478
23.299,0.028824
23.309,0.03114
23.319,0.033412
23.329,0.03563
23.339,0.03778
23.35,0.039884
23.36,0.041921
23.37,0.04389
23.38,0.045785
23.39,0.047605
23.4,0.049345
23.41,0.050991
23.42,0.052546
23.43,0.054012
23.44,0.055392
23.45,0.056671
23.46,0.057853
23.47,0.058935
23.48,0.059913
23.49,0.060793
23.5,0.061562
23.51,0.062214
23.52,0.06276
23.53,0.06319
23.54,0.063492
23.55,0.063683
23.56,0.063768
23.57,0.063734
23.58,0.063579
23.59,0.063301
23.6,0.062905
23.61,0.062397
23.62,0.061762
23.63,0.061007
23.64,0.060132
23.65,0.059124
23.66,0.058004
23.67,0.056782
23.68,0.055433
23.69,0.053961
23.7,0.052373
23.71,0.050668
23.72,0.048863
23.73,0.046939
23.741,0.044892
23.751,0.042737
23.761,0.040473
23.771,0.038102
23.781,0.035619
23.791,0.033056
23.801,0.030385
23.811,0.02761
23.821,0.024735
23.831,0.021814
23.841,0.018818
23.851,0.015743
23.861,0.012577
23.871,0.0093387
23.881,0.0060527
23.891,0.0027138
23.901,-0.00071597
23.911,-0.0042107
23.921,-0.0077343
23.931,-0.011314
23.941,-0.014922
23.951,-0.018574
23.961,-0.022264
23.971,-0.026006
23.981,-0.029779
23.991,-0.033566
24.001,-0.037372
24.011,-0.041184
24.021,-0.045013
24.031,-0.048832
24.041,-0.052622
24.051,-0.056399
24.061,-0.060191
24.071,-0.063973
24.081,-0.067723
24.091,-0.071422
24.101,-0.075109
24.111,-0.078776
24.121,-0.082389
24.131,-0.085949
24.142,-0.089457
24.152,-0.092935
24.162,-0.09637
24.172,-0.099721
24.182,-0.103
24.192,-0.10625
24.202,-0.10943
24.212,-0.11253
24.222,-0.11556
24.232,-0.11851
24.242,-0.12139
24.252,-0.12418
24.262,-0.1269
24.272,-0.12953
24.282,-0.13208
24.292,-0.13455
24.302,-0.13693
24.312,-0.13923
24.322,-0.14143
24.332,-0.14356
24.342,-0.14562
24.352,-0.14759
24.362,-0.14948
24.372,-0.15129
24.382,-0.15301
24.392,-0.15464
24.402,-0.15619
24.412,-0.15768
24.422,-0.15909
24.432,-0.16041
24.442,-0.16165
24.452,-0.16281
24.462,-0.1639
24.472,-0.16492
24.482,-0.16585
24.492,-0.16671
24.502,-0.16751
24.512,-0.16824
24.522,-0.1689
24.533,-0.16949
24.543,-0.17003
24.553,-0.1705
24.563,-0.17091
24.573,-0.17127
24.583,-0.17156
24.593,-0.1718
24.603,-0.17199
24.613,-0.17213
24.623,-0.17223
24.633,-0.17228
24.643,-0.17228
24.653,-0.17224
24.663,-0.17216
24.673,-0.17203
24.683,-0.17186
24.693,-0.17165
24.703,-0.1714
24.713,-0.17111
24.723,-0.17077
24.733,-0.17039
24.743,-0.16998
24.753,-0.16953
24.763,-0.16904
24.773,-0.1685
24.783,-0.16794
24.793,-0.16734
24.803,-0.16672
24.813,-0.16605
24.823,-0.16536
24.833,-0.16463
24.843,-0.16388
24.853,-0.16309
24.863,-0.16229
24.873,-0.16145
24.883,-0.16059
24.893,-0.1597
24.903,-0.15878
24.913,-0.15785
24.924,-0.15689
24.934,-0.1559
24.944,-0.15489
24.954,-0.15387
24.964,-0.15283
24.974,-0.15176
24.984,-0.15067
24.994,-0.14957
25.004,-0.14846
25.014,-0.14732
25.024,-0.14618
25.034,-0.14502
25.044,-0.14386
25.054,-0.14268
25.064,-0.1415
25.074,-0.14032
25.084,-0.13915
25.094,-0.13798
25.104,-0.13682
25.114,-0.13567
25.124,-0.13452
25.134,-0.13339
25.144,-0.13225
25.154,-0.13113
25.164,-0.13002
25.174,-0.12894
25.184,-0.12788
25.194,-0.12685
25.204,-0.12583
25.214,-0.12483
25.224,-0.12385
25.234,-0.12292
25.244,-0.12201
25.254,-0.12114
25.264,-0.12029
25.274,-0.11949
25.284,-0.11873
25.294,-0.11799
25.304,-0.11729
25.315,-0.11664
25.325,-0.11601
25.335,-0.11542
25.345,-0.11487
25.355,-0.11437
25.365,-0.1139
25.375,-0.11348
25.385,-0.11309
25.395,-0.11274
25.405,-0.11243
25.415,-0.11215
25.425,-0.11192
25.435,-0.11172
25.445,-0.11156
25.455,-0.11144
25.465,-0.11136
25.475,-0.1113
25.485,-0.11127
25.495,-0.11127
25.505,-0.11131
25.515,-0.11137
25.525,-0.11145
25.535,-0.11156
25.545,-0.1117
25.555,-0.11186
25.565,-0.11202
25.575,-0.1122
25.585,-0.11239
25.595,-0.11259
25.605,-0.11279
25.615,-0.11301
25.625,-0.11322
25.635,-0.11343
25.645,-0.11363
25.655,-0.11383
25.665,-0.11402
25.675,-0.11419
25.685,-0.11434
25.695,-0.11447
25.706,-0.11459
25.716,-0.11468
25.726,-0.11475
25.736,-0.1148
25.746,-0.11482
25.756,-0.1148
25.766,-0.11475
25.776,-0.11467
25.786,-0.11456
25.796,-0.1144
25.806,-0.11421
25.816,-0.11396
25.826,-0.11368
25.836,-0.11335
25.846,-0.11297
25.856,-0.11255
25.866,-0.11208
25.876,-0.11157
25.886,-0.111
25.896,-0.11038
25.906,-0.1097
25.916,-0.10898
25.926,-0.1082
25.936,-0.10737
25.946,-0.1065
25.956,-0.10556
25.966,-0.10457
25.976,-0.10352
25.986,-0.10243
25.996,-0.10129
26.006,-0.10011
26.016,-0.098867
26.026,-0.097588
26.036,-0.096269
26.046,-0.094907
26.056,-0.093506
26.066,-0.092067
26.076,-0.090584
26.086,-0.089058
26.097,-0.087518
26.107,-0.085955
26.117,-0.084368
26.127,-0.082737
26.137,-0.081085
26.147,-0.079407
26.157,-0.077704
26.167,-0.075986
26.177,-0.074254
26.187,-0.072507
26.197,-0.070751
26.207,-0.068985
26.217,-0.067227
26.227,-0.065472
26.237,-0.063704
26.247,-0.061957
26.257,-0.060214
26.267,-0.05847
26.277,-0.05675
26.287,-0.055049
26.297,-0.053371
26.307,-0.051713
26.317,-0.050085
26.327,-0.048496
26.337,-0.046949
26.347,-0.045428
26.357,-0.043954
26.367,-0.042523
26.377,-0.041123
26.387,-0.039767
26.397,-0.038458
26.407,-0.037188
26.417,-0.035959
26.427,-0.03478
26.437,-0.033652
26.447,-0.032587
26.457,-0.031566
26.467,-0.030599
26.477,-0.029694
26.488,-0.028834
26.498,-0.028033
26.508,-0.02729
26.518,-0.026608
26.528,-0.025984
26.538,-0.025421
26.548,-0.02491
26.558,-0.024457
26.568,-0.024064
26.578,-0.023724
26.588,-0.023435
26.598,-0.023204
26.608,-0.023026
26.618,-0.022895
26.628,-0.022822
26.638,-0.022792
26.648,-0.02281
26.658,-0.022872
26.668,-0.022977
26.678,-0.02313
26.688,-0.023322
26.698,-0.023544
26.708,-0.0238
26.718,-0.02409
26.728,-0.02441
26.738,-0.024763
26.748,-0.025138
26.758,-0.025528
26.768,-0.025944
26.778,-0.026382
26.788,-0.026829
26.798,-0.027281
26.808,-0.027739
26.818,-0.028213
26.828,-0.028695
26.838,-0.029169
26.848,-0.029633
26.858,-0.030092
26.868,-0.030536
26.878,-0.030973
26.889,-0.031392
26.899,-0.031789
26.909,-0.032169
26.919,-0.032523
26.929,-0.032847
26.939,-0.033147
26.949,-0.033425
26.959,-0.033669
26.969,-0.033876
26.979,-0.034041
26.989,-0.034169
26.999,-0.03426
27.009,-0.03431
27.019,-0.034315
27.029,-0.034278
27.039,-0.034192
27.049,-0.034063
27.059,-0.033881
27.069,-0.033654
27.079,-0.033384
27.089,-0.033067
27.099,-0.032695
27.109,-0.032273
27.119,-0.031809
27.129,-0.031304
27.139,-0.030762
27.149,-0.030176
27.159,-0.029546
27.169,-0.028875
27.179,-0.028169
27.189,-0.027421
27.199,-0.026632
27.209,-0.025815
27.219,-0.02496
27.229,-0.024069
27.239,-0.02314
27.249,-0.022177
27.259,-0.021191
27.269,-0.020189
27.28,-0.019154
27.29,-0.018104
27.3,-0.017033
27.31,-0.015943
27.32,-0.014839
27.33,-0.013725
27.34,-0.012611
27.35,-0.011489
27.36,-0.010353
27.37,-0.0092149
27.38,-0.0080791
27.39,-0.0069431
27.4,-0.0058074
27.41,-0.0046706
27.42,-0.0035486
27.43,-0.0024412
27.44,-0.0013468
27.45,-0.00024847
27.46,0.00083936
27.47,0.001901
27.48,0.0029352
27.49,0.0039501
27.5,0.0049488
27.51,0.0059263
27.52,0.0068723
27.53,0.0077925
27.54,0.008697
27.55,0.0095685
27.56,0.01041
27.57,0.011233
27.58,0.012024
27.59,0.012788
27.6,0.013523
27.61,0.014227
27.62,0.014903
27.63,0.015548
27.64,0.016158
27.65,0.016742
27.66,0.017302
27.671,0.017829
27.681,0.018335
27.691,0.018814
27.701,0.019263
27.711,0.019682
27.721,0.020083
27.731,0.020464
27.741,0.020834
27.751,0.021178
27.761,0.021496
27.771,0.021796
27.781,0.022079
27.791,0.022349
27.801,0.022617
27.811,0.02287
27.821,0.023112
27.831,0.023339
27.841,0.023555
27.851,0.023766
27.861,0.02397
27.871,0.024178
27.881,0.024384
27.891,0.024583
27.901,0.02478
27.911,0.024979
27.921,0.025175
27.931,0.025379
27.941,0.02559
27.951,0.025808
27.961,0.026027
27.971,0.026259
27.981,0.026497
27.991,0.026738
28.001,0.026981
28.011,0.027231
28.021,0.027499
28.031,0.027774
28.041,0.028061
28.051,0.028352
28.062,0.028644
28.072,0.028944
28.082,0.02925
28.092,0.029568
28.102,0.029901
28.112,0.030239
28.122,0.03059
28.132,0.030949
28.142,0.031311
28.152,0.031681
28.162,0.032055
28.172,0.03243
28.182,0.032815
28.192,0.033212
28.202,0.033614
28.212,0.034013
28.222,0.034414
28.232,0.034818
28.242,0.035231
28.252,0.035629
28.262,0.036015
28.272,0.036401
28.282,0.036793
28.292,0.037182
28.302,0.037557
28.312,0.037924
28.322,0.038286
28.332,0.038635
28.342,0.038971
28.352,0.039299
28.362,0.039618
28.372,0.039925
28.382,0.040205
28.392,0.04047
28.402,0.040724
28.412,0.040956
28.422,0.041174
28.432,0.041367
28.442,0.041539
28.453,0.041692
28.463,0.041819
28.473,0.041918
28.483,0.041995
28.493,0.042048
28.503,0.042084
28.513,0.042095
28.523,0.04208
28.533,0.042035
28.543,0.041965
28.553,0.04186
28.563,0.041724
28.573,0.041563
28.583,0.041371
28.593,0.041155
28.603,0.040912
28.613,0.040636
28.623,0.040331
28.633,0.039998
28.643,0.039623
28.653,0.039216
28.663,0.038773
28.673,0.038304
28.683,0.037812
28.693,0.037289
28.703,0.03674
28.713,0.03616
28.723,0.035555
28.733,0.034922
28.743,0.034266
28.753,0.033587
28.763,0.032893
28.773,0.032177
28.783,0.031442
28.793,0.030701
28.803,0.029945
28.813,0.02917
28.823,0.028375
28.833,0.027565
28.844,0.026743
28.854,0.025907
28.864,0.025053
28.874,0.024199
28.884,0.023355
28.894,0.022499
28.904,0.021634
28.914,0.02078
28.924,0.019922
28.934,0.01906
28.944,0.018201
28.954,0.017352
28.964,0.016517
28.974,0.015678
28.984,0.014833
28.994,0.014001
29.004,0.013175
29.014,0.012363
29.024,0.011555
29.034,0.010756
29.044,0.0099736
29.054,0.0091968
29.064,0.0084304
29.074,0.0076777
29.084,0.0069411
29.094,0.0062255
29.104,0.0055233
29.114,0.004828
29.124,0.0041509
29.134,0.0034851
29.144,0.0028323
29.154,0.0021904
29.164,0.0015595
29.174,0.0009462
29.184,0.00034146
29.194,-0.00025556
29.204,-0.00084265
29.214,-0.001419
29.224,-0.0019969
29.235,-0.0025732
29.245,-0.0031457
29.255,-0.0037169
29.265,-0.0042971
29.275,-0.0048791
29.285,-0.0054611
29.295,-0.0060429
29.305,-0.0066327
29.315,-0.0072295
29.325,-0.0078194
29.335,-0.008412
29.345,-0.0090137
29.355,-0.0096245
29.365,-0.010243
29.375,-0.010869
29.385,-0.011508
29.395,-0.012161
29.405,-0.012825
29.415,-0.013496
29.425,-0.014183
29.435,-0.014884
29.445,-0.01559
29.455,-0.016298
29.465,-0.017022
29.475,-0.017764
29.485,-0.018502
29.495,-0.019237
29.505,-0.019984
29.515,-0.020738
29.525,-0.021499
29.535,-0.022249
29.545,-0.022993
29.555,-0.023732
29.565,-0.02446
29.575,-0.025182
29.585,-0.025894
29.595,-0.026583
29.605,-0.027242
29.615,-0.027886
29.625,-0.02851
29.636,-0.029107
29.646,-0.029671
29.656,-0.030196
29.666,-0.030683
29.676,-0.031128
29.686,-0.031531
29.696,-0.031891
29.706,-0.032199
29.716,-0.032457
29.726,-0.032659
29.736,-0.032802
29.746,-0.032874
29.756,-0.032879
29.766,-0.032813
29.776,-0.032675
29.786,-0.032471
29.796,-0.032195
29.806,-0.031844
29.816,-0.03142
29.826,-0.030915
29.836,-0.030337
29.846,-0.029669
29.856,-0.02889
29.866,-0.028034
29.876,-0.027087
29.886,-0.026031
29.896,-0.024892
29.906,-0.023683
29.916,-0.022412
29.926,-0.021051
29.936,-0.01967
29.946,-0.018205
29.956,-0.016681
29.966,-0.015164
29.976,-0.013635
29.986,-0.01212
29.996,-0.010587
30.006,-0.0090554
30.016,-0.0075208
30.027,-0.0059775
30.037,-0.0044384
30.047,-0.0028797
30.057,-0.0013352
30.067,0.00020983
30.077,0.0017684
30.087,0.0033183
30.097,0.0048543
30.107,0.0063702
30.117,0.0078632
30.127,0.0093392
30.137,0.010809
30.147,0.012254
30.157,0.013678
30.167,0.015076
30.177,0.016464
30.187,0.017834
30.197,0.019168
30.207,0.020476
30.217,0.021752
30.227,0.022991
30.237,0.024187
30.247,0.025348
30.257,0.026461
30.267,0.027527
30.277,0.028552
30.287,0.029536
30.297,0.030458
30.307,0.031322
30.317,0.032131
30.327,0.032885
30.337,0.033589
30.347,0.034235
30.357,0.034833
30.367,0.035378
30.377,0.035869
30.387,0.036297
30.397,0.036656
30.407,0.03697
30.418,0.037237
30.428,0.037451
30.438,0.037608
30.448,0.037712
30.458,0.037772
30.468,0.03778
30.478,0.037742
30.488,0.037665
30.498,0.037549
30.508,0.037401
30.518,0.037221
30.528,0.037005
30.538,0.036763
30.548,0.03649
30.558,0.036193
30.568,0.035872
30.578,0.035526
30.588,0.035167
30.598,0.034797
30.608,0.034408
30.618,0.03401
30.628,0.033604
30.638,0.033195
30.648,0.032778
30.658,0.032351
30.668,0.031924
30.678,0.0315
30.688,0.03107
30.698,0.030641
30.708,0.030211
30.718,0.02978
30.728,0.029348
30.738,0.028923
30.748,0.0285
30.758,0.028081
30.768,0.027665
30.778,0.027255
30.788,0.026857
30.798,0.026464
30.809,0.026083
30.819,0.025696
30.829,0.025306
30.839,0.024922
30.849,0.024545
30.859,0.024166
30.869,0.023789
30.879,0.023409
30.889,0.023033
30.899,0.022658
30.909,0.022281
30.919,0.02191
30.929,0.021545
30.939,0.021176
30.949,0.020807
30.959,0.020432
30.969,0.020051
30.979,0.019668
30.989,0.019276
30.999,0.018884
31.009,0.018491
31.019,0.018085
31.029,0.017671
31.039,0.017251
31.049,0.016818
31.059,0.016379
31.069,0.015936
31.079,0.015486
31.089,0.015026
31.099,0.014553
31.109,0.014072
31.119,0.013583
31.129,0.013089
31.139,0.012589
31.149,0.012078
31.159,0.011563
31.169,0.011033
31.179,0.010489
31.189,0.0099405
31.2,0.0093894
31.21,0.0088317
31.22,0.0082681
31.23,0.0076898
31.24,0.0071002
31.25,0.0065102
31.26,0.005922
31.27,0.0053316
31.28,0.0047367
31.29,0.0041383
31.3,0.0035421
31.31,0.0029381
31.32,0.0023462
31.33,0.0017619
31.34,0.0011809
31.35,0.00060844
31.36,4.5378e-005
31.37,-0.00050394
31.38,-0.0010455
31.39,-0.0015731
31.4,-0.0020936
31.41,-0.0025878
31.42,-0.0030515
31.43,-0.0034952
31.44,-0.0039185
31.45,-0.0043181
31.46,-0.0046851
31.47,-0.0050149
31.48,-0.0053176
31.49,-0.0055825
31.5,-0.0058095
31.51,-0.0060057
31.52,-0.0061676
31.53,-0.0062898
31.54,-0.0063697
31.55,-0.0064041
31.56,-0.006399
31.57,-0.006352
31.58,-0.0062631
31.591,-0.0061397
31.601,-0.0059667
31.611,-0.0057495
31.621,-0.0054898
31.631,-0.0051789
31.641,-0.0048218
31.651,-0.0044254
31.661,-0.0039887
31.671,-0.0035106
31.681,-0.0029916
31.691,-0.0024282
31.701,-0.0018142
31.711,-0.0011622
31.721,-0.0004815
31.731,0.00023385
31.741,0.00097612
31.751,0.0017431
31.761,0.002539
31.771,0.0033581
31.781,0.0042031
31.791,0.0050669
31.801,0.0059423
31.811,0.0068414
31.821,0.0077559
31.831,0.0086724
31.841,0.0095922
31.851,0.010521
31.861,0.011453
31.871,0.01238
31.881,0.013299
31.891,0.014205
31.901,0.015093
31.911,0.01597
31.921,0.016832
31.931,0.01768
31.941,0.018498
31.951,0.019285
31.961,0.02005
31.971,0.020794
31.982,0.021494
31.992,0.022158
32.002,0.022791
32.012,0.023396
32.022,0.023969
32.032,0.024505
32.042,0.025005
32.052,0.025453
32.062,0.025873
32.072,0.026256
32.082,0.026596
32.092,0.026893
32.102,0.027143
32.112,0.027353
32.122,0.027526
32.132,0.027668
32.142,0.027783
32.152,0.027859
32.162,0.027897
32.172,0.027906
32.182,0.027887
32.192,0.02784
32.202,0.027772
32.212,0.027687
32.222,0.02759
32.232,0.027477
32.242,0.02734
32.252,0.027189
32.262,0.027023
32.272,0.026846
32.282,0.026664
32.292,0.026478
32.302,0.02628
32.312,0.026084
32.322,0.025891
32.332,0.025703
32.342,0.025514
32.352,0.025328
32.362,0.025154
32.372,0.024993
32.383,0.024847
32.393,0.024711
32.403,0.024591
32.413,0.024484
32.423,0.024399
32.433,0.024332
32.443,0.024283
32.453,0.024262
32.463,0.024254
32.473,0.024259
32.483,0.024287
32.493,0.024339
32.503,0.024408
32.513,0.024491
32.523,0.024603
32.533,0.024725
32.543,0.024856
32.553,0.025008
32.563,0.025185
32.573,0.025378
32.583,0.025582
32.593,0.025806
32.603,0.026046
32.613,0.026295
32.623,0.02656
32.633,0.026838
32.643,0.027119
32.653,0.027396
32.663,0.027682
32.673,0.027974
32.683,0.028272
32.693,0.028571
32.703,0.028864
32.713,0.029153
32.723,0.029444
32.733,0.029732
32.743,0.030011
32.753,0.030282
32.763,0.030546
32.774,0.0308
32.784,0.031035
32.794,0.031252
32.804,0.031458
32.814,0.031646
32.824,0.031823
32.834,0.031982
32.844,0.03212
32.854,0.032244
32.864,0.032345
32.874,0.032422
32.884,0.032472
32.894,0.032503
32.904,0.032503
32.914,0.03247
32.924,0.032407
32.934,0.032311
32.944,0.032189
32.954,0.032038
32.964,0.031862
32.974,0.031655
32.984,0.031418
32.994,0.031151
33.004,0.030857
33.014,0.030529
33.024,0.030161
33.034,0.029761
33.044,0.029335
33.054,0.028882
33.064,0.028401
33.074,0.027887
33.084,0.027342
33.094,0.02677
33.104,0.026173
33.114,0.025559
33.124,0.024913
33.134,0.024249
33.144,0.023577
33.154,0.02289
33.165,0.022188
33.175,0.021474
33.185,0.020757
33.195,0.020046
33.205,0.019337
33.215,0.018634
33.225,0.017947
33.235,0.017276
33.245,0.016617
33.255,0.015982
33.265,0.015368
33.275,0.014782
33.285,0.014229
33.295,0.013697
33.305,0.013199
33.315,0.012745
33.325,0.012336
33.335,0.011973
33.345,0.011645
33.355,0.011372
33.365,0.011147
33.375,0.010977
33.385,0.010852
33.395,0.010786
33.405,0.010774
33.415,0.010817
33.425,0.01092
33.435,0.011085
33.445,0.011306
33.455,0.011575
33.465,0.011908
33.475,0.0123
33.485,0.012747
33.495,0.013244
33.505,0.013799
33.515,0.014401
33.525,0.015049
33.535,0.01574
33.545,0.01648
33.556,0.017261
33.566,0.018076
33.576,0.018927
33.586,0.019815
33.596,0.020732
33.606,0.021674
33.616,0.022636
33.626,0.02361
33.636,0.024597
33.646,0.025591
33.656,0.02659
33.666,0.027593
33.676,0.028583
33.686,0.029564
33.696,0.030525
33.706,0.031468
33.716,0.032392
33.726,0.033283
33.736,0.034157
33.746,0.034996
33.756,0.035792
33.766,0.036549
33.776,0.037263
33.786,0.037935
33.796,0.038569
33.806,0.039144
33.816,0.03967
33.826,0.040143
33.836,0.040573
33.846,0.04095
33.856,0.041274
33.866,0.041554
33.876,0.041782
33.886,0.041959
33.896,0.042081
33.906,0.042155
33.916,0.042182
33.926,0.042166
33.936,0.042104
33.947,0.041995
33.957,0.041841
33.967,0.04164
33.977,0.041399
33.987,0.041128
33.997,0.040829
34.007,0.040508
34.017,0.040153
34.027,0.03977
34.037,0.039371
34.047,0.03896
34.057,0.038533
34.067,0.038101
34.077,0.03767
34.087,0.037246
34.097,0.036822
34.107,0.036393
34.117,0.035968
34.127,0.035554
34.137,0.035148
34.147,0.03475
34.157,0.034374
34.167,0.034015
34.177,0.033677
34.187,0.033356
34.197,0.033061
34.207,0.032787
34.217,0.032539
34.227,0.032317
34.237,0.032122
34.247,0.031954
34.257,0.031812
34.267,0.031699
34.277,0.031611
34.287,0.031546
34.297,0.031499
34.307,0.031484
34.317,0.031491
34.327,0.031511
34.338,0.031551
34.348,0.031611
34.358,0.031685
34.368,0.031766
34.378,0.031861
34.388,0.031969
34.398,0.032077
34.408,0.03219
34.418,0.032304
34.428,0.032413
34.438,0.032525
34.448,0.032628
34.458,0.032717
34.468,0.032794
34.478,0.03286
34.488,0.032905
34.498,0.03293
34.508,0.032924
34.518,0.032902
34.528,0.032853
34.538,0.032781
34.548,0.032684
34.558,0.032552
34.568,0.032381
34.578,0.032183
34.588,0.031953
34.598,0.031694
34.608,0.03139
34.618,0.03105
34.628,0.030674
34.638,0.030263
34.648,0.029808
34.658,0.029313
34.668,0.02878
34.678,0.028212
34.688,0.027602
34.698,0.026954
34.708,0.026271
34.718,0.025551
34.729,0.0248
34.739,0.02402
34.749,0.023192
34.759,0.022336
34.769,0.021471
34.779,0.020584
34.789,0.019662
34.799,0.018722
34.809,0.017764
34.819,0.016806
34.829,0.015836
34.839,0.014853
34.849,0.013866
34.859,0.01286
34.869,0.011847
34.879,0.010845
34.889,0.0098518
34.899,0.0088724
34.909,0.0079013
34.919,0.0069427
34.929,0.0060044
34.939,0.0050924
34.949,0.004207
34.959,0.00336
34.969,0.0025433
34.979,0.0017617
34.989,0.0010253
34.999,0.00033733
35.009,-0.00030374
35.019,-0.00089441
35.029,-0.0014267
35.039,-0.0019058
35.049,-0.0023292
35.059,-0.0026889
35.069,-0.0029947
35.079,-0.003233
35.089,-0.0034106
35.099,-0.0035204
35.109,-0.0035661
35.119,-0.0035465
35.13,-0.0034551
35.14,-0.0032955
35.15,-0.003062
35.16,-0.0027439
35.17,-0.0023513
35.18,-0.0018849
35.19,-0.0013551
35.2,-0.00074751
35.21,-6.9171e-005
35.22,0.00067718
35.23,0.001491
35.24,0.0023726
35.25,0.0033283
35.26,0.0043458
35.27,0.0054146
35.28,0.0065422
35.29,0.0077271
35.3,0.0089768
35.31,0.010273
35.32,0.011626
35.33,0.013032
35.34,0.014469
35.35,0.015935
35.36,0.017441
35.37,0.018983
35.38,0.020541
35.39,0.022124
35.4,0.023725
35.41,0.025346
35.42,0.026976
35.43,0.028648
35.44,0.030319
35.45,0.031982
35.46,0.033647
35.47,0.035323
35.48,0.036988
35.49,0.03862
35.5,0.040236
35.51,0.041846
35.521,0.043425
35.531,0.044979
35.541,0.046495
35.551,0.047977
35.561,0.049425
35.571,0.050824
35.581,0.052177
35.591,0.053492
35.601,0.054758
35.611,0.055972
35.621,0.057137
35.631,0.058261
35.641,0.059321
35.651,0.060322
35.661,0.061268
35.671,0.062168
35.681,0.063009
35.691,0.063774
35.701,0.064479
35.711,0.065132
35.721,0.065721
35.731,0.06625
35.741,0.066727
35.751,0.06714
35.761,0.067499
35.771,0.067807
35.781,0.068063
35.791,0.068264
35.801,0.068413
35.811,0.068522
35.821,0.068575
35.831,0.068576
35.841,0.068533
35.851,0.068434
35.861,0.068293
35.871,0.068111
35.881,0.067893
35.891,0.067637
35.901,0.067348
35.912,0.067031
35.922,0.066679
35.932,0.066296
35.942,0.065895
35.952,0.065468
35.962,0.065023
35.972,0.064566
35.982,0.064087
35.992,0.063587
36.002,0.063072
36.012,0.062547
36.022,0.062013
36.032,0.061456
36.042,0.060894
36.052,0.060317
36.062,0.059737
36.072,0.059141
36.082,0.058534
36.092,0.057929
36.102,0.05732
36.112,0.056705
36.122,0.05609
36.132,0.05547
36.142,0.054835
36.152,0.054195
36.162,0.05354
36.172,0.052879
36.182,0.05222
36.192,0.051557
36.202,0.050883
36.212,0.050202
36.222,0.049508
36.232,0.048822
36.242,0.048137
36.252,0.047431
36.262,0.046717
36.272,0.046
36.282,0.045276
36.292,0.044547
36.303,0.043811
36.313,0.043057
36.323,0.042301
36.333,0.041536
36.343,0.040759
36.353,0.039982
36.363,0.039195
36.373,0.038404
36.383,0.037602
36.393,0.036792
36.403,0.035973
36.413,0.035141
36.423,0.034302
36.433,0.033457
36.443,0.032603
36.453,0.031736
36.463,0.030867
36.473,0.029993
36.483,0.029114
36.493,0.028235
36.503,0.027346
36.513,0.026452
36.523,0.025549
36.533,0.024631
36.543,0.023703
36.553,0.022773
36.563,0.021833
36.573,0.020901
36.583,0.019946
36.593,0.018978
36.603,0.018003
36.613,0.017028
36.623,0.016051
36.633,0.015071
36.643,0.014094
36.653,0.01311
36.663,0.012128
36.673,0.011146
36.683,0.010153
36.694,0.0091569
36.704,0.0081585
36.714,0.007169
36.724,0.0061873
36.734,0.0052099
36.744,0.0042373
36.754,0.0032646
36.764,0.0022995
36.774,0.0013416
36.784,0.00038573
36.794,-0.00056336
36.804,-0.0014878
36.814,-0.0024017
36.824,-0.0032939
36.834,-0.0041714
36.844,-0.005022
36.854,-0.0058516
36.864,-0.0066511
36.874,-0.0074278
36.884,-0.0081884
36.894,-0.0089237
36.904,-0.0096299
36.914,-0.010301
36.924,-0.010939
36.934,-0.011532
36.944,-0.012092
36.954,-0.012624
36.964,-0.013118
36.974,-0.013576
36.984,-0.013995
36.994,-0.014371
37.004,-0.014705
37.014,-0.015004
37.024,-0.015263
37.034,-0.015475
37.044,-0.015646
37.054,-0.015781
37.064,-0.015879
37.074,-0.015937
37.085,-0.015949
37.095,-0.015915
37.105,-0.015849
37.115,-0.015751
37.125,-0.015609
37.135,-0.015426
37.145,-0.015208
37.155,-0.014955
37.165,-0.014691
37.175,-0.014394
37.185,-0.014066
37.195,-0.013712
37.205,-0.013337
37.215,-0.012934
37.225,-0.012512
37.235,-0.012082
37.245,-0.01164
37.255,-0.011187
37.265,-0.010723
37.275,-0.01026
37.285,-0.0097865
37.295,-0.009309
37.305,-0.0088313
37.315,-0.0083652
37.325,-0.0078997
37.335,-0.0074423
37.345,-0.0069892
37.355,-0.0065489
37.365,-0.0061206
37.375,-0.005707
37.385,-0.0053016
37.395,-0.0049103
37.405,-0.0045452
37.415,-0.0042018
37.425,-0.0038858
37.435,-0.0035933
37.445,-0.0033276
37.455,-0.0030809
37.465,-0.0028504
37.476,-0.0026374
37.486,-0.0024451
37.496,-0.0022698
37.506,-0.002126
37.516,-0.0020081
37.526,-0.0019061
37.536,-0.0018175
37.546,-0.00175
37.556,-0.0016974
37.566,-0.0016596
37.576,-0.0016371
37.586,-0.0016163
37.596,-0.0016079
37.606,-0.0016075
37.616,-0.0016163
37.626,-0.0016245
37.636,-0.0016413
37.646,-0.0016587
37.656,-0.0016702
37.666,-0.0016746
37.676,-0.001682
37.686,-0.0016856
37.696,-0.0016769
37.706,-0.0016628
37.716,-0.0016435
37.726,-0.0016137
37.736,-0.0015736
37.746,-0.0015182
37.756,-0.0014471
37.766,-0.0013588
37.776,-0.0012577
37.786,-0.0011498
37.796,-0.0010305
37.806,-0.00089706
37.816,-0.00075597
37.826,-0.00058694
37.836,-0.00040124
37.846,-0.00020804
37.856,-3.7759e-006
37.866,0.00020798
37.877,0.00043529
37.887,0.00067433
37.897,0.00092844
37.907,0.0011791
37.917,0.0014367
37.927,0.0016976
37.937,0.0019577
37.947,0.0022144
37.957,0.0024648
37.967,0.002719
37.977,0.002972
37.987,0.00322
37.997,0.0034602
38.007,0.0036934
38.017,0.0039209
38.027,0.0041322
38.037,0.0043291
38.047,0.0045084
38.057,0.0046692
38.067,0.0047949
38.077,0.0049048
38.087,0.0049989
38.097,0.0050646
38.107,0.0051178
38.117,0.0051618
38.127,0.005177
38.137,0.0051601
38.147,0.0051279
38.157,0.0050739
38.167,0.0049843
38.177,0.0048613
38.187,0.004708
38.197,0.0045329
38.207,0.0043263
38.217,0.0040935
38.227,0.0038329
38.237,0.0035495
38.247,0.0032344
38.257,0.0028895
38.268,0.0025321
38.278,0.0021475
38.288,0.0017372
38.298,0.0013111
38.308,0.00087314
38.318,0.00040368
38.328,-7.8265e-005
38.338,-0.00056683
38.348,-0.0010719
38.358,-0.0015945
38.368,-0.0021307
38.378,-0.0026825
38.388,-0.0032494
38.398,-0.0038206
38.408,-0.0043965
38.418,-0.0049753
38.428,-0.0055642
38.438,-0.0061507
38.448,-0.006729
38.458,-0.0073064
38.468,-0.007889
38.478,-0.0084559
38.488,-0.009008
38.498,-0.0095619
38.508,-0.010119
38.518,-0.010654
38.528,-0.011183
38.538,-0.011702
38.548,-0.01221
38.558,-0.01271
38.568,-0.013207
38.578,-0.013678
38.588,-0.014124
38.598,-0.014554
38.608,-0.014969
38.618,-0.015354
38.628,-0.015711
38.638,-0.016052
38.648,-0.016359
38.659,-0.016646
38.669,-0.016925
38.679,-0.017174
38.689,-0.01739
38.699,-0.017566
38.709,-0.017724
38.719,-0.017846
38.729,-0.017944
38.739,-0.018017
38.749,-0.018066
38.759,-0.018085
38.769,-0.018071
38.779,-0.01803
38.789,-0.017966
38.799,-0.017879
38.809,-0.017769
38.819,-0.017618
38.829,-0.017432
38.839,-0.017229
38.849,-0.01699
38.859,-0.016721
38.869,-0.016423
38.879,-0.016098
38.889,-0.015752
38.899,-0.015386
38.909,-0.014994
38.919,-0.014573
38.929,-0.014121
38.939,-0.013635
38.949,-0.01312
38.959,-0.012586
38.969,-0.012045
38.979,-0.011492
38.989,-0.01092
38.999,-0.010322
39.009,-0.0097001
39.019,-0.0090621
39.029,-0.0083976
39.039,-0.0077314
39.05,-0.0070394
39.06,-0.0063241
39.07,-0.0055818
39.08,-0.0048287
39.09,-0.0040602
39.1,-0.0032698
39.11,-0.0024636
39.12,-0.0016455
39.13,-0.00082681
39.14,-1.5286e-006
39.15,0.00083053
39.16,0.0016659
39.17,0.0025097
39.18,0.0033708
39.19,0.0042417
39.2,0.005107
39.21,0.0059854
39.22,0.0068819
39.23,0.00778
39.24,0.0086748
39.25,0.0095772
39.26,0.010486
39.27,0.011397
39.28,0.012304
39.29,0.013208
39.3,0.014134
39.31,0.015054
39.32,0.015976
39.33,0.016899
39.34,0.017813
39.35,0.018713
39.36,0.019622
39.37,0.020537
39.38,0.021432
39.39,0.022334
39.4,0.023228
39.41,0.024107
39.42,0.024971
39.43,0.025831
39.441,0.026682
39.451,0.02752
39.461,0.028352
39.471,0.02917
39.481,0.029953
39.491,0.030717
39.501,0.031476
39.511,0.032209
39.521,0.032922
39.531,0.033617
39.541,0.034291
39.551,0.03494
39.561,0.035575
39.571,0.036199
39.581,0.03678
39.591,0.037331
39.601,0.037863
39.611,0.03837
39.621,0.038847
39.631,0.039295
39.641,0.039707
39.651,0.040073
39.661,0.040416
39.671,0.04072
39.681,0.040981
39.691,0.041208
39.701,0.041416
39.711,0.041588
39.721,0.041722
39.731,0.041814
39.741,0.041873
39.751,0.041903
39.761,0.041898
39.771,0.04186
39.781,0.041786
39.791,0.041675
39.801,0.041524
39.811,0.041351
39.821,0.041154
39.832,0.040923
39.842,0.040656
39.852,0.040362
39.862,0.040041
39.872,0.039691
39.882,0.03932
39.892,0.03892
39.902,0.038483
39.912,0.038043
39.922,0.03759
39.932,0.037121
39.942,0.03663
39.952,0.036128
39.962,0.035602
39.972,0.035064
39.982,0.034513
39.992,0.033943
40.002,0.033359
40.012,0.032759
40.022,0.032156
40.032,0.031545
40.042,0.030916
40.052,0.030271
40.062,0.029625
40.072,0.028976
40.082,0.028322
40.092,0.027671
40.102,0.027015
40.112,0.026368
40.122,0.025724
40.132,0.025085
40.142,0.024451
40.152,0.023824
40.162,0.023208
40.172,0.022599
40.182,0.022006
40.192,0.021427
40.202,0.020847
40.212,0.020279
40.223,0.019724
40.233,0.019176
40.243,0.018652
40.253,0.018145
40.263,0.017657
40.273,0.017189
40.283,0.016751
40.293,0.016323
40.303,0.015913
40.313,0.015537
40.323,0.015175
40.333,0.01483
40.343,0.014509
40.353,0.014212
40.363,0.013949
40.373,0.013712
40.383,0.013507
40.393,0.013328
40.403,0.013175
40.413,0.013059
40.423,0.012984
40.433,0.012947
40.443,0.012942
40.453,0.012968
40.463,0.013021
40.473,0.013114
40.483,0.013237
40.493,0.013388
40.503,0.013567
40.513,0.013786
40.523,0.014042
40.533,0.014325
40.543,0.014646
40.553,0.015001
40.563,0.015393
40.573,0.015828
40.583,0.016291
40.593,0.016786
40.603,0.017312
40.613,0.017861
40.624,0.018439
40.634,0.019037
40.644,0.019662
40.654,0.020318
40.664,0.020998
40.674,0.0217
40.684,0.022433
40.694,0.023188
40.704,0.023948
40.714,0.024728
40.724,0.025533
40.734,0.02636
40.744,0.027196
40.754,0.028055
40.764,0.028908
40.774,0.029773
40.784,0.030641
40.794,0.031515
40.804,0.032394
40.814,0.033291
40.824,0.03419
40.834,0.035088
40.844,0.035995
40.854,0.036904
40.864,0.037808
40.874,0.038706
40.884,0.03959
40.894,0.040485
40.904,0.041369
40.914,0.042241
40.924,0.043095
40.934,0.043933
40.944,0.044762
40.954,0.045568
40.964,0.04636
40.974,0.047142
40.984,0.047904
40.994,0.048654
41.004,0.049393
41.015,0.050119
41.025,0.050823
41.035,0.051501
41.045,0.052166
41.055,0.05282
41.065,0.053466
41.075,0.054093
41.085,0.054703
41.095,0.055291
41.105,0.05587
41.115,0.056425
41.125,0.056964
41.135,0.057483
41.145,0.057986
41.155,0.058461
41.165,0.058921
41.175,0.059373
41.185,0.059805
41.195,0.060213
41.205,0.060602
41.215,0.060976
41.225,0.061325
41.235,0.061662
41.245,0.061984
41.255,0.062285
41.265,0.062563
41.275,0.062815
41.285,0.063044
41.295,0.063255
41.305,0.063432
41.315,0.063595
41.325,0.063741
41.335,0.063869
41.345,0.063975
41.355,0.064049
41.365,0.064096
41.375,0.064117
41.385,0.064121
41.395,0.064097
41.406,0.064041
41.416,0.06396
41.426,0.06385
41.436,0.063719
41.446,0.063567
41.456,0.06339
41.466,0.063186
41.476,0.062953
41.486,0.062684
41.496,0.062376
41.506,0.062043
41.516,0.061674
41.526,0.061276
41.536,0.060853
41.546,0.060403
41.556,0.059933
41.566,0.059445
41.576,0.058913
41.586,0.058366
41.596,0.057811
41.606,0.057228
41.616,0.056612
41.626,0.055974
41.636,0.055319
41.646,0.05465
41.656,0.053966
41.666,0.053258
41.676,0.052547
41.686,0.05182
41.696,0.051092
41.706,0.050367
41.716,0.049626
41.726,0.048894
41.736,0.04816
41.746,0.047436
41.756,0.046702
41.766,0.045976
41.776,0.045253
41.786,0.044537
41.797,0.043832
41.807,0.043135
41.817,0.042457
41.827,0.041794
41.837,0.041149
41.847,0.040517
41.857,0.039892
41.867,0.039302
41.877,0.038736
41.887,0.038194
41.897,0.03768
41.907,0.037197
41.917,0.036735
41.927,0.036289
41.937,0.035855
41.947,0.03545
41.957,0.035079
41.967,0.034739
41.977,0.034422
41.987,0.034122
41.997,0.033862
42.007,0.033617
42.017,0.033396
42.027,0.033198
42.037,0.033035
42.047,0.032902
42.057,0.032784
42.067,0.032686
42.077,0.032627
42.087,0.032585
42.097,0.032561
42.107,0.032562
42.117,0.032573
42.127,0.032599
42.137,0.03263
42.147,0.032676
42.157,0.032731
42.167,0.032802
42.177,0.032882
42.188,0.032968
42.198,0.033056
42.208,0.033153
42.218,0.033266
42.228,0.033391
42.238,0.033515
42.248,0.033642
42.258,0.03378
42.268,0.033928
42.278,0.03407
42.288,0.03422
42.298,0.034374
42.308,0.034529
42.318,0.034675
42.328,0.034836
42.338,0.034995
42.348,0.035155
42.358,0.035305
42.368,0.035461
42.378,0.035626
42.388,0.035765
42.398,0.035904
42.408,0.03605
42.418,0.036176
42.428,0.036294
42.438,0.036412
42.448,0.036538
42.458,0.036665
42.468,0.036776
42.478,0.036883
42.488,0.036977
42.498,0.037071
42.508,0.037165
42.518,0.037235
42.528,0.037306
42.538,0.037389
42.548,0.037466
42.558,0.037539
42.568,0.037611
42.579,0.037672
42.589,0.03773
42.599,0.03779
42.609,0.037843
42.619,0.037905
42.629,0.037962
42.639,0.038026
42.649,0.038087
42.659,0.038159
42.669,0.038241
42.679,0.038323
42.689,0.03841
42.699,0.038501
42.709,0.038606
42.719,0.038717
42.729,0.038829
42.739,0.038947
42.749,0.039078
42.759,0.039214
42.769,0.039359
42.779,0.039509
42.789,0.039669
42.799,0.039849
42.809,0.040043
42.819,0.040256
42.829,0.040479
42.839,0.040714
42.849,0.040964
42.859,0.04122
42.869,0.04149
42.879,0.041774
42.889,0.042067
42.899,0.042375
42.909,0.042697
42.919,0.043018
42.929,0.04334
42.939,0.043666
42.949,0.044002
42.959,0.044335
42.97,0.04466
42.98,0.044993
42.99,0.045334
43,0.045667
43.01,0.045992
43.02,0.046328
43.03,0.046658
43.04,0.046986
43.05,0.047298
43.06,0.047601
43.07,0.04788
43.08,0.048147
43.09,0.048394
43.1,0.048631
43.11,0.048855
43.12,0.049062
43.13,0.049244
43.14,0.049394
43.15,0.049532
43.16,0.049645
43.17,0.049735
43.18,0.049793
43.19,0.049832
43.2,0.049839
43.21,0.049831
43.22,0.049792
43.23,0.049723
43.24,0.049632
43.25,0.049513
43.26,0.049382
43.27,0.049224
43.28,0.049044
43.29,0.048831
43.3,0.048599
43.31,0.048348
43.32,0.048068
43.33,0.04778
43.34,0.047466
43.35,0.047131
43.361,0.046778
43.371,0.046423
43.381,0.046054
43.391,0.045672
43.401,0.045288
43.411,0.044898
43.421,0.044497
43.431,0.04408
43.441,0.043666
43.451,0.043254
43.461,0.042835
43.471,0.042415
43.481,0.041993
43.491,0.041573
43.501,0.041162
43.511,0.040748
43.521,0.040339
43.531,0.039931
43.541,0.03952
43.551,0.039123
43.561,0.038735
43.571,0.038344
43.581,0.037958
43.591,0.037586
43.601,0.037221
43.611,0.03685
43.621,0.036485
43.631,0.036119
43.641,0.035759
43.651,0.035406
43.661,0.035057
43.671,0.034716
43.681,0.034369
43.691,0.034027
43.701,0.03369
43.711,0.033343
43.721,0.032992
43.731,0.032635
43.741,0.03227
43.751,0.031889
43.762,0.031504
43.772,0.031111
43.782,0.030705
43.792,0.030296
43.802,0.029871
43.812,0.029428
43.822,0.028989
43.832,0.02854
43.842,0.028079
43.852,0.027602
43.862,0.027105
43.872,0.026598
43.882,0.026077
43.892,0.025542
43.902,0.024986
43.912,0.024427
43.922,0.023858
43.932,0.023288
43.942,0.022698
43.952,0.022091
43.962,0.021472
43.972,0.020852
43.982,0.020242
43.992,0.019606
44.002,0.018963
44.012,0.018318
44.022,0.017665
44.032,0.016996
44.042,0.016327
44.052,0.01567
44.062,0.015002
44.072,0.014325
44.082,0.013654
44.092,0.013018
44.102,0.012385
44.112,0.011768
44.122,0.011148
44.132,0.010536
44.142,0.0099351
44.153,0.0093379
44.163,0.0087504
44.173,0.0081687
44.183,0.0076058
44.193,0.0070546
44.203,0.0065284
44.213,0.0060233
44.223,0.0055408
44.233,0.0050713
44.243,0.0046293
44.253,0.0042202
44.263,0.0038398
44.273,0.0034868
44.283,0.0031478
44.293,0.0028362
44.303,0.0025461
44.313,0.0022751
44.323,0.0020312
44.333,0.0018141
44.343,0.0016338
44.353,0.0014642
44.363,0.001313
44.373,0.0011813
44.383,0.0010679
44.393,0.00098894
44.403,0.00093104
44.413,0.00089481
44.423,0.00088827
44.433,0.00092153
44.443,0.00097413
44.453,0.0010477
44.463,0.0011399
44.473,0.001251
44.483,0.0013874
44.493,0.0015383
44.503,0.0017031
44.513,0.0018889
44.523,0.0020895
44.533,0.0023133
44.544,0.0025649
44.554,0.0028305
44.564,0.0031203
44.574,0.0034239
44.584,0.0037564
44.594,0.0040953
44.604,0.0044435
44.614,0.0047981
44.624,0.0051538
44.634,0.0055062
44.644,0.0058543
44.654,0.0062002
44.664,0.0065481
44.674,0.0069101
44.684,0.0072657
44.694,0.0076039
44.704,0.0079439
44.714,0.0082564
44.724,0.0085555
44.734,0.0088564
44.744,0.009149
44.754,0.0094274
44.764,0.0096715
44.774,0.0098965
44.784,0.010099
44.794,0.010279
44.804,0.010417
44.814,0.010517
44.824,0.010594
44.834,0.01063
44.844,0.010629
44.854,0.010586
44.864,0.010487
44.874,0.010352
44.884,0.010178
44.894,0.0099598
44.904,0.0097042
44.914,0.0094081
44.924,0.0090622
44.935,0.0086585
44.945,0.0081973
44.955,0.0076893
44.965,0.0071285
44.975,0.0065234
44.985,0.0058648
44.995,0.0051612
45.005,0.0043737
45.015,0.003587
45.025,0.0027201
45.035,0.0017474
45.045,0.00083351
45.055,-0.00019371
45.065,-0.0012872
45.075,-0.002428
45.085,-0.0036363
45.095,-0.0048685
45.105,-0.0062437
45.115,-0.0075908
45.125,-0.0089092
45.135,-0.010378
45.145,-0.011799
45.155,-0.013197
45.165,-0.014746
45.175,-0.01612
45.185,-0.017698
45.195,-0.019338
45.205,-0.02082
45.215,-0.022208
45.225,-0.023796
45.235,-0.025328
45.245,-0.026866
45.255,-0.028404
45.265,-0.029956
45.275,-0.031486
45.285,-0.032867
45.295,-0.034321
45.305,-0.035847
45.315,-0.037274
45.326,-0.038689
45.336,-0.040043
45.346,-0.041407
45.356,-0.042737
45.366,-0.044047
45.376,-0.045337
45.386,-0.046591
45.396,-0.047757
45.406,-0.048911
45.416,-0.050058
45.426,-0.051174
45.436,-0.052233
45.446,-0.053261
45.456,-0.054253
45.466,-0.055202
45.476,-0.05612
45.486,-0.057008
45.496,-0.057853
45.506,-0.058676
45.516,-0.059451
45.526,-0.060185
45.536,-0.060876
45.546,-0.061544
45.556,-0.062184
45.566,-0.062813
45.576,-0.06343
45.586,-0.063989
45.596,-0.064523
45.606,-0.065038
45.616,-0.06553
45.626,-0.065979
45.636,-0.066415
45.646,-0.066828
45.656,-0.067231
45.666,-0.067609
45.676,-0.067963
45.686,-0.068293
45.696,-0.06862
45.706,-0.068931
45.717,-0.06924
45.727,-0.069525
45.737,-0.069813
45.747,-0.070099
45.757,-0.070384
45.767,-0.07065
45.777,-0.070909
45.787,-0.071179
45.797,-0.071445
45.807,-0.071702
45.817,-0.071958
45.827,-0.072207
45.837,-0.072468
45.847,-0.072705
45.857,-0.072943
45.867,-0.073174
45.877,-0.073396
45.887,-0.073613
45.897,-0.073838
45.907,-0.07405
45.917,-0.074252
45.927,-0.074438
45.937,-0.074621
45.947,-0.074788
45.957,-0.074952
45.967,-0.075093
45.977,-0.075215
45.987,-0.075326
45.997,-0.075427
46.007,-0.075503
46.017,-0.075557
46.027,-0.075588
46.037,-0.075603
46.047,-0.075592
46.057,-0.07557
46.067,-0.075513
46.077,-0.075423
46.087,-0.075303
46.097,-0.075152
46.108,-0.074983
46.118,-0.074781
46.128,-0.074529
46.138,-0.074241
46.148,-0.073908
46.158,-0.073542
46.168,-0.07315
46.178,-0.072718
46.188,-0.072255
46.198,-0.071753
46.208,-0.07121
46.218,-0.070639
46.228,-0.070016
46.238,-0.069352
46.248,-0.068669
46.258,-0.067956
46.268,-0.067205
46.278,-0.066405
46.288,-0.065581
46.298,-0.064745
46.308,-0.063872
46.318,-0.062987
46.328,-0.062092
46.338,-0.061176
46.348,-0.060229
46.358,-0.059283
46.368,-0.058323
46.378,-0.057362
46.388,-0.056391
46.398,-0.055441
46.408,-0.054483
46.418,-0.053534
46.428,-0.052617
46.438,-0.051717
46.448,-0.050823
46.458,-0.049944
46.468,-0.049105
46.478,-0.048305
46.488,-0.047538
46.498,-0.046789
46.509,-0.04608
46.519,-0.045404
46.529,-0.044811
46.539,-0.044248
46.549,-0.043728
46.559,-0.043262
46.569,-0.042842
46.579,-0.042477
46.589,-0.042166
46.599,-0.041931
46.609,-0.041746
46.619,-0.041629
46.629,-0.041565
46.639,-0.041571
46.649,-0.041641
46.659,-0.041761
46.669,-0.041941
46.679,-0.042181
46.689,-0.042491
46.699,-0.042842
46.709,-0.043239
46.719,-0.043692
46.729,-0.04421
46.739,-0.044773
46.749,-0.04537
46.759,-0.046016
46.769,-0.046697
46.779,-0.047412
46.789,-0.048192
46.799,-0.048998
46.809,-0.049829
46.819,-0.050681
46.829,-0.051531
46.839,-0.052423
46.849,-0.053303
46.859,-0.054184
46.869,-0.055063
46.879,-0.055961
46.889,-0.056856
46.9,-0.057762
46.91,-0.058633
46.92,-0.059474
46.93,-0.060303
46.94,-0.061108
46.95,-0.061893
46.96,-0.06267
46.97,-0.063406
46.98,-0.06412
46.99,-0.064797
47,-0.06545
47.01,-0.066056
47.02,-0.066626
47.03,-0.067151
47.04,-0.067655
47.05,-0.068107
47.06,-0.068522
47.07,-0.068885
47.08,-0.069196
47.09,-0.069459
47.1,-0.069679
47.11,-0.069844
47.12,-0.069955
47.13,-0.070025
47.14,-0.070063
47.15,-0.070044
47.16,-0.069983
47.17,-0.069873
47.18,-0.069731
47.19,-0.069543
47.2,-0.069326
47.21,-0.069092
47.22,-0.06882
47.23,-0.068522
47.24,-0.068207
47.25,-0.06785
47.26,-0.067474
47.27,-0.067067
47.28,-0.066634
47.291,-0.066188
47.301,-0.065704
47.311,-0.065201
47.321,-0.064692
47.331,-0.064212
47.341,-0.06371
47.351,-0.063211
47.361,-0.06271
47.371,-0.062189
47.381,-0.061663
47.391,-0.061127
47.401,-0.060598
47.411,-0.060068
47.421,-0.059538
47.431,-0.059027
47.441,-0.058536
47.451,-0.058042
47.461,-0.057562
47.471,-0.057088
47.481,-0.056612
47.491,-0.056149
47.501,-0.055702
47.511,-0.055271
47.521,-0.054863
47.531,-0.054475
47.541,-0.0541
47.551,-0.053729
47.561,-0.053369
47.571,-0.052994
47.581,-0.052617
47.591,-0.052255
47.601,-0.051899
47.611,-0.051558
47.621,-0.05125
47.631,-0.050954
47.641,-0.050648
47.651,-0.050326
47.661,-0.050001
47.671,-0.049689
47.682,-0.049379
47.692,-0.049051
47.702,-0.048712
47.712,-0.048383
47.722,-0.048036
47.732,-0.047696
47.742,-0.04734
47.752,-0.046985
47.762,-0.046619
47.772,-0.046246
47.782,-0.04584
47.792,-0.045414
47.802,-0.044967
47.812,-0.044504
47.822,-0.04403
47.832,-0.043537
47.842,-0.043036
47.852,-0.042497
47.862,-0.041943
47.872,-0.041356
47.882,-0.040775
47.892,-0.040176
47.902,-0.039538
47.912,-0.038869
47.922,-0.038173
47.932,-0.037468
47.942,-0.036744
47.952,-0.035987
47.962,-0.035206
47.972,-0.034417
47.982,-0.033571
47.992,-0.032706
48.002,-0.031839
48.012,-0.030929
48.022,-0.030017
48.032,-0.029083
48.042,-0.028128
48.052,-0.02714
48.062,-0.026136
48.073,-0.02512
48.083,-0.024085
48.093,-0.023029
48.103,-0.021968
48.113,-0.020884
48.123,-0.0198
48.133,-0.018694
48.143,-0.017593
48.153,-0.016465
48.163,-0.015355
48.173,-0.014236
48.183,-0.013102
48.193,-0.011975
48.203,-0.010852
48.213,-0.009743
48.223,-0.0086325
48.233,-0.00754
48.243,-0.0064812
48.253,-0.0054206
48.263,-0.0043588
48.273,-0.0033384
48.283,-0.0023303
48.293,-0.0013366
48.303,-0.00035127
48.313,0.00065747
48.323,0.0016331
48.333,0.0025851
48.343,0.0035159
48.353,0.0044264
48.363,0.0052995
48.373,0.0061223
48.383,0.0069494
48.393,0.007699
48.403,0.0084208
48.413,0.0091128
48.423,0.0097866
48.433,0.010431
48.443,0.01105
48.453,0.011617
48.464,0.012186
48.474,0.012708
48.484,0.013178
48.494,0.013604
48.504,0.014007
48.514,0.01436
48.524,0.014695
48.534,0.014975
48.544,0.015221
48.554,0.015454
48.564,0.015651
48.574,0.015823
48.584,0.015997
48.594,0.016116
48.604,0.016213
48.614,0.016269
48.624,0.016281
48.634,0.016284
48.644,0.01625
48.654,0.016175
48.664,0.016089
48.674,0.01601
48.684,0.015862
48.694,0.015702
48.704,0.015549
48.714,0.015354
48.724,0.015125
48.734,0.014854
48.744,0.014591
48.754,0.014323
48.764,0.014044
48.774,0.013757
48.784,0.013449
48.794,0.013134
48.804,0.012816
48.814,0.012508
48.824,0.012175
48.834,0.011815
48.844,0.011475
48.855,0.011126
48.865,0.010732
48.875,0.010346
48.885,0.0099461
48.895,0.0095684
48.905,0.0091689
48.915,0.0087863
48.925,0.0084272
48.935,0.0080331
48.945,0.007636
48.955,0.0072382
48.965,0.006839
48.975,0.0064276
48.985,0.0060401
48.995,0.0056311
49.005,0.0052039
49.015,0.0048014
49.025,0.004388
49.035,0.0039477
49.045,0.0034885
49.055,0.0030237
49.065,0.002599
49.075,0.0021658
49.085,0.0017246
49.095,0.0012613
49.105,0.00082967
49.115,0.00040527
49.125,-1.4723e-005
49.135,-0.00043522
49.145,-0.00087287
49.155,-0.0013625
49.165,-0.0018348
49.175,-0.0023066
49.185,-0.0028065
49.195,-0.0033193
49.205,-0.0037928
49.215,-0.0042779
49.225,-0.004755
49.235,-0.0052368
49.245,-0.0056765
49.256,-0.0061425
49.266,-0.0066034
49.276,-0.007087
49.286,-0.0075569
49.296,-0.0080309
49.306,-0.0084846
49.316,-0.0089024
49.326,-0.0093604
49.336,-0.0097816
49.346,-0.010188
49.356,-0.010551
49.366,-0.010901
49.376,-0.011227
49.386,-0.011506
49.396,-0.011784
49.406,-0.012018
49.416,-0.012236
49.426,-0.012428
49.436,-0.012618
49.446,-0.012758
49.456,-0.012885
49.466,-0.012972
49.476,-0.013023
49.486,-0.013028
49.496,-0.013003
49.506,-0.012963
49.516,-0.012837
49.526,-0.012686
49.536,-0.012495
49.546,-0.012241
49.556,-0.011989
49.566,-0.011683
49.576,-0.011362
49.586,-0.010965
49.596,-0.010506
49.606,-0.010018
49.616,-0.0094602
49.626,-0.0089055
49.636,-0.0082817
49.647,-0.0076532
49.657,-0.0069811
49.667,-0.006318
49.677,-0.0055737
49.687,-0.0047638
49.697,-0.003939
49.707,-0.0031387
49.717,-0.0023533
49.727,-0.0015284
49.737,-0.00070128
49.747,9.8896e-005
49.757,0.00090256
49.767,0.0017691
49.777,0.0025169
49.787,0.0032694
49.797,0.0040147
49.807,0.0048037
49.817,0.0055764
49.827,0.0063519
49.837,0.0070932
49.847,0.0077889
49.857,0.0084544
49.867,0.0090102
49.877,0.0095458
49.887,0.010078
49.897,0.010575
49.907,0.011034
49.917,0.011392
49.927,0.011716
49.937,0.012018
49.947,0.01227
49.957,0.012408
49.967,0.012496
49.977,0.01256
49.987,0.012555
49.997,0.012427
50.007,0.012303
50.017,0.012115
50.027,0.011865
50.038,0.01151
50.048,0.011086
50.058,0.010657
50.068,0.01006
50.078,0.0094384
50.088,0.0087186
50.098,0.0080451
50.108,0.0072479
50.118,0.0063042
