0,-0.0032783
0.0099983,-0.0034037
0.019997,-0.0035322
0.029995,-0.0036944
0.039993,-0.0038525
0.049991,-0.0039732
0.05999,-0.0040738
0.069988,-0.0041856
0.079986,-0.0043513
0.089985,-0.004508
0.099983,-0.0046227
0.10998,-0.0047019
0.11998,-0.0048011
0.12998,-0.0049236
0.13998,-0.0050372
0.14997,-0.0050963
0.15997,-0.0051213
0.16997,-0.0051242
0.17997,-0.0051823
0.18997,-0.0052464
0.19997,-0.0053418
0.20996,-0.0054074
0.21996,-0.0055308
0.22996,-0.0055955
0.23996,-0.0056213
0.24996,-0.0056606
0.25996,-0.0056995
0.26995,-0.0057657
0.27995,-0.0058293
0.28995,-0.0058611
0.29995,-0.005893
0.30995,-0.005871
0.31995,-0.0058974
0.32994,-0.0059488
0.33994,-0.0059766
0.34994,-0.0060225
0.35994,-0.0060683
0.36994,-0.0061077
0.37993,-0.006168
0.38993,-0.0062162
0.39993,-0.0062443
0.40993,-0.0062777
0.41993,-0.0063304
0.42993,-0.0063885
0.43992,-0.0064282
0.44992,-0.0065009
0.45992,-0.006565
0.46992,-0.0066084
0.47992,-0.006672
0.48992,-0.0067292
0.49991,-0.0068032
0.50991,-0.0068846
0.51991,-0.0069754
0.52991,-0.007097
0.53991,-0.0071753
0.54991,-0.0072223
0.5599,-0.0072778
0.5699,-0.0073408
0.5799,-0.0073869
0.5899,-0.0074217
0.5999,-0.0074686
0.6099,-0.0074846
0.61989,-0.0075223
0.62989,-0.0075435
0.63989,-0.0075439
0.64989,-0.0075585
0.65989,-0.0075734
0.66988,-0.0075995
0.67988,-0.0076462
0.68988,-0.0076874
0.69988,-0.0077203
0.70988,-0.0077622
0.71988,-0.0078198
0.72987,-0.0078736
0.73987,-0.0079083
0.74987,-0.0079156
0.75987,-0.0079153
0.76987,-0.0079232
0.77987,-0.0079068
0.78986,-0.0079142
0.79986,-0.0079206
0.80986,-0.0079495
0.81986,-0.0079831
0.82986,-0.0080135
0.83986,-0.0080437
0.84985,-0.0080765
0.85985,-0.0081103
0.86985,-0.0081418
0.87985,-0.0081513
0.88985,-0.0081435
0.89985,-0.008146
0.90984,-0.0081281
0.91984,-0.0081494
0.92984,-0.0081516
0.93984,-0.0081481
0.94984,-0.0081507
0.95984,-0.0081659
0.96983,-0.0081634
0.97983,-0.008158
0.98983,-0.0081497
0.99983,-0.0081239
1.0098,-0.0080986
1.0198,-0.0080856
1.0298,-0.0080805
1.0398,-0.0080725
1.0498,-0.008067
1.0598,-0.008064
1.0698,-0.0080523
1.0798,-0.0080384
1.0898,-0.0080172
1.0998,-0.0079936
1.1098,-0.0079733
1.1198,-0.0079347
1.1298,-0.0078956
1.1398,-0.0078628
1.1498,-0.007872
1.1598,-0.0078662
1.1698,-0.0078685
1.1798,-0.0078682
1.1898,-0.0078799
1.1998,-0.0078627
1.2098,-0.0078319
1.2198,-0.0078182
1.2298,-0.0077851
1.2398,-0.0077578
1.2498,-0.0077153
1.2598,-0.0076931
1.2698,-0.0076704
1.2798,-0.007605
1.2898,-0.0075413
1.2998,-0.0074962
1.3098,-0.0074558
1.3198,-0.0074004
1.3298,-0.0073313
1.3398,-0.0072692
1.3498,-0.0072115
1.3598,-0.0071765
1.3698,-0.0071416
1.3798,-0.0071026
1.3898,-0.0070406
1.3998,-0.0069712
1.4098,-0.0069316
1.4198,-0.0068874
1.4298,-0.0068576
1.4398,-0.0068433
1.4498,-0.0068351
1.4597,-0.006826
1.4697,-0.0068018
1.4797,-0.00679
1.4897,-0.0067746
1.4997,-0.0067374
1.5097,-0.0067032
1.5197,-0.0066758
1.5297,-0.0066697
1.5397,-0.0066538
1.5497,-0.006629
1.5597,-0.0066096
1.5697,-0.0065896
1.5797,-0.0065571
1.5897,-0.006532
1.5997,-0.0065108
1.6097,-0.0064978
1.6197,-0.0064867
1.6297,-0.0064594
1.6397,-0.006446
1.6497,-0.00643
1.6597,-0.0064001
1.6697,-0.006373
1.6797,-0.0063576
1.6897,-0.0063408
1.6997,-0.0063254
1.7097,-0.0062924
1.7197,-0.00626
1.7297,-0.0062377
1.7397,-0.0062402
1.7497,-0.0062293
1.7597,-0.0062118
1.7697,-0.0062003
1.7797,-0.0061754
1.7897,-0.0061433
1.7997,-0.0061416
1.8097,-0.0061374
1.8197,-0.0061168
1.8297,-0.0061114
1.8397,-0.0060946
1.8497,-0.0060582
1.8597,-0.0060279
1.8697,-0.0059707
1.8797,-0.0059224
1.8897,-0.0058765
1.8997,-0.0058194
1.9097,-0.0057482
1.9197,-0.0056731
1.9297,-0.005598
1.9397,-0.0055468
1.9497,-0.0054891
1.9597,-0.0054209
1.9697,-0.0053609
1.9797,-0.0053195
1.9897,-0.0052858
1.9997,-0.0052333
2.0097,-0.0051744
2.0197,-0.0051386
2.0297,-0.0050745
2.0396,-0.0050179
2.0496,-0.0049798
2.0596,-0.004911
2.0696,-0.0048651
2.0796,-0.0047998
2.0896,-0.0047416
2.0996,-0.0046979
2.1096,-0.0046774
2.1196,-0.0046334
2.1296,-0.0046249
2.1396,-0.004569
2.1496,-0.0045213
2.1596,-0.0044584
2.1696,-0.0044319
2.1796,-0.0043865
2.1896,-0.0043098
2.1996,-0.0042737
2.2096,-0.0042229
2.2196,-0.0041272
2.2296,-0.0040992
2.2396,-0.0040615
2.2496,-0.0040125
2.2596,-0.0039626
2.2696,-0.0038755
2.2796,-0.0038313
2.2896,-0.0037747
2.2996,-0.0037846
2.3096,-0.0037242
2.3196,-0.0036962
2.3296,-0.0036833
2.3396,-0.0036302
2.3496,-0.0035977
2.3596,-0.003585
2.3696,-0.0035486
2.3796,-0.0034725
2.3896,-0.0034129
2.3996,-0.0033775
2.4096,-0.0033321
2.4196,-0.0032913
2.4296,-0.0032375
2.4396,-0.0031778
2.4496,-0.0031436
2.4596,-0.0030827
2.4696,-0.0030302
2.4796,-0.002952
2.4896,-0.0029225
2.4996,-0.0028894
2.5096,-0.0028266
2.5196,-0.0027939
2.5296,-0.0027251
2.5396,-0.0026925
2.5496,-0.0026369
2.5596,-0.0025795
2.5696,-0.0025124
2.5796,-0.0024906
2.5896,-0.002436
2.5996,-0.0024047
2.6096,-0.002356
2.6196,-0.0023311
2.6295,-0.0022465
2.6395,-0.0021895
2.6495,-0.002112
2.6595,-0.0020605
2.6695,-0.002024
2.6795,-0.0020032
2.6895,-0.0019885
2.6995,-0.0019371
2.7095,-0.0019249
2.7195,-0.0019091
2.7295,-0.001881
2.7395,-0.0018462
2.7495,-0.0017946
2.7595,-0.0017575
2.7695,-0.0017239
2.7795,-0.0016962
2.7895,-0.0016341
2.7995,-0.0015643
2.8095,-0.0015312
2.8195,-0.0014785
2.8295,-0.0014545
2.8395,-0.0014068
2.8495,-0.0013464
2.8595,-0.0013251
2.8695,-0.0013206
2.8795,-0.0012726
2.8895,-0.0012426
2.8995,-0.0012449
2.9095,-0.0012134
2.9195,-0.0011742
2.9295,-0.0011595
2.9395,-0.0011462
2.9495,-0.001144
2.9595,-0.0011275
2.9695,-0.0010895
2.9795,-0.0010683
2.9895,-0.0010396
2.9995,-0.0010053
3.0095,-0.00099692
3.0195,-0.00096832
3.0295,-0.00094603
3.0395,-0.00092898
3.0495,-0.00093145
3.0595,-0.00092076
3.0695,-0.000931
3.0795,-0.00093611
3.0895,-0.00093561
3.0995,-0.00091536
3.1095,-0.00091018
3.1195,-0.0008815
3.1295,-0.00086067
3.1395,-0.0008733
3.1495,-0.00089714
3.1595,-0.0008835
3.1695,-0.00089775
3.1795,-0.00088803
3.1895,-0.00090136
3.1995,-0.00089994
3.2094,-0.00089229
3.2194,-0.00086501
3.2294,-0.0008467
3.2394,-0.00084226
3.2494,-0.00082229
3.2594,-0.00083038
3.2694,-0.00085172
3.2794,-0.00086125
3.2894,-0.00087483
3.2994,-0.00090228
3.3094,-0.00093263
3.3194,-0.00096244
3.3294,-0.0009881
3.3394,-0.00098614
3.3494,-0.0010001
3.3594,-0.00099213
3.3694,-0.0010228
3.3794,-0.0010373
3.3894,-0.0010413
3.3994,-0.0010577
3.4094,-0.0010481
3.4194,-0.0010458
3.4294,-0.0010444
3.4394,-0.0010526
3.4494,-0.0010713
3.4594,-0.0010989
3.4694,-0.0011025
3.4794,-0.0011329
3.4894,-0.0011383
3.4994,-0.0011523
3.5094,-0.0011686
3.5194,-0.0011969
3.5294,-0.0012105
3.5394,-0.0012158
3.5494,-0.001237
3.5594,-0.0012486
3.5694,-0.0012574
3.5794,-0.0012762
3.5894,-0.001297
3.5994,-0.0013125
3.6094,-0.0013089
3.6194,-0.0013258
3.6294,-0.0013128
3.6394,-0.0013214
3.6494,-0.0013075
3.6594,-0.0012906
3.6694,-0.0012783
3.6794,-0.0012778
3.6894,-0.0012689
3.6994,-0.0012667
3.7094,-0.0012495
3.7194,-0.0012423
3.7294,-0.0012396
3.7394,-0.0012199
3.7494,-0.0012159
3.7594,-0.0012232
3.7694,-0.0012593
3.7794,-0.0012483
3.7893,-0.0012374
3.7993,-0.0012533
3.8093,-0.0012704
3.8193,-0.0012877
3.8293,-0.001279
3.8393,-0.0012909
3.8493,-0.0012761
3.8593,-0.0012728
3.8693,-0.0012617
3.8793,-0.0012606
3.8893,-0.0012445
3.8993,-0.0012366
3.9093,-0.0012443
3.9193,-0.0012326
3.9293,-0.0012161
3.9393,-0.0012122
3.9493,-0.0011831
3.9593,-0.0011625
3.9693,-0.0011238
3.9793,-0.0010922
3.9893,-0.0010653
3.9993,-0.0010607
4.0093,-0.0010468
4.0193,-0.0010233
4.0293,-0.00099386
4.0393,-0.00095275
4.0493,-0.00091862
4.0593,-0.00089533
4.0693,-0.00086031
4.0793,-0.00082584
4.0893,-0.00081214
4.0993,-0.00074858
4.1093,-0.00069256
4.1193,-0.00061216
4.1293,-0.00057767
4.1393,-0.00050143
4.1493,-0.00047784
4.1593,-0.00043014
4.1693,-0.000399
4.1793,-0.0003435
4.1893,-0.00027294
4.1993,-0.00018879
4.2093,-0.00011779
4.2193,-3.9384e-005
4.2293,1.9759e-005
4.2393,8.6902e-005
4.2493,0.0001527
4.2593,0.00023731
4.2693,0.00031707
4.2793,0.00038746
4.2893,0.00045682
4.2993,0.00052802
4.3093,0.0006174
4.3193,0.00070916
4.3293,0.00080557
4.3393,0.00087254
4.3493,0.00095651
4.3593,0.0010324
4.3692,0.001111
4.3792,0.0012006
4.3892,0.0012697
4.3992,0.0013496
4.4092,0.0014454
4.4192,0.0015421
4.4292,0.0016232
4.4392,0.0017297
4.4492,0.001809
4.4592,0.0019081
4.4692,0.0020139
4.4792,0.0021087
4.4892,0.0022102
4.4992,0.0023014
4.5092,0.0023971
4.5192,0.0025357
4.5292,0.0026341
4.5392,0.0027387
4.5492,0.0028451
4.5592,0.0029314
4.5692,0.0030314
4.5792,0.0031171
4.5892,0.0032148
4.5992,0.0033155
4.6092,0.0034068
4.6192,0.0035163
4.6292,0.003593
4.6392,0.0036887
4.6492,0.0037599
4.6592,0.0038762
4.6692,0.003974
4.6792,0.0040875
4.6892,0.0041902
4.6992,0.0042832
4.7092,0.0044042
4.7192,0.0045434
4.7292,0.0046573
4.7392,0.0047586
4.7492,0.0048532
4.7592,0.0049524
4.7692,0.0050474
4.7792,0.0051379
4.7892,0.0052182
4.7992,0.0053032
4.8092,0.0053968
4.8192,0.0054822
4.8292,0.0055773
4.8392,0.005662
4.8492,0.0057499
4.8592,0.0058488
4.8692,0.0059404
4.8792,0.0060474
4.8892,0.0061526
4.8992,0.0062581
4.9092,0.0063566
4.9192,0.0064537
4.9292,0.0065568
4.9392,0.0066636
4.9492,0.0067514
4.9591,0.0068452
4.9691,0.0069302
4.9791,0.0070315
4.9891,0.0071258
4.9991,0.0072343
5.0091,0.0073238
5.0191,0.0074122
5.0291,0.0075191
5.0391,0.0075952
5.0491,0.0076654
5.0591,0.0077455
5.0691,0.0078247
5.0791,0.0078942
5.0891,0.0079621
5.0991,0.0080312
5.1091,0.0081111
5.1191,0.0081984
5.1291,0.0082847
5.1391,0.0083779
5.1491,0.0084619
5.1591,0.0085659
5.1691,0.0086601
5.1791,0.0087369
5.1891,0.0088245
5.1991,0.008903
5.2091,0.0089778
5.2191,0.0090498
5.2291,0.0091163
5.2391,0.0091832
5.2491,0.0092532
5.2591,0.0093299
5.2691,0.0093983
5.2791,0.0094571
5.2891,0.0095231
5.2991,0.0095951
5.3091,0.0096513
5.3191,0.0097128
5.3291,0.0097506
5.3391,0.0097837
5.3491,0.0098192
5.3591,0.0098719
5.3691,0.009912
5.3791,0.0099602
5.3891,0.010027
5.3991,0.010091
5.4091,0.01015
5.4191,0.010217
5.4291,0.010272
5.4391,0.010346
5.4491,0.01041
5.4591,0.010464
5.4691,0.010515
5.4791,0.010563
5.4891,0.010624
5.4991,0.010684
5.5091,0.010747
5.5191,0.010801
5.5291,0.010868
5.539,0.010926
5.549,0.010983
5.559,0.011042
5.569,0.011094
5.579,0.011143
5.589,0.011163
5.599,0.011205
5.609,0.011245
5.619,0.011291
5.629,0.011337
5.639,0.011389
5.649,0.011434
5.659,0.011487
5.669,0.01154
5.679,0.011594
5.689,0.01164
5.699,0.011697
5.709,0.011741
5.719,0.0118
5.729,0.011843
5.739,0.01191
5.749,0.011966
5.759,0.012022
5.769,0.012089
5.779,0.012145
5.789,0.012205
5.799,0.012262
5.809,0.012311
5.819,0.012338
5.829,0.012392
5.839,0.01243
5.849,0.012465
5.859,0.012505
5.869,0.012537
5.879,0.012581
5.889,0.012619
5.899,0.012672
5.909,0.012713
5.919,0.012754
5.929,0.012787
5.939,0.01282
5.949,0.012867
5.959,0.012888
5.969,0.012939
5.979,0.012982
5.989,0.013017
5.999,0.013052
6.009,0.013085
6.019,0.013137
6.029,0.013168
6.039,0.013199
6.049,0.013223
6.059,0.013231
6.069,0.013256
6.079,0.013278
6.089,0.013306
6.099,0.01333
6.109,0.013359
6.1189,0.013392
6.1289,0.013426
6.1389,0.013475
6.1489,0.013516
6.1589,0.013547
6.1689,0.013575
6.1789,0.013607
6.1889,0.013624
6.1989,0.013644
6.2089,0.013673
6.2189,0.013693
6.2289,0.013706
6.2389,0.013731
6.2489,0.013744
6.2589,0.013769
6.2689,0.013776
6.2789,0.013803
6.2889,0.01385
6.2989,0.013879
6.3089,0.013919
6.3189,0.013963
6.3289,0.014009
6.3389,0.014064
6.3489,0.014112
6.3589,0.014159
6.3689,0.01422
6.3789,0.014281
6.3889,0.014332
6.3989,0.014392
6.4089,0.014461
6.4189,0.014528
6.4289,0.014587
6.4389,0.014645
6.4489,0.014705
6.4589,0.014755
6.4689,0.014811
6.4789,0.014883
6.4889,0.014948
6.4989,0.014998
6.5089,0.015038
6.5189,0.015085
6.5289,0.01513
6.5389,0.015183
6.5489,0.015225
6.5589,0.015262
6.5689,0.015309
6.5789,0.015362
6.5889,0.01542
6.5989,0.015479
6.6089,0.015532
6.6189,0.015598
6.6289,0.015637
6.6389,0.015694
6.6489,0.015762
6.6589,0.015816
6.6689,0.015872
6.6789,0.015902
6.6889,0.01595
6.6988,0.016004
6.7088,0.016045
6.7188,0.016084
6.7288,0.01613
6.7388,0.016194
6.7488,0.016225
6.7588,0.016268
6.7688,0.016302
6.7788,0.01636
6.7888,0.016412
6.7988,0.016457
6.8088,0.016503
6.8188,0.016539
6.8288,0.016597
6.8388,0.016648
6.8488,0.016671
6.8588,0.016697
6.8688,0.016738
6.8788,0.016776
6.8888,0.016811
6.8988,0.016858
6.9088,0.016915
6.9188,0.016954
6.9288,0.016985
6.9388,0.01702
6.9488,0.017057
6.9588,0.017103
6.9688,0.017142
6.9788,0.01719
6.9888,0.017245
6.9988,0.017281
7.0088,0.017308
7.0188,0.017333
7.0288,0.017359
7.0388,0.017395
7.0488,0.017429
7.0588,0.017445
7.0688,0.017457
7.0788,0.017472
7.0888,0.017487
7.0988,0.017493
7.1088,0.017499
7.1188,0.017508
7.1288,0.017516
7.1388,0.017536
7.1488,0.017542
7.1588,0.017544
7.1688,0.017553
7.1788,0.017559
7.1888,0.017558
7.1988,0.017545
7.2088,0.01754
7.2188,0.017537
7.2288,0.01753
7.2388,0.01752
7.2488,0.017514
7.2588,0.01751
7.2688,0.017497
7.2788,0.017486
7.2887,0.017479
7.2987,0.01747
7.3087,0.017461
7.3187,0.017443
7.3287,0.01742
7.3387,0.017407
7.3487,0.017396
7.3587,0.01738
7.3687,0.017353
7.3787,0.017325
7.3887,0.017299
7.3987,0.017271
7.4087,0.017244
7.4187,0.017223
7.4287,0.01721
7.4387,0.017197
7.4487,0.017189
7.4587,0.017178
7.4687,0.017152
7.4787,0.017131
7.4887,0.017106
7.4987,0.01708
7.5087,0.017053
7.5187,0.017023
7.5287,0.017007
7.5387,0.01699
7.5487,0.016969
7.5587,0.016934
7.5687,0.016903
7.5787,0.016871
7.5887,0.016846
7.5987,0.016819
7.6087,0.016793
7.6187,0.016761
7.6287,0.016718
7.6387,0.01668
7.6487,0.016634
7.6587,0.016594
7.6687,0.016552
7.6787,0.016517
7.6887,0.016459
7.6987,0.016403
7.7087,0.01637
7.7187,0.016334
7.7287,0.016295
7.7387,0.016267
7.7487,0.016242
7.7587,0.01621
7.7687,0.016173
7.7787,0.016139
7.7887,0.01611
7.7987,0.016079
7.8087,0.016043
7.8187,0.016015
7.8287,0.015981
7.8387,0.015942
7.8487,0.0159
7.8587,0.015864
7.8686,0.015819
7.8786,0.015772
7.8886,0.015732
7.8986,0.01569
7.9086,0.015643
7.9186,0.015592
7.9286,0.015543
7.9386,0.015493
7.9486,0.015441
7.9586,0.015382
7.9686,0.015331
7.9786,0.015284
7.9886,0.015246
7.9986,0.015198
8.0086,0.015151
8.0186,0.015098
8.0286,0.015039
8.0386,0.014994
8.0486,0.014952
8.0586,0.014915
8.0686,0.014874
8.0786,0.014829
8.0886,0.014775
8.0986,0.014723
8.1086,0.01467
8.1186,0.014616
8.1286,0.014573
8.1386,0.014537
8.1486,0.01449
8.1586,0.014434
8.1686,0.014377
8.1786,0.014321
8.1886,0.014273
8.1986,0.014219
8.2086,0.014169
8.2186,0.014119
8.2286,0.014059
8.2386,0.013999
8.2486,0.01394
8.2586,0.013882
8.2686,0.013831
8.2786,0.013786
8.2886,0.013736
8.2986,0.01368
8.3086,0.013626
8.3186,0.013565
8.3286,0.013516
8.3386,0.013467
8.3486,0.013414
8.3586,0.013357
8.3686,0.013305
8.3786,0.013248
8.3886,0.013193
8.3986,0.013139
8.4086,0.013089
8.4186,0.013042
8.4286,0.012987
8.4386,0.012931
8.4485,0.012879
8.4585,0.012823
8.4685,0.012756
8.4785,0.012694
8.4885,0.012626
8.4985,0.012563
8.5085,0.0125
8.5185,0.012433
8.5285,0.012374
8.5385,0.01232
8.5485,0.012255
8.5585,0.012185
8.5685,0.012115
8.5785,0.012035
8.5885,0.011959
8.5985,0.011877
8.6085,0.011786
8.6185,0.011702
8.6285,0.011631
8.6385,0.011564
8.6485,0.011492
8.6585,0.011414
8.6685,0.011338
8.6785,0.011264
8.6885,0.011188
8.6985,0.011096
8.7085,0.011021
8.7185,0.01096
8.7285,0.010897
8.7385,0.010822
8.7485,0.010741
8.7585,0.010657
8.7685,0.010581
8.7785,0.010501
8.7885,0.010426
8.7985,0.010348
8.8085,0.01027
8.8185,0.010191
8.8285,0.010108
8.8385,0.010036
8.8485,0.0099671
8.8585,0.0098934
8.8685,0.0098267
8.8785,0.0097631
8.8885,0.0097055
8.8985,0.009648
8.9085,0.0095801
8.9185,0.0095228
8.9285,0.0094672
8.9385,0.0094097
8.9485,0.0093559
8.9585,0.0093058
8.9685,0.0092571
8.9785,0.0092103
8.9885,0.0091753
8.9985,0.0091432
9.0085,0.0091047
9.0185,0.0090755
9.0284,0.0090527
9.0384,0.0090264
9.0484,0.0089914
9.0584,0.0089634
9.0684,0.0089401
9.0784,0.0089272
9.0884,0.0089218
9.0984,0.0089192
9.1084,0.0089295
9.1184,0.0089432
9.1284,0.0089576
9.1384,0.0089737
9.1484,0.0089875
9.1584,0.009003
9.1684,0.0090322
9.1784,0.0090551
9.1884,0.0090826
9.1984,0.0091216
9.2084,0.0091652
9.2184,0.0092031
9.2284,0.0092406
9.2384,0.009273
9.2484,0.0093091
9.2584,0.0093478
9.2684,0.0093875
9.2784,0.0094269
9.2884,0.0094649
9.2984,0.0095015
9.3084,0.0095378
9.3184,0.0095755
9.3284,0.0096182
9.3384,0.009658
9.3484,0.0097035
9.3584,0.009753
9.3684,0.0097999
9.3784,0.0098434
9.3884,0.0099011
9.3984,0.0099522
9.4084,0.009996
9.4184,0.010038
9.4284,0.010093
9.4384,0.01014
9.4484,0.010176
9.4584,0.010212
9.4684,0.010249
9.4784,0.010285
9.4884,0.010324
9.4984,0.010356
9.5084,0.010386
9.5184,0.010416
9.5284,0.010442
9.5384,0.010462
9.5484,0.010482
9.5584,0.010493
9.5684,0.010494
9.5784,0.0105
9.5884,0.010507
9.5984,0.010522
9.6083,0.01054
9.6183,0.010556
9.6283,0.010575
9.6383,0.010597
9.6483,0.010624
9.6583,0.010652
9.6683,0.010674
9.6783,0.010691
9.6883,0.010708
9.6983,0.010727
9.7083,0.010747
9.7183,0.01077
9.7283,0.010787
9.7383,0.010808
9.7483,0.010841
9.7583,0.010869
9.7683,0.010893
9.7783,0.010919
9.7883,0.010945
9.7983,0.01097
9.8083,0.011
9.8183,0.011038
9.8283,0.01107
9.8383,0.011102
9.8483,0.011141
9.8583,0.011191
9.8683,0.011239
9.8783,0.011299
9.8883,0.011363
9.8983,0.011426
9.9083,0.011488
9.9183,0.011554
9.9283,0.011617
9.9383,0.011691
9.9483,0.011762
9.9583,0.011838
9.9683,0.011908
9.9783,0.01198
9.9883,0.01206
9.9983,0.012151
10.008,0.012254
10.018,0.012355
10.028,0.012464
10.038,0.01258
10.048,0.012697
10.058,0.012816
10.068,0.012942
10.078,0.01307
10.088,0.013189
10.098,0.013317
10.108,0.01344
10.118,0.01356
10.128,0.013683
10.138,0.01381
10.148,0.01395
10.158,0.014086
10.168,0.014211
10.178,0.014341
10.188,0.014476
10.198,0.014613
10.208,0.014749
10.218,0.014886
10.228,0.015037
10.238,0.015183
10.248,0.015333
10.258,0.01548
10.268,0.015623
10.278,0.015765
10.288,0.015896
10.298,0.016021
10.308,0.016145
10.318,0.016274
10.328,0.016403
10.338,0.016523
10.348,0.016642
10.358,0.016761
10.368,0.016883
10.378,0.016992
10.388,0.0171
10.398,0.017206
10.408,0.01731
10.418,0.017409
10.428,0.017502
10.438,0.017595
10.448,0.017687
10.458,0.017763
10.468,0.01783
10.478,0.017896
10.488,0.017953
10.498,0.018005
10.508,0.018055
10.518,0.01809
10.528,0.018117
10.538,0.018137
10.548,0.018149
10.558,0.018153
10.568,0.018163
10.578,0.018167
10.588,0.018166
10.598,0.018155
10.608,0.018133
10.618,0.018108
10.628,0.018075
10.638,0.018038
10.648,0.017992
10.658,0.017941
10.668,0.017881
10.678,0.017821
10.688,0.017744
10.698,0.017663
10.708,0.017574
10.718,0.017473
10.728,0.017372
10.738,0.017266
10.748,0.017154
10.758,0.017032
10.768,0.0169
10.778,0.016771
10.788,0.016629
10.798,0.016489
10.808,0.01635
10.818,0.016202
10.828,0.016045
10.838,0.01588
10.848,0.015716
10.858,0.015546
10.868,0.015357
10.878,0.015158
10.888,0.014955
10.898,0.014759
10.908,0.01456
10.918,0.014344
10.928,0.014127
10.938,0.013903
10.948,0.013673
10.958,0.01343
10.968,0.013192
10.978,0.012947
10.988,0.012702
10.998,0.012454
11.008,0.012205
11.018,0.011954
11.028,0.011699
11.038,0.011451
11.048,0.011196
11.058,0.010941
11.068,0.01069
11.078,0.010436
11.088,0.010165
11.098,0.0098769
11.108,0.0095881
11.118,0.0093018
11.128,0.0090125
11.138,0.0087174
11.148,0.0084206
11.158,0.0081293
11.168,0.0078396
11.178,0.007545
11.188,0.0072532
11.198,0.0069519
11.208,0.0066518
11.218,0.0063626
11.228,0.0060763
11.238,0.0057848
11.248,0.0054999
11.258,0.0052163
11.268,0.0049228
11.278,0.0046361
11.288,0.0043476
11.298,0.0040663
11.308,0.0037844
11.318,0.0035012
11.328,0.0032112
11.338,0.002931
11.348,0.0026474
11.358,0.0023631
11.368,0.0020859
11.378,0.0018137
11.388,0.0015486
11.398,0.0012923
11.408,0.0010473
11.418,0.00079122
11.428,0.00053992
11.438,0.00029496
11.448,5.0492e-005
11.458,-0.00019477
11.468,-0.00043357
11.478,-0.00066363
11.488,-0.00089202
11.498,-0.0011091
11.508,-0.0013211
11.518,-0.0015381
11.528,-0.0017431
11.538,-0.0019443
11.548,-0.0021426
11.558,-0.0023242
11.568,-0.0024997
11.578,-0.0026748
11.588,-0.0028466
11.598,-0.0030096
11.608,-0.0031691
11.618,-0.0033265
11.628,-0.0034787
11.638,-0.0036341
11.648,-0.0037841
11.658,-0.003923
11.668,-0.0040527
11.678,-0.0041853
11.688,-0.0043126
11.698,-0.0044282
11.708,-0.0045492
11.718,-0.0046657
11.728,-0.0047752
11.738,-0.0048761
11.748,-0.0049789
11.758,-0.0050815
11.768,-0.0051751
11.778,-0.0052601
11.788,-0.0053303
11.798,-0.0053891
11.808,-0.0054488
11.818,-0.005509
11.828,-0.0055571
11.838,-0.0056045
11.848,-0.0056545
11.858,-0.0056908
11.868,-0.0057086
11.878,-0.0057338
11.888,-0.0057498
11.898,-0.0057605
11.908,-0.0057703
11.918,-0.0057798
11.928,-0.0057861
11.938,-0.0057788
11.948,-0.0057727
11.958,-0.00576
11.968,-0.0057368
11.978,-0.0057063
11.988,-0.0056772
11.998,-0.0056442
12.008,-0.005601
12.018,-0.0055599
12.028,-0.0055093
12.038,-0.0054463
12.048,-0.0053683
12.058,-0.0052911
12.068,-0.0052147
12.078,-0.0051324
12.088,-0.0050458
12.098,-0.0049533
12.108,-0.0048603
12.118,-0.004767
12.128,-0.0046694
12.138,-0.0045622
12.148,-0.0044441
12.158,-0.0043221
12.168,-0.0041905
12.178,-0.0040475
12.188,-0.0039066
12.198,-0.0037666
12.208,-0.0036313
12.218,-0.0034916
12.228,-0.0033534
12.238,-0.0032087
12.248,-0.0030616
12.258,-0.0029115
12.268,-0.0027614
12.278,-0.0026215
12.288,-0.0024835
12.298,-0.0023459
12.308,-0.0022066
12.318,-0.0020706
12.328,-0.0019389
12.338,-0.0018114
12.348,-0.0016979
12.358,-0.0015856
12.368,-0.0014743
12.378,-0.0013654
12.388,-0.0012649
12.398,-0.0011684
12.408,-0.0010692
12.418,-0.00097365
12.428,-0.00088159
12.438,-0.00078411
12.448,-0.00068545
12.458,-0.00059269
12.468,-0.00050281
12.478,-0.00040883
12.488,-0.00032027
12.498,-0.00023748
12.508,-0.00015286
12.518,-5.9129e-005
12.528,3.4764e-005
12.538,0.00013402
12.548,0.00023798
12.558,0.00033223
12.568,0.0004319
12.578,0.00054458
12.588,0.00066529
12.598,0.00079001
12.608,0.00092068
12.618,0.0010556
12.628,0.0011934
12.638,0.0013463
12.648,0.0015063
12.658,0.0016797
12.668,0.0018719
12.678,0.0020794
12.688,0.0023022
12.698,0.00254
12.708,0.0027947
12.718,0.003066
12.728,0.0033555
12.738,0.0036562
12.748,0.0039777
12.758,0.0043205
12.768,0.0046858
12.778,0.0050653
12.788,0.0054706
12.798,0.0059031
12.808,0.0063493
12.818,0.0068287
12.828,0.0073351
12.838,0.0078554
12.848,0.0083981
12.858,0.0089579
12.868,0.0095331
12.878,0.010137
12.888,0.010751
12.898,0.011382
12.908,0.012031
12.918,0.0127
12.928,0.013386
12.938,0.014082
12.948,0.014795
12.958,0.015515
12.968,0.016235
12.978,0.016955
12.988,0.017689
12.998,0.018426
13.008,0.019163
13.018,0.019895
13.028,0.020616
13.038,0.021323
13.048,0.022021
13.058,0.022698
13.068,0.023361
13.078,0.024007
13.088,0.024643
13.098,0.025258
13.108,0.025853
13.118,0.026435
13.128,0.026983
13.138,0.027499
13.148,0.027994
13.158,0.028464
13.168,0.028898
13.178,0.029289
13.188,0.029642
13.198,0.029954
13.208,0.030231
13.218,0.030465
13.228,0.030653
13.238,0.030799
13.248,0.030894
13.258,0.030952
13.268,0.030961
13.278,0.030925
13.288,0.030846
13.298,0.030725
13.308,0.030554
13.318,0.03034
13.328,0.030084
13.338,0.029795
13.348,0.029456
13.358,0.029089
13.368,0.028695
13.378,0.028276
13.388,0.027821
13.398,0.027336
13.408,0.026826
13.418,0.026297
13.428,0.025741
13.438,0.025166
13.448,0.024583
13.458,0.023992
13.468,0.023386
13.478,0.022763
13.488,0.022133
13.498,0.02151
13.508,0.020892
13.518,0.02027
13.528,0.019646
13.538,0.019047
13.548,0.018455
13.558,0.017872
13.568,0.017301
13.578,0.01674
13.588,0.01619
13.598,0.015654
13.608,0.015138
13.618,0.014646
13.628,0.014164
13.638,0.013708
13.648,0.013274
13.658,0.012859
13.668,0.012461
13.678,0.012074
13.688,0.011706
13.698,0.011361
13.708,0.011027
13.718,0.010692
13.728,0.010372
13.738,0.010072
13.748,0.0097987
13.758,0.0095289
13.768,0.0092589
13.778,0.0090006
13.788,0.0087497
13.798,0.0084894
13.808,0.008217
13.818,0.0079461
13.828,0.0076681
13.838,0.0073724
13.848,0.0070512
13.858,0.0067144
13.868,0.0063492
13.878,0.005958
13.888,0.0055317
13.898,0.0050777
13.908,0.0045801
13.918,0.0040494
13.928,0.003484
13.938,0.0028735
13.948,0.0022187
13.958,0.0015126
13.968,0.00074899
13.978,-6.4104e-005
13.988,-0.00093522
13.998,-0.0018722
14.008,-0.0028764
14.018,-0.0039447
14.028,-0.005066
14.038,-0.0062433
14.048,-0.0074793
14.058,-0.0087836
14.068,-0.010165
14.078,-0.011607
14.088,-0.013102
14.098,-0.014656
14.108,-0.016277
14.118,-0.017956
14.128,-0.019681
14.138,-0.021452
14.148,-0.023266
14.158,-0.025137
14.168,-0.027052
14.178,-0.029012
14.188,-0.031001
14.198,-0.033028
14.208,-0.035098
14.218,-0.037195
14.228,-0.039325
14.238,-0.041473
14.248,-0.04365
14.258,-0.045855
14.268,-0.048077
14.278,-0.05032
14.288,-0.052587
14.298,-0.054849
14.308,-0.057108
14.318,-0.059384
14.328,-0.061638
14.338,-0.063863
14.348,-0.06617
14.358,-0.068448
14.368,-0.070711
14.378,-0.072979
14.388,-0.075106
14.398,-0.07724
14.408,-0.079285
14.418,-0.081277
14.428,-0.083205
14.438,-0.085112
14.448,-0.086977
14.458,-0.088748
14.468,-0.090478
14.478,-0.092155
14.488,-0.093778
14.498,-0.09532
14.508,-0.096807
14.518,-0.09824
14.528,-0.099606
14.538,-0.1009
14.548,-0.10213
14.558,-0.10331
14.567,-0.10442
14.577,-0.10548
14.587,-0.10647
14.597,-0.10739
14.607,-0.10826
14.617,-0.10908
14.627,-0.10984
14.637,-0.11056
14.647,-0.11124
14.657,-0.11187
14.667,-0.11247
14.677,-0.11302
14.687,-0.11355
14.697,-0.11404
14.707,-0.11451
14.717,-0.11495
14.727,-0.11537
14.737,-0.11577
14.747,-0.11616
14.757,-0.11654
14.767,-0.1169
14.777,-0.11725
14.787,-0.11759
14.797,-0.11794
14.807,-0.11829
14.817,-0.11863
14.827,-0.119
14.837,-0.11936
14.847,-0.11974
14.857,-0.12013
14.867,-0.12054
14.877,-0.12097
14.887,-0.12141
14.897,-0.12187
14.907,-0.12234
14.917,-0.12282
14.927,-0.12334
14.937,-0.12388
14.947,-0.12444
14.957,-0.12501
14.967,-0.1256
14.977,-0.12621
14.987,-0.12684
14.997,-0.1275
15.007,-0.12817
15.017,-0.12886
15.027,-0.12958
15.037,-0.13032
15.047,-0.13108
15.057,-0.13186
15.067,-0.13265
15.077,-0.13346
15.087,-0.13429
15.097,-0.13514
15.107,-0.136
15.117,-0.13687
15.127,-0.13777
15.137,-0.13867
15.147,-0.1396
15.157,-0.14053
15.167,-0.14148
15.177,-0.14244
15.187,-0.14342
15.197,-0.14443
15.207,-0.14545
15.217,-0.14648
15.227,-0.14752
15.237,-0.14857
15.247,-0.14964
15.257,-0.15073
15.267,-0.15184
15.277,-0.15297
15.287,-0.15411
15.297,-0.15528
15.307,-0.15646
15.317,-0.15767
15.327,-0.15891
15.337,-0.16015
15.347,-0.16144
15.357,-0.16276
15.367,-0.16413
15.377,-0.16552
15.387,-0.16696
15.397,-0.16843
15.407,-0.16994
15.417,-0.1715
15.427,-0.17312
15.437,-0.17478
15.447,-0.17651
15.457,-0.17829
15.467,-0.18013
15.477,-0.18202
15.487,-0.18397
15.497,-0.18597
15.507,-0.18802
15.517,-0.19015
15.527,-0.19234
15.537,-0.19461
15.547,-0.19694
15.557,-0.19935
15.567,-0.20184
15.577,-0.2044
15.587,-0.20704
15.597,-0.20976
15.607,-0.21254
15.617,-0.2154
15.627,-0.21833
15.637,-0.22136
15.647,-0.22446
15.657,-0.22762
15.667,-0.23088
15.677,-0.2342
15.687,-0.23762
15.697,-0.24114
15.707,-0.24476
15.717,-0.24844
15.727,-0.25221
15.737,-0.25609
15.747,-0.26007
15.757,-0.26412
15.767,-0.26829
15.777,-0.27255
15.787,-0.27692
15.797,-0.28137
15.807,-0.28589
15.817,-0.29051
15.827,-0.29523
15.837,-0.30002
15.847,-0.30491
15.857,-0.30988
15.867,-0.31495
15.877,-0.32015
15.887,-0.32547
15.897,-0.33086
15.907,-0.33629
15.917,-0.34183
15.927,-0.34749
15.937,-0.35328
15.947,-0.35918
15.957,-0.36515
15.967,-0.37126
15.977,-0.37745
15.987,-0.38377
15.997,-0.39023
16.007,-0.39679
16.017,-0.4034
16.027,-0.41014
16.037,-0.41701
16.047,-0.42399
16.057,-0.43113
16.067,-0.43839
16.077,-0.44576
16.087,-0.45335
16.097,-0.46104
16.107,-0.46886
16.117,-0.47681
16.127,-0.48486
16.137,-0.49303
16.147,-0.50137
16.157,-0.50979
16.167,-0.51834
16.177,-0.52704
16.187,-0.53589
16.197,-0.54487
16.207,-0.55403
16.217,-0.56327
16.227,-0.57257
16.237,-0.58202
16.247,-0.59165
16.257,-0.60136
16.267,-0.61122
16.277,-0.62121
16.287,-0.63136
16.297,-0.64172
16.307,-0.65218
16.317,-0.66273
16.327,-0.67346
16.337,-0.6843
16.347,-0.6953
16.357,-0.70643
16.367,-0.71772
16.377,-0.72906
16.387,-0.74057
16.397,-0.75217
16.407,-0.76387
16.417,-0.77563
16.427,-0.78742
16.437,-0.79933
16.447,-0.81133
16.457,-0.82342
16.467,-0.83549
16.477,-0.84769
16.487,-0.85997
16.497,-0.87221
16.507,-0.88457
16.517,-0.89691
16.527,-0.90927
16.537,-0.92166
16.547,-0.93411
16.557,-0.94657
16.567,-0.95905
16.577,-0.97146
16.587,-0.9838
16.597,-0.99611
16.607,-1.0084
16.617,-1.0206
16.627,-1.0327
16.637,-1.0446
16.647,-1.0565
16.657,-1.0681
16.667,-1.0796
16.677,-1.0908
16.687,-1.1019
16.697,-1.1128
16.707,-1.1235
16.717,-1.1339
16.727,-1.144
16.737,-1.1537
16.747,-1.1631
16.757,-1.172
16.767,-1.1806
16.777,-1.1888
16.787,-1.1965
16.797,-1.2038
16.807,-1.2106
16.817,-1.2169
16.827,-1.2227
16.837,-1.2279
16.847,-1.2326
16.857,-1.2366
16.867,-1.2401
16.877,-1.2429
16.887,-1.245
16.897,-1.2465
16.907,-1.2473
16.917,-1.2474
16.927,-1.2467
16.937,-1.2453
16.947,-1.2431
16.957,-1.2402
16.967,-1.2364
16.977,-1.2318
16.987,-1.2264
16.997,-1.2202
17.007,-1.2132
17.017,-1.2053
17.027,-1.1966
17.037,-1.1872
17.047,-1.1769
17.057,-1.1657
17.067,-1.1537
17.077,-1.1409
17.087,-1.1272
17.097,-1.1127
17.107,-1.0974
17.117,-1.0812
17.127,-1.0642
17.137,-1.0465
17.147,-1.0281
17.157,-1.009
17.167,-0.98923
17.177,-0.96878
17.187,-0.94796
17.197,-0.92655
17.207,-0.90448
17.217,-0.88181
17.227,-0.85871
17.237,-0.83509
17.247,-0.81116
17.257,-0.78684
17.267,-0.76198
17.277,-0.73671
17.287,-0.71124
17.297,-0.68569
17.307,-0.65985
17.317,-0.63361
17.327,-0.60732
17.337,-0.5809
17.347,-0.55439
17.357,-0.52762
17.367,-0.50102
17.377,-0.47455
17.387,-0.44803
17.397,-0.42143
17.407,-0.39477
17.417,-0.36805
17.427,-0.34171
17.437,-0.31542
17.447,-0.28923
17.457,-0.26316
17.467,-0.23721
17.477,-0.21125
17.487,-0.18532
17.497,-0.15967
17.507,-0.13413
17.517,-0.1084
17.527,-0.08279
17.537,-0.057381
17.547,-0.032117
17.557,-0.0069671
17.567,0.018323
17.577,0.043569
17.587,0.068936
17.597,0.094453
17.607,0.11989
17.617,0.14529
17.627,0.17105
17.637,0.19708
17.647,0.22318
17.657,0.24938
17.667,0.27576
17.677,0.30249
17.687,0.32946
17.697,0.35678
17.707,0.38451
17.717,0.41265
17.727,0.44122
17.737,0.47025
17.747,0.49973
17.757,0.5295
17.767,0.55996
17.777,0.59094
17.787,0.62263
17.797,0.65489
17.807,0.68788
17.817,0.72145
17.827,0.75595
17.837,0.79099
17.847,0.82666
17.857,0.86292
17.867,0.89974
17.877,0.93719
17.887,0.97522
17.897,1.0138
17.907,1.0532
17.917,1.0931
17.927,1.1338
17.937,1.1752
17.947,1.2169
17.957,1.259
17.967,1.3016
17.977,1.3448
17.987,1.3884
17.997,1.4328
18.007,1.4774
18.017,1.5223
18.027,1.5675
18.037,1.613
18.047,1.6585
18.057,1.7042
18.067,1.7495
18.077,1.7949
18.087,1.8407
18.097,1.8868
18.107,1.9327
18.117,1.9786
18.127,2.0238
18.137,2.0687
18.147,2.1133
18.157,2.1574
18.167,2.2012
18.177,2.2446
18.187,2.2872
18.197,2.3292
18.207,2.3706
18.217,2.4112
18.227,2.4509
18.237,2.4897
18.247,2.5275
18.257,2.5645
18.267,2.6005
18.277,2.6352
18.287,2.6687
18.297,2.7012
18.307,2.7325
18.317,2.7625
18.327,2.7914
18.337,2.8191
18.347,2.8454
18.357,2.8704
18.367,2.894
18.377,2.9162
18.387,2.9369
18.397,2.956
18.407,2.9736
18.417,2.9897
18.427,3.0041
18.437,3.0169
18.447,3.0282
18.457,3.0378
18.467,3.0457
18.477,3.0519
18.487,3.0565
18.497,3.0594
18.507,3.0605
18.517,3.06
18.527,3.0578
18.537,3.0539
18.547,3.0482
18.557,3.0409
18.567,3.0318
18.577,3.021
18.587,3.0086
18.597,2.9945
18.607,2.9787
18.617,2.9612
18.627,2.942
18.637,2.9212
18.647,2.8988
18.657,2.8749
18.667,2.8494
18.677,2.8224
18.687,2.7939
18.697,2.7639
18.707,2.7324
18.717,2.6996
18.727,2.6652
18.737,2.6292
18.747,2.5922
18.757,2.5539
18.767,2.5143
18.777,2.4733
18.787,2.4308
18.797,2.3876
18.807,2.3432
18.817,2.2978
18.827,2.2515
18.837,2.2039
18.847,2.1557
18.857,2.1068
18.867,2.0571
18.877,2.0069
18.887,1.9559
18.897,1.9042
18.907,1.8522
18.917,1.7996
18.927,1.7465
18.937,1.6928
18.947,1.6387
18.957,1.5845
18.967,1.5296
18.977,1.4746
18.987,1.42
18.997,1.3653
19.007,1.31
19.017,1.2546
19.027,1.1992
19.037,1.144
19.047,1.0889
19.057,1.034
19.067,0.97954
19.077,0.9254
19.087,0.87146
19.097,0.81795
19.107,0.7648
19.117,0.71216
19.127,0.6601
19.137,0.60864
19.147,0.55802
19.157,0.50809
19.167,0.45902
19.177,0.41085
19.187,0.36328
19.197,0.3163
19.207,0.26997
19.217,0.22428
19.227,0.17971
19.237,0.13644
19.247,0.093885
19.257,0.052314
19.267,0.011686
19.277,-0.027924
19.287,-0.066434
19.297,-0.10403
19.307,-0.14069
19.317,-0.17637
19.327,-0.21088
19.337,-0.24435
19.347,-0.27676
19.357,-0.30817
19.367,-0.33817
19.377,-0.36727
19.387,-0.39549
19.397,-0.42255
19.407,-0.44847
19.417,-0.47333
19.427,-0.4971
19.437,-0.51975
19.447,-0.54132
19.457,-0.56196
19.467,-0.58175
19.477,-0.60056
19.487,-0.61844
19.497,-0.63531
19.507,-0.6513
19.517,-0.66617
19.527,-0.6801
19.537,-0.69307
19.547,-0.70517
19.557,-0.71642
19.567,-0.72683
19.577,-0.73649
19.587,-0.74528
19.597,-0.75322
19.607,-0.76038
19.617,-0.76679
19.627,-0.77245
19.637,-0.7774
19.647,-0.78166
19.657,-0.78532
19.667,-0.78834
19.677,-0.79072
19.687,-0.79249
19.697,-0.79367
19.707,-0.79431
19.717,-0.7944
19.727,-0.79398
19.737,-0.79306
19.747,-0.79168
19.757,-0.78985
19.767,-0.78759
19.777,-0.7849
19.787,-0.78182
19.797,-0.77838
19.807,-0.77458
19.817,-0.77041
19.827,-0.76595
19.837,-0.76121
19.847,-0.75615
19.857,-0.75082
19.867,-0.74524
19.877,-0.73942
19.887,-0.73337
19.897,-0.72719
19.907,-0.72085
19.917,-0.71426
19.927,-0.70751
19.937,-0.70063
19.947,-0.69361
19.957,-0.6865
19.967,-0.67937
19.977,-0.67217
19.987,-0.66493
19.997,-0.65763
20.007,-0.65031
20.017,-0.64297
20.027,-0.6356
20.037,-0.6282
20.047,-0.62087
20.057,-0.6136
20.067,-0.60638
20.077,-0.59915
20.087,-0.59199
20.097,-0.58491
20.107,-0.57794
20.117,-0.5711
20.127,-0.56435
20.137,-0.55769
20.147,-0.55117
20.157,-0.54479
20.167,-0.53859
20.177,-0.53253
20.187,-0.52657
20.197,-0.52072
20.207,-0.51505
20.217,-0.50952
20.227,-0.50414
20.237,-0.49894
20.247,-0.49392
20.257,-0.48905
20.267,-0.48433
20.277,-0.47981
20.287,-0.47549
20.297,-0.47134
20.307,-0.46738
20.317,-0.46359
20.327,-0.45998
20.337,-0.45654
20.347,-0.45327
20.357,-0.4502
20.367,-0.44732
20.377,-0.44462
20.386,-0.44213
20.396,-0.43983
20.406,-0.43771
20.416,-0.43576
20.426,-0.434
20.436,-0.43243
20.446,-0.43104
20.456,-0.42982
20.466,-0.42879
20.476,-0.42793
20.486,-0.42726
20.496,-0.42677
20.506,-0.42644
20.516,-0.42628
20.526,-0.42627
20.536,-0.42643
20.546,-0.42674
20.556,-0.42721
20.566,-0.42783
20.576,-0.42859
20.586,-0.42949
20.596,-0.43051
20.606,-0.43166
20.616,-0.43294
20.626,-0.43434
20.636,-0.43586
20.646,-0.43747
20.656,-0.43918
20.666,-0.44097
20.676,-0.44284
20.686,-0.44478
20.696,-0.44681
20.706,-0.4489
20.716,-0.451
20.726,-0.45317
20.736,-0.45538
20.746,-0.45762
20.756,-0.45987
20.766,-0.46211
20.776,-0.46436
20.786,-0.46662
20.796,-0.46888
20.806,-0.4711
20.816,-0.47328
20.826,-0.47542
20.836,-0.47754
20.846,-0.47961
20.856,-0.4816
20.866,-0.48352
20.876,-0.48537
20.886,-0.48714
20.896,-0.48879
20.906,-0.49032
20.916,-0.49173
20.926,-0.49302
20.936,-0.49418
20.946,-0.4952
20.956,-0.49607
20.966,-0.49678
20.976,-0.49733
20.986,-0.49772
20.996,-0.49795
21.006,-0.498
21.016,-0.49787
21.026,-0.49755
21.036,-0.49703
21.046,-0.49634
21.056,-0.49547
21.066,-0.49439
21.076,-0.49312
21.086,-0.49166
21.096,-0.49001
21.106,-0.48821
21.116,-0.4862
21.126,-0.48402
21.136,-0.48167
21.146,-0.47917
21.156,-0.47646
21.166,-0.47358
21.176,-0.47055
21.186,-0.46737
21.196,-0.46408
21.206,-0.46061
21.216,-0.45697
21.226,-0.45324
21.236,-0.4494
21.246,-0.44543
21.256,-0.44135
21.266,-0.43719
21.276,-0.43291
21.286,-0.42855
21.296,-0.42415
21.306,-0.41969
21.316,-0.41513
21.326,-0.4105
21.336,-0.40586
21.346,-0.40122
21.356,-0.39654
21.366,-0.39181
21.376,-0.38704
21.386,-0.38229
21.396,-0.37751
21.406,-0.37267
21.416,-0.36784
21.426,-0.36302
21.436,-0.35826
21.446,-0.35353
21.456,-0.34878
21.466,-0.34408
21.476,-0.33946
21.486,-0.33494
21.496,-0.33048
21.506,-0.32608
21.516,-0.32169
21.526,-0.31737
21.536,-0.31311
21.546,-0.30889
21.556,-0.30473
21.566,-0.30062
21.576,-0.29657
21.586,-0.29255
21.596,-0.28856
21.606,-0.2846
21.616,-0.28071
21.626,-0.27689
21.636,-0.2731
21.646,-0.26937
21.656,-0.26567
21.666,-0.26201
21.676,-0.25838
21.686,-0.25473
21.696,-0.25113
21.706,-0.24758
21.716,-0.24406
21.726,-0.24055
21.736,-0.23706
21.746,-0.23361
21.756,-0.23024
21.766,-0.2269
21.776,-0.22357
21.786,-0.22026
21.796,-0.21698
21.806,-0.21375
21.816,-0.21056
21.826,-0.20737
21.836,-0.20417
21.846,-0.201
21.856,-0.19791
21.866,-0.19484
21.876,-0.19176
21.886,-0.18868
21.896,-0.18565
21.906,-0.18266
21.916,-0.17969
21.926,-0.17675
21.936,-0.17382
21.946,-0.17095
21.956,-0.16813
21.966,-0.16531
21.976,-0.16255
21.986,-0.15985
21.996,-0.15719
22.006,-0.15461
22.016,-0.15208
22.026,-0.14958
22.036,-0.14717
22.046,-0.14486
22.056,-0.1426
22.066,-0.14039
22.076,-0.13825
22.086,-0.13621
22.096,-0.13423
22.106,-0.13232
22.116,-0.13049
22.126,-0.12871
22.136,-0.12701
22.146,-0.12538
22.156,-0.12381
22.166,-0.12229
22.176,-0.12085
22.186,-0.11948
22.196,-0.11819
22.206,-0.11694
22.216,-0.11574
22.226,-0.11461
22.236,-0.11354
22.246,-0.11252
22.256,-0.11155
22.266,-0.1106
22.276,-0.10971
22.286,-0.10886
22.296,-0.10804
22.306,-0.10725
22.316,-0.10646
22.326,-0.10571
22.336,-0.10496
22.346,-0.10422
22.356,-0.10347
22.366,-0.10273
22.376,-0.10199
22.386,-0.10125
22.396,-0.10048
22.406,-0.099698
22.416,-0.098901
22.426,-0.098088
22.436,-0.097237
22.446,-0.096348
22.456,-0.095431
22.466,-0.094479
22.476,-0.0935
22.486,-0.092467
22.496,-0.091373
22.506,-0.090224
22.516,-0.089053
22.526,-0.087821
22.536,-0.086532
22.546,-0.085169
22.556,-0.083759
22.566,-0.082308
22.576,-0.080787
22.586,-0.079184
22.596,-0.077528
22.606,-0.075827
22.616,-0.074074
22.626,-0.07226
22.636,-0.070369
22.646,-0.068425
22.656,-0.066426
22.666,-0.06437
22.676,-0.062249
22.686,-0.060058
22.696,-0.057804
22.706,-0.055531
22.716,-0.053196
22.726,-0.050803
22.736,-0.048364
22.746,-0.045856
22.756,-0.043319
22.766,-0.040744
22.776,-0.038094
22.786,-0.035422
22.796,-0.032734
22.806,-0.030028
22.816,-0.027292
22.826,-0.024526
22.836,-0.021751
22.846,-0.018969
22.856,-0.016144
22.866,-0.013313
22.876,-0.010453
22.886,-0.0075718
22.896,-0.004748
22.906,-0.0019238
22.916,0.00093311
22.926,0.0037936
22.936,0.0066159
22.946,0.0093887
22.956,0.012133
22.966,0.014872
22.976,0.017596
22.986,0.020261
22.996,0.022866
23.006,0.025424
23.016,0.027964
23.026,0.030455
23.036,0.032862
23.046,0.035201
23.056,0.037469
23.066,0.039693
23.076,0.041833
23.086,0.043874
23.096,0.045842
23.106,0.047739
23.116,0.049568
23.126,0.051306
23.136,0.052946
23.146,0.05448
23.156,0.055915
23.166,0.057281
23.176,0.058545
23.186,0.059694
23.196,0.060728
23.206,0.061668
23.216,0.062502
23.226,0.063223
23.236,0.063838
23.246,0.064332
23.256,0.064714
23.266,0.064977
23.276,0.065127
23.286,0.065158
23.296,0.065071
23.306,0.064865
23.316,0.064544
23.326,0.064111
23.336,0.063561
23.346,0.062881
23.356,0.062074
23.366,0.061161
23.376,0.060148
23.386,0.059022
23.396,0.057752
23.406,0.05638
23.416,0.054904
23.426,0.053321
23.436,0.051641
23.446,0.049832
23.456,0.047927
23.466,0.045913
23.476,0.043804
23.486,0.041609
23.496,0.039299
23.506,0.036893
23.516,0.034392
23.526,0.031831
23.536,0.029149
23.546,0.026351
23.556,0.02347
23.566,0.020558
23.576,0.017586
23.586,0.014478
23.596,0.011316
23.606,0.0081235
23.616,0.0049041
23.626,0.0016249
23.636,-0.0017549
23.646,-0.0051663
23.656,-0.0086217
23.666,-0.012101
23.676,-0.015641
23.686,-0.019214
23.696,-0.022797
23.706,-0.026414
23.716,-0.030031
23.726,-0.033711
23.736,-0.037412
23.746,-0.041107
23.756,-0.044765
23.766,-0.048429
23.776,-0.052164
23.786,-0.055854
23.796,-0.059464
23.806,-0.063031
23.816,-0.066601
23.826,-0.0702
23.836,-0.073742
23.846,-0.077222
23.856,-0.080636
23.866,-0.08403
23.876,-0.087395
23.886,-0.090715
23.896,-0.093952
23.906,-0.097108
23.916,-0.10023
23.926,-0.1033
23.936,-0.1063
23.946,-0.10921
23.956,-0.11204
23.966,-0.11483
23.976,-0.11754
23.986,-0.12015
23.996,-0.12266
24.006,-0.12511
24.016,-0.12749
24.026,-0.12976
24.036,-0.13193
24.046,-0.13401
24.056,-0.13603
24.066,-0.13796
24.076,-0.13981
24.086,-0.14158
24.096,-0.14326
24.106,-0.14486
24.116,-0.14638
24.126,-0.14781
24.136,-0.14916
24.146,-0.15042
24.156,-0.1516
24.166,-0.15271
24.176,-0.15373
24.186,-0.15467
24.196,-0.15554
24.206,-0.15635
24.216,-0.15709
24.226,-0.15776
24.236,-0.15835
24.246,-0.15889
24.256,-0.15937
24.266,-0.15979
24.276,-0.16016
24.286,-0.16049
24.296,-0.16078
24.306,-0.16101
24.316,-0.1612
24.326,-0.16134
24.336,-0.16143
24.346,-0.16148
24.356,-0.1615
24.366,-0.16148
24.376,-0.16142
24.386,-0.16133
24.396,-0.16121
24.406,-0.16106
24.416,-0.16088
24.426,-0.16068
24.436,-0.16044
24.446,-0.16018
24.456,-0.15991
24.466,-0.15961
24.476,-0.15929
24.486,-0.15894
24.496,-0.15858
24.506,-0.15819
24.516,-0.1578
24.526,-0.15738
24.536,-0.15694
24.546,-0.15649
24.556,-0.15603
24.566,-0.15555
24.576,-0.15505
24.586,-0.15453
24.596,-0.154
24.606,-0.15347
24.616,-0.15292
24.626,-0.15236
24.636,-0.15178
24.646,-0.1512
24.656,-0.15062
24.666,-0.15003
24.676,-0.14944
24.686,-0.14882
24.696,-0.14821
24.706,-0.14759
24.716,-0.14697
24.726,-0.14634
24.736,-0.1457
24.746,-0.14504
24.756,-0.14438
24.766,-0.14371
24.776,-0.14304
24.786,-0.14236
24.796,-0.14169
24.806,-0.14102
24.816,-0.14036
24.826,-0.1397
24.836,-0.13903
24.846,-0.13835
24.856,-0.13767
24.866,-0.13701
24.876,-0.13635
24.886,-0.13569
24.896,-0.13503
24.906,-0.13438
24.916,-0.13373
24.926,-0.1331
24.936,-0.13247
24.946,-0.13185
24.956,-0.13124
24.966,-0.13064
24.976,-0.13006
24.986,-0.1295
24.996,-0.12896
25.006,-0.12843
25.016,-0.12791
25.026,-0.12739
25.036,-0.12691
25.046,-0.12645
25.056,-0.12602
25.066,-0.1256
25.076,-0.12519
25.086,-0.12481
25.096,-0.12446
25.106,-0.12413
25.116,-0.12382
25.126,-0.12354
25.136,-0.12329
25.146,-0.12306
25.156,-0.12284
25.166,-0.12266
25.176,-0.1225
25.186,-0.12236
25.196,-0.12224
25.206,-0.12214
25.216,-0.12206
25.226,-0.122
25.236,-0.12196
25.246,-0.12193
25.256,-0.12192
25.266,-0.12191
25.276,-0.12192
25.286,-0.12195
25.296,-0.122
25.306,-0.12205
25.316,-0.12211
25.326,-0.12217
25.336,-0.12223
25.346,-0.1223
25.356,-0.12235
25.366,-0.1224
25.376,-0.12243
25.386,-0.12246
25.396,-0.12248
25.406,-0.1225
25.416,-0.12249
25.426,-0.12246
25.436,-0.12243
25.446,-0.12237
25.456,-0.12228
25.466,-0.12217
25.476,-0.12203
25.486,-0.12187
25.496,-0.12167
25.506,-0.12143
25.516,-0.12117
25.526,-0.12087
25.536,-0.12052
25.546,-0.12013
25.556,-0.1197
25.566,-0.11922
25.576,-0.1187
25.586,-0.11813
25.596,-0.11752
25.606,-0.11686
25.616,-0.11615
25.626,-0.1154
25.636,-0.11459
25.646,-0.11374
25.656,-0.11284
25.666,-0.11189
25.676,-0.1109
25.686,-0.10985
25.696,-0.10877
25.706,-0.10763
25.716,-0.10643
25.726,-0.10519
25.736,-0.10391
25.746,-0.10258
25.756,-0.1012
25.766,-0.099777
25.776,-0.098308
25.786,-0.096809
25.796,-0.095283
25.806,-0.093718
25.816,-0.092113
25.826,-0.090475
25.836,-0.088817
25.846,-0.087139
25.856,-0.085436
25.866,-0.083704
25.876,-0.081947
25.886,-0.080173
25.896,-0.078381
25.906,-0.076577
25.916,-0.074759
25.926,-0.072918
25.936,-0.07108
25.946,-0.069247
25.956,-0.067424
25.966,-0.065597
25.976,-0.063764
25.986,-0.061939
25.996,-0.060126
26.006,-0.058333
26.016,-0.056559
26.026,-0.054801
26.036,-0.053072
26.046,-0.051373
26.056,-0.049703
26.066,-0.048074
26.076,-0.046478
26.086,-0.044905
26.096,-0.043365
26.106,-0.041861
26.116,-0.040388
26.126,-0.038972
26.136,-0.037603
26.146,-0.036271
26.156,-0.034986
26.166,-0.033751
26.176,-0.032574
26.186,-0.031443
26.196,-0.030368
26.205,-0.029353
26.215,-0.028393
26.225,-0.027496
26.235,-0.026659
26.245,-0.025877
26.255,-0.025156
26.265,-0.024493
26.275,-0.023894
26.285,-0.023358
26.295,-0.022872
26.305,-0.022455
26.315,-0.022096
26.325,-0.021794
26.335,-0.021554
26.345,-0.021372
26.355,-0.021244
26.365,-0.021167
26.375,-0.021145
26.385,-0.021177
26.395,-0.021264
26.405,-0.021401
26.415,-0.021581
26.425,-0.021807
26.435,-0.02208
26.445,-0.022391
26.455,-0.022738
26.465,-0.023117
26.475,-0.023521
26.485,-0.02395
26.495,-0.0244
26.505,-0.024878
26.515,-0.025382
26.525,-0.025905
26.535,-0.026437
26.545,-0.026985
26.555,-0.02754
26.565,-0.028105
26.575,-0.028665
26.585,-0.029227
26.595,-0.029789
26.605,-0.030352
26.615,-0.030915
26.625,-0.031472
26.635,-0.032023
26.645,-0.032556
26.655,-0.033063
26.665,-0.033546
26.675,-0.034012
26.685,-0.034455
26.695,-0.034871
26.705,-0.035254
26.715,-0.035601
26.725,-0.035918
26.735,-0.036203
26.745,-0.036445
26.755,-0.036641
26.765,-0.03679
26.775,-0.0369
26.785,-0.036967
26.795,-0.036983
26.805,-0.03695
26.815,-0.036878
26.825,-0.036758
26.835,-0.03658
26.845,-0.036351
26.855,-0.03608
26.865,-0.035758
26.875,-0.035382
26.885,-0.03495
26.895,-0.034471
26.905,-0.033944
26.915,-0.03337
26.925,-0.032747
26.935,-0.032081
26.945,-0.031378
26.955,-0.030633
26.965,-0.029842
26.975,-0.029004
26.985,-0.028114
26.995,-0.027182
27.005,-0.026222
27.015,-0.025228
27.025,-0.024207
27.035,-0.023154
27.045,-0.022066
27.055,-0.020943
27.065,-0.019804
27.075,-0.018647
27.085,-0.01747
27.095,-0.01627
27.105,-0.015059
27.115,-0.013836
27.125,-0.012607
27.135,-0.011378
27.145,-0.010146
27.155,-0.008907
27.165,-0.0076547
27.175,-0.0064084
27.185,-0.0051661
27.195,-0.0039341
27.205,-0.0027134
27.215,-0.0014925
27.225,-0.00028025
27.235,0.00091801
27.245,0.0021015
27.255,0.0032616
27.265,0.0044037
27.275,0.0055228
27.285,0.0066132
27.295,0.0076706
27.305,0.0087153
27.315,0.0097406
27.325,0.010749
27.335,0.011729
27.345,0.012686
27.355,0.013617
27.365,0.014512
27.375,0.015368
27.385,0.016195
27.395,0.01699
27.405,0.017753
27.415,0.018486
27.425,0.019188
27.435,0.019859
27.445,0.020498
27.455,0.0211
27.465,0.021665
27.475,0.022207
27.485,0.022731
27.495,0.023226
27.505,0.023699
27.515,0.02415
27.525,0.024574
27.535,0.024979
27.545,0.025367
27.555,0.02573
27.565,0.026074
27.575,0.026407
27.585,0.026722
27.595,0.027027
27.605,0.027317
27.615,0.027602
27.625,0.027878
27.635,0.028137
27.645,0.028393
27.655,0.028641
27.665,0.028886
27.675,0.029125
27.685,0.029358
27.695,0.029587
27.705,0.029817
27.715,0.030046
27.725,0.030275
27.735,0.030517
27.745,0.030763
27.755,0.031007
27.765,0.031249
27.775,0.031495
27.785,0.031753
27.795,0.032017
27.805,0.032287
27.815,0.032565
27.825,0.032852
27.835,0.033138
27.845,0.033432
27.855,0.033737
27.865,0.034045
27.875,0.03436
27.885,0.034678
27.895,0.034999
27.905,0.035326
27.915,0.035659
27.925,0.036006
27.935,0.036362
27.945,0.036724
27.955,0.037094
27.965,0.03747
27.975,0.037855
27.985,0.038234
27.995,0.038615
28.005,0.03899
28.015,0.039365
28.025,0.039744
28.035,0.040114
28.045,0.040476
28.055,0.040832
28.065,0.041195
28.075,0.041552
28.085,0.041896
28.095,0.042232
28.105,0.042555
28.115,0.042853
28.125,0.043137
28.135,0.043411
28.145,0.043664
28.155,0.043905
28.165,0.044133
28.175,0.044335
28.185,0.044512
28.195,0.044667
28.205,0.044804
28.215,0.044918
28.225,0.045001
28.235,0.045066
28.245,0.045112
28.255,0.045127
28.265,0.045119
28.275,0.045084
28.285,0.045023
28.295,0.044946
28.305,0.044833
28.315,0.04469
28.325,0.044517
28.335,0.044309
28.345,0.044071
28.355,0.043797
28.365,0.04349
28.375,0.043153
28.385,0.042784
28.395,0.042385
28.405,0.04196
28.415,0.041501
28.425,0.041009
28.435,0.040492
28.445,0.039944
28.455,0.039371
28.465,0.038769
28.475,0.038141
28.485,0.037479
28.495,0.036787
28.505,0.036065
28.515,0.035316
28.525,0.034545
28.535,0.033754
28.545,0.032942
28.555,0.032105
28.565,0.031255
28.575,0.030389
28.585,0.029508
28.595,0.028609
28.605,0.027696
28.615,0.026771
28.625,0.025837
28.635,0.024903
28.645,0.02396
28.655,0.023004
28.665,0.022044
28.675,0.021082
28.685,0.020112
28.695,0.019137
28.705,0.018156
28.715,0.017173
28.725,0.016196
28.735,0.015224
28.745,0.014257
28.755,0.013302
28.765,0.012351
28.775,0.011414
28.785,0.010487
28.795,0.0095706
28.805,0.0086617
28.815,0.0077647
28.825,0.0068931
28.835,0.0060423
28.845,0.0052119
28.855,0.0043977
28.865,0.0035981
28.875,0.0028194
28.885,0.0020583
28.895,0.0013053
28.905,0.00057461
28.915,-0.00014013
28.925,-0.00083331
28.935,-0.001505
28.945,-0.0021587
28.955,-0.0028018
28.965,-0.0034185
28.975,-0.0040089
28.985,-0.0045733
28.995,-0.0051266
29.005,-0.0056569
29.015,-0.0061739
29.025,-0.0066833
29.035,-0.0071872
29.045,-0.0076782
29.055,-0.0081516
29.065,-0.0086186
29.075,-0.0090866
29.085,-0.0095476
29.095,-0.009998
29.105,-0.010443
29.115,-0.010882
29.125,-0.011312
29.135,-0.011738
29.145,-0.012166
29.155,-0.012593
29.165,-0.013015
29.175,-0.013431
29.185,-0.013855
29.195,-0.014285
29.205,-0.014726
29.215,-0.015172
29.225,-0.015624
29.235,-0.016078
29.245,-0.01653
29.255,-0.016988
29.265,-0.017446
29.275,-0.017908
29.285,-0.018368
29.295,-0.018832
29.305,-0.0193
29.315,-0.019757
29.325,-0.020209
29.335,-0.020659
29.345,-0.021107
29.355,-0.021542
29.365,-0.021968
29.375,-0.022386
29.385,-0.022797
29.395,-0.023193
29.405,-0.02357
29.415,-0.023932
29.425,-0.024273
29.435,-0.024591
29.445,-0.024881
29.455,-0.025141
29.465,-0.025372
29.475,-0.025569
29.485,-0.025734
29.495,-0.025861
29.505,-0.025939
29.515,-0.025969
29.525,-0.025951
29.535,-0.025887
29.545,-0.025774
29.555,-0.025614
29.565,-0.025392
29.575,-0.025114
29.585,-0.024774
29.595,-0.024381
29.605,-0.023933
29.615,-0.023427
29.625,-0.022864
29.635,-0.02224
29.645,-0.021541
29.655,-0.020787
29.665,-0.019973
29.675,-0.019097
29.685,-0.018167
29.695,-0.017183
29.705,-0.016147
29.715,-0.01506
29.725,-0.013921
29.735,-0.012739
29.745,-0.011513
29.755,-0.010234
29.765,-0.0089239
29.775,-0.0075753
29.785,-0.0061833
29.795,-0.0047543
29.805,-0.0033
29.815,-0.0018299
29.825,-0.00034031
29.835,0.0011679
29.845,0.0026889
29.855,0.0042187
29.865,0.0057635
29.875,0.0073026
29.885,0.0088294
29.895,0.010348
29.905,0.011864
29.915,0.01336
29.925,0.014833
29.935,0.016275
29.945,0.017697
29.955,0.019082
29.965,0.020422
29.975,0.021726
29.985,0.023008
29.995,0.024244
30.005,0.025434
30.015,0.026581
30.025,0.027671
30.035,0.028713
30.045,0.029692
30.055,0.030621
30.065,0.031491
30.075,0.03229
30.085,0.033038
30.095,0.033728
30.105,0.034357
30.115,0.034927
30.125,0.035424
30.135,0.035857
30.145,0.036232
30.155,0.036538
30.165,0.036778
30.175,0.036965
30.185,0.037099
30.195,0.037174
30.205,0.0372
30.215,0.037176
30.225,0.0371
30.235,0.03697
30.245,0.036799
30.255,0.036585
30.265,0.036333
30.275,0.036039
30.285,0.035713
30.295,0.035349
30.305,0.034953
30.315,0.034529
30.325,0.034075
30.335,0.033602
30.345,0.033114
30.355,0.032607
30.365,0.032084
30.375,0.031541
30.385,0.030974
30.395,0.030394
30.405,0.02982
30.415,0.029245
30.425,0.028661
30.435,0.028076
30.445,0.02749
30.455,0.026908
30.465,0.026332
30.475,0.025763
30.485,0.025197
30.495,0.024638
30.505,0.024088
30.515,0.023549
30.525,0.023022
30.535,0.022507
30.545,0.022002
30.555,0.021505
30.565,0.021019
30.575,0.020545
30.585,0.020079
30.595,0.019625
30.605,0.019177
30.615,0.018738
30.625,0.018308
30.635,0.017894
30.645,0.017498
30.655,0.017107
30.665,0.01672
30.675,0.016355
30.685,0.016003
30.695,0.015655
30.705,0.015314
30.715,0.014987
30.725,0.014662
30.735,0.014347
30.745,0.014042
30.755,0.01375
30.765,0.013461
30.775,0.013171
30.785,0.012877
30.795,0.012581
30.805,0.012282
30.815,0.011982
30.825,0.011685
30.835,0.011386
30.845,0.011088
30.855,0.010788
30.865,0.010484
30.875,0.010183
30.885,0.0098743
30.895,0.0095565
30.905,0.009234
30.915,0.0089064
30.925,0.0085766
30.935,0.0082413
30.945,0.0078931
30.955,0.0075371
30.965,0.0071826
30.975,0.00682
30.985,0.0064567
30.995,0.006088
31.005,0.0057138
31.015,0.005331
31.025,0.0049486
31.035,0.0045738
31.045,0.0041913
31.055,0.0037977
31.065,0.0034034
31.075,0.0030137
31.085,0.0026271
31.095,0.0022452
31.105,0.0018679
31.115,0.0014905
31.125,0.001114
31.135,0.00075241
31.145,0.00039497
31.155,2.2219e-005
31.165,-0.00033857
31.175,-0.00067989
31.185,-0.0010131
31.195,-0.0013366
31.205,-0.0016416
31.215,-0.0019234
31.225,-0.0021861
31.235,-0.0024303
31.245,-0.0026656
31.255,-0.0028819
31.265,-0.003078
31.275,-0.0032447
31.285,-0.0033779
31.295,-0.0034808
31.305,-0.0035626
31.315,-0.0036258
31.325,-0.0036632
31.335,-0.0036656
31.345,-0.0036336
31.355,-0.0035691
31.365,-0.0034664
31.375,-0.0033338
31.385,-0.0031721
31.395,-0.0029654
31.405,-0.0027261
31.415,-0.0024492
31.425,-0.0021342
31.435,-0.00178
31.445,-0.0013919
31.455,-0.00097864
31.465,-0.00052658
31.475,-3.4973e-005
31.485,0.00048608
31.495,0.0010404
31.505,0.0016313
31.515,0.0022517
31.525,0.0028939
31.535,0.0035638
31.545,0.0042671
31.555,0.005
31.565,0.0057421
31.575,0.0064981
31.585,0.0072843
31.595,0.0080885
31.605,0.0088996
31.615,0.009721
31.625,0.010558
31.635,0.011396
31.645,0.012233
31.655,0.01307
31.665,0.013893
31.675,0.014711
31.685,0.015522
31.695,0.016322
31.705,0.017101
31.715,0.017871
31.725,0.018622
31.735,0.019346
31.745,0.02004
31.755,0.020708
31.765,0.021352
31.775,0.021973
31.785,0.022551
31.795,0.02309
31.805,0.023597
31.815,0.024072
31.825,0.024519
31.835,0.024928
31.845,0.025299
31.855,0.025627
31.865,0.025923
31.875,0.026178
31.885,0.026396
31.895,0.026574
31.905,0.026716
31.915,0.026824
31.925,0.0269
31.935,0.026933
31.945,0.026934
31.955,0.026903
31.965,0.026843
31.975,0.026747
31.985,0.026621
31.995,0.026471
32.005,0.026295
32.015,0.026099
32.025,0.025893
32.034,0.025673
32.044,0.025445
32.054,0.025194
32.064,0.024935
32.074,0.02467
32.084,0.024399
32.094,0.024126
32.104,0.023849
32.114,0.023572
32.124,0.023296
32.134,0.023029
32.144,0.022761
32.154,0.022503
32.164,0.02226
32.174,0.022038
32.184,0.021828
32.194,0.021628
32.204,0.021444
32.214,0.02128
32.224,0.021139
32.234,0.021013
32.244,0.020912
32.254,0.020825
32.264,0.020763
32.274,0.020716
32.284,0.020688
32.294,0.020687
32.304,0.020711
32.314,0.020752
32.324,0.020809
32.334,0.020888
32.344,0.020986
32.354,0.021102
32.364,0.021229
32.374,0.021362
32.384,0.021506
32.394,0.021673
32.404,0.02185
32.414,0.022041
32.424,0.022234
32.434,0.022439
32.444,0.022654
32.454,0.022869
32.464,0.023092
32.474,0.023329
32.484,0.023578
32.494,0.023834
32.504,0.024087
32.514,0.024339
32.524,0.024586
32.534,0.024833
32.544,0.025085
32.554,0.025334
32.564,0.025569
32.574,0.025787
32.584,0.026
32.594,0.026213
32.604,0.026425
32.614,0.026624
32.624,0.026801
32.634,0.02696
32.644,0.027103
32.654,0.027232
32.664,0.02734
32.674,0.027432
32.684,0.027509
32.694,0.027568
32.704,0.027608
32.714,0.027622
32.724,0.027617
32.734,0.027592
32.744,0.027541
32.754,0.027468
32.764,0.027372
32.774,0.027254
32.784,0.027104
32.794,0.02692
32.804,0.026713
32.814,0.026476
32.824,0.026213
32.834,0.025919
32.844,0.025603
32.854,0.025261
32.864,0.024895
32.874,0.02451
32.884,0.024099
32.894,0.023671
32.904,0.023229
32.914,0.022763
32.924,0.022279
32.934,0.021792
32.944,0.021299
32.954,0.020798
32.964,0.020296
32.974,0.019786
32.984,0.019267
32.994,0.018746
33.004,0.018233
33.014,0.017722
33.024,0.017219
33.034,0.016729
33.044,0.016246
33.054,0.015772
33.064,0.015317
33.074,0.014892
33.084,0.014488
33.094,0.014118
33.104,0.013774
33.114,0.013465
33.124,0.013188
33.134,0.012958
33.144,0.012774
33.154,0.012622
33.164,0.012517
33.174,0.012454
33.184,0.012437
33.194,0.01247
33.204,0.012556
33.214,0.012692
33.224,0.012878
33.234,0.013115
33.244,0.013408
33.254,0.01376
33.264,0.014156
33.274,0.014614
33.284,0.015127
33.294,0.015684
33.304,0.016296
33.314,0.016951
33.324,0.017645
33.334,0.018383
33.344,0.019167
33.354,0.01998
33.364,0.020822
33.374,0.021703
33.384,0.02262
33.394,0.02356
33.404,0.024517
33.414,0.025489
33.424,0.026479
33.434,0.027467
33.444,0.028463
33.454,0.029455
33.464,0.030443
33.474,0.03142
33.484,0.032389
33.494,0.033335
33.504,0.03426
33.514,0.035172
33.524,0.036059
33.534,0.036911
33.544,0.037736
33.554,0.038517
33.564,0.039259
33.574,0.039961
33.584,0.04061
33.594,0.041207
33.604,0.041754
33.614,0.04225
33.624,0.042686
33.634,0.043063
33.644,0.043395
33.654,0.043668
33.664,0.04389
33.674,0.044044
33.684,0.044137
33.694,0.044171
33.704,0.04415
33.714,0.044077
33.724,0.043948
33.734,0.043768
33.744,0.043535
33.754,0.043261
33.764,0.04295
33.774,0.042595
33.784,0.042195
33.794,0.041765
33.804,0.041308
33.814,0.040817
33.824,0.040295
33.834,0.039758
33.844,0.039203
33.854,0.038626
33.864,0.038031
33.874,0.037438
33.884,0.036836
33.894,0.036229
33.904,0.035613
33.914,0.035
33.924,0.034394
33.934,0.033802
33.944,0.033221
33.954,0.032654
33.964,0.032102
33.974,0.03156
33.984,0.031038
33.994,0.030529
34.004,0.030053
34.014,0.029598
34.024,0.029163
34.034,0.028758
34.044,0.028381
34.054,0.028023
34.064,0.027686
34.074,0.027377
34.084,0.027098
34.094,0.026855
34.104,0.026636
34.114,0.026442
34.124,0.026269
34.134,0.026114
34.144,0.025984
34.154,0.025874
34.164,0.025781
34.174,0.025702
34.184,0.025637
34.194,0.025579
34.204,0.025531
34.214,0.02549
34.224,0.025458
34.234,0.025429
34.244,0.025398
34.254,0.025365
34.264,0.025323
34.274,0.025273
34.284,0.025219
34.294,0.025148
34.304,0.025066
34.314,0.024971
34.324,0.024858
34.334,0.024731
34.344,0.024589
34.354,0.024427
34.364,0.024233
34.374,0.024022
34.384,0.023791
34.394,0.023542
34.404,0.023263
34.414,0.022957
34.424,0.022628
34.434,0.022274
34.444,0.021896
34.454,0.021484
34.464,0.02104
34.474,0.020563
34.484,0.020064
34.494,0.019542
34.504,0.018996
34.514,0.018422
34.524,0.017823
34.534,0.017203
34.544,0.016568
34.554,0.015916
34.564,0.015241
34.574,0.014548
34.584,0.013852
34.594,0.013142
34.604,0.012414
34.614,0.011684
34.624,0.010948
34.634,0.010212
34.644,0.0094854
34.654,0.0087571
34.664,0.00803
34.674,0.007302
34.684,0.0065959
34.694,0.0059056
34.704,0.0052261
34.714,0.0045674
34.724,0.003943
34.734,0.0033471
34.744,0.002772
34.754,0.0022254
34.764,0.0017068
34.774,0.0012232
34.784,0.00077939
34.794,0.0003755
34.804,1.2475e-005
34.814,-0.00029975
34.824,-0.00055789
34.834,-0.00077105
34.844,-0.00093089
34.854,-0.0010332
34.864,-0.001082
34.874,-0.0010714
34.884,-0.0009985
34.894,-0.00086448
34.904,-0.00066919
34.914,-0.00041578
34.924,-0.00010954
34.934,0.00026266
34.944,0.00070897
34.954,0.0012311
34.964,0.0018092
34.974,0.0024334
34.984,0.0031325
34.994,0.0038935
35.004,0.0047204
35.014,0.0056085
35.024,0.0065641
35.034,0.0075718
35.044,0.0086396
35.054,0.0097541
35.064,0.010926
35.074,0.012145
35.084,0.01342
35.094,0.014736
35.104,0.016084
35.114,0.017476
35.124,0.018914
35.134,0.020382
35.144,0.021873
35.154,0.023405
35.164,0.024969
35.174,0.026554
35.184,0.028153
35.194,0.029771
35.204,0.031413
35.214,0.033055
35.224,0.03469
35.234,0.036335
35.244,0.037973
35.254,0.039596
35.264,0.041214
35.274,0.042836
35.284,0.044432
35.294,0.046002
35.304,0.047559
35.314,0.049075
35.324,0.050535
35.334,0.051968
35.344,0.05336
35.354,0.054707
35.364,0.056007
35.374,0.057261
35.384,0.058449
35.394,0.059592
35.404,0.060685
35.414,0.061712
35.424,0.062676
35.434,0.063581
35.444,0.064436
35.454,0.065233
35.464,0.065959
35.474,0.066627
35.484,0.067216
35.494,0.067744
35.504,0.068224
35.514,0.068646
35.524,0.068998
35.534,0.069293
35.544,0.069532
35.554,0.069715
35.564,0.069836
35.574,0.069909
35.584,0.069926
35.594,0.069885
35.604,0.069799
35.614,0.069662
35.624,0.069479
35.634,0.069243
35.644,0.068961
35.654,0.068639
35.664,0.068275
35.674,0.067874
35.684,0.067437
35.694,0.066964
35.704,0.066468
35.714,0.06593
35.724,0.065371
35.734,0.064789
35.744,0.064183
35.754,0.063547
35.764,0.062887
35.774,0.062208
35.784,0.061513
35.794,0.060807
35.804,0.060092
35.814,0.059367
35.824,0.058632
35.834,0.057884
35.844,0.057124
35.854,0.056357
35.864,0.055585
35.874,0.054813
35.884,0.054039
35.894,0.053268
35.904,0.052497
35.914,0.05172
35.924,0.050952
35.934,0.05019
35.944,0.049421
35.954,0.048659
35.964,0.047893
35.974,0.047135
35.984,0.046375
35.994,0.045615
36.004,0.044856
36.014,0.044099
36.024,0.043341
36.034,0.042588
36.044,0.041836
36.054,0.041084
36.064,0.040325
36.074,0.039563
36.084,0.038806
36.094,0.038048
36.104,0.037291
36.114,0.036535
36.124,0.035775
36.134,0.035011
36.144,0.034233
36.154,0.033454
36.164,0.032677
36.174,0.031895
36.184,0.031104
36.194,0.030314
36.204,0.029534
36.214,0.028753
36.224,0.027973
36.234,0.02719
36.244,0.026402
36.254,0.025614
36.264,0.024825
36.274,0.024029
36.284,0.023235
36.294,0.022448
36.304,0.021661
36.314,0.020864
36.324,0.02007
36.334,0.01927
36.344,0.018465
36.354,0.017652
36.364,0.016845
36.374,0.016037
36.384,0.015224
36.394,0.01442
36.404,0.013623
36.414,0.012811
36.424,0.011997
36.434,0.011183
36.444,0.01037
36.454,0.0095565
36.464,0.0087523
36.474,0.0079454
36.484,0.0071366
36.494,0.0063365
36.504,0.0055391
36.514,0.004739
36.524,0.0039315
36.534,0.0031385
36.544,0.0023602
36.554,0.0015835
36.564,0.0008163
36.574,6.1358e-005
36.584,-0.00068358
36.594,-0.0014167
36.604,-0.0021422
36.614,-0.0028506
36.624,-0.0035405
36.634,-0.0042136
36.644,-0.0048652
36.654,-0.0054954
36.664,-0.0061049
36.674,-0.0066847
36.684,-0.0072489
36.694,-0.0077932
36.704,-0.0083069
36.714,-0.0087984
36.724,-0.0092679
36.734,-0.0097094
36.744,-0.010112
36.754,-0.010489
36.764,-0.010829
36.774,-0.011114
36.784,-0.01138
36.794,-0.011616
36.804,-0.01181
36.814,-0.011967
36.824,-0.012091
36.834,-0.012173
36.844,-0.01221
36.854,-0.012205
36.864,-0.012156
36.874,-0.012064
36.884,-0.011948
36.894,-0.011801
36.904,-0.011596
36.914,-0.011355
36.924,-0.011092
36.934,-0.010803
36.944,-0.010474
36.954,-0.010116
36.964,-0.0097354
36.974,-0.0093293
36.984,-0.0089007
36.994,-0.0084497
37.004,-0.0079735
37.014,-0.0074655
37.024,-0.0069386
37.034,-0.0063948
37.044,-0.0058458
37.054,-0.0052817
37.064,-0.0047168
37.074,-0.0041541
37.084,-0.0035912
37.094,-0.0030182
37.104,-0.0024638
37.114,-0.0019131
37.124,-0.0013651
37.134,-0.00082195
37.144,-0.00030018
37.154,0.00020413
37.164,0.00069137
37.174,0.0011603
37.184,0.0016119
37.194,0.0020375
37.204,0.0024398
37.214,0.0028139
37.224,0.0031714
37.234,0.0034992
37.244,0.003805
37.254,0.0040945
37.264,0.0043455
37.274,0.004563
37.284,0.0047542
37.294,0.0049111
37.304,0.0050452
37.314,0.0051581
37.324,0.0052422
37.334,0.0053101
37.344,0.0053497
37.354,0.0053627
37.364,0.0053493
37.374,0.0053135
37.384,0.0052594
37.394,0.0051931
37.404,0.0051061
37.414,0.0050025
37.424,0.0048804
37.434,0.0047478
37.444,0.0046049
37.454,0.0044538
37.464,0.0043046
37.474,0.0041495
37.484,0.0039936
37.494,0.003839
37.504,0.0036882
37.514,0.0035371
37.524,0.003401
37.534,0.0032717
37.544,0.003139
37.554,0.0030064
37.564,0.0028814
37.574,0.0027734
37.584,0.002681
37.594,0.0025821
37.604,0.0024898
37.614,0.0024191
37.624,0.0023734
37.634,0.0023383
37.644,0.0023078
37.654,0.0022883
37.664,0.0022838
37.674,0.0022856
37.684,0.0023001
37.694,0.0023165
37.704,0.0023279
37.714,0.0023522
37.724,0.0023835
37.734,0.0024155
37.744,0.0024445
37.754,0.0024759
37.764,0.0025029
37.774,0.0025302
37.784,0.0025494
37.794,0.002559
37.804,0.0025619
37.814,0.0025592
37.824,0.0025537
37.834,0.0025451
37.844,0.0025286
37.853,0.0024971
37.863,0.0024436
37.873,0.0023682
37.883,0.0022708
37.893,0.0021575
37.903,0.0020279
37.913,0.001882
37.923,0.0017184
37.933,0.001531
37.943,0.0013169
37.953,0.0010896
37.963,0.0008393
37.973,0.00057185
37.983,0.00027709
37.993,-2.1222e-005
38.003,-0.00033526
38.013,-0.00067551
38.023,-0.0010429
38.033,-0.0014209
38.043,-0.0018119
38.053,-0.0022232
38.063,-0.0026462
38.073,-0.0030814
38.083,-0.0035247
38.093,-0.0039791
38.103,-0.0044476
38.113,-0.0049274
38.123,-0.0054037
38.133,-0.0058875
38.143,-0.0063943
38.153,-0.0068994
38.163,-0.0073986
38.173,-0.0079003
38.183,-0.0084
38.193,-0.0088949
38.203,-0.0093951
38.213,-0.0098953
38.223,-0.01039
38.233,-0.010871
38.243,-0.011338
38.253,-0.011798
38.263,-0.012241
38.273,-0.012674
38.283,-0.013096
38.293,-0.013498
38.303,-0.013889
38.313,-0.014259
38.323,-0.014596
38.333,-0.014917
38.343,-0.015215
38.353,-0.015479
38.363,-0.015717
38.373,-0.015939
38.383,-0.016138
38.393,-0.016311
38.403,-0.016465
38.413,-0.016592
38.423,-0.016683
38.433,-0.016751
38.443,-0.016795
38.453,-0.016818
38.463,-0.016817
38.473,-0.016786
38.483,-0.016725
38.493,-0.016626
38.503,-0.016499
38.513,-0.016342
38.523,-0.016165
38.533,-0.015959
38.543,-0.015722
38.553,-0.015455
38.563,-0.015154
38.573,-0.014828
38.583,-0.01447
38.593,-0.014082
38.603,-0.013668
38.613,-0.013242
38.623,-0.012788
38.633,-0.0123
38.643,-0.011785
38.653,-0.01124
38.663,-0.010671
38.673,-0.010079
38.683,-0.0094606
38.693,-0.0088195
38.703,-0.0081628
38.713,-0.0074877
38.723,-0.0067925
38.733,-0.0060886
38.743,-0.0053729
38.753,-0.0046337
38.763,-0.0038816
38.773,-0.0031301
38.783,-0.002362
38.793,-0.0015781
38.803,-0.00078711
38.813,1.2548e-005
38.823,0.00082222
38.833,0.0016354
38.843,0.0024586
38.853,0.0033024
38.863,0.0041489
38.873,0.0049925
38.883,0.0058404
38.893,0.006696
38.903,0.0075427
38.913,0.0083967
38.923,0.0092547
38.933,0.01011
38.943,0.010967
38.953,0.011811
38.963,0.012651
38.973,0.013491
38.983,0.014337
38.993,0.015174
39.003,0.016003
39.013,0.016831
39.023,0.017648
39.033,0.018451
39.043,0.019258
39.053,0.020051
39.063,0.020819
39.073,0.021587
39.083,0.022347
39.093,0.023085
39.103,0.02382
39.113,0.024548
39.123,0.025258
39.133,0.025961
39.143,0.026654
39.153,0.027322
39.163,0.027981
39.173,0.028628
39.183,0.029263
39.193,0.029881
39.203,0.030493
39.213,0.031091
39.223,0.031676
39.233,0.032242
39.243,0.032781
39.253,0.033306
39.263,0.033805
39.273,0.034293
39.283,0.034756
39.293,0.035187
39.303,0.035606
39.313,0.036005
39.323,0.036373
39.333,0.036712
39.343,0.037035
39.353,0.03733
39.363,0.037606
39.373,0.037864
39.383,0.038093
39.393,0.038293
39.403,0.038477
39.413,0.038636
39.423,0.038766
39.433,0.038872
39.443,0.038953
39.453,0.038991
39.463,0.039001
39.473,0.03899
39.483,0.03895
39.493,0.038886
39.503,0.038802
39.513,0.038682
39.523,0.038538
39.533,0.038361
39.543,0.038161
39.553,0.037928
39.563,0.037668
39.573,0.037394
39.583,0.037097
39.593,0.036775
39.603,0.036423
39.613,0.036061
39.623,0.035679
39.633,0.035278
39.643,0.034853
39.653,0.034416
39.663,0.033962
39.673,0.033489
39.683,0.033016
39.693,0.032534
39.703,0.032037
39.713,0.031523
39.723,0.031005
39.733,0.030473
39.743,0.029931
39.753,0.02938
39.763,0.02882
39.773,0.02825
39.783,0.027695
39.793,0.02713
39.803,0.026557
39.813,0.025994
39.823,0.025426
39.833,0.024864
39.843,0.024305
39.853,0.023751
39.863,0.023205
39.873,0.022678
39.883,0.022155
39.893,0.021642
39.903,0.021146
39.913,0.020657
39.923,0.020181
39.933,0.019727
39.943,0.019298
39.953,0.018881
39.963,0.018478
39.973,0.01809
39.983,0.017724
39.993,0.017377
40.003,0.017048
40.013,0.016736
40.023,0.016453
40.033,0.016188
40.043,0.015936
40.053,0.015708
40.063,0.015501
40.073,0.015311
40.083,0.015145
40.093,0.014997
40.103,0.014881
40.113,0.014801
40.123,0.014749
40.133,0.014705
40.143,0.014687
40.153,0.01469
40.163,0.014721
40.173,0.014769
40.183,0.014854
40.193,0.014967
40.203,0.015113
40.213,0.015279
40.223,0.01547
40.233,0.01568
40.243,0.015913
40.253,0.016172
40.263,0.016465
40.273,0.016797
40.283,0.017159
40.293,0.017542
40.303,0.017948
40.313,0.018393
40.323,0.018875
40.333,0.019374
40.343,0.0199
40.353,0.020454
40.363,0.021017
40.373,0.021597
40.383,0.02221
40.393,0.022852
40.403,0.023517
40.413,0.024205
40.423,0.024911
40.433,0.025646
40.443,0.026389
40.453,0.02715
40.463,0.02793
40.473,0.028713
40.483,0.029514
40.493,0.030347
40.503,0.031184
40.513,0.03202
40.523,0.032874
40.533,0.033729
40.543,0.034571
40.553,0.035421
40.563,0.036278
40.573,0.03715
40.583,0.038009
40.593,0.038861
40.603,0.039733
40.613,0.040602
40.623,0.041463
40.633,0.04232
40.643,0.043171
40.653,0.043997
40.663,0.044804
40.673,0.045604
40.683,0.04639
40.693,0.047156
40.703,0.047908
40.713,0.048639
40.723,0.04934
40.733,0.050015
40.743,0.050664
40.753,0.051293
40.763,0.051903
40.773,0.052489
40.783,0.053058
40.793,0.053608
40.803,0.054136
40.813,0.054644
40.823,0.055137
40.833,0.055596
40.843,0.056043
40.853,0.056466
40.863,0.056865
40.873,0.057243
40.883,0.057602
40.893,0.057943
40.903,0.058266
40.913,0.058569
40.923,0.058838
40.933,0.059087
40.943,0.059314
40.953,0.059519
40.963,0.059707
40.973,0.059879
40.983,0.060034
40.993,0.060169
41.003,0.060278
41.013,0.060369
41.023,0.060444
41.033,0.060506
41.043,0.060553
41.053,0.060575
41.063,0.060574
41.073,0.060564
41.083,0.060541
41.093,0.060505
41.103,0.060451
41.113,0.060372
41.123,0.060276
41.133,0.060166
41.143,0.060027
41.153,0.059876
41.163,0.059713
41.173,0.059523
41.183,0.059305
41.193,0.059082
41.203,0.058843
41.213,0.058591
41.223,0.058324
41.233,0.058031
41.243,0.057711
41.253,0.057377
41.263,0.057022
41.273,0.056648
41.283,0.056254
41.293,0.055838
41.303,0.055388
41.313,0.054929
41.323,0.054447
41.333,0.053962
41.343,0.053444
41.353,0.052913
41.363,0.052367
41.373,0.05181
41.383,0.051237
41.393,0.050648
41.403,0.05005
41.413,0.049442
41.423,0.048826
41.433,0.048194
41.443,0.047553
41.453,0.046914
41.463,0.046277
41.473,0.045633
41.483,0.044986
41.493,0.044338
41.503,0.043694
41.513,0.043048
41.523,0.042402
41.533,0.041748
41.543,0.041103
41.553,0.040472
41.563,0.039834
41.573,0.039217
41.583,0.038622
41.593,0.038043
41.603,0.037478
41.613,0.036936
41.623,0.036394
41.633,0.03588
41.643,0.035389
41.653,0.034913
41.663,0.034459
41.673,0.03403
41.683,0.033628
41.693,0.033257
41.703,0.032917
41.713,0.032611
41.723,0.032334
41.733,0.032069
41.743,0.031829
41.753,0.031624
41.763,0.031442
41.773,0.031289
41.783,0.031154
41.793,0.031051
41.803,0.030985
41.813,0.030942
41.823,0.030916
41.833,0.030906
41.843,0.030916
41.853,0.030946
41.863,0.030997
41.873,0.031062
41.883,0.031162
41.893,0.031278
41.903,0.031407
41.913,0.031548
41.923,0.031699
41.933,0.031868
41.943,0.032046
41.953,0.032232
41.963,0.032435
41.973,0.032656
41.983,0.032893
41.993,0.033125
42.003,0.03337
42.013,0.033623
42.023,0.033879
42.033,0.03414
42.043,0.034385
42.053,0.034633
42.063,0.034891
42.073,0.035144
42.083,0.035397
42.093,0.03565
42.103,0.035892
42.113,0.036145
42.123,0.036398
42.133,0.036653
42.143,0.036895
42.153,0.037128
42.163,0.037358
42.173,0.037572
42.183,0.037778
42.193,0.037984
42.203,0.038178
42.213,0.038345
42.223,0.038517
42.233,0.03868
42.243,0.038838
42.253,0.038994
42.263,0.039146
42.273,0.039279
42.283,0.039406
42.293,0.039522
42.303,0.039643
42.313,0.039758
42.323,0.039869
42.333,0.039965
42.343,0.040058
42.353,0.040147
42.363,0.040228
42.373,0.040304
42.383,0.040371
42.393,0.040428
42.403,0.040484
42.413,0.040521
42.423,0.040556
42.433,0.040587
42.443,0.040614
42.453,0.040641
42.463,0.040669
42.473,0.040689
42.483,0.040712
42.493,0.040751
42.503,0.040776
42.513,0.040804
42.523,0.040829
42.533,0.040867
42.543,0.040918
42.553,0.040978
42.563,0.041055
42.573,0.041139
42.583,0.041232
42.593,0.041338
42.603,0.041447
42.613,0.041571
42.623,0.041698
42.633,0.041829
42.643,0.041974
42.653,0.042122
42.663,0.042281
42.673,0.042454
42.683,0.04262
42.693,0.042789
42.703,0.042981
42.713,0.043182
42.723,0.043382
42.733,0.043578
42.743,0.04379
42.753,0.044021
42.763,0.044242
42.773,0.044467
42.783,0.0447
42.793,0.044931
42.803,0.045156
42.813,0.045371
42.823,0.045578
42.833,0.045794
42.843,0.045982
42.853,0.046142
42.863,0.046296
42.873,0.046451
42.883,0.046589
42.893,0.046711
42.903,0.046816
42.913,0.046903
42.923,0.046974
42.933,0.04703
42.943,0.047049
42.953,0.047058
42.963,0.047052
42.973,0.047029
42.983,0.046989
42.993,0.046919
43.003,0.046825
43.013,0.046704
43.023,0.046563
43.033,0.046388
43.043,0.046184
43.053,0.045963
43.063,0.045713
43.073,0.045445
43.083,0.045151
43.093,0.044825
43.103,0.044477
43.113,0.044111
43.123,0.043727
43.133,0.043329
43.143,0.042927
43.153,0.042509
43.163,0.042076
43.173,0.041632
43.183,0.041182
43.193,0.040731
43.203,0.040272
43.213,0.039789
43.223,0.039325
43.233,0.038869
43.243,0.038394
43.253,0.037921
43.263,0.037451
43.273,0.036983
43.283,0.036518
43.293,0.036069
43.303,0.03562
43.313,0.035176
43.323,0.034732
43.333,0.034305
43.343,0.03389
43.353,0.03348
43.363,0.033086
43.373,0.032719
43.383,0.032358
43.393,0.031997
43.403,0.031633
43.413,0.031288
43.423,0.03096
43.433,0.030641
43.443,0.030334
43.453,0.030036
43.463,0.029751
43.473,0.029463
43.483,0.029185
43.493,0.028913
43.503,0.028641
43.513,0.028367
43.523,0.028112
43.533,0.027858
43.543,0.027596
43.553,0.027314
43.563,0.027038
43.573,0.02676
43.583,0.026483
43.593,0.026206
43.603,0.025922
43.613,0.025638
43.623,0.025353
43.633,0.025062
43.643,0.024753
43.653,0.024442
43.663,0.024123
43.673,0.023792
43.682,0.023451
43.692,0.023101
43.702,0.022753
43.712,0.022395
43.722,0.022035
43.732,0.021668
43.742,0.021284
43.752,0.020913
43.762,0.020521
43.772,0.020109
43.782,0.019704
43.792,0.019304
43.802,0.018891
43.812,0.018474
43.822,0.018053
43.832,0.01762
43.842,0.017185
43.852,0.016755
43.862,0.016337
43.872,0.015926
43.882,0.015528
43.892,0.015134
43.902,0.014745
43.912,0.014361
43.922,0.013986
43.932,0.01363
43.942,0.013288
43.952,0.012946
43.962,0.012606
43.972,0.012286
43.982,0.011967
43.992,0.011663
44.002,0.011375
44.012,0.011092
44.022,0.010828
44.032,0.010574
44.042,0.010341
44.052,0.010116
44.062,0.0099102
44.072,0.0097205
44.082,0.0095375
44.092,0.0093717
44.102,0.0092171
44.112,0.0090773
44.122,0.0089593
44.132,0.0088678
44.142,0.0087835
44.152,0.00872
44.162,0.0086884
44.172,0.0086683
44.182,0.0086662
44.192,0.0086678
44.202,0.0086834
44.212,0.0087051
44.222,0.0087413
44.232,0.008798
44.242,0.0088572
44.252,0.0089253
44.262,0.009009
44.272,0.0091039
44.282,0.0092033
44.292,0.0093061
44.302,0.0094215
44.312,0.0095451
44.322,0.009676
44.332,0.0098234
44.342,0.0099572
44.352,0.010099
44.362,0.010253
44.372,0.010413
44.382,0.010555
44.392,0.010693
44.402,0.010843
44.412,0.010989
44.422,0.011137
44.432,0.011281
44.442,0.011425
44.452,0.011557
44.462,0.011686
44.472,0.011808
44.482,0.011926
44.492,0.012034
44.502,0.012131
44.512,0.012199
44.522,0.01226
44.532,0.012299
44.542,0.012314
44.552,0.012302
44.562,0.012275
44.572,0.012218
44.582,0.012137
44.592,0.012026
44.602,0.011889
44.612,0.01173
44.622,0.011531
44.632,0.011299
44.642,0.011025
44.652,0.010706
44.662,0.010371
44.672,0.010009
44.682,0.0096127
44.692,0.0091831
44.702,0.0087022
44.712,0.0081783
44.722,0.0075936
44.732,0.0069647
44.742,0.0062983
44.752,0.0055834
44.762,0.004822
44.772,0.0040122
44.782,0.0031411
44.792,0.002231
44.802,0.0012906
44.812,0.00030141
44.822,-0.00072144
44.832,-0.0018202
44.842,-0.0029442
44.852,-0.0040938
44.862,-0.00528
44.872,-0.0064961
44.882,-0.0077597
44.892,-0.0090619
44.902,-0.010413
44.912,-0.011766
44.922,-0.013131
44.932,-0.014518
44.942,-0.015928
44.952,-0.017371
44.962,-0.01884
44.972,-0.020342
44.982,-0.021857
44.992,-0.023367
45.002,-0.024875
45.012,-0.026397
45.022,-0.027913
45.032,-0.029422
45.042,-0.03093
45.052,-0.032418
45.062,-0.033885
45.072,-0.035318
45.082,-0.03675
45.092,-0.038165
45.102,-0.039556
45.112,-0.040937
45.122,-0.042307
45.132,-0.043642
45.142,-0.044944
45.152,-0.04623
45.162,-0.047484
45.172,-0.048675
45.182,-0.049822
45.192,-0.050929
45.202,-0.051976
45.212,-0.053001
45.222,-0.054002
45.232,-0.05494
45.242,-0.055842
45.252,-0.056675
45.262,-0.057482
45.272,-0.058258
45.282,-0.059009
45.292,-0.059733
45.302,-0.060397
45.312,-0.061011
45.322,-0.061593
45.332,-0.062147
45.342,-0.062643
45.352,-0.063113
45.362,-0.063555
45.372,-0.063959
45.382,-0.064327
45.392,-0.064655
45.402,-0.064955
45.412,-0.065227
45.422,-0.065477
45.432,-0.065695
45.442,-0.065866
45.452,-0.066024
45.462,-0.066169
45.472,-0.066294
45.482,-0.066393
45.492,-0.066484
45.502,-0.066545
45.512,-0.066599
45.522,-0.066639
45.532,-0.066684
45.542,-0.066722
45.552,-0.066764
45.562,-0.066791
45.572,-0.06683
45.582,-0.066857
45.592,-0.066882
45.602,-0.066906
45.612,-0.066917
45.622,-0.066935
45.632,-0.066952
45.642,-0.066989
45.652,-0.067018
45.662,-0.06705
45.672,-0.067089
45.682,-0.067144
45.692,-0.067174
45.702,-0.067218
45.712,-0.067254
45.722,-0.067281
45.732,-0.067308
45.742,-0.067334
45.752,-0.067369
45.762,-0.067403
45.772,-0.067424
45.782,-0.067449
45.792,-0.06748
45.802,-0.067493
45.812,-0.067508
45.822,-0.067513
45.832,-0.067511
45.842,-0.06749
45.852,-0.06746
45.862,-0.067417
45.872,-0.067352
45.882,-0.067266
45.892,-0.067173
45.902,-0.06707
45.912,-0.066936
45.922,-0.066793
45.932,-0.066604
45.942,-0.066371
45.952,-0.066107
45.962,-0.065839
45.972,-0.065553
45.982,-0.065233
45.992,-0.0649
46.002,-0.064539
46.012,-0.064138
46.022,-0.063716
46.032,-0.063262
46.042,-0.062803
46.052,-0.062307
46.062,-0.061766
46.072,-0.0612
46.082,-0.060615
46.092,-0.06002
46.102,-0.059413
46.112,-0.058768
46.122,-0.058088
46.132,-0.057415
46.142,-0.056738
46.152,-0.056072
46.162,-0.055393
46.172,-0.054701
46.182,-0.054002
46.192,-0.053318
46.202,-0.052649
46.212,-0.051992
46.222,-0.051326
46.232,-0.050672
46.242,-0.050021
46.252,-0.049391
46.262,-0.048769
46.272,-0.048184
46.282,-0.047631
46.292,-0.047118
46.302,-0.046625
46.312,-0.046186
46.322,-0.045779
46.332,-0.045434
46.342,-0.045123
46.352,-0.044863
46.362,-0.044648
46.372,-0.044491
46.382,-0.044372
46.392,-0.044322
46.402,-0.044317
46.412,-0.04436
46.422,-0.044446
46.432,-0.044572
46.442,-0.04477
46.452,-0.045005
46.462,-0.045289
46.472,-0.045619
46.482,-0.045982
46.492,-0.046376
46.502,-0.046822
46.512,-0.047316
46.522,-0.047858
46.532,-0.048442
46.542,-0.049087
46.552,-0.049772
46.562,-0.050503
46.572,-0.051261
46.582,-0.052043
46.592,-0.052828
46.602,-0.053613
46.612,-0.054444
46.622,-0.055298
46.632,-0.056145
46.642,-0.056995
46.652,-0.057848
46.662,-0.05871
46.672,-0.059595
46.682,-0.060477
46.692,-0.061322
46.702,-0.06213
46.712,-0.062936
46.722,-0.063744
46.732,-0.064562
46.742,-0.065352
46.752,-0.066124
46.762,-0.066843
46.772,-0.067549
46.782,-0.068204
46.792,-0.068812
46.802,-0.069375
46.812,-0.069892
46.822,-0.070356
46.832,-0.070789
46.842,-0.071182
46.852,-0.071545
46.862,-0.071861
46.872,-0.072144
46.882,-0.072362
46.892,-0.072535
46.902,-0.072655
46.912,-0.072731
46.922,-0.072779
46.932,-0.072765
46.942,-0.07271
46.952,-0.072611
46.962,-0.072459
46.972,-0.072263
46.982,-0.072024
46.992,-0.071748
47.002,-0.07144
47.012,-0.071105
47.022,-0.070743
47.032,-0.070343
47.042,-0.069918
47.052,-0.069465
47.062,-0.068968
47.072,-0.068468
47.082,-0.06793
47.092,-0.067377
47.102,-0.066808
47.112,-0.066234
47.122,-0.065656
47.132,-0.065027
47.142,-0.064403
47.152,-0.063779
47.162,-0.063137
47.172,-0.062517
47.182,-0.061879
47.192,-0.061243
47.202,-0.060585
47.212,-0.059942
47.222,-0.059282
47.232,-0.058625
47.242,-0.057994
47.252,-0.057403
47.262,-0.056812
47.272,-0.056225
47.282,-0.055657
47.292,-0.055099
47.302,-0.054557
47.312,-0.054014
47.322,-0.053482
47.332,-0.052982
47.342,-0.052494
47.352,-0.052019
47.362,-0.051537
47.372,-0.051061
47.382,-0.050593
47.392,-0.050122
47.402,-0.049667
47.412,-0.049235
47.422,-0.04881
47.432,-0.048393
47.442,-0.048007
47.452,-0.047616
47.462,-0.047229
47.472,-0.046827
47.482,-0.046434
47.492,-0.046049
47.502,-0.045661
47.512,-0.045262
47.522,-0.044858
47.532,-0.04446
47.542,-0.044046
47.552,-0.04362
47.562,-0.043165
47.572,-0.042704
47.582,-0.042237
47.592,-0.041768
47.602,-0.041283
47.612,-0.040788
47.622,-0.040275
47.632,-0.039738
47.642,-0.039198
47.652,-0.038648
47.662,-0.038068
47.672,-0.037482
47.682,-0.036896
47.692,-0.036272
47.702,-0.03563
47.712,-0.034971
47.722,-0.034304
47.732,-0.033596
47.742,-0.032864
47.752,-0.032133
47.762,-0.031361
47.772,-0.03054
47.782,-0.029707
47.792,-0.028862
47.802,-0.028007
47.812,-0.027153
47.822,-0.026247
47.832,-0.025359
47.842,-0.024484
47.852,-0.023572
47.862,-0.02263
47.872,-0.021672
47.882,-0.020716
47.892,-0.019739
47.902,-0.018749
47.912,-0.017775
47.922,-0.016799
47.932,-0.015813
47.942,-0.01478
47.952,-0.013751
47.962,-0.012748
47.972,-0.01177
47.982,-0.010795
47.992,-0.0098123
48.002,-0.0088643
48.012,-0.0078973
48.022,-0.0068961
48.032,-0.0059296
48.042,-0.0049821
48.052,-0.004068
48.062,-0.0031486
48.072,-0.0022542
48.082,-0.0013574
48.092,-0.00051534
48.102,0.00033693
48.112,0.0011781
48.122,0.0019648
48.132,0.0027326
48.142,0.0034738
48.152,0.0041766
48.162,0.0048652
48.172,0.0055256
48.182,0.00614
48.192,0.0067349
48.202,0.0072983
48.212,0.0078193
48.222,0.0083121
48.232,0.0087601
48.242,0.0092029
48.252,0.0096006
48.262,0.0099427
48.272,0.010262
48.282,0.010563
48.292,0.010827
48.302,0.011056
48.312,0.011254
48.322,0.011399
48.332,0.011527
48.342,0.011655
48.352,0.011732
48.362,0.011756
48.372,0.011746
48.382,0.011675
48.392,0.011597
48.402,0.011489
48.412,0.011374
48.422,0.011267
48.432,0.011154
48.442,0.011004
48.452,0.010838
48.462,0.010653
48.472,0.010436
48.482,0.010204
48.492,0.0099609
48.502,0.0097131
48.512,0.0094314
48.522,0.0091312
48.532,0.0088035
48.542,0.0084862
48.552,0.0081732
48.562,0.0078497
48.572,0.0075116
48.582,0.0071958
48.592,0.0068705
48.602,0.0065219
48.612,0.0061823
48.622,0.0058447
48.632,0.005511
48.642,0.0051516
48.652,0.0047977
48.662,0.0044101
48.672,0.0040523
48.682,0.0037189
48.692,0.0034125
48.702,0.0031217
48.712,0.0028291
48.722,0.0025646
48.732,0.0022838
48.742,0.0020184
48.752,0.0017459
48.762,0.0014504
48.772,0.0011563
48.782,0.00088195
48.792,0.00061048
48.802,0.00035721
48.812,0.00013818
48.822,-5.098e-005
48.832,-0.00022331
48.842,-0.00039253
48.852,-0.00054011
48.862,-0.00071419
48.872,-0.00089913
48.882,-0.0010847
48.892,-0.0012554
48.902,-0.0014342
48.912,-0.001607
48.922,-0.0017513
48.932,-0.0019006
48.942,-0.0020388
48.952,-0.0021956
48.962,-0.0023484
48.972,-0.0024961
48.982,-0.0026321
48.992,-0.0027823
49.002,-0.0029217
49.012,-0.0030859
49.022,-0.0032345
49.032,-0.0033683
49.042,-0.003519
49.052,-0.0036754
49.062,-0.0038404
49.072,-0.0040232
49.082,-0.0041546
49.092,-0.0043296
49.102,-0.0044841
49.112,-0.0046275
49.122,-0.0047508
49.132,-0.004859
49.142,-0.0049604
49.152,-0.0050607
49.162,-0.0051556
49.172,-0.0052668
49.182,-0.0053382
49.192,-0.0054135
49.202,-0.0054842
49.212,-0.0055234
49.222,-0.0055405
49.232,-0.0055406
49.242,-0.0055321
49.252,-0.0054525
49.262,-0.0053658
49.272,-0.0052836
49.282,-0.0051574
49.292,-0.0050186
49.302,-0.0048713
49.312,-0.0047396
49.322,-0.0045346
49.332,-0.0042789
49.342,-0.0040101
49.352,-0.0037113
49.362,-0.0033942
49.372,-0.0030731
49.382,-0.0027144
49.392,-0.0023184
49.402,-0.0019029
49.412,-0.0014617
49.422,-0.0010075
49.432,-0.00049621
49.442,4.6131e-007
49.452,0.00049098
49.462,0.00099548
49.472,0.0015683
49.482,0.0021333
49.492,0.0027409
49.501,0.0033374
49.511,0.0039156
49.521,0.0044658
49.531,0.0050206
49.541,0.0056041
49.551,0.0061847
49.561,0.0066961
49.571,0.0071967
49.581,0.0077366
49.591,0.0082138
49.601,0.0087265
49.611,0.0091828
49.621,0.0095861
49.631,0.009955
49.641,0.010295
49.651,0.010574
49.661,0.010812
49.671,0.011088
49.681,0.011254
49.691,0.011362
49.701,0.01144
49.711,0.011479
49.721,0.011484
49.731,0.011372
49.741,0.011186
49.751,0.010908
49.761,0.010652
49.771,0.010371
49.781,0.0099561
49.791,0.0095132
49.801,0.0090421
49.811,0.0085143
49.821,0.0079374
49.831,0.0071368
49.841,0.006372
49.851,0.0055421
49.861,0.004525
49.871,0.0035438
49.881,0.002489
49.891,0.0012862
49.901,1.4689e-005
49.911,-0.0010461
49.921,-0.0016973
49.931,-0.0021596
49.941,-0.0024619
49.951,-0.0027272
49.961,-0.00284
49.971,-0.0029616
49.981,-0.0031324
