0,-0.00269690869338937
0.02004399521162582,-0.003151869980685056
0.04008799042325164,-0.003313207193431205
0.06013198563487746,-0.002322815970617414
0.08017598084650328,-0.001499212399796607
0.1002199760581291,-0.001224625729727353
0.1202639712697549,-0.001691743786576159
0.1403079664813807,-0.001698777316974722
0.1603519616930066,-0.001259508335042334
0.1803959569046361,-0.0008576742850910582
0.2004399521162619,8.82709339754015e-005
0.2204839473278877,-0.0003697132326745805
0.2405279425395135,-0.0002989027514421508
0.2605719377511394,-2.397338895443642e-005
0.2806159329627652,-0.0005082564751366146
0.300659928174391,-0.0002345239533150564
0.3207039233860168,-9.130418495535715e-005
0.3407479185976426,-0.001098088629609625
0.3607919138092685,-0.001206848180387592
0.3808359090208943,-0.0002833374666322556
0.4008799042325201,0.0003842985965311976
0.4209238994441459,7.116870118000667e-005
0.4409678946557717,7.457811200189142e-005
0.4610118898673975,0.000584944356089063
0.4810558850790234,0.0001525950072118644
0.5010998802906529,7.988584690368153e-005
0.5211438755022787,0.0001730409522115207
0.5411878707139045,0.0004070079643560198
0.5612318659255303,0.0004199378017908061
0.5812758611371561,-0.0002603611799424834
0.6013198563487819,-9.391973985733225e-005
0.6213638515604077,0.000160996274110688
0.6414078467720336,-0.0001875324097403967
0.6614518419836594,-0.0008299176764317865
0.6814958371952852,-0.0011116346234525
0.7015398324069111,-0.0009209532154821568
0.7215838276185369,-0.0006451949064589051
0.7416278228301627,-0.0008455761838659925
0.7616718180417885,-0.0009953699215963176
0.7817158132534143,-0.0005917109659512978
0.8017598084650401,-0.0003527367459575157
0.8218038036766659,-0.0001551541157315268
0.8418477988882954,-0.0002886850735280772
0.8618917940999213,-0.000384784019154011
0.8819357893115472,-0.0001709744832047448
0.901979784523173,8.110359820603369e-005
0.9220237797347988,0.000327135844112723
0.9420677749464246,0.0004307697349799838
0.9621117701580504,0.0002393587501009447
0.9821557653696762,0.0001887217680035699
1.002199760581302,0.0003050130811314099
1.022243755792928,0.0003483122971537769
1.042287751004554,0.0003559456695952807
1.062331746216179,5.635894248551475e-005
1.082375741427805,-0.0002704358189268829
1.102419736639431,-9.972649318573794e-005
1.122463731851057,0.000181831506617528
1.142507727062683,0.0005379223191824066
1.162551722274309,0.0006878569187423621
1.182595717485938,0.0006060633372012651
1.202639712697564,0.0005651053324059154
1.22268370790919,0.0006248875646962225
1.242727703120816,0.0009081519567870483
1.262771698332441,0.001211641339791305
1.282815693544067,0.001330792114271457
1.302859688755693,0.001390357575879006
1.322903683967319,0.001284852613332382
1.342947679178945,0.001237799434475366
1.36299167439057,0.001169614563462506
1.383035669602196,0.001319767516830848
1.403079664813822,0.001415392890992735
1.423123660025448,0.001474627412513032
1.443167655237074,0.00149048061917413
1.4632116504487,0.00139622573032293
1.483255645660325,0.001278148035594004
1.503299640871951,0.001429519368796987
1.523343636083581,0.001725168221598632
1.543387631295207,0.002004983911949147
1.563431626506832,0.002211312406187851
1.583475621718458,0.002238199986249518
1.603519616930084,0.00203619397116298
1.62356361214171,0.002123182404016371
1.643607607353336,0.002214143819362356
1.663651602564962,0.002470667037521578
1.683695597776587,0.002644190306246537
1.703739592988213,0.002779756678496639
1.723783588199839,0.002679583838434928
1.743827583411465,0.002531407723591511
1.763871578623091,0.002659845128671655
1.783915573834716,0.002671305763423224
1.803959569046342,0.002680972277840467
1.824003564257968,0.002959569054514696
1.844047559469594,0.002942785144386946
1.864091554681223,0.002816347817422401
1.884135549892849,0.002689339815678071
1.904179545104475,0.002728769717499727
1.924223540316101,0.002809908588906146
1.944267535527727,0.002872516780517366
1.964311530739352,0.00314621748278896
1.984355525950978,0.003314933766522051
2.004399521162604,0.003318322954950045
2.02444351637423,0.003133533937263078
2.044487511585856,0.002763846242496122
2.064531506797481,0.002457148481868521
2.084575502009107,0.002413303640236353
2.104619497220733,0.002353671432818936
2.124663492432359,0.002156782982413078
2.144707487643985,0.002151839767312939
2.164751482855611,0.001999923654124897
2.184795478067236,0.001657866253824384
2.204839473278866,0.001291919300843291
2.224883468490492,0.0009700730494186068
2.244927463702118,0.0008370226467426771
2.264971458913744,0.0007275890977992707
2.285015454125369,0.0006796184848988522
2.305059449336995,0.0005467358583442598
2.325103444548621,0.0005360841043118066
2.345147439760247,0.0006398260902761258
2.365191434971873,0.0004349461562881187
2.385235430183498,0.0001628397172103954
2.405279425395124,0.0001419684056742468
2.42532342060675,0.0001379769600928819
2.445367415818376,0.0001273266274807699
2.465411411030002,0.0001176323223180846
2.485455406241627,0.0001167741900568147
2.505499401453257,0.0001683827518573205
2.525543396664879,-2.569553529240536e-005
2.545587391876508,-0.0002177888773998641
2.565631387088134,-0.0003231804682368025
2.58567538229976,-0.0003903552978782337
2.605719377511386,-0.0002902277284362148
2.625763372723012,-0.0002980961683892289
2.645807367934637,-0.0004619433798567687
2.665851363146263,-0.0003944087609833725
2.685895358357889,-0.0005491639266907787
2.705939353569515,-0.0005300133394239054
2.725983348781141,-0.0005372495718539623
2.746027343992767,-0.0005861993294942055
2.766071339204393,-0.000604226293600775
2.786115334416019,-0.000606822232942115
2.806159329627644,-0.000810411966115735
2.82620332483927,-0.0009210380545127272
2.8462473200509,-0.001157656064623337
2.866291315262522,-0.001295792046772482
2.886335310474151,-0.001248657040788386
2.906379305685777,-0.001394970477842115
2.926423300897403,-0.001517918786215347
2.946467296109029,-0.001607215624925431
2.966511291320654,-0.001512709468082414
2.98655528653228,-0.001391508965377079
3.006599281743906,-0.001304403893079486
3.026643276955532,-0.001440320364183685
3.046687272167158,-0.00170449235786753
3.066731267378783,-0.001999421957074496
3.086775262590409,-0.002031705998283621
3.106819257802035,-0.001948972504874729
3.126863253013661,-0.001817690411868133
3.146907248225287,-0.001684081239098606
3.166951243436913,-0.00133493294518515
3.186995238648542,-0.001015924130800122
3.207039233860168,-0.0008557544993298775
3.227083229071794,-0.000821325720580364
3.24712722428342,-0.0009544102119777879
3.267171219495046,-0.001009467660484773
3.287215214706671,-0.001047327775101574
3.307259209918297,-0.00117206905497343
3.327303205129923,-0.001129421861405407
3.347347200341549,-0.00107119814263818
3.367391195553175,-0.001118047950218419
3.3874351907648,-0.001269264492454431
3.407479185976426,-0.001436702380560681
3.427523181188052,-0.001590619884434694
3.447567176399678,-0.001767594964631434
3.467611171611304,-0.001954540531465923
3.487655166822929,-0.002095824385961272
3.507699162034555,-0.002171047825819418
3.527743157246185,-0.002181229166233175
3.54778715245781,-0.00213563472084024
3.567831147669436,-0.002100075286727969
3.587875142881062,-0.002187392604493633
3.607919138092688,-0.002282194311660795
3.627963133304314,-0.002408921082079736
3.648007128515939,-0.002479315255331673
3.668051123727565,-0.002528944519337911
3.688095118939191,-0.002629001532035183
3.708139114150817,-0.002838008187829921
3.728183109362443,-0.002945390686746161
3.748227104574069,-0.002862193306067226
3.768271099785695,-0.002805728858576069
3.788315094997321,-0.002788647666479083
3.808359090208946,-0.00273777871836461
3.828403085420572,-0.002763682620223815
3.848447080632198,-0.002847611155864934
3.868491075843827,-0.002897626535709852
3.888535071055453,-0.003062776982999143
3.908579066267079,-0.003321738638042868
3.928623061478705,-0.003589540266127697
3.948667056690331,-0.003777638467239611
3.968711051901956,-0.003774505045736765
3.988755047113582,-0.003752740212335226
4.008799042325208,-0.00376264728924978
4.028843037536834,-0.003898395393026811
4.04888703274846,-0.003936217778359666
4.068931027960086,-0.003913790297734003
4.088975023171711,-0.003911524561009292
4.109019018383338,-0.00397299849020212
4.129063013594963,-0.004116873911729194
4.149107008806589,-0.004328593350455134
4.169151004018218,-0.004493009527943294
4.189194999229841,-0.004661021099104878
4.20923899444147,-0.00474078523719612
4.229282989653092,-0.004692128927759423
4.249326984864721,-0.00462075153887243
4.269370980076348,-0.004533488111162476
4.289414975287973,-0.004470075918473459
4.309458970499599,-0.004371017769979892
4.329502965711225,-0.004324325243573447
4.349546960922851,-0.004322885132575989
4.369590956134476,-0.004332214947200108
4.389634951346102,-0.004474687206529245
4.409678946557728,-0.004570456545119239
4.429722941769354,-0.004450730143281748
4.449766936980979,-0.004365626380003313
4.469810932192609,-0.004178603498838325
4.489854927404231,-0.004008630934400077
4.509898922615861,-0.003883435405039187
4.529942917827484,-0.003825197429871216
4.549986913039112,-0.003907592617718155
4.570030908250739,-0.004076382298923658
4.590074903462364,-0.004309083263339641
4.61011889867399,-0.004580633691668867
4.630162893885616,-0.004790595415542824
4.650206889097242,-0.004907856625455362
4.670250884308867,-0.005006585376729836
4.690294879520494,-0.005008969959731897
4.710338874732119,-0.004926050908069384
4.730382869943745,-0.004877492837864597
4.750426865155371,-0.004853763840976532
4.770470860366997,-0.004845129155048716
4.790514855578622,-0.004908834114338406
4.810558850790252,-0.005019172471323703
4.830602846001874,-0.005214364209358604
4.850646841213504,-0.005430797827771268
4.870690836425125,-0.00553160831161954
4.890734831636755,-0.00551569345677183
4.910778826848381,-0.005517099888454323
4.930822822060007,-0.005481551720743942
4.950866817271633,-0.005430208602046564
4.970910812483258,-0.005321158240081505
4.990954807694885,-0.005171802958064551
5.01099880290651,-0.005205770354032637
5.031042798118136,-0.005259671855894233
5.051086793329762,-0.005425286806741154
5.071130788541388,-0.005698707278672927
5.091174783753013,-0.005971069306643643
5.11121877896464,-0.006170926986672326
5.131262774176265,-0.006229919989437605
5.151306769387895,-0.006244429551759702
5.171350764599517,-0.006159978677855214
5.191394759811146,-0.006103509421416535
5.211438755022768,-0.006143451231560488
5.231482750234398,-0.006147329831993367
5.251526745446023,-0.006061490610278076
5.27157074065765,-0.006005235876020843
5.291614735869275,-0.005976653153582
5.311658731080901,-0.006110607435535155
5.331702726292527,-0.006269218066074909
5.351746721504153,-0.006298736278969974
5.371790716715778,-0.006329053605429111
5.391834711927404,-0.00629134567632651
5.41187870713903,-0.006221407704605194
5.431922702350656,-0.006107323367353182
5.451966697562281,-0.006062785297514969
5.472010692773908,-0.005974315307045322
5.492054687985537,-0.005904218190381996
5.512098683197159,-0.005872835025912414
5.532142678408789,-0.005933281136639183
5.552186673620411,-0.006168107992634236
5.572230668832041,-0.00640649153425807
5.592274664043666,-0.006599955235735378
5.612318659255292,-0.006667790899325172
5.632362654466918,-0.006597118498024796
5.652406649678544,-0.006553001350185344
5.672450644890169,-0.006387072572764022
5.692494640101796,-0.006218750765627602
5.712538635313421,-0.006118474320025521
5.732582630525047,-0.005968334012664127
5.752626625736673,-0.005849165100705384
5.772670620948299,-0.005896556854911144
5.792714616159924,-0.006011151500245057
5.81275861137155,-0.00607631883885539
5.83280260658318,-0.006065905121502025
5.852846601794802,-0.005938402903616144
5.872890597006432,-0.005827999273694679
5.892934592218054,-0.005704433014081715
5.912978587429683,-0.005553637305744573
5.933022582641309,-0.005470617894291541
5.953066577852935,-0.005408533160413813
5.97311057306456,-0.005414176736630143
5.993154568276187,-0.005382161517206343
6.013198563487812,-0.00532821943483655
6.033242558699438,-0.005333961387243296
6.053286553911064,-0.005261929897551673
6.07333054912269,-0.005263146224220537
6.093374544334315,-0.005281933472382774
6.113418539545942,-0.005277293697024838
6.133462534757567,-0.005164239313834448
6.153506529969193,-0.004935459372621307
6.173550525180822,-0.004674974257465346
6.193594520392445,-0.004387767111612789
6.213638515604074,-0.004113500900523776
6.233682510815696,-0.003829471532250195
6.253726506027325,-0.003569515182441742
6.273770501238952,-0.003342593304050333
6.293814496450577,-0.00328607797264378
6.313858491662203,-0.003250033503670923
6.333902486873829,-0.003199985155666456
6.353946482085455,-0.003231175728315516
6.37399047729708,-0.00312984781465808
6.394034472508706,-0.003000004622124831
6.414078467720332,-0.002859488231953977
6.434122462931958,-0.002591827301020058
6.454166458143583,-0.002282473294142703
6.47421045335521,-0.00202945803299051
6.494254448566836,-0.00177490666496376
6.514298443778465,-0.001589479373292777
6.534342438990088,-0.001479443315871001
6.554386434201716,-0.001387305484195939
6.574430429413339,-0.001318732407052774
6.594474424624968,-0.001221940043787881
6.614518419836594,-0.001108737295026134
6.63456241504822,-0.0009438704331573372
6.654606410259846,-0.0007336280187884904
6.674650405471471,-0.0005431421362039344
6.694694400683098,-0.0003549700743468253
6.714738395894723,-0.0001493750746444884
6.734782391106349,6.614432319029637e-005
6.754826386317975,0.0002909773743143668
6.774870381529601,0.000458099852444261
6.794914376741226,0.0005779786226190589
6.814958371952852,0.0006189992493019691
6.835002367164478,0.0005019239832427493
6.855046362376108,0.0004156920081906821
6.875090357587729,0.0004222809602382874
6.895134352799359,0.0003285324993089984
6.915178348010985,0.0002332157503323838
6.935222343222611,0.000245863826766764
6.955266338434237,0.0002229330558697109
6.975310333645862,0.0002776277709860654
6.995354328857489,0.0003558129459134599
7.015398324069114,0.0004696491829860427
7.03544231928074,0.0005843724643930202
7.055486314492366,0.0005953460794930391
7.075530309703992,0.0005135313473727693
7.095574304915617,0.000317578232349964
7.115618300127244,4.127133577096642e-005
7.135662295338869,-0.000249859018509115
7.155706290550499,-0.0006006653501321748
7.175750285762121,-0.0009072459103397637
7.195794280973747,-0.001163557595578529
7.215838276185372,-0.001381213779470062
7.235882271397002,-0.001553372342938384
7.255926266608624,-0.001788034653439923
7.275970261820254,-0.002062748624403958
7.296014257031879,-0.002342466215655136
7.316058252243505,-0.002630855311226431
7.336102247455131,-0.003003794229837834
7.356146242666757,-0.003455164400113473
7.376190237878382,-0.004069819064374388
7.396234233090008,-0.004800681228920021
7.416278228301634,-0.00554674541995101
7.43632222351326,-0.006180160159934693
7.456366218724886,-0.006789399424742626
7.476410213936512,-0.007443845443918551
7.496454209148138,-0.008099630171724877
7.516498204359763,-0.008781029356793596
7.536542199571393,-0.009438059543695712
7.556586194783015,-0.01009698769852331
7.576630189994645,-0.01087301032605443
7.59667418520627,-0.01169132890599408
7.616718180417896,-0.01250431468473095
7.636762175629522,-0.0133757551405033
7.656806170841148,-0.01426105351551598
7.676850166052773,-0.01514359846632262
7.6968941612644,-0.01604602704764057
7.716938156476025,-0.01689504010127278
7.736982151687651,-0.01762839104317256
7.757026146899277,-0.01826142889577186
7.777070142110903,-0.01886668898304947
7.797114137322528,-0.01945452092801159
7.817158132534154,-0.0199334527093901
7.837202127745784,-0.0204589793006485
7.857246122957406,-0.02098295554286705
7.877290118169031,-0.0214970497202922
7.897334113380658,-0.0220045863054189
7.917378108592287,-0.02252212406704644
7.937422103803909,-0.0230792945017279
7.957466099015539,-0.02360720240744987
7.977510094227164,-0.02416135718501549
7.997554089438791,-0.02470097168369574
8.017598084650416,-0.02513415048725365
8.037642079862042,-0.0255458660419718
8.057686075073669,-0.02586194309591677
8.077730070285293,-0.02608691835349849
8.097774065496919,-0.02629077581076705
8.117818060708546,-0.02652381145782347
8.137862055920172,-0.02667544535701474
8.157906051131796,-0.02684307263227617
8.177950046343423,-0.02710241063268659
8.197994041555049,-0.02734141321512782
8.218038036766679,-0.02752420516649988
8.2380820319783,-0.02773609627554568
8.258126027189929,-0.02795227743317954
8.278170022401556,-0.02814111610654308
8.298214017613182,-0.02829986489643038
8.318258012824806,-0.02847504884619603
8.338302008036433,-0.02850591639989473
8.358346003248059,-0.02855376680723613
8.378389998459685,-0.0286554964683411
8.39843399367131,-0.02884082226858122
8.418477988882936,-0.02906657250510461
8.438521984094562,-0.02924171491950831
8.458565979306188,-0.02942860805987995
8.478609974517815,-0.02969758458720391
8.498653969729439,-0.02996094201118775
8.518697964941067,-0.03019404218272022
8.538741960152693,-0.03038356270228202
8.55878595536432,-0.03054315273000585
8.578829950575944,-0.03066928955380551
8.59887394578757,-0.03074730821895782
8.618917940999197,-0.03093947792188796
8.638961936210825,-0.03110732532650346
8.659005931422447,-0.03119463816581613
8.679049926634074,-0.03128653610030916
8.699093921845702,-0.03141500089181605
8.719137917057328,-0.03159644633921327
8.739181912268952,-0.03181523742344455
8.759225907480579,-0.03207414340410405
8.779269902692205,-0.03234435628106448
8.799313897903831,-0.03261414200857538
8.819357893115457,-0.03286753265144801
8.839401888327084,-0.03304768743640551
8.859445883538708,-0.03315039596983924
8.879489878750336,-0.03323601862393075
8.899533873961962,-0.0332215008038713
8.919577869173587,-0.0331532482638141
8.939621864385215,-0.0331137867234371
8.959665859596839,-0.03304083443154292
8.979709854808466,-0.03283427192530268
8.999753850020092,-0.03268691312968151
9.019797845231718,-0.03258392782597323
9.039841840443344,-0.03249406070160912
9.059885835654971,-0.03238662481258879
9.079929830866595,-0.03235208795981588
9.099973826078221,-0.03237294055012332
9.120017821289849,-0.0323611775821129
9.140061816501476,-0.03239568047406525
9.160105811713098,-0.03238291659380296
9.180149806924725,-0.03227460576394012
9.200193802136353,-0.0321913260974365
9.220237797347979,-0.03203565157182624
9.240281792559603,-0.03181919773479417
9.26032578777123,-0.03165024698966959
9.280369782982856,-0.03154924659408735
9.300413778194482,-0.03146847291419381
9.320457773406108,-0.03139488725898033
9.340501768617733,-0.03128764408501297
9.360545763829359,-0.03120539588249654
9.380589759040987,-0.03110710279701349
9.400633754252613,-0.03098776174610858
9.420677749464238,-0.03078393328766385
9.440721744675864,-0.03047418178550866
9.46076573988749,-0.03007422878505155
9.480809735099117,-0.02962685990763852
9.500853730310743,-0.02918211479631029
9.520897725522369,-0.02872402839532012
9.540941720733994,-0.02824338135920708
9.560985715945622,-0.02769758886361143
9.581029711157246,-0.02715520445676347
9.601073706368872,-0.02660534606164412
9.6211177015805,-0.02605185880099038
9.641161696792125,-0.02549272501750966
9.661205692003749,-0.02491399410675058
9.681249687215377,-0.02427425556745933
9.701293682427004,-0.02358870718200842
9.72133767763863,-0.02286129637851993
9.741381672850254,-0.02208262038031606
9.761425668061881,-0.02131837448878655
9.781469663273507,-0.02044368433684694
9.801513658485135,-0.01949837794494583
9.821557653696759,-0.01849280533107255
9.841601648908384,-0.01744189076945279
9.861645644120012,-0.01628347993751085
9.881689639331638,-0.01505434386708205
9.901733634543264,-0.0138063663878101
9.921777629754889,-0.01257636165282941
9.941821624966515,-0.01135198287570534
9.961865620178141,-0.01002961773500867
9.981909615389768,-0.008606657099953093
10.00195361060139,-0.00723477136355803
10.02199760581302,-0.005857646625126303
10.04204160102464,-0.004521079761349254
10.06208559623627,-0.003073673845633898
10.0821295914479,-0.001527398216842541
10.10217358665952,2.09409034583302e-005
10.12221758187115,0.001558155609234663
10.14226157708278,0.003080856126514894
10.1623055722944,0.00469372387647154
10.18234956750603,0.006408427976247249
10.20239356271766,0.008250233468107056
10.22243755792928,0.01025246407094113
10.24248155314091,0.01236882853573509
10.26252554835253,0.01445470233703003
10.28256954356416,0.01653247653051341
10.30261353877579,0.01878707260506478
10.32265753398741,0.02092110865680864
10.34270152919904,0.0230687097040022
10.36274552441066,0.02528372981411671
10.38278951962229,0.0276274336960902
10.40283351483392,0.02998959576020705
10.42287751004554,0.03239060953009203
10.44292150525717,0.03475287010074441
10.46296550046879,0.03707017638384646
10.48300949568042,0.03931773773377716
10.50305349089205,0.04149995520515596
10.52309748610367,0.04362184101744217
10.5431414813153,0.04568205634565084
10.56318547652692,0.04775115582997314
10.58322947173855,0.04968361649306956
10.60327346695017,0.05155422785508355
10.6233174621618,0.05364655042240776
10.64336145737343,0.05530676024209989
10.66340545258505,0.05682631642828808
10.68344944779668,0.05828154485947724
10.70349344300831,0.05962870102888577
10.72353743821993,0.06081100467229169
10.74358143343156,0.06183463411889897
10.76362542864318,0.06271536628216436
10.78366942385481,0.06353879310256497
10.80371341906644,0.06426543560671598
10.82375741427806,0.06493019930492132
10.84380140948969,0.06532595876279648
10.86384540470131,0.06549782120049687
10.88388939991294,0.06540012513590834
10.90393339512457,0.06513074981318788
10.92397739033619,0.06463687956067814
10.94402138554782,0.06376507194276904
10.96406538075944,0.06261336386939989
10.98410937597107,0.06124672790949583
11.00415337118269,0.0595518400666215
11.02419736639432,0.05737335879647756
11.04424136160595,0.05535088098876446
11.06428535681758,0.05304513716544727
11.0843293520292,0.05044672360478038
11.10437334724083,0.0475638569456203
11.12441734245245,0.04469680630881843
11.14446133766408,0.04151159581659298
11.1645053328757,0.03852612306819728
11.18454932808733,0.03495161385850759
11.20459332329896,0.03135341363246855
11.22463731851058,0.02799072719879429
11.24468131372221,0.02297275175036008
11.26472530893383,0.01879861633149685
11.28476930414546,0.013677658768047
11.30481329935709,0.008722601869211236
11.32485729456871,0.00441601716494025
11.34490128978034,0.001037913602187108
11.36494528499197,-0.004200975748864353
11.38498928020359,-0.00723968481320947
11.40503327541521,-0.01038111371283574
11.42507727062684,-0.01356763669275274
11.44512126583847,-0.01743609920314244
11.46516526105009,-0.02046057114880786
11.48520925626172,-0.02357652714418524
11.50525325147335,-0.02632332464335728
11.52529724668497,-0.0284236908652472
11.5453412418966,-0.03023475799759178
11.56538523710823,-0.03201247563267712
11.58542923231985,-0.03377092954454618
11.60547322753148,-0.03535254956523869
11.6255172227431,-0.03689871551542155
11.64556121795473,-0.03838780522531586
11.66560521316636,-0.03979236753285238
11.68564920837798,-0.04106463560082073
11.70569320358961,-0.04244226360957469
11.72573719880123,-0.04390603292302435
11.74578119401286,-0.04519568843836971
11.76582518922449,-0.04629351220965356
11.78586918443611,-0.04740217395262297
11.80591317964774,-0.04858117026211022
11.82595717485936,-0.04977022611110112
11.84600117007099,-0.05095263342292156
11.86604516528262,-0.05219973041381252
11.88608916049424,-0.0536466296705025
11.90613315570587,-0.05516794531619092
11.92617715091749,-0.05682803687695733
11.94622114612912,-0.05861197295831368
11.96626514134075,-0.06036713120526309
11.98630913655237,-0.06210356974819475
12.006353131764,-0.06391777488730695
12.02639712697562,-0.06575443411505044
12.04644112218725,-0.06753957446946131
12.06648511739888,-0.06927354219451103
12.0865291126105,-0.07094716762386286
12.10657310782213,-0.07259849136508474
12.12661710303375,-0.07421983131590455
12.14666109824538,-0.07585262416939151
12.16670509345701,-0.07754379382255361
12.18674908866863,-0.0793077640978351
12.20679308388026,-0.08108843435529681
12.22683707909189,-0.08289340817833715
12.24688107430351,-0.08475640611759612
12.26692506951514,-0.08671320675204967
12.28696906472676,-0.08873018168100291
12.30701305993839,-0.09070005414496746
12.32705705515001,-0.09264016724826849
12.34710105036164,-0.09458576195142829
12.36714504557327,-0.09658584320058086
12.38718904078489,-0.0985567786837937
12.40723303599652,-0.1005595917405403
12.42727703120814,-0.1025578863507514
12.44732102641977,-0.1045676666920923
12.4673650216314,-0.1066404385924494
12.48740901684302,-0.1088017322197058
12.50745301205465,-0.1110947567128618
12.52749700726628,-0.1135942136387079
12.5475410024779,-0.116241428990637
12.56758499768953,-0.1191824666358368
12.58762899290115,-0.1222886234492908
12.60767298811278,-0.1254810830494401
12.62771698332441,-0.1287768326225967
12.64776097853603,-0.1321412363016634
12.66780497374766,-0.1354927124850994
12.68784896895928,-0.1388338978315876
12.70789296417091,-0.1422873868122686
12.72793695938254,-0.1458436424229047
12.74798095459416,-0.1494773944882107
12.76802494980579,-0.1531009341406698
12.78806894501741,-0.1566860385532649
12.80811294022904,-0.160136580520851
12.82815693544067,-0.163525894859001
12.84820093065229,-0.1667233455500908
12.86824492586392,-0.1697904603782765
12.88828892107554,-0.172764670914485
12.90833291628717,-0.1756418619645971
12.9283769114988,-0.1782898978475202
12.94842090671042,-0.1807198519188683
12.96846490192205,-0.1828730713358156
12.98850889713367,-0.1846502513726817
13.0085528923453,-0.1861106431167366
13.02859688755693,-0.1872142900024009
13.04864088276855,-0.1878626368473689
13.06868487798018,-0.1880406356455489
13.0887288731918,-0.1877275595527462
13.10877286840343,-0.1868189580891209
13.12881686361506,-0.1853318944845634
13.14886085882668,-0.1832253144557428
13.16890485403831,-0.1806278862965192
13.18894884924993,-0.1775486358451248
13.20899284446156,-0.1740872308209626
13.22903683967319,-0.1701384183092389
13.24908083488481,-0.1656354478287877
13.26912483009644,-0.1606623998632116
13.28916882530806,-0.155251494200833
13.30921282051969,-0.1492331246334725
13.32925681573132,-0.142705892113976
13.34930081094294,-0.1356841038102579
13.36934480615457,-0.1281927741593469
13.3893888013662,-0.1202329405338719
13.40943279657782,-0.1116258383515923
13.42947679178945,-0.1024199509765552
13.44952078700107,-0.09259440785178054
13.4695647822127,-0.08232990347778486
13.48960877742433,-0.07154261775745477
13.50965277263595,-0.06068590885979064
13.52969676784758,-0.04944517691362882
13.5497407630592,-0.03778458504737148
13.56978475827083,-0.02560762046139468
13.58982875348245,-0.01299384785868239
13.60987274869408,0.0003076940022317929
13.62991674390571,0.01406980890473965
13.64996073911733,0.02826368978329079
13.67000473432896,0.04262766245519448
13.69004872954059,0.05727399718555042
13.71009272475221,0.07202569891837614
13.73013671996384,0.08685507297309761
13.75018071517546,0.1019139097616771
13.77022471038709,0.1173646505046828
13.79026870559872,0.1335097021217095
13.81031270081034,0.1503105373629881
13.83035669602197,0.1676934215540147
13.85040069123359,0.1856837699886552
13.87044468644522,0.2042018982302641
13.89048868165684,0.2232138182477237
13.91053267686847,0.242869957878856
13.9305766720801,0.2633828412860413
13.95062066729172,0.2846918970818195
13.97066466250335,0.3068859722482843
13.99070865771498,0.330449662933282
14.0107526529266,0.3551677727375626
14.03079664813823,0.380886277927716
14.05084064334985,0.4077852332877007
14.07088463856148,0.4354420809436017
14.09092863377311,0.4642042390046484
14.11097262898473,0.4941959746322371
14.13101662419636,0.5257282650513341
14.15106061940798,0.5588410189656047
14.17110461461961,0.593831657260292
14.19114860983124,0.6306744312571495
14.21119260504286,0.669016910834076
14.23123660025449,0.7087093434587783
14.25128059546611,0.7507348076600808
14.27132459067774,0.7943604466362084
14.29136858588937,0.8398138434116793
14.31141258110099,0.8860738757921369
14.33145657631262,0.9344759398131638
14.35150057152424,0.9850479920440357
14.37154456673587,1.03819226423073
14.3915885619475,1.092871038847423
14.41163255715912,1.14830205069326
14.43167655237075,1.204627741883022
14.45172054758237,1.262923518595035
14.471764542794,1.321703877871781
14.49180853800563,1.381915207696324
14.51185253321725,1.443732316146884
14.53189652842888,1.507117159040336
14.55194052364051,1.571142862040258
14.57198451885213,1.636048074261072
14.59202851406376,1.701072821723602
14.61207250927538,1.765597320923784
14.63211650448701,1.828842541535254
14.65216049969864,1.891327002396994
14.67220449491026,1.951674582687177
14.69224849012189,2.011267342731605
14.71229248533351,2.069243378960896
14.73233648054514,2.125612109798719
14.75238047575676,2.179546538898295
14.77242447096839,2.231966995113567
14.79246846618002,2.279775337584087
14.81251246139164,2.324420979275089
14.83255645660327,2.36472160197369
14.85260045181489,2.400492875217001
14.87264444702652,2.432569540938775
14.89268844223815,2.461246535228681
14.91273243744977,2.486272506828345
14.9327764326614,2.507964003184947
14.95282042787303,2.523769182755419
14.97286442308465,2.533751567939367
14.99290841829628,2.538694708668193
15.0129524135079,2.535717626053111
15.03299640871953,2.520920006606559
15.05304040393116,2.494544572767787
15.07308439914278,2.458476331089645
15.09312839435441,2.414171522718503
15.11317238956603,2.361688036667175
15.13321638477766,2.302140995539376
15.15326037998929,2.234195773750135
15.17330437520091,2.158139282480907
15.19334837041254,2.075488084039588
15.21339236562416,1.986272050114259
15.23343636083579,1.889555938332058
15.25348035604741,1.785030246017271
15.27352435125904,1.673222391118096
15.29356834647067,1.557850564348351
15.31361234168229,1.436104786363735
15.33365633689392,1.307823708608589
15.35370033210555,1.172446365813559
15.37374432731717,1.03205265716465
15.3937883225288,0.8873748492506672
15.41383231774043,0.738231283571531
15.43387631295205,0.5854208002603196
15.45392030816368,0.4326861998033915
15.4739643033753,0.2795290837514461
15.49400829858693,0.1252591156333324
15.51405229379855,-0.02840166986016124
15.53409628901018,-0.1791003950339106
15.55414028422181,-0.3309657201509116
15.57418427943343,-0.4818272666189454
15.59422827464506,-0.6297332226717033
15.61427226985668,-0.7739422922281178
15.63431626506831,-0.9127816377786671
15.65436026027994,-1.048664631696277
15.67440425549156,-1.18011377294557
15.69444825070319,-1.306154218820944
15.71449224591481,-1.426076284855758
15.73453624112644,-1.542360199492715
15.75458023633806,-1.65331878327905
15.77462423154969,-1.757639798853277
15.79466822676132,-1.854619159906515
15.81471222197295,-1.946421785057316
15.83475621718457,-2.034753963148089
15.8548002123962,-2.115835806003616
15.87484420760782,-2.192302108177826
15.89488820281945,-2.258889860631145
15.91493219803108,-2.319728701395512
15.9349761932427,-2.376754510965029
15.95502018845433,-2.428534920735202
15.97506418366595,-2.473634481012524
15.99510817887758,-2.511832324216395
16.01515217408921,-2.542826156307636
16.03519616930083,-2.566364789355736
16.05524016451246,-2.584482302796945
16.07528415972409,-2.598073392404205
16.09532815493571,-2.607245557440345
16.11537215014733,-2.612973133178446
16.13541614535896,-2.615158013995123
16.15546014057059,-2.614294589382522
16.17550413578222,-2.609734242220541
16.19554813099384,-2.601869003560453
16.21559212620547,-2.591069366257723
16.23563612141709,-2.5779904933863
16.25568011662872,-2.562911501661786
16.27572411184034,-2.54634665303823
16.29576810705197,-2.528823636428194
16.3158121022636,-2.510836245266611
16.33585609747522,-2.492133216797412
16.35590009268685,-2.472034202135831
16.37594408789848,-2.451695163711318
16.3959880831101,-2.430983550383128
16.41603207832173,-2.409210059600469
16.43607607353335,-2.386982157541056
16.45612006874498,-2.364954187853735
16.4761640639566,-2.341612360926524
16.49620805916823,-2.318640370110356
16.51625205437986,-2.295734188892946
16.53629604959149,-2.272368729867566
16.55634004480311,-2.248575729806967
16.57638404001473,-2.22497414316559
16.59642803522636,-2.202217595138754
16.61647203043799,-2.17932922517943
16.63651602564961,-2.155941263138353
16.65656002086124,-2.131721201298797
16.67660401607287,-2.106948434705958
16.69664801128449,-2.081733611090395
16.71669200649612,-2.055926815337738
16.73673600170774,-2.029650421263133
16.75677999691937,-2.003332916427064
16.776823992131,-1.97802925364477
16.79686798734262,-1.951686724679834
16.81691198255425,-1.92523170782657
16.83695597776587,-1.897667727599385
16.8569999729775,-1.869379868430716
16.87704396818912,-1.838610882910825
16.89708796340075,-1.805782555398335
16.91713195861238,-1.770841419371822
16.937175953824,-1.735831818558283
16.95721994903563,-1.700567572789718
16.97726394424725,-1.663700262970075
16.99730793945888,-1.622506514700837
17.01735193467051,-1.578110166502483
17.03739592988213,-1.526700496754008
17.05743992509376,-1.464831143307012
17.07748392030539,-1.394906771605715
17.09752791551701,-1.330145114920525
17.11757191072864,-1.26809453450636
17.13761590594026,-1.211999840165047
17.15765990115189,-1.15606493945091
17.17770389636351,-1.097728016274147
17.19774789157514,-1.033164202382413
17.21779188678677,-0.963127542617452
17.23783588199839,-0.8996236654648577
17.25787987721002,-0.838225742109772
17.27792387242165,-0.7729828549517857
17.29796786763328,-0.7029247845611535
17.31801186284489,-0.6201391513863114
17.33805585805652,-0.5426610061854371
17.35809985326815,-0.47916412810408
17.37814384847978,-0.4157529806872987
17.3981878436914,-0.3456283033599048
17.41823183890303,-0.2783073367949741
17.43827583411466,-0.2068570564476428
17.45831982932628,-0.1282161556603699
17.4783638245379,-0.04878705683438054
17.49840781974953,0.0325458948727612
17.51845181496116,0.09689874583112604
17.53849581017278,0.171195498521646
17.55853980538441,0.2330292128150685
17.57858380059604,0.2965908212624787
17.59862779580766,0.3558221568703253
17.61867179101929,0.4087059163738799
17.63871578623092,0.4577441612913992
17.65875978144254,0.5041198860334542
17.67880377665417,0.5472526529828971
17.69884777186579,0.5881869844127687
17.71889176707742,0.6270967655031813
17.73893576228904,0.6652525312077287
17.75897975750067,0.7018551450480196
17.7790237527123,0.7372122548580016
17.79906774792393,0.7700819963578163
17.81911174313555,0.8004374586750542
17.83915573834717,0.827967922551103
17.8591997335588,0.8523107399087039
17.87924372877043,0.8733664043238425
17.89928772398205,0.8916864013511443
17.91933171919368,0.9075459269008199
17.93937571440531,0.9206203322946081
17.95941970961693,0.9312405486042487
17.97946370482855,0.9392344647414934
17.99950770004018,0.9447187226455608
18.01955169525181,0.9477683548023258
18.03959569046344,0.948434566668974
18.05963968567506,0.9465176240220135
18.07968368088669,0.9423766735171963
18.09972767609832,0.9360385789344609
18.11977167130994,0.9274343541155234
18.13981566652156,0.9168479817127679
18.15985966173319,0.9041908080532497
18.17990365694482,0.8894965948686089
18.19994765215644,0.8730778369269343
18.21999164736807,0.8545922534110853
18.2400356425797,0.8344920725865543
18.26007963779133,0.8129215098888922
18.28012363300295,0.7898861724169789
18.30016762821457,0.7655565531102934
18.3202116234262,0.7402332311525439
18.34025561863782,0.7136155271578424
18.36029961384945,0.6858692526958654
18.38034360906108,0.6576166983994558
18.40038760427271,0.6283285283355085
18.42043159948433,0.5987220679221106
18.44047559469596,0.5685594945347654
18.46051958990758,0.5383851357824343
18.48056358511921,0.5070188843170845
18.50060758033083,0.4751559848574214
18.52065157554246,0.4438412734546151
18.54069557075409,0.4128498539246072
18.56073956596571,0.3820757504668463
18.58078356117734,0.3515253132203273
18.60082755638896,0.3204073514527061
18.62087155160059,0.2907085848644868
18.64091554681222,0.2630949051426685
18.66095954202384,0.2369488661265774
18.68100353723547,0.2124412700672307
18.70104753244709,0.1898178120595825
18.72109152765872,0.1687884524994234
18.74113552287035,0.1496590731162786
18.76117951808197,0.1319786013390354
18.7812235132936,0.1159001058130898
18.80126750850523,0.1020308012464134
18.82131150371685,0.08993198764431673
18.84135549892848,0.08005724244938478
18.8613994941401,0.07256570947647095
18.88144348935173,0.06668698832073181
18.90148748456335,0.06333128343531812
18.92153147977498,0.0621010515833812
18.94157547498661,0.06261022539798651
18.96161947019823,0.06566061317618184
18.98166346540986,0.07076548350752342
19.00170746062149,0.07771524295664389
19.02175145583311,0.08688226720264233
19.04179545104474,0.09771232141218958
19.06183944625636,0.1104074859160753
19.08188344146799,0.1248862018511502
19.10192743667961,0.1402605329626094
19.12197143189124,0.1567510267010442
19.14201542710287,0.1746167692027399
19.16205942231449,0.1934792661424793
19.18210341752612,0.2130713754575827
19.20214741273775,0.2335077662555949
19.22219140794937,0.2543488779132462
19.242235403161,0.2759288435815215
19.26227939837262,0.2977081144579275
19.28232339358425,0.3197309841244972
19.30236738879587,0.3417317662786589
19.3224113840075,0.3639050008971849
19.34245537921913,0.3861649720243918
19.36249937443076,0.4082806884371832
19.38254336964238,0.4298674673503342
19.40258736485401,0.4512364622624054
19.42263136006563,0.4722558011494721
19.44267535527726,0.4925696974698747
19.46271935048889,0.5121718237474087
19.48276334570051,0.5306247716983238
19.50280734091214,0.5483591662977905
19.52285133612376,0.5650611250264558
19.54289533133539,0.5804974776276246
19.56293932654701,0.5948954704096515
19.58298332175864,0.6079110837321342
19.60302731697027,0.6196828553736106
19.6230713121819,0.630357147079848
19.64311530739352,0.6391029131749152
19.66315930260514,0.646360871042565
19.68320329781677,0.652318806081286
19.70324729302839,0.6561181716679746
19.72329128824002,0.658461695709251
19.74333528345165,0.6591196000849123
19.76337927866328,0.6575503758492172
19.7834232738749,0.6545878118389518
19.80346726908653,0.6496616068546721
19.82351126429815,0.642508506271165
19.84355525950978,0.6339039473290492
19.8635992547214,0.6230241516823076
19.88364324993303,0.610306169258098
19.90368724514466,0.5960499970241103
19.92373124035628,0.5795341007181373
19.94377523556791,0.5613915675966662
19.96381923077954,0.5418452651075102
19.98386322599116,0.5202501886723527
20.00390722120279,0.4972354521952752
20.02395121641441,0.4726560974541268
20.04399521162604,0.4463845093846864
20.06403920683766,0.419557569640769
20.08408320204929,0.3917606179506319
20.10412719726092,0.3629549211329733
20.12417119247255,0.3333653902732562
20.14421518768417,0.3030374057704831
20.16425918289579,0.2719871171083256
20.18430317810742,0.2405470507558974
20.20434717331905,0.2081528088828946
20.22439116853068,0.1753533319592522
20.2444351637423,0.14222545670099
20.26447915895393,0.1091767875869118
20.28452315416555,0.076832965080373
20.30456714937717,0.04480150874023943
20.3246111445888,0.01367373295372145
20.34465513980043,-0.01680856037123424
20.36469913501206,-0.04671623384398888
20.38474313022368,-0.0754322886802155
20.40478712543531,-0.1032319628238705
20.42483112064694,-0.1302553511014482
20.44487511585856,-0.1556161524570716
20.46491911107019,-0.1799908566205113
20.48496310628181,-0.2027485477823205
20.50500710149344,-0.223667328768483
20.52505109670506,-0.2434594227143302
20.54509509191669,-0.2613002456080162
20.56513908712832,-0.2775651443844248
20.58518308233994,-0.2924382338465491
20.60522707755157,-0.3051227230629695
20.6252710727632,-0.3160683420555382
20.64531506797482,-0.3254928779985517
20.66535906318644,-0.3324619557998498
20.68540305839807,-0.3378401234050069
20.7054470536097,-0.3414849641332686
20.72549104882133,-0.3430744823319312
20.74553504403295,-0.3435380399065628
20.76557903924458,-0.3420338063130927
20.7856230344562,-0.338735786888488
20.80566702966783,-0.3341740893675156
20.82571102487945,-0.3276696806105947
20.84575502009108,-0.3198253973991262
20.86579901530271,-0.3108004071164939
20.88584301051433,-0.2999714601235939
20.90588700572596,-0.2880480341878181
20.92593100093759,-0.2751286160994502
20.94597499614921,-0.2608089082613246
20.96601899136084,-0.2458980600073892
20.98606298657246,-0.230200664091269
21.00610698178409,-0.2133891064000452
21.02615097699572,-0.1960103638424548
21.04619497220734,-0.1777809781958127
21.06623896741897,-0.1593105125533315
21.0862829626306,-0.1404684988523944
21.10632695784222,-0.1211807644313244
21.12637095305385,-0.1016549417714993
21.14641494826547,-0.0821016622367111
21.1664589434771,-0.06255126927970599
21.18650293868872,-0.042869494175032
21.20654693390035,-0.02289688141123149
21.22659092911198,-0.003137072801846634
21.2466349243236,0.01641093322727954
21.26667891953523,0.03589335915927223
21.28672291474685,0.05482595118651153
21.30676690995848,0.07336995992330325
21.3268109051701,0.09138491816529892
21.34685490038173,0.1086509587172092
21.36689889559336,0.1254015067210196
21.38694289080499,0.1414574102739444
21.40698688601661,0.1569917971331171
21.42703088122823,0.1721836956471001
21.44707487643986,0.1866119035091759
21.46711887165149,0.2004183744265305
21.48716286686311,0.2136224463246719
21.50720686207474,0.2256970266741122
21.52725085728637,0.2371003733505351
21.54729485249799,0.2475773412443746
21.56733884770962,0.2568964814444036
21.58738284292125,0.2654248212008813
21.60742683813287,0.2729570134436424
21.6274708333445,0.279533506682213
21.64751482855612,0.2854426610142566
21.66755882376775,0.2900683182985556
21.68760281897937,0.2937254991088673
21.707646814191,0.2966183651327909
21.72769080940263,0.2983811564351219
21.74773480461425,0.299360966110753
21.76777879982588,0.2994442707457951
21.78782279503751,0.2983967549548389
21.80786679024913,0.2966870067775047
21.82791078546076,0.2939401800393948
21.84795478067238,0.2901367452333111
21.86799877588401,0.2856540179231942
21.88804277109563,0.2801805828110382
21.90808676630726,0.2739108357052129
21.92813076151889,0.267133435726886
21.94817475673052,0.2595112380799045
21.96821875194214,0.2513630193236913
21.98826274715377,0.2428119240482875
22.00830674236539,0.2336946143500429
22.02835073757701,0.2242492221377234
22.04839473278864,0.2143549591390068
22.06843872800027,0.2039375179536584
22.0884827232119,0.1932424038309392
22.10852671842352,0.1821898111404934
22.12857071363515,0.1711044163514084
22.14861470884677,0.1599886337649679
22.1686587040584,0.1487559173652136
22.18870269927002,0.1375194255433187
22.20874669448165,0.1263234726605133
22.22879068969328,0.1152741087011594
22.2488346849049,0.1043285352912593
22.26887868011653,0.09337697079519075
22.28892267532816,0.08273454306630494
22.30896667053978,0.0724362871178801
22.32901066575141,0.06246833348584004
22.34905466096303,0.05302656699241599
22.36909865617466,0.04385725253789599
22.38914265138629,0.0352416711684168
22.40918664659791,0.0270351596319968
22.42923064180954,0.01922420798675788
22.44927463702117,0.01207076087714166
22.46931863223279,0.005459032438361266
22.48936262744441,-0.0006799219223645016
22.50940662265604,-0.005764088727322206
22.52945061786767,-0.01022305272388556
22.54949461307929,-0.01400028858265879
22.56953860829092,-0.01682735224703154
22.58958260350255,-0.01914759439379737
22.60962659871417,-0.02071029004263134
22.6296705939258,-0.0215121838575941
22.64971458913742,-0.02182833342502718
22.66975858434905,-0.02130644101478641
22.68980257956068,-0.02005728543639968
22.7098465747723,-0.01820588665002047
22.72989056998393,-0.01547021386120969
22.74993456519556,-0.01218436718121862
22.76997856040718,-0.008362903643572475
22.79002255561881,-0.003771668574516587
22.81006655083043,0.001308855950907399
22.83011054604206,0.006868820073697483
22.85015454125368,0.01311447503366527
22.87019853646531,0.01970350383508197
22.89024253167694,0.02689732228376306
22.91028652688856,0.03437121973401503
22.93033052210019,0.04203664540731979
22.95037451731182,0.050076508401158
22.97041851252345,0.05816935115174281
22.99046250773506,0.06637218780317003
23.01050650294669,0.07461840204618402
23.03055049815832,0.08290710705356778
23.05059449336994,0.09124293175290767
23.07063848858157,0.09955878065521859
23.0906824837932,0.1078156720202779
23.11072647900483,0.1158436195888597
23.13077047421645,0.1235601122540626
23.15081446942807,0.131069067891198
23.1708584646397,0.138209457423316
23.19090245985133,0.1449424285579036
23.21094645506295,0.1514388700105161
23.23099045027458,0.1574949157405322
23.25103444548621,0.1632451206983735
23.27107844069783,0.1686659353293075
23.29112243590946,0.1734656650145969
23.31116643112109,0.1779355997223662
23.33121042633271,0.1818986226900693
23.35125442154434,0.1852871506490276
23.37129841675596,0.1883223250201429
23.39134241196759,0.1906758606044168
23.41138640717921,0.1925985412484431
23.43143040239084,0.1941790280877295
23.45147439760247,0.1951387214481742
23.47151839281409,0.1957679898335482
23.49156238802572,0.1960280352157621
23.51160638323734,0.1957336408076456
23.53165037844897,0.1951959663253024
23.5516943736606,0.1943676685511951
23.57173836887222,0.1930961872045457
23.59178236408385,0.1916056106772984
23.61182635929547,0.189789516336003
23.6318703545071,0.187746043687486
23.65191434971872,0.1855127642579111
23.67195834493035,0.1828717491799944
23.69200234014198,0.1800141170138745
23.71204633535361,0.1769435242450106
23.73209033056523,0.1736134581864435
23.75213432577686,0.1700353175207209
23.77217832098848,0.166163278499737
23.79222231620011,0.1619692373573134
23.81226631141174,0.1575785640641363
23.83231030662336,0.1528927756245317
23.85235430183499,0.1478963690934934
23.87239829704661,0.1427035661663456
23.89244229225824,0.1371379498946329
23.91248628746986,0.1312825462685013
23.93253028268149,0.1251658307226465
23.95257427789312,0.1187782271774587
23.97261827310474,0.1122309446991589
23.99266226831637,0.1054637549492186
24.01270626352799,0.09828833971412658
24.03275025873962,0.09096219640576837
24.05279425395125,0.08333070461785409
24.07283824916287,0.07552771039634613
24.0928822443745,0.06754256897691893
24.11292623958613,0.05927517017680458
24.13297023479775,0.05085023069658347
24.15301423000938,0.04236684096497438
24.173058225221,0.033994112701429
24.19310222043263,0.02564972805344603
24.21314621564426,0.01732035939408061
24.23319021085588,0.009099183140498617
24.25323420606751,0.0009700069330715759
24.27327820127913,-0.007149971278341225
24.29332219649076,-0.0151799600914338
24.31336619170239,-0.02324794437040057
24.33341018691401,-0.03108703341705503
24.35345418212564,-0.03857940009703254
24.37349817733726,-0.04579913546990241
24.39354217254889,-0.05253092861343818
24.41358616776051,-0.0588292441410318
24.43363016297214,-0.064699792721227
24.45367415818377,-0.06996533203573016
24.4737181533954,-0.0747916116257128
24.49376214860702,-0.07906895895673231
24.51380614381865,-0.0825966112654717
24.53385013903027,-0.08573606235729304
24.5538941342419,-0.08828024932074652
24.57393812945352,-0.09022247649659607
24.59398212466515,-0.09179186992712586
24.61402611987678,-0.09263754290753656
24.6340701150884,-0.09304256856576215
24.65411411030003,-0.09293850423884373
24.67415810551166,-0.09217827121543239
24.69420210072328,-0.09101193056257985
24.71424609593491,-0.08932625752039866
24.73429009114653,-0.08702811943939871
24.75433408635816,-0.08437266999252016
24.77437808156978,-0.08127322317999976
24.79442207678141,-0.0778124174539135
24.81446607199304,-0.0741081103744637
24.83451006720466,-0.07003835428887308
24.85455406241629,-0.06568309337421782
24.87459805762791,-0.06103355484031688
24.89464205283954,-0.05606007982162148
24.91468604805117,-0.05100687618102778
24.93473004326279,-0.04580583886613983
24.95477403847442,-0.04053700047478885
24.97481803368605,-0.03521550169382991
24.99486202889767,-0.02990797617417917
25.01490602410929,-0.02461628661700555
25.03495001932092,-0.01927063255753776
25.05499401453255,-0.01395178446876589
25.07503800974418,-0.008782795417988955
25.0950820049558,-0.003762541620662412
25.11512600016743,0.0008485516656218899
25.13516999537906,0.005207408683144803
25.15521399059067,0.009334893228090327
25.1752579858023,0.01317969790771916
25.19530198101393,0.01688910460665259
25.21534597622556,0.02033216221051235
25.23538997143718,0.02348450507737474
25.25543396664881,0.02643885681506957
25.27547796186044,0.02898577093659581
25.29552195707207,0.03130201328316746
25.31556595228369,0.03335730615676435
25.33560994749531,0.03504784810777913
25.35565394270694,0.03646397105539204
25.37569793791856,0.0375813375066949
25.39574193313019,0.03827554744241535
25.41578592834182,0.03877561279878464
25.43582992355345,0.03896858102260611
25.45587391876507,0.03877883697534974
25.4759179139767,0.03835457383627938
25.49596190918832,0.03747774528505745
25.51600590439995,0.03641592509578706
25.53604989961157,0.03517509339174859
25.5560938948232,0.03365422645005374
25.57613789003483,0.03192223914537264
25.59618188524645,0.02989044804703538
25.61622588045808,0.02762315735217645
25.6362698756697,0.02525881543993331
25.65631387088133,0.02270410265171893
25.67635786609296,0.01993051519944713
25.69640186130458,0.01703410136862115
25.71644585651621,0.01392206764880751
25.73648985172783,0.01065820905903576
25.75653384693946,0.007263603510178332
25.77657784215108,0.003653401967483044
25.79662183736271,-0.0001156870670241353
25.81666583257434,-0.004097214943819186
25.83670982778596,-0.00827929541661112
25.85675382299759,-0.01258783142512668
25.87679781820922,-0.01714845063528498
25.89684181342084,-0.02179960473525544
25.91688580863247,-0.02657028116609078
25.9369298038441,-0.03151866027332533
25.95697379905572,-0.0365051201585059
25.97701779426735,-0.04152964029145664
25.99706178947897,-0.04657704141050027
26.0171057846906,-0.05163671548730629
26.03714977990223,-0.05675932619196468
26.05719377511385,-0.06174994881689815
26.07723777032548,-0.06670323654695588
26.09728176553711,-0.07165411816607574
26.11732576074873,-0.07648289897061544
26.13736975596035,-0.08133743583560098
26.15741375117198,-0.08599063792407603
26.17745774638361,-0.09054875402183024
26.19750174159523,-0.09504413127426789
26.21754573680686,-0.09931490958724971
26.23758973201849,-0.1034242424832268
26.25763372723011,-0.1073198674233016
26.27767772244174,-0.1109044647910034
26.29772171765336,-0.1142939438908282
26.31776571286499,-0.1173951234547448
26.33780970807661,-0.1201083016806985
26.35785370328824,-0.122583023351675
26.37789769849987,-0.1245518431317459
26.39794169371149,-0.1261927795578437
26.41798568892312,-0.1275933145961118
26.43802968413475,-0.1284739898790441
26.45807367934637,-0.129083793899768
26.478117674558,-0.1293620741406046
26.49816166976962,-0.1292586913473546
26.51820566498125,-0.1289506918974836
26.53824966019288,-0.1282806912192219
26.5582936554045,-0.1272685245850776
26.57833765061613,-0.1260209834320881
26.59838164582775,-0.1243897969170276
26.61842564103938,-0.1224730876600631
26.63846963625101,-0.1203126805679544
26.65851363146264,-0.1177273079273134
26.67855762667426,-0.1149590423763509
26.69860162188588,-0.1120274105407516
26.71864561709751,-0.1088772126412862
26.73868961230913,-0.1056717112018927
26.75873360752076,-0.1022871601170042
26.77877760273239,-0.09874701546186604
26.79882159794402,-0.09509956452011145
26.81886559315564,-0.09132195331150086
26.83890958836727,-0.08746921257804798
26.85895358357889,-0.08353112278100458
26.87899757879052,-0.07941578520484098
26.89904157400214,-0.07524248458898245
26.91908556921377,-0.0710329712507238
26.9391295644254,-0.06679139434779667
26.95917355963702,-0.06255787683787681
26.97921755484865,-0.0582865870202363
26.99926155006027,-0.05414449014035692
27.0193055452719,-0.0500689983392377
27.03934954048353,-0.04610342163556066
27.05939353569515,-0.04225359623678059
27.07943753090678,-0.03846924933642459
27.0994815261184,-0.03476254335375183
27.11952552133003,-0.03109973591889055
27.13956951654166,-0.02749067090575866
27.15961351175328,-0.02393644920685503
27.17965750696491,-0.02041313890180556
27.19970150217653,-0.01687194722499842
27.21974549738816,-0.01334595810298241
27.23978949259979,-0.009858522448831128
27.25983348781141,-0.00644968562377983
27.27987748302304,-0.003136062650084254
27.29992147823467,0.0001336684348155822
27.31996547344629,0.003369181947225674
27.34000946865792,0.006524620754960355
27.36005346386954,0.009566832891206547
27.38009745908117,0.01239912665981075
27.40014145429279,0.01508146645841426
27.42018544950442,0.01762659621639823
27.44022944471605,0.02002214646791324
27.46027343992768,0.02229998891856039
27.4803174351393,0.02438645086007366
27.50036143035092,0.02622527618709803
27.52040542556255,0.02799043300208087
27.54044942077417,0.02959142549963365
27.5604934159858,0.03101571984743022
27.58053741119743,0.03228945816319641
27.60058140640906,0.03327206828203146
27.62062540162069,0.03400832039790623
27.64066939683231,0.03454879565699331
27.66071339204394,0.03472172157375339
27.68075738725556,0.0346375148257099
27.70080138246718,0.03425264466636317
27.72084537767881,0.03338593828150956
27.74088937289044,0.03226923517430645
27.76093336810207,0.03075912540226697
27.78097736331369,0.02883914414555335
27.80102135852532,0.02668104337830556
27.82106535373695,0.02403786650196846
27.84110934894857,0.02108130696131389
27.86115334416019,0.01787484944524383
27.88119733937182,0.01434453649336585
27.90124133458345,0.01062104803790167
27.92128532979507,0.00673845215820897
27.9413293250067,0.002649414161937655
27.96137332021833,-0.001554909177003186
27.98141731542995,-0.005925176190400531
28.00146131064158,-0.01044291579633029
28.0215053058532,-0.01499131871326864
28.04154930106483,-0.01961418059321692
28.06159329627645,-0.02428253405155858
28.08163729148808,-0.02900490211423469
28.10168128669971,-0.03376908723510488
28.12172528191133,-0.03845221894189789
28.14176927712296,-0.04303840719667253
28.16181327233458,-0.04749817003620021
28.18185726754621,-0.05187071628940019
28.20190126275784,-0.05613626330889323
28.22194525796946,-0.06011620649196594
28.24198925318109,-0.06381159253475004
28.26203324839272,-0.06727301254354907
28.28207724360434,-0.07030975260084459
28.30212123881596,-0.07312077398779589
28.32216523402759,-0.07561181011661131
28.34220922923922,-0.0776670320415557
28.36225322445084,-0.07949270687151347
28.38229721966247,-0.08100957793916908
28.4023412148741,-0.08215811436912107
28.42238521008573,-0.08302684724280929
28.44242920529735,-0.08342648353686366
28.46247320050898,-0.08348130574006236
28.4825171957206,-0.08326418965844393
28.50256119093222,-0.08264738172010935
28.52260518614385,-0.08187651158947248
28.54264918135548,-0.08096413416506426
28.56269317656711,-0.07975152074843631
28.58273717177874,-0.07836531038156089
28.60278116699036,-0.07676537321034722
28.62282516220199,-0.07492412557802408
28.64286915741361,-0.07294383052305645
28.66291315262523,-0.07074824576795744
28.68295714783686,-0.0684222172127162
28.70300114304849,-0.06599019987202608
28.72304513826012,-0.06337605654886903
28.74308913347174,-0.06065123073172406
28.76313312868337,-0.05781815957295087
28.78317712389499,-0.05481834973199494
28.80322111910662,-0.05177789029431092
28.82326511431825,-0.04871267960166618
28.84330910952987,-0.04570018809473302
28.8633531047415,-0.0427318504159976
28.88339709995312,-0.03981984165012696
28.90344109516475,-0.03707033329019451
28.92348509037637,-0.03437937666882185
28.943529085588,-0.03173534992786389
28.96357308079963,-0.02920231667881305
28.98361707601125,-0.02672276252550135
29.00366107122288,-0.02429969491324052
29.0237050664345,-0.02197000139968454
29.04374906164613,-0.01967699790632644
29.06379305685776,-0.0173534197552189
29.08383705206938,-0.01514551959199967
29.10388104728101,-0.01299040410489664
29.12392504249263,-0.01091171290520181
29.14396903770426,-0.008821403124160472
29.16401303291588,-0.006744846278979144
29.18405702812751,-0.004786557610966029
29.20410102333914,-0.002901431178235917
29.22414501855077,-0.00107178713759309
29.24418901376239,0.0006013825002748067
29.26423300897401,0.002140804118524317
29.28427700418564,0.003560737405336924
29.30432099939727,0.004853078021768803
29.3243649946089,0.006089001370256238
29.34440898982052,0.007149219106538332
29.36445298503215,0.008015302041181076
29.38449698024378,0.008745148518723349
29.4045409754554,0.009321131219394735
29.42458497066703,0.00975216125197159
29.44462896587865,0.01009374304731436
29.46467296109028,0.01026908876944229
29.48471695630191,0.01034267719507005
29.50476095151353,0.01030307575283752
29.52480494672516,0.01007986311294225
29.54484894193678,0.009764565841204654
29.56489293714841,0.009321567091421238
29.58493693236004,0.00870768810346363
29.60498092757166,0.008016670384692524
29.62502492278329,0.007192431519872406
29.64506891799491,0.006201161967086226
29.66511291320654,0.00506118885472001
29.68515690841817,0.003685097471138724
29.70520090362979,0.002252442864507618
29.72524489884142,0.0007660233489881395
29.74528889405304,-0.0008064926922637536
29.76533288926467,-0.002389748066417596
29.78537688447629,-0.003987702102922716
29.80542087968792,-0.005530743287482586
29.82546487489955,-0.007070848893276265
29.84550887011117,-0.008593409880822413
29.8655528653228,-0.009998816201384569
29.88559686053442,-0.01134262775823221
29.90564085574605,-0.01261346794554724
29.92568485095768,-0.01375904925692678
29.9457288461693,-0.0147752696585397
29.96577284138093,-0.01560217941725694
29.98581683659256,-0.01624167197099913
30.00586083180418,-0.01679451176751012
30.0259048270158,-0.01717269409217329
30.04594882222743,-0.01733128906091873
30.06599281743906,-0.01741002745129386
30.08603681265068,-0.01733406183349915
30.10608080786231,-0.01708415447295827
30.12612480307394,-0.01672067240529387
30.14616879828557,-0.01617377417246198
30.16621279349718,-0.01551472731615516
30.18625678870881,-0.01476035065260907
30.20630078392044,-0.01386116506080572
30.22634477913207,-0.01288527249156749
30.24638877434369,-0.01183958238506326
30.26643276955532,-0.01073442119632417
30.28647676476695,-0.009570069284496878
30.30652075997858,-0.008310626667471585
30.3265647551902,-0.007086642445912015
30.34660875040182,-0.005854101701183675
30.36665274561345,-0.004645876308316378
30.38669674082508,-0.003438848114677247
30.4067407360367,-0.002296943001095953
30.42678473124833,-0.001229097926143551
30.44682872645996,-0.0003127793278674507
30.46687272167158,0.0004768545525319065
30.48691671688321,0.001059882705253298
30.50696071209483,0.001471946460519419
30.52700470730646,0.00177770738748971
30.54704870251809,0.001936357901708447
30.56709269772971,0.001883433818540271
30.58713669294134,0.001665029042991581
30.60718068815296,0.001256774826276374
30.62722468336459,0.0007657380395551585
30.64726867857621,0.0002098523033337327
30.66731267378784,-0.0004811588350268913
30.68735666899947,-0.001255015720775852
30.70740066421109,-0.002130604281298025
30.72744465942272,-0.0030185772925529
30.74748865463434,-0.003969148626293459
30.76753264984597,-0.004992352179017559
30.7875766450576,-0.006044973305608508
30.80762064026922,-0.007049000901989661
30.82766463548085,-0.007987342303131553
30.84770863069247,-0.008908808433222179
30.8677526259041,-0.009788492863482014
30.88779662111572,-0.01062313484271109
30.90784061632735,-0.01130763630865892
30.92788461153898,-0.01194093879752819
30.94792860675061,-0.01255098233533059
30.96797260196223,-0.01303903524091281
30.98801659717386,-0.01337087357127746
31.00806059238548,-0.01342457711437491
31.02810458759711,-0.01327394299373829
31.04814858280873,-0.01299833577987059
31.06819257802036,-0.01256335565315418
31.08823657323199,-0.01195510313277024
31.10828056844362,-0.01121122055186659
31.12832456365524,-0.01023196766490042
31.14836855886687,-0.009122390974017829
31.16841255407849,-0.007917650960595216
31.18845654929012,-0.006548602555180196
31.20850054450174,-0.005170750052327788
31.22854453971337,-0.0037760695136245
31.248588534925,-0.002348146637653814
31.26863253013662,-0.0008679673103475134
31.28867652534825,0.0006455333136096956
31.30872052055988,0.00212575901564984
31.3287645157715,0.003578241043411765
31.34880851098313,0.005033049669961921
31.36885250619475,0.006447530086300867
31.38889650140638,0.007816644336070752
31.40894049661801,0.009150225581154683
31.42898449182963,0.01052972046065406
31.44902848704126,0.01192016306003517
31.46907248225288,0.0133189538508862
31.48911647746451,0.01470747302804538
31.50916047267613,0.01603834314660878
31.52920446788776,0.01730234544822915
31.54924846309939,0.01843671262206385
31.56929245831101,0.01951524232631172
31.58933645352264,0.02052958823681984
31.60938044873426,0.02149124210870968
31.62942444394589,0.02242719258489843
31.64946843915751,0.02334494076534442
31.66951243436914,0.02419002094295595
31.68955642958077,0.02499218775911235
31.70960042479239,0.02578316981843175
31.72964442000402,0.02652400958531735
31.74968841521564,0.02726446467015514
31.76973241042727,0.02801050835667913
31.7897764056389,0.02879514079975045
31.80982040085052,0.02960214408647556
31.82986439606215,0.03041539217364073
31.84990839127377,0.0312443623082516
31.8699523864854,0.0320543902074119
31.88999638169702,0.03281997438554814
31.91004037690865,0.03357773665120818
31.93008437212028,0.03429799547883493
31.95012836733191,0.03493033560224201
31.97017236254353,0.03545689931224228
31.99021635775516,0.03587652166931584
32.01026035296678,0.0360827554730913
32.03030434817841,0.03616016482934144
32.05034834339003,0.03612344351017766
32.07039233860166,0.03586105602685283
32.09043633381329,0.03551077841110165
32.11048032902492,0.03504320298787353
32.13052432423654,0.03441850242410021
32.15056831944817,0.03348582058896705
32.17061231465979,0.03247317803742543
32.19065630987141,0.03135000064408443
32.21070030508304,0.03004019869448762
32.23074430029467,0.02862123826771573
32.2507882955063,0.02703478335853227
32.27083229071792,0.02532491199188567
32.29087628592955,0.02345268879334438
32.31092028114118,0.02137452709529471
32.3309642763528,0.01913225916526275
32.35100827156443,0.01678569118622814
32.37105226677605,0.01403838962134776
32.39109626198768,0.01104732023823989
32.41114025719931,0.007947974825369492
32.43118425241093,0.004867617971086652
32.45122824762256,0.001758277985471983
32.47127224283418,-0.001418369296580028
32.49131623804581,-0.004593563445837534
32.51136023325744,-0.007687733591147666
32.53140422846906,-0.01075937220446968
32.55144822368069,-0.0137063127200291
32.57149221889232,-0.01648761161335904
32.59153621410394,-0.01920570113715273
32.61158020931556,-0.02176241144512496
32.63162420452719,-0.02406954021392397
32.65166819973882,-0.02621058465376822
32.67171219495045,-0.02809024267787533
32.69175619016207,-0.02982062039673945
32.7118001853737,-0.03136840062980559
32.73184418058533,-0.0326744451147938
32.75188817579695,-0.0337992497595053
32.77193217100857,-0.03477899369779571
32.7919761662202,-0.03549698315613278
32.81202016143183,-0.03600846923590868
32.83206415664346,-0.03627319718439934
32.85210815185508,-0.03625426730008263
32.87215214706671,-0.03599895405811377
32.89219614227834,-0.0355455317650165
32.91224013748996,-0.03485010849732122
32.93228413270158,-0.03401363350185237
32.95232812791321,-0.03307931576628161
32.97237212312484,-0.03200337930451491
32.99241611833646,-0.03083677205363451
33.01246011354809,-0.02958267697296798
33.03250410875972,-0.02828396287333867
33.05254810397134,-0.02699786348666434
33.07259209918297,-0.02575714771061655
33.09263609439459,-0.02451770291303008
33.11268008960622,-0.0233386289874938
33.13272408481784,-0.02222472520283409
33.15276808002947,-0.02121629638830466
33.1728120752411,-0.0203768800072266
33.19285607045272,-0.01959733778217937
33.21290006566435,-0.01896044455623186
33.23294406087597,-0.01842031952778623
33.2529880560876,-0.01795714485442845
33.27303205129923,-0.01755417816568511
33.29307604651085,-0.01719665780437749
33.31312004172248,-0.01690645729530002
33.3331640369341,-0.01674357028784197
33.35320803214573,-0.01672018343870147
33.37325202735735,-0.01678515702536124
33.39329602256898,-0.01689825537768641
33.41334001778061,-0.01706020405623958
33.43338401299224,-0.01723023907943864
33.45342800820386,-0.0173812541026202
33.47347200341548,-0.01749078189451365
33.49351599862711,-0.01758070785821968
33.51355999383874,-0.01767775256229574
33.53360398905036,-0.01773011215227243
33.55364798426199,-0.0177390159220352
33.57369197947362,-0.01768501729507477
33.59373597468524,-0.01755630993732148
33.61377996989686,-0.01736539956035656
33.63382396510849,-0.01710918214474546
33.65386796032012,-0.01660021552725168
33.67391195553174,-0.01594873673419852
33.69395595074337,-0.01516918642518269
33.713999945955,-0.01425158644275108
33.73404394116663,-0.01320336656487826
33.75408793637825,-0.01206890794366151
33.77413193158988,-0.01085489185517778
33.79417592680151,-0.009666705410568384
33.81421992201313,-0.008419398919867944
33.83426391722475,-0.007053542117150187
33.85430791243638,-0.005686239480001591
33.87435190764801,-0.004342229656499289
33.89439590285964,-0.003008103035890117
33.91443989807126,-0.001612613143148844
33.93448389328288,-0.0002146072658589704
33.9545278884945,0.001115362471465291
33.97457188370613,0.002338038919470783
33.99461587891776,0.003487111037018658
34.01465987412939,0.004551352890713464
34.03470386934102,0.005485781353031615
34.05474786455264,0.006323003630169401
34.07479185976427,0.007043513686715039
34.09483585497589,0.007709142737440261
34.11487985018752,0.008320665227685809
34.13492384539915,0.008857827646136306
34.15496784061077,0.009228362092889107
34.1750118358224,0.009482964412135178
34.19505583103403,0.009632882018819929
34.21509982624566,0.009506929152832598
34.23514382145728,0.009297475890009326
34.25518781666889,0.009000055092923051
34.27523181188052,0.008569088610164307
34.29527580709215,0.00799882598043721
34.31531980230378,0.007342018914012288
34.3353637975154,0.006597124032278426
34.35540779272703,0.005829877816786555
34.37545178793866,0.005043611912844272
34.39549578315028,0.004255216883130268
34.41553977836191,0.003385927393860647
34.43558377357353,0.002513587771467747
34.45562776878516,0.00166274243403803
34.47567176399679,0.0008010685836596872
34.49571575920842,-4.840115267031751e-005
34.51575975442005,-0.0008911496567673977
34.53580374963167,-0.001757837835882832
34.5558477448433,-0.002600576265173623
34.57589174005492,-0.003389365103483847
34.59593573526655,-0.004134822989177387
34.61597973047817,-0.004878667003599771
34.63602372568979,-0.005586853825831039
34.65606772090142,-0.006238834787153867
34.67611171611304,-0.006833407028677868
34.69615571132467,-0.007375621085459728
34.71619970653629,-0.00783092886026396
34.73624370174792,-0.008225801618943669
34.75628769695955,-0.008571086594988495
34.77633169217118,-0.008875371501692753
34.79637568738281,-0.009199963551991663
34.81641968259443,-0.009520323714507194
34.83646367780606,-0.009831123482163121
34.85650767301768,-0.01012236801542188
34.87655166822931,-0.01041320692910492
34.89659566344094,-0.0107031156497886
34.91663965865256,-0.01099366656555815
34.93668365386419,-0.01131755683308548
34.95672764907581,-0.01165530744609388
34.97677164428744,-0.01201334942130488
34.99681563949906,-0.01240979583603122
35.01685963471068,-0.01286644403980794
35.03690362992231,-0.01337162864115664
35.05694762513394,-0.01394744584372564
35.07699162034557,-0.01451495183256701
35.09703561555719,-0.01508846644902071
35.11707961076882,-0.01570439895056821
35.13712360598045,-0.01630413833596889
35.15716760119207,-0.01691070678033361
35.1772115964037,-0.01745767134124919
35.19725559161532,-0.01791629837063202
35.21729958682695,-0.01831514845797564
35.23734358203858,-0.01867734233300706
35.25738757725021,-0.01901378725715751
35.27743157246183,-0.01928754793658748
35.29747556767345,-0.01950327296292496
35.31751956288508,-0.01960362797525189
35.3375635580967,-0.01962053719212597
35.35760755330833,-0.01957435354425624
35.37765154851996,-0.01946991633012585
35.39769554373159,-0.01927653102773853
35.41773953894321,-0.01899388413579581
35.43778353415483,-0.01858792690830946
35.45782752936646,-0.01801111729654735
35.47787152457808,-0.01723274340078079
35.49791551978971,-0.01627233873136978
35.51795951500134,-0.01517198489042647
35.53800351021297,-0.01399709295897886
35.5580475054246,-0.01271243501466539
35.57809150063622,-0.0112066703966922
35.59813549584785,-0.009665209548005059
35.61817949105947,-0.008117984343798445
35.63822348627109,-0.00651697004033181
35.65826748148272,-0.004857860619373162
35.67831147669435,-0.003179287077433095
35.69835547190598,-0.001490355074396831
35.7183994671176,0.0001942510855814261
35.73844346232923,0.00184982951200388
35.75848745754086,0.003455056902083898
35.77853145275248,0.005080635929636253
35.79857544796411,0.006653402185517759
35.81861944317573,0.008151144282920119
35.83866343838736,0.009569144837274128
35.85870743359899,0.01092461578597723
35.87875142881061,0.01215157517399206
35.89879542402224,0.01324370804788772
35.91883941923386,0.01420929930617549
35.93888341444549,0.01509427255739749
35.95892740965711,0.01591872833936324
35.97897140486874,0.01661199097725868
35.99901540008037,0.01704242161548533
36.01905939529199,0.01730423213304528
36.03910339050362,0.0174544134133132
36.05914738571524,0.01747805269094297
36.07919138092687,0.01737197839625442
36.0992353761385,0.01714079298310391
36.11927937135013,0.01678313623049053
36.13932336656175,0.01631894406280459
36.15936736177338,0.01572353194314388
36.179411356985,0.0150401860663653
36.19945535219663,0.01432237280271814
36.21949934740825,0.01365949587640497
36.23954334261988,0.01299149191910845
36.25958733783151,0.01224495067415066
36.27963133304313,0.01151579764098711
36.29967532825475,0.01079085159127442
36.31971932346638,0.01010251346849713
36.339763318678,0.009461520768383863
36.35980731388963,0.008843114423783115
36.37985130910126,0.008250735718215319
36.39989530431289,0.007698784125420954
36.41993929952452,0.007229998891386332
36.43998329473614,0.006870218995219684
36.46002728994777,0.006630762308224557
36.4800712851594,0.006573281773567562
36.50011528037102,0.006700378157508023
36.52015927558265,0.006988007075215822
36.54020327079427,0.007423563985146234
36.5602472660059,0.007935519574036595
36.58029126121753,0.008748021395472237
36.60033525642914,0.00967404473862959
36.62037925164077,0.0108087157014583
36.64042324685239,0.0119834210705629
36.66046724206402,0.0134303563302679
36.68051123727565,0.01479764594604109
36.70055523248728,0.01636052548393496
36.7205992276989,0.01814309528063869
36.74064322291053,0.01970007170864079
36.76068721812216,0.02141130253852455
36.78073121333378,0.02302794710827397
36.80077520854541,0.02470114856665875
36.82081920375703,0.02639371056964865
36.84086319896866,0.02812590624556244
36.86090719418029,0.02988607983419587
36.88095118939192,0.03162310942477738
36.90099518460355,0.03347531278572593
36.92103917981517,0.03524197453743596
36.9410831750268,0.03701510264838005
36.96112717023841,0.03886075328014019
36.98117116545004,0.04075269782702988
37.00121516066167,0.04256416069233157
37.02125915587329,0.04428651334875251
37.04130315108492,0.04592542928512014
37.06134714629654,0.04732136062972604
37.08139114150817,0.04861670760524635
37.1014351367198,0.04982266107272985
37.12147913193142,0.05092201266000927
37.14152312714305,0.05180653113227137
37.16156712235468,0.05251861788946384
37.18161111756631,0.05305328942966886
37.20165511277793,0.05345904295545943
37.22169910798956,0.05372408966008901
37.24174310320119,0.0538219351297906
37.26178709841281,0.05367503942426716
37.28183109362443,0.05336464325289183
37.30187508883606,0.05296507714889588
37.32191908404769,0.05246469866132675
37.34196307925931,0.05180856407025992
37.36200707447093,0.05091272987342481
37.38205106968256,0.04980577250951818
37.40209506489418,0.04843959514248679
37.42213906010581,0.04677819916844851
37.44218305531744,0.04488569506609987
37.46222705052907,0.04283489984062426
37.4822710457407,0.04067761555909093
37.50231504095232,0.03831125432816458
37.52235903616395,0.03574706366881925
37.54240303137557,0.03301213610770813
37.5624470265872,0.03008706630503408
37.58249102179882,0.02702744813459385
37.60253501701045,0.02393827236338793
37.62257901222208,0.02079909944865175
37.6426230074337,0.01754683799205351
37.66266700264533,0.0141557378685674
37.68271099785695,0.0106408486834267
37.70275499306858,0.007036496390537999
37.7227989882802,0.003369210251550931
37.74284298349183,-0.0004659555596633365
37.76288697870346,-0.004366470935114033
37.78293097391508,-0.008201421827986954
37.80297496912671,-0.01201069765781738
37.82301896433833,-0.0158121091786437
37.84306295954996,-0.01956338337822828
37.86310695476159,-0.0232574705754005
37.88315094997321,-0.02688453002574977
37.90319494518484,-0.03048534339618492
37.92323894039647,-0.0339583611608285
37.94328293560809,-0.03733408863445607
37.96332693081972,-0.04056454556173199
37.98337092603134,-0.04360714834974205
38.00341492124297,-0.04644986835666314
38.02345891645459,-0.04908033391793373
38.04350291166622,-0.05153571868266674
38.06354690687785,-0.05381050769679503
38.08359090208948,-0.05595868611557777
38.10363489730111,-0.05793066436421755
38.12367889251273,-0.05967914837432679
38.14372288772435,-0.06121599138822846
38.16376688293597,-0.06259044959195607
38.1838108781476,-0.06377084744067177
38.20385487335923,-0.06477167176122574
38.22389886857086,-0.06553326518633362
38.24394286378249,-0.06608737700829641
38.26398685899411,-0.06641744511143304
38.28403085420573,-0.06658054498531357
38.30407484941735,-0.06656396248991783
38.32411884462898,-0.06634094820024429
38.34416283984061,-0.0658653650165163
38.36420683505224,-0.06518507549637123
38.38425083026387,-0.0643901097477248
38.40429482547549,-0.06352541086039223
38.42433882068712,-0.06254803884274435
38.44438281589874,-0.06152573112025321
38.46442681111037,-0.06042582876701709
38.484470806322,-0.05926536382324614
38.50451480153362,-0.05795463302126376
38.52455879674525,-0.0565635834824005
38.54460279195688,-0.05515349726893343
38.5646467871685,-0.05369421897349962
38.58469078238013,-0.05213500944913777
38.60473477759174,-0.0504546426429389
38.62477877280337,-0.04872212155730806
38.644822768015,-0.04698121533617795
38.66486676322663,-0.04524874296825879
38.68491075843825,-0.04354750414372294
38.70495475364988,-0.04182942612144307
38.72499874886151,-0.04012999686260609
38.74504274407313,-0.0384378377575613
38.76508673928476,-0.03677893592024763
38.78513073449638,-0.03512805751969304
38.80517472970801,-0.03354614858871972
38.82521872491964,-0.03205421715843783
38.84526272013127,-0.03050777402080708
38.8653067153429,-0.02905450615575256
38.88535071055452,-0.02763082003297255
38.90539470576615,-0.0262553195415173
38.92543870097777,-0.0249287233453165
38.94548269618939,-0.02365881757213647
38.96552669140102,-0.02243373354389138
38.98557068661264,-0.02124404761213429
39.00561468182427,-0.02012099346006736
39.02565867703589,-0.01906608761569983
39.04570267224752,-0.01818383428248514
39.06574666745915,-0.0173525097507321
39.08579066267078,-0.0165575617181342
39.1058346578824,-0.01587809696409392
39.12587865309403,-0.01530861181478485
39.14592264830566,-0.01483933841280253
39.16596664351728,-0.01446196997184932
39.18601063872891,-0.0142057492478399
39.20605463394054,-0.01408371897542171
39.22609862915216,-0.01404638179274599
39.24614262436379,-0.01405523844950111
39.26618661957541,-0.01412263787603606
39.28623061478704,-0.01434154433827251
39.30627460999866,-0.01463725199379006
39.32631860521028,-0.01496902676937742
39.34636260042191,-0.01534413144394701
39.36640659563354,-0.01577325798180838
39.38645059084517,-0.01629676239914771
39.40649458605679,-0.01691853178102569
39.42653858126842,-0.01766219378366199
39.44658257648005,-0.0185135484685624
39.46662657169167,-0.01956154471318711
39.4866705669033,-0.02066278620649461
39.50671456211492,-0.02183916037156754
39.52675855732655,-0.02303800008455125
39.54680255253818,-0.02421732671245506
39.56684654774981,-0.02537967963277249
39.58689054296143,-0.02659235665583543
39.60693453817306,-0.02782760602133366
39.62697853338468,-0.0291052521945779
39.6470225285963,-0.03039443382242719
39.66706652380793,-0.03168287591186609
39.68711051901956,-0.03295018599305594
39.70715451423119,-0.03421468766329951
39.72719850944281,-0.03554425618930797
39.74724250465443,-0.03698682602961744
39.76728649986606,-0.03840167367372846
39.78733049507768,-0.03986098060556872
39.80737449028931,-0.04127722404009072
39.82741848550094,-0.04259591407593622
39.84746248071257,-0.04391236163934722
39.8675064759242,-0.04518790096071619
39.88755047113582,-0.04637762219104007
39.90759446634745,-0.04744669893246285
39.92763846155907,-0.04839152987936927
39.94768245677069,-0.04923626307498591
39.96772645198232,-0.05005030588259387
39.98777044719395,-0.05085621706731186
40.00781444240558,-0.05163655256829423
40.0278584376172,-0.05238225905749482
40.04790243282883,-0.05312231196163856
40.06794642804045,-0.053908145953995
40.08799042325208,-0.0546722329544869
40.1080344184637,-0.05535659688556358
40.12807841367533,-0.05603671533854178
40.14812240888696,-0.05665980236314453
40.16816640409858,-0.05720358101141319
40.18821039931021,-0.0576325975643022
40.20825439452184,-0.05799284578352586
40.22829838973346,-0.05828519560225463
40.24834238494509,-0.05857945083488338
40.26838638015671,-0.05872772230076655
40.28843037536834,-0.05878328273977279
40.30847437057997,-0.05880425679581132
40.32851836579159,-0.05875321693454187
40.34856236100322,-0.05864423932907971
40.36860635621484,-0.05848770635374081
40.38865035142647,-0.05835439301590024
40.40869434663809,-0.05819735622140458
40.42873834184972,-0.05797858121905088
40.44878233706135,-0.05761368737660862
40.46882633227298,-0.05708917100707869
40.4888703274846,-0.05646877739777049
40.50891432269622,-0.05575312066695855
40.52895831790785,-0.05491921991449019
40.54900231311947,-0.05399236511684018
40.5690463083311,-0.05292742757542483
40.58909030354273,-0.0516328351633407
40.60913429875435,-0.05020245409202575
40.62917829396598,-0.04871126884012396
40.6492222891776,-0.04715234680801962
40.66926628438923,-0.04557533016787423
40.68931027960086,-0.04395785151105675
40.70935427481248,-0.04222473428084626
40.72939827002411,-0.04042354380761677
40.74944226523574,-0.03859833792254618
40.76948626044737,-0.03677926701321178
40.78953025565899,-0.03492737096456627
40.80957425087062,-0.03297976258349756
40.82961824608225,-0.03102145213693424
40.84966224129387,-0.02909015442946474
40.86970623650549,-0.02714479784458485
40.88975023171712,-0.0251639444481656
40.90979422692875,-0.02315472715398021
40.92983822214038,-0.02119458669388804
40.94988221735199,-0.01931009199246409
40.96992621256362,-0.0175556975101858
40.98997020777524,-0.01597551659780858
41.01001420298687,-0.01451360661714244
41.0300581981985,-0.01320321440736844
41.05010219341013,-0.01199856537975933
41.07014618862176,-0.0108903258704848
41.09019018383338,-0.009846328649632658
41.11023417904501,-0.008890501483958367
41.13027817425663,-0.008024772050896831
41.15032216946826,-0.007296557297767989
41.17036616467988,-0.006647348653016262
41.19041015989151,-0.006073654227256866
41.21045415510314,-0.005558426366373126
41.23049815031477,-0.005094929141128777
41.2505421455264,-0.004893925861215559
41.27058614073802,-0.004896585640134826
41.29063013594963,-0.005006261480292163
41.31067413116126,-0.005236341733228503
41.33071812637289,-0.005669634427789454
41.35076212158452,-0.006329625219162177
41.37080611679614,-0.007104994604164953
41.39085011200777,-0.007946447289247371
41.41089410721939,-0.008811554765783925
41.43093810243102,-0.009745410400419496
41.45098209764265,-0.01077550682973745
41.47102609285427,-0.01190413523417819
41.4910700880659,-0.01307343313946797
41.51111408327753,-0.01435892328032081
41.53115807848916,-0.01575184827966145
41.55120207370079,-0.01725841921094585
41.57124606891241,-0.01887680852400387
41.59129006412404,-0.02057513770812936
41.61133405933566,-0.02231078172072031
41.63137805454728,-0.02410751400936436
41.65142204975891,-0.02592161881556194
41.67146604497053,-0.02766333212161157
41.69151004018216,-0.02938110783005908
41.71155403539378,-0.03102470178320659
41.73159803060541,-0.03260284083368396
41.75164202581703,-0.03408434253117542
41.77168602102866,-0.03538745773446894
41.79173001624029,-0.03660434714739785
41.81177401145192,-0.03776915376418077
41.83181800666355,-0.03887104453036722
41.85186200187517,-0.03989821718204659
41.8719059970868,-0.04083223726275971
41.89194999229842,-0.04168709132978889
41.91199398751005,-0.04245559339206461
41.93203798272168,-0.04303136717844028
41.9520819779333,-0.04344323675150748
41.97212597314493,-0.04369071301693337
41.99216996835655,-0.04374644750617386
42.01221396356818,-0.04359947308680413
42.0322579587798,-0.04331669445311977
42.05230195399143,-0.0429625512233885
42.07234594920305,-0.04241801833709428
42.09238994441468,-0.04171884191070943
42.11243393962631,-0.04082532722783536
42.13247793483793,-0.03977216223686939
42.15252193004956,-0.03862895210487614
42.17256592526119,-0.03740469336193929
42.19260992047281,-0.03603412667606103
42.21265391568444,-0.03468217684975052
42.23269791089606,-0.03317044736936286
42.25274190610769,-0.03144282773180474
42.27278590131932,-0.02948934543077452
42.29282989653094,-0.027451409145553
42.31287389174257,-0.02541315855287817
42.33291788695419,-0.02341197765336345
42.35296188216582,-0.02133719739330356
42.37300587737745,-0.01932600231794833
42.39304987258907,-0.01744888141673944
42.4130938678007,-0.01561451448085475
42.43313786301233,-0.01372138840994643
42.45318185822395,-0.01183277987816652
42.47322585343557,-0.01004988543347975
42.4932698486472,-0.008345612595147873
42.51331384385883,-0.006788653924082425
42.53335783907046,-0.005296689317369712
42.55340183428208,-0.003868366166801449
42.57344582949371,-0.002610018004941971
42.59348982470534,-0.001405603751869555
42.61353381991695,-0.0002680822662365577
42.63357781512858,0.000743052998442578
42.65362181034021,0.001593732439315903
42.67366580555184,0.00228861218533969
42.69370980076347,0.002840924362922947
42.71375379597509,0.003209570127090012
42.73379779118672,0.003514183243456108
42.75384178639834,0.003753717705730459
42.77388578160997,0.003842371994922419
42.7939297768216,0.003858577878827135
42.81397377203322,0.003862617139920103
42.83401776724485,0.003883516399810694
42.85406176245647,0.003945966389516257
42.8741057576681,0.004013385204669701
42.89414975287972,0.004081444719985352
42.91419374809135,0.004170411509645965
42.93423774330298,0.0042388306692498
42.9542817385146,0.004226668039212409
42.97432573372623,0.004346729691220241
42.99436972893785,0.004597912696233135
43.01441372414948,0.004841696726804976
43.03445771936111,0.00510364274869414
43.05450171457273,0.005421303225456743
43.07454570978436,0.005715459937419896
43.09458970499598,0.006079341631958101
43.11463370020761,0.006566846909871941
43.13467769541924,0.007183152358081537
43.15472169063087,0.007907828274527934
43.1747656858425,0.008743272210564807
43.19480968105412,0.009668764779557092
43.21485367626574,0.01067804128539441
43.23489767147737,0.01166831800679116
43.25494166668899,0.01263204732232018
43.27498566190061,0.01350253616897596
43.29502965711224,0.01438405369101986
43.31507365232387,0.01526432985370791
43.33511764753549,0.01618383132141079
43.35516164274712,0.01709436984234085
43.37520563795874,0.01800847759613752
43.39524963317037,0.01900158803725007
43.415293628382,0.02007970011479307
43.43533762359363,0.02123374950217364
43.45538161880526,0.02251184652834521
43.47542561401688,0.02374996339269326
43.49546960922851,0.02500322616807089
43.51551360444013,0.02622942430336773
43.53555759965176,0.02736423079360226
43.55560159486339,0.02837522267217445
43.57564559007501,0.02926814468839237
43.59568958528664,0.03024296151078051
43.61573358049827,0.03118702120217443
43.63577757570988,0.03213421980493798
43.65582157092151,0.03313245381833224
43.67586556613313,0.03425066681942388
43.69590956134476,0.03545273011270347
43.71595355655639,0.03667079040446272
43.73599755176802,0.0378429960365411
43.75604154697964,0.03901046067149254
43.77608554219127,0.04010295222070945
43.7961295374029,0.04106985760365588
43.81617353261452,0.04203656465935517
43.83621752782615,0.04303970579080081
43.85626152303777,0.0439918089132101
43.8763055182494,0.04503868652002955
43.89634951346103,0.04610250662704901
43.91639350867266,0.04707719103463941
43.93643750388429,0.04809433828080213
43.9564814990959,0.04916792585488122
43.97652549430753,0.050255198974414
43.99656948951915,0.05135075963442466
44.01661348473078,0.05244860234113791
44.03665747994241,0.05344253590868386
44.05670147515403,0.05421674840239991
44.07674547036566,0.05489704841786566
44.09678946557728,0.05553238452897315
44.11683346078891,0.05599829518823916
44.13687745600053,0.05631671475805213
44.15692145121216,0.05664330276363935
44.17696544642379,0.05697956112440025
44.19700944163542,0.05709911255311136
44.21705343684705,0.05714016316831803
44.23709743205867,0.05705883803120896
44.2571414272703,0.05697593948194642
44.27718542248193,0.05689449131666356
44.29722941769354,0.05670720040810079
44.31727341290517,0.05633674326377821
44.3373174081168,0.05591651415127266
44.35736140332843,0.05539501897286612
44.37740539854005,0.05474855513044991
44.39744939375168,0.05404609569930004
44.4174933889633,0.05341830503093348
44.43753738417492,0.05288296447914255
44.45758137938655,0.052378086803035
44.47762537459818,0.05191933319166118
44.49766936980981,0.05153309675640512
44.51771336502144,0.0511193067889039
44.53775736023306,0.0505754081038753
44.55780135544469,0.05011226923440424
44.57784535065631,0.04975603278640924
44.59788934586794,0.04937207629705428
44.61793334107956,0.04901682079894389
44.63797733629119,0.04880737965271796
44.65802133150282,0.04875077038567693
44.67806532671444,0.04887900942089905
44.69810932192607,0.0493038876240777
44.71815331713769,0.05002619031936546
44.73819731234932,0.05088177614482694
44.75824130756094,0.05188247285791227
44.77828530277257,0.0530002955811409
44.7983292979842,0.05410529826090259
44.81837329319582,0.05529068884329062
44.83841728840745,0.05648371302480938
44.85846128361907,0.05760061313405875
44.8785052788307,0.05878247782516145
44.89854927404233,0.06007276340220449
44.91859326925395,0.0614766885903286
44.93863726446558,0.0629382657616739
44.9586812596772,0.0644599821038164
44.97872525488883,0.06596432452881876
44.99876925010045,0.06741191846517644
45.01881324531208,0.06881367574432111
45.03885724052371,0.07012182815157166
45.05890123573533,0.07122710397680614
45.07894523094696,0.07207219054334628
45.09898922615859,0.07280612843464378
45.11903322137022,0.07346001906397362
45.13907721658185,0.07402731142776405
45.15912121179347,0.07449005216349074
45.17916520700509,0.07480086727434337
45.19920920221671,0.07490769899981095
45.21925319742834,0.07485659736142228
45.23929719263997,0.07469998991248686
45.2593411878516,0.07425405840768626
45.27938518306323,0.07354130669313072
45.29942917827484,0.07255496303287044
45.31947317348647,0.07140673184791634
45.33951716869809,0.07007072011844381
45.35956116390972,0.06857358068892848
45.37960515912135,0.06694650970210028
45.39964915433298,0.06525841618489192
45.41969314954461,0.06355952555684599
45.43973714475623,0.06189464526207439
45.45978113996786,0.06013746327883061
45.47982513517948,0.05826473704225536
45.49986913039111,0.05635203687199795
45.51991312560274,0.05421458760871663
45.53995712081436,0.05195306103333834
45.56000111602599,0.04981457804922249
45.58004511123762,0.04782563227666541
45.60008910644924,0.04602280961427812
45.62013310166086,0.04430104747129952
45.64017709687249,0.04248230889706079
45.66022109208412,0.04099788387515897
45.68026508729574,0.03972799234950266
45.70030908250737,0.0384545429774222
45.72035307771899,0.03725605285654425
45.74039707293062,0.0359938311571663
45.76044106814225,0.03477546790567911
45.78048506335387,0.03361188652549379
45.8005290585655,0.03256462811347317
45.82057305377713,0.03172039679827814
45.84061704898875,0.03102571725124376
45.86066104420038,0.03039226705460334
45.88070503941201,0.02984466682892647
45.90074903462364,0.02939547668396971
45.92079302983526,0.02897785465397775
45.94083702504689,0.02846639606739242
45.96088102025851,0.02799445044419465
45.98092501547013,0.02742893377096907
46.00096901068176,0.02688110920708071
46.02101300589338,0.02632072340314546
46.04105700110501,0.02576382074432274
46.06110099631663,0.02520660025237055
46.08114499152826,0.02465814719237856
46.10118898673989,0.02416635782804549
46.12123298195152,0.02353846478387341
46.14127697716315,0.02285929621151764
46.16132097237477,0.02207403496326866
46.1813649675864,0.02117935589469579
46.20140896279802,0.02009056656526221
46.22145295800965,0.0188460250917111
46.24149695322127,0.01757710245256441
46.2615409484329,0.01635320820283939
46.28158494364453,0.01501530811527621
46.30162893885615,0.01359748690470323
46.32167293406778,0.01212675190817941
46.3417169292794,0.01055907483210307
46.36176092449102,0.008952605736661578
46.38180491970265,0.007199113537333883
46.40184891491428,0.005330084441647964
46.42189291012591,0.0033510573184685
46.44193690533753,0.001406118155284244
46.46198090054916,-0.0004715582622562845
46.48202489576078,-0.00247774135283155
46.50206889097241,-0.004524684173387043
46.52211288618404,-0.006485846448890954
46.54215688139566,-0.008434998138374689
46.56220087660729,-0.01046448630053374
46.58224487181892,-0.01267420455977552
46.60228886703055,-0.01489042353286177
46.62233286224218,-0.01726270811494798
46.64237685745379,-0.01962559688095523
46.66242085266542,-0.0217177411715
46.68246484787704,-0.02355152542783681
46.70250884308867,-0.02542719845841945
46.7225528383003,-0.02733901882786423
46.74259683351193,-0.02919681245499965
46.76264082872355,-0.03105287158744145
46.78268482393517,-0.03277517805754905
46.8027288191468,-0.03443424907450091
46.82277281435842,-0.03613192417769902
46.84281680957005,-0.03773516086281255
46.86286080478168,-0.03915016533169734
46.88290479999331,-0.04041579714902541
46.90294879520494,-0.04167343073967072
46.92299279041656,-0.04266166206712228
46.94303678562819,-0.04339961129039928
46.9630807808398,-0.04403607785920389
46.98312477605143,-0.04471831302355901
47.00316877126306,-0.04527554271027933
47.02321276647469,-0.04575441308431311
47.04325676168632,-0.04617592187102498
47.06330075689794,-0.04642993708158912
47.08334475210957,-0.04634718966994113
47.10338874732119,-0.04596604773472467
47.12343274253282,-0.04540810059968979
47.14347673774444,-0.04470468190236181
47.16352073295607,-0.04373368463520991
47.1835647281677,-0.04270904695033541
47.20360872337932,-0.04159552462088666
47.22365271859095,-0.04041376735334286
47.24369671380258,-0.03909217411114919
47.2637407090142,-0.03737331044944854
47.28378470422583,-0.03535290630502784
47.30382869943745,-0.03306112086560308
47.32387269464908,-0.03073625469696369
47.3439166898607,-0.02845551358079492
47.36396068507233,-0.02613993480733959
47.38400468028396,-0.0239647243086438
47.40404867549558,-0.02155590788868947
47.42409267070721,-0.01897172059235354
47.44413666591883,-0.0161333956378806
47.46418066113046,-0.01315721514989377
47.48422465634209,-0.01016909155398639
47.50426865155372,-0.006902404671598662
47.52431264676534,-0.003724005074669316
47.54435664197696,-0.0008700939554573978
47.56440063718859,0.001856937575794006
47.58444463240021,0.004480485321446345
47.60448862761184,0.007285611059194078
47.62453262282347,0.01010218924405163
47.64457661803509,0.01291409098208679
47.66462061324672,0.0157743980078079
47.68466460845834,0.01856855093408107
47.70470860366997,0.0209852510058537
47.72475259888159,0.02301655447536951
47.74479659409322,0.0247841083253757
47.76484058930485,0.02636813370435433
47.78488458451648,0.02804445010295999
47.80492857972811,0.02961562576679365
47.82497257493973,0.03092129111830956
47.84501657015136,0.03200444377507797
47.86506056536299,0.03283350308560008
47.88510456057461,0.03329737032307808
47.90514855578623,0.03346082737208603
47.92519255099786,0.03361249773926583
47.94523654620949,0.0335926702952053
47.9652805414211,0.03352304934066062
47.98532453663273,0.03310032629018916
48.00536853184436,0.03245247102586948
48.02541252705598,0.03150938411928048
48.04545652226761,0.03031604622524338
48.06550051747924,0.02892991178544231
48.08554451269087,0.02769409797678706
48.1055885079025,0.0262077908467292
48.12563250311412,0.02472998978480435
48.14567649832575,0.02301581144403385
48.16572049353737,0.02105747744791608
48.185764488749,0.01872638452122519
48.20580848396062,0.01648320861695198
48.22585247917225,0.01456911088514885
48.24589647438388,0.01283215961556508
48.26594046959551,0.01130812616212895
48.28598446480714,0.009884420052176454
48.30602846001875,0.008170678638310934
48.32607245523037,0.00624983442979467
48.346116450442,0.004582946969796336
48.36616044565363,0.003023768366500331
48.38620444086526,0.001623231942685316
48.40624843607688,0.0003569729532637325
48.42629243128851,-0.0007048021374957301
48.44633642650013,-0.001782766236124077
48.46638042171176,-0.002804038461288914
48.48642441692339,-0.003529182624100172
48.50646841213501,-0.004315445701360583
48.52651240734664,-0.00506136054128746
48.54655640255827,-0.005633340443734767
48.5666003977699,-0.006126201875683265
48.58664439298152,-0.006540087073888187
48.60668838819315,-0.007076320403283253
48.62673238340478,-0.007572441981214674
48.64677637861639,-0.007838562959700351
48.66682037382802,-0.007931854371879026
48.68686436903965,-0.007797694587302466
48.70690836425127,-0.007786433743413712
48.7269523594629,-0.007773180330596019
48.74699635467452,-0.007529401709992131
48.76704034988615,-0.007475499766656485
48.78708434509777,-0.007801101225844214
48.8071283403094,-0.007862806629007766
48.82717233552103,-0.008176385499558904
48.84721633073266,-0.007838538991639478
48.86726032594429,-0.007915327600545931
48.88730432115591,-0.00816650066949893
48.90734831636754,-0.008470599361940785
48.92739231157916,-0.008359484659640867
48.94743630679079,-0.008628719870474939
48.96748030200242,-0.009104820435037622
48.98752429721404,-0.009260060921586096
49.00756829242567,-0.009554984909730606
49.02761228763729,-0.01010282090089695
49.04765628284892,-0.01066779060918112
49.06770027806054,-0.01073539516161238
49.08774427327217,-0.01080569908882177
49.1077882684838,-0.01101821476602039
49.12783226369542,-0.01093297038725706
49.14787625890705,-0.01083259534483551
49.16792025411867,-0.01057318079541877
49.1879642493303,-0.01053662695636801
49.20800824454192,-0.01077879208509713
49.22805223975355,-0.01091648266242594
49.24809623496518,-0.01087627263151133
49.26814023017681,-0.01074612100197237
49.28818422538843,-0.01081477944263118
49.30822822060005,-0.01083396330240881
49.32827221581168,-0.01098347559881744
49.34831621102331,-0.01097282217757807
49.36836020623493,-0.0109627354667796
49.38840420144656,-0.01110490201351865
49.40844819665819,-0.01128522159696936
49.42849219186982,-0.01128416208549846
49.44853618708144,-0.01104739667642274
49.46858018229307,-0.01082129479174815
49.48862417750469,-0.01097105392912127
49.50866817271631,-0.01110757249377941
49.52871216792794,-0.01108418771908252
49.54875616313957,-0.01078378582619476
49.5688001583512,-0.009996737669413485
49.58884415356283,-0.00957303182530663
49.60888814877445,-0.009301556825484166
49.62893214398608,-0.008409544696456398
49.64897613919769,-0.007644869863093384
49.66902013440932,-0.007335690892302345
49.68906412962095,-0.006907393801856507
49.70910812483258,-0.006217189105299724
49.72915212004421,-0.004954325311300028
49.74919611525583,-0.004104010948583798
49.76924011046746,-0.002461582881851828
49.78928410567908,-0.001096010973212855
49.80932810089071,0.000437067108026748
49.82937209610234,0.002202865165427114
49.84941609131396,0.00429678783702502
49.86946008652559,0.005678472296116723
49.88950408173722,0.006886137109186651
49.90954807694884,0.008386493056975055
49.92959207216046,0.009899654300184437
49.94963606737209,0.01193255576772985
49.96968006258372,0.01332303568862353
49.98972405779534,0.01496286889929952
50.00976805300697,0.01544447820033635
50.02981204821859,0.01505173898788777
50.04985604343022,0.01464722943048399
50.06990003864184,0.01464601922301502
50.08994403385347,0.01226687764814766
