0,0.0022359
0.0099954,-0.0027301
0.019991,-0.0039691
0.029986,-0.0043199
0.039982,-0.0044973
0.049977,-0.0047211
0.059973,-0.0048258
0.069968,-0.0049262
0.079963,-0.0049987
0.089959,-0.0051025
0.099954,-0.0051755
0.10995,-0.005207
0.11995,-0.0052321
0.12994,-0.0052823
0.13994,-0.0053137
0.14993,-0.005371
0.15993,-0.0054621
0.16992,-0.0055377
0.17992,-0.0056355
0.18991,-0.0057109
0.19991,-0.0057416
0.2099,-0.005809
0.2199,-0.0058715
0.22989,-0.0059552
0.23989,-0.0060467
0.24989,-0.0061128
0.25988,-0.006173
0.26988,-0.0062013
0.27987,-0.0062862
0.28987,-0.0063117
0.29986,-0.0063366
0.30986,-0.0063847
0.31985,-0.0064303
0.32985,-0.0064546
0.33984,-0.0065189
0.34984,-0.0065947
0.35984,-0.0066694
0.36983,-0.006764
0.37983,-0.0068348
0.38982,-0.0068951
0.39982,-0.0069658
0.40981,-0.0069947
0.41981,-0.0070543
0.4298,-0.0071091
0.4398,-0.0071949
0.44979,-0.0072726
0.45979,-0.0073203
0.46979,-0.0073811
0.47978,-0.00743
0.48978,-0.0074999
0.49977,-0.0075431
0.50977,-0.0076173
0.51976,-0.0076693
0.52976,-0.007722
0.53975,-0.0077406
0.54975,-0.0078165
0.55974,-0.0078757
0.56974,-0.0079249
0.57973,-0.0079783
0.58973,-0.0080361
0.59973,-0.0081307
0.60972,-0.0082123
0.61972,-0.008308
0.62971,-0.0084098
0.63971,-0.0084966
0.6497,-0.0085812
0.6597,-0.0086461
0.66969,-0.0086873
0.67969,-0.0087217
0.68968,-0.0087887
0.69968,-0.0088504
0.70968,-0.008923
0.71967,-0.0090005
0.72967,-0.0090601
0.73966,-0.0091053
0.74966,-0.0091481
0.75965,-0.0091954
0.76965,-0.0092276
0.77964,-0.0092582
0.78964,-0.0092599
0.79963,-0.0092824
0.80963,-0.0093181
0.81963,-0.0093498
0.82962,-0.0093824
0.83962,-0.0093911
0.84961,-0.0093879
0.85961,-0.0093921
0.8696,-0.0093888
0.8796,-0.0093905
0.88959,-0.0094019
0.89959,-0.0094502
0.90958,-0.0094828
0.91958,-0.009525
0.92957,-0.0095667
0.93957,-0.0096269
0.94957,-0.0096353
0.95956,-0.0096391
0.96956,-0.0096284
0.97955,-0.0096295
0.98955,-0.0096262
0.99954,-0.0096198
1.0095,-0.009618
1.0195,-0.009641
1.0295,-0.0096835
1.0395,-0.0097146
1.0495,-0.0097444
1.0595,-0.0097622
1.0695,-0.0097844
1.0795,-0.0097908
1.0895,-0.0098062
1.0995,-0.0098367
1.1095,-0.0098557
1.1195,-0.0098675
1.1295,-0.0098848
1.1395,-0.0098944
1.1495,-0.0099156
1.1595,-0.0099485
1.1695,-0.0099803
1.1795,-0.009998
1.1895,-0.010008
1.1995,-0.01004
1.2094,-0.010051
1.2194,-0.01004
1.2294,-0.010006
1.2394,-0.010025
1.2494,-0.010039
1.2594,-0.01006
1.2694,-0.010088
1.2794,-0.010119
1.2894,-0.010147
1.2994,-0.010166
1.3094,-0.010193
1.3194,-0.010228
1.3294,-0.010245
1.3394,-0.010238
1.3494,-0.010239
1.3594,-0.010242
1.3694,-0.010254
1.3794,-0.010248
1.3894,-0.010249
1.3994,-0.01024
1.4094,-0.010249
1.4194,-0.010278
1.4293,-0.010313
1.4393,-0.010355
1.4493,-0.010371
1.4593,-0.010389
1.4693,-0.010397
1.4793,-0.010431
1.4893,-0.010462
1.4993,-0.010497
1.5093,-0.010497
1.5193,-0.010493
1.5293,-0.010499
1.5393,-0.010494
1.5493,-0.01049
1.5593,-0.010512
1.5693,-0.010525
1.5793,-0.010547
1.5893,-0.01056
1.5993,-0.010582
1.6093,-0.010593
1.6193,-0.0106
1.6293,-0.010601
1.6393,-0.01062
1.6492,-0.010614
1.6592,-0.010613
1.6692,-0.010618
1.6792,-0.010627
1.6892,-0.010636
1.6992,-0.010649
1.7092,-0.010659
1.7192,-0.010647
1.7292,-0.010634
1.7392,-0.010619
1.7492,-0.010613
1.7592,-0.010621
1.7692,-0.010619
1.7792,-0.010613
1.7892,-0.01061
1.7992,-0.010617
1.8092,-0.0106
1.8192,-0.010581
1.8292,-0.010572
1.8392,-0.010563
1.8492,-0.010558
1.8591,-0.010548
1.8691,-0.01054
1.8791,-0.010521
1.8891,-0.010496
1.8991,-0.010473
1.9091,-0.010462
1.9191,-0.010439
1.9291,-0.01041
1.9391,-0.010391
1.9491,-0.010378
1.9591,-0.010345
1.9691,-0.010296
1.9791,-0.010258
1.9891,-0.010253
1.9991,-0.010234
2.0091,-0.010198
2.0191,-0.010164
2.0291,-0.010138
2.0391,-0.010114
2.0491,-0.010083
2.0591,-0.010053
2.0691,-0.010028
2.079,-0.010002
2.089,-0.0099894
2.099,-0.0099759
2.109,-0.0099572
2.119,-0.009914
2.129,-0.0098681
2.139,-0.0098172
2.149,-0.0097777
2.159,-0.009728
2.169,-0.0096885
2.179,-0.0096453
2.189,-0.0095928
2.199,-0.0095426
2.209,-0.0095086
2.219,-0.0094778
2.229,-0.0094409
2.239,-0.0094004
2.249,-0.0093748
2.259,-0.0093392
2.269,-0.0093056
2.279,-0.0092556
2.289,-0.009213
2.2989,-0.0091631
2.3089,-0.0091182
2.3189,-0.0090755
2.3289,-0.0090284
2.3389,-0.008981
2.3489,-0.0089308
2.3589,-0.00887
2.3689,-0.0088128
2.3789,-0.0087516
2.3889,-0.0086915
2.3989,-0.0086335
2.4089,-0.0085849
2.4189,-0.0085414
2.4289,-0.0084965
2.4389,-0.0084472
2.4489,-0.008382
2.4589,-0.0083248
2.4689,-0.0082649
2.4789,-0.0081939
2.4889,-0.0081266
2.4989,-0.008066
2.5089,-0.0079973
2.5188,-0.0079282
2.5288,-0.0078473
2.5388,-0.0077758
2.5488,-0.0077217
2.5588,-0.0076465
2.5688,-0.0075934
2.5788,-0.0075341
2.5888,-0.007464
2.5988,-0.0074033
2.6088,-0.0073418
2.6188,-0.0072915
2.6288,-0.0071996
2.6388,-0.0071021
2.6488,-0.0070118
2.6588,-0.0069052
2.6688,-0.0068026
2.6788,-0.0067178
2.6888,-0.0066231
2.6988,-0.0065617
2.7088,-0.0064846
2.7188,-0.0064223
2.7288,-0.0063687
2.7387,-0.0063124
2.7487,-0.0062528
2.7587,-0.0061932
2.7687,-0.0061272
2.7787,-0.0060655
2.7887,-0.0059955
2.7987,-0.005922
2.8087,-0.0058405
2.8187,-0.0057597
2.8287,-0.0056561
2.8387,-0.005574
2.8487,-0.0054789
2.8587,-0.005403
2.8687,-0.0053275
2.8787,-0.0052406
2.8887,-0.0051609
2.8987,-0.0050826
2.9087,-0.0049948
2.9187,-0.0049244
2.9287,-0.0048418
2.9387,-0.0047656
2.9487,-0.0046925
2.9586,-0.004617
2.9686,-0.0045478
2.9786,-0.0044714
2.9886,-0.0044133
2.9986,-0.0043498
3.0086,-0.004293
3.0186,-0.0042403
3.0286,-0.0041611
3.0386,-0.0040897
3.0486,-0.0040129
3.0586,-0.0039481
3.0686,-0.0038755
3.0786,-0.0038039
3.0886,-0.0037371
3.0986,-0.0036795
3.1086,-0.0036254
3.1186,-0.0035983
3.1286,-0.0035704
3.1386,-0.0035532
3.1486,-0.0035238
3.1586,-0.0035049
3.1686,-0.0034817
3.1785,-0.0034612
3.1885,-0.0034179
3.1985,-0.0033782
3.2085,-0.0033293
3.2185,-0.0032895
3.2285,-0.0032434
3.2385,-0.003215
3.2485,-0.0031661
3.2585,-0.0031179
3.2685,-0.0030947
3.2785,-0.0030803
3.2885,-0.0030518
3.2985,-0.0030219
3.3085,-0.0030025
3.3185,-0.0029817
3.3285,-0.0029524
3.3385,-0.0029349
3.3485,-0.002928
3.3585,-0.0029297
3.3685,-0.0029304
3.3785,-0.0029135
3.3885,-0.0028921
3.3984,-0.0028816
3.4084,-0.0028727
3.4184,-0.0028511
3.4284,-0.0028291
3.4384,-0.002794
3.4484,-0.0027611
3.4584,-0.0027411
3.4684,-0.0027229
3.4784,-0.0027038
3.4884,-0.0026887
3.4984,-0.0026839
3.5084,-0.0026824
3.5184,-0.0026766
3.5284,-0.0026777
3.5384,-0.0026692
3.5484,-0.0026525
3.5584,-0.0026453
3.5684,-0.0026506
3.5784,-0.0026497
3.5884,-0.0026647
3.5984,-0.0026751
3.6083,-0.0026916
3.6183,-0.0026912
3.6283,-0.0026954
3.6383,-0.0027026
3.6483,-0.0027134
3.6583,-0.0027284
3.6683,-0.0027402
3.6783,-0.0027651
3.6883,-0.0027915
3.6983,-0.0028186
3.7083,-0.0028408
3.7183,-0.0028603
3.7283,-0.0028812
3.7383,-0.0029012
3.7483,-0.0029112
3.7583,-0.0029278
3.7683,-0.0029528
3.7783,-0.0029759
3.7883,-0.0029919
3.7983,-0.003007
3.8083,-0.0030095
3.8183,-0.003023
3.8282,-0.0030418
3.8382,-0.0030469
3.8482,-0.0030601
3.8582,-0.0030768
3.8682,-0.0030981
3.8782,-0.0031178
3.8882,-0.0031269
3.8982,-0.0031483
3.9082,-0.0031703
3.9182,-0.0031765
3.9282,-0.003191
3.9382,-0.0032113
3.9482,-0.0032356
3.9582,-0.0032593
3.9682,-0.0032836
3.9782,-0.0032999
3.9882,-0.0033085
3.9982,-0.0033198
4.0082,-0.0033364
4.0182,-0.0033326
4.0282,-0.003329
4.0382,-0.0033326
4.0481,-0.0033389
4.0581,-0.0033446
4.0681,-0.0033511
4.0781,-0.0033585
4.0881,-0.0033409
4.0981,-0.0033195
4.1081,-0.0033068
4.1181,-0.0033045
4.1281,-0.003291
4.1381,-0.0032722
4.1481,-0.0032689
4.1581,-0.0032692
4.1681,-0.0032566
4.1781,-0.0032436
4.1881,-0.0032311
4.1981,-0.0032089
4.2081,-0.0031895
4.2181,-0.0031676
4.2281,-0.003132
4.2381,-0.0030976
4.2481,-0.0030608
4.2581,-0.0030319
4.268,-0.003008
4.278,-0.0029863
4.288,-0.0029649
4.298,-0.0029524
4.308,-0.0029287
4.318,-0.0029025
4.328,-0.0028701
4.338,-0.0028433
4.348,-0.002823
4.358,-0.0027922
4.368,-0.0027445
4.378,-0.0027172
4.388,-0.0026838
4.398,-0.0026566
4.408,-0.002619
4.418,-0.0026049
4.428,-0.0025848
4.438,-0.0025657
4.448,-0.0025379
4.458,-0.0025148
4.468,-0.0024737
4.478,-0.0024335
4.4879,-0.0023868
4.4979,-0.0023342
4.5079,-0.0022735
4.5179,-0.002215
4.5279,-0.002162
4.5379,-0.0020992
4.5479,-0.0020588
4.5579,-0.0020114
4.5679,-0.0019412
4.5779,-0.0018927
4.5879,-0.0018513
4.5979,-0.0017937
4.6079,-0.0017462
4.6179,-0.0017008
4.6279,-0.0016524
4.6379,-0.0016062
4.6479,-0.0015449
4.6579,-0.0014922
4.6679,-0.0014322
4.6779,-0.0013765
4.6879,-0.0013322
4.6979,-0.0012827
4.7078,-0.0012255
4.7178,-0.0011688
4.7278,-0.0011135
4.7378,-0.001053
4.7478,-0.00099306
4.7578,-0.00092812
4.7678,-0.00086164
4.7778,-0.00080016
4.7878,-0.00073455
4.7978,-0.00066997
4.8078,-0.00060768
4.8178,-0.00054304
4.8278,-0.00048025
4.8378,-0.00040453
4.8478,-0.00034159
4.8578,-0.00028602
4.8678,-0.00022849
4.8778,-0.00015819
4.8878,-8.0719e-005
4.8978,3.4232e-006
4.9078,7.302e-005
4.9178,0.00016476
4.9277,0.00025619
4.9377,0.00034347
4.9477,0.00042671
4.9577,0.00050573
4.9677,0.00059465
4.9777,0.0006808
4.9877,0.00076956
4.9977,0.00085428
5.0077,0.00093543
5.0177,0.0010136
5.0277,0.0010954
5.0377,0.0011777
5.0477,0.0012591
5.0577,0.0013368
5.0677,0.0014122
5.0777,0.0014793
5.0877,0.0015405
5.0977,0.0016207
5.1077,0.0017014
5.1177,0.0017739
5.1277,0.0018543
5.1377,0.0019419
5.1476,0.0020318
5.1576,0.0021252
5.1676,0.0022145
5.1776,0.0023096
5.1876,0.002405
5.1976,0.0024894
5.2076,0.0025783
5.2176,0.0026598
5.2276,0.0027433
5.2376,0.0028209
5.2476,0.0029037
5.2576,0.0029944
5.2676,0.0030864
5.2776,0.0031918
5.2876,0.0032969
5.2976,0.0033971
5.3076,0.0034965
5.3176,0.0035877
5.3276,0.0036691
5.3376,0.0037481
5.3476,0.0038254
5.3575,0.0039057
5.3675,0.0039965
5.3775,0.0040896
5.3875,0.0041774
5.3975,0.0042678
5.4075,0.0043635
5.4175,0.0044606
5.4275,0.0045575
5.4375,0.0046417
5.4475,0.0047186
5.4575,0.0048191
5.4675,0.0049248
5.4775,0.0050327
5.4875,0.0051462
5.4975,0.0052568
5.5075,0.0053648
5.5175,0.0054573
5.5275,0.0055532
5.5375,0.0056576
5.5475,0.0057595
5.5575,0.0058658
5.5675,0.005961
5.5774,0.0060489
5.5874,0.0061382
5.5974,0.0062291
5.6074,0.0063146
5.6174,0.0064108
5.6274,0.0065123
5.6374,0.0066089
5.6474,0.0066936
5.6574,0.0067821
5.6674,0.0068671
5.6774,0.0069504
5.6874,0.0070327
5.6974,0.0071178
5.7074,0.0072072
5.7174,0.0073021
5.7274,0.0073859
5.7374,0.0074851
5.7474,0.0075763
5.7574,0.0076653
5.7674,0.0077444
5.7774,0.0078165
5.7874,0.007901
5.7973,0.0079846
5.8073,0.0080558
5.8173,0.0081195
5.8273,0.0081809
5.8373,0.0082448
5.8473,0.0083075
5.8573,0.0083676
5.8673,0.0084289
5.8773,0.0084953
5.8873,0.0085506
5.8973,0.0086181
5.9073,0.0086815
5.9173,0.0087346
5.9273,0.008803
5.9373,0.0088582
5.9473,0.0089242
5.9573,0.0089813
5.9673,0.0090479
5.9773,0.0091125
5.9873,0.0091768
5.9973,0.0092375
6.0073,0.0092835
6.0172,0.0093316
6.0272,0.0093902
6.0372,0.0094628
6.0472,0.0095258
6.0572,0.0095783
6.0672,0.0096466
6.0772,0.0096943
6.0872,0.0097327
6.0972,0.0097746
6.1072,0.0098146
6.1172,0.0098455
6.1272,0.0098722
6.1372,0.0099207
6.1472,0.0099687
6.1572,0.010007
6.1672,0.010052
6.1772,0.01011
6.1872,0.010154
6.1972,0.010192
6.2072,0.010232
6.2172,0.010267
6.2272,0.010301
6.2371,0.010338
6.2471,0.01038
6.2571,0.010418
6.2671,0.010459
6.2771,0.010496
6.2871,0.010534
6.2971,0.010587
6.3071,0.010633
6.3171,0.010682
6.3271,0.010725
6.3371,0.010762
6.3471,0.010788
6.3571,0.010809
6.3671,0.010848
6.3771,0.010897
6.3871,0.010942
6.3971,0.010979
6.4071,0.011016
6.4171,0.011044
6.4271,0.011081
6.4371,0.01113
6.4471,0.01116
6.457,0.0112
6.467,0.011239
6.477,0.011283
6.487,0.011311
6.497,0.011346
6.507,0.011409
6.517,0.011445
6.527,0.011491
6.537,0.011525
6.547,0.011562
6.557,0.01161
6.567,0.011647
6.577,0.011689
6.587,0.011736
6.597,0.011776
6.607,0.011812
6.617,0.011847
6.627,0.011877
6.637,0.011895
6.647,0.011915
6.657,0.011931
6.667,0.011952
6.6769,0.011978
6.6869,0.012009
6.6969,0.012046
6.7069,0.012073
6.7169,0.012088
6.7269,0.012113
6.7369,0.012135
6.7469,0.012169
6.7569,0.012198
6.7669,0.012231
6.7769,0.012265
6.7869,0.012304
6.7969,0.012344
6.8069,0.012379
6.8169,0.012411
6.8269,0.012439
6.8369,0.012468
6.8469,0.012499
6.8569,0.012552
6.8669,0.012597
6.8769,0.012638
6.8869,0.012678
6.8968,0.012719
6.9068,0.012742
6.9168,0.012781
6.9268,0.012822
6.9368,0.012845
6.9468,0.012889
6.9568,0.012917
6.9668,0.012941
6.9768,0.012976
6.9868,0.012999
6.9968,0.013019
7.0068,0.013043
7.0168,0.013079
7.0268,0.013112
7.0368,0.013131
7.0468,0.013166
7.0568,0.013207
7.0668,0.013241
7.0768,0.013267
7.0868,0.01329
7.0968,0.01333
7.1067,0.013382
7.1167,0.013432
7.1267,0.013489
7.1367,0.013524
7.1467,0.013562
7.1567,0.013599
7.1667,0.013636
7.1767,0.013671
7.1867,0.013713
7.1967,0.013753
7.2067,0.013788
7.2167,0.013827
7.2267,0.013867
7.2367,0.013911
7.2467,0.013951
7.2567,0.013982
7.2667,0.014019
7.2767,0.014058
7.2867,0.014085
7.2967,0.014135
7.3067,0.014178
7.3167,0.014213
7.3266,0.014255
7.3366,0.014283
7.3466,0.014306
7.3566,0.014351
7.3666,0.014398
7.3766,0.014443
7.3866,0.014481
7.3966,0.014528
7.4066,0.014577
7.4166,0.014617
7.4266,0.014655
7.4366,0.014696
7.4466,0.01474
7.4566,0.014773
7.4666,0.014811
7.4766,0.014835
7.4866,0.014863
7.4966,0.014903
7.5066,0.014938
7.5166,0.014972
7.5266,0.015018
7.5366,0.015052
7.5465,0.015085
7.5565,0.015116
7.5665,0.015143
7.5765,0.015182
7.5865,0.01522
7.5965,0.015254
7.6065,0.015297
7.6165,0.015336
7.6265,0.01537
7.6365,0.015406
7.6465,0.015444
7.6565,0.015488
7.6665,0.015534
7.6765,0.015574
7.6865,0.015608
7.6965,0.01564
7.7065,0.015665
7.7165,0.015687
7.7265,0.01571
7.7365,0.015744
7.7465,0.015785
7.7565,0.015817
7.7664,0.01585
7.7764,0.01588
7.7864,0.015919
7.7964,0.015957
7.8064,0.015989
7.8164,0.016032
7.8264,0.016073
7.8364,0.016099
7.8464,0.016127
7.8564,0.016166
7.8664,0.016207
7.8764,0.016245
7.8864,0.016292
7.8964,0.016328
7.9064,0.016357
7.9164,0.016398
7.9264,0.016445
7.9364,0.016478
7.9464,0.016503
7.9564,0.016524
7.9664,0.016545
7.9764,0.016567
7.9863,0.016585
7.9963,0.01661
8.0063,0.016636
8.0163,0.016663
8.0263,0.016697
8.0363,0.016735
8.0463,0.016777
8.0563,0.016815
8.0663,0.016844
8.0763,0.016865
8.0863,0.01689
8.0963,0.016918
8.1063,0.016948
8.1163,0.016981
8.1263,0.017017
8.1363,0.01705
8.1463,0.01708
8.1563,0.017109
8.1663,0.017139
8.1763,0.017159
8.1863,0.017174
8.1963,0.017191
8.2062,0.017206
8.2162,0.01722
8.2262,0.01723
8.2362,0.01724
8.2462,0.017252
8.2562,0.017262
8.2662,0.017268
8.2762,0.017288
8.2862,0.017305
8.2962,0.017311
8.3062,0.017313
8.3162,0.017325
8.3262,0.017337
8.3362,0.017341
8.3462,0.017349
8.3562,0.017359
8.3662,0.017379
8.3762,0.017398
8.3862,0.017413
8.3962,0.017435
8.4062,0.017458
8.4162,0.017467
8.4261,0.017469
8.4361,0.017479
8.4461,0.017488
8.4561,0.017495
8.4661,0.017498
8.4761,0.017498
8.4861,0.017498
8.4961,0.017498
8.5061,0.017488
8.5161,0.017487
8.5261,0.017491
8.5361,0.017497
8.5461,0.017502
8.5561,0.017503
8.5661,0.017514
8.5761,0.017519
8.5861,0.017524
8.5961,0.017532
8.6061,0.017538
8.6161,0.01754
8.6261,0.017539
8.6361,0.017542
8.646,0.01755
8.656,0.017556
8.666,0.017559
8.676,0.017561
8.686,0.017556
8.696,0.017544
8.706,0.017535
8.716,0.017523
8.726,0.017515
8.736,0.017501
8.746,0.017477
8.756,0.017454
8.766,0.017437
8.776,0.017416
8.786,0.017388
8.796,0.017366
8.806,0.017348
8.816,0.017334
8.826,0.017323
8.836,0.017318
8.846,0.017313
8.8559,0.017315
8.8659,0.01732
8.8759,0.01732
8.8859,0.017314
8.8959,0.017312
8.9059,0.017316
8.9159,0.017313
8.9259,0.017308
8.9359,0.017299
8.9459,0.017285
8.9559,0.017267
8.9659,0.017237
8.9759,0.017209
8.9859,0.01719
8.9959,0.01718
9.0059,0.017165
9.0159,0.01716
9.0259,0.017153
9.0359,0.017148
9.0459,0.017148
9.0559,0.017149
9.0659,0.017152
9.0758,0.017165
9.0858,0.017182
9.0958,0.017192
9.1058,0.017198
9.1158,0.017205
9.1258,0.017218
9.1358,0.017216
9.1458,0.017218
9.1558,0.017224
9.1658,0.017223
9.1758,0.017229
9.1858,0.017232
9.1958,0.017237
9.2058,0.01724
9.2158,0.017243
9.2258,0.017244
9.2358,0.017243
9.2458,0.017233
9.2558,0.017223
9.2658,0.017211
9.2758,0.017206
9.2858,0.0172
9.2957,0.017191
9.3057,0.017176
9.3157,0.017164
9.3257,0.017151
9.3357,0.01713
9.3457,0.01711
9.3557,0.017084
9.3657,0.017055
9.3757,0.017024
9.3857,0.016998
9.3957,0.016965
9.4057,0.016927
9.4157,0.016888
9.4257,0.01685
9.4357,0.016809
9.4457,0.016771
9.4557,0.016727
9.4657,0.01667
9.4757,0.016613
9.4857,0.016557
9.4957,0.01651
9.5057,0.016451
9.5156,0.016397
9.5256,0.016341
9.5356,0.016278
9.5456,0.016202
9.5556,0.016122
9.5656,0.016044
9.5756,0.015961
9.5856,0.015874
9.5956,0.015782
9.6056,0.015687
9.6156,0.015589
9.6256,0.015488
9.6356,0.015381
9.6456,0.015279
9.6556,0.015183
9.6656,0.015085
9.6756,0.014983
9.6856,0.014873
9.6956,0.014761
9.7056,0.014649
9.7156,0.014527
9.7256,0.0144
9.7355,0.014276
9.7455,0.014155
9.7555,0.014027
9.7655,0.013895
9.7755,0.013765
9.7855,0.013643
9.7955,0.013528
9.8055,0.013401
9.8155,0.013272
9.8255,0.01314
9.8355,0.012994
9.8455,0.012851
9.8555,0.012716
9.8655,0.012588
9.8755,0.012463
9.8855,0.012335
9.8955,0.012207
9.9055,0.012079
9.9155,0.011962
9.9255,0.011848
9.9355,0.011738
9.9455,0.011635
9.9554,0.011541
9.9654,0.011453
9.9754,0.011367
9.9854,0.011288
9.9954,0.011213
10.005,0.011149
10.015,0.011089
10.025,0.011036
10.035,0.010986
10.045,0.010939
10.055,0.010907
10.065,0.010887
10.075,0.010873
10.085,0.010862
10.095,0.010861
10.105,0.010864
10.115,0.010878
10.125,0.010905
10.135,0.010931
10.145,0.010966
10.155,0.01101
10.165,0.011061
10.175,0.011122
10.185,0.011183
10.195,0.011252
10.205,0.011336
10.215,0.011427
10.225,0.011517
10.235,0.011618
10.245,0.011723
10.255,0.011835
10.265,0.011957
10.275,0.012082
10.285,0.012214
10.295,0.012358
10.305,0.012509
10.315,0.012659
10.325,0.012824
10.335,0.013004
10.345,0.013194
10.355,0.013382
10.365,0.013572
10.375,0.013779
10.385,0.013979
10.395,0.014174
10.405,0.014375
10.415,0.01457
10.425,0.014762
10.435,0.014953
10.445,0.015154
10.455,0.015356
10.465,0.015556
10.475,0.015757
10.485,0.015967
10.495,0.016179
10.505,0.016391
10.515,0.016597
10.525,0.016803
10.535,0.016995
10.545,0.017188
10.555,0.017389
10.565,0.017589
10.575,0.017793
10.585,0.017998
10.595,0.018201
10.605,0.018397
10.615,0.01859
10.625,0.018774
10.635,0.018957
10.645,0.019134
10.655,0.019309
10.665,0.019473
10.675,0.019632
10.685,0.019788
10.695,0.019937
10.705,0.02008
10.715,0.020216
10.725,0.020345
10.735,0.020467
10.745,0.020585
10.755,0.020696
10.765,0.0208
10.775,0.020899
10.785,0.020991
10.795,0.021077
10.805,0.021161
10.815,0.021237
10.825,0.02131
10.835,0.021378
10.845,0.021434
10.855,0.02149
10.865,0.021538
10.875,0.021575
10.885,0.021616
10.895,0.021663
10.905,0.021693
10.915,0.021713
10.925,0.021727
10.935,0.021739
10.945,0.021741
10.955,0.021743
10.965,0.021744
10.975,0.021739
10.985,0.021729
10.995,0.021714
11.005,0.021688
11.015,0.021653
11.025,0.021614
11.035,0.021576
11.045,0.021526
11.055,0.021477
11.065,0.021428
11.075,0.021369
11.085,0.021303
11.095,0.021224
11.105,0.021139
11.115,0.02106
11.125,0.020972
11.135,0.020879
11.145,0.020776
11.155,0.020669
11.165,0.020559
11.175,0.020452
11.185,0.02034
11.195,0.020219
11.205,0.020081
11.215,0.019936
11.225,0.019786
11.235,0.019628
11.245,0.019472
11.255,0.019317
11.265,0.019154
11.275,0.01899
11.285,0.018825
11.295,0.018651
11.305,0.01848
11.315,0.018306
11.325,0.018133
11.335,0.01796
11.345,0.017792
11.355,0.017619
11.365,0.017443
11.375,0.017261
11.385,0.017074
11.395,0.016887
11.405,0.016702
11.415,0.016519
11.425,0.016329
11.435,0.01613
11.445,0.015924
11.455,0.015719
11.465,0.015527
11.475,0.015334
11.485,0.015139
11.495,0.014941
11.505,0.014745
11.515,0.014546
11.525,0.014339
11.535,0.014137
11.545,0.013934
11.555,0.013736
11.565,0.013539
11.575,0.013341
11.585,0.013141
11.595,0.012946
11.605,0.012747
11.615,0.012549
11.625,0.012357
11.635,0.012171
11.645,0.011984
11.655,0.011788
11.665,0.011604
11.675,0.011422
11.685,0.011237
11.695,0.011047
11.705,0.010864
11.715,0.010679
11.725,0.010483
11.735,0.010301
11.745,0.010122
11.755,0.0099486
11.765,0.0097707
11.775,0.009595
11.785,0.009423
11.795,0.0092555
11.805,0.0090918
11.815,0.0089307
11.825,0.0087714
11.835,0.0086051
11.845,0.0084406
11.855,0.0082867
11.865,0.0081373
11.875,0.0079945
11.885,0.0078443
11.895,0.0076974
11.905,0.0075526
11.915,0.0074108
11.925,0.0072649
11.935,0.0071261
11.945,0.0069886
11.955,0.0068458
11.965,0.0067036
11.975,0.0065717
11.985,0.00644
11.995,0.0063034
12.005,0.0061694
12.015,0.0060455
12.025,0.005928
12.034,0.0058111
12.044,0.0057004
12.054,0.0055857
12.064,0.0054695
12.074,0.0053538
12.084,0.0052473
12.094,0.0051447
12.104,0.0050374
12.114,0.004925
12.124,0.0048097
12.134,0.0046939
12.144,0.0045797
12.154,0.0044666
12.164,0.0043641
12.174,0.0042683
12.184,0.0041686
12.194,0.0040636
12.204,0.0039626
12.214,0.0038716
12.224,0.0037805
12.234,0.0036984
12.244,0.0036206
12.254,0.0035439
12.264,0.0034579
12.274,0.0033765
12.284,0.0032999
12.294,0.0032206
12.304,0.0031404
12.314,0.0030635
12.324,0.002993
12.334,0.0029207
12.344,0.0028527
12.354,0.0028014
12.364,0.0027589
12.374,0.0027144
12.384,0.0026618
12.394,0.0026115
12.404,0.0025715
12.414,0.0025281
12.424,0.0024873
12.434,0.002458
12.444,0.0024333
12.454,0.0023937
12.464,0.0023543
12.474,0.0023256
12.484,0.0022947
12.494,0.0022675
12.504,0.0022431
12.514,0.0022195
12.524,0.0022007
12.534,0.0021823
12.544,0.0021604
12.554,0.002142
12.564,0.0021313
12.574,0.0021259
12.584,0.0021251
12.594,0.0021208
12.604,0.0021182
12.614,0.0021131
12.624,0.002105
12.634,0.0020858
12.644,0.0020662
12.654,0.0020554
12.664,0.0020541
12.674,0.0020497
12.684,0.0020433
12.694,0.0020314
12.704,0.0020267
12.714,0.0020124
12.724,0.0019966
12.734,0.0019921
12.744,0.0019866
12.754,0.0019813
12.764,0.0019808
12.774,0.001987
12.784,0.0019941
12.794,0.0019973
12.804,0.0020092
12.814,0.0020249
12.824,0.0020397
12.834,0.002054
12.844,0.0020764
12.854,0.0020941
12.864,0.0021238
12.874,0.0021557
12.884,0.0021899
12.894,0.0022237
12.904,0.0022594
12.914,0.0022973
12.924,0.0023472
12.934,0.0024097
12.944,0.0024703
12.954,0.0025304
12.964,0.0025926
12.974,0.002657
12.984,0.0027277
12.994,0.0028089
13.004,0.0028944
13.014,0.0029806
13.024,0.0030711
13.034,0.0031576
13.044,0.0032437
13.054,0.0033397
13.064,0.0034433
13.074,0.0035478
13.084,0.0036466
13.094,0.0037477
13.104,0.0038586
13.114,0.0039733
13.124,0.0040918
13.134,0.0042131
13.144,0.0043366
13.154,0.004458
13.164,0.0045825
13.174,0.0047148
13.184,0.0048453
13.194,0.0049805
13.204,0.005113
13.214,0.0052402
13.224,0.0053698
13.234,0.0055009
13.244,0.0056286
13.254,0.005746
13.264,0.0058641
13.274,0.0059794
13.284,0.0060962
13.294,0.0062033
13.304,0.0063087
13.314,0.0064158
13.324,0.0065297
13.334,0.0066415
13.344,0.0067447
13.354,0.0068399
13.364,0.0069284
13.374,0.0070268
13.384,0.0071095
13.394,0.0071913
13.404,0.0072727
13.414,0.0073461
13.424,0.0074079
13.434,0.0074675
13.444,0.0075336
13.454,0.0075922
13.464,0.0076476
13.474,0.0077031
13.484,0.0077544
13.494,0.0078013
13.504,0.0078471
13.514,0.0079022
13.524,0.0079606
13.534,0.0080231
13.544,0.0080973
13.554,0.0081709
13.564,0.0082479
13.574,0.0083367
13.584,0.0084362
13.594,0.0085473
13.604,0.0086647
13.614,0.008793
13.624,0.0089454
13.634,0.0091023
13.644,0.0092762
13.654,0.00946
13.664,0.0096678
13.674,0.0098873
13.684,0.010125
13.694,0.010391
13.704,0.010673
13.714,0.010971
13.724,0.011294
13.734,0.011641
13.744,0.012007
13.754,0.012403
13.764,0.012826
13.774,0.013273
13.784,0.013741
13.794,0.014243
13.804,0.014776
13.814,0.015325
13.824,0.015898
13.834,0.016501
13.844,0.017132
13.854,0.017793
13.864,0.01848
13.874,0.019188
13.884,0.01991
13.894,0.02064
13.904,0.021377
13.914,0.022139
13.924,0.022918
13.934,0.023702
13.944,0.024483
13.954,0.025265
13.964,0.026043
13.974,0.026816
13.984,0.027575
13.994,0.028321
14.004,0.029054
14.014,0.029775
14.024,0.030471
14.034,0.031138
14.044,0.031775
14.054,0.032376
14.064,0.032939
14.074,0.03346
14.084,0.033941
14.094,0.034377
14.104,0.034761
14.114,0.035087
14.124,0.035351
14.134,0.035545
14.144,0.035668
14.154,0.035731
14.164,0.035724
14.174,0.035645
14.184,0.035481
14.194,0.035238
14.204,0.034917
14.213,0.03451
14.223,0.034015
14.233,0.033425
14.243,0.032752
14.253,0.031986
14.263,0.031127
14.273,0.030185
14.283,0.02915
14.293,0.028038
14.303,0.026832
14.313,0.02555
14.323,0.024181
14.333,0.02274
14.343,0.02121
14.353,0.019619
14.363,0.01795
14.373,0.0162
14.383,0.014391
14.393,0.012523
14.403,0.010607
14.413,0.0086228
14.423,0.0065919
14.433,0.004529
14.443,0.0024212
14.453,0.00026999
14.463,-0.0019213
14.473,-0.0041406
14.483,-0.0063814
14.493,-0.0086419
14.503,-0.010904
14.513,-0.01317
14.523,-0.015427
14.533,-0.017683
14.543,-0.019928
14.553,-0.022158
14.563,-0.024375
14.573,-0.026579
14.583,-0.028742
14.593,-0.03087
14.603,-0.032981
14.613,-0.035066
14.623,-0.037102
14.633,-0.039115
14.643,-0.041087
14.653,-0.042997
14.663,-0.044861
14.673,-0.046694
14.683,-0.048468
14.693,-0.050183
14.703,-0.051841
14.713,-0.053458
14.723,-0.055011
14.733,-0.056505
14.743,-0.057946
14.753,-0.059335
14.763,-0.06066
14.773,-0.06195
14.783,-0.063194
14.793,-0.064384
14.803,-0.065529
14.813,-0.066625
14.823,-0.067677
14.833,-0.068691
14.843,-0.069666
14.853,-0.070592
14.863,-0.071483
14.873,-0.072355
14.883,-0.073202
14.893,-0.074031
14.903,-0.074845
14.913,-0.075641
14.923,-0.076419
14.933,-0.077188
14.943,-0.077953
14.953,-0.078713
14.963,-0.07947
14.973,-0.080214
14.983,-0.080956
14.993,-0.081689
15.003,-0.08243
15.013,-0.083187
15.023,-0.083951
15.033,-0.084727
15.043,-0.085504
15.053,-0.086294
15.063,-0.087092
15.073,-0.087895
15.083,-0.088709
15.093,-0.089535
15.103,-0.090367
15.113,-0.091209
15.123,-0.092054
15.133,-0.092916
15.143,-0.093769
15.153,-0.094627
15.163,-0.095491
15.173,-0.096344
15.183,-0.097198
15.193,-0.098041
15.203,-0.098892
15.213,-0.099733
15.223,-0.10055
15.233,-0.10135
15.243,-0.10213
15.253,-0.10288
15.263,-0.10362
15.273,-0.10433
15.283,-0.105
15.293,-0.10564
15.303,-0.10623
15.313,-0.10678
15.323,-0.10729
15.333,-0.10775
15.343,-0.10816
15.353,-0.10852
15.363,-0.10882
15.373,-0.10906
15.383,-0.10924
15.393,-0.10935
15.403,-0.1094
15.413,-0.10938
15.423,-0.10929
15.433,-0.10914
15.443,-0.10891
15.453,-0.10862
15.463,-0.10825
15.473,-0.10782
15.483,-0.10732
15.493,-0.10677
15.503,-0.10614
15.513,-0.10546
15.523,-0.10473
15.533,-0.10393
15.543,-0.10308
15.553,-0.10219
15.563,-0.10124
15.573,-0.10024
15.583,-0.09921
15.593,-0.098141
15.603,-0.09704
15.613,-0.095911
15.623,-0.094764
15.633,-0.093605
15.643,-0.092441
15.653,-0.09128
15.663,-0.090109
15.673,-0.088952
15.683,-0.08782
15.693,-0.086706
15.703,-0.085599
15.713,-0.084514
15.723,-0.083474
15.733,-0.082472
15.743,-0.081525
15.753,-0.080628
15.763,-0.079789
15.773,-0.079004
15.783,-0.078274
15.793,-0.077614
15.803,-0.07704
15.813,-0.076549
15.823,-0.076138
15.833,-0.075815
15.843,-0.075594
15.853,-0.075474
15.863,-0.075448
15.873,-0.075529
15.883,-0.07572
15.893,-0.076013
15.903,-0.076428
15.913,-0.076961
15.923,-0.077605
15.933,-0.078363
15.943,-0.07924
15.953,-0.080235
15.963,-0.081354
15.973,-0.082605
15.983,-0.083995
15.993,-0.085504
16.003,-0.087129
16.013,-0.088883
16.023,-0.090772
16.033,-0.09279
16.043,-0.094922
16.053,-0.097165
16.063,-0.099539
16.073,-0.10202
16.083,-0.10461
16.093,-0.10735
16.103,-0.1102
16.113,-0.11317
16.123,-0.11626
16.133,-0.11947
16.143,-0.12279
16.153,-0.12623
16.163,-0.12979
16.173,-0.13348
16.183,-0.13725
16.193,-0.14115
16.203,-0.14516
16.213,-0.14929
16.223,-0.15352
16.233,-0.15784
16.243,-0.16229
16.253,-0.16681
16.263,-0.17142
16.273,-0.17616
16.283,-0.181
16.293,-0.18595
16.303,-0.19098
16.313,-0.19612
16.323,-0.20133
16.333,-0.20667
16.343,-0.21209
16.353,-0.21761
16.363,-0.22324
16.373,-0.22897
16.383,-0.23474
16.393,-0.24063
16.402,-0.24663
16.412,-0.25267
16.422,-0.25877
16.432,-0.26493
16.442,-0.27119
16.452,-0.27755
16.462,-0.28391
16.472,-0.29031
16.482,-0.2968
16.492,-0.30336
16.502,-0.30996
16.512,-0.31658
16.522,-0.32326
16.532,-0.33
16.542,-0.3368
16.552,-0.34359
16.562,-0.35042
16.572,-0.35734
16.582,-0.36428
16.592,-0.37118
16.602,-0.37811
16.612,-0.38509
16.622,-0.39208
16.632,-0.39911
16.642,-0.40612
16.652,-0.41309
16.662,-0.42006
16.672,-0.42705
16.682,-0.43401
16.692,-0.44094
16.702,-0.44788
16.712,-0.45486
16.722,-0.46181
16.732,-0.46868
16.742,-0.47551
16.752,-0.48235
16.762,-0.48916
16.772,-0.49593
16.782,-0.50265
16.792,-0.50939
16.802,-0.51604
16.812,-0.52264
16.822,-0.52921
16.832,-0.53575
16.842,-0.54228
16.852,-0.54881
16.862,-0.55526
16.872,-0.56168
16.882,-0.56809
16.892,-0.57447
16.902,-0.58084
16.912,-0.5872
16.922,-0.59354
16.932,-0.59986
16.942,-0.60619
16.952,-0.61253
16.962,-0.61889
16.972,-0.62527
16.982,-0.63164
16.992,-0.63804
17.002,-0.64443
17.012,-0.65084
17.022,-0.65732
17.032,-0.6639
17.042,-0.6705
17.052,-0.67713
17.062,-0.68385
17.072,-0.69064
17.082,-0.69752
17.092,-0.70448
17.102,-0.71157
17.112,-0.71879
17.122,-0.72614
17.132,-0.73359
17.142,-0.74122
17.152,-0.74902
17.162,-0.75697
17.172,-0.76509
17.182,-0.7734
17.192,-0.78186
17.202,-0.79054
17.212,-0.79938
17.222,-0.8085
17.232,-0.81787
17.242,-0.82742
17.252,-0.8372
17.262,-0.84721
17.272,-0.85747
17.282,-0.868
17.292,-0.87884
17.302,-0.89002
17.312,-0.9014
17.322,-0.91298
17.332,-0.92484
17.342,-0.93706
17.352,-0.94955
17.362,-0.96229
17.372,-0.97528
17.382,-0.98864
17.392,-1.0023
17.402,-1.0161
17.412,-1.0301
17.422,-1.0446
17.432,-1.0594
17.442,-1.0743
17.452,-1.0894
17.462,-1.1048
17.472,-1.1205
17.482,-1.1364
17.492,-1.1526
17.502,-1.1689
17.512,-1.1854
17.522,-1.202
17.532,-1.2187
17.542,-1.2355
17.552,-1.2525
17.562,-1.2695
17.572,-1.2866
17.582,-1.3036
17.592,-1.3206
17.602,-1.3375
17.612,-1.3542
17.622,-1.3709
17.632,-1.3875
17.642,-1.4037
17.652,-1.4197
17.662,-1.4355
17.672,-1.4508
17.682,-1.4657
17.692,-1.4803
17.702,-1.4943
17.712,-1.5077
17.722,-1.5204
17.732,-1.5326
17.742,-1.5441
17.752,-1.5548
17.762,-1.5645
17.772,-1.5735
17.782,-1.5814
17.792,-1.5883
17.802,-1.5942
17.812,-1.5989
17.822,-1.6023
17.832,-1.6046
17.842,-1.6054
17.852,-1.6049
17.862,-1.603
17.872,-1.5994
17.882,-1.5944
17.892,-1.5877
17.902,-1.5792
17.912,-1.569
17.922,-1.5572
17.932,-1.5435
17.942,-1.5278
17.952,-1.5102
17.962,-1.4907
17.972,-1.4692
17.982,-1.4457
17.992,-1.4202
18.002,-1.3927
18.012,-1.3631
18.022,-1.3313
18.032,-1.2974
18.042,-1.2615
18.052,-1.2234
18.062,-1.1832
18.072,-1.1412
18.082,-1.0969
18.092,-1.0506
18.102,-1.0019
18.112,-0.95136
18.122,-0.89899
18.132,-0.8448
18.142,-0.78853
18.152,-0.73018
18.162,-0.67026
18.172,-0.60849
18.182,-0.54494
18.192,-0.48
18.202,-0.41367
18.212,-0.3462
18.222,-0.27688
18.232,-0.20652
18.242,-0.13486
18.252,-0.062006
18.262,0.011994
18.272,0.086436
18.282,0.16155
18.292,0.23763
18.302,0.31426
18.312,0.39143
18.322,0.4689
18.332,0.5467
18.342,0.62462
18.352,0.70275
18.362,0.78069
18.372,0.85845
18.382,0.9362
18.392,1.0133
18.402,1.0899
18.412,1.1661
18.422,1.2418
18.432,1.3166
18.442,1.3904
18.452,1.4639
18.462,1.5362
18.472,1.6071
18.482,1.6767
18.492,1.745
18.502,1.8123
18.512,1.8784
18.522,1.943
18.532,2.0059
18.542,2.0673
18.552,2.1267
18.562,2.1847
18.572,2.2411
18.582,2.2956
18.591,2.3484
18.601,2.3992
18.611,2.4478
18.621,2.4944
18.631,2.5395
18.641,2.5824
18.651,2.6234
18.661,2.6623
18.671,2.6994
18.681,2.7343
18.691,2.7675
18.701,2.7986
18.711,2.8277
18.721,2.8547
18.731,2.8797
18.741,2.9028
18.751,2.9237
18.761,2.9428
18.771,2.9601
18.781,2.9754
18.791,2.9888
18.801,3.0002
18.811,3.0099
18.821,3.0177
18.831,3.0237
18.841,3.0279
18.851,3.0304
18.861,3.0313
18.871,3.0304
18.881,3.0278
18.891,3.0237
18.901,3.018
18.911,3.0107
18.921,3.0019
18.931,2.9916
18.941,2.9799
18.951,2.9668
18.961,2.9524
18.971,2.9366
18.981,2.9195
18.991,2.9013
19.001,2.8819
19.011,2.8614
19.021,2.8397
19.031,2.8169
19.041,2.7931
19.051,2.7683
19.061,2.7426
19.071,2.716
19.081,2.6885
19.091,2.6603
19.101,2.6311
19.111,2.6011
19.121,2.5704
19.131,2.5389
19.141,2.507
19.151,2.4744
19.161,2.4413
19.171,2.4078
19.181,2.3737
19.191,2.3391
19.201,2.3041
19.211,2.2688
19.221,2.2333
19.231,2.1974
19.241,2.1612
19.251,2.1249
19.261,2.0883
19.271,2.0518
19.281,2.0153
19.291,1.9787
19.301,1.9416
19.311,1.9045
19.321,1.8677
19.331,1.8309
19.341,1.7942
19.351,1.7577
19.361,1.7214
19.371,1.6851
19.381,1.6485
19.391,1.6125
19.401,1.5769
19.411,1.5416
19.421,1.5067
19.431,1.4719
19.441,1.4376
19.451,1.4035
19.461,1.3695
19.471,1.3359
19.481,1.3029
19.491,1.2702
19.501,1.2378
19.511,1.2057
19.521,1.174
19.531,1.1429
19.541,1.1122
19.551,1.0818
19.561,1.0518
19.571,1.0224
19.581,0.99338
19.591,0.96473
19.601,0.9366
19.611,0.90909
19.621,0.88203
19.631,0.85529
19.641,0.82883
19.651,0.80288
19.661,0.77734
19.671,0.75208
19.681,0.72727
19.691,0.70284
19.701,0.67883
19.711,0.65495
19.721,0.63141
19.731,0.60832
19.741,0.58539
19.751,0.56275
19.761,0.54054
19.771,0.51855
19.781,0.4968
19.791,0.4754
19.801,0.45426
19.811,0.43351
19.821,0.41286
19.831,0.3924
19.841,0.37226
19.851,0.3524
19.861,0.33272
19.871,0.31313
19.881,0.29386
19.891,0.27478
19.901,0.25579
19.911,0.23706
19.921,0.21843
19.931,0.20002
19.941,0.1819
19.951,0.16393
19.961,0.14612
19.971,0.12859
19.981,0.11123
19.991,0.094055
20.001,0.077088
20.011,0.060421
20.021,0.04396
20.031,0.027682
20.041,0.01162
20.051,-0.0041426
20.061,-0.019712
20.071,-0.035103
20.081,-0.050317
20.091,-0.065189
20.101,-0.079866
20.111,-0.094362
20.121,-0.10858
20.131,-0.12248
20.141,-0.13608
20.151,-0.14947
20.161,-0.16254
20.171,-0.17532
20.181,-0.18779
20.191,-0.19994
20.201,-0.21184
20.211,-0.22338
20.221,-0.23458
20.231,-0.24551
20.241,-0.25619
20.251,-0.26661
20.261,-0.27668
20.271,-0.28648
20.281,-0.29602
20.291,-0.30527
20.301,-0.31426
20.311,-0.32295
20.321,-0.33137
20.331,-0.33949
20.341,-0.3474
20.351,-0.35508
20.361,-0.36252
20.371,-0.36968
20.381,-0.37657
20.391,-0.38328
20.401,-0.38976
20.411,-0.39601
20.421,-0.40209
20.431,-0.408
20.441,-0.41373
20.451,-0.41927
20.461,-0.42463
20.471,-0.42985
20.481,-0.43495
20.491,-0.4399
20.501,-0.44472
20.511,-0.44942
20.521,-0.45403
20.531,-0.45855
20.541,-0.46296
20.551,-0.46724
20.561,-0.47144
20.571,-0.47559
20.581,-0.47965
20.591,-0.48364
20.601,-0.48754
20.611,-0.49138
20.621,-0.49518
20.631,-0.49892
20.641,-0.50259
20.651,-0.50619
20.661,-0.5098
20.671,-0.51338
20.681,-0.5169
20.691,-0.52038
20.701,-0.52382
20.711,-0.52725
20.721,-0.53064
20.731,-0.53399
20.741,-0.53729
20.751,-0.54055
20.761,-0.54375
20.771,-0.54688
20.78,-0.54996
20.79,-0.553
20.8,-0.55596
20.81,-0.55887
20.82,-0.56172
20.83,-0.56448
20.84,-0.56719
20.85,-0.56984
20.86,-0.5724
20.87,-0.57487
20.88,-0.57724
20.89,-0.57955
20.9,-0.5818
20.91,-0.58394
20.92,-0.58596
20.93,-0.58788
20.94,-0.58969
20.95,-0.59138
20.96,-0.59294
20.97,-0.59437
20.98,-0.59568
20.99,-0.59686
21,-0.5979
21.01,-0.59881
21.02,-0.59956
21.03,-0.60017
21.04,-0.60063
21.05,-0.60093
21.06,-0.60107
21.07,-0.60105
21.08,-0.60087
21.09,-0.60052
21.1,-0.6
21.11,-0.59931
21.12,-0.59845
21.13,-0.59741
21.14,-0.59618
21.15,-0.59477
21.16,-0.59318
21.17,-0.59142
21.18,-0.58948
21.19,-0.58736
21.2,-0.58507
21.21,-0.58262
21.22,-0.57998
21.23,-0.57718
21.24,-0.57419
21.25,-0.57102
21.26,-0.5677
21.27,-0.56421
21.28,-0.56057
21.29,-0.55677
21.3,-0.55285
21.31,-0.54877
21.32,-0.54453
21.33,-0.54016
21.34,-0.53569
21.35,-0.53107
21.36,-0.52631
21.37,-0.52147
21.38,-0.51654
21.39,-0.51153
21.4,-0.50644
21.41,-0.50132
21.42,-0.49615
21.43,-0.49091
21.44,-0.48561
21.45,-0.48028
21.46,-0.47498
21.47,-0.46966
21.48,-0.46433
21.49,-0.45901
21.5,-0.45369
21.51,-0.44841
21.52,-0.44315
21.53,-0.43794
21.54,-0.43278
21.55,-0.42771
21.56,-0.4227
21.57,-0.41778
21.58,-0.41294
21.59,-0.4082
21.6,-0.40354
21.61,-0.39901
21.62,-0.3946
21.63,-0.39031
21.64,-0.38612
21.65,-0.38206
21.66,-0.37815
21.67,-0.37437
21.68,-0.37073
21.69,-0.3672
21.7,-0.36382
21.71,-0.36058
21.72,-0.35746
21.73,-0.35448
21.74,-0.35163
21.75,-0.34893
21.76,-0.34636
21.77,-0.34392
21.78,-0.34161
21.79,-0.33942
21.8,-0.33735
21.81,-0.33539
21.82,-0.33354
21.83,-0.33181
21.84,-0.33018
21.85,-0.32862
21.86,-0.32713
21.87,-0.32572
21.88,-0.32439
21.89,-0.32313
21.9,-0.32192
21.91,-0.32076
21.92,-0.31964
21.93,-0.31857
21.94,-0.31754
21.95,-0.31652
21.96,-0.31554
21.97,-0.31458
21.98,-0.31362
21.99,-0.31267
22,-0.31173
22.01,-0.31079
22.02,-0.30984
22.03,-0.3089
22.04,-0.30794
22.05,-0.30697
22.06,-0.30599
22.07,-0.30501
22.08,-0.30401
22.09,-0.30299
22.1,-0.30196
22.11,-0.30092
22.12,-0.29986
22.13,-0.29879
22.14,-0.29771
22.15,-0.29662
22.16,-0.29552
22.17,-0.29442
22.18,-0.29333
22.19,-0.29224
22.2,-0.29116
22.21,-0.29009
22.22,-0.28903
22.23,-0.28797
22.24,-0.28694
22.25,-0.28593
22.26,-0.28494
22.27,-0.28398
22.28,-0.28304
22.29,-0.28214
22.3,-0.28127
22.31,-0.28044
22.32,-0.27963
22.33,-0.27886
22.34,-0.27812
22.35,-0.2774
22.36,-0.27673
22.37,-0.27609
22.38,-0.27548
22.39,-0.2749
22.4,-0.27435
22.41,-0.27381
22.42,-0.27329
22.43,-0.27279
22.44,-0.2723
22.45,-0.27181
22.46,-0.27132
22.47,-0.27082
22.48,-0.27031
22.49,-0.26979
22.5,-0.26923
22.51,-0.26863
22.52,-0.268
22.53,-0.26733
22.54,-0.2666
22.55,-0.26581
22.56,-0.26495
22.57,-0.26402
22.58,-0.26299
22.59,-0.26186
22.6,-0.26065
22.61,-0.25934
22.62,-0.25791
22.63,-0.25636
22.64,-0.25469
22.65,-0.25288
22.66,-0.25095
22.67,-0.24889
22.68,-0.24667
22.69,-0.2443
22.7,-0.24177
22.71,-0.23907
22.72,-0.23621
22.73,-0.23319
22.74,-0.23002
22.75,-0.2267
22.76,-0.22321
22.77,-0.21954
22.78,-0.21574
22.79,-0.21176
22.8,-0.20763
22.81,-0.20336
22.82,-0.19896
22.83,-0.19443
22.84,-0.18974
22.85,-0.18492
22.86,-0.17995
22.87,-0.17487
22.88,-0.16968
22.89,-0.16438
22.9,-0.15898
22.91,-0.1535
22.92,-0.14791
22.93,-0.14224
22.94,-0.1365
22.95,-0.13071
22.959,-0.12486
22.969,-0.11896
22.979,-0.11306
22.989,-0.1071
22.999,-0.10114
23.009,-0.095167
23.019,-0.089236
23.029,-0.083323
23.039,-0.077398
23.049,-0.071459
23.059,-0.065561
23.069,-0.059721
23.079,-0.053955
23.089,-0.048227
23.099,-0.042569
23.109,-0.036969
23.119,-0.031411
23.129,-0.025957
23.139,-0.020568
23.149,-0.01532
23.159,-0.010174
23.169,-0.0051378
23.179,-0.00018155
23.189,0.0046592
23.199,0.0093831
23.209,0.013989
23.219,0.018465
23.229,0.022787
23.239,0.026977
23.249,0.031041
23.259,0.034986
23.269,0.038768
23.279,0.042383
23.289,0.045849
23.299,0.049183
23.309,0.052372
23.319,0.0554
23.329,0.058276
23.339,0.061013
23.349,0.063589
23.359,0.066
23.369,0.06825
23.379,0.070347
23.389,0.072275
23.399,0.074061
23.409,0.075688
23.419,0.07715
23.429,0.078448
23.439,0.079596
23.449,0.080586
23.459,0.081424
23.469,0.082121
23.479,0.082659
23.489,0.083047
23.499,0.083284
23.509,0.083375
23.519,0.083325
23.529,0.083132
23.539,0.082793
23.549,0.082315
23.559,0.081697
23.569,0.080946
23.579,0.08006
23.589,0.079044
23.599,0.077905
23.609,0.07665
23.619,0.075271
23.629,0.073782
23.639,0.072189
23.649,0.070481
23.659,0.068666
23.669,0.066738
23.679,0.064713
23.689,0.06261
23.699,0.060419
23.709,0.058149
23.719,0.0558
23.729,0.053369
23.739,0.050873
23.749,0.048289
23.759,0.045642
23.769,0.042944
23.779,0.040188
23.789,0.037375
23.799,0.034516
23.809,0.031626
23.819,0.028698
23.829,0.025741
23.839,0.022768
23.849,0.019774
23.859,0.016771
23.869,0.01374
23.879,0.01068
23.889,0.0076415
23.899,0.0046024
23.909,0.0015699
23.919,-0.0014741
23.929,-0.0045094
23.939,-0.0075159
23.949,-0.010494
23.959,-0.013442
23.969,-0.016379
23.979,-0.019282
23.989,-0.022146
23.999,-0.024971
24.009,-0.027771
24.019,-0.030517
24.029,-0.033217
24.039,-0.035872
24.049,-0.038462
24.059,-0.040987
24.069,-0.043457
24.079,-0.045872
24.089,-0.048208
24.099,-0.050474
24.109,-0.052676
24.119,-0.054823
24.129,-0.056912
24.139,-0.058913
24.149,-0.060834
24.159,-0.062691
24.169,-0.064474
24.179,-0.066173
24.189,-0.067804
24.199,-0.069355
24.209,-0.070839
24.219,-0.072241
24.229,-0.073564
24.239,-0.074814
24.249,-0.075999
24.259,-0.077118
24.269,-0.078167
24.279,-0.079137
24.289,-0.080046
24.299,-0.080898
24.309,-0.08169
24.319,-0.082424
24.329,-0.083097
24.339,-0.08372
24.349,-0.084291
24.359,-0.084804
24.369,-0.085277
24.379,-0.085704
24.389,-0.086091
24.399,-0.086439
24.409,-0.086758
24.419,-0.087051
24.429,-0.087324
24.439,-0.087576
24.449,-0.087813
24.459,-0.088035
24.469,-0.088242
24.479,-0.088444
24.489,-0.088651
24.499,-0.088864
24.509,-0.089073
24.519,-0.089282
24.529,-0.089499
24.539,-0.089718
24.549,-0.089943
24.559,-0.090184
24.569,-0.090439
24.579,-0.090704
24.589,-0.090981
24.599,-0.091284
24.609,-0.091616
24.619,-0.09196
24.629,-0.092327
24.639,-0.092721
24.649,-0.093135
24.659,-0.093568
24.669,-0.094024
24.679,-0.094496
24.689,-0.094985
24.699,-0.095503
24.709,-0.096041
24.719,-0.096595
24.729,-0.09716
24.739,-0.097741
24.749,-0.098342
24.759,-0.098954
24.769,-0.099579
24.779,-0.10021
24.789,-0.10086
24.799,-0.10152
24.809,-0.10218
24.819,-0.10284
24.829,-0.10351
24.839,-0.10419
24.849,-0.10487
24.859,-0.10555
24.869,-0.10623
24.879,-0.10692
24.889,-0.10759
24.899,-0.10825
24.909,-0.10891
24.919,-0.10957
24.929,-0.11022
24.939,-0.11086
24.949,-0.11151
24.959,-0.11215
24.969,-0.11279
24.979,-0.11342
24.989,-0.11405
24.999,-0.11467
25.009,-0.11529
25.019,-0.11592
25.029,-0.11654
25.039,-0.11716
25.049,-0.11777
25.059,-0.11838
25.069,-0.11899
25.079,-0.1196
25.089,-0.12022
25.099,-0.12085
25.109,-0.12148
25.119,-0.12211
25.129,-0.12274
25.139,-0.12338
25.148,-0.12403
25.158,-0.1247
25.168,-0.12537
25.178,-0.12604
25.188,-0.12673
25.198,-0.12744
25.208,-0.12816
25.218,-0.12889
25.228,-0.12962
25.238,-0.13036
25.248,-0.13111
25.258,-0.13188
25.268,-0.13266
25.278,-0.13345
25.288,-0.13425
25.298,-0.13507
25.308,-0.1359
25.318,-0.13673
25.328,-0.13757
25.338,-0.13842
25.348,-0.13928
25.358,-0.14016
25.368,-0.14104
25.378,-0.14192
25.388,-0.14281
25.398,-0.14369
25.408,-0.14457
25.418,-0.14546
25.428,-0.14633
25.438,-0.14719
25.448,-0.14805
25.458,-0.1489
25.468,-0.14973
25.478,-0.15055
25.488,-0.15134
25.498,-0.15213
25.508,-0.15288
25.518,-0.1536
25.528,-0.1543
25.538,-0.15497
25.548,-0.15561
25.558,-0.1562
25.568,-0.15674
25.578,-0.15725
25.588,-0.15772
25.598,-0.15814
25.608,-0.15852
25.618,-0.15885
25.628,-0.15913
25.638,-0.15934
25.648,-0.1595
25.658,-0.15958
25.668,-0.1596
25.678,-0.15956
25.688,-0.15945
25.698,-0.15928
25.708,-0.15903
25.718,-0.15872
25.728,-0.15834
25.738,-0.15786
25.748,-0.15731
25.758,-0.15669
25.768,-0.156
25.778,-0.15522
25.788,-0.15438
25.798,-0.15347
25.808,-0.15247
25.818,-0.1514
25.828,-0.15025
25.838,-0.14904
25.848,-0.14775
25.858,-0.14641
25.868,-0.14499
25.878,-0.14353
25.888,-0.14201
25.898,-0.14043
25.908,-0.13879
25.918,-0.1371
25.928,-0.13537
25.938,-0.13359
25.948,-0.13177
25.958,-0.1299
25.968,-0.128
25.978,-0.12608
25.988,-0.12413
25.998,-0.12216
26.008,-0.12017
26.018,-0.11818
26.028,-0.11619
26.038,-0.11419
26.048,-0.11217
26.058,-0.11016
26.068,-0.10817
26.078,-0.10619
26.088,-0.10423
26.098,-0.10229
26.108,-0.10036
26.118,-0.09846
26.128,-0.096591
26.138,-0.094767
26.148,-0.092971
26.158,-0.0912
26.168,-0.089477
26.178,-0.087799
26.188,-0.086171
26.198,-0.084572
26.208,-0.08303
26.218,-0.081553
26.228,-0.080142
26.238,-0.078788
26.248,-0.077487
26.258,-0.076231
26.268,-0.07505
26.278,-0.073926
26.288,-0.072859
26.298,-0.071848
26.308,-0.070899
26.318,-0.070025
26.328,-0.069217
26.338,-0.068458
26.348,-0.067764
26.358,-0.067131
26.368,-0.066558
26.378,-0.066034
26.388,-0.06557
26.398,-0.065165
26.408,-0.064816
26.418,-0.064521
26.428,-0.064274
26.438,-0.064075
26.448,-0.063921
26.458,-0.063815
26.468,-0.063752
26.478,-0.063723
26.488,-0.063729
26.498,-0.063769
26.508,-0.063845
26.518,-0.063945
26.528,-0.06407
26.538,-0.064223
26.548,-0.064394
26.558,-0.064584
26.568,-0.064784
26.578,-0.064999
26.588,-0.065231
26.598,-0.065465
26.608,-0.065695
26.618,-0.065926
26.628,-0.066155
26.638,-0.06638
26.648,-0.066592
26.658,-0.066792
26.668,-0.066979
26.678,-0.067148
26.688,-0.067296
26.698,-0.06743
26.708,-0.067538
26.718,-0.067618
26.728,-0.067671
26.738,-0.067686
26.748,-0.067663
26.758,-0.067602
26.768,-0.067498
26.778,-0.06735
26.788,-0.067161
26.798,-0.066928
26.808,-0.066647
26.818,-0.06631
26.828,-0.065931
26.838,-0.065515
26.848,-0.065045
26.858,-0.064518
26.868,-0.06395
26.878,-0.063344
26.888,-0.062683
26.898,-0.061959
26.908,-0.061192
26.918,-0.06038
26.928,-0.059515
26.938,-0.058612
26.948,-0.057666
26.958,-0.056685
26.968,-0.05567
26.978,-0.054614
26.988,-0.053523
26.998,-0.052399
27.008,-0.051248
27.018,-0.050061
27.028,-0.048845
27.038,-0.047608
27.048,-0.046358
27.058,-0.045085
27.068,-0.043782
27.078,-0.042465
27.088,-0.041143
27.098,-0.039812
27.108,-0.038474
27.118,-0.037135
27.128,-0.03581
27.138,-0.034497
27.148,-0.033191
27.158,-0.031901
27.168,-0.030626
27.178,-0.029376
27.188,-0.028154
27.198,-0.026957
27.208,-0.025788
27.218,-0.024657
27.228,-0.023553
27.238,-0.022488
27.248,-0.021463
27.258,-0.020474
27.268,-0.019521
27.278,-0.018624
27.288,-0.017788
27.298,-0.016995
27.308,-0.016246
27.318,-0.015548
27.328,-0.014913
27.337,-0.014338
27.347,-0.013817
27.357,-0.013344
27.367,-0.012931
27.377,-0.012582
27.387,-0.012284
27.397,-0.012049
27.407,-0.01187
27.417,-0.011751
27.427,-0.011688
27.437,-0.011689
27.447,-0.011742
27.457,-0.011846
27.467,-0.012002
27.477,-0.012208
27.487,-0.012456
27.497,-0.012747
27.507,-0.013081
27.517,-0.013457
27.527,-0.013869
27.537,-0.014319
27.547,-0.014794
27.557,-0.01529
27.567,-0.015811
27.577,-0.016353
27.587,-0.016915
27.597,-0.017498
27.607,-0.01809
27.617,-0.018685
27.627,-0.019276
27.637,-0.019861
27.647,-0.020449
27.657,-0.021032
27.667,-0.021592
27.677,-0.022132
27.687,-0.022654
27.697,-0.023152
27.707,-0.023628
27.717,-0.024069
27.727,-0.02447
27.737,-0.024831
27.747,-0.02515
27.757,-0.025426
27.767,-0.025661
27.777,-0.025846
27.787,-0.025974
27.797,-0.026044
27.807,-0.026053
27.817,-0.026002
27.827,-0.025893
27.837,-0.02572
27.847,-0.025495
27.857,-0.025201
27.867,-0.024835
27.877,-0.0244
27.887,-0.023892
27.897,-0.023313
27.907,-0.022669
27.917,-0.021965
27.927,-0.02119
27.937,-0.020348
27.947,-0.019447
27.957,-0.018487
27.967,-0.017467
27.977,-0.016371
27.987,-0.015226
27.997,-0.014026
28.007,-0.012764
28.017,-0.011444
28.027,-0.010075
28.037,-0.008661
28.047,-0.0071938
28.057,-0.0056768
28.067,-0.0041275
28.077,-0.0025427
28.087,-0.00092898
28.097,0.00072125
28.107,0.0023994
28.117,0.004099
28.127,0.0058159
28.137,0.0075535
28.147,0.0093122
28.157,0.011086
28.167,0.012858
28.177,0.014633
28.187,0.016405
28.197,0.018181
28.207,0.019956
28.217,0.021725
28.227,0.023486
28.237,0.025239
28.247,0.026977
28.257,0.028697
28.267,0.030407
28.277,0.032086
28.287,0.033728
28.297,0.035337
28.307,0.036932
28.317,0.038489
28.327,0.040011
28.337,0.041508
28.347,0.042961
28.357,0.044381
28.367,0.045747
28.377,0.047065
28.387,0.048332
28.397,0.049551
28.407,0.050724
28.417,0.051858
28.427,0.052945
28.437,0.053977
28.447,0.054964
28.457,0.055908
28.467,0.056794
28.477,0.05763
28.487,0.058423
28.497,0.059169
28.507,0.059865
28.517,0.060503
28.527,0.061091
28.537,0.061634
28.547,0.062125
28.557,0.062563
28.567,0.062943
28.577,0.06328
28.587,0.063571
28.597,0.063814
28.607,0.064005
28.617,0.064143
28.627,0.06424
28.637,0.064297
28.647,0.064311
28.657,0.06427
28.667,0.064183
28.677,0.064055
28.687,0.06388
28.697,0.063664
28.707,0.063403
28.717,0.063109
28.727,0.062774
28.737,0.062401
28.747,0.061999
28.757,0.061553
28.767,0.061068
28.777,0.06055
28.787,0.060002
28.797,0.059416
28.807,0.05879
28.817,0.058129
28.827,0.057435
28.837,0.056708
28.847,0.055951
28.857,0.055167
28.867,0.054359
28.877,0.053519
28.887,0.052653
28.897,0.051757
28.907,0.050827
28.917,0.04988
28.927,0.048905
28.937,0.047902
28.947,0.046874
28.957,0.04582
28.967,0.044738
28.977,0.043634
28.987,0.042503
28.997,0.041345
29.007,0.040165
29.017,0.038962
29.027,0.037733
29.037,0.036471
29.047,0.035193
29.057,0.033893
29.067,0.032571
29.077,0.031219
29.087,0.029847
29.097,0.028453
29.107,0.027036
29.117,0.025605
29.127,0.024148
29.137,0.022682
29.147,0.021197
29.157,0.019692
29.167,0.018175
29.177,0.016654
29.187,0.015122
29.197,0.013568
29.207,0.011988
29.217,0.010395
29.227,0.0087932
29.237,0.0071758
29.247,0.0055544
29.257,0.0039264
29.267,0.0022956
29.277,0.00065491
29.287,-0.00099859
29.297,-0.0026626
29.307,-0.0043281
29.317,-0.0059905
29.327,-0.0076652
29.337,-0.0093332
29.347,-0.010988
29.357,-0.012625
29.367,-0.014265
29.377,-0.015921
29.387,-0.017558
29.397,-0.019181
29.407,-0.020789
29.417,-0.022378
29.427,-0.023964
29.437,-0.025529
29.447,-0.027065
29.457,-0.028579
29.467,-0.030058
29.477,-0.03151
29.487,-0.032935
29.497,-0.034316
29.507,-0.035654
29.517,-0.036948
29.526,-0.038207
29.536,-0.039418
29.546,-0.040573
29.556,-0.041686
29.566,-0.042742
29.576,-0.043741
29.586,-0.044674
29.596,-0.045548
29.606,-0.046363
29.616,-0.047105
29.626,-0.047769
29.636,-0.048357
29.646,-0.048872
29.656,-0.049312
29.666,-0.049676
29.676,-0.049956
29.686,-0.050155
29.696,-0.050263
29.706,-0.050285
29.716,-0.050216
29.726,-0.05006
29.736,-0.049811
29.746,-0.049474
29.756,-0.049046
29.766,-0.04852
29.776,-0.047906
29.786,-0.047206
29.796,-0.046415
29.806,-0.045528
29.816,-0.044547
29.826,-0.043479
29.836,-0.042323
29.846,-0.041087
29.856,-0.039764
29.866,-0.038366
29.876,-0.036904
29.886,-0.035368
29.896,-0.033759
29.906,-0.032083
29.916,-0.030367
29.926,-0.02859
29.936,-0.026757
29.946,-0.024889
29.956,-0.022976
29.966,-0.021035
29.976,-0.019058
29.986,-0.017068
29.996,-0.015065
30.006,-0.01304
30.016,-0.010984
30.026,-0.0089342
30.036,-0.0068989
30.046,-0.0048796
30.056,-0.0028774
30.066,-0.00090745
30.076,0.001034
30.086,0.0029368
30.096,0.0048015
30.106,0.0066266
30.116,0.0083876
30.126,0.010102
30.136,0.011767
30.146,0.013384
30.156,0.014925
30.166,0.016373
30.176,0.017759
30.186,0.019071
30.196,0.0203
30.206,0.021456
30.216,0.022523
30.226,0.023505
30.236,0.024392
30.246,0.025199
30.256,0.025915
30.266,0.026556
30.276,0.027103
30.286,0.027556
30.296,0.027925
30.306,0.02821
30.316,0.02842
30.326,0.028549
30.336,0.028607
30.346,0.028602
30.356,0.028525
30.366,0.028383
30.376,0.028182
30.386,0.027926
30.396,0.027617
30.406,0.027257
30.416,0.026857
30.426,0.026425
30.436,0.025969
30.446,0.025487
30.456,0.024981
30.466,0.024459
30.476,0.023922
30.486,0.023383
30.496,0.022852
30.506,0.022325
30.516,0.021808
30.526,0.021305
30.536,0.020818
30.546,0.020352
30.556,0.019908
30.566,0.019502
30.576,0.019119
30.586,0.018768
30.596,0.018453
30.606,0.018174
30.616,0.017938
30.626,0.017742
30.636,0.017587
30.646,0.017473
30.656,0.017402
30.666,0.017381
30.676,0.01741
30.686,0.017484
30.696,0.017596
30.706,0.01774
30.716,0.017915
30.726,0.018114
30.736,0.018344
30.746,0.018606
30.756,0.018893
30.766,0.019198
30.776,0.019516
30.786,0.019845
30.796,0.020184
30.806,0.020527
30.816,0.020871
30.826,0.021216
30.836,0.02155
30.846,0.021863
30.856,0.02216
30.866,0.022435
30.876,0.02269
30.886,0.022924
30.896,0.023127
30.906,0.023294
30.916,0.023431
30.926,0.02352
30.936,0.023567
30.946,0.023573
30.956,0.023532
30.966,0.023443
30.976,0.023303
30.986,0.023112
30.996,0.022871
31.006,0.022569
31.016,0.022213
31.026,0.021808
31.036,0.021355
31.046,0.020847
31.056,0.020287
31.066,0.019672
31.076,0.019007
31.086,0.018296
31.096,0.017539
31.106,0.016735
31.116,0.015885
31.126,0.014987
31.136,0.014053
31.146,0.013082
31.156,0.012075
31.166,0.011042
31.176,0.0099923
31.186,0.008921
31.196,0.0078304
31.206,0.0067332
31.216,0.0056191
31.226,0.0044991
31.236,0.0033743
31.246,0.0022603
31.256,0.001149
31.266,3.4911e-005
31.276,-0.0010633
31.286,-0.0021487
31.296,-0.0032129
31.306,-0.0042454
31.316,-0.0052574
31.326,-0.0062433
31.336,-0.0071981
31.346,-0.0081158
31.356,-0.0089852
31.366,-0.0098178
31.376,-0.010616
31.386,-0.011365
31.396,-0.012062
31.406,-0.012709
31.416,-0.013317
31.426,-0.013875
31.436,-0.014378
31.446,-0.01483
31.456,-0.015233
31.466,-0.015588
31.476,-0.015892
31.486,-0.01614
31.496,-0.016343
31.506,-0.016496
31.516,-0.016591
31.526,-0.016624
31.536,-0.016605
31.546,-0.016538
31.556,-0.016426
31.566,-0.016261
31.576,-0.01605
31.586,-0.015783
31.596,-0.015479
31.606,-0.015138
31.616,-0.014757
31.626,-0.014336
31.636,-0.013882
31.646,-0.013381
31.656,-0.012848
31.666,-0.012287
31.676,-0.011695
31.686,-0.011079
31.696,-0.010434
31.705,-0.0097645
31.715,-0.0090707
31.725,-0.0083669
31.735,-0.0076551
31.745,-0.0069255
31.755,-0.0061762
31.765,-0.005418
31.775,-0.0046495
31.785,-0.0038706
31.795,-0.0030905
31.805,-0.0023158
31.815,-0.0015488
31.825,-0.00077924
31.835,-1.3002e-005
31.845,0.00074295
31.855,0.0014939
31.865,0.0022299
31.875,0.002961
31.885,0.0036747
31.895,0.0043739
31.905,0.0050604
31.915,0.0057239
31.925,0.0063711
31.935,0.0070094
31.945,0.0076252
31.955,0.0082219
31.965,0.0087977
31.975,0.009347
31.985,0.0098725
31.995,0.010374
32.005,0.010857
32.015,0.011312
32.025,0.011731
32.035,0.012124
32.045,0.012488
32.055,0.01282
32.065,0.013133
32.075,0.013435
32.085,0.013718
32.095,0.013984
32.105,0.014229
32.115,0.01446
32.125,0.014668
32.135,0.014862
32.145,0.01505
32.155,0.015222
32.165,0.015382
32.175,0.015536
32.185,0.01569
32.195,0.015838
32.205,0.015992
32.215,0.016149
32.225,0.016314
32.235,0.016491
32.245,0.016676
32.255,0.016869
32.265,0.017082
32.275,0.017308
32.285,0.017557
32.295,0.017826
32.305,0.018118
32.315,0.018436
32.325,0.018774
32.335,0.019137
32.345,0.019536
32.355,0.019963
32.365,0.020418
32.375,0.020909
32.385,0.021424
32.395,0.021955
32.405,0.02251
32.415,0.023106
32.425,0.023725
32.435,0.024369
32.445,0.025035
32.455,0.025716
32.465,0.026409
32.475,0.027115
32.485,0.027837
32.495,0.028561
32.505,0.029291
32.515,0.030028
32.525,0.030763
32.535,0.031499
32.545,0.032215
32.555,0.032921
32.565,0.033611
32.575,0.034282
32.585,0.034931
32.595,0.035547
32.605,0.036129
32.615,0.036678
32.625,0.037189
32.635,0.037655
32.645,0.038075
32.655,0.038448
32.665,0.038765
32.675,0.039025
32.685,0.03922
32.695,0.039356
32.705,0.039422
32.715,0.039411
32.725,0.039332
32.735,0.039174
32.745,0.038948
32.755,0.038649
32.765,0.038272
32.775,0.037816
32.785,0.037291
32.795,0.036707
32.805,0.036056
32.815,0.035327
32.825,0.034527
32.835,0.033657
32.845,0.032731
32.855,0.03174
32.865,0.030685
32.875,0.029559
32.885,0.028384
32.895,0.027168
32.905,0.025909
32.915,0.024604
32.925,0.023266
32.935,0.021893
32.945,0.020498
32.955,0.019091
32.965,0.017658
32.975,0.016216
32.985,0.014765
32.995,0.01332
33.005,0.01186
33.015,0.010399
33.025,0.0089475
33.035,0.0075135
33.045,0.0060956
33.055,0.0047013
33.065,0.0033351
33.075,0.0019945
33.085,0.00068022
33.095,-0.00059933
33.105,-0.0018382
33.115,-0.0030225
33.125,-0.0041522
33.135,-0.0052448
33.145,-0.0062785
33.155,-0.0072504
33.165,-0.0081684
33.175,-0.0090264
33.185,-0.0098202
33.195,-0.010541
33.205,-0.011192
33.215,-0.011778
33.225,-0.012294
33.235,-0.012739
33.245,-0.013102
33.255,-0.01339
33.265,-0.013606
33.275,-0.01374
33.285,-0.013806
33.295,-0.013784
33.305,-0.013694
33.315,-0.013535
33.325,-0.013295
33.335,-0.012969
33.345,-0.012569
33.355,-0.012094
33.365,-0.01153
33.375,-0.010888
33.385,-0.010182
33.395,-0.0093993
33.405,-0.0085543
33.415,-0.0076346
33.425,-0.006647
33.435,-0.0055947
33.445,-0.0044749
33.455,-0.0032965
33.465,-0.0020515
33.475,-0.00075417
33.485,0.00061045
33.495,0.0020234
33.505,0.0034819
33.515,0.0049789
33.525,0.0065173
33.535,0.0080922
33.545,0.0097128
33.555,0.011362
33.565,0.013027
33.575,0.014706
33.585,0.0164
33.595,0.018096
33.605,0.019804
33.615,0.021509
33.625,0.023213
33.635,0.024917
33.645,0.026617
33.655,0.02828
33.665,0.029914
33.675,0.031523
33.685,0.033102
33.695,0.034647
33.705,0.036161
33.715,0.037639
33.725,0.039074
33.735,0.040456
33.745,0.041789
33.755,0.043065
33.765,0.044281
33.775,0.045436
33.785,0.04654
33.795,0.047576
33.805,0.048541
33.815,0.049445
33.825,0.050282
33.835,0.051049
33.845,0.05174
33.855,0.05236
33.865,0.052913
33.875,0.053405
33.885,0.05383
33.894,0.05419
33.904,0.054494
33.914,0.05474
33.924,0.054935
33.934,0.055076
33.944,0.05517
33.954,0.055225
33.964,0.055234
33.974,0.0552
33.984,0.055126
33.994,0.05503
34.004,0.054908
34.014,0.054765
34.024,0.054608
34.034,0.054443
34.044,0.054265
34.054,0.054087
34.064,0.053908
34.074,0.053721
34.084,0.053539
34.094,0.05337
34.104,0.053211
34.114,0.053064
34.124,0.052924
34.134,0.052798
34.144,0.052696
34.154,0.052611
34.164,0.052549
34.174,0.05251
34.184,0.05249
34.194,0.052485
34.204,0.052503
34.214,0.052544
34.224,0.052601
34.234,0.052669
34.244,0.052748
34.254,0.052838
34.264,0.05294
34.274,0.05305
34.284,0.053156
34.294,0.053251
34.304,0.053354
34.314,0.053463
34.324,0.053551
34.334,0.053613
34.344,0.053652
34.354,0.053662
34.364,0.053639
34.374,0.05358
34.384,0.05348
34.394,0.053327
34.404,0.053133
34.414,0.052888
34.424,0.052587
34.434,0.052217
34.444,0.051774
34.454,0.051256
34.464,0.050659
34.474,0.049992
34.484,0.049249
34.494,0.048429
34.504,0.047535
34.514,0.046563
34.524,0.045496
34.534,0.044341
34.544,0.043104
34.554,0.041793
34.564,0.040401
34.574,0.03893
34.584,0.037378
34.594,0.035759
34.604,0.034075
34.614,0.032317
34.624,0.030492
34.634,0.028614
34.644,0.026658
34.654,0.024665
34.664,0.02263
34.674,0.020543
34.684,0.018422
34.694,0.01627
34.704,0.014088
34.714,0.011892
34.724,0.0096675
34.734,0.0074463
34.744,0.0052432
34.754,0.0030536
34.764,0.0008876
34.774,-0.0012571
34.784,-0.0033654
34.794,-0.0054389
34.804,-0.0074526
34.814,-0.0094166
34.824,-0.011333
34.834,-0.013189
34.844,-0.014959
34.854,-0.016651
34.864,-0.018257
34.874,-0.019795
34.884,-0.021249
34.894,-0.022604
34.904,-0.023863
34.914,-0.025008
34.924,-0.026054
34.934,-0.026988
34.944,-0.027804
34.954,-0.028504
34.964,-0.029083
34.974,-0.02955
34.984,-0.029903
34.994,-0.030132
35.004,-0.030238
35.014,-0.030227
35.024,-0.030105
35.034,-0.029865
35.044,-0.02951
35.054,-0.029047
35.064,-0.028468
35.074,-0.027779
35.084,-0.026982
35.094,-0.026066
35.104,-0.025053
35.114,-0.023949
35.124,-0.022749
35.134,-0.021442
35.144,-0.020053
35.154,-0.01858
35.164,-0.017041
35.174,-0.015439
35.184,-0.013769
35.194,-0.012032
35.204,-0.010235
35.214,-0.0084005
35.224,-0.006525
35.234,-0.0046131
35.244,-0.0026639
35.254,-0.00068983
35.264,0.0013047
35.274,0.0033148
35.284,0.0053486
35.294,0.0073937
35.304,0.0094276
35.314,0.011454
35.324,0.013483
35.334,0.015487
35.344,0.017471
35.354,0.019435
35.364,0.021383
35.374,0.023298
35.384,0.02517
35.394,0.027019
35.404,0.028816
35.414,0.030568
35.424,0.032276
35.434,0.033934
35.444,0.035551
35.454,0.037108
35.464,0.038598
35.474,0.040028
35.484,0.041406
35.494,0.042725
35.504,0.043973
35.514,0.045155
35.524,0.046273
35.534,0.047338
35.544,0.048331
35.554,0.049261
35.564,0.050131
35.574,0.050935
35.584,0.051671
35.594,0.052358
35.604,0.052982
35.614,0.053561
35.624,0.054088
35.634,0.05456
35.644,0.054967
35.654,0.055332
35.664,0.055657
35.674,0.055933
35.684,0.056168
35.694,0.056367
35.704,0.05653
35.714,0.05666
35.724,0.056761
35.734,0.056836
35.744,0.056894
35.754,0.056923
35.764,0.056936
35.774,0.056927
35.784,0.056905
35.794,0.056874
35.804,0.056837
35.814,0.05679
35.824,0.05674
35.834,0.056681
35.844,0.056628
35.854,0.056583
35.864,0.056543
35.874,0.056501
35.884,0.05647
35.894,0.056464
35.904,0.056469
35.914,0.056476
35.924,0.05649
35.934,0.056528
35.944,0.056586
35.954,0.056653
35.964,0.05673
35.974,0.056828
35.984,0.056948
35.994,0.057076
36.004,0.057218
36.014,0.057378
36.024,0.057549
36.034,0.057729
36.044,0.05792
36.054,0.058122
36.064,0.058335
36.074,0.058554
36.083,0.058774
36.093,0.058995
36.103,0.059215
36.113,0.059437
36.123,0.059661
36.133,0.059877
36.143,0.060084
36.153,0.060284
36.163,0.060471
36.173,0.060648
36.183,0.060801
36.193,0.060936
36.203,0.061053
36.213,0.061149
36.223,0.061217
36.233,0.061249
36.243,0.061247
36.253,0.061211
36.263,0.061129
36.273,0.061018
36.283,0.060866
36.293,0.060667
36.303,0.060418
36.313,0.060126
36.323,0.059788
36.333,0.059397
36.343,0.058955
36.353,0.058455
36.363,0.057908
36.373,0.057306
36.383,0.056648
36.393,0.055943
36.403,0.055193
36.413,0.054386
36.423,0.053531
36.433,0.052646
36.443,0.05171
36.453,0.050733
36.463,0.049709
36.473,0.048641
36.483,0.047532
36.493,0.046385
36.503,0.045197
36.513,0.04398
36.523,0.042727
36.533,0.041441
36.543,0.040118
36.553,0.038765
36.563,0.037392
36.573,0.036006
36.583,0.034597
36.593,0.033178
36.603,0.031743
36.613,0.030311
36.623,0.028879
36.633,0.027455
36.643,0.026052
36.653,0.024645
36.663,0.023231
36.673,0.021831
36.683,0.020438
36.693,0.01907
36.703,0.017729
36.713,0.016398
36.723,0.015087
36.733,0.013808
36.743,0.012558
36.753,0.011332
36.763,0.010145
36.773,0.0089831
36.783,0.007859
36.793,0.0067716
36.803,0.0057373
36.813,0.0047349
36.823,0.003763
36.833,0.0028413
36.843,0.0019514
36.853,0.0010884
36.863,0.00027816
36.873,-0.00048839
36.883,-0.0012241
36.893,-0.0019272
36.903,-0.0025879
36.913,-0.0031871
36.923,-0.0037439
36.933,-0.0042621
36.943,-0.0047405
36.953,-0.0051753
36.963,-0.0055589
36.973,-0.0059047
36.983,-0.0062103
36.993,-0.0064756
37.003,-0.0067039
37.013,-0.0068863
37.023,-0.0070298
37.033,-0.0071343
37.043,-0.0072031
37.053,-0.0072351
37.063,-0.0072357
37.073,-0.00719
37.083,-0.0071133
37.093,-0.0070042
37.103,-0.0068518
37.113,-0.0066648
37.123,-0.006454
37.133,-0.0062162
37.143,-0.0059455
37.153,-0.0056505
37.163,-0.0053335
37.173,-0.0049881
37.183,-0.0046182
37.193,-0.0042343
37.203,-0.0038226
37.213,-0.0034002
37.223,-0.0029653
37.233,-0.0025189
37.243,-0.00206
37.253,-0.0015814
37.263,-0.0010877
37.273,-0.00059093
37.283,-8.3023e-005
37.293,0.00043325
37.303,0.00095026
37.313,0.0014592
37.323,0.0019663
37.333,0.0024653
37.343,0.0029596
37.353,0.0034486
37.363,0.0039325
37.373,0.0044118
37.383,0.004884
37.393,0.0053395
37.403,0.0057777
37.413,0.0062094
37.423,0.006632
37.433,0.0070407
37.443,0.0074349
37.453,0.0078135
37.463,0.008174
37.473,0.0085189
37.483,0.0088522
37.493,0.0091806
37.503,0.0094981
37.513,0.009792
37.523,0.010076
37.533,0.010359
37.543,0.01064
37.553,0.010908
37.563,0.011165
37.573,0.011419
37.583,0.011666
37.593,0.011914
37.603,0.012168
37.613,0.012415
37.623,0.012661
37.633,0.012909
37.643,0.013163
37.653,0.013427
37.663,0.01369
37.673,0.013968
37.683,0.01426
37.693,0.014564
37.703,0.014872
37.713,0.015187
37.723,0.015514
37.733,0.015852
37.743,0.016199
37.753,0.01655
37.763,0.016916
37.773,0.017285
37.783,0.017662
37.793,0.018052
37.803,0.018447
37.813,0.018843
37.823,0.019252
37.833,0.019665
37.843,0.02007
37.853,0.020471
37.863,0.020861
37.873,0.021245
37.883,0.021626
37.893,0.021996
37.903,0.022355
37.913,0.022691
37.923,0.023009
37.933,0.023305
37.943,0.023566
37.953,0.023798
37.963,0.024003
37.973,0.024169
37.983,0.024297
37.993,0.024385
38.003,0.024425
38.013,0.02441
38.023,0.024339
38.033,0.024224
38.043,0.024053
38.053,0.023832
38.063,0.023556
38.073,0.023218
38.083,0.022811
38.093,0.022342
38.103,0.021808
38.113,0.021199
38.123,0.020521
38.133,0.01978
38.143,0.018975
38.153,0.018113
38.163,0.017198
38.173,0.01622
38.183,0.015176
38.193,0.01408
38.203,0.012934
38.213,0.01173
38.223,0.010471
38.233,0.0091656
38.243,0.0078123
38.253,0.006425
38.263,0.0050007
38.272,0.0035412
38.282,0.0020552
38.292,0.00055018
38.302,-0.00098133
38.312,-0.0025268
38.322,-0.0040892
38.332,-0.0056485
38.342,-0.0072069
38.352,-0.008767
38.362,-0.010336
38.372,-0.011893
38.382,-0.013441
38.392,-0.014962
38.402,-0.01646
38.412,-0.01793
38.422,-0.019369
38.432,-0.020778
38.442,-0.02215
38.452,-0.023491
38.462,-0.024786
38.472,-0.02603
38.482,-0.027228
38.492,-0.028374
38.502,-0.02947
38.512,-0.030513
38.522,-0.031512
38.532,-0.032449
38.542,-0.033329
38.552,-0.034152
38.562,-0.034913
38.572,-0.035602
38.582,-0.036213
38.592,-0.036768
38.602,-0.037253
38.612,-0.037672
38.622,-0.038033
38.632,-0.038331
38.642,-0.038555
38.652,-0.038726
38.662,-0.038841
38.672,-0.038895
38.682,-0.038888
38.692,-0.038826
38.702,-0.038704
38.712,-0.038531
38.722,-0.038307
38.732,-0.038037
38.742,-0.037717
38.752,-0.037348
38.762,-0.036929
38.772,-0.036458
38.782,-0.035949
38.792,-0.035395
38.802,-0.034804
38.812,-0.034172
38.822,-0.0335
38.832,-0.032794
38.842,-0.032046
38.852,-0.031265
38.862,-0.030446
38.872,-0.029591
38.882,-0.028712
38.892,-0.027807
38.902,-0.026865
38.912,-0.025889
38.922,-0.024898
38.932,-0.023884
38.942,-0.022836
38.952,-0.021762
38.962,-0.020666
38.972,-0.019546
38.982,-0.018413
38.992,-0.017271
39.002,-0.016115
39.012,-0.014939
39.022,-0.013755
39.032,-0.012559
39.042,-0.011334
39.052,-0.01011
39.062,-0.0088832
39.072,-0.0076341
39.082,-0.0063635
39.092,-0.0050976
39.102,-0.0038256
39.112,-0.0025602
39.122,-0.0012805
39.132,2.7174e-007
39.142,0.0012919
39.152,0.0025905
39.162,0.0038819
39.172,0.0051674
39.182,0.0064655
39.192,0.0077727
39.202,0.009076
39.212,0.010368
39.222,0.011658
39.232,0.012933
39.242,0.014187
39.252,0.015448
39.262,0.016705
39.272,0.017937
39.282,0.019156
39.292,0.020349
39.302,0.021522
39.312,0.022684
39.322,0.023823
39.332,0.024946
39.342,0.02605
39.352,0.027142
39.362,0.028205
39.372,0.029232
39.382,0.030237
39.392,0.031197
39.402,0.032134
39.412,0.033045
39.422,0.033927
39.432,0.034771
39.442,0.035567
39.452,0.036319
39.462,0.037031
39.472,0.037692
39.482,0.038316
39.492,0.038897
39.502,0.039414
39.512,0.039888
39.522,0.040313
39.532,0.040674
39.542,0.040988
39.552,0.041257
39.562,0.041472
39.572,0.041628
39.582,0.041723
39.592,0.041767
39.602,0.041756
39.612,0.041697
39.622,0.041588
39.632,0.041425
39.642,0.041199
39.652,0.040928
39.662,0.040594
39.672,0.040209
39.682,0.039779
39.692,0.039294
39.702,0.038755
39.712,0.03817
39.722,0.037542
39.732,0.036876
39.742,0.036166
39.752,0.035417
39.762,0.034631
39.772,0.033802
39.782,0.032945
39.792,0.032064
39.802,0.031162
39.812,0.030236
39.822,0.02929
39.832,0.028312
39.842,0.027311
39.852,0.026285
39.862,0.025245
39.872,0.024192
39.882,0.023126
39.892,0.022066
39.902,0.021003
39.912,0.019923
39.922,0.018852
39.932,0.017798
39.942,0.016739
39.952,0.015684
39.962,0.01464
39.972,0.013621
39.982,0.012618
39.992,0.011624
40.002,0.010643
40.012,0.0096927
40.022,0.0087548
40.032,0.0078444
40.042,0.00697
40.052,0.0061111
40.062,0.0052896
40.072,0.0045005
40.082,0.0037533
40.092,0.0030406
40.102,0.002362
40.112,0.0017235
40.122,0.0011059
40.132,0.00052508
40.142,-1.5885e-005
40.152,-0.00052472
40.162,-0.0009995
40.172,-0.0014429
40.182,-0.0018434
40.192,-0.0022064
40.202,-0.0025294
40.212,-0.002814
40.222,-0.0030585
40.232,-0.0032758
40.242,-0.003453
40.252,-0.0035903
40.262,-0.0036949
40.272,-0.0037685
40.282,-0.0038101
40.292,-0.0038096
40.302,-0.0037726
40.312,-0.0036991
40.322,-0.0035952
40.332,-0.0034685
40.342,-0.0032992
40.352,-0.0030943
40.362,-0.0028515
40.372,-0.0025811
40.382,-0.0022777
40.392,-0.0019476
40.402,-0.0015828
40.412,-0.0011957
40.422,-0.00078008
40.432,-0.00033302
40.442,0.00015249
40.451,0.00065896
40.461,0.0011924
40.471,0.0017598
40.481,0.0023488
40.491,0.0029617
40.501,0.0036004
40.511,0.004267
40.521,0.0049469
40.531,0.0056527
40.541,0.0063935
40.551,0.0071529
40.561,0.0079228
40.571,0.0087196
40.581,0.0095269
40.591,0.010354
40.601,0.0112
40.611,0.012062
40.621,0.012937
40.631,0.01384
40.641,0.014768
40.651,0.015696
40.661,0.016624
40.671,0.01758
40.681,0.018542
40.691,0.019512
40.701,0.020491
40.711,0.021479
40.721,0.022472
40.731,0.023469
40.741,0.024465
40.751,0.025468
40.761,0.026459
40.771,0.027441
40.781,0.028417
40.791,0.029386
40.801,0.030357
40.811,0.031318
40.821,0.032269
40.831,0.033207
40.841,0.034155
40.851,0.035078
40.861,0.035985
40.871,0.036873
40.881,0.037755
40.891,0.038629
40.901,0.039491
40.911,0.040323
40.921,0.041134
40.931,0.041928
40.941,0.0427
40.951,0.043445
40.961,0.044171
40.971,0.044872
40.981,0.045558
40.991,0.046221
41.001,0.046867
41.011,0.047483
41.021,0.048075
41.031,0.048646
41.041,0.049204
41.051,0.049738
41.061,0.050253
41.071,0.050758
41.081,0.051232
41.091,0.05168
41.101,0.052116
41.111,0.052537
41.121,0.052937
41.131,0.053324
41.141,0.053695
41.151,0.054048
41.161,0.054385
41.171,0.054712
41.181,0.055027
41.191,0.055328
41.201,0.055622
41.211,0.055898
41.221,0.056153
41.231,0.056411
41.241,0.056663
41.251,0.056889
41.261,0.057101
41.271,0.057299
41.281,0.057482
41.291,0.057656
41.301,0.057823
41.311,0.057964
41.321,0.058076
41.331,0.058176
41.341,0.058266
41.351,0.058347
41.361,0.058415
41.371,0.058471
41.381,0.058509
41.391,0.05853
41.401,0.058532
41.411,0.058525
41.421,0.058501
41.431,0.058464
41.441,0.05841
41.451,0.058338
41.461,0.05825
41.471,0.058155
41.481,0.058034
41.491,0.057879
41.501,0.05769
41.511,0.05748
41.521,0.057247
41.531,0.05699
41.541,0.056715
41.551,0.056423
41.561,0.056108
41.571,0.055781
41.581,0.055429
41.591,0.055065
41.601,0.05468
41.611,0.054274
41.621,0.053854
41.631,0.053423
41.641,0.052976
41.651,0.052509
41.661,0.052035
41.671,0.051553
41.681,0.051059
41.691,0.05056
41.701,0.050048
41.711,0.049527
41.721,0.04901
41.731,0.048489
41.741,0.047973
41.751,0.047465
41.761,0.046956
41.771,0.046456
41.781,0.045962
41.791,0.045468
41.801,0.044985
41.811,0.044517
41.821,0.044064
41.831,0.043624
41.841,0.043196
41.851,0.042779
41.861,0.042374
41.871,0.041984
41.881,0.041618
41.891,0.041266
41.901,0.040927
41.911,0.0406
41.921,0.040298
41.931,0.040003
41.941,0.039717
41.951,0.039456
41.961,0.039201
41.971,0.038952
41.981,0.038712
41.991,0.03849
42.001,0.038268
42.011,0.038055
42.021,0.037859
42.031,0.037668
42.041,0.037482
42.051,0.037292
42.061,0.037097
42.071,0.036901
42.081,0.036711
42.091,0.03652
42.101,0.036317
42.111,0.036113
42.121,0.035915
42.131,0.03571
42.141,0.035489
42.151,0.035264
42.161,0.035039
42.171,0.034806
42.181,0.034567
42.191,0.03431
42.201,0.034039
42.211,0.033757
42.221,0.033472
42.231,0.033163
42.241,0.032845
42.251,0.032514
42.261,0.032168
42.271,0.031815
42.281,0.031458
42.291,0.031089
42.301,0.030709
42.311,0.030314
42.321,0.029924
42.331,0.029527
42.341,0.029121
42.351,0.028722
42.361,0.028323
42.371,0.027921
42.381,0.027529
42.391,0.02714
42.401,0.026757
42.411,0.026389
42.421,0.026041
42.431,0.02571
42.441,0.025392
42.451,0.025099
42.461,0.024826
42.471,0.024567
42.481,0.024327
42.491,0.024113
42.501,0.023928
42.511,0.023773
42.521,0.023642
42.531,0.023549
42.541,0.023491
42.551,0.023468
42.561,0.023471
42.571,0.023493
42.581,0.023555
42.591,0.023648
42.601,0.02378
42.611,0.023971
42.621,0.024192
42.631,0.024439
42.64,0.024727
42.65,0.025043
42.66,0.025393
42.67,0.025788
42.68,0.026224
42.69,0.026692
42.7,0.027215
42.71,0.02777
42.72,0.028351
42.73,0.028974
42.74,0.029634
42.75,0.030318
42.76,0.031021
42.77,0.03176
42.78,0.032546
42.79,0.03335
42.8,0.034176
42.81,0.03501
42.82,0.035865
42.83,0.036736
42.84,0.037628
42.85,0.038519
42.86,0.039423
42.87,0.040336
42.88,0.041256
42.89,0.042188
42.9,0.043125
42.91,0.044065
42.92,0.045007
42.93,0.045955
42.94,0.046897
42.95,0.047841
42.96,0.04877
42.97,0.049689
42.98,0.050588
42.99,0.051473
43,0.052346
43.01,0.053192
43.02,0.054013
43.03,0.0548
43.04,0.05556
43.05,0.0563
43.06,0.056999
43.07,0.057664
43.08,0.058293
43.09,0.058884
43.1,0.059435
43.11,0.059937
43.12,0.060398
43.13,0.060811
43.14,0.061167
43.15,0.061487
43.16,0.061776
43.17,0.062022
43.18,0.062215
43.19,0.062366
43.2,0.062461
43.21,0.062501
43.22,0.062495
43.23,0.062434
43.24,0.062316
43.25,0.062151
43.26,0.061948
43.27,0.061701
43.28,0.061409
43.29,0.061061
43.3,0.060657
43.31,0.060212
43.32,0.059733
43.33,0.059206
43.34,0.058647
43.35,0.058061
43.36,0.057439
43.37,0.056792
43.38,0.056107
43.39,0.055397
43.4,0.054666
43.41,0.053907
43.42,0.053135
43.43,0.052337
43.44,0.051518
43.45,0.050689
43.46,0.049851
43.47,0.048995
43.48,0.048133
43.49,0.047269
43.5,0.046409
43.51,0.045539
43.52,0.044667
43.53,0.043812
43.54,0.042968
43.55,0.04212
43.56,0.041257
43.57,0.040413
43.58,0.039576
43.59,0.03874
43.6,0.037899
43.61,0.037062
43.62,0.036239
43.63,0.035426
43.64,0.034611
43.65,0.033802
43.66,0.032974
43.67,0.032157
43.68,0.031351
43.69,0.030544
43.7,0.029746
43.71,0.028943
43.72,0.028136
43.73,0.02732
43.74,0.026496
43.75,0.025652
43.76,0.024814
43.77,0.023962
43.78,0.023101
43.79,0.022229
43.8,0.021342
43.81,0.020466
43.82,0.019569
43.83,0.018673
43.84,0.017778
43.85,0.016888
43.86,0.015991
43.87,0.0151
43.88,0.014194
43.89,0.013297
43.9,0.012406
43.91,0.011493
43.92,0.010577
43.93,0.0096662
43.94,0.0087829
43.95,0.0079198
43.96,0.007058
43.97,0.0062263
43.98,0.005422
43.99,0.0046307
44,0.0038719
44.01,0.0031526
44.02,0.0024667
44.03,0.0018323
44.04,0.0012459
44.05,0.00069515
44.06,0.00019475
44.07,-0.00026608
44.08,-0.00066868
44.09,-0.0010126
44.1,-0.0012953
44.11,-0.0015333
44.12,-0.0017054
44.13,-0.0018169
44.14,-0.0018751
44.15,-0.0018627
44.16,-0.0017836
44.17,-0.0016387
44.18,-0.0014352
44.19,-0.0011672
44.2,-0.00082924
44.21,-0.00043031
44.22,4.8939e-005
44.23,0.00059316
44.24,0.0011943
44.25,0.0018602
44.26,0.0025797
44.27,0.0033514
44.28,0.0041805
44.29,0.0050562
44.3,0.0059689
44.31,0.0069332
44.32,0.0079382
44.33,0.0089917
44.34,0.010081
44.35,0.011188
44.36,0.012329
44.37,0.013505
44.38,0.014706
44.39,0.015935
44.4,0.017166
44.41,0.018395
44.42,0.019634
44.43,0.020889
44.44,0.022135
44.45,0.023371
44.46,0.024595
44.47,0.025794
44.48,0.026993
44.49,0.028166
44.5,0.029323
44.51,0.030457
44.52,0.031581
44.53,0.032663
44.54,0.033718
44.55,0.034732
44.56,0.035697
44.57,0.036631
44.58,0.037521
44.59,0.03837
44.6,0.039174
44.61,0.039939
44.62,0.040652
44.63,0.041293
44.64,0.041897
44.65,0.042448
44.66,0.042944
44.67,0.043381
44.68,0.043764
44.69,0.044082
44.7,0.044335
44.71,0.044534
44.72,0.044677
44.73,0.044759
44.74,0.044774
44.75,0.044723
44.76,0.044611
44.77,0.044435
44.78,0.044205
44.79,0.043915
44.8,0.043563
44.81,0.04313
44.82,0.042641
44.829,0.042089
44.839,0.041476
44.849,0.040806
44.859,0.040062
44.869,0.03927
44.879,0.038416
44.889,0.037521
44.899,0.036569
44.909,0.035571
44.919,0.034531
44.929,0.033435
44.939,0.032289
44.949,0.031083
44.959,0.029839
44.969,0.028548
44.979,0.027204
44.989,0.025845
44.999,0.024428
45.009,0.022987
45.019,0.021523
45.029,0.019979
45.039,0.01844
45.049,0.016862
45.059,0.015255
45.069,0.013629
45.079,0.011994
45.089,0.010335
45.099,0.0086528
45.109,0.006967
45.119,0.00529
45.129,0.0036159
45.139,0.0019258
45.149,0.00024157
45.159,-0.0014329
45.169,-0.003097
45.179,-0.0047853
45.189,-0.0064382
45.199,-0.0080893
45.209,-0.0097096
45.219,-0.011311
45.229,-0.012904
45.239,-0.014454
45.249,-0.015981
45.259,-0.017483
45.269,-0.018965
45.279,-0.020409
45.289,-0.021818
45.299,-0.02318
45.309,-0.024507
45.319,-0.025794
45.329,-0.027042
45.339,-0.028256
45.349,-0.029443
45.359,-0.030615
45.369,-0.031759
45.379,-0.032854
45.389,-0.033923
45.399,-0.034943
45.409,-0.035921
45.419,-0.036856
45.429,-0.03775
45.439,-0.038617
45.449,-0.039463
45.459,-0.040277
45.469,-0.041056
45.479,-0.041793
45.489,-0.042513
45.499,-0.043194
45.509,-0.04386
45.519,-0.044512
45.529,-0.045142
45.539,-0.045763
45.549,-0.046371
45.559,-0.046952
45.569,-0.047519
45.579,-0.04808
45.589,-0.048628
45.599,-0.049167
45.609,-0.049704
45.619,-0.050241
45.629,-0.050772
45.639,-0.051297
45.649,-0.051816
45.659,-0.052346
45.669,-0.052863
45.679,-0.053388
45.689,-0.05392
45.699,-0.054452
45.709,-0.054994
45.719,-0.055553
45.729,-0.056099
45.739,-0.056649
45.749,-0.057196
45.759,-0.057747
45.769,-0.058283
45.779,-0.0588
45.789,-0.059309
45.799,-0.059819
45.809,-0.060312
45.819,-0.060795
45.829,-0.061266
45.839,-0.061718
45.849,-0.062143
45.859,-0.062566
45.869,-0.062964
45.879,-0.063348
45.889,-0.063698
45.899,-0.064033
45.909,-0.064329
45.919,-0.064601
45.929,-0.06484
45.939,-0.065046
45.949,-0.06522
45.959,-0.065371
45.969,-0.065467
45.979,-0.065524
45.989,-0.065533
45.999,-0.065496
46.009,-0.065419
46.019,-0.065311
46.029,-0.06517
46.039,-0.064985
46.049,-0.064748
46.059,-0.064463
46.069,-0.064139
46.079,-0.063772
46.089,-0.063352
46.099,-0.062897
46.109,-0.062397
46.119,-0.061857
46.129,-0.061273
46.139,-0.060652
46.149,-0.060006
46.159,-0.059321
46.169,-0.058584
46.179,-0.057828
46.189,-0.057036
46.199,-0.056205
46.209,-0.055371
46.219,-0.0545
46.229,-0.053619
46.239,-0.052709
46.249,-0.051792
46.259,-0.05088
46.269,-0.049963
46.279,-0.049045
46.289,-0.048149
46.299,-0.047258
46.309,-0.046388
46.319,-0.045524
46.329,-0.044685
46.339,-0.043869
46.349,-0.043069
46.359,-0.042297
46.369,-0.041579
46.379,-0.040878
46.389,-0.040209
46.399,-0.039577
46.409,-0.038984
46.419,-0.038426
46.429,-0.037922
46.439,-0.037465
46.449,-0.037072
46.459,-0.036742
46.469,-0.036479
46.479,-0.036264
46.489,-0.036106
46.499,-0.036016
46.509,-0.035962
46.519,-0.03597
46.529,-0.03605
46.539,-0.036183
46.549,-0.036371
46.559,-0.036627
46.569,-0.036949
46.579,-0.03733
46.589,-0.037742
46.599,-0.038195
46.609,-0.038706
46.619,-0.039277
46.629,-0.039894
46.639,-0.040545
46.649,-0.041229
46.659,-0.041958
46.669,-0.042727
46.679,-0.04352
46.689,-0.044333
46.699,-0.045154
46.709,-0.045984
46.719,-0.046817
46.729,-0.047654
46.739,-0.048483
46.749,-0.04934
46.759,-0.050172
46.769,-0.050997
46.779,-0.051805
46.789,-0.052621
46.799,-0.053411
46.809,-0.054176
46.819,-0.054899
46.829,-0.055601
46.839,-0.056253
46.849,-0.05686
46.859,-0.057413
46.869,-0.057934
46.879,-0.058421
46.889,-0.058858
46.899,-0.059242
46.909,-0.059581
46.919,-0.059884
46.929,-0.060147
46.939,-0.060355
46.949,-0.060508
46.959,-0.06062
46.969,-0.060687
46.979,-0.060722
46.989,-0.060724
46.999,-0.060688
47.008,-0.060611
47.018,-0.060485
47.028,-0.060352
47.038,-0.060178
47.048,-0.059987
47.058,-0.05979
47.068,-0.059557
47.078,-0.059304
47.088,-0.059037
47.098,-0.05878
47.108,-0.058532
47.118,-0.058256
47.128,-0.057987
47.138,-0.057734
47.148,-0.057455
47.158,-0.057211
47.168,-0.056978
47.178,-0.056768
47.188,-0.05656
47.198,-0.056411
47.208,-0.056266
47.218,-0.05614
47.228,-0.056052
47.238,-0.056008
47.248,-0.05601
47.258,-0.056067
47.268,-0.056174
47.278,-0.056331
47.288,-0.056519
47.298,-0.056751
47.308,-0.057015
47.318,-0.057333
47.328,-0.057681
47.338,-0.058078
47.348,-0.058524
47.358,-0.059013
47.368,-0.059552
47.378,-0.060121
47.388,-0.060756
47.398,-0.061439
47.408,-0.062144
47.418,-0.062865
47.428,-0.063606
47.438,-0.064369
47.448,-0.065143
47.458,-0.06592
47.468,-0.066702
47.478,-0.067493
47.488,-0.068294
47.498,-0.069074
47.508,-0.069863
47.518,-0.070637
47.528,-0.071409
47.538,-0.072128
47.548,-0.07284
47.558,-0.073537
47.568,-0.074186
47.578,-0.074819
47.588,-0.0754
47.598,-0.075949
47.608,-0.076437
47.618,-0.07687
47.628,-0.077252
47.638,-0.077554
47.648,-0.077773
47.658,-0.077947
47.668,-0.078053
47.678,-0.078075
47.688,-0.078039
47.698,-0.077944
47.708,-0.077782
47.718,-0.07755
47.728,-0.077233
47.738,-0.07683
47.748,-0.07635
47.758,-0.075792
47.768,-0.075144
47.778,-0.074435
47.788,-0.073658
47.798,-0.072823
47.808,-0.071907
47.818,-0.070909
47.828,-0.069849
47.838,-0.068727
47.848,-0.067529
47.858,-0.066269
47.868,-0.064964
47.878,-0.063574
47.888,-0.062143
47.898,-0.060655
47.908,-0.059108
47.918,-0.057503
47.928,-0.055859
47.938,-0.054153
47.948,-0.052439
47.958,-0.050699
47.968,-0.048956
47.978,-0.047169
47.988,-0.045384
47.998,-0.043557
48.008,-0.041706
48.018,-0.039829
48.028,-0.037967
48.038,-0.036104
48.048,-0.034237
48.058,-0.03237
48.068,-0.030491
48.078,-0.028605
48.088,-0.026758
48.098,-0.024927
48.108,-0.023128
48.118,-0.021334
48.128,-0.019578
48.138,-0.017817
48.148,-0.016086
48.158,-0.014362
48.168,-0.012659
48.178,-0.01101
48.188,-0.0093969
48.198,-0.007826
48.208,-0.0062936
48.218,-0.0048025
48.228,-0.0033392
48.238,-0.0019232
48.248,-0.00059419
48.258,0.00070229
48.268,0.0019303
48.278,0.0031282
48.288,0.004279
48.298,0.0053792
48.308,0.0064399
48.318,0.0074342
48.328,0.0083506
48.338,0.0092181
48.348,0.010052
48.358,0.010831
48.368,0.011519
48.378,0.012157
48.388,0.012734
48.398,0.013296
48.408,0.013786
48.418,0.014229
48.428,0.014635
48.438,0.014975
48.448,0.015261
48.458,0.015501
48.468,0.015677
48.478,0.015808
48.488,0.015891
48.498,0.0159
48.508,0.01587
48.518,0.01578
48.528,0.015652
48.538,0.015484
48.548,0.015253
48.558,0.015
48.568,0.0147
48.578,0.014348
48.588,0.013945
48.598,0.013475
48.608,0.01298
48.618,0.012436
48.628,0.011867
48.638,0.011267
48.648,0.010652
48.658,0.0099881
48.668,0.0093207
48.678,0.008617
48.688,0.0078876
48.698,0.0071197
48.708,0.0063393
48.718,0.0055207
48.728,0.0046971
48.738,0.0038388
48.748,0.0029976
48.758,0.0021756
48.768,0.0013174
48.778,0.00043517
48.788,-0.00039084
48.798,-0.0012379
48.808,-0.0021013
48.818,-0.0029521
48.828,-0.0037877
48.838,-0.0046488
48.848,-0.0054676
48.858,-0.0062803
48.868,-0.0070908
48.878,-0.0078946
48.888,-0.0086734
48.898,-0.0094658
48.908,-0.010216
48.918,-0.010929
48.928,-0.011632
48.938,-0.012315
48.948,-0.012987
48.958,-0.013641
48.968,-0.014255
48.978,-0.014869
48.988,-0.015469
48.998,-0.01598
49.008,-0.016487
49.018,-0.016964
49.028,-0.017406
49.038,-0.017823
49.048,-0.018201
49.058,-0.018513
49.068,-0.018832
49.078,-0.019099
49.088,-0.019327
49.098,-0.019498
49.108,-0.019639
49.118,-0.019739
49.128,-0.019795
49.138,-0.019828
49.148,-0.019828
49.158,-0.019808
49.168,-0.019776
49.178,-0.019684
49.188,-0.019553
49.197,-0.019392
49.207,-0.019188
49.217,-0.018888
49.227,-0.018613
49.237,-0.018314
49.247,-0.017963
49.257,-0.017572
49.267,-0.017112
49.277,-0.016604
49.287,-0.016075
49.297,-0.015508
49.307,-0.014904
49.317,-0.014282
49.327,-0.013617
49.337,-0.012941
49.347,-0.012181
49.357,-0.011367
49.367,-0.010522
49.377,-0.0096015
49.387,-0.0086658
49.397,-0.0077075
49.407,-0.0067446
49.417,-0.0057368
49.427,-0.0047425
49.437,-0.0037159
49.447,-0.0026293
49.457,-0.0015118
49.467,-0.00032214
49.477,0.0008152
49.487,0.0019997
49.497,0.0032318
49.507,0.0044685
49.517,0.0057874
49.527,0.0070555
49.537,0.0083752
49.547,0.0096724
49.557,0.011005
49.567,0.012264
49.577,0.013627
49.587,0.014903
49.597,0.01623
49.607,0.017436
49.617,0.018665
49.627,0.019827
49.637,0.020979
49.647,0.022064
49.657,0.023033
49.667,0.024044
49.677,0.024933
49.687,0.025774
49.697,0.026587
49.707,0.027321
49.717,0.027972
49.727,0.028434
49.737,0.028956
49.747,0.029396
49.757,0.029652
49.767,0.02989
49.777,0.030075
49.787,0.030119
49.797,0.029959
49.807,0.0297
49.817,0.029368
49.827,0.028968
49.837,0.028507
49.847,0.027989
49.857,0.027288
49.867,0.026605
49.877,0.025717
49.887,0.024653
49.897,0.023775
49.907,0.022704
49.917,0.02147
49.927,0.020188
49.937,0.018863
49.947,0.01715
49.957,0.014427
49.967,0.0088967
