0,0.00041181
0.010007,-0.0034097
0.020014,-0.0037246
0.03002,-0.0038556
0.040027,-0.003954
0.050034,-0.0040274
0.060041,-0.0041182
0.070048,-0.0042404
0.080054,-0.0043122
0.090061,-0.0043494
0.10007,-0.0043879
0.11007,-0.0044198
0.12008,-0.0044641
0.13009,-0.0045298
0.1401,-0.0046308
0.1501,-0.0047064
0.16011,-0.0047716
0.17012,-0.0048997
0.18012,-0.004997
0.19013,-0.005065
0.20014,-0.0051526
0.21014,-0.0052211
0.22015,-0.0052735
0.23016,-0.0053131
0.24016,-0.0053607
0.25017,-0.0054305
0.26018,-0.0054702
0.27018,-0.0055555
0.28019,-0.0056365
0.2902,-0.0057197
0.3002,-0.005808
0.31021,-0.0058643
0.32022,-0.0058863
0.33022,-0.0059182
0.34023,-0.005968
0.35024,-0.0060891
0.36024,-0.0061982
0.37025,-0.0062702
0.38026,-0.0062873
0.39026,-0.0062683
0.40027,-0.0063091
0.41028,-0.0063931
0.42029,-0.0064837
0.43029,-0.0065656
0.4403,-0.0066233
0.45031,-0.0066855
0.46031,-0.0067344
0.47032,-0.0067911
0.48033,-0.0068134
0.49033,-0.0068515
0.50034,-0.0069124
0.51035,-0.0069751
0.52035,-0.0070216
0.53036,-0.0070516
0.54037,-0.0070928
0.55037,-0.0071272
0.56038,-0.0071731
0.57039,-0.0072294
0.58039,-0.0072626
0.5904,-0.007324
0.60041,-0.0073702
0.61041,-0.0074094
0.62042,-0.0074637
0.63043,-0.0075048
0.64043,-0.0075389
0.65044,-0.007579
0.66045,-0.0076214
0.67045,-0.0076786
0.68046,-0.0077372
0.69047,-0.0078041
0.70048,-0.0078649
0.71048,-0.0079188
0.72049,-0.0079705
0.7305,-0.0080363
0.7405,-0.0080922
0.75051,-0.0081357
0.76052,-0.0081512
0.77052,-0.0081718
0.78053,-0.0082032
0.79054,-0.008255
0.80054,-0.0082912
0.81055,-0.0083242
0.82056,-0.008346
0.83056,-0.0084068
0.84057,-0.0084721
0.85058,-0.0085058
0.86058,-0.0085517
0.87059,-0.0085819
0.8806,-0.0086007
0.8906,-0.0086217
0.90061,-0.0086346
0.91062,-0.0086373
0.92062,-0.0086634
0.93063,-0.0086893
0.94064,-0.0087408
0.95064,-0.0088056
0.96065,-0.0088618
0.97066,-0.0088828
0.98067,-0.0088991
0.99067,-0.0089329
1.0007,-0.0089645
1.0107,-0.0090079
1.0207,-0.009068
1.0307,-0.0091261
1.0407,-0.0091762
1.0507,-0.0092236
1.0607,-0.0092588
1.0707,-0.0092993
1.0807,-0.0093408
1.0907,-0.0093692
1.1007,-0.0094013
1.1108,-0.0094493
1.1208,-0.0094911
1.1308,-0.0095461
1.1408,-0.0095783
1.1508,-0.0095929
1.1608,-0.0096064
1.1708,-0.0096379
1.1808,-0.0096349
1.1908,-0.0096426
1.2008,-0.0096938
1.2108,-0.0097214
1.2208,-0.0097296
1.2308,-0.0097282
1.2408,-0.0097415
1.2508,-0.0097474
1.2609,-0.0097558
1.2709,-0.0097663
1.2809,-0.0097612
1.2909,-0.0097849
1.3009,-0.0098032
1.3109,-0.009824
1.3209,-0.009833
1.3309,-0.009872
1.3409,-0.0098983
1.3509,-0.0099309
1.3609,-0.0099671
1.3709,-0.0099887
1.3809,-0.010006
1.3909,-0.010046
1.401,-0.010076
1.411,-0.010076
1.421,-0.010087
1.431,-0.010074
1.441,-0.010077
1.451,-0.010077
1.461,-0.010075
1.471,-0.010054
1.481,-0.010021
1.491,-0.010005
1.501,-0.0099981
1.511,-0.01002
1.521,-0.010055
1.531,-0.010092
1.541,-0.010125
1.5511,-0.010173
1.5611,-0.010235
1.5711,-0.010281
1.5811,-0.010314
1.5911,-0.010348
1.6011,-0.010384
1.6111,-0.010406
1.6211,-0.010431
1.6311,-0.01047
1.6411,-0.010481
1.6511,-0.010483
1.6611,-0.010506
1.6711,-0.010523
1.6811,-0.010554
1.6911,-0.010591
1.7012,-0.010607
1.7112,-0.010623
1.7212,-0.010648
1.7312,-0.01065
1.7412,-0.010654
1.7512,-0.010687
1.7612,-0.010711
1.7712,-0.010726
1.7812,-0.010726
1.7912,-0.010752
1.8012,-0.010763
1.8112,-0.010759
1.8212,-0.010766
1.8312,-0.010768
1.8412,-0.010732
1.8513,-0.010721
1.8613,-0.010708
1.8713,-0.010708
1.8813,-0.010706
1.8913,-0.010698
1.9013,-0.010698
1.9113,-0.010704
1.9213,-0.010704
1.9313,-0.010693
1.9413,-0.010689
1.9513,-0.010655
1.9613,-0.010632
1.9713,-0.010617
1.9813,-0.010593
1.9914,-0.010573
2.0014,-0.010553
2.0114,-0.010549
2.0214,-0.010553
2.0314,-0.010549
2.0414,-0.010541
2.0514,-0.010523
2.0614,-0.010511
2.0714,-0.010498
2.0814,-0.010464
2.0914,-0.010439
2.1014,-0.0104
2.1114,-0.010391
2.1214,-0.010387
2.1314,-0.010374
2.1415,-0.010366
2.1515,-0.010349
2.1615,-0.01034
2.1715,-0.010314
2.1815,-0.010305
2.1915,-0.010285
2.2015,-0.010251
2.2115,-0.010227
2.2215,-0.010203
2.2315,-0.010177
2.2415,-0.010155
2.2515,-0.010129
2.2615,-0.010093
2.2715,-0.010064
2.2815,-0.010021
2.2916,-0.010006
2.3016,-0.0099983
2.3116,-0.0099748
2.3216,-0.0099319
2.3316,-0.009891
2.3416,-0.0098335
2.3516,-0.009767
2.3616,-0.0097033
2.3716,-0.0096347
2.3816,-0.009559
2.3916,-0.0094873
2.4016,-0.0094162
2.4116,-0.0093553
2.4216,-0.0092906
2.4316,-0.0092387
2.4417,-0.0091936
2.4517,-0.0091479
2.4617,-0.0091017
2.4717,-0.0090482
2.4817,-0.0090085
2.4917,-0.0089405
2.5017,-0.0088648
2.5117,-0.0088003
2.5217,-0.008734
2.5317,-0.0086701
2.5417,-0.0085944
2.5517,-0.0085125
2.5617,-0.0084184
2.5717,-0.0083278
2.5818,-0.0082369
2.5918,-0.0081579
2.6018,-0.008096
2.6118,-0.0080306
2.6218,-0.0079719
2.6318,-0.0079079
2.6418,-0.0078261
2.6518,-0.007741
2.6618,-0.0076692
2.6718,-0.0075933
2.6818,-0.0075031
2.6918,-0.0074156
2.7018,-0.0073276
2.7118,-0.0072347
2.7218,-0.0071625
2.7319,-0.0071008
2.7419,-0.0070427
2.7519,-0.0069705
2.7619,-0.0068916
2.7719,-0.0068214
2.7819,-0.0067441
2.7919,-0.0066817
2.8019,-0.0066186
2.8119,-0.0065385
2.8219,-0.006482
2.8319,-0.0064125
2.8419,-0.0063348
2.8519,-0.0062648
2.8619,-0.0061869
2.8719,-0.0061096
2.882,-0.0060208
2.892,-0.0059581
2.902,-0.0058899
2.912,-0.0058106
2.922,-0.0057456
2.932,-0.005658
2.942,-0.0055858
2.952,-0.0055197
2.962,-0.005453
2.972,-0.0053895
2.982,-0.0053259
2.992,-0.0052533
3.002,-0.0051854
3.012,-0.0051334
3.0221,-0.0050759
3.0321,-0.0050172
3.0421,-0.0049671
3.0521,-0.004909
3.0621,-0.0048537
3.0721,-0.004799
3.0821,-0.0047285
3.0921,-0.004655
3.1021,-0.0045908
3.1121,-0.0045264
3.1221,-0.0044572
3.1321,-0.0043983
3.1421,-0.0043427
3.1521,-0.0042739
3.1621,-0.0042127
3.1722,-0.004158
3.1822,-0.0041043
3.1922,-0.0040372
3.2022,-0.0039859
3.2122,-0.0039333
3.2222,-0.003874
3.2322,-0.0038262
3.2422,-0.0037873
3.2522,-0.0037523
3.2622,-0.0037112
3.2722,-0.003682
3.2822,-0.0036549
3.2922,-0.0036365
3.3022,-0.0036156
3.3122,-0.0035912
3.3223,-0.003549
3.3323,-0.0035302
3.3423,-0.0035144
3.3523,-0.0034785
3.3623,-0.0034658
3.3723,-0.0034515
3.3823,-0.0034347
3.3923,-0.0034113
3.4023,-0.0033947
3.4123,-0.0033713
3.4223,-0.0033573
3.4323,-0.0033421
3.4423,-0.0033256
3.4523,-0.003308
3.4623,-0.0032928
3.4724,-0.0032944
3.4824,-0.0032863
3.4924,-0.0032897
3.5024,-0.0032927
3.5124,-0.0032855
3.5224,-0.0032765
3.5324,-0.003265
3.5424,-0.0032502
3.5524,-0.0032606
3.5624,-0.0032613
3.5724,-0.0032525
3.5824,-0.0032465
3.5924,-0.0032414
3.6024,-0.0032531
3.6125,-0.0032553
3.6225,-0.0032593
3.6325,-0.0032651
3.6425,-0.0032646
3.6525,-0.0032634
3.6625,-0.0032635
3.6725,-0.0032689
3.6825,-0.0032864
3.6925,-0.0033045
3.7025,-0.0033244
3.7125,-0.0033438
3.7225,-0.0033681
3.7325,-0.0033876
3.7425,-0.0034111
3.7525,-0.0034305
3.7626,-0.0034337
3.7726,-0.003436
3.7826,-0.003439
3.7926,-0.003455
3.8026,-0.0034719
3.8126,-0.0034764
3.8226,-0.0034944
3.8326,-0.0035066
3.8426,-0.0035286
3.8526,-0.003558
3.8626,-0.0035972
3.8726,-0.0036218
3.8826,-0.0036632
3.8926,-0.0036953
3.9026,-0.0037289
3.9127,-0.0037572
3.9227,-0.0037883
3.9327,-0.0038153
3.9427,-0.0038225
3.9527,-0.0038342
3.9627,-0.0038497
3.9727,-0.0038624
3.9827,-0.00387
3.9927,-0.0038768
4.0027,-0.0038874
4.0127,-0.0038989
4.0227,-0.003924
4.0327,-0.0039438
4.0427,-0.0039519
4.0527,-0.003976
4.0628,-0.003984
4.0728,-0.0039915
4.0828,-0.0039837
4.0928,-0.0039824
4.1028,-0.003995
4.1128,-0.0039974
4.1228,-0.0039988
4.1328,-0.0039972
4.1428,-0.0039989
4.1528,-0.0039939
4.1628,-0.0040043
4.1728,-0.0039965
4.1828,-0.0039951
4.1928,-0.003986
4.2029,-0.0039664
4.2129,-0.0039562
4.2229,-0.0039679
4.2329,-0.0039658
4.2429,-0.0039792
4.2529,-0.0039787
4.2629,-0.0039769
4.2729,-0.003968
4.2829,-0.0039676
4.2929,-0.0039561
4.3029,-0.0039548
4.3129,-0.0039623
4.3229,-0.0039671
4.3329,-0.003968
4.3429,-0.0039647
4.353,-0.0039634
4.363,-0.0039634
4.373,-0.0039591
4.383,-0.0039455
4.393,-0.0039159
4.403,-0.0038848
4.413,-0.0038643
4.423,-0.0038386
4.433,-0.0038064
4.443,-0.003783
4.453,-0.0037565
4.463,-0.0037226
4.473,-0.0036945
4.483,-0.0036551
4.493,-0.0036351
4.5031,-0.003602
4.5131,-0.0035594
4.5231,-0.0035137
4.5331,-0.0034719
4.5431,-0.003434
4.5531,-0.0034006
4.5631,-0.0033626
4.5731,-0.0033195
4.5831,-0.0032835
4.5931,-0.0032428
4.6031,-0.003198
4.6131,-0.0031563
4.6231,-0.0031147
4.6331,-0.0030513
4.6432,-0.0029776
4.6532,-0.0029125
4.6632,-0.0028411
4.6732,-0.0027621
4.6832,-0.0026816
4.6932,-0.0026026
4.7032,-0.0025248
4.7132,-0.0024433
4.7232,-0.0023659
4.7332,-0.0022855
4.7432,-0.0022102
4.7532,-0.002148
4.7632,-0.0020866
4.7732,-0.0020305
4.7832,-0.0019672
4.7933,-0.001911
4.8033,-0.0018543
4.8133,-0.0017891
4.8233,-0.001722
4.8333,-0.0016494
4.8433,-0.0015796
4.8533,-0.00151
4.8633,-0.0014466
4.8733,-0.0013801
4.8833,-0.0013127
4.8933,-0.0012409
4.9033,-0.0011684
4.9133,-0.0010946
4.9233,-0.001021
4.9333,-0.00095012
4.9434,-0.00087103
4.9534,-0.00079544
4.9634,-0.00073189
4.9734,-0.00065618
4.9834,-0.0005734
4.9934,-0.00049709
5.0034,-0.00040664
5.0134,-0.00031272
5.0234,-0.00022807
5.0334,-0.00012605
5.0434,-3.5746e-005
5.0534,5.008e-005
5.0634,0.00013073
5.0734,0.00021574
5.0834,0.00030795
5.0935,0.00041465
5.1035,0.00052439
5.1135,0.0006422
5.1235,0.00074573
5.1335,0.00085828
5.1435,0.00096095
5.1535,0.0010665
5.1635,0.0011733
5.1735,0.0012737
5.1835,0.0013697
5.1935,0.0014587
5.2035,0.0015504
5.2135,0.0016355
5.2235,0.001727
5.2336,0.0018174
5.2436,0.001914
5.2536,0.0020192
5.2636,0.0021208
5.2736,0.0022152
5.2836,0.0022999
5.2936,0.0023932
5.3036,0.0024845
5.3136,0.0025875
5.3236,0.002697
5.3336,0.0027873
5.3436,0.0028878
5.3536,0.0029977
5.3636,0.0030943
5.3736,0.0031958
5.3837,0.0033064
5.3937,0.0034104
5.4037,0.0035005
5.4137,0.0036048
5.4237,0.0037095
5.4337,0.0037987
5.4437,0.0038952
5.4537,0.004006
5.4637,0.0041085
5.4737,0.0042033
5.4837,0.0043019
5.4937,0.0043961
5.5037,0.0045001
5.5137,0.0046092
5.5237,0.004707
5.5338,0.0048018
5.5438,0.004893
5.5538,0.0049788
5.5638,0.0050826
5.5738,0.005182
5.5838,0.0052764
5.5938,0.0053684
5.6038,0.0054475
5.6138,0.0055241
5.6238,0.0056094
5.6338,0.0056914
5.6438,0.0057675
5.6538,0.0058522
5.6638,0.0059351
5.6738,0.0060223
5.6839,0.0061123
5.6939,0.0062056
5.7039,0.0062985
5.7139,0.0063919
5.7239,0.0064923
5.7339,0.0065883
5.7439,0.0066933
5.7539,0.0067947
5.7639,0.0068858
5.7739,0.0069754
5.7839,0.0070666
5.7939,0.007162
5.8039,0.0072612
5.8139,0.0073523
5.824,0.0074364
5.834,0.0075108
5.844,0.0075913
5.854,0.0076799
5.864,0.0077646
5.874,0.0078444
5.884,0.0079174
5.894,0.0079829
5.904,0.0080562
5.914,0.0081269
5.924,0.0082011
5.934,0.0082745
5.944,0.0083553
5.954,0.0084284
5.964,0.0085011
5.9741,0.0085786
5.9841,0.008651
5.9941,0.0087255
6.0041,0.0087998
6.0141,0.0088744
6.0241,0.0089351
6.0341,0.0090035
6.0441,0.0090704
6.0541,0.0091251
6.0641,0.0091837
6.0741,0.0092458
6.0841,0.0093093
6.0941,0.0093744
6.1041,0.0094522
6.1141,0.0095083
6.1242,0.0095739
6.1342,0.0096381
6.1442,0.0096987
6.1542,0.009766
6.1642,0.0098288
6.1742,0.0098932
6.1842,0.0099608
6.1942,0.010027
6.2042,0.010088
6.2142,0.010157
6.2242,0.010232
6.2342,0.010296
6.2442,0.010355
6.2542,0.010412
6.2643,0.010457
6.2743,0.010503
6.2843,0.010554
6.2943,0.010613
6.3043,0.010667
6.3143,0.010714
6.3243,0.010764
6.3343,0.010818
6.3443,0.010869
6.3543,0.010915
6.3643,0.010965
6.3743,0.011019
6.3843,0.011068
6.3943,0.011115
6.4043,0.011162
6.4144,0.011212
6.4244,0.01125
6.4344,0.011282
6.4444,0.011325
6.4544,0.011354
6.4644,0.01139
6.4744,0.011429
6.4844,0.011469
6.4944,0.011507
6.5044,0.011541
6.5144,0.011582
6.5244,0.011612
6.5344,0.011647
6.5444,0.011678
6.5544,0.011713
6.5645,0.011739
6.5745,0.011767
6.5845,0.0118
6.5945,0.011833
6.6045,0.011862
6.6145,0.011891
6.6245,0.011918
6.6345,0.01195
6.6445,0.011994
6.6545,0.012034
6.6645,0.012062
6.6745,0.012092
6.6845,0.012121
6.6945,0.012157
6.7045,0.012181
6.7146,0.012195
6.7246,0.012215
6.7346,0.012241
6.7446,0.012276
6.7546,0.012313
6.7646,0.012351
6.7746,0.012386
6.7846,0.012414
6.7946,0.012451
6.8046,0.012483
6.8146,0.012515
6.8246,0.012544
6.8346,0.012562
6.8446,0.012582
6.8547,0.012605
6.8647,0.012647
6.8747,0.012682
6.8847,0.012706
6.8947,0.012739
6.9047,0.01277
6.9147,0.0128
6.9247,0.012825
6.9347,0.012857
6.9447,0.012892
6.9547,0.012928
6.9647,0.012966
6.9747,0.013008
6.9847,0.013039
6.9947,0.013067
7.0048,0.013102
7.0148,0.013137
7.0248,0.013183
7.0348,0.013221
7.0448,0.01326
7.0548,0.01329
7.0648,0.013324
7.0748,0.013364
7.0848,0.013401
7.0948,0.013443
7.1048,0.013478
7.1148,0.013495
7.1248,0.013526
7.1348,0.013564
7.1448,0.013597
7.1549,0.01363
7.1649,0.013661
7.1749,0.013706
7.1849,0.013754
7.1949,0.013792
7.2049,0.013829
7.2149,0.013858
7.2249,0.01389
7.2349,0.013912
7.2449,0.013941
7.2549,0.013974
7.2649,0.013994
7.2749,0.014026
7.2849,0.014051
7.2949,0.014073
7.305,0.014094
7.315,0.014113
7.325,0.014127
7.335,0.01415
7.345,0.014174
7.355,0.014205
7.365,0.014238
7.375,0.014275
7.385,0.014311
7.395,0.014355
7.405,0.014394
7.415,0.01443
7.425,0.014462
7.435,0.014488
7.4451,0.014514
7.4551,0.014558
7.4651,0.014594
7.4751,0.014634
7.4851,0.014676
7.4951,0.01472
7.5051,0.014761
7.5151,0.014805
7.5251,0.014846
7.5351,0.014879
7.5451,0.014909
7.5551,0.014938
7.5651,0.014967
7.5751,0.014993
7.5851,0.015032
7.5952,0.01508
7.6052,0.015125
7.6152,0.015168
7.6252,0.015208
7.6352,0.015238
7.6452,0.015276
7.6552,0.015306
7.6652,0.015333
7.6752,0.015363
7.6852,0.015399
7.6952,0.01543
7.7052,0.015459
7.7152,0.015476
7.7252,0.015497
7.7352,0.015528
7.7453,0.015564
7.7553,0.015598
7.7653,0.015632
7.7753,0.015671
7.7853,0.015702
7.7953,0.015744
7.8053,0.015783
7.8153,0.015817
7.8253,0.015852
7.8353,0.015876
7.8453,0.01591
7.8553,0.015951
7.8653,0.015988
7.8753,0.016031
7.8853,0.01607
7.8954,0.016092
7.9054,0.016115
7.9154,0.016145
7.9254,0.016176
7.9354,0.016221
7.9454,0.016266
7.9554,0.016309
7.9654,0.016349
7.9754,0.016392
7.9854,0.016428
7.9954,0.016466
8.0054,0.016505
8.0154,0.016551
8.0254,0.01659
8.0355,0.016618
8.0455,0.016661
8.0555,0.016694
8.0655,0.01672
8.0755,0.016744
8.0855,0.016767
8.0955,0.016792
8.1055,0.016815
8.1155,0.016838
8.1255,0.016879
8.1355,0.016912
8.1455,0.016942
8.1555,0.016981
8.1655,0.017012
8.1755,0.017033
8.1856,0.017061
8.1956,0.017079
8.2056,0.017105
8.2156,0.017142
8.2256,0.017168
8.2356,0.017189
8.2456,0.017216
8.2556,0.01724
8.2656,0.017262
8.2756,0.017282
8.2856,0.0173
8.2956,0.017316
8.3056,0.017329
8.3156,0.017342
8.3256,0.017355
8.3357,0.017358
8.3457,0.017368
8.3557,0.017389
8.3657,0.017399
8.3757,0.017405
8.3857,0.017417
8.3957,0.017432
8.4057,0.017441
8.4157,0.017454
8.4257,0.017466
8.4357,0.017479
8.4457,0.017498
8.4557,0.017515
8.4657,0.01753
8.4758,0.017529
8.4858,0.017531
8.4958,0.01753
8.5058,0.017539
8.5158,0.017533
8.5258,0.017532
8.5358,0.017526
8.5458,0.017522
8.5558,0.017507
8.5658,0.017501
8.5758,0.017501
8.5858,0.017505
8.5958,0.017515
8.6058,0.017526
8.6158,0.017529
8.6259,0.017528
8.6359,0.01752
8.6459,0.017512
8.6559,0.017511
8.6659,0.017511
8.6759,0.017506
8.6859,0.017498
8.6959,0.017493
8.7059,0.017483
8.7159,0.017481
8.7259,0.017477
8.7359,0.017466
8.7459,0.017466
8.7559,0.017477
8.7659,0.017481
8.776,0.01748
8.786,0.017479
8.796,0.017471
8.806,0.017463
8.816,0.017456
8.826,0.017453
8.836,0.017454
8.846,0.017445
8.856,0.017437
8.866,0.017425
8.876,0.017419
8.886,0.017422
8.896,0.017423
8.906,0.017422
8.916,0.017428
8.9261,0.017445
8.9361,0.017444
8.9461,0.01744
8.9561,0.017445
8.9661,0.017453
8.9761,0.017457
8.9861,0.017454
8.9961,0.017455
9.0061,0.017448
9.0161,0.017443
9.0261,0.017442
9.0361,0.017445
9.0461,0.017445
9.0561,0.017456
9.0662,0.017469
9.0762,0.017477
9.0862,0.017479
9.0962,0.017471
9.1062,0.017463
9.1162,0.017469
9.1262,0.017476
9.1362,0.01748
9.1462,0.017483
9.1562,0.01749
9.1662,0.017483
9.1762,0.017478
9.1862,0.017477
9.1962,0.017478
9.2062,0.017469
9.2163,0.01746
9.2263,0.01745
9.2363,0.017442
9.2463,0.017439
9.2563,0.017434
9.2663,0.017428
9.2763,0.017424
9.2863,0.017424
9.2963,0.017418
9.3063,0.017413
9.3163,0.017405
9.3263,0.017389
9.3363,0.017377
9.3463,0.017368
9.3563,0.017354
9.3664,0.017339
9.3764,0.017321
9.3864,0.017304
9.3964,0.017284
9.4064,0.017277
9.4164,0.017266
9.4264,0.017254
9.4364,0.017237
9.4464,0.017218
9.4564,0.017207
9.4664,0.0172
9.4764,0.017174
9.4864,0.017154
9.4964,0.017137
9.5064,0.017117
9.5165,0.017087
9.5265,0.017062
9.5365,0.017036
9.5465,0.017011
9.5565,0.016984
9.5665,0.016947
9.5765,0.016902
9.5865,0.01687
9.5965,0.016827
9.6065,0.016772
9.6165,0.016716
9.6265,0.016663
9.6365,0.016607
9.6465,0.016543
9.6566,0.016476
9.6666,0.016405
9.6766,0.016328
9.6866,0.016248
9.6966,0.016171
9.7066,0.016091
9.7166,0.015999
9.7266,0.015917
9.7366,0.015832
9.7466,0.015738
9.7566,0.01564
9.7666,0.015537
9.7766,0.015442
9.7866,0.015336
9.7966,0.01524
9.8067,0.015145
9.8167,0.015036
9.8267,0.01492
9.8367,0.014806
9.8467,0.014689
9.8567,0.014566
9.8667,0.014445
9.8767,0.014318
9.8867,0.014183
9.8967,0.014053
9.9067,0.013918
9.9167,0.01378
9.9267,0.013638
9.9367,0.013506
9.9467,0.013359
9.9568,0.013208
9.9668,0.013056
9.9768,0.012905
9.9868,0.012759
9.9968,0.012629
10.007,0.012498
10.017,0.01236
10.027,0.01223
10.037,0.012093
10.047,0.011959
10.057,0.011833
10.067,0.011705
10.077,0.011574
10.087,0.011459
10.097,0.011341
10.107,0.011235
10.117,0.01114
10.127,0.011046
10.137,0.010966
10.147,0.01089
10.157,0.010805
10.167,0.010734
10.177,0.010677
10.187,0.010621
10.197,0.010576
10.207,0.010538
10.217,0.010505
10.227,0.010478
10.237,0.010469
10.247,0.010465
10.257,0.010469
10.267,0.010488
10.277,0.010524
10.287,0.010561
10.297,0.010605
10.307,0.010658
10.317,0.010717
10.327,0.010783
10.337,0.010859
10.347,0.010948
10.357,0.011045
10.367,0.011152
10.377,0.011258
10.387,0.011384
10.397,0.011512
10.407,0.011648
10.417,0.011791
10.427,0.011947
10.437,0.012116
10.447,0.012292
10.457,0.012467
10.467,0.012651
10.477,0.012838
10.487,0.013024
10.497,0.013208
10.507,0.013392
10.517,0.013579
10.527,0.013764
10.537,0.013954
10.547,0.01415
10.557,0.014341
10.567,0.014536
10.577,0.014729
10.587,0.014927
10.597,0.015132
10.607,0.015351
10.617,0.015572
10.627,0.015798
10.637,0.01602
10.647,0.016237
10.657,0.016448
10.667,0.016658
10.677,0.016871
10.687,0.017072
10.697,0.017272
10.707,0.017472
10.717,0.017671
10.727,0.017863
10.737,0.018058
10.747,0.018247
10.757,0.018435
10.767,0.018614
10.777,0.018783
10.787,0.018955
10.797,0.019123
10.807,0.019286
10.817,0.019441
10.827,0.019587
10.837,0.019733
10.847,0.01987
10.857,0.020002
10.867,0.020132
10.877,0.020254
10.887,0.020368
10.897,0.02048
10.907,0.020581
10.917,0.02067
10.927,0.020756
10.937,0.020837
10.947,0.020911
10.957,0.020978
10.967,0.021043
10.977,0.021104
10.987,0.021164
10.997,0.021212
11.007,0.021266
11.017,0.021325
11.027,0.021365
11.037,0.021403
11.047,0.021444
11.058,0.021477
11.068,0.021495
11.078,0.021515
11.088,0.021523
11.098,0.021518
11.108,0.021507
11.118,0.021498
11.128,0.02148
11.138,0.021455
11.148,0.021424
11.158,0.02138
11.168,0.02133
11.178,0.021282
11.188,0.021223
11.198,0.021163
11.208,0.021098
11.218,0.021027
11.228,0.020953
11.238,0.020877
11.248,0.020797
11.258,0.020716
11.268,0.020625
11.278,0.020529
11.288,0.020427
11.298,0.020314
11.308,0.020207
11.318,0.020097
11.328,0.019979
11.338,0.01985
11.348,0.019718
11.358,0.019585
11.368,0.01946
11.378,0.019328
11.388,0.019199
11.398,0.019054
11.408,0.0189
11.418,0.018744
11.428,0.0186
11.438,0.018446
11.448,0.018293
11.458,0.018128
11.468,0.01796
11.478,0.017786
11.488,0.017603
11.498,0.017418
11.508,0.017229
11.518,0.017053
11.528,0.016869
11.538,0.016681
11.548,0.016486
11.558,0.016292
11.568,0.016102
11.578,0.015913
11.588,0.015712
11.598,0.015508
11.608,0.0153
11.618,0.015085
11.628,0.014875
11.638,0.014663
11.648,0.014458
11.658,0.014253
11.668,0.01405
11.678,0.013841
11.688,0.013642
11.698,0.013437
11.708,0.013229
11.718,0.013026
11.728,0.012831
11.738,0.012646
11.748,0.012454
11.758,0.012266
11.768,0.012071
11.778,0.011873
11.788,0.011676
11.798,0.011495
11.808,0.011307
11.818,0.011115
11.828,0.010926
11.838,0.010734
11.848,0.010539
11.858,0.010352
11.868,0.010173
11.878,0.01
11.888,0.0098193
11.898,0.0096438
11.908,0.00947
11.918,0.0093003
11.928,0.0091352
11.938,0.0089711
11.948,0.0088049
11.958,0.0086423
11.968,0.0084842
11.978,0.0083214
11.988,0.0081599
11.998,0.0080043
12.008,0.0078562
12.018,0.0077067
12.028,0.007566
12.038,0.0074235
12.048,0.0072739
12.058,0.0071198
12.068,0.0069805
12.078,0.0068439
12.088,0.0067071
12.098,0.0065775
12.108,0.0064556
12.118,0.0063359
12.128,0.0062127
12.138,0.0060867
12.148,0.0059598
12.158,0.0058385
12.168,0.0057202
12.178,0.0055994
12.188,0.0054789
12.198,0.0053622
12.208,0.0052475
12.218,0.0051331
12.228,0.0050095
12.238,0.004892
12.248,0.0047796
12.258,0.0046602
12.268,0.0045479
12.278,0.0044421
12.288,0.0043372
12.298,0.0042329
12.308,0.0041365
12.318,0.0040468
12.328,0.0039533
12.338,0.0038612
12.348,0.0037671
12.358,0.0036725
12.368,0.0035813
12.378,0.0034915
12.388,0.0034099
12.398,0.0033261
12.408,0.0032375
12.418,0.0031557
12.428,0.0030785
12.438,0.0030104
12.448,0.0029444
12.458,0.0028758
12.468,0.0028092
12.478,0.0027491
12.488,0.0026993
12.498,0.0026489
12.508,0.0026035
12.518,0.0025632
12.529,0.0025256
12.539,0.0024989
12.549,0.0024673
12.559,0.0024398
12.569,0.002416
12.579,0.0024003
12.589,0.0023811
12.599,0.0023675
12.609,0.002359
12.619,0.0023509
12.629,0.0023356
12.639,0.0023286
12.649,0.0023172
12.659,0.0023165
12.669,0.0023117
12.679,0.0023058
12.689,0.002309
12.699,0.0023135
12.709,0.0023048
12.719,0.0022983
12.729,0.0023025
12.739,0.0023157
12.749,0.0023236
12.759,0.0023301
12.769,0.0023352
12.779,0.0023445
12.789,0.0023507
12.799,0.0023587
12.809,0.0023693
12.819,0.0023828
12.829,0.0023996
12.839,0.0024148
12.849,0.0024234
12.859,0.0024287
12.869,0.0024362
12.879,0.0024453
12.889,0.0024595
12.899,0.0024765
12.909,0.0024993
12.919,0.0025251
12.929,0.0025559
12.939,0.002589
12.949,0.0026169
12.959,0.0026381
12.969,0.0026645
12.979,0.0026966
12.989,0.0027272
12.999,0.0027642
13.009,0.002814
13.019,0.0028695
13.029,0.0029294
13.039,0.0029986
13.049,0.0030647
13.059,0.0031312
13.069,0.0032141
13.079,0.0033011
13.089,0.0033901
13.099,0.0034777
13.109,0.0035734
13.119,0.0036682
13.129,0.0037621
13.139,0.0038719
13.149,0.0039934
13.159,0.004117
13.169,0.0042442
13.179,0.0043716
13.189,0.0045078
13.199,0.0046471
13.209,0.0047915
13.219,0.0049392
13.229,0.0050891
13.239,0.0052408
13.249,0.0053924
13.259,0.0055428
13.269,0.0056927
13.279,0.0058403
13.289,0.0059924
13.299,0.0061544
13.309,0.0063126
13.319,0.0064766
13.329,0.0066415
13.339,0.0068023
13.349,0.0069646
13.359,0.0071163
13.369,0.0072614
13.379,0.0074137
13.389,0.0075663
13.399,0.0077139
13.409,0.0078622
13.419,0.0080059
13.429,0.0081485
13.439,0.008288
13.449,0.0084259
13.459,0.0085605
13.469,0.0086864
13.479,0.0088128
13.489,0.0089262
13.499,0.0090367
13.509,0.0091526
13.519,0.0092702
13.529,0.0093772
13.539,0.0094827
13.549,0.0095925
13.559,0.0096989
13.569,0.0098078
13.579,0.0099131
13.589,0.010014
13.599,0.010109
13.609,0.010196
13.619,0.010282
13.629,0.010367
13.639,0.010455
13.649,0.010542
13.659,0.010635
13.669,0.010731
13.679,0.010832
13.689,0.010934
13.699,0.01105
13.709,0.011176
13.719,0.011298
13.729,0.011434
13.739,0.011587
13.749,0.011762
13.759,0.011951
13.769,0.01215
13.779,0.012375
13.789,0.01262
13.799,0.012883
13.809,0.01316
13.819,0.013463
13.829,0.013782
13.839,0.014133
13.849,0.014515
13.859,0.014922
13.869,0.015344
13.879,0.015791
13.889,0.016262
13.899,0.01676
13.909,0.017293
13.919,0.017858
13.929,0.018447
13.939,0.019056
13.949,0.019689
13.959,0.020352
13.969,0.021037
13.979,0.021746
13.989,0.022474
13.999,0.023221
14.01,0.023991
14.02,0.024771
14.03,0.025563
14.04,0.026374
14.05,0.027191
14.06,0.028013
14.07,0.02883
14.08,0.029651
14.09,0.030483
14.1,0.031308
14.11,0.032128
14.12,0.032933
14.13,0.033715
14.14,0.034481
14.15,0.035225
14.16,0.035944
14.17,0.036629
14.18,0.037273
14.19,0.037872
14.2,0.038423
14.21,0.038928
14.22,0.039385
14.23,0.039792
14.24,0.040145
14.25,0.040438
14.26,0.040667
14.27,0.040825
14.28,0.040907
14.29,0.040913
14.3,0.040846
14.31,0.040699
14.32,0.040465
14.33,0.040135
14.34,0.039716
14.35,0.039209
14.36,0.038618
14.37,0.037938
14.38,0.03718
14.39,0.036327
14.4,0.035361
14.41,0.034311
14.42,0.033164
14.43,0.031921
14.44,0.030603
14.45,0.029207
14.46,0.027714
14.47,0.026126
14.48,0.024461
14.49,0.02271
14.5,0.020899
14.51,0.019023
14.52,0.017099
14.53,0.015121
14.54,0.013082
14.55,0.010986
14.56,0.008832
14.57,0.0066451
14.58,0.0044263
14.59,0.0021738
14.6,-0.00011607
14.61,-0.0024114
14.62,-0.004727
14.63,-0.0070674
14.64,-0.0094226
14.65,-0.01177
14.66,-0.014103
14.67,-0.016439
14.68,-0.018767
14.69,-0.021087
14.7,-0.023372
14.71,-0.025621
14.72,-0.027831
14.73,-0.030027
14.74,-0.032212
14.75,-0.034341
14.76,-0.036431
14.77,-0.038479
14.78,-0.040478
14.79,-0.042422
14.8,-0.044318
14.81,-0.046163
14.82,-0.047951
14.83,-0.049687
14.84,-0.051374
14.85,-0.053016
14.86,-0.054606
14.87,-0.056145
14.88,-0.05763
14.89,-0.059051
14.9,-0.06042
14.91,-0.061751
14.92,-0.063025
14.93,-0.064253
14.94,-0.06544
14.95,-0.06659
14.96,-0.067709
14.97,-0.068784
14.98,-0.069816
14.99,-0.070814
15,-0.071797
15.01,-0.072762
15.02,-0.073691
15.03,-0.074596
15.04,-0.075491
15.05,-0.076371
15.06,-0.077239
15.07,-0.078087
15.08,-0.078937
15.09,-0.07978
15.1,-0.080618
15.11,-0.081451
15.12,-0.082289
15.13,-0.083124
15.14,-0.083964
15.15,-0.084809
15.16,-0.085659
15.17,-0.086521
15.18,-0.087394
15.19,-0.088271
15.2,-0.089151
15.21,-0.09003
15.22,-0.090921
15.23,-0.091818
15.24,-0.092714
15.25,-0.093614
15.26,-0.094512
15.27,-0.095417
15.28,-0.096323
15.29,-0.097225
15.3,-0.098121
15.31,-0.099005
15.32,-0.099878
15.33,-0.10075
15.34,-0.10159
15.35,-0.10241
15.36,-0.1032
15.37,-0.10398
15.38,-0.10472
15.39,-0.10542
15.4,-0.1061
15.41,-0.10672
15.42,-0.10731
15.43,-0.10787
15.44,-0.10839
15.45,-0.10885
15.46,-0.10925
15.47,-0.10961
15.481,-0.10992
15.491,-0.11016
15.501,-0.11033
15.511,-0.11045
15.521,-0.1105
15.531,-0.11048
15.541,-0.11039
15.551,-0.11023
15.561,-0.11
15.571,-0.10971
15.581,-0.10936
15.591,-0.10894
15.601,-0.10845
15.611,-0.10791
15.621,-0.10729
15.631,-0.10662
15.641,-0.10588
15.651,-0.10509
15.661,-0.10425
15.671,-0.10335
15.681,-0.10242
15.691,-0.10144
15.701,-0.10041
15.711,-0.099357
15.721,-0.09827
15.731,-0.097167
15.741,-0.096035
15.751,-0.094893
15.761,-0.093744
15.771,-0.092591
15.781,-0.091437
15.791,-0.090295
15.801,-0.089168
15.811,-0.088063
15.821,-0.086983
15.831,-0.085926
15.841,-0.084898
15.851,-0.083902
15.861,-0.082953
15.871,-0.082068
15.881,-0.081247
15.891,-0.080481
15.901,-0.079774
15.911,-0.079147
15.921,-0.078591
15.931,-0.078109
15.941,-0.077709
15.951,-0.077395
15.961,-0.077173
15.971,-0.077053
15.981,-0.077039
15.991,-0.077124
16.001,-0.077321
16.011,-0.077627
16.021,-0.078049
16.031,-0.078579
16.041,-0.079219
16.051,-0.079987
16.061,-0.080872
16.071,-0.081868
16.081,-0.082983
16.091,-0.084226
16.101,-0.085585
16.111,-0.087069
16.121,-0.088681
16.131,-0.090413
16.141,-0.092259
16.151,-0.094237
16.161,-0.096356
16.171,-0.098598
16.181,-0.10095
16.191,-0.10343
16.201,-0.10603
16.211,-0.10875
16.221,-0.11159
16.231,-0.11456
16.241,-0.11767
16.251,-0.12088
16.261,-0.1242
16.271,-0.12765
16.281,-0.13121
16.291,-0.13489
16.301,-0.13869
16.311,-0.14258
16.321,-0.14655
16.331,-0.15064
16.341,-0.15487
16.351,-0.15921
16.361,-0.16366
16.371,-0.16819
16.381,-0.17283
16.391,-0.17755
16.401,-0.18237
16.411,-0.18729
16.421,-0.19232
16.431,-0.19744
16.441,-0.20267
16.451,-0.20802
16.461,-0.21344
16.471,-0.21893
16.481,-0.22451
16.491,-0.23021
16.501,-0.23598
16.511,-0.24181
16.521,-0.24772
16.531,-0.25371
16.541,-0.2598
16.551,-0.26595
16.561,-0.2722
16.571,-0.27851
16.581,-0.28487
16.591,-0.29129
16.601,-0.29775
16.611,-0.30427
16.621,-0.31087
16.631,-0.31749
16.641,-0.32416
16.651,-0.33085
16.661,-0.33757
16.671,-0.34434
16.681,-0.35114
16.691,-0.35797
16.701,-0.36483
16.711,-0.37171
16.721,-0.37857
16.731,-0.38542
16.741,-0.39233
16.751,-0.39929
16.761,-0.40627
16.771,-0.41327
16.781,-0.42023
16.791,-0.42716
16.801,-0.43409
16.811,-0.44105
16.821,-0.44799
16.831,-0.45487
16.841,-0.46177
16.851,-0.46864
16.861,-0.47549
16.871,-0.4823
16.881,-0.48911
16.891,-0.49587
16.901,-0.50257
16.911,-0.5092
16.921,-0.51581
16.931,-0.52239
16.941,-0.52896
16.952,-0.5355
16.962,-0.54203
16.972,-0.54851
16.982,-0.55496
16.992,-0.56137
17.002,-0.56775
17.012,-0.57415
17.022,-0.58053
17.032,-0.58687
17.042,-0.59319
17.052,-0.59951
17.062,-0.60583
17.072,-0.61218
17.082,-0.61853
17.092,-0.62487
17.102,-0.63121
17.112,-0.63755
17.122,-0.64393
17.132,-0.65033
17.142,-0.6568
17.152,-0.66333
17.162,-0.66994
17.172,-0.67658
17.182,-0.68329
17.192,-0.69011
17.202,-0.69702
17.212,-0.70401
17.222,-0.71116
17.232,-0.71837
17.242,-0.72568
17.252,-0.73313
17.262,-0.74075
17.272,-0.74854
17.282,-0.75651
17.292,-0.76465
17.302,-0.77295
17.312,-0.78141
17.322,-0.79011
17.332,-0.799
17.342,-0.80814
17.352,-0.81754
17.362,-0.82719
17.372,-0.83713
17.382,-0.84723
17.392,-0.85761
17.402,-0.86834
17.412,-0.87931
17.422,-0.89047
17.432,-0.90194
17.442,-0.91363
17.452,-0.92559
17.462,-0.93791
17.472,-0.95061
17.482,-0.96357
17.492,-0.97678
17.502,-0.99027
17.512,-1.004
17.522,-1.0181
17.532,-1.0325
17.542,-1.0471
17.552,-1.0621
17.562,-1.0773
17.572,-1.0929
17.582,-1.1087
17.592,-1.1247
17.602,-1.1409
17.612,-1.1574
17.622,-1.1741
17.632,-1.191
17.642,-1.2079
17.652,-1.225
17.662,-1.2422
17.672,-1.2595
17.682,-1.2769
17.692,-1.2945
17.702,-1.3119
17.712,-1.3293
17.722,-1.3467
17.732,-1.364
17.742,-1.3811
17.752,-1.3981
17.762,-1.4148
17.772,-1.4313
17.782,-1.4476
17.792,-1.4635
17.802,-1.4789
17.812,-1.494
17.822,-1.5085
17.832,-1.5224
17.842,-1.5357
17.852,-1.5484
17.862,-1.5603
17.872,-1.5716
17.882,-1.582
17.892,-1.5915
17.902,-1.6001
17.912,-1.6076
17.922,-1.6142
17.932,-1.6195
17.942,-1.6237
17.952,-1.6266
17.962,-1.6282
17.972,-1.6284
17.982,-1.6271
17.992,-1.6244
18.002,-1.6201
18.012,-1.6143
18.022,-1.6068
18.032,-1.5975
18.042,-1.5865
18.052,-1.5738
18.062,-1.5592
18.072,-1.5428
18.082,-1.5244
18.092,-1.5039
18.102,-1.4814
18.112,-1.457
18.122,-1.4305
18.132,-1.4019
18.142,-1.3711
18.152,-1.3382
18.162,-1.3032
18.172,-1.2659
18.182,-1.2266
18.192,-1.1851
18.202,-1.1415
18.212,-1.0957
18.222,-1.0479
18.232,-0.99804
18.242,-0.94624
18.252,-0.89254
18.262,-0.83668
18.272,-0.7791
18.282,-0.71995
18.292,-0.6585
18.302,-0.5954
18.312,-0.53067
18.322,-0.46433
18.332,-0.39658
18.342,-0.32785
18.352,-0.25709
18.362,-0.18541
18.372,-0.11266
18.382,-0.039004
18.392,0.035621
18.402,0.11124
18.412,0.18762
18.422,0.26472
18.433,0.34265
18.443,0.42072
18.453,0.49854
18.463,0.57644
18.473,0.65455
18.483,0.73286
18.493,0.81131
18.503,0.88975
18.513,0.96746
18.523,1.0442
18.533,1.1207
18.543,1.197
18.553,1.2723
18.563,1.3468
18.573,1.4204
18.583,1.4927
18.593,1.5635
18.603,1.6337
18.613,1.7029
18.623,1.7709
18.633,1.8374
18.643,1.9026
18.653,1.9663
18.663,2.028
18.673,2.0883
18.683,2.1474
18.693,2.205
18.703,2.2611
18.713,2.3151
18.723,2.3675
18.733,2.4181
18.743,2.4671
18.753,2.5143
18.763,2.5598
18.773,2.6028
18.783,2.6438
18.793,2.6828
18.803,2.7198
18.813,2.7551
18.823,2.7889
18.833,2.8206
18.843,2.85
18.853,2.8769
18.863,2.9018
18.873,2.9246
18.883,2.9455
18.893,2.9645
18.903,2.9815
18.913,2.9965
18.923,3.0096
18.933,3.0208
18.943,3.03
18.953,3.0375
18.963,3.0431
18.973,3.0469
18.983,3.049
18.993,3.0493
19.003,3.048
19.013,3.045
19.023,3.0404
19.033,3.0342
19.043,3.0265
19.053,3.0173
19.063,3.0066
19.073,2.9945
19.083,2.981
19.093,2.9661
19.103,2.9499
19.113,2.9325
19.123,2.9138
19.133,2.8939
19.143,2.8728
19.153,2.8505
19.163,2.8273
19.173,2.8029
19.183,2.7778
19.193,2.7517
19.203,2.7247
19.213,2.6968
19.223,2.668
19.233,2.6385
19.243,2.608
19.253,2.5769
19.263,2.5453
19.273,2.5132
19.283,2.4804
19.293,2.4471
19.303,2.4133
19.313,2.3791
19.323,2.3444
19.333,2.3093
19.343,2.2738
19.353,2.2381
19.363,2.202
19.373,2.1658
19.383,2.1294
19.393,2.0931
19.403,2.0567
19.413,2.0202
19.423,1.9836
19.433,1.9468
19.443,1.91
19.453,1.8731
19.463,1.8367
19.473,1.8002
19.483,1.7639
19.493,1.7276
19.503,1.6917
19.513,1.6558
19.523,1.6201
19.533,1.5846
19.543,1.5494
19.553,1.5143
19.563,1.4796
19.573,1.445
19.583,1.4107
19.593,1.377
19.603,1.3436
19.613,1.3106
19.623,1.2781
19.633,1.2459
19.643,1.214
19.653,1.1826
19.663,1.1516
19.673,1.1211
19.683,1.0911
19.693,1.0614
19.703,1.032
19.713,1.0031
19.723,0.9748
19.733,0.94692
19.743,0.91934
19.753,0.89218
19.763,0.86535
19.773,0.8388
19.783,0.81269
19.793,0.78696
19.803,0.76163
19.813,0.73673
19.823,0.71215
19.833,0.6881
19.843,0.6643
19.853,0.64085
19.863,0.6176
19.873,0.59457
19.883,0.57183
19.893,0.54947
19.904,0.5274
19.914,0.50565
19.924,0.48421
19.934,0.46295
19.944,0.44203
19.954,0.42132
19.964,0.40093
19.974,0.38064
19.984,0.36057
19.994,0.34075
20.004,0.32116
20.014,0.30176
20.024,0.28274
20.034,0.26387
20.044,0.24512
20.054,0.22649
20.064,0.20807
20.074,0.18985
20.084,0.17184
20.094,0.15405
20.104,0.13643
20.114,0.11896
20.124,0.10174
20.134,0.084688
20.144,0.06779
20.154,0.051203
20.164,0.034776
20.174,0.018548
20.184,0.0025089
20.194,-0.013306
20.204,-0.028886
20.214,-0.044173
20.224,-0.059262
20.234,-0.074064
20.244,-0.08855
20.254,-0.10282
20.264,-0.1169
20.274,-0.13064
20.284,-0.14412
20.294,-0.15733
20.304,-0.17025
20.314,-0.18291
20.324,-0.19529
20.334,-0.20737
20.344,-0.21917
20.354,-0.23064
20.364,-0.24178
20.374,-0.25263
20.384,-0.26323
20.394,-0.27364
20.404,-0.28372
20.414,-0.29352
20.424,-0.30304
20.434,-0.31225
20.444,-0.32119
20.454,-0.32982
20.464,-0.3382
20.474,-0.34637
20.484,-0.35426
20.494,-0.3619
20.504,-0.3693
20.514,-0.37647
20.524,-0.38344
20.534,-0.39016
20.544,-0.39669
20.554,-0.40301
20.564,-0.40911
20.574,-0.41504
20.584,-0.42083
20.594,-0.42645
20.604,-0.43192
20.614,-0.43722
20.624,-0.44238
20.634,-0.44739
20.644,-0.45228
20.654,-0.45706
20.664,-0.46175
20.674,-0.46633
20.684,-0.4708
20.694,-0.47516
20.704,-0.47944
20.714,-0.48366
20.724,-0.48779
20.734,-0.49186
20.744,-0.49586
20.754,-0.49979
20.764,-0.50368
20.774,-0.50749
20.784,-0.51127
20.794,-0.51501
20.804,-0.51871
20.814,-0.52239
20.824,-0.52601
20.834,-0.52959
20.844,-0.53314
20.854,-0.53663
20.864,-0.54007
20.874,-0.54348
20.884,-0.54683
20.894,-0.55015
20.904,-0.5534
20.914,-0.5566
20.924,-0.55975
20.934,-0.56285
20.944,-0.56588
20.954,-0.56886
20.964,-0.57176
20.974,-0.5746
20.984,-0.57738
20.994,-0.58009
21.004,-0.58273
21.014,-0.58528
21.024,-0.58774
21.034,-0.59011
21.044,-0.59238
21.054,-0.59452
21.064,-0.59657
21.074,-0.59851
21.084,-0.60032
21.094,-0.60201
21.104,-0.60358
21.114,-0.60501
21.124,-0.60632
21.134,-0.6075
21.144,-0.60853
21.154,-0.60941
21.164,-0.61014
21.174,-0.61072
21.184,-0.61114
21.194,-0.6114
21.204,-0.6115
21.214,-0.61141
21.224,-0.61116
21.234,-0.61074
21.244,-0.61014
21.254,-0.60934
21.264,-0.60836
21.274,-0.60721
21.284,-0.60587
21.294,-0.60434
21.304,-0.60263
21.314,-0.60075
21.324,-0.59868
21.334,-0.59644
21.344,-0.59401
21.354,-0.5914
21.364,-0.58861
21.375,-0.58563
21.385,-0.58247
21.395,-0.57915
21.405,-0.57566
21.415,-0.57199
21.425,-0.5682
21.435,-0.56427
21.445,-0.56015
21.455,-0.55589
21.465,-0.55149
21.475,-0.54694
21.485,-0.54226
21.495,-0.53746
21.505,-0.53258
21.515,-0.52762
21.525,-0.52256
21.535,-0.51744
21.545,-0.51224
21.555,-0.50696
21.565,-0.50164
21.575,-0.49623
21.585,-0.4908
21.595,-0.48534
21.605,-0.47986
21.615,-0.47442
21.625,-0.46901
21.635,-0.46358
21.645,-0.45818
21.655,-0.4528
21.665,-0.44745
21.675,-0.44215
21.685,-0.43693
21.695,-0.43177
21.705,-0.42665
21.715,-0.42164
21.725,-0.41676
21.735,-0.41195
21.745,-0.40724
21.755,-0.40266
21.765,-0.39816
21.775,-0.39378
21.785,-0.38951
21.795,-0.38537
21.805,-0.3814
21.815,-0.37755
21.825,-0.37381
21.835,-0.37024
21.845,-0.36682
21.855,-0.36353
21.865,-0.36038
21.875,-0.35735
21.885,-0.35447
21.895,-0.3517
21.905,-0.34908
21.915,-0.34658
21.925,-0.34421
21.935,-0.34197
21.945,-0.33984
21.955,-0.33784
21.965,-0.33595
21.975,-0.33416
21.985,-0.33245
21.995,-0.33084
22.005,-0.32932
22.015,-0.32787
22.025,-0.32649
22.035,-0.32518
22.045,-0.32392
22.055,-0.32272
22.065,-0.32156
22.075,-0.32045
22.085,-0.31939
22.095,-0.31834
22.105,-0.31731
22.115,-0.3163
22.125,-0.31531
22.135,-0.31433
22.145,-0.31335
22.155,-0.3124
22.165,-0.31144
22.175,-0.31049
22.185,-0.30952
22.195,-0.30855
22.205,-0.30757
22.215,-0.30659
22.225,-0.30561
22.235,-0.30462
22.245,-0.30362
22.255,-0.30262
22.265,-0.30162
22.275,-0.30062
22.285,-0.29962
22.295,-0.29862
22.305,-0.29762
22.315,-0.29662
22.325,-0.29563
22.335,-0.29464
22.345,-0.29365
22.355,-0.29268
22.365,-0.29172
22.375,-0.29078
22.385,-0.28988
22.395,-0.28899
22.405,-0.28812
22.415,-0.28728
22.425,-0.28647
22.435,-0.2857
22.445,-0.28495
22.455,-0.28424
22.465,-0.28356
22.475,-0.28292
22.485,-0.28231
22.495,-0.28175
22.505,-0.28121
22.515,-0.2807
22.525,-0.28022
22.535,-0.27977
22.545,-0.27934
22.555,-0.27894
22.565,-0.27855
22.575,-0.27818
22.585,-0.2778
22.595,-0.27743
22.605,-0.27707
22.615,-0.2767
22.625,-0.2763
22.635,-0.27589
22.645,-0.27544
22.655,-0.27495
22.665,-0.27442
22.675,-0.27384
22.685,-0.2732
22.695,-0.27251
22.705,-0.27174
22.715,-0.27088
22.725,-0.26992
22.735,-0.26888
22.745,-0.26773
22.755,-0.26647
22.765,-0.2651
22.775,-0.26361
22.785,-0.262
22.795,-0.26026
22.805,-0.25837
22.815,-0.25634
22.825,-0.25416
22.835,-0.25182
22.845,-0.24935
22.856,-0.24671
22.866,-0.24391
22.876,-0.24094
22.886,-0.23779
22.896,-0.23447
22.906,-0.23099
22.916,-0.22738
22.926,-0.22359
22.936,-0.21964
22.946,-0.21552
22.956,-0.21124
22.966,-0.2068
22.976,-0.2022
22.986,-0.19745
22.996,-0.19259
23.006,-0.1876
23.016,-0.18248
23.026,-0.17726
23.036,-0.17197
23.046,-0.16659
23.056,-0.16109
23.066,-0.15549
23.076,-0.14982
23.086,-0.14407
23.096,-0.13826
23.106,-0.13239
23.116,-0.1265
23.126,-0.12057
23.136,-0.11459
23.146,-0.10858
23.156,-0.10254
23.166,-0.096498
23.176,-0.090446
23.186,-0.084378
23.196,-0.07835
23.206,-0.072362
23.216,-0.066404
23.226,-0.060512
23.236,-0.054686
23.246,-0.048923
23.256,-0.043208
23.266,-0.037551
23.276,-0.031963
23.286,-0.026466
23.296,-0.021069
23.306,-0.015765
23.316,-0.010576
23.326,-0.0054931
23.336,-0.00055349
23.346,0.0042957
23.356,0.0090155
23.366,0.0136
23.376,0.01807
23.386,0.022391
23.396,0.026568
23.406,0.030626
23.416,0.034513
23.426,0.038265
23.436,0.041871
23.446,0.045321
23.456,0.048625
23.466,0.05176
23.476,0.054742
23.486,0.057566
23.496,0.060238
23.506,0.062769
23.516,0.065151
23.526,0.067376
23.536,0.069448
23.546,0.071358
23.556,0.073111
23.566,0.074704
23.576,0.076121
23.586,0.077392
23.596,0.078505
23.606,0.079472
23.616,0.080275
23.626,0.080929
23.636,0.081428
23.646,0.08177
23.656,0.08196
23.666,0.08201
23.676,0.081916
23.686,0.081673
23.696,0.081288
23.706,0.080766
23.716,0.080103
23.726,0.079309
23.736,0.078392
23.746,0.077349
23.756,0.076167
23.766,0.074858
23.776,0.073437
23.786,0.071901
23.796,0.070251
23.806,0.068498
23.816,0.06665
23.826,0.064702
23.836,0.06265
23.846,0.060512
23.856,0.058294
23.866,0.055995
23.876,0.053622
23.886,0.05117
23.896,0.048651
23.906,0.046075
23.916,0.043432
23.926,0.040718
23.936,0.03795
23.946,0.035135
23.956,0.032279
23.966,0.029384
23.976,0.026464
23.986,0.023512
23.996,0.020535
24.006,0.017525
24.016,0.014507
24.026,0.011489
24.036,0.0084554
24.046,0.0054246
24.056,0.0023833
24.066,-0.00063577
24.076,-0.0036387
24.086,-0.0066325
24.096,-0.009607
24.106,-0.012557
24.116,-0.01546
24.126,-0.018325
24.136,-0.021181
24.146,-0.024005
24.156,-0.026779
24.166,-0.029512
24.176,-0.032202
24.186,-0.034838
24.196,-0.037414
24.206,-0.03995
24.216,-0.042417
24.226,-0.044817
24.236,-0.047148
24.246,-0.049426
24.256,-0.051634
24.266,-0.05377
24.276,-0.055842
24.286,-0.05784
24.296,-0.059759
24.306,-0.061587
24.316,-0.063331
24.327,-0.065003
24.337,-0.066603
24.347,-0.068139
24.357,-0.069607
24.367,-0.071004
24.377,-0.072329
24.387,-0.073578
24.397,-0.074757
24.407,-0.075865
24.417,-0.076908
24.427,-0.077885
24.437,-0.078801
24.447,-0.079645
24.457,-0.080428
24.467,-0.081165
24.477,-0.081843
24.487,-0.082463
24.497,-0.083034
24.507,-0.083557
24.517,-0.084043
24.527,-0.08449
24.537,-0.084905
24.547,-0.085282
24.557,-0.085631
24.567,-0.085954
24.577,-0.086256
24.587,-0.086527
24.597,-0.086772
24.607,-0.087009
24.617,-0.087233
24.627,-0.087445
24.637,-0.087655
24.647,-0.087866
24.657,-0.08809
24.667,-0.088325
24.677,-0.088569
24.687,-0.08882
24.697,-0.08908
24.707,-0.089347
24.717,-0.089622
24.727,-0.089912
24.737,-0.090221
24.747,-0.090551
24.757,-0.090902
24.767,-0.091267
24.777,-0.091647
24.787,-0.092049
24.797,-0.092478
24.807,-0.092932
24.817,-0.093401
24.827,-0.093885
24.837,-0.094399
24.847,-0.094929
24.857,-0.095473
24.867,-0.096029
24.877,-0.096607
24.887,-0.097205
24.897,-0.097819
24.907,-0.098448
24.917,-0.099083
24.927,-0.09973
24.937,-0.10039
24.947,-0.10106
24.957,-0.10174
24.967,-0.10242
24.977,-0.10311
24.987,-0.1038
24.997,-0.10449
25.007,-0.10519
25.017,-0.10589
25.027,-0.10658
25.037,-0.10726
25.047,-0.10794
25.057,-0.10862
25.067,-0.10928
25.077,-0.10993
25.087,-0.11058
25.097,-0.11122
25.107,-0.11186
25.117,-0.1125
25.127,-0.11313
25.137,-0.11375
25.147,-0.11437
25.157,-0.11499
25.167,-0.1156
25.177,-0.11621
25.187,-0.11682
25.197,-0.11741
25.207,-0.11801
25.217,-0.11862
25.227,-0.11922
25.237,-0.11983
25.247,-0.12044
25.257,-0.12106
25.267,-0.12168
25.277,-0.12231
25.287,-0.12294
25.297,-0.12358
25.307,-0.12422
25.317,-0.12488
25.327,-0.12555
25.337,-0.12623
25.347,-0.12692
25.357,-0.1276
25.367,-0.1283
25.377,-0.12904
25.387,-0.12977
25.397,-0.13052
25.407,-0.13129
25.417,-0.13207
25.427,-0.13286
25.437,-0.13365
25.447,-0.13446
25.457,-0.13529
25.467,-0.13613
25.477,-0.13698
25.487,-0.13784
25.497,-0.1387
25.507,-0.13958
25.517,-0.14047
25.527,-0.14136
25.537,-0.14227
25.547,-0.14319
25.557,-0.1441
25.567,-0.14502
25.577,-0.14593
25.587,-0.14685
25.597,-0.14776
25.607,-0.14865
25.617,-0.14952
25.627,-0.1504
25.637,-0.15126
25.647,-0.1521
25.657,-0.15293
25.667,-0.15373
25.677,-0.1545
25.687,-0.15524
25.697,-0.15595
25.707,-0.15662
25.717,-0.15727
25.727,-0.15788
25.737,-0.15844
25.747,-0.15897
25.757,-0.15945
25.767,-0.15987
25.777,-0.16025
25.787,-0.16057
25.798,-0.16084
25.808,-0.16105
25.818,-0.16119
25.828,-0.16128
25.838,-0.1613
25.848,-0.16125
25.858,-0.16114
25.868,-0.16095
25.878,-0.16069
25.888,-0.16036
25.898,-0.15994
25.908,-0.15945
25.918,-0.15888
25.928,-0.15824
25.938,-0.15752
25.948,-0.15672
25.958,-0.15585
25.968,-0.15489
25.978,-0.15386
25.988,-0.15275
25.998,-0.15157
26.008,-0.15032
26.018,-0.149
26.028,-0.14761
26.038,-0.14616
26.048,-0.14464
26.058,-0.14307
26.068,-0.14143
26.078,-0.13974
26.088,-0.13799
26.098,-0.13619
26.108,-0.13435
26.118,-0.13246
26.128,-0.13053
26.138,-0.12856
26.148,-0.12657
26.158,-0.12456
26.168,-0.12251
26.178,-0.12044
26.188,-0.11836
26.198,-0.11626
26.208,-0.11415
26.218,-0.11203
26.228,-0.10992
26.238,-0.10782
26.248,-0.10571
26.258,-0.10364
26.268,-0.10158
26.278,-0.099531
26.288,-0.097505
26.298,-0.095509
26.308,-0.093548
26.318,-0.091628
26.328,-0.08975
26.338,-0.087917
26.348,-0.086121
26.358,-0.084373
26.368,-0.082673
26.378,-0.081022
26.388,-0.079422
26.398,-0.077884
26.408,-0.076395
26.418,-0.074969
26.428,-0.073603
26.438,-0.072305
26.448,-0.071068
26.458,-0.069891
26.468,-0.068776
26.478,-0.067724
26.488,-0.066738
26.498,-0.065813
26.508,-0.064943
26.518,-0.064138
26.528,-0.063401
26.538,-0.062732
26.548,-0.062122
26.558,-0.061582
26.568,-0.061098
26.578,-0.060664
26.588,-0.060288
26.598,-0.059968
26.608,-0.059703
26.618,-0.059488
26.628,-0.059322
26.638,-0.059199
26.648,-0.059112
26.658,-0.059064
26.668,-0.059058
26.678,-0.059087
26.688,-0.059145
26.698,-0.059233
26.708,-0.059349
26.718,-0.059483
26.728,-0.059638
26.738,-0.059814
26.748,-0.060005
26.758,-0.060206
26.768,-0.060411
26.778,-0.060623
26.788,-0.060842
26.798,-0.061061
26.808,-0.061268
26.818,-0.061465
26.828,-0.061648
26.838,-0.061815
26.848,-0.061967
26.858,-0.062104
26.868,-0.062205
26.878,-0.06228
26.888,-0.062326
26.898,-0.06234
26.908,-0.062313
26.918,-0.062251
26.928,-0.062158
26.938,-0.06203
26.948,-0.061859
26.958,-0.061645
26.968,-0.061401
26.978,-0.061112
26.988,-0.060769
26.998,-0.060382
27.008,-0.059952
27.018,-0.059481
27.028,-0.05896
27.038,-0.058395
27.048,-0.05778
27.058,-0.05712
27.068,-0.056417
27.078,-0.055672
27.088,-0.054881
27.098,-0.054047
27.108,-0.053181
27.118,-0.052279
27.128,-0.051351
27.138,-0.050387
27.148,-0.049393
27.158,-0.048377
27.168,-0.047337
27.178,-0.046271
27.188,-0.045184
27.198,-0.044074
27.208,-0.042954
27.218,-0.041825
27.228,-0.040688
27.238,-0.039534
27.248,-0.038366
27.258,-0.037199
27.269,-0.036037
27.279,-0.03488
27.289,-0.033717
27.299,-0.03257
27.309,-0.031434
27.319,-0.030311
27.329,-0.029207
27.339,-0.028128
27.349,-0.027071
27.359,-0.02604
27.369,-0.025037
27.379,-0.024077
27.389,-0.023165
27.399,-0.022283
27.409,-0.021428
27.419,-0.020615
27.429,-0.019848
27.439,-0.019128
27.449,-0.01845
27.459,-0.017819
27.469,-0.017232
27.479,-0.016694
27.489,-0.01621
27.499,-0.015769
27.509,-0.015375
27.519,-0.015045
27.529,-0.014766
27.539,-0.014534
27.549,-0.014352
27.559,-0.014225
27.569,-0.014152
27.579,-0.014126
27.589,-0.014141
27.599,-0.014207
27.609,-0.014326
27.619,-0.014488
27.629,-0.014701
27.639,-0.014957
27.649,-0.015252
27.659,-0.015588
27.669,-0.01596
27.679,-0.016362
27.689,-0.016803
27.699,-0.017269
27.709,-0.017756
27.719,-0.018258
27.729,-0.018776
27.739,-0.019311
27.749,-0.019854
27.759,-0.020402
27.769,-0.020954
27.779,-0.021504
27.789,-0.022047
27.799,-0.022584
27.809,-0.023111
27.819,-0.023633
27.829,-0.024133
27.839,-0.024608
27.849,-0.025053
27.859,-0.025469
27.869,-0.025849
27.879,-0.026188
27.889,-0.026491
27.899,-0.026756
27.909,-0.026977
27.919,-0.027148
27.929,-0.027267
27.939,-0.027336
27.949,-0.027354
27.959,-0.02732
27.969,-0.027228
27.979,-0.027067
27.989,-0.02684
27.999,-0.026549
28.009,-0.026189
28.019,-0.025758
28.029,-0.025264
28.039,-0.0247
28.049,-0.024064
28.059,-0.023363
28.069,-0.022603
28.079,-0.021777
28.089,-0.020876
28.099,-0.019907
28.109,-0.018875
28.119,-0.017786
28.129,-0.016639
28.139,-0.015431
28.149,-0.014164
28.159,-0.012846
28.169,-0.01147
28.179,-0.010032
28.189,-0.0085411
28.199,-0.0070104
28.209,-0.0054491
28.219,-0.0038458
28.229,-0.0022047
28.239,-0.00050992
28.249,0.0012145
28.259,0.0029533
28.269,0.0047246
28.279,0.0065113
28.289,0.0083003
28.299,0.010102
28.309,0.011926
28.319,0.013773
28.329,0.015624
28.339,0.017464
28.349,0.019286
28.359,0.021113
28.369,0.022925
28.379,0.02473
28.389,0.02652
28.399,0.028299
28.409,0.030047
28.419,0.031763
28.429,0.033454
28.439,0.03512
28.449,0.036757
28.459,0.038361
28.469,0.039937
28.479,0.04148
28.489,0.042968
28.499,0.044417
28.509,0.045826
28.519,0.047197
28.529,0.048514
28.539,0.049781
28.549,0.051002
28.559,0.052179
28.569,0.053307
28.579,0.054382
28.589,0.055413
28.599,0.056386
28.609,0.057295
28.619,0.058155
28.629,0.058968
28.639,0.059741
28.649,0.060463
28.659,0.061123
28.669,0.061733
28.679,0.062291
28.689,0.062795
28.699,0.063245
28.709,0.063651
28.719,0.064009
28.729,0.064313
28.739,0.064575
28.75,0.064782
28.76,0.064939
28.77,0.065046
28.78,0.065111
28.79,0.065131
28.8,0.065107
28.81,0.065039
28.82,0.064938
28.83,0.064796
28.84,0.064611
28.85,0.06438
28.86,0.064107
28.87,0.063797
28.88,0.063442
28.89,0.063049
28.9,0.062611
28.91,0.062143
28.92,0.061638
28.93,0.061096
28.94,0.060517
28.95,0.059908
28.96,0.059268
28.97,0.058599
28.98,0.057894
28.99,0.057156
29,0.05638
29.01,0.055567
29.02,0.054735
29.03,0.053877
29.04,0.052997
29.05,0.052088
29.06,0.05115
29.07,0.050186
29.08,0.049189
29.09,0.048159
29.1,0.047109
29.11,0.046029
29.12,0.044922
29.13,0.043796
29.14,0.042652
29.15,0.041479
29.16,0.040281
29.17,0.039065
29.18,0.037831
29.19,0.036579
29.2,0.035297
29.21,0.033989
29.22,0.032657
29.23,0.031311
29.24,0.029949
29.25,0.028563
29.26,0.027155
29.27,0.025724
29.28,0.02428
29.29,0.022812
29.3,0.02132
29.31,0.019815
29.32,0.018303
29.33,0.016762
29.34,0.015196
29.35,0.013623
29.36,0.01205
29.37,0.010463
29.38,0.0088629
29.39,0.0072464
29.4,0.0056203
29.41,0.0039842
29.42,0.0023308
29.43,0.00066892
29.44,-0.00098965
29.45,-0.0026604
29.46,-0.0043366
29.47,-0.0059956
29.48,-0.0076513
29.49,-0.0093217
29.5,-0.010997
29.51,-0.012673
29.52,-0.014336
29.53,-0.015998
29.54,-0.017648
29.55,-0.019273
29.56,-0.02089
29.57,-0.02249
29.58,-0.024084
29.59,-0.025648
29.6,-0.027177
29.61,-0.028691
29.62,-0.030177
29.63,-0.031634
29.64,-0.033063
29.65,-0.03445
29.66,-0.035774
29.67,-0.037044
29.68,-0.038284
29.69,-0.039493
29.7,-0.040647
29.71,-0.041731
29.72,-0.042759
29.73,-0.043729
29.74,-0.044638
29.75,-0.04548
29.76,-0.046259
29.77,-0.046972
29.78,-0.047616
29.79,-0.048185
29.8,-0.048674
29.81,-0.049083
29.82,-0.049418
29.83,-0.049683
29.84,-0.049864
29.85,-0.049956
29.86,-0.049959
29.87,-0.049873
29.88,-0.049687
29.89,-0.049406
29.9,-0.04904
29.91,-0.048582
29.92,-0.048016
29.93,-0.04735
29.94,-0.046578
29.95,-0.04571
29.96,-0.044751
29.97,-0.04367
29.98,-0.042497
29.99,-0.041247
30,-0.03993
30.01,-0.038539
30.02,-0.03707
30.03,-0.035513
30.04,-0.033862
30.05,-0.032185
30.06,-0.030455
30.07,-0.028675
30.08,-0.026856
30.09,-0.024991
30.1,-0.023052
30.11,-0.021075
30.12,-0.019091
30.13,-0.017078
30.14,-0.015047
30.15,-0.012991
30.16,-0.010944
30.17,-0.0089073
30.18,-0.0068827
30.19,-0.004884
30.2,-0.0029244
30.21,-0.00098875
30.221,0.0009271
30.231,0.002795
30.241,0.0046215
30.251,0.0064072
30.261,0.0081552
30.271,0.009857
30.281,0.011502
30.291,0.013106
30.301,0.014641
30.311,0.0161
30.321,0.017474
30.331,0.018772
30.341,0.019995
30.351,0.02113
30.361,0.022179
30.371,0.023142
30.381,0.024023
30.391,0.024819
30.401,0.025537
30.411,0.026169
30.421,0.026719
30.431,0.027192
30.441,0.027577
30.451,0.027884
30.461,0.028118
30.471,0.028283
30.481,0.028376
30.491,0.028394
30.501,0.02835
30.511,0.02825
30.521,0.028086
30.531,0.02786
30.541,0.027584
30.551,0.027257
30.561,0.026877
30.571,0.026458
30.581,0.026012
30.591,0.025536
30.601,0.02503
30.611,0.024512
30.621,0.02399
30.631,0.02346
30.641,0.022928
30.651,0.022402
30.661,0.021881
30.671,0.021369
30.681,0.020875
30.691,0.020394
30.701,0.01994
30.711,0.019517
30.721,0.019118
30.731,0.018758
30.741,0.01844
30.751,0.018162
30.761,0.017918
30.771,0.01771
30.781,0.017531
30.791,0.017394
30.801,0.017301
30.811,0.017249
30.821,0.017241
30.831,0.017275
30.841,0.017347
30.851,0.017464
30.861,0.017614
30.871,0.017796
30.881,0.018008
30.891,0.01825
30.901,0.018515
30.911,0.018796
30.921,0.019098
30.931,0.019425
30.941,0.019762
30.951,0.020107
30.961,0.02045
30.971,0.020792
30.981,0.021126
30.991,0.021452
31.001,0.021768
31.011,0.022065
31.021,0.022346
31.031,0.022602
31.041,0.022832
31.051,0.023032
31.061,0.023194
31.071,0.023325
31.081,0.023416
31.091,0.023462
31.101,0.02346
31.111,0.023407
31.121,0.023309
31.131,0.023161
31.141,0.022963
31.151,0.022713
31.161,0.022412
31.171,0.022064
31.181,0.02166
31.191,0.021197
31.201,0.020684
31.211,0.020116
31.221,0.019485
31.231,0.018802
31.241,0.018067
31.251,0.017286
31.261,0.016451
31.271,0.015577
31.281,0.014672
31.291,0.013726
31.301,0.012729
31.311,0.011709
31.321,0.010614
31.331,0.0095204
31.341,0.0083803
31.351,0.0072034
31.361,0.0060138
31.371,0.0048531
31.381,0.0036546
31.391,0.0024659
31.401,0.0012847
31.411,0.00014682
31.421,-0.00096719
31.431,-0.0020766
31.441,-0.003151
31.451,-0.0042106
31.461,-0.0052426
31.471,-0.006229
31.481,-0.0071776
31.491,-0.0080936
31.501,-0.0089528
31.511,-0.0097622
31.521,-0.010518
31.531,-0.011235
31.541,-0.01192
31.551,-0.012544
31.561,-0.013118
31.571,-0.013635
31.581,-0.014103
31.591,-0.014523
31.601,-0.014901
31.611,-0.015241
31.621,-0.01552
31.631,-0.015746
31.641,-0.015926
31.651,-0.016066
31.661,-0.016159
31.671,-0.016204
31.681,-0.016209
31.692,-0.016171
31.702,-0.016089
31.712,-0.015958
31.722,-0.015782
31.732,-0.015574
31.742,-0.015322
31.752,-0.015021
31.762,-0.014683
31.772,-0.01431
31.782,-0.013902
31.792,-0.013453
31.802,-0.01296
31.812,-0.012434
31.822,-0.011872
31.832,-0.011278
31.842,-0.010669
31.852,-0.010038
31.862,-0.0093795
31.872,-0.0086938
31.882,-0.0079906
31.892,-0.0072748
31.902,-0.006547
31.912,-0.0058062
31.922,-0.0050547
31.932,-0.0043016
31.942,-0.0035456
31.952,-0.0027925
31.962,-0.0020384
31.972,-0.0012877
31.982,-0.00054231
31.992,0.00019922
32.002,0.00093764
32.012,0.0016683
32.022,0.0023892
32.032,0.0030982
32.042,0.0037908
32.052,0.0044633
32.062,0.0051206
32.072,0.0057713
32.082,0.0063988
32.092,0.0069957
32.102,0.0075697
32.112,0.0081251
32.122,0.0086586
32.132,0.0091676
32.142,0.0096515
32.152,0.010116
32.162,0.01055
32.172,0.010964
32.182,0.011361
32.192,0.011737
32.202,0.012084
32.212,0.012403
32.222,0.012704
32.232,0.012988
32.242,0.013254
32.252,0.013504
32.262,0.013744
32.272,0.013964
32.282,0.014164
32.292,0.014353
32.302,0.014532
32.312,0.014712
32.322,0.014894
32.332,0.015072
32.342,0.015242
32.352,0.015413
32.362,0.01559
32.372,0.015785
32.382,0.01598
32.392,0.016183
32.402,0.016402
32.412,0.016643
32.422,0.016899
32.432,0.017172
32.442,0.017471
32.452,0.017795
32.462,0.018134
32.472,0.018504
32.482,0.018902
32.492,0.019326
32.502,0.019779
32.512,0.020265
32.522,0.020781
32.532,0.021326
32.542,0.021897
32.552,0.022493
32.562,0.023116
32.572,0.023764
32.582,0.024441
32.592,0.025134
32.602,0.025846
32.612,0.026575
32.622,0.027309
32.632,0.028065
32.642,0.028833
32.652,0.029602
32.662,0.03037
32.672,0.031139
32.682,0.031907
32.692,0.032658
32.702,0.033387
32.712,0.034107
32.722,0.034797
32.732,0.035458
32.742,0.036096
32.752,0.036702
32.762,0.037259
32.772,0.037773
32.782,0.038246
32.792,0.038669
32.802,0.039036
32.812,0.039352
32.822,0.039614
32.832,0.039808
32.842,0.039934
32.852,0.039997
32.862,0.039987
32.872,0.039905
32.882,0.039762
32.892,0.039543
32.902,0.039251
32.912,0.038887
32.922,0.038447
32.932,0.03794
32.942,0.037347
32.952,0.036678
32.962,0.035927
32.972,0.035113
32.982,0.034238
32.992,0.033292
33.002,0.03228
33.012,0.031199
33.022,0.03004
33.032,0.028849
33.042,0.027581
33.052,0.02625
33.062,0.024885
33.072,0.023424
33.082,0.021943
33.092,0.020464
33.102,0.018926
33.112,0.017404
33.122,0.015922
33.132,0.014409
33.142,0.012893
33.152,0.011388
33.162,0.0098863
33.173,0.0083867
33.183,0.006907
33.193,0.0054263
33.203,0.0039792
33.213,0.0025782
33.223,0.0012122
33.233,-9.7138e-005
33.243,-0.0013751
33.253,-0.0025817
33.263,-0.0037362
33.273,-0.0048247
33.283,-0.0058688
33.293,-0.0068671
33.303,-0.0078112
33.313,-0.0086785
33.323,-0.0094795
33.333,-0.010214
33.343,-0.010886
33.353,-0.011494
33.363,-0.01202
33.373,-0.012469
33.383,-0.012846
33.393,-0.013156
33.403,-0.013401
33.413,-0.013574
33.423,-0.01368
33.433,-0.013715
33.443,-0.013671
33.453,-0.013542
33.463,-0.013335
33.473,-0.013049
33.483,-0.012691
33.493,-0.012264
33.503,-0.01176
33.513,-0.011183
33.523,-0.010528
33.533,-0.0098064
33.543,-0.0090209
33.553,-0.0081582
33.563,-0.0071945
33.573,-0.0061532
33.583,-0.0050653
33.593,-0.0038888
33.603,-0.0026917
33.613,-0.0014119
33.623,-9.2384e-005
33.633,0.0012901
33.643,0.0027022
33.653,0.0041694
33.663,0.0056704
33.673,0.0071881
33.683,0.0087371
33.693,0.01032
33.703,0.011918
33.713,0.013543
33.723,0.015186
33.733,0.016883
33.743,0.01854
33.753,0.020261
33.763,0.02197
33.773,0.023658
33.783,0.02535
33.793,0.027013
33.803,0.028647
33.813,0.030248
33.823,0.031816
33.833,0.03337
33.843,0.03488
33.853,0.03635
33.863,0.037767
33.873,0.039155
33.883,0.040506
33.893,0.041796
33.903,0.043013
33.913,0.044179
33.923,0.045298
33.933,0.04636
33.943,0.047357
33.953,0.048301
33.963,0.049173
33.973,0.049986
33.983,0.050731
33.993,0.05141
34.003,0.052029
34.013,0.052582
34.023,0.053071
34.033,0.053498
34.043,0.053873
34.053,0.054188
34.063,0.054443
34.073,0.054643
34.083,0.054797
34.093,0.054899
34.103,0.054949
34.113,0.05496
34.123,0.054939
34.133,0.054888
34.143,0.054801
34.153,0.054691
34.163,0.05456
34.173,0.054412
34.183,0.054263
34.193,0.054103
34.203,0.053937
34.213,0.053774
34.223,0.053611
34.233,0.053453
34.243,0.053305
34.253,0.053168
34.263,0.053039
34.273,0.052924
34.283,0.05283
34.293,0.052758
34.303,0.052698
34.313,0.052661
34.323,0.052646
34.333,0.052653
34.343,0.052683
34.353,0.052721
34.363,0.052766
34.373,0.052825
34.383,0.052901
34.393,0.05299
34.403,0.053092
34.413,0.053201
34.423,0.053317
34.433,0.053431
34.443,0.053546
34.453,0.053661
34.463,0.053763
34.473,0.053855
34.483,0.053923
34.493,0.053964
34.503,0.05398
34.513,0.053957
34.523,0.0539
34.533,0.053794
34.543,0.053635
34.553,0.053424
34.563,0.05316
34.573,0.052838
34.583,0.05245
34.593,0.051985
34.603,0.051452
34.613,0.050846
34.623,0.050165
34.633,0.049399
34.644,0.04855
34.654,0.047627
34.664,0.046623
34.674,0.045531
34.684,0.04435
34.694,0.043083
34.704,0.041739
34.714,0.04032
34.724,0.038822
34.734,0.037245
34.744,0.035593
34.754,0.033869
34.764,0.03206
34.774,0.03018
34.784,0.028257
34.794,0.026291
34.804,0.024255
34.814,0.02217
34.824,0.020047
34.834,0.0179
34.844,0.015713
34.854,0.013511
34.864,0.011287
34.874,0.0090666
34.884,0.0068465
34.894,0.0046303
34.904,0.002432
34.914,0.00027567
34.924,-0.0018737
34.934,-0.0039932
34.944,-0.0060691
34.954,-0.0081005
34.964,-0.010077
34.974,-0.012004
34.984,-0.013856
34.994,-0.015629
35.004,-0.017331
35.014,-0.018938
35.024,-0.020469
35.034,-0.021899
35.044,-0.023234
35.054,-0.024467
35.064,-0.025596
35.074,-0.026627
35.084,-0.027544
35.094,-0.028349
35.104,-0.029041
35.114,-0.02961
35.124,-0.030065
35.134,-0.030406
35.144,-0.030626
35.154,-0.03073
35.164,-0.030708
35.174,-0.030558
35.184,-0.030283
35.194,-0.029893
35.204,-0.029388
35.214,-0.028773
35.224,-0.028052
35.234,-0.027214
35.244,-0.026271
35.254,-0.02523
35.264,-0.024096
35.274,-0.022874
35.284,-0.021555
35.294,-0.020143
35.304,-0.018652
35.314,-0.017089
35.324,-0.015463
35.334,-0.013766
35.344,-0.011999
35.354,-0.010185
35.364,-0.0083286
35.374,-0.0064359
35.384,-0.0045084
35.394,-0.0025529
35.404,-0.00055754
35.414,0.0014665
35.424,0.0034865
35.434,0.005514
35.444,0.0075568
35.454,0.0095963
35.464,0.011637
35.474,0.013666
35.484,0.015669
35.494,0.017657
35.504,0.019617
35.514,0.021546
35.524,0.023449
35.534,0.025325
35.544,0.027154
35.554,0.028927
35.564,0.030655
35.574,0.032339
35.584,0.033972
35.594,0.035544
35.604,0.037085
35.614,0.03856
35.624,0.039962
35.634,0.041295
35.644,0.042579
35.654,0.043799
35.664,0.04495
35.674,0.046045
35.684,0.047071
35.694,0.048027
35.704,0.048922
35.714,0.049759
35.724,0.050534
35.734,0.051238
35.744,0.051885
35.754,0.05248
35.764,0.05302
35.774,0.053505
35.784,0.053939
35.794,0.054315
35.804,0.054644
35.814,0.054935
35.824,0.055188
35.834,0.055398
35.844,0.055583
35.854,0.05574
35.864,0.055861
35.874,0.055952
35.884,0.056019
35.894,0.056066
35.904,0.056089
35.914,0.056097
35.924,0.056084
35.934,0.056053
35.944,0.056023
35.954,0.05599
35.964,0.055944
35.974,0.055903
35.984,0.055862
35.994,0.055815
36.004,0.055783
36.014,0.055762
36.024,0.055748
36.034,0.055745
36.044,0.055755
36.054,0.055777
36.064,0.055809
36.074,0.055865
36.084,0.055937
36.094,0.056027
36.104,0.056137
36.115,0.056259
36.125,0.05639
36.135,0.056537
36.145,0.056705
36.155,0.056892
36.165,0.057096
36.175,0.057312
36.185,0.05754
36.195,0.05778
36.205,0.058025
36.215,0.05828
36.225,0.058549
36.235,0.058826
36.245,0.059106
36.255,0.059393
36.265,0.059676
36.275,0.059955
36.285,0.060223
36.295,0.060474
36.305,0.060711
36.315,0.060924
36.325,0.061112
36.335,0.061275
36.345,0.06143
36.355,0.061556
36.365,0.061656
36.375,0.061724
36.385,0.061755
36.395,0.061758
36.405,0.061717
36.415,0.061639
36.425,0.061518
36.435,0.06135
36.445,0.061132
36.455,0.060863
36.465,0.060555
36.475,0.060199
36.485,0.059787
36.495,0.059312
36.505,0.058788
36.515,0.058221
36.525,0.057595
36.535,0.05691
36.545,0.056175
36.555,0.055387
36.565,0.054541
36.575,0.05364
36.585,0.052693
36.595,0.051701
36.605,0.050664
36.615,0.049574
36.625,0.048443
36.635,0.047271
36.645,0.046064
36.655,0.044823
36.665,0.043543
36.675,0.042239
36.685,0.040917
36.695,0.039569
36.705,0.038195
36.715,0.036794
36.725,0.035374
36.735,0.033942
36.745,0.032511
36.755,0.031085
36.765,0.029652
36.775,0.028214
36.785,0.026762
36.795,0.025309
36.805,0.023876
36.815,0.022446
36.825,0.021038
36.835,0.019636
36.845,0.018252
36.855,0.016894
36.865,0.015555
36.875,0.014243
36.885,0.012962
36.895,0.011711
36.905,0.010492
36.915,0.0093
36.925,0.0081549
36.935,0.0070476
36.945,0.0059698
36.955,0.004933
36.965,0.003934
36.975,0.0029766
36.985,0.0020559
36.995,0.0011776
37.005,0.0003412
37.015,-0.0004561
37.025,-0.0012117
37.035,-0.0019317
37.045,-0.0026131
37.055,-0.0032427
37.065,-0.0038128
37.075,-0.004339
37.085,-0.0048209
37.095,-0.0052635
37.105,-0.0056704
37.115,-0.0060258
37.125,-0.0063395
37.135,-0.0066104
37.145,-0.0068495
37.155,-0.0070552
37.165,-0.0072176
37.175,-0.0073305
37.185,-0.0074082
37.195,-0.0074531
37.205,-0.0074678
37.215,-0.0074421
37.225,-0.0073789
37.235,-0.0072793
37.245,-0.0071537
37.255,-0.0070025
37.265,-0.0068252
37.275,-0.0066149
37.285,-0.0063809
37.295,-0.0061216
37.305,-0.0058354
37.315,-0.0055128
37.325,-0.0051783
37.335,-0.0048268
37.345,-0.0044584
37.355,-0.0040719
37.365,-0.0036724
37.375,-0.0032537
37.385,-0.0028231
37.395,-0.0023831
37.405,-0.0019318
37.415,-0.0014673
37.425,-0.001001
37.435,-0.00053608
37.445,-6.1833e-005
37.455,0.00042002
37.465,0.00090055
37.475,0.0013719
37.485,0.0018381
37.495,0.0022942
37.505,0.0027371
37.515,0.0031822
37.525,0.0036207
37.535,0.0040481
37.545,0.0044659
37.555,0.0048747
37.565,0.005273
37.575,0.0056562
37.586,0.0060312
37.596,0.0063956
37.606,0.0067446
37.616,0.007083
37.626,0.0074074
37.636,0.0077205
37.646,0.0080254
37.656,0.0083212
37.666,0.0086131
37.676,0.0089001
37.686,0.0091871
37.696,0.0094688
37.706,0.0097446
37.716,0.010014
37.726,0.010281
37.736,0.010543
37.746,0.010805
37.756,0.011068
37.766,0.011332
37.776,0.0116
37.786,0.01187
37.796,0.012139
37.806,0.012413
37.816,0.0127
37.826,0.013011
37.836,0.013326
37.846,0.013657
37.856,0.013999
37.866,0.014346
37.876,0.014704
37.886,0.015077
37.896,0.015458
37.906,0.015857
37.916,0.016262
37.926,0.016668
37.936,0.017094
37.946,0.017526
37.956,0.017967
37.966,0.01841
37.976,0.01886
37.986,0.019304
37.996,0.019746
38.006,0.02018
38.016,0.020597
38.026,0.021011
38.036,0.021422
38.046,0.02181
38.056,0.022175
38.066,0.022525
38.076,0.022847
38.086,0.023132
38.096,0.023388
38.106,0.023609
38.116,0.023787
38.126,0.023928
38.136,0.02402
38.146,0.024065
38.156,0.024063
38.166,0.024
38.176,0.023881
38.186,0.023721
38.196,0.023506
38.206,0.023223
38.216,0.022873
38.226,0.02246
38.236,0.02198
38.246,0.021443
38.256,0.020842
38.266,0.020191
38.276,0.019478
38.286,0.018706
38.296,0.017862
38.306,0.016953
38.316,0.015991
38.326,0.01496
38.336,0.013872
38.346,0.012734
38.356,0.011537
38.366,0.010288
38.376,0.0089877
38.386,0.0076616
38.396,0.0062876
38.406,0.0048711
38.416,0.0034227
38.426,0.0019527
38.436,0.00045635
38.446,-0.0010571
38.456,-0.0025755
38.466,-0.0041172
38.476,-0.0056725
38.486,-0.0072334
38.496,-0.0087844
38.506,-0.010326
38.516,-0.01186
38.526,-0.013383
38.536,-0.014891
38.546,-0.016364
38.556,-0.01782
38.566,-0.019255
38.576,-0.020658
38.586,-0.022029
38.596,-0.023356
38.606,-0.024635
38.616,-0.025857
38.626,-0.027043
38.636,-0.028186
38.646,-0.029277
38.656,-0.030307
38.666,-0.031268
38.676,-0.032175
38.686,-0.033029
38.696,-0.033823
38.706,-0.034556
38.716,-0.035217
38.726,-0.035815
38.736,-0.036353
38.746,-0.036825
38.756,-0.037227
38.766,-0.037564
38.776,-0.037845
38.786,-0.038054
38.796,-0.038211
38.806,-0.038306
38.816,-0.03835
38.826,-0.038328
38.836,-0.038244
38.846,-0.038107
38.856,-0.037921
38.866,-0.03769
38.876,-0.037407
38.886,-0.037069
38.896,-0.036666
38.906,-0.036226
38.916,-0.035733
38.926,-0.035204
38.936,-0.034629
38.946,-0.034005
38.956,-0.033352
38.966,-0.032667
38.976,-0.03194
38.986,-0.031178
38.996,-0.030392
39.006,-0.029563
39.016,-0.028702
39.026,-0.027806
39.036,-0.026878
39.046,-0.025915
39.056,-0.024932
39.067,-0.023929
39.077,-0.022894
39.087,-0.021842
39.097,-0.020766
39.107,-0.019672
39.117,-0.018549
39.127,-0.017402
39.137,-0.016243
39.147,-0.015078
39.157,-0.013901
39.167,-0.012708
39.177,-0.011497
39.187,-0.010273
39.197,-0.0090392
39.207,-0.0077948
39.217,-0.006547
39.227,-0.0052814
39.237,-0.0040154
39.247,-0.0027552
39.257,-0.0014801
39.267,-0.00019645
39.277,0.0010697
39.287,0.0023398
39.297,0.003626
39.307,0.0049086
39.317,0.0061894
39.327,0.0074784
39.337,0.0087651
39.347,0.010036
39.357,0.011313
39.367,0.012584
39.377,0.013848
39.387,0.015111
39.397,0.016359
39.407,0.017593
39.417,0.018821
39.427,0.020027
39.437,0.021207
39.447,0.022371
39.457,0.023513
39.467,0.024638
39.477,0.025733
39.487,0.026815
39.497,0.027869
39.507,0.028892
39.517,0.029889
39.527,0.030853
39.537,0.031792
39.547,0.0327
39.557,0.033569
39.567,0.034403
39.577,0.035199
39.587,0.035959
39.597,0.036673
39.607,0.03735
39.617,0.037977
39.627,0.03856
39.637,0.039096
39.647,0.039587
39.657,0.040023
39.667,0.040398
39.677,0.040716
39.687,0.040988
39.697,0.041214
39.707,0.041392
39.717,0.041512
39.727,0.041571
39.737,0.041584
39.747,0.041542
39.757,0.041436
39.767,0.041281
39.777,0.041078
39.787,0.040828
39.797,0.040526
39.807,0.040164
39.817,0.039757
39.827,0.039298
39.837,0.038782
39.847,0.03822
39.857,0.037619
39.867,0.036965
39.877,0.036274
39.887,0.035549
39.897,0.034787
39.907,0.033986
39.917,0.033155
39.927,0.032293
39.937,0.031403
39.947,0.030485
39.957,0.029543
39.967,0.028578
39.977,0.027587
39.987,0.026574
39.997,0.025549
40.007,0.024503
40.017,0.02345
40.027,0.022386
40.037,0.021312
40.047,0.020227
40.057,0.019135
40.067,0.01805
40.077,0.016967
40.087,0.015897
40.097,0.014845
40.107,0.013803
40.117,0.012778
40.127,0.011773
40.137,0.010772
40.147,0.0097984
40.157,0.008852
40.167,0.0079147
40.177,0.0069969
40.187,0.0061151
40.197,0.0052585
40.207,0.0044362
40.217,0.0036509
40.227,0.0028865
40.237,0.0021642
40.247,0.0014713
40.257,0.00081302
40.267,0.0001966
40.277,-0.00037497
40.287,-0.00092072
40.297,-0.0014297
40.307,-0.0018996
40.317,-0.0023297
40.327,-0.0027343
40.337,-0.0031098
40.347,-0.0034392
40.357,-0.0037274
40.367,-0.0039867
40.377,-0.0042112
40.387,-0.0043896
40.397,-0.0045364
40.407,-0.0046501
40.417,-0.0047289
40.427,-0.0047711
40.437,-0.0047687
40.447,-0.0047352
40.457,-0.0046559
40.467,-0.0045395
40.477,-0.0043823
40.487,-0.0041964
40.497,-0.0039753
40.507,-0.0037231
40.517,-0.0034281
40.527,-0.0031004
40.538,-0.0027438
40.548,-0.0023529
40.558,-0.00193
40.568,-0.0014806
40.578,-0.0010064
40.588,-0.00050181
40.598,3.2766e-005
40.608,0.00058801
40.618,0.0011743
40.628,0.0017842
40.638,0.0024158
40.648,0.0030771
40.658,0.0037678
40.668,0.0044863
40.678,0.0052379
40.688,0.0060126
40.698,0.0067945
40.708,0.0075982
40.718,0.0084268
40.728,0.0092779
40.738,0.010158
40.748,0.011054
40.758,0.011961
40.768,0.012884
40.778,0.013819
40.788,0.014749
40.798,0.015698
40.808,0.016661
40.818,0.017641
40.828,0.018626
40.838,0.019621
40.848,0.020613
40.858,0.021603
40.868,0.022612
40.878,0.023628
40.888,0.024636
40.898,0.025644
40.908,0.026647
40.918,0.027655
40.928,0.028653
40.938,0.029645
40.948,0.030634
40.958,0.031612
40.968,0.032578
40.978,0.033532
40.988,0.03446
40.998,0.03538
41.008,0.03629
41.018,0.03718
41.028,0.038055
41.038,0.038926
41.048,0.039765
41.058,0.040592
41.068,0.041402
41.078,0.042179
41.088,0.042942
41.098,0.043673
41.108,0.044373
41.118,0.045059
41.128,0.045724
41.138,0.046368
41.148,0.046995
41.158,0.047605
41.168,0.048185
41.178,0.048748
41.188,0.049294
41.198,0.049821
41.208,0.050321
41.218,0.050806
41.228,0.051265
41.238,0.051698
41.248,0.052116
41.258,0.052518
41.268,0.052913
41.278,0.053289
41.288,0.053638
41.298,0.053982
41.308,0.054323
41.318,0.05465
41.328,0.054955
41.338,0.055249
41.348,0.055536
41.358,0.055812
41.368,0.056067
41.378,0.056316
41.388,0.056547
41.398,0.056752
41.408,0.05695
41.418,0.057131
41.428,0.057298
41.438,0.057459
41.448,0.057604
41.458,0.057737
41.468,0.057857
41.478,0.057968
41.488,0.058071
41.498,0.058155
41.508,0.058223
41.518,0.058281
41.528,0.058325
41.538,0.058347
41.548,0.058345
41.558,0.058328
41.568,0.058292
41.578,0.058233
41.588,0.058157
41.598,0.058061
41.608,0.057956
41.618,0.057821
41.628,0.057669
41.638,0.057503
41.648,0.05731
41.658,0.057097
41.668,0.056864
41.678,0.056617
41.688,0.056339
41.698,0.056032
41.708,0.055711
41.718,0.055376
41.728,0.055024
41.738,0.054663
41.748,0.054289
41.758,0.053898
41.768,0.05349
41.778,0.053055
41.788,0.052605
41.798,0.052147
41.808,0.051689
41.818,0.051211
41.828,0.050718
41.838,0.050229
41.848,0.04974
41.858,0.04925
41.868,0.048765
41.878,0.048268
41.888,0.047767
41.898,0.047264
41.908,0.046765
41.918,0.046285
41.928,0.045813
41.938,0.045342
41.948,0.044882
41.958,0.044424
41.968,0.043964
41.978,0.043523
41.988,0.043095
41.998,0.042675
42.009,0.042275
42.019,0.041891
42.029,0.041521
42.039,0.041167
42.049,0.040829
42.059,0.0405
42.069,0.040177
42.079,0.03987
42.089,0.039579
42.099,0.039307
42.109,0.039041
42.119,0.038788
42.129,0.038541
42.139,0.038302
42.149,0.03807
42.159,0.037846
42.169,0.037626
42.179,0.037411
42.189,0.037203
42.199,0.036991
42.209,0.036785
42.219,0.036596
42.229,0.036406
42.239,0.036204
42.249,0.035999
42.259,0.035792
42.269,0.035575
42.279,0.035362
42.289,0.035136
42.299,0.034912
42.309,0.034673
42.319,0.034434
42.329,0.034182
42.339,0.033918
42.349,0.033638
42.359,0.033343
42.369,0.033021
42.379,0.032696
42.389,0.032373
42.399,0.032037
42.409,0.031686
42.419,0.031322
42.429,0.030949
42.439,0.030574
42.449,0.030195
42.459,0.029806
42.469,0.029415
42.479,0.02903
42.489,0.028642
42.499,0.028255
42.509,0.027869
42.519,0.027489
42.529,0.027117
42.539,0.026757
42.549,0.026396
42.559,0.026049
42.569,0.02572
42.579,0.025416
42.589,0.025112
42.599,0.024829
42.609,0.02456
42.619,0.024311
42.629,0.02409
42.639,0.023902
42.649,0.023733
42.659,0.023585
42.669,0.023472
42.679,0.02339
42.689,0.023338
42.699,0.023326
42.709,0.023336
42.719,0.023379
42.729,0.02346
42.739,0.023573
42.749,0.023716
42.759,0.023907
42.769,0.024124
42.779,0.024367
42.789,0.024663
42.799,0.025006
42.809,0.025381
42.819,0.025777
42.829,0.026216
42.839,0.026688
42.849,0.027188
42.859,0.027726
42.869,0.028296
42.879,0.028893
42.889,0.029546
42.899,0.030228
42.909,0.030936
42.919,0.031663
42.929,0.032416
42.939,0.033186
42.949,0.033985
42.959,0.034808
42.969,0.035673
42.979,0.036565
42.989,0.037466
42.999,0.038392
43.009,0.039323
43.019,0.040266
43.029,0.041216
43.039,0.042171
43.049,0.043135
43.059,0.044097
43.069,0.045062
43.079,0.046025
43.089,0.046974
43.099,0.047924
43.109,0.048878
43.119,0.04981
43.129,0.05072
43.139,0.051606
43.149,0.052474
43.159,0.053323
43.169,0.054138
43.179,0.054924
43.189,0.055687
43.199,0.05643
43.209,0.057139
43.219,0.057801
43.229,0.058435
43.239,0.059041
43.249,0.059599
43.259,0.060114
43.269,0.060588
43.279,0.061023
43.289,0.061409
43.299,0.061748
43.309,0.062029
43.319,0.062265
43.329,0.062459
43.339,0.062591
43.349,0.062685
43.359,0.062723
43.369,0.062702
43.379,0.062639
43.389,0.062516
43.399,0.062333
43.409,0.062102
43.419,0.061828
43.429,0.061493
43.439,0.061118
43.449,0.060711
43.459,0.060264
43.469,0.059767
43.479,0.059249
43.49,0.058695
43.5,0.058101
43.51,0.05748
43.52,0.056841
43.53,0.05617
43.54,0.055455
43.55,0.054714
43.56,0.053949
43.57,0.053174
43.58,0.05238
43.59,0.051576
43.6,0.050754
43.61,0.049909
43.62,0.04906
43.63,0.048216
43.64,0.047358
43.65,0.046499
43.66,0.045625
43.67,0.044761
43.68,0.043894
43.69,0.043016
43.7,0.042144
43.71,0.041284
43.72,0.040431
43.73,0.03958
43.74,0.038723
43.75,0.037874
43.76,0.037032
43.77,0.036193
43.78,0.035359
43.79,0.034507
43.8,0.033673
43.81,0.032844
43.82,0.032017
43.83,0.031196
43.84,0.030366
43.85,0.029539
43.86,0.028719
43.87,0.027897
43.88,0.027071
43.89,0.026231
43.9,0.025387
43.91,0.024524
43.92,0.023652
43.93,0.022777
43.94,0.021877
43.95,0.020981
43.96,0.020093
43.97,0.019189
43.98,0.018286
43.99,0.017378
44,0.016468
44.01,0.015558
44.02,0.014639
44.03,0.013735
44.04,0.012813
44.05,0.011905
44.06,0.011016
44.07,0.010128
44.08,0.0092463
44.09,0.0083914
44.1,0.007558
44.11,0.0067499
44.12,0.0059484
44.13,0.0051724
44.14,0.004412
44.15,0.0036824
44.16,0.0029922
44.17,0.0023411
44.18,0.0017269
44.19,0.0011623
44.2,0.00065582
44.21,0.00019252
44.22,-0.00023606
44.23,-0.00059374
44.24,-0.00088699
44.25,-0.0011373
44.26,-0.0013291
44.27,-0.00147
44.28,-0.001551
44.29,-0.0015645
44.3,-0.0015198
44.31,-0.0014121
44.32,-0.0012421
44.33,-0.0010083
44.34,-0.00070363
44.35,-0.00032273
44.36,0.00011298
44.37,0.00061875
44.38,0.0011834
44.39,0.0018168
44.4,0.0025008
44.41,0.0032352
44.42,0.0040391
44.43,0.0048933
44.44,0.0057854
44.45,0.0067248
44.46,0.0077096
44.47,0.008735
44.48,0.0098067
44.49,0.010902
44.5,0.012031
44.51,0.013187
44.52,0.014351
44.53,0.015541
44.54,0.016738
44.55,0.017964
44.56,0.019205
44.57,0.020425
44.58,0.021654
44.59,0.02288
44.6,0.024103
44.61,0.025308
44.62,0.026495
44.63,0.027678
44.64,0.028843
44.65,0.029991
44.66,0.031114
44.67,0.032206
44.68,0.033282
44.69,0.034312
44.7,0.035304
44.71,0.036252
44.72,0.037165
44.73,0.038028
44.74,0.038856
44.75,0.039636
44.76,0.040372
44.77,0.041053
44.78,0.041668
44.79,0.042238
44.8,0.042753
44.81,0.043221
44.82,0.043635
44.83,0.043982
44.84,0.044272
44.85,0.044503
44.86,0.044657
44.87,0.044761
44.88,0.044808
44.89,0.044791
44.9,0.044714
44.91,0.044587
44.92,0.044405
44.93,0.044135
44.94,0.043793
44.95,0.043402
44.961,0.042941
44.971,0.042425
44.981,0.04184
44.991,0.041201
45.001,0.040502
45.011,0.039726
45.021,0.038898
45.031,0.03801
45.041,0.037075
45.051,0.036089
45.061,0.035045
45.071,0.033944
45.081,0.032792
45.091,0.031592
45.101,0.030352
45.111,0.029077
45.121,0.02776
45.131,0.02641
45.141,0.025001
45.151,0.023556
45.161,0.022079
45.171,0.020568
45.181,0.018999
45.191,0.017421
45.201,0.015824
45.211,0.01419
45.221,0.012564
45.231,0.010901
45.241,0.0092248
45.251,0.0075349
45.261,0.0058395
45.271,0.0041433
45.281,0.0024378
45.291,0.00072302
45.301,-0.00097832
45.311,-0.0026771
45.321,-0.0043812
45.331,-0.0060724
45.341,-0.007708
45.351,-0.0093372
45.361,-0.010941
45.371,-0.012522
45.381,-0.014066
45.391,-0.015629
45.401,-0.017154
45.411,-0.01866
45.421,-0.020133
45.431,-0.021569
45.441,-0.022986
45.451,-0.024365
45.461,-0.02569
45.471,-0.026961
45.481,-0.028201
45.491,-0.029398
45.501,-0.03058
45.511,-0.031698
45.521,-0.032787
45.531,-0.033844
45.541,-0.034857
45.551,-0.035835
45.561,-0.036784
45.571,-0.037702
45.581,-0.038583
45.591,-0.039422
45.601,-0.040247
45.611,-0.041046
45.621,-0.0418
45.631,-0.042548
45.641,-0.043276
45.651,-0.043975
45.661,-0.044653
45.671,-0.04529
45.681,-0.045917
45.691,-0.046511
45.701,-0.047094
45.711,-0.047665
45.721,-0.048229
45.731,-0.048777
45.741,-0.049327
45.751,-0.049871
45.761,-0.050403
45.771,-0.050921
45.781,-0.051445
45.791,-0.05198
45.801,-0.052504
45.811,-0.053033
45.821,-0.05357
45.831,-0.054108
45.841,-0.054627
45.851,-0.055138
45.861,-0.055647
45.871,-0.056164
45.881,-0.056669
45.891,-0.057182
45.901,-0.057683
45.911,-0.058198
45.921,-0.05871
45.931,-0.059193
45.941,-0.059678
45.951,-0.060153
45.961,-0.060628
45.971,-0.061089
45.981,-0.061539
45.991,-0.061973
46.001,-0.062391
46.011,-0.062787
46.021,-0.063177
46.031,-0.063528
46.041,-0.06386
46.051,-0.064163
46.061,-0.06444
46.071,-0.064675
46.081,-0.064881
46.091,-0.065053
46.101,-0.065199
46.111,-0.065298
46.121,-0.065367
46.131,-0.065386
46.141,-0.065364
46.151,-0.065301
46.161,-0.065191
46.171,-0.065049
46.181,-0.064851
46.191,-0.064609
46.201,-0.064324
46.211,-0.063993
46.221,-0.063609
46.231,-0.063169
46.241,-0.062702
46.251,-0.062194
46.261,-0.061633
46.271,-0.061046
46.281,-0.060433
46.291,-0.059775
46.301,-0.059081
46.311,-0.058353
46.321,-0.057586
46.331,-0.056812
46.341,-0.056012
46.351,-0.055176
46.361,-0.054316
46.371,-0.053438
46.381,-0.052541
46.391,-0.051623
46.401,-0.050704
46.411,-0.049788
46.421,-0.048869
46.432,-0.047949
46.442,-0.047041
46.452,-0.046148
46.462,-0.045269
46.472,-0.0444
46.482,-0.043564
46.492,-0.042753
46.502,-0.041959
46.512,-0.0412
46.522,-0.040477
46.532,-0.039793
46.542,-0.039147
46.552,-0.038553
46.562,-0.038004
46.572,-0.037516
46.582,-0.037063
46.592,-0.036656
46.602,-0.036297
46.612,-0.035998
46.622,-0.035747
46.632,-0.035575
46.642,-0.035462
46.652,-0.035404
46.662,-0.035413
46.672,-0.035476
46.682,-0.035606
46.692,-0.035798
46.702,-0.036056
46.712,-0.036363
46.722,-0.036719
46.732,-0.037126
46.742,-0.037609
46.752,-0.038121
46.762,-0.038683
46.772,-0.039299
46.782,-0.039961
46.792,-0.040649
46.802,-0.041387
46.812,-0.042142
46.822,-0.042915
46.832,-0.043708
46.842,-0.044536
46.852,-0.045382
46.862,-0.046235
46.872,-0.047086
46.882,-0.047945
46.892,-0.048804
46.902,-0.049634
46.912,-0.05046
46.922,-0.051292
46.932,-0.05209
46.942,-0.05287
46.952,-0.053624
46.962,-0.054356
46.972,-0.055046
46.982,-0.05571
46.992,-0.056335
47.002,-0.056917
47.012,-0.057457
47.022,-0.057945
47.032,-0.058377
47.042,-0.058758
47.052,-0.059103
47.062,-0.059413
47.072,-0.059667
47.082,-0.059884
47.092,-0.060064
47.102,-0.060194
47.112,-0.06029
47.122,-0.060342
47.132,-0.060344
47.142,-0.060304
47.152,-0.060232
47.162,-0.060118
47.172,-0.059983
47.182,-0.059817
47.192,-0.059629
47.202,-0.059406
47.212,-0.059159
47.222,-0.058882
47.232,-0.058605
47.242,-0.058299
47.252,-0.057983
47.262,-0.057666
47.272,-0.057363
47.282,-0.057063
47.292,-0.056767
47.302,-0.056504
47.312,-0.056256
47.322,-0.056024
47.332,-0.055864
47.342,-0.05572
47.352,-0.0556
47.362,-0.055501
47.372,-0.055439
47.382,-0.055431
47.392,-0.055467
47.402,-0.055553
47.412,-0.055673
47.422,-0.055844
47.432,-0.056058
47.442,-0.056316
47.452,-0.056628
47.462,-0.056974
47.472,-0.057394
47.482,-0.057842
47.492,-0.058324
47.502,-0.058863
47.512,-0.059441
47.522,-0.060041
47.532,-0.060685
47.542,-0.06137
47.552,-0.062088
47.562,-0.06283
47.572,-0.06357
47.582,-0.064337
47.592,-0.065118
47.602,-0.065909
47.612,-0.066698
47.622,-0.067497
47.632,-0.068288
47.642,-0.069047
47.652,-0.069814
47.662,-0.070582
47.672,-0.071323
47.682,-0.072067
47.692,-0.072777
47.702,-0.073436
47.712,-0.074091
47.722,-0.074704
47.732,-0.075258
47.742,-0.075761
47.752,-0.076217
47.762,-0.076632
47.772,-0.076976
47.782,-0.077259
47.792,-0.077471
47.802,-0.077621
47.812,-0.0777
47.822,-0.0777
47.832,-0.077634
47.842,-0.077479
47.852,-0.077251
47.862,-0.076963
47.872,-0.076585
47.882,-0.076122
47.892,-0.075565
47.903,-0.074933
47.913,-0.074247
47.923,-0.073469
47.933,-0.072616
47.943,-0.071696
47.953,-0.070706
47.963,-0.069644
47.973,-0.068512
47.983,-0.0673
47.993,-0.066003
48.003,-0.064683
48.013,-0.06331
48.023,-0.061864
48.033,-0.060391
48.043,-0.058865
48.053,-0.057299
48.063,-0.055671
48.073,-0.053996
48.083,-0.052269
48.093,-0.050521
48.103,-0.048693
48.113,-0.046868
48.123,-0.045085
48.133,-0.043255
48.143,-0.041393
48.153,-0.039507
48.163,-0.03763
48.173,-0.035755
48.183,-0.033845
48.193,-0.03194
48.203,-0.030015
48.213,-0.028111
48.223,-0.026226
48.233,-0.024339
48.243,-0.022507
48.253,-0.020688
48.263,-0.018842
48.273,-0.017019
48.283,-0.015272
48.293,-0.013537
48.303,-0.011822
48.313,-0.010128
48.323,-0.0085268
48.333,-0.0069712
48.343,-0.0054081
48.353,-0.0039336
48.363,-0.0024743
48.373,-0.0010827
48.383,0.00030538
48.393,0.0016338
48.403,0.0029035
48.413,0.004112
48.423,0.0052625
48.433,0.0063311
48.443,0.0073756
48.453,0.0083921
48.463,0.0093341
48.473,0.010232
48.483,0.011075
48.493,0.011904
48.503,0.012664
48.513,0.013318
48.523,0.013918
48.533,0.014482
48.543,0.014976
48.553,0.015437
48.563,0.015832
48.573,0.016171
48.583,0.016432
48.593,0.016667
48.603,0.01683
48.613,0.016944
48.623,0.017019
48.633,0.017035
48.643,0.016994
48.653,0.016894
48.663,0.016759
48.673,0.016562
48.683,0.016335
48.693,0.016039
48.703,0.015698
48.713,0.015333
48.723,0.014921
48.733,0.014462
48.743,0.013974
48.753,0.013452
48.763,0.012895
48.773,0.012301
48.783,0.011667
48.793,0.010993
48.803,0.010287
48.813,0.0095582
48.823,0.0087907
48.833,0.0080189
48.843,0.007242
48.853,0.0064253
48.863,0.0056034
48.873,0.0047442
48.883,0.0038808
48.893,0.0030097
48.903,0.0021572
48.913,0.0012572
48.923,0.00035533
48.933,-0.00052923
48.943,-0.0014454
48.953,-0.00234
48.963,-0.0032249
48.973,-0.0040924
48.983,-0.0049454
48.993,-0.0057926
49.003,-0.0066164
49.013,-0.0074292
49.023,-0.0081877
49.033,-0.0089408
49.043,-0.0096912
49.053,-0.010409
49.063,-0.011087
49.073,-0.011739
49.083,-0.012414
49.093,-0.013024
49.103,-0.013614
49.113,-0.014168
49.123,-0.01469
49.133,-0.015152
49.143,-0.015624
49.153,-0.016017
49.163,-0.016384
49.173,-0.016767
49.183,-0.017113
49.193,-0.017459
49.203,-0.017772
49.213,-0.018034
49.223,-0.018256
49.233,-0.018432
49.243,-0.018583
49.253,-0.018696
49.263,-0.018774
49.273,-0.018801
49.283,-0.018779
49.293,-0.018726
49.303,-0.018624
49.313,-0.01849
49.323,-0.018317
49.333,-0.018116
49.343,-0.01783
49.353,-0.017521
49.363,-0.017177
49.373,-0.01684
49.384,-0.016464
49.394,-0.01606
49.404,-0.015646
49.414,-0.01516
49.424,-0.014651
49.434,-0.014083
49.444,-0.013501
49.454,-0.012856
49.464,-0.012181
49.474,-0.011451
49.484,-0.010691
49.494,-0.0099197
49.504,-0.0090803
49.514,-0.0082196
49.524,-0.0073153
49.534,-0.0063843
49.544,-0.0053981
49.554,-0.0043876
49.564,-0.0033633
49.574,-0.0022932
49.584,-0.0011707
49.594,-3.8026e-005
49.604,0.0011089
49.614,0.0023117
49.624,0.0035381
49.634,0.0047794
49.644,0.0060496
49.654,0.0073869
49.664,0.0087226
49.674,0.0099831
49.684,0.011254
49.694,0.012545
49.704,0.013776
49.714,0.015034
49.724,0.01625
49.734,0.017466
49.744,0.018673
49.754,0.019878
49.764,0.020958
49.774,0.02196
49.784,0.023015
49.794,0.024057
49.804,0.024959
49.814,0.025739
49.824,0.026452
49.834,0.027147
49.844,0.027722
49.854,0.028252
49.864,0.028714
49.874,0.029047
49.884,0.029279
49.894,0.029421
49.904,0.029356
49.914,0.029208
49.924,0.028993
49.934,0.028657
49.944,0.028166
49.954,0.027595
49.964,0.026764
49.974,0.025846
49.984,0.02469
49.994,0.023476
50.004,0.021806
50.014,0.019818
50.024,0.014238
