0,0.0058551
0.020045,0.0023265
0.04009,0.0024741
0.060134,0.002335
0.080179,0.0022927
0.10022,0.0021394
0.12027,0.0020446
0.14031,0.0021071
0.16036,0.0020875
0.1804,0.0021528
0.20045,0.0021489
0.22049,0.0022303
0.24054,0.0022507
0.26058,0.0021981
0.28063,0.0022134
0.30067,0.0022379
0.32072,0.0022582
0.34076,0.0022484
0.36081,0.0022972
0.38085,0.0022837
0.4009,0.0023028
0.42094,0.0022839
0.44099,0.0022481
0.46103,0.0022873
0.48108,0.0023209
0.50112,0.0023337
0.52117,0.0023863
0.54121,0.0024171
0.56126,0.0024281
0.5813,0.002373
0.60134,0.0023749
0.62139,0.0023623
0.64143,0.0022888
0.66148,0.0022644
0.68152,0.0022327
0.70157,0.0021741
0.72161,0.0021197
0.74166,0.0020662
0.7617,0.0020943
0.78175,0.0020872
0.80179,0.0020516
0.82184,0.0020316
0.84188,0.0020092
0.86193,0.0019732
0.88197,0.0019596
0.90202,0.0019749
0.92206,0.0020253
0.94211,0.002047
0.96215,0.0020213
0.9822,0.0020459
1.0022,0.0020194
1.0223,0.001957
1.0423,0.0019347
1.0624,0.0019466
1.0824,0.0019114
1.1025,0.0018583
1.1225,0.0017818
1.1426,0.0017465
1.1626,0.0017531
1.1826,0.0017386
1.2027,0.0016954
1.2227,0.0016329
1.2428,0.0015668
1.2628,0.0015452
1.2829,0.001549
1.3029,0.0015568
1.323,0.0015203
1.343,0.0014507
1.363,0.0014226
1.3831,0.0013759
1.4031,0.0013732
1.4232,0.0013832
1.4432,0.0013667
1.4633,0.0013126
1.4833,0.0012076
1.5034,0.00112
1.5234,0.0010133
1.5435,0.00099232
1.5635,0.00099811
1.5835,0.00096316
1.6036,0.00091899
1.6236,0.00090168
1.6437,0.00085085
1.6637,0.00082707
1.6838,0.00081509
1.7038,0.00080436
1.7239,0.00075768
1.7439,0.00072171
1.7639,0.0006909
1.784,0.00065382
1.804,0.00063315
1.8241,0.00059668
1.8441,0.00057647
1.8642,0.00057809
1.8842,0.00056635
1.9043,0.00055977
1.9243,0.00051954
1.9443,0.00048382
1.9644,0.00046475
1.9844,0.0004739
2.0045,0.00050322
2.0245,0.00053858
2.0446,0.0005496
2.0646,0.00054101
2.0847,0.00057224
2.1047,0.00059789
2.1248,0.00063687
2.1448,0.0006818
2.1648,0.00070292
2.1849,0.00074192
2.2049,0.0007696
2.225,0.00081096
2.245,0.0008936
2.2651,0.00095662
2.2851,0.0010238
2.3052,0.001091
2.3252,0.0011363
2.3452,0.0011792
2.3653,0.0012366
2.3853,0.0012972
2.4054,0.0013659
2.4254,0.0014476
2.4455,0.0015677
2.4655,0.0016598
2.4856,0.0017429
2.5056,0.0018401
2.5256,0.0019323
2.5457,0.0020197
2.5657,0.002137
2.5858,0.0022584
2.6058,0.0023456
2.6259,0.0024076
2.6459,0.0024849
2.666,0.002565
2.686,0.0026665
2.7061,0.0027643
2.7261,0.0028584
2.7461,0.002962
2.7662,0.0030935
2.7862,0.0031942
2.8063,0.0033036
2.8263,0.0033982
2.8464,0.0035116
2.8664,0.0036243
2.8865,0.0037468
2.9065,0.0038784
2.9265,0.0039768
2.9466,0.0040529
2.9666,0.004097
2.9867,0.0041678
3.0067,0.0042283
3.0268,0.0042783
3.0468,0.0043184
3.0669,0.0043622
3.0869,0.0044495
3.1069,0.0045328
3.127,0.0045827
3.147,0.0046455
3.1671,0.0047114
3.1871,0.0047915
3.2072,0.0048846
3.2272,0.0049359
3.2473,0.0049948
3.2673,0.0050591
3.2874,0.0051161
3.3074,0.0051256
3.3274,0.0051261
3.3475,0.0051164
3.3675,0.0051112
3.3876,0.0051309
3.4076,0.0051481
3.4277,0.0051506
3.4477,0.0051934
3.4678,0.0052438
3.4878,0.0052662
3.5078,0.0052553
3.5279,0.0052364
3.5479,0.0052199
3.568,0.0052113
3.588,0.0052268
3.6081,0.0052801
3.6281,0.0053082
3.6482,0.0053222
3.6682,0.0053254
3.6882,0.0052907
3.7083,0.0052283
3.7283,0.005195
3.7484,0.0051496
3.7684,0.0051008
3.7885,0.0050719
3.8085,0.0050397
3.8286,0.0049945
3.8486,0.0049591
3.8687,0.0049317
3.8887,0.0048984
3.9087,0.0048468
3.9288,0.0048042
3.9488,0.0047549
3.9689,0.0047027
3.9889,0.0046492
4.009,0.0045853
4.029,0.0045171
4.0491,0.0044393
4.0691,0.0043606
4.0891,0.0042898
4.1092,0.0042093
4.1292,0.0041291
4.1493,0.0040528
4.1693,0.0039609
4.1894,0.0038691
4.2094,0.0037712
4.2295,0.0036749
4.2495,0.003594
4.2695,0.0035307
4.2896,0.0034481
4.3096,0.0033421
4.3297,0.003237
4.3497,0.0031181
4.3698,0.0030022
4.3898,0.0028794
4.4099,0.0027372
4.4299,0.0026114
4.45,0.0025009
4.47,0.0024033
4.49,0.0023028
4.5101,0.0021886
4.5301,0.0020851
4.5502,0.0020005
4.5702,0.0019112
4.5903,0.0018034
4.6103,0.0017061
4.6304,0.0016108
4.6504,0.0015054
4.6704,0.0014324
4.6905,0.0013708
4.7105,0.0012835
4.7306,0.0011718
4.7506,0.0010247
4.7707,0.00086993
4.7907,0.00070876
4.8108,0.00056059
4.8308,0.00040933
4.8508,0.00026017
4.8709,0.00014116
4.8909,2.7969e-005
4.911,-8.2284e-005
4.931,-0.00019007
4.9511,-0.0002948
4.9711,-0.00040664
4.9912,-0.00052699
5.0112,-0.00065365
5.0313,-0.00078441
5.0513,-0.00091862
5.0713,-0.0010253
5.0914,-0.0011401
5.1114,-0.0012773
5.1315,-0.0013884
5.1515,-0.0014978
5.1716,-0.0015816
5.1916,-0.0016611
5.2117,-0.0017407
5.2317,-0.0017969
5.2517,-0.0018356
5.2718,-0.0018733
5.2918,-0.001918
5.3119,-0.0019621
5.3319,-0.0019896
5.352,-0.0020042
5.372,-0.002015
5.3921,-0.0020548
5.4121,-0.002106
5.4321,-0.0021453
5.4522,-0.0021847
5.4722,-0.0022059
5.4923,-0.0022232
5.5123,-0.0022538
5.5324,-0.002274
5.5524,-0.0022669
5.5725,-0.0022716
5.5925,-0.0022721
5.6126,-0.0022846
5.6326,-0.0022841
5.6526,-0.0022901
5.6727,-0.0022787
5.6927,-0.0022679
5.7128,-0.0022616
5.7328,-0.0022694
5.7529,-0.0022738
5.7729,-0.0022456
5.793,-0.002208
5.813,-0.0021539
5.833,-0.0020936
5.8531,-0.0020537
5.8731,-0.002039
5.8932,-0.002009
5.9132,-0.0019796
5.9333,-0.0019595
5.9533,-0.0019405
5.9734,-0.0019152
5.9934,-0.0018976
6.0134,-0.0018767
6.0335,-0.001844
6.0535,-0.0018185
6.0736,-0.0017979
6.0936,-0.0017708
6.1137,-0.0017371
6.1337,-0.0016948
6.1538,-0.0016644
6.1738,-0.0016068
6.1939,-0.001542
6.2139,-0.0014917
6.2339,-0.0014413
6.254,-0.0013814
6.274,-0.0013133
6.2941,-0.0012255
6.3141,-0.0011368
6.3342,-0.0010456
6.3542,-0.00095393
6.3743,-0.00083722
6.3943,-0.0007184
6.4143,-0.0006037
6.4344,-0.00048099
6.4544,-0.00034117
6.4745,-0.00018945
6.4945,-1.4804e-005
6.5146,0.00016966
6.5346,0.00034329
6.5547,0.00053702
6.5747,0.00073447
6.5947,0.000943
6.6148,0.0011632
6.6348,0.0014
6.6549,0.0016454
6.6749,0.0018986
6.695,0.0021578
6.715,0.0024074
6.7351,0.0026615
6.7551,0.0029178
6.7752,0.0031976
6.7952,0.0034914
6.8152,0.0037994
6.8353,0.004113
6.8553,0.0044421
6.8754,0.0047759
6.8954,0.005115
6.9155,0.0054472
6.9355,0.0057827
6.9556,0.0061154
6.9756,0.0064553
6.9956,0.0067963
7.0157,0.0071157
7.0357,0.0074127
7.0558,0.0076963
7.0758,0.0079839
7.0959,0.0082579
7.1159,0.0085043
7.136,0.0087279
7.156,0.0089291
7.176,0.0091016
7.1961,0.0092455
7.2161,0.0093516
7.2362,0.0094091
7.2562,0.0093923
7.2763,0.0093356
7.2963,0.0092395
7.3164,0.009099
7.3364,0.0088908
7.3565,0.008621
7.3765,0.0082872
7.3965,0.0078928
7.4166,0.0074523
7.4366,0.0069531
7.4567,0.0063869
7.4767,0.0057689
7.4968,0.0050911
7.5168,0.0043523
7.5369,0.0035643
7.5569,0.0027446
7.5769,0.0018839
7.597,0.00098787
7.617,6.1877e-005
7.6371,-0.00089696
7.6571,-0.0018828
7.6772,-0.0028834
7.6972,-0.0038988
7.7173,-0.004899
7.7373,-0.0058856
7.7573,-0.0068638
7.7774,-0.0078363
7.7974,-0.0087945
7.8175,-0.0097241
7.8375,-0.010618
7.8576,-0.011473
7.8776,-0.012279
7.8977,-0.013062
7.9177,-0.013824
7.9378,-0.014567
7.9578,-0.015262
7.9778,-0.015909
7.9979,-0.016492
8.0179,-0.017009
8.038,-0.017483
8.058,-0.017917
8.0781,-0.018302
8.0981,-0.018635
8.1182,-0.018913
8.1382,-0.019152
8.1582,-0.01934
8.1783,-0.019468
8.1983,-0.019558
8.2184,-0.019618
8.2384,-0.019649
8.2585,-0.019656
8.2785,-0.019657
8.2986,-0.019621
8.3186,-0.019551
8.3386,-0.01946
8.3587,-0.019321
8.3787,-0.019144
8.3988,-0.018938
8.4188,-0.018721
8.4389,-0.018499
8.4589,-0.018264
8.479,-0.018012
8.499,-0.017751
8.5191,-0.017474
8.5391,-0.017202
8.5591,-0.016938
8.5792,-0.01666
8.5992,-0.016364
8.6193,-0.016072
8.6393,-0.015787
8.6594,-0.015521
8.6794,-0.015261
8.6995,-0.015001
8.7195,-0.014753
8.7395,-0.014501
8.7596,-0.014262
8.7796,-0.014046
8.7997,-0.01385
8.8197,-0.013664
8.8398,-0.013477
8.8598,-0.013275
8.8799,-0.013073
8.8999,-0.012907
8.9199,-0.012767
8.94,-0.012645
8.96,-0.012547
8.9801,-0.01248
9.0001,-0.01241
9.0202,-0.012323
9.0402,-0.012223
9.0603,-0.012127
9.0803,-0.012044
9.1004,-0.011958
9.1204,-0.011866
9.1404,-0.011788
9.1605,-0.011713
9.1805,-0.011619
9.2006,-0.01153
9.2206,-0.011441
9.2407,-0.011375
9.2607,-0.011304
9.2808,-0.01124
9.3008,-0.011167
9.3208,-0.011079
9.3409,-0.010983
9.3609,-0.010885
9.381,-0.01077
9.401,-0.01064
9.4211,-0.0105
9.4411,-0.010357
9.4612,-0.010196
9.4812,-0.010031
9.5012,-0.0098527
9.5213,-0.0096589
9.5413,-0.0094568
9.5614,-0.0092665
9.5814,-0.0090703
9.6015,-0.008861
9.6215,-0.0086427
9.6416,-0.0084141
9.6616,-0.0081538
9.6817,-0.0078687
9.7017,-0.0075834
9.7217,-0.0072825
9.7418,-0.0069483
9.7618,-0.0065942
9.7819,-0.006237
9.8019,-0.0058584
9.822,-0.0054606
9.842,-0.0050413
9.8621,-0.0045948
9.8821,-0.0041333
9.9021,-0.003655
9.9222,-0.0031504
9.9422,-0.0026219
9.9623,-0.0020646
9.9823,-0.0014836
10.002,-0.00088473
10.022,-0.00025327
10.042,0.00042716
10.063,0.001159
10.083,0.0019314
10.103,0.0027223
10.123,0.003538
10.143,0.0043866
10.163,0.0052682
10.183,0.0061698
10.203,0.0071084
10.223,0.0080905
10.243,0.0091105
10.263,0.010169
10.283,0.011265
10.303,0.012417
10.323,0.013622
10.343,0.014861
10.363,0.016117
10.383,0.0174
10.403,0.018735
10.423,0.020117
10.443,0.021553
10.463,0.023038
10.483,0.024585
10.503,0.026177
10.524,0.027814
10.544,0.029485
10.564,0.03121
10.584,0.032999
10.604,0.034851
10.624,0.036742
10.644,0.038703
10.664,0.040742
10.684,0.042825
10.704,0.044958
10.724,0.047147
10.744,0.049371
10.764,0.051595
10.784,0.053822
10.804,0.056004
10.824,0.058142
10.844,0.060184
10.864,0.062136
10.884,0.063962
10.904,0.065628
10.924,0.067115
10.944,0.068359
10.965,0.069318
10.985,0.069968
11.005,0.070278
11.025,0.070218
11.045,0.069773
11.065,0.068914
11.085,0.06762
11.105,0.065856
11.125,0.063632
11.145,0.060966
11.165,0.057861
11.185,0.054326
11.205,0.05039
11.225,0.046105
11.245,0.041548
11.265,0.036741
11.285,0.031703
11.305,0.026532
11.325,0.021312
11.345,0.016091
11.365,0.010916
11.385,0.0058839
11.406,0.001052
11.426,-0.0035021
11.446,-0.0077344
11.466,-0.011581
11.486,-0.015008
11.506,-0.017966
11.526,-0.020438
11.546,-0.022394
11.566,-0.023846
11.586,-0.024783
11.606,-0.02521
11.626,-0.025163
11.646,-0.024685
11.666,-0.023821
11.686,-0.022624
11.706,-0.021135
11.726,-0.019425
11.746,-0.017538
11.766,-0.015538
11.786,-0.013512
11.806,-0.011509
11.826,-0.0095706
11.846,-0.0077373
11.867,-0.0060618
11.887,-0.0045856
11.907,-0.0033379
11.927,-0.0023388
11.947,-0.0015907
11.967,-0.0011034
11.987,-0.00086262
12.007,-0.00084845
12.027,-0.0010341
12.047,-0.001389
12.067,-0.0018727
12.087,-0.0024352
12.107,-0.0030169
12.127,-0.003542
12.147,-0.0039634
12.167,-0.0042379
12.187,-0.0042895
12.207,-0.0040613
12.227,-0.0035087
12.247,-0.0025836
12.267,-0.0012602
12.287,0.00049497
12.308,0.0026973
12.328,0.0053462
12.348,0.0084128
12.368,0.011896
12.388,0.015766
12.408,0.019965
12.428,0.024441
12.448,0.029119
12.468,0.033938
12.488,0.038804
12.508,0.04365
12.528,0.048389
12.548,0.052932
12.568,0.057193
12.588,0.061098
12.608,0.064532
12.628,0.067419
12.648,0.069718
12.668,0.071375
12.688,0.072312
12.708,0.072488
12.728,0.071897
12.749,0.070526
12.769,0.06837
12.789,0.065439
12.809,0.061779
12.829,0.057428
12.849,0.052425
12.869,0.046835
12.889,0.040757
12.909,0.034254
12.929,0.027435
12.949,0.020355
12.969,0.013133
12.989,0.005873
13.009,-0.0013208
13.029,-0.0083784
13.049,-0.015238
13.069,-0.021799
13.089,-0.027995
13.109,-0.033758
13.129,-0.039072
13.149,-0.043904
13.169,-0.048172
13.189,-0.051859
13.21,-0.054963
13.23,-0.05748
13.25,-0.059432
13.27,-0.060809
13.29,-0.061622
13.31,-0.061903
13.33,-0.061651
13.35,-0.060886
13.37,-0.05964
13.39,-0.057935
13.41,-0.05576
13.43,-0.053117
13.45,-0.050035
13.47,-0.046547
13.49,-0.042616
13.51,-0.038229
13.53,-0.033377
13.55,-0.028069
13.57,-0.022302
13.59,-0.01607
13.61,-0.0093757
13.63,-0.0021496
13.651,0.0055918
13.671,0.013828
13.691,0.022549
13.711,0.031822
13.731,0.041621
13.751,0.051909
13.771,0.062681
13.791,0.073934
13.811,0.085642
13.831,0.097799
13.851,0.11037
13.871,0.12331
13.891,0.13661
13.911,0.15022
13.931,0.1641
13.951,0.17821
13.971,0.19255
13.991,0.20704
14.011,0.22172
14.031,0.23659
14.051,0.25159
14.071,0.26668
14.092,0.28195
14.112,0.29739
14.132,0.31307
14.152,0.32898
14.172,0.34517
14.192,0.36175
14.212,0.37879
14.232,0.39638
14.252,0.41458
14.272,0.43359
14.292,0.45348
14.312,0.47434
14.332,0.49635
14.352,0.51952
14.372,0.544
14.392,0.56997
14.412,0.5976
14.432,0.62686
14.452,0.65782
14.472,0.69055
14.492,0.72508
14.512,0.76165
14.533,0.80048
14.553,0.84162
14.573,0.88539
14.593,0.93153
14.613,0.98003
14.633,1.0306
14.653,1.0833
14.673,1.1383
14.693,1.1949
14.713,1.2532
14.733,1.3129
14.753,1.3738
14.773,1.4354
14.793,1.4979
14.813,1.5614
14.833,1.626
14.853,1.6923
14.873,1.7584
14.893,1.8245
14.913,1.8916
14.933,1.9578
14.953,2.0223
14.973,2.0855
14.994,2.1476
15.014,2.2081
15.034,2.2623
15.054,2.3108
15.074,2.3517
15.094,2.3861
15.114,2.413
15.134,2.4314
15.154,2.4409
15.174,2.441
15.194,2.4299
15.214,2.407
15.234,2.3722
15.254,2.3243
15.274,2.2624
15.294,2.1872
15.314,2.0987
15.334,1.9973
15.354,1.8826
15.374,1.7561
15.394,1.6175
15.414,1.4675
15.435,1.3074
15.455,1.137
15.475,0.95668
15.495,0.76865
15.515,0.57306
15.535,0.37147
15.555,0.16496
15.575,-0.045005
15.595,-0.25769
15.615,-0.47122
15.635,-0.68506
15.655,-0.89807
15.675,-1.1098
15.695,-1.3184
15.715,-1.5218
15.735,-1.7197
15.755,-1.9114
15.775,-2.095
15.795,-2.2701
15.815,-2.4371
15.835,-2.5953
15.855,-2.7434
15.876,-2.8821
15.896,-3.0101
15.916,-3.1273
15.936,-3.2339
15.956,-3.3296
15.976,-3.4136
15.996,-3.4872
16.016,-3.5502
16.036,-3.6028
16.056,-3.645
16.076,-3.6771
16.096,-3.6993
16.116,-3.7118
16.136,-3.7154
16.156,-3.7102
16.176,-3.6966
16.196,-3.6751
16.216,-3.6459
16.236,-3.6094
16.256,-3.5659
16.276,-3.5157
16.296,-3.4591
16.316,-3.3971
16.337,-3.3294
16.357,-3.2571
16.377,-3.1805
16.397,-3.0999
16.417,-3.0156
16.437,-2.9282
16.457,-2.8369
16.477,-2.7432
16.497,-2.647
16.517,-2.549
16.537,-2.4499
16.557,-2.3503
16.577,-2.2502
16.597,-2.1495
16.617,-2.0491
16.637,-1.9484
16.657,-1.8477
16.677,-1.7476
16.697,-1.6493
16.717,-1.5529
16.737,-1.4589
16.757,-1.3676
16.778,-1.2786
16.798,-1.1921
16.818,-1.1086
16.838,-1.0278
16.858,-0.9494
16.878,-0.87349
16.898,-0.79994
16.918,-0.72887
16.938,-0.66056
16.958,-0.59481
16.978,-0.53184
16.998,-0.47097
17.018,-0.41217
17.038,-0.35547
17.058,-0.30064
17.078,-0.24757
17.098,-0.19613
17.118,-0.14656
17.138,-0.098625
17.158,-0.052227
17.178,-0.00714
17.198,0.036513
17.219,0.078524
17.239,0.11892
17.259,0.15789
17.279,0.19547
17.299,0.23192
17.319,0.26712
17.339,0.30073
17.359,0.33263
17.379,0.36302
17.399,0.39162
17.419,0.41861
17.439,0.44383
17.459,0.46728
17.479,0.48888
17.499,0.50881
17.519,0.52733
17.539,0.54423
17.559,0.55951
17.579,0.57348
17.599,0.58616
17.619,0.59773
17.639,0.60822
17.659,0.61776
17.68,0.6265
17.7,0.63459
17.72,0.64224
17.74,0.64951
17.76,0.65651
17.78,0.66341
17.8,0.67032
17.82,0.67731
17.84,0.68444
17.86,0.69179
17.88,0.69937
17.9,0.70719
17.92,0.7153
17.94,0.72369
17.96,0.7323
17.98,0.74121
18,0.75039
18.02,0.75977
18.04,0.7693
18.06,0.77889
18.08,0.78843
18.1,0.79792
18.121,0.80731
18.141,0.81653
18.161,0.82547
18.181,0.83402
18.201,0.84211
18.221,0.84967
18.241,0.85666
18.261,0.86298
18.281,0.86849
18.301,0.87318
18.321,0.87694
18.341,0.87973
18.361,0.8815
18.381,0.88218
18.401,0.88173
18.421,0.8801
18.441,0.87721
18.461,0.8731
18.481,0.86768
18.501,0.86091
18.521,0.85279
18.541,0.84333
18.562,0.83244
18.582,0.8204
18.602,0.80719
18.622,0.79286
18.642,0.77748
18.662,0.76108
18.682,0.74384
18.702,0.72587
18.722,0.70728
18.742,0.68814
18.762,0.66857
18.782,0.64874
18.802,0.62885
18.822,0.60898
18.842,0.58918
18.862,0.56955
18.882,0.55036
18.902,0.53169
18.922,0.51357
18.942,0.49609
18.962,0.47934
18.982,0.46336
19.002,0.44811
19.023,0.43367
19.043,0.42001
19.063,0.40712
19.083,0.39498
19.103,0.38355
19.123,0.37279
19.143,0.36265
19.163,0.35304
19.183,0.34385
19.203,0.33501
19.223,0.32649
19.243,0.31826
19.263,0.31021
19.283,0.30229
19.303,0.29446
19.323,0.28675
19.343,0.27909
19.363,0.27146
19.383,0.26382
19.403,0.25617
19.423,0.24852
19.443,0.24093
19.464,0.23346
19.484,0.22617
19.504,0.21909
19.524,0.21227
19.544,0.20578
19.564,0.19964
19.584,0.19396
19.604,0.18874
19.624,0.18401
19.644,0.17978
19.664,0.17602
19.684,0.1727
19.704,0.1698
19.724,0.16727
19.744,0.16504
19.764,0.16303
19.784,0.16115
19.804,0.15931
19.824,0.15738
19.844,0.15533
19.864,0.15301
19.884,0.15034
19.905,0.14721
19.925,0.14354
19.945,0.13923
19.965,0.13422
19.985,0.12844
20.005,0.12187
20.025,0.11444
20.045,0.10618
20.065,0.097067
20.085,0.087109
20.105,0.076284
20.125,0.064661
20.145,0.052263
20.165,0.039141
20.185,0.025394
20.205,0.011093
20.225,-0.0036958
20.245,-0.01883
20.265,-0.034206
20.285,-0.049712
20.305,-0.065286
20.325,-0.080804
20.346,-0.096222
20.366,-0.1114
20.386,-0.12625
20.406,-0.14066
20.426,-0.15464
20.446,-0.16806
20.466,-0.18082
20.486,-0.19291
20.506,-0.20422
20.526,-0.21473
20.546,-0.22434
20.566,-0.23306
20.586,-0.24082
20.606,-0.24757
20.626,-0.25334
20.646,-0.25811
20.666,-0.26183
20.686,-0.26448
20.706,-0.26609
20.726,-0.26661
20.746,-0.26611
20.766,-0.26455
20.786,-0.26197
20.807,-0.25839
20.827,-0.25382
20.847,-0.2483
20.867,-0.24188
20.887,-0.23457
20.907,-0.22646
20.927,-0.21762
20.947,-0.2081
20.967,-0.19793
20.987,-0.18714
21.007,-0.17581
21.027,-0.16401
21.047,-0.15175
21.067,-0.1391
21.087,-0.12619
21.107,-0.113
21.127,-0.099626
21.147,-0.086131
21.167,-0.07254
21.187,-0.058899
21.207,-0.045279
21.227,-0.031757
21.248,-0.018372
21.268,-0.0051225
21.288,0.0079189
21.308,0.020668
21.328,0.033138
21.348,0.045232
21.368,0.056945
21.388,0.068277
21.408,0.079176
21.428,0.089596
21.448,0.09949
21.468,0.10883
21.488,0.11761
21.508,0.12578
21.528,0.13338
21.548,0.14037
21.568,0.14677
21.588,0.15259
21.608,0.15785
21.628,0.16254
21.648,0.16672
21.668,0.17042
21.689,0.17363
21.709,0.17643
21.729,0.17883
21.749,0.18089
21.769,0.18264
21.789,0.18411
21.809,0.18536
21.829,0.1864
21.849,0.18726
21.869,0.18797
21.889,0.18856
21.909,0.18904
21.929,0.18943
21.949,0.18972
21.969,0.18993
21.989,0.19005
22.009,0.19008
22.029,0.19
22.049,0.18982
22.069,0.18952
22.089,0.18908
22.109,0.1885
22.129,0.18775
22.15,0.18684
22.17,0.18574
22.19,0.18445
22.21,0.18297
22.23,0.18127
22.25,0.17935
22.27,0.17722
22.29,0.17488
22.31,0.17236
22.33,0.16966
22.35,0.16682
22.37,0.16385
22.39,0.16078
22.41,0.15763
22.43,0.15445
22.45,0.15123
22.47,0.14803
22.49,0.14486
22.51,0.14178
22.53,0.13879
22.55,0.1359
22.57,0.13315
22.591,0.13057
22.611,0.12818
22.631,0.12603
22.651,0.12409
22.671,0.1224
22.691,0.12098
22.711,0.11983
22.731,0.11894
22.751,0.11829
22.771,0.11787
22.791,0.11768
22.811,0.1177
22.831,0.11789
22.851,0.11826
22.871,0.11877
22.891,0.11938
22.911,0.12009
22.931,0.12087
22.951,0.12171
22.971,0.12259
22.991,0.12347
23.011,0.12436
23.032,0.12521
23.052,0.12601
23.072,0.12673
23.092,0.12736
23.112,0.12789
23.132,0.12831
23.152,0.12859
23.172,0.12873
23.192,0.12872
23.212,0.12855
23.232,0.12821
23.252,0.12766
23.272,0.12692
23.292,0.12597
23.312,0.12481
23.332,0.12342
23.352,0.12178
23.372,0.11988
23.392,0.11771
23.412,0.11525
23.432,0.1125
23.452,0.10942
23.472,0.10599
23.493,0.10224
23.513,0.098151
23.533,0.093722
23.553,0.088965
23.573,0.083869
23.593,0.078494
23.613,0.07282
23.633,0.066853
23.653,0.060636
23.673,0.054185
23.693,0.047547
23.713,0.040757
23.733,0.033805
23.753,0.026732
23.773,0.019611
23.793,0.012499
23.813,0.0054003
23.833,-0.0016835
23.853,-0.0086834
23.873,-0.01556
23.893,-0.022298
23.913,-0.028833
23.934,-0.035168
23.954,-0.04129
23.974,-0.047174
23.994,-0.052831
24.014,-0.058237
24.034,-0.063422
24.054,-0.068383
24.074,-0.073094
24.094,-0.077604
24.114,-0.081907
24.134,-0.085988
24.154,-0.089901
24.174,-0.093654
24.194,-0.097255
24.214,-0.10071
24.234,-0.10402
24.254,-0.10718
24.274,-0.1102
24.294,-0.11305
24.314,-0.11574
24.334,-0.11827
24.354,-0.1206
24.375,-0.12276
24.395,-0.12472
24.415,-0.12644
24.435,-0.12792
24.455,-0.12912
24.475,-0.13005
24.495,-0.13066
24.515,-0.13094
24.535,-0.13085
24.555,-0.13038
24.575,-0.12952
24.595,-0.12828
24.615,-0.12664
24.635,-0.12461
24.655,-0.12219
24.675,-0.11939
24.695,-0.11624
24.715,-0.11274
24.735,-0.10891
24.755,-0.1048
24.775,-0.10044
24.795,-0.095884
24.815,-0.091157
24.836,-0.086329
24.856,-0.081431
24.876,-0.076519
24.896,-0.071662
24.916,-0.066912
24.936,-0.062313
24.956,-0.057937
24.976,-0.053816
24.996,-0.050016
25.016,-0.046558
25.036,-0.043457
25.056,-0.040796
25.076,-0.038584
25.096,-0.03683
25.116,-0.035566
25.136,-0.034777
25.156,-0.034469
25.176,-0.034637
25.196,-0.03526
25.216,-0.036343
25.236,-0.037873
25.256,-0.039807
25.277,-0.04213
25.297,-0.044798
25.317,-0.047773
25.337,-0.051026
25.357,-0.054516
25.377,-0.058205
25.397,-0.062042
25.417,-0.065984
25.437,-0.070012
25.457,-0.07407
25.477,-0.078125
25.497,-0.082148
25.517,-0.086091
25.537,-0.089926
25.557,-0.093621
25.577,-0.097164
25.597,-0.10052
25.617,-0.10367
25.637,-0.10661
25.657,-0.10932
25.677,-0.11177
25.697,-0.11398
25.718,-0.11594
25.738,-0.11764
25.758,-0.11908
25.778,-0.12027
25.798,-0.12121
25.818,-0.12192
25.838,-0.12239
25.858,-0.12264
25.878,-0.12268
25.898,-0.1225
25.918,-0.12211
25.938,-0.12153
25.958,-0.12076
25.978,-0.11979
25.998,-0.11862
26.018,-0.11727
26.038,-0.11576
26.058,-0.11406
26.078,-0.11219
26.098,-0.11017
26.118,-0.108
26.138,-0.10567
26.159,-0.1032
26.179,-0.10059
26.199,-0.09786
26.219,-0.094982
26.239,-0.09196
26.259,-0.088812
26.279,-0.085533
26.299,-0.082133
26.319,-0.078611
26.339,-0.074975
26.359,-0.071246
26.379,-0.067437
26.399,-0.063546
26.419,-0.059579
26.439,-0.055556
26.459,-0.051507
26.479,-0.047456
26.499,-0.04343
26.519,-0.039449
26.539,-0.035516
26.559,-0.031653
26.579,-0.027882
26.599,-0.02422
26.62,-0.020679
26.64,-0.01727
26.66,-0.014021
26.68,-0.010959
26.7,-0.0081006
26.72,-0.0054639
26.74,-0.0030626
26.76,-0.00090584
26.78,0.00097272
26.8,0.0025656
26.82,0.0038526
26.84,0.0048089
26.86,0.0054369
26.88,0.0057157
26.9,0.0056201
26.92,0.0051521
26.94,0.0043126
26.96,0.0030936
26.98,0.0014904
27,-0.00051894
27.02,-0.0029265
27.04,-0.0057243
27.061,-0.0089296
27.081,-0.012532
27.101,-0.016529
27.121,-0.020902
27.141,-0.025597
27.161,-0.030591
27.181,-0.035895
27.201,-0.041456
27.221,-0.047239
27.241,-0.053201
27.261,-0.05928
27.281,-0.065413
27.301,-0.071561
27.321,-0.077654
27.341,-0.083606
27.361,-0.089334
27.381,-0.094803
27.401,-0.099963
27.421,-0.10477
27.441,-0.10916
27.461,-0.11308
27.481,-0.11647
27.502,-0.11929
27.522,-0.12152
27.542,-0.12315
27.562,-0.12414
27.582,-0.12452
27.602,-0.12426
27.622,-0.12341
27.642,-0.12201
27.662,-0.12007
27.682,-0.11765
27.702,-0.11481
27.722,-0.1116
27.742,-0.10808
27.762,-0.10432
27.782,-0.1004
27.802,-0.096385
27.822,-0.09232
27.842,-0.088277
27.862,-0.084301
27.882,-0.080465
27.902,-0.076832
27.922,-0.073421
27.942,-0.07026
27.963,-0.067372
27.983,-0.064771
28.003,-0.062478
28.023,-0.060465
28.043,-0.058734
28.063,-0.05725
28.083,-0.055976
28.103,-0.054867
28.123,-0.053896
28.143,-0.053018
28.163,-0.052173
28.183,-0.051309
28.203,-0.050394
28.223,-0.049393
28.243,-0.048266
28.263,-0.046982
28.283,-0.045509
28.303,-0.043832
28.323,-0.041937
28.343,-0.039808
28.363,-0.037453
28.383,-0.034886
28.404,-0.032112
28.424,-0.029165
28.444,-0.026056
28.464,-0.022826
28.484,-0.01951
28.504,-0.016134
28.524,-0.012768
28.544,-0.0094477
28.564,-0.0062102
28.584,-0.0030969
28.604,-0.00015048
28.624,0.0025914
28.644,0.005085
28.664,0.0073255
28.684,0.0092666
28.704,0.010889
28.724,0.012173
28.744,0.013114
28.764,0.013722
28.784,0.013964
28.804,0.013836
28.824,0.013332
28.845,0.012447
28.865,0.011199
28.885,0.0096097
28.905,0.0076745
28.925,0.0054179
28.945,0.0028813
28.965,6.6565e-005
28.985,-0.0029794
29.005,-0.0062353
29.025,-0.0096733
29.045,-0.013282
29.065,-0.017034
29.085,-0.020878
29.105,-0.024802
29.125,-0.028763
29.145,-0.032715
29.165,-0.036617
29.185,-0.040423
29.205,-0.0441
29.225,-0.047623
29.245,-0.050958
29.265,-0.054079
29.285,-0.056956
29.306,-0.05958
29.326,-0.061939
29.346,-0.064019
29.366,-0.065816
29.386,-0.067339
29.406,-0.068583
29.426,-0.069558
29.446,-0.070311
29.466,-0.070852
29.486,-0.071203
29.506,-0.071397
29.526,-0.07147
29.546,-0.071478
29.566,-0.071448
29.586,-0.071415
29.606,-0.071409
29.626,-0.071477
29.646,-0.07164
29.666,-0.071916
29.686,-0.072313
29.706,-0.072825
29.726,-0.073445
29.747,-0.074165
29.767,-0.074957
29.787,-0.075813
29.807,-0.07669
29.827,-0.077547
29.847,-0.078333
29.867,-0.079002
29.887,-0.079503
29.907,-0.07979
29.927,-0.0798
29.947,-0.0795
29.967,-0.078858
29.987,-0.077825
30.007,-0.076376
30.027,-0.074486
30.047,-0.072129
30.067,-0.069304
30.087,-0.066001
30.107,-0.062248
30.127,-0.058064
30.147,-0.053473
30.167,-0.048527
30.188,-0.043259
30.208,-0.037713
30.228,-0.031911
30.248,-0.025947
30.268,-0.019873
30.288,-0.01373
30.308,-0.0075751
30.328,-0.0014594
30.348,0.0045484
30.368,0.010424
30.388,0.016102
30.408,0.021553
30.428,0.02676
30.448,0.031661
30.468,0.036232
30.488,0.040447
30.508,0.044273
30.528,0.047713
30.548,0.050733
30.568,0.053304
30.588,0.055422
30.608,0.057075
30.628,0.058252
30.649,0.058957
30.669,0.059183
30.689,0.058907
30.709,0.058141
30.729,0.05687
30.749,0.055123
30.769,0.052916
30.789,0.050266
30.809,0.047211
30.829,0.043777
30.849,0.040004
30.869,0.035947
30.889,0.03164
30.909,0.027131
30.929,0.022484
30.949,0.01775
30.969,0.013003
30.989,0.0082966
31.009,0.0036856
31.029,-0.00077934
31.049,-0.0050537
31.069,-0.0090635
31.09,-0.012775
31.11,-0.016185
31.13,-0.019258
31.15,-0.021966
31.17,-0.024313
31.19,-0.026295
31.21,-0.027932
31.23,-0.029245
31.25,-0.030264
31.27,-0.03103
31.29,-0.031594
31.31,-0.031984
31.33,-0.032272
31.35,-0.032504
31.37,-0.03273
31.39,-0.032972
31.41,-0.03327
31.43,-0.033669
31.45,-0.034201
31.47,-0.034866
31.49,-0.035681
31.51,-0.036634
31.531,-0.037706
31.551,-0.038881
31.571,-0.040135
31.591,-0.041423
31.611,-0.042694
31.631,-0.043912
31.651,-0.045034
31.671,-0.04599
31.691,-0.04672
31.711,-0.047175
31.731,-0.047305
31.751,-0.04706
31.771,-0.046404
31.791,-0.04529
31.811,-0.043702
31.831,-0.041624
31.851,-0.039035
31.871,-0.035956
31.891,-0.032371
31.911,-0.02832
31.931,-0.023853
31.951,-0.019001
31.972,-0.013831
31.992,-0.0084023
32.012,-0.0027872
32.032,0.002938
32.052,0.0087011
32.072,0.014452
32.092,0.0201
32.112,0.025566
32.132,0.030797
32.152,0.035741
32.172,0.040354
32.192,0.044541
32.212,0.048265
32.232,0.051503
32.252,0.054218
32.272,0.05638
32.292,0.05798
32.312,0.059015
32.332,0.059474
32.352,0.059389
32.372,0.058745
32.392,0.057565
32.412,0.055877
32.433,0.053716
32.453,0.051135
32.473,0.048178
32.493,0.044846
32.513,0.041216
32.533,0.037339
32.553,0.033273
32.573,0.029075
32.593,0.024791
32.613,0.020487
32.633,0.016221
32.653,0.012026
32.673,0.0079632
32.693,0.0040761
32.713,0.00037794
32.733,-0.0030929
32.753,-0.0062884
32.773,-0.0092017
32.793,-0.011806
32.813,-0.014097
32.833,-0.01606
32.853,-0.017689
32.874,-0.018988
32.894,-0.019967
32.914,-0.020631
32.934,-0.020983
32.954,-0.021049
32.974,-0.020836
32.994,-0.020374
33.014,-0.019713
33.034,-0.018877
33.054,-0.017889
33.074,-0.016799
33.094,-0.015652
33.114,-0.014479
33.134,-0.01332
33.154,-0.012191
33.174,-0.011129
33.194,-0.010149
33.214,-0.009277
33.234,-0.0085426
33.254,-0.007946
33.274,-0.007501
33.294,-0.0072272
33.315,-0.007123
33.335,-0.0071878
33.355,-0.0074132
33.375,-0.0077875
33.395,-0.0082981
33.415,-0.0089274
33.435,-0.009648
33.455,-0.010425
33.475,-0.011227
33.495,-0.01203
33.515,-0.012809
33.535,-0.013507
33.555,-0.014078
33.575,-0.014489
33.595,-0.014729
33.615,-0.014774
33.635,-0.014603
33.655,-0.014202
33.675,-0.013568
33.695,-0.012691
33.715,-0.011569
33.735,-0.01022
33.755,-0.0086681
33.776,-0.0069202
33.796,-0.0049964
33.816,-0.0029332
33.836,-0.00074951
33.856,0.0015173
33.876,0.0038515
33.896,0.006207
33.916,0.0085494
33.936,0.010832
33.956,0.013049
33.976,0.015155
33.996,0.017131
34.016,0.018941
34.036,0.020597
34.056,0.022071
34.076,0.023341
34.096,0.024409
34.116,0.025266
34.136,0.025913
34.156,0.026342
34.176,0.026544
34.196,0.026543
34.217,0.026334
34.237,0.025922
34.257,0.025322
34.277,0.024544
34.297,0.023607
34.317,0.022527
34.337,0.021303
34.357,0.019946
34.377,0.018465
34.397,0.01689
34.417,0.015219
34.437,0.013481
34.457,0.011694
34.477,0.0098763
34.497,0.0080458
34.517,0.0062216
34.537,0.0044322
34.557,0.0026915
34.577,0.0010103
34.597,-0.00059431
34.617,-0.0021078
34.637,-0.0034977
34.658,-0.0047573
34.678,-0.0058816
34.698,-0.0068475
34.718,-0.007655
34.738,-0.0082983
34.758,-0.0087757
34.778,-0.0091098
34.798,-0.0093122
34.818,-0.0093861
34.838,-0.0093469
34.858,-0.009223
34.878,-0.0090465
34.898,-0.0088303
34.918,-0.008597
34.938,-0.0083736
34.958,-0.0081923
34.978,-0.0080977
34.998,-0.0080967
35.018,-0.0082099
35.038,-0.0084469
35.058,-0.0088117
35.078,-0.0093066
35.098,-0.0099229
35.119,-0.010668
35.139,-0.011528
35.159,-0.012483
35.179,-0.013504
35.199,-0.014565
35.219,-0.015645
35.239,-0.016692
35.259,-0.017669
35.279,-0.018516
35.299,-0.019209
35.319,-0.0197
35.339,-0.019957
35.359,-0.019952
35.379,-0.019638
35.399,-0.018988
35.419,-0.018019
35.439,-0.016701
35.459,-0.015018
35.479,-0.012977
35.499,-0.010586
35.519,-0.0078467
35.539,-0.004803
35.56,-0.0014811
35.58,0.0021106
35.6,0.0059388
35.62,0.0099645
35.64,0.014124
35.66,0.018385
35.68,0.022712
35.7,0.027084
35.72,0.031456
35.74,0.035766
35.76,0.04
35.78,0.044128
35.8,0.048108
35.82,0.051912
35.84,0.055512
35.86,0.058873
35.88,0.061983
35.9,0.06484
35.92,0.06742
35.94,0.069704
35.96,0.071679
35.98,0.073332
36.001,0.074677
36.021,0.075728
36.041,0.076483
36.061,0.076938
36.081,0.077112
36.101,0.077004
36.121,0.076631
36.141,0.075986
36.161,0.075075
36.181,0.073891
36.201,0.072457
36.221,0.070783
36.241,0.068882
36.261,0.066777
36.281,0.064467
36.301,0.061992
36.321,0.059361
36.341,0.056604
36.361,0.053726
36.381,0.050726
36.401,0.047625
36.421,0.044452
36.441,0.0412
36.462,0.037894
36.482,0.034547
36.502,0.031154
36.522,0.027723
36.542,0.024279
36.562,0.020843
36.582,0.017414
36.602,0.014017
36.622,0.010672
36.642,0.0073747
36.662,0.0041253
36.682,0.00095938
36.702,-0.0021117
36.722,-0.0050684
36.742,-0.0079
36.762,-0.01058
36.782,-0.013096
36.802,-0.015442
36.822,-0.017598
36.842,-0.019538
36.862,-0.021245
36.882,-0.022693
36.903,-0.023851
36.923,-0.02472
36.943,-0.025301
36.963,-0.0256
36.983,-0.025616
37.003,-0.025345
37.023,-0.024777
37.043,-0.02392
37.063,-0.022792
37.083,-0.0214
37.103,-0.019777
37.123,-0.017943
37.143,-0.015892
37.163,-0.013649
37.183,-0.011253
37.203,-0.0087461
37.223,-0.0061524
37.243,-0.0034841
37.263,-0.00076067
37.283,0.0019751
37.303,0.0046948
37.323,0.0073803
37.344,0.010019
37.364,0.012574
37.384,0.015028
37.404,0.017363
37.424,0.019592
37.444,0.021694
37.464,0.02365
37.484,0.025458
37.504,0.027119
37.524,0.028647
37.544,0.030027
37.564,0.031246
37.584,0.032304
37.604,0.033213
37.624,0.03397
37.644,0.034577
37.664,0.035031
37.684,0.035315
37.704,0.035425
37.724,0.035353
37.744,0.035115
37.764,0.034702
37.785,0.03412
37.805,0.033343
37.825,0.032385
37.845,0.031236
37.865,0.029886
37.885,0.028351
37.905,0.026621
37.925,0.024721
37.945,0.022665
37.965,0.02045
37.985,0.018084
38.005,0.015586
38.025,0.012982
38.045,0.010269
38.065,0.007469
38.085,0.0045848
38.105,0.0016505
38.125,-0.0013099
38.145,-0.004262
38.165,-0.0071866
38.185,-0.010061
38.205,-0.012896
38.225,-0.015657
38.246,-0.018328
38.266,-0.020909
38.286,-0.023379
38.306,-0.025728
38.326,-0.027972
38.346,-0.030111
38.366,-0.032136
38.386,-0.03406
38.406,-0.035883
38.426,-0.037614
38.446,-0.039271
38.466,-0.040862
38.486,-0.042391
38.506,-0.04386
38.526,-0.045288
38.546,-0.046679
38.566,-0.04803
38.586,-0.04934
38.606,-0.050611
38.626,-0.051837
38.646,-0.053009
38.666,-0.054137
38.687,-0.055202
38.707,-0.056185
38.727,-0.057095
38.747,-0.057928
38.767,-0.05868
38.787,-0.059327
38.807,-0.059858
38.827,-0.060253
38.847,-0.060521
38.867,-0.060634
38.887,-0.060596
38.907,-0.060396
38.927,-0.060034
38.947,-0.059498
38.967,-0.058794
38.987,-0.057935
39.007,-0.05693
39.027,-0.055789
39.047,-0.054538
39.067,-0.053208
39.087,-0.051804
39.107,-0.050329
39.128,-0.048811
39.148,-0.047261
39.168,-0.04568
39.188,-0.044101
39.208,-0.04255
39.228,-0.041027
39.248,-0.039535
39.268,-0.038097
39.288,-0.036731
39.308,-0.035425
39.328,-0.034186
39.348,-0.033003
39.368,-0.031887
39.388,-0.030841
39.408,-0.029859
39.428,-0.028941
39.448,-0.028064
39.468,-0.02722
39.488,-0.026399
39.508,-0.025599
39.528,-0.02482
39.548,-0.024054
39.568,-0.023309
39.589,-0.022579
39.609,-0.02185
39.629,-0.021114
39.649,-0.020391
39.669,-0.019682
39.689,-0.018976
39.709,-0.018295
39.729,-0.017646
39.749,-0.017033
39.769,-0.016466
39.789,-0.015946
39.809,-0.015511
39.829,-0.015151
39.849,-0.014871
39.869,-0.014676
39.889,-0.014583
39.909,-0.014579
39.929,-0.014687
39.949,-0.014916
39.969,-0.015238
39.989,-0.015664
40.009,-0.016199
40.03,-0.016849
40.05,-0.017601
40.07,-0.018479
40.09,-0.01947
40.11,-0.020584
40.13,-0.021807
40.15,-0.023142
40.17,-0.024594
40.19,-0.026157
40.21,-0.027807
40.23,-0.02953
40.25,-0.031319
40.27,-0.033171
40.29,-0.035088
40.31,-0.037036
40.33,-0.039006
40.35,-0.040979
40.37,-0.042925
40.39,-0.044815
40.41,-0.046616
40.43,-0.04829
40.45,-0.049825
40.471,-0.051211
40.491,-0.052397
40.511,-0.053349
40.531,-0.054056
40.551,-0.054501
40.571,-0.054636
40.591,-0.054465
40.611,-0.05399
40.631,-0.053199
40.651,-0.052106
40.671,-0.050715
40.691,-0.049055
40.711,-0.047126
40.731,-0.044958
40.751,-0.042593
40.771,-0.04007
40.791,-0.037402
40.811,-0.034616
40.831,-0.031757
40.851,-0.028861
40.871,-0.025933
40.891,-0.023
40.911,-0.020102
40.932,-0.017272
40.952,-0.014503
40.972,-0.011774
40.992,-0.0091068
41.012,-0.0065106
41.032,-0.003966
41.052,-0.0014626
41.072,0.0010139
41.092,0.0034833
41.112,0.0059469
41.132,0.0083997
41.152,0.010865
41.172,0.013355
41.192,0.01587
41.212,0.018419
41.232,0.021009
41.252,0.023618
41.272,0.026215
41.292,0.028801
41.312,0.031345
41.332,0.033808
41.352,0.036164
41.373,0.038384
41.393,0.040442
41.413,0.042289
41.433,0.0439
41.453,0.045256
41.473,0.046318
41.493,0.047049
41.513,0.047447
41.533,0.047488
41.553,0.047143
41.573,0.046417
41.593,0.045303
41.613,0.043811
41.633,0.041984
41.653,0.03983
41.673,0.03733
41.693,0.034531
41.713,0.031463
41.733,0.028168
41.753,0.024686
41.773,0.021022
41.793,0.017229
41.814,0.013326
41.834,0.0093345
41.854,0.005301
41.874,0.0012792
41.894,-0.0026915
41.914,-0.0065972
41.934,-0.010451
41.954,-0.014187
41.974,-0.01777
41.994,-0.021206
42.014,-0.024464
42.034,-0.02754
42.054,-0.030415
42.074,-0.033062
42.094,-0.035459
42.114,-0.037593
42.134,-0.03947
42.154,-0.04109
42.174,-0.042411
42.194,-0.043416
42.214,-0.044103
42.234,-0.04448
42.254,-0.044555
42.275,-0.044326
42.295,-0.043796
42.315,-0.042963
42.335,-0.041857
42.355,-0.040477
42.375,-0.03882
42.395,-0.036896
42.415,-0.034728
42.435,-0.032343
42.455,-0.029776
42.475,-0.027053
42.495,-0.0242
42.515,-0.021266
42.535,-0.018257
42.555,-0.015177
42.575,-0.012127
42.595,-0.0091253
42.615,-0.0061369
42.635,-0.003191
42.655,-0.000348
42.675,0.0023788
42.695,0.0049545
42.716,0.0074196
42.736,0.009748
42.756,0.011917
42.776,0.013947
42.796,0.015834
42.816,0.017583
42.836,0.019207
42.856,0.02072
42.876,0.022128
42.896,0.023467
42.916,0.024753
42.936,0.025981
42.956,0.027164
42.976,0.028316
42.996,0.029465
43.016,0.03063
43.036,0.031793
43.056,0.03297
43.076,0.034181
43.096,0.035412
43.116,0.036659
43.136,0.03791
43.157,0.039158
43.177,0.04042
43.197,0.041658
43.217,0.042832
43.237,0.043962
43.257,0.045032
43.277,0.046037
43.297,0.046917
43.317,0.047673
43.337,0.048297
43.357,0.048789
43.377,0.049141
43.397,0.049326
43.417,0.049317
43.437,0.049146
43.457,0.04882
43.477,0.048299
43.497,0.047593
43.517,0.046711
43.537,0.045631
43.557,0.044389
43.577,0.043014
43.598,0.04152
43.618,0.039898
43.638,0.038176
43.658,0.036379
43.678,0.034515
43.698,0.032651
43.718,0.030824
43.738,0.029057
43.758,0.027357
43.778,0.02575
43.798,0.024283
43.818,0.022984
43.838,0.021873
43.858,0.020975
43.878,0.020298
43.898,0.019871
43.918,0.019721
43.938,0.019853
43.958,0.020265
43.978,0.020977
43.998,0.021975
44.018,0.023228
44.038,0.024747
44.059,0.026501
44.079,0.02846
44.099,0.030585
44.119,0.032859
44.139,0.035269
44.159,0.03774
44.179,0.040244
44.199,0.042734
44.219,0.045182
44.239,0.047582
44.259,0.049899
44.279,0.052038
44.299,0.054013
44.319,0.0558
44.339,0.057402
44.359,0.058827
44.379,0.060059
44.399,0.06108
44.419,0.061905
44.439,0.062569
44.459,0.063084
44.479,0.063463
44.5,0.063726
44.52,0.063909
44.54,0.064021
44.56,0.064124
44.58,0.064245
44.6,0.064397
44.62,0.064645
44.64,0.065008
44.66,0.065489
44.68,0.066111
44.7,0.0669
44.72,0.067854
44.74,0.068991
44.76,0.070306
44.78,0.071791
44.8,0.073429
44.82,0.075198
44.84,0.077071
44.86,0.079038
44.88,0.081071
44.9,0.083141
44.92,0.085224
44.941,0.08726
44.961,0.089232
44.981,0.091103
45.001,0.092828
45.021,0.094358
45.041,0.095698
45.061,0.096831
45.081,0.097703
45.101,0.098306
45.121,0.098595
45.141,0.098588
45.161,0.098266
45.181,0.097617
45.201,0.096611
45.221,0.095273
45.241,0.093612
45.261,0.091611
45.281,0.089306
45.301,0.08672
45.321,0.083858
45.341,0.080736
45.361,0.077398
45.381,0.07384
45.402,0.070145
45.422,0.066287
45.442,0.062295
45.462,0.058209
45.482,0.054048
45.502,0.049821
45.522,0.045564
45.542,0.04135
45.562,0.037165
45.582,0.033057
45.602,0.02904
45.622,0.025109
45.642,0.021323
45.662,0.017686
45.682,0.014243
45.702,0.010969
45.722,0.007869
45.742,0.0049604
45.762,0.0022504
45.782,-0.00024116
45.802,-0.0025166
45.822,-0.0045983
45.843,-0.0064631
45.863,-0.0081211
45.883,-0.0095401
45.903,-0.010735
45.923,-0.011724
45.943,-0.0125
45.963,-0.013075
45.983,-0.013433
46.003,-0.013551
46.023,-0.013457
46.043,-0.01319
46.063,-0.012727
46.083,-0.012093
46.103,-0.011288
46.123,-0.010316
46.143,-0.0092206
46.163,-0.0079946
46.183,-0.0066372
46.203,-0.0051759
46.223,-0.0036287
46.243,-0.0020078
46.263,-0.00032948
46.284,0.0013804
46.304,0.0031002
46.324,0.0047984
46.344,0.0064581
46.364,0.0080884
46.384,0.0096627
46.404,0.011187
46.424,0.012615
46.444,0.013965
46.464,0.015207
46.484,0.016322
46.504,0.017304
46.524,0.01815
46.544,0.018827
46.564,0.019354
46.584,0.019725
46.604,0.019917
46.624,0.019924
46.644,0.019754
46.664,0.019419
46.684,0.018926
46.704,0.018243
46.724,0.017342
46.745,0.016267
46.765,0.014985
46.785,0.013516
46.805,0.011855
46.825,0.010007
46.845,0.0079857
46.865,0.0057958
46.885,0.003419
46.905,0.00084732
46.925,-0.0019092
46.945,-0.0048036
46.965,-0.0078589
46.985,-0.011063
47.005,-0.014415
47.025,-0.017947
47.045,-0.02158
47.065,-0.025288
47.085,-0.029056
47.105,-0.032815
47.125,-0.036594
47.145,-0.040326
47.165,-0.044065
47.186,-0.047704
47.206,-0.051238
47.226,-0.054649
47.246,-0.05787
47.266,-0.06091
47.286,-0.063735
47.306,-0.06628
47.326,-0.068563
47.346,-0.070501
47.366,-0.072124
47.386,-0.073398
47.406,-0.074308
47.426,-0.074828
47.446,-0.074974
47.466,-0.074728
47.486,-0.074102
47.506,-0.073083
47.526,-0.071688
47.546,-0.069945
47.566,-0.067842
47.586,-0.065435
47.606,-0.062711
47.627,-0.059699
47.647,-0.056425
47.667,-0.052921
47.687,-0.049191
47.707,-0.0453
47.727,-0.041267
47.747,-0.037115
47.767,-0.032863
47.787,-0.028574
47.807,-0.02423
47.827,-0.019923
47.847,-0.01562
47.867,-0.011364
47.887,-0.0072089
47.907,-0.003203
47.927,0.00071907
47.947,0.0044257
47.967,0.0080077
47.987,0.011444
48.007,0.014692
48.027,0.017757
48.047,0.02058
48.067,0.023229
48.088,0.025639
48.108,0.027823
48.128,0.029805
48.148,0.031592
48.168,0.033156
48.188,0.034509
48.208,0.035597
48.228,0.036451
48.248,0.03712
48.268,0.037574
48.288,0.037798
48.308,0.037703
48.328,0.037348
48.348,0.036735
48.368,0.035859
48.388,0.03471
48.408,0.03329
48.428,0.031588
48.448,0.029688
48.468,0.027475
48.488,0.025044
48.508,0.022383
48.529,0.019503
48.549,0.016436
48.569,0.01322
48.589,0.0099174
48.609,0.0065356
48.629,0.0030953
48.649,-0.00030416
48.669,-0.0035849
48.689,-0.006809
48.709,-0.0099324
48.729,-0.012917
48.749,-0.015718
48.769,-0.018337
48.789,-0.020717
48.809,-0.022848
48.829,-0.024793
48.849,-0.026533
48.869,-0.028091
48.889,-0.029413
48.909,-0.03058
48.929,-0.031638
48.949,-0.032594
48.97,-0.033476
48.99,-0.034272
49.01,-0.035008
49.03,-0.035704
49.05,-0.036352
49.07,-0.03705
49.09,-0.037643
49.11,-0.038115
49.13,-0.038562
49.15,-0.038907
49.17,-0.039131
49.19,-0.039242
49.21,-0.039099
49.23,-0.038689
49.25,-0.037954
49.27,-0.036972
49.29,-0.035814
49.31,-0.034348
49.33,-0.032496
49.35,-0.030203
49.37,-0.027689
49.39,-0.024867
49.411,-0.021825
49.431,-0.018493
49.451,-0.015013
49.471,-0.011367
49.491,-0.0075031
49.511,-0.0035117
49.531,0.00049108
49.551,0.0044656
49.571,0.0083874
49.591,0.012266
49.611,0.016024
49.631,0.019614
49.651,0.023063
49.671,0.026345
49.691,0.029572
49.711,0.03239
49.731,0.035057
49.751,0.037487
49.771,0.039653
49.791,0.041665
49.811,0.043526
49.831,0.045088
49.851,0.046272
49.872,0.04737
49.892,0.048302
49.912,0.049044
49.932,0.049502
49.952,0.049626
49.972,0.049577
49.992,0.048963
50.012,0.048039
50.032,0.046524
50.052,0.044315
50.072,0.04097
50.092,0.025729
