0,0.0038137
0.020044,0.0023267
0.040089,0.0022103
0.060133,0.002075
0.080177,0.0018493
0.10022,0.0018422
0.12027,0.0018461
0.14031,0.001904
0.16035,0.0020603
0.1804,0.0020949
0.20044,0.0021653
0.22049,0.0020274
0.24053,0.0019897
0.26058,0.0019749
0.28062,0.0018555
0.30067,0.0017847
0.32071,0.001786
0.34075,0.0017914
0.3608,0.0017411
0.38084,0.0016234
0.40089,0.001636
0.42093,0.0017149
0.44098,0.0016681
0.46102,0.0016367
0.48106,0.0016144
0.50111,0.0015484
0.52115,0.0015203
0.5412,0.0014308
0.56124,0.0013751
0.58129,0.0013379
0.60133,0.0013046
0.62138,0.001314
0.64142,0.0013376
0.66146,0.001399
0.68151,0.0014134
0.70155,0.0013416
0.7216,0.0012811
0.74164,0.001329
0.76169,0.001341
0.78173,0.0012755
0.80177,0.0011384
0.82182,0.0011245
0.84186,0.0011461
0.86191,0.0012057
0.88195,0.0012431
0.902,0.0011908
0.92204,0.0011679
0.94209,0.0011885
0.96213,0.0012288
0.98217,0.0012257
1.0022,0.0011876
1.0223,0.0011265
1.0423,0.0010606
1.0624,0.0010393
1.0824,0.0010083
1.1024,0.00096889
1.1225,0.00088266
1.1425,0.0008548
1.1626,0.00088752
1.1826,0.00092214
1.2027,0.00092898
1.2227,0.00090438
1.2428,0.00091358
1.2628,0.00088821
1.2828,0.00091991
1.3029,0.0009851
1.3229,0.0010114
1.343,0.00098783
1.363,0.00090535
1.3831,0.00080067
1.4031,0.00074364
1.4231,0.00070844
1.4432,0.00066237
1.4632,0.00058464
1.4833,0.00045113
1.5033,0.00036161
1.5234,0.00031988
1.5434,0.00027694
1.5635,0.00023081
1.5835,0.00023182
1.6035,0.00021314
1.6236,0.00011708
1.6436,3.4953e-005
1.6637,-1.1205e-005
1.6837,-5.6315e-005
1.7038,-0.00011493
1.7238,-0.0001233
1.7439,-0.00015818
1.7639,-0.00018652
1.7839,-0.00023542
1.804,-0.00029262
1.824,-0.00033549
1.8441,-0.00040095
1.8641,-0.00042502
1.8842,-0.00047173
1.9042,-0.00050127
1.9243,-0.00050858
1.9443,-0.00051692
1.9643,-0.00053681
1.9844,-0.00055476
2.0044,-0.00058207
2.0245,-0.00061625
2.0445,-0.0006274
2.0646,-0.0006047
2.0846,-0.00058302
2.1047,-0.00060387
2.1247,-0.00060105
2.1447,-0.00056238
2.1648,-0.00051156
2.1848,-0.00046744
2.2049,-0.00046786
2.2249,-0.00047633
2.245,-0.00047509
2.265,-0.00046845
2.2851,-0.00044659
2.3051,-0.00038289
2.3251,-0.00028639
2.3452,-0.00021236
2.3652,-0.00015875
2.3853,-0.0001096
2.4053,-5.5143e-005
2.4254,-4.5509e-006
2.4454,3.8768e-005
2.4655,8.58e-005
2.4855,0.00016362
2.5055,0.00024888
2.5256,0.00030809
2.5456,0.00036544
2.5657,0.00044276
2.5857,0.00050649
2.6058,0.00059756
2.6258,0.0006833
2.6459,0.00076716
2.6659,0.00086149
2.6859,0.00098416
2.706,0.0010946
2.726,0.0012213
2.7461,0.0013601
2.7661,0.0014955
2.7862,0.0016176
2.8062,0.0017133
2.8263,0.0018003
2.8463,0.0019111
2.8663,0.0020161
2.8864,0.0021504
2.9064,0.0022774
2.9265,0.0023823
2.9465,0.0024723
2.9666,0.0025517
2.9866,0.0026734
3.0067,0.002799
3.0267,0.0029198
3.0467,0.0030361
3.0668,0.0031677
3.0868,0.0032904
3.1069,0.0034311
3.1269,0.0035841
3.147,0.0037048
3.167,0.0038388
3.1871,0.0039872
3.2071,0.0041352
3.2271,0.0042608
3.2472,0.0044008
3.2672,0.004522
3.2873,0.0046598
3.3073,0.0047991
3.3274,0.0049061
3.3474,0.0050021
3.3675,0.0050641
3.3875,0.0051347
3.4075,0.0052225
3.4276,0.0052878
3.4476,0.0053606
3.4677,0.0054404
3.4877,0.0055017
3.5078,0.0055605
3.5278,0.0056026
3.5479,0.0056644
3.5679,0.0057092
3.5879,0.0057338
3.608,0.0057548
3.628,0.0058144
3.6481,0.0058887
3.6681,0.0059644
3.6882,0.0060128
3.7082,0.0060439
3.7283,0.006052
3.7483,0.0060512
3.7683,0.0060333
3.7884,0.0060257
3.8084,0.0060136
3.8285,0.0059962
3.8485,0.0059917
3.8686,0.0059821
3.8886,0.0059568
3.9087,0.0058868
3.9287,0.0058065
3.9487,0.005704
3.9688,0.0056067
3.9888,0.0054993
4.0089,0.0053921
4.0289,0.0052782
4.049,0.0051861
4.069,0.0051258
4.0891,0.0050842
4.1091,0.0050073
4.1291,0.004918
4.1492,0.0048222
4.1692,0.0047223
4.1893,0.004618
4.2093,0.0044845
4.2294,0.0043371
4.2494,0.0042038
4.2694,0.0040777
4.2895,0.0039337
4.3095,0.0038033
4.3296,0.0036949
4.3496,0.0035929
4.3697,0.0034786
4.3897,0.0033481
4.4098,0.0032267
4.4298,0.0031015
4.4498,0.0029776
4.4699,0.0028807
4.4899,0.0027734
4.51,0.0026585
4.53,0.0025411
4.5501,0.0024095
4.5701,0.00228
4.5902,0.0021538
4.6102,0.0020213
4.6302,0.0019224
4.6503,0.0018278
4.6703,0.0017104
4.6904,0.0015935
4.7104,0.0014863
4.7305,0.001386
4.7505,0.0012943
4.7706,0.0012104
4.7906,0.001131
4.8106,0.0010699
4.8307,0.0010275
4.8507,0.00098765
4.8708,0.000946
4.8908,0.00090247
4.9109,0.00087238
4.9309,0.00083716
4.951,0.00081032
4.971,0.00079796
4.991,0.00077033
5.0111,0.0007428
5.0311,0.00071912
5.0512,0.0007171
5.0712,0.00072412
5.0913,0.00073159
5.1113,0.00073546
5.1314,0.00072258
5.1514,0.00069085
5.1714,0.00066508
5.1915,0.00063446
5.2115,0.00060255
5.2316,0.00056272
5.2516,0.00052991
5.2717,0.00049103
5.2917,0.0004487
5.3118,0.00038275
5.3318,0.00030068
5.3518,0.00022049
5.3719,0.00013277
5.3919,1.649e-005
5.412,-0.00012277
5.432,-0.00027352
5.4521,-0.00044136
5.4721,-0.00062701
5.4922,-0.00080531
5.5122,-0.00097412
5.5322,-0.0011563
5.5523,-0.0013358
5.5723,-0.0015198
5.5924,-0.0017223
5.6124,-0.0019537
5.6325,-0.0021814
5.6525,-0.002399
5.6726,-0.0026044
5.6926,-0.0028148
5.7126,-0.0030279
5.7327,-0.0032376
5.7527,-0.0034445
5.7728,-0.003664
5.7928,-0.003884
5.8129,-0.0040758
5.8329,-0.0042772
5.853,-0.004469
5.873,-0.0046477
5.893,-0.0048077
5.9131,-0.0049496
5.9331,-0.0050961
5.9532,-0.0052286
5.9732,-0.0053711
5.9933,-0.0055156
6.0133,-0.0056315
6.0334,-0.0057272
6.0534,-0.0057991
6.0734,-0.0058552
6.0935,-0.0059074
6.1135,-0.0059511
6.1336,-0.0059871
6.1536,-0.0060108
6.1737,-0.0060402
6.1937,-0.0060601
6.2138,-0.0060701
6.2338,-0.0060672
6.2538,-0.0060213
6.2739,-0.0059683
6.2939,-0.0059063
6.314,-0.0058467
6.334,-0.0057867
6.3541,-0.0057251
6.3741,-0.0056593
6.3942,-0.0055787
6.4142,-0.0054918
6.4342,-0.005402
6.4543,-0.0053183
6.4743,-0.0052166
6.4944,-0.0051019
6.5144,-0.0049712
6.5345,-0.0048274
6.5545,-0.0046986
6.5746,-0.0045908
6.5946,-0.004448
6.6146,-0.0042754
6.6347,-0.0041027
6.6547,-0.0039385
6.6748,-0.0037822
6.6948,-0.0036546
6.7149,-0.0035298
6.7349,-0.0033853
6.755,-0.0032155
6.775,-0.003045
6.795,-0.0028601
6.8151,-0.00269
6.8351,-0.0025244
6.8552,-0.0023648
6.8752,-0.002215
6.8953,-0.0020839
6.9153,-0.0019595
6.9353,-0.001822
6.9554,-0.0016555
6.9754,-0.0014504
6.9955,-0.0012156
7.0155,-0.0009871
7.0356,-0.00076947
7.0556,-0.00054256
7.0757,-0.00028875
7.0957,-3.8781e-005
7.1157,0.0001955
7.1358,0.00045557
7.1558,0.00072896
7.1759,0.0010086
7.1959,0.001297
7.216,0.0016087
7.236,0.0019157
7.2561,0.002206
7.2761,0.0025273
7.2961,0.0028965
7.3162,0.0032699
7.3362,0.0036369
7.3563,0.0040099
7.3763,0.0043844
7.3964,0.0047714
7.4164,0.0051692
7.4365,0.0055689
7.4565,0.0059628
7.4765,0.0063852
7.4966,0.0068038
7.5166,0.0072091
7.5367,0.0076107
7.5567,0.0080025
7.5768,0.0083773
7.5968,0.0087478
7.6169,0.0090991
7.6369,0.009431
7.6569,0.0097287
7.677,0.0099861
7.697,0.010215
7.7171,0.010421
7.7371,0.010615
7.7572,0.010796
7.7772,0.010912
7.7973,0.010983
7.8173,0.011012
7.8373,0.010966
7.8574,0.010861
7.8774,0.010694
7.8975,0.01047
7.9175,0.010198
7.9376,0.0098798
7.9576,0.0095094
7.9777,0.0090691
7.9977,0.0085526
8.0177,0.0079694
8.0378,0.0073457
8.0578,0.00668
8.0779,0.0059722
8.0979,0.0052209
8.118,0.0044223
8.138,0.0036066
8.1581,0.0027747
8.1781,0.0019079
8.1981,0.0010407
8.2182,0.00017387
8.2382,-0.00070017
8.2583,-0.0015718
8.2783,-0.0024276
8.2984,-0.0032651
8.3184,-0.0040966
8.3385,-0.0049011
8.3585,-0.0056693
8.3785,-0.006404
8.3986,-0.007114
8.4186,-0.0077873
8.4387,-0.0084194
8.4587,-0.008999
8.4788,-0.0095223
8.4988,-0.0099733
8.5189,-0.010378
8.5389,-0.010741
8.5589,-0.011045
8.579,-0.011279
8.599,-0.011456
8.6191,-0.011586
8.6391,-0.011674
8.6592,-0.011693
8.6792,-0.011654
8.6993,-0.011578
8.7193,-0.011458
8.7393,-0.011283
8.7594,-0.01107
8.7794,-0.010819
8.7995,-0.010567
8.8195,-0.010305
8.8396,-0.010022
8.8596,-0.0097324
8.8797,-0.0094538
8.8997,-0.0091881
8.9197,-0.0089265
8.9398,-0.0086786
8.9598,-0.008447
8.9799,-0.0082672
8.9999,-0.0081565
9.02,-0.0081138
9.04,-0.0081215
9.0601,-0.0081978
9.0801,-0.0083428
9.1001,-0.0085713
9.1202,-0.0088785
9.1402,-0.0092528
9.1603,-0.0096867
9.1803,-0.010181
9.2004,-0.010754
9.2204,-0.011378
9.2405,-0.012049
9.2605,-0.012769
9.2805,-0.013529
9.3006,-0.014321
9.3206,-0.015123
9.3407,-0.015925
9.3607,-0.016706
9.3808,-0.01748
9.4008,-0.018206
9.4209,-0.01888
9.4409,-0.01948
9.4609,-0.020036
9.481,-0.020519
9.501,-0.020917
9.5211,-0.02123
9.5411,-0.021446
9.5612,-0.02157
9.5812,-0.021621
9.6012,-0.021589
9.6213,-0.021453
9.6413,-0.021229
9.6614,-0.020924
9.6814,-0.020552
9.7015,-0.020123
9.7215,-0.01963
9.7416,-0.019078
9.7616,-0.018499
9.7816,-0.017894
9.8017,-0.017264
9.8217,-0.016622
9.8418,-0.015985
9.8618,-0.01536
9.8819,-0.014755
9.9019,-0.014182
9.922,-0.01363
9.942,-0.013108
9.962,-0.01263
9.9821,-0.012178
10.002,-0.011754
10.022,-0.011362
10.042,-0.010995
10.062,-0.010644
10.082,-0.010301
10.102,-0.0099666
10.122,-0.0096059
10.142,-0.0091916
10.162,-0.0087419
10.183,-0.0082653
10.203,-0.0077432
10.223,-0.0071632
10.243,-0.0065096
10.263,-0.0057706
10.283,-0.0049445
10.303,-0.0040304
10.323,-0.0030237
10.343,-0.0019192
10.363,-0.00071863
10.383,0.00057051
10.403,0.0019358
10.423,0.0033661
10.443,0.004865
10.463,0.0064342
10.483,0.008041
10.503,0.0096639
10.523,0.011292
10.543,0.01293
10.563,0.014553
10.583,0.016163
10.603,0.017719
10.624,0.019199
10.644,0.02062
10.664,0.021963
10.684,0.023202
10.704,0.024337
10.724,0.025378
10.744,0.0263
10.764,0.027106
10.784,0.027797
10.804,0.028399
10.824,0.028912
10.844,0.029341
10.864,0.029687
10.884,0.029961
10.904,0.030185
10.924,0.030372
10.944,0.030537
10.964,0.030698
10.984,0.030896
11.004,0.031144
11.024,0.03147
11.044,0.031867
11.064,0.032356
11.085,0.032971
11.105,0.033711
11.125,0.034584
11.145,0.0356
11.165,0.036779
11.185,0.038109
11.205,0.039579
11.225,0.041182
11.245,0.042914
11.265,0.044776
11.285,0.046725
11.305,0.048761
11.325,0.05087
11.345,0.053014
11.365,0.055151
11.385,0.057255
11.405,0.059289
11.425,0.061229
11.445,0.063057
11.465,0.064734
11.485,0.066227
11.505,0.067514
11.526,0.068543
11.546,0.069295
11.566,0.06976
11.586,0.069923
11.606,0.069764
11.626,0.06928
11.646,0.068489
11.666,0.067397
11.686,0.066015
11.706,0.064367
11.726,0.062487
11.746,0.060402
11.766,0.05814
11.786,0.055751
11.806,0.053281
11.826,0.050814
11.846,0.048377
11.866,0.046023
11.886,0.043806
11.906,0.041779
11.926,0.039992
11.946,0.038487
11.966,0.037297
11.987,0.036435
12.007,0.035954
12.027,0.035881
12.047,0.036235
12.067,0.037025
12.087,0.038245
12.107,0.03989
12.127,0.041938
12.147,0.044398
12.167,0.047246
12.187,0.050438
12.207,0.053959
12.227,0.057779
12.247,0.061887
12.267,0.066239
12.287,0.070832
12.307,0.075634
12.327,0.080632
12.347,0.085808
12.367,0.091155
12.387,0.096647
12.407,0.10231
12.428,0.10813
12.448,0.11414
12.468,0.12035
12.488,0.12682
12.508,0.13357
12.528,0.14067
12.548,0.14814
12.568,0.156
12.588,0.1643
12.608,0.17308
12.628,0.18243
12.648,0.19237
12.668,0.20296
12.688,0.21423
12.708,0.22627
12.728,0.23904
12.748,0.25257
12.768,0.26687
12.788,0.28184
12.808,0.29745
12.828,0.31376
12.848,0.33067
12.868,0.34817
12.889,0.36609
12.909,0.38427
12.929,0.40253
12.949,0.42075
12.969,0.43874
12.989,0.45632
13.009,0.47331
13.029,0.48955
13.049,0.50487
13.069,0.51894
13.089,0.5315
13.109,0.54238
13.129,0.55135
13.149,0.55821
13.169,0.56273
13.189,0.56476
13.209,0.56396
13.229,0.56012
13.249,0.55305
13.269,0.54263
13.289,0.52888
13.309,0.51183
13.33,0.49161
13.35,0.46825
13.37,0.44174
13.39,0.41204
13.41,0.37928
13.43,0.34345
13.45,0.30496
13.47,0.26398
13.49,0.22089
13.51,0.17615
13.53,0.13001
13.55,0.082762
13.57,0.03444
13.59,-0.014459
13.61,-0.063549
13.63,-0.11255
13.65,-0.16146
13.67,-0.20989
13.69,-0.25759
13.71,-0.30401
13.73,-0.34924
13.75,-0.39297
13.77,-0.43531
13.791,-0.47594
13.811,-0.51479
13.831,-0.55146
13.851,-0.58564
13.871,-0.61744
13.891,-0.64695
13.911,-0.67391
13.931,-0.69816
13.951,-0.71981
13.971,-0.7389
13.991,-0.75529
14.011,-0.76905
14.031,-0.78019
14.051,-0.78873
14.071,-0.79471
14.091,-0.79823
14.111,-0.79928
14.131,-0.79785
14.151,-0.7941
14.171,-0.78802
14.191,-0.77968
14.211,-0.76921
14.231,-0.75675
14.252,-0.74234
14.272,-0.72605
14.292,-0.70801
14.312,-0.6883
14.332,-0.66687
14.352,-0.64404
14.372,-0.61984
14.392,-0.59442
14.412,-0.56796
14.432,-0.54057
14.452,-0.51229
14.472,-0.48314
14.492,-0.45337
14.512,-0.42296
14.532,-0.39203
14.552,-0.36066
14.572,-0.32884
14.592,-0.29666
14.612,-0.26429
14.632,-0.2317
14.652,-0.19895
14.672,-0.1661
14.693,-0.13301
14.713,-0.099696
14.733,-0.066197
14.753,-0.032546
14.773,0.0016349
14.793,0.036112
14.813,0.071202
14.833,0.10698
14.853,0.14384
14.873,0.18191
14.893,0.22136
14.913,0.26215
14.933,0.3046
14.953,0.34867
14.973,0.3944
14.993,0.44176
15.013,0.49128
15.033,0.54329
15.053,0.59715
15.073,0.65341
15.093,0.71191
15.113,0.77274
15.133,0.83618
15.154,0.90204
15.174,0.97023
15.194,1.0408
15.214,1.1135
15.234,1.1881
15.254,1.2648
15.274,1.3433
15.294,1.4231
15.314,1.5043
15.334,1.5867
15.354,1.6704
15.374,1.7552
15.394,1.8399
15.414,1.9238
15.434,2.0068
15.454,2.0884
15.474,2.1678
15.494,2.2442
15.514,2.3169
15.534,2.3855
15.554,2.4494
15.574,2.5076
15.595,2.5593
15.615,2.6041
15.635,2.6412
15.655,2.6695
15.675,2.6884
15.695,2.6975
15.715,2.6958
15.735,2.6828
15.755,2.6584
15.775,2.6219
15.795,2.5726
15.815,2.5109
15.835,2.4364
15.855,2.3488
15.875,2.2491
15.895,2.1373
15.915,2.0131
15.935,1.8777
15.955,1.7317
15.975,1.575
15.995,1.4087
16.015,1.234
16.035,1.0514
16.056,0.86229
16.076,0.66817
16.096,0.46998
16.116,0.26834
16.136,0.065276
16.156,-0.13875
16.176,-0.34272
16.196,-0.54521
16.216,-0.74555
16.236,-0.94227
16.256,-1.1349
16.276,-1.3219
16.296,-1.5024
16.316,-1.6759
16.336,-1.8423
16.356,-2.0008
16.376,-2.15
16.396,-2.2909
16.416,-2.4226
16.436,-2.5467
16.456,-2.6623
16.476,-2.7694
16.497,-2.869
16.517,-2.9615
16.537,-3.0449
16.557,-3.1197
16.577,-3.1867
16.597,-3.245
16.617,-3.2964
16.637,-3.3395
16.657,-3.3755
16.677,-3.4054
16.697,-3.428
16.717,-3.4438
16.737,-3.4531
16.757,-3.4555
16.777,-3.4511
16.797,-3.44
16.817,-3.422
16.837,-3.3986
16.857,-3.3692
16.877,-3.3331
16.897,-3.2904
16.917,-3.2404
16.937,-3.1834
16.958,-3.1231
16.978,-3.0563
16.998,-2.9816
17.018,-2.8973
17.038,-2.8106
17.058,-2.7201
17.078,-2.6279
17.098,-2.5352
17.118,-2.4447
17.138,-2.3536
17.158,-2.2635
17.178,-2.1719
17.198,-2.0804
17.218,-1.9898
17.238,-1.8964
17.258,-1.8038
17.278,-1.7136
17.298,-1.6232
17.318,-1.533
17.338,-1.4453
17.358,-1.3597
17.378,-1.277
17.399,-1.199
17.419,-1.1237
17.439,-1.0514
17.459,-0.98151
17.479,-0.9141
17.499,-0.84875
17.519,-0.78579
17.539,-0.72495
17.559,-0.66587
17.579,-0.60609
17.599,-0.54912
17.619,-0.49346
17.639,-0.4392
17.659,-0.38831
17.679,-0.34016
17.699,-0.29392
17.719,-0.24962
17.739,-0.20793
17.759,-0.16806
17.779,-0.13004
17.799,-0.09511
17.819,-0.061762
17.839,-0.030939
17.86,-0.0024485
17.88,0.023959
17.9,0.048616
17.92,0.071064
17.94,0.091531
17.96,0.11006
17.98,0.12657
18,0.14142
18.02,0.15474
18.04,0.16677
18.06,0.17778
18.08,0.18785
18.1,0.19722
18.12,0.20615
18.14,0.21487
18.16,0.22353
18.18,0.23241
18.2,0.24177
18.22,0.25182
18.24,0.2628
18.26,0.27481
18.28,0.2881
18.301,0.30286
18.321,0.31928
18.341,0.33765
18.361,0.35837
18.381,0.38147
18.401,0.40706
18.421,0.43484
18.441,0.46479
18.461,0.49668
18.481,0.53034
18.501,0.56558
18.521,0.60219
18.541,0.63987
18.561,0.67845
18.581,0.71812
18.601,0.75843
18.621,0.79944
18.641,0.8408
18.661,0.88244
18.681,0.92394
18.701,0.96499
18.721,1.0056
18.741,1.0455
18.762,1.0843
18.782,1.1218
18.802,1.158
18.822,1.1926
18.842,1.2255
18.862,1.2566
18.882,1.2858
18.902,1.3129
18.922,1.3379
18.942,1.3604
18.962,1.3806
18.982,1.3983
19.002,1.4134
19.022,1.426
19.042,1.4361
19.062,1.4436
19.082,1.4486
19.102,1.4511
19.122,1.4511
19.142,1.4488
19.162,1.4442
19.182,1.4373
19.202,1.4285
19.223,1.4176
19.243,1.4049
19.263,1.3906
19.283,1.3747
19.303,1.3574
19.323,1.3388
19.343,1.3191
19.363,1.2984
19.383,1.277
19.403,1.2549
19.423,1.2322
19.443,1.2091
19.463,1.1856
19.483,1.1619
19.503,1.1378
19.523,1.1136
19.543,1.0892
19.563,1.0648
19.583,1.0404
19.603,1.0162
19.623,0.99218
19.643,0.96825
19.664,0.94442
19.684,0.92077
19.704,0.89723
19.724,0.87367
19.744,0.8501
19.764,0.82663
19.784,0.80319
19.804,0.77977
19.824,0.75646
19.844,0.73324
19.864,0.71014
19.884,0.68716
19.904,0.66435
19.924,0.64168
19.944,0.61929
19.964,0.59724
19.984,0.57553
20.004,0.55428
20.024,0.53352
20.044,0.51326
20.064,0.49351
20.084,0.47431
20.104,0.45577
20.125,0.43782
20.145,0.42054
20.165,0.40393
20.185,0.38802
20.205,0.37279
20.225,0.35817
20.245,0.3441
20.265,0.33049
20.285,0.31728
20.305,0.30443
20.325,0.29191
20.345,0.27963
20.365,0.26751
20.385,0.25543
20.405,0.24333
20.425,0.23117
20.445,0.21885
20.465,0.20628
20.485,0.19336
20.505,0.18007
20.525,0.16638
20.545,0.15218
20.566,0.13746
20.586,0.12224
20.606,0.10643
20.626,0.090068
20.646,0.0732
20.666,0.055788
20.686,0.037816
20.706,0.019306
20.726,0.00028648
20.746,-0.019175
20.766,-0.038987
20.786,-0.059131
20.806,-0.079531
20.826,-0.10021
20.846,-0.12106
20.866,-0.14199
20.886,-0.16303
20.906,-0.1841
20.926,-0.20512
20.946,-0.22599
20.966,-0.24669
20.986,-0.26712
21.006,-0.28714
21.027,-0.30677
21.047,-0.32599
21.067,-0.34469
21.087,-0.36279
21.107,-0.38028
21.127,-0.39708
21.147,-0.41312
21.167,-0.42829
21.187,-0.44257
21.207,-0.45594
21.227,-0.46832
21.247,-0.47971
21.267,-0.49008
21.287,-0.49929
21.307,-0.50742
21.327,-0.51448
21.347,-0.52033
21.367,-0.52504
21.387,-0.5286
21.407,-0.53097
21.427,-0.53223
21.447,-0.53236
21.468,-0.53138
21.488,-0.52934
21.508,-0.52624
21.528,-0.52212
21.548,-0.51707
21.568,-0.51107
21.588,-0.50419
21.608,-0.49648
21.628,-0.48793
21.648,-0.47864
21.668,-0.46864
21.688,-0.45799
21.708,-0.44675
21.728,-0.43495
21.748,-0.42268
21.768,-0.41001
21.788,-0.39694
21.808,-0.38355
21.828,-0.36994
21.848,-0.35612
21.868,-0.34213
21.888,-0.32807
21.908,-0.31402
21.929,-0.30003
21.949,-0.28607
21.969,-0.27227
21.989,-0.25861
22.009,-0.24515
22.029,-0.23194
22.049,-0.21902
22.069,-0.20639
22.089,-0.19404
22.109,-0.18196
22.129,-0.17019
22.149,-0.15869
22.169,-0.1475
22.189,-0.13658
22.209,-0.1259
22.229,-0.11547
22.249,-0.10526
22.269,-0.095239
22.289,-0.085395
22.309,-0.07571
22.329,-0.066137
22.349,-0.056709
22.37,-0.047376
22.39,-0.038145
22.41,-0.029011
22.43,-0.020015
22.45,-0.011154
22.47,-0.0024322
22.49,0.0061941
22.51,0.014654
22.53,0.02295
22.55,0.031053
22.57,0.038943
22.59,0.046601
22.61,0.054037
22.63,0.061246
22.65,0.068224
22.67,0.074917
22.69,0.081334
22.71,0.087473
22.73,0.093316
22.75,0.098874
22.77,0.10415
22.79,0.10915
22.81,0.11388
22.831,0.11836
22.851,0.12261
22.871,0.12666
22.891,0.13053
22.911,0.13425
22.931,0.13783
22.951,0.14129
22.971,0.14465
22.991,0.14794
23.011,0.15115
23.031,0.15432
23.051,0.15746
23.071,0.16058
23.091,0.16368
23.111,0.16677
23.131,0.16986
23.151,0.17293
23.171,0.17601
23.191,0.17908
23.211,0.18212
23.231,0.18514
23.251,0.18812
23.272,0.19104
23.292,0.19389
23.312,0.19666
23.332,0.19933
23.352,0.20187
23.372,0.20429
23.392,0.20656
23.412,0.20865
23.432,0.21057
23.452,0.21231
23.472,0.21388
23.492,0.21526
23.512,0.21646
23.532,0.21746
23.552,0.21826
23.572,0.21886
23.592,0.21927
23.612,0.21948
23.632,0.2195
23.652,0.21932
23.672,0.21896
23.692,0.2184
23.712,0.21765
23.733,0.2167
23.753,0.21554
23.773,0.21415
23.793,0.21253
23.813,0.21066
23.833,0.20852
23.853,0.2061
23.873,0.20341
23.893,0.20041
23.913,0.19711
23.933,0.19345
23.953,0.18943
23.973,0.18507
23.993,0.18035
24.013,0.17526
24.033,0.16982
24.053,0.16403
24.073,0.15791
24.093,0.15146
24.113,0.14473
24.133,0.13773
24.153,0.13048
24.174,0.12302
24.194,0.11543
24.214,0.10773
24.234,0.099933
24.254,0.092066
24.274,0.084188
24.294,0.076315
24.314,0.068475
24.334,0.060736
24.354,0.053104
24.374,0.045618
24.394,0.03832
24.414,0.031214
24.434,0.024302
24.454,0.017585
24.474,0.011069
24.494,0.0047478
24.514,-0.0013684
24.534,-0.0072964
24.554,-0.013065
24.574,-0.018653
24.594,-0.024074
24.614,-0.029358
24.635,-0.034539
24.655,-0.039634
24.675,-0.044646
24.695,-0.04959
24.715,-0.054488
24.735,-0.059354
24.755,-0.064177
24.775,-0.068982
24.795,-0.073753
24.815,-0.078484
24.835,-0.083155
24.855,-0.087751
24.875,-0.092272
24.895,-0.096684
24.915,-0.10097
24.935,-0.10512
24.955,-0.10909
24.975,-0.11289
24.995,-0.11646
25.015,-0.11977
25.035,-0.12281
25.055,-0.12556
25.075,-0.12798
25.096,-0.13009
25.116,-0.13184
25.136,-0.13323
25.156,-0.13425
25.176,-0.1349
25.196,-0.13517
25.216,-0.13508
25.236,-0.13463
25.256,-0.13385
25.276,-0.13274
25.296,-0.13135
25.316,-0.12971
25.336,-0.12785
25.356,-0.1258
25.376,-0.12359
25.396,-0.12128
25.416,-0.1189
25.436,-0.1165
25.456,-0.1141
25.476,-0.11175
25.496,-0.10948
25.516,-0.10734
25.537,-0.10535
25.557,-0.10353
25.577,-0.1019
25.597,-0.10049
25.617,-0.099312
25.637,-0.098408
25.657,-0.097767
25.677,-0.097396
25.697,-0.097281
25.717,-0.09744
25.737,-0.09788
25.757,-0.098596
25.777,-0.09958
25.797,-0.10083
25.817,-0.10229
25.837,-0.10396
25.857,-0.10585
25.877,-0.10792
25.897,-0.11016
25.917,-0.11254
25.937,-0.11504
25.957,-0.11766
25.977,-0.12037
25.998,-0.12315
26.018,-0.12595
26.038,-0.12876
26.058,-0.13156
26.078,-0.13432
26.098,-0.13703
26.118,-0.13965
26.138,-0.14217
26.158,-0.14456
26.178,-0.14681
26.198,-0.1489
26.218,-0.15081
26.238,-0.15253
26.258,-0.15405
26.278,-0.15537
26.298,-0.15646
26.318,-0.15732
26.338,-0.15795
26.358,-0.15835
26.378,-0.1585
26.398,-0.15841
26.418,-0.1581
26.439,-0.15756
26.459,-0.15679
26.479,-0.1558
26.499,-0.15458
26.519,-0.15314
26.539,-0.15147
26.559,-0.1496
26.579,-0.14756
26.599,-0.14533
26.619,-0.14291
26.639,-0.1403
26.659,-0.13751
26.679,-0.13454
26.699,-0.13141
26.719,-0.12812
26.739,-0.12468
26.759,-0.12109
26.779,-0.11736
26.799,-0.11349
26.819,-0.10948
26.839,-0.10535
26.859,-0.10111
26.879,-0.096775
26.9,-0.092358
26.92,-0.087865
26.94,-0.083286
26.96,-0.07863
26.98,-0.07392
27,-0.069161
27.02,-0.06436
27.04,-0.059533
27.06,-0.054718
27.08,-0.049937
27.1,-0.045202
27.12,-0.040517
27.14,-0.035901
27.16,-0.031361
27.18,-0.026908
27.2,-0.022562
27.22,-0.018347
27.24,-0.014286
27.26,-0.010421
27.28,-0.0067785
27.3,-0.0033769
27.32,-0.00023417
27.341,0.0026211
27.361,0.0051802
27.381,0.0074194
27.401,0.0093344
27.421,0.010891
27.441,0.012078
27.461,0.012855
27.481,0.013216
27.501,0.013135
27.521,0.012591
27.541,0.011584
27.561,0.01009
27.581,0.0081165
27.601,0.0056566
27.621,0.0027049
27.641,-0.00071693
27.661,-0.0045863
27.681,-0.0088666
27.701,-0.013523
27.721,-0.018521
27.741,-0.023822
27.761,-0.029352
27.781,-0.035068
27.802,-0.040886
27.822,-0.046755
27.842,-0.05261
27.862,-0.058354
27.882,-0.063925
27.902,-0.069233
27.922,-0.074245
27.942,-0.078859
27.962,-0.083031
27.982,-0.086717
28.002,-0.089876
28.022,-0.092481
28.042,-0.094483
28.062,-0.095861
28.082,-0.096632
28.102,-0.096787
28.122,-0.09633
28.142,-0.095289
28.162,-0.093692
28.182,-0.091579
28.202,-0.088998
28.222,-0.086009
28.243,-0.082688
28.263,-0.079083
28.283,-0.075283
28.303,-0.07134
28.323,-0.067325
28.343,-0.06331
28.363,-0.059357
28.383,-0.05551
28.403,-0.051811
28.423,-0.048303
28.443,-0.04502
28.463,-0.041984
28.483,-0.039218
28.503,-0.03672
28.523,-0.034491
28.543,-0.032518
28.563,-0.030773
28.583,-0.029237
28.603,-0.027885
28.623,-0.026685
28.643,-0.025608
28.663,-0.024611
28.683,-0.023658
28.704,-0.022731
28.724,-0.021796
28.744,-0.020808
28.764,-0.019756
28.784,-0.018602
28.804,-0.017324
28.824,-0.015899
28.844,-0.014326
28.864,-0.012605
28.884,-0.01075
28.904,-0.0087498
28.924,-0.0066283
28.944,-0.0044012
28.964,-0.0020871
28.984,0.00028993
29.004,0.0027018
29.024,0.0051289
29.044,0.0075532
29.064,0.0099484
29.084,0.012255
29.104,0.014451
29.124,0.016528
29.145,0.018457
29.165,0.020179
29.185,0.021696
29.205,0.022994
29.225,0.024038
29.245,0.024816
29.265,0.025309
29.285,0.025495
29.305,0.02538
29.325,0.024952
29.345,0.024211
29.365,0.023148
29.385,0.021756
29.405,0.020064
29.425,0.018054
29.445,0.01573
29.465,0.013111
29.485,0.010224
29.505,0.0070864
29.525,0.0037193
29.545,0.0001606
29.565,-0.0035419
29.585,-0.0073612
29.606,-0.011258
29.626,-0.015197
29.646,-0.019127
29.666,-0.023017
29.686,-0.0268
29.706,-0.030453
29.726,-0.033934
29.746,-0.037196
29.766,-0.04023
29.786,-0.042995
29.806,-0.045473
29.826,-0.047649
29.846,-0.049497
29.866,-0.051025
29.886,-0.052229
29.906,-0.053111
29.926,-0.053693
29.946,-0.054011
29.966,-0.054081
29.986,-0.053928
30.006,-0.053607
30.026,-0.053143
30.047,-0.052591
30.067,-0.052001
30.087,-0.051407
30.107,-0.050843
30.127,-0.050333
30.147,-0.049916
30.167,-0.049613
30.187,-0.04943
30.207,-0.049399
30.227,-0.049517
30.247,-0.049778
30.267,-0.05016
30.287,-0.050632
30.307,-0.051177
30.327,-0.051762
30.347,-0.052353
30.367,-0.052913
30.387,-0.053391
30.407,-0.053755
30.427,-0.053957
30.447,-0.053952
30.467,-0.053706
30.487,-0.053171
30.508,-0.052335
30.528,-0.051163
30.548,-0.049633
30.568,-0.047743
30.588,-0.045497
30.608,-0.042889
30.628,-0.039929
30.648,-0.036605
30.668,-0.032954
30.688,-0.029006
30.708,-0.024773
30.728,-0.020301
30.748,-0.015623
30.768,-0.010746
30.788,-0.0056957
30.808,-0.00052238
30.828,0.0046808
30.848,0.0098717
30.868,0.014993
30.888,0.020016
30.908,0.024903
30.928,0.029647
30.948,0.034207
30.969,0.038565
30.989,0.042689
31.009,0.046536
31.029,0.050078
31.049,0.053292
31.069,0.056127
31.089,0.058534
31.109,0.060491
31.129,0.061963
31.149,0.062959
31.169,0.06346
31.189,0.063443
31.209,0.062916
31.229,0.061859
31.249,0.060266
31.269,0.058161
31.289,0.055552
31.309,0.05246
31.329,0.048942
31.349,0.045024
31.369,0.040739
31.389,0.036135
31.41,0.031266
31.43,0.026196
31.45,0.02099
31.47,0.015717
31.49,0.010463
31.51,0.0052822
31.53,0.00022999
31.55,-0.0046357
31.57,-0.0092774
31.59,-0.013643
31.61,-0.017688
31.63,-0.021402
31.65,-0.024747
31.67,-0.027719
31.69,-0.030302
31.71,-0.032509
31.73,-0.034353
31.75,-0.035873
31.77,-0.037087
31.79,-0.038047
31.81,-0.038792
31.83,-0.039351
31.85,-0.03977
31.871,-0.0401
31.891,-0.040397
31.911,-0.040701
31.931,-0.041033
31.951,-0.041418
31.971,-0.041878
31.991,-0.042419
32.011,-0.043059
32.031,-0.043779
32.051,-0.044575
32.071,-0.045412
32.091,-0.046265
32.111,-0.047089
32.131,-0.047838
32.151,-0.048474
32.171,-0.04896
32.191,-0.049243
32.211,-0.049276
32.231,-0.049021
32.251,-0.048432
32.271,-0.047468
32.291,-0.046095
32.312,-0.044304
32.332,-0.042094
32.352,-0.039443
32.372,-0.036359
32.392,-0.032857
32.412,-0.028942
32.432,-0.024655
32.452,-0.020039
32.472,-0.015136
32.492,-0.0099767
32.512,-0.0046317
32.532,0.0008431
32.552,0.0063821
32.572,0.011937
32.592,0.017429
32.612,0.022817
32.632,0.028022
32.652,0.033012
32.672,0.037705
32.692,0.042072
32.712,0.04608
32.732,0.049689
32.752,0.052851
32.773,0.055549
32.793,0.057756
32.813,0.05945
32.833,0.06062
32.853,0.061258
32.873,0.061368
32.893,0.060968
32.913,0.060068
32.933,0.058679
32.953,0.056845
32.973,0.054575
32.993,0.051903
33.013,0.048856
33.033,0.045475
33.053,0.041827
33.073,0.037965
33.093,0.033918
33.113,0.029733
33.133,0.025467
33.153,0.021167
33.173,0.016881
33.193,0.012631
33.214,0.0084849
33.234,0.0045008
33.254,0.00069682
33.274,-0.0029044
33.294,-0.0062652
33.314,-0.0093613
33.334,-0.01216
33.354,-0.014651
33.374,-0.016813
33.394,-0.018664
33.414,-0.020188
33.434,-0.021393
33.454,-0.022291
33.474,-0.022883
33.494,-0.023203
33.514,-0.02327
33.534,-0.023104
33.554,-0.022736
33.574,-0.022194
33.594,-0.021513
33.614,-0.020713
33.634,-0.019845
33.654,-0.018928
33.675,-0.017976
33.695,-0.017006
33.715,-0.016048
33.735,-0.01514
33.755,-0.014292
33.775,-0.013527
33.795,-0.012852
33.815,-0.01227
33.835,-0.011784
33.855,-0.01138
33.875,-0.011063
33.895,-0.010824
33.915,-0.010656
33.935,-0.010544
33.955,-0.010464
33.975,-0.01039
33.995,-0.010298
34.015,-0.01017
34.035,-0.0099739
34.055,-0.0096941
34.075,-0.0093195
34.095,-0.0088326
34.116,-0.0082172
34.136,-0.0074692
34.156,-0.0065643
34.176,-0.0054752
34.196,-0.0042318
34.216,-0.0028299
34.236,-0.0012795
34.256,0.00041838
34.276,0.0022635
34.296,0.0042293
34.316,0.0062841
34.336,0.0084168
34.356,0.01062
34.376,0.012868
34.396,0.015131
34.416,0.017374
34.436,0.019571
34.456,0.021722
34.476,0.023782
34.496,0.025734
34.516,0.027556
34.536,0.029221
34.556,0.030711
34.577,0.031997
34.597,0.033052
34.617,0.03388
34.637,0.034492
34.657,0.034872
34.677,0.035018
34.697,0.03494
34.717,0.034624
34.737,0.034074
34.757,0.033307
34.777,0.032327
34.797,0.031138
34.817,0.029771
34.837,0.028232
34.857,0.02653
34.877,0.024674
34.897,0.022699
34.917,0.020631
34.937,0.018477
34.957,0.016267
34.977,0.01403
34.997,0.011809
35.018,0.0095918
35.038,0.0074004
35.058,0.005279
35.078,0.0032544
35.098,0.0013478
35.118,-0.00043896
35.138,-0.0020877
35.158,-0.0035923
35.178,-0.0049448
35.198,-0.0061191
35.218,-0.0071051
35.238,-0.0079095
35.258,-0.0085371
35.278,-0.0090112
35.298,-0.0093489
35.318,-0.009562
35.338,-0.0096499
35.358,-0.0096388
35.378,-0.0095621
35.398,-0.0094508
35.418,-0.0093093
35.438,-0.0091641
35.458,-0.0090524
35.479,-0.0090097
35.499,-0.0090526
35.519,-0.0091971
35.539,-0.0094484
35.559,-0.0098055
35.579,-0.010269
35.599,-0.010838
35.619,-0.011518
35.639,-0.012309
35.659,-0.013198
35.679,-0.014151
35.699,-0.015142
35.719,-0.016166
35.739,-0.017172
35.759,-0.018128
35.779,-0.018998
35.799,-0.019751
35.819,-0.020368
35.839,-0.020818
35.859,-0.021062
35.879,-0.021072
35.899,-0.020844
35.919,-0.020361
35.94,-0.01958
35.96,-0.018525
35.98,-0.017182
36,-0.015559
36.02,-0.013638
36.04,-0.011425
36.06,-0.0089324
36.08,-0.0062011
36.1,-0.0032488
36.12,-9.6293e-005
36.14,0.0032315
36.16,0.0066848
36.18,0.010231
36.2,0.013854
36.22,0.017519
36.24,0.021194
36.26,0.024871
36.28,0.028519
36.3,0.032108
36.32,0.035586
36.34,0.038929
36.36,0.042107
36.381,0.045123
36.401,0.047953
36.421,0.050578
36.441,0.052964
36.461,0.055098
36.481,0.056968
36.501,0.058572
36.521,0.059894
36.541,0.060919
36.561,0.061645
36.581,0.062087
36.601,0.062237
36.621,0.0621
36.641,0.06166
36.661,0.060935
36.681,0.059919
36.701,0.058621
36.721,0.057059
36.741,0.055244
36.761,0.053173
36.781,0.050871
36.801,0.04834
36.821,0.045615
36.842,0.042722
36.862,0.039703
36.882,0.036547
36.902,0.033271
36.922,0.029885
36.942,0.026421
36.962,0.022895
36.982,0.019309
37.002,0.015691
37.022,0.012062
37.042,0.0084285
37.062,0.0048213
37.082,0.0012618
37.102,-0.0022399
37.122,-0.0056736
37.142,-0.0090118
37.162,-0.012253
37.182,-0.015377
37.202,-0.018363
37.222,-0.021189
37.242,-0.023859
37.262,-0.026345
37.283,-0.02863
37.303,-0.030682
37.323,-0.032496
37.343,-0.034061
37.363,-0.035371
37.383,-0.036394
37.403,-0.037124
37.423,-0.037545
37.443,-0.03766
37.463,-0.037462
37.483,-0.036954
37.503,-0.036152
37.523,-0.035036
37.543,-0.033624
37.563,-0.031926
37.583,-0.02998
37.603,-0.027798
37.623,-0.02543
37.643,-0.02289
37.663,-0.020181
37.683,-0.017344
37.703,-0.014411
37.723,-0.011413
37.744,-0.0083633
37.764,-0.0053042
37.784,-0.002255
37.804,0.00077135
37.824,0.0037418
37.844,0.0066549
37.864,0.0094855
37.884,0.012213
37.904,0.014821
37.924,0.017306
37.944,0.019663
37.964,0.021893
37.984,0.023987
38.004,0.025943
38.024,0.027756
38.044,0.029415
38.064,0.030905
38.084,0.032238
38.104,0.033408
38.124,0.034414
38.144,0.035245
38.164,0.035899
38.185,0.036378
38.205,0.036679
38.225,0.036792
38.245,0.036694
38.265,0.03637
38.285,0.035824
38.305,0.035052
38.325,0.034038
38.345,0.032793
38.365,0.031326
38.385,0.029632
38.405,0.02771
38.425,0.025566
38.445,0.023214
38.465,0.020674
38.485,0.017954
38.505,0.015056
38.525,0.012024
38.545,0.0088793
38.565,0.0056285
38.585,0.0023071
38.605,-0.0010506
38.625,-0.0044273
38.646,-0.0077907
38.666,-0.011153
38.686,-0.014489
38.706,-0.017765
38.726,-0.020965
38.746,-0.024076
38.766,-0.027092
38.786,-0.030004
38.806,-0.032817
38.826,-0.035502
38.846,-0.03808
38.866,-0.04055
38.886,-0.042919
38.906,-0.04518
38.926,-0.047337
38.946,-0.049404
38.966,-0.05137
38.986,-0.053234
39.006,-0.054989
39.026,-0.056659
39.046,-0.058232
39.066,-0.059696
39.087,-0.061045
39.107,-0.062269
39.127,-0.063373
39.147,-0.064355
39.167,-0.06522
39.187,-0.065944
39.207,-0.06651
39.227,-0.066914
39.247,-0.067155
39.267,-0.067204
39.287,-0.067066
39.307,-0.066754
39.327,-0.066275
39.347,-0.06562
39.367,-0.064804
39.387,-0.063831
39.407,-0.062698
39.427,-0.061431
39.447,-0.060051
39.467,-0.058546
39.487,-0.056925
39.507,-0.055244
39.527,-0.053495
39.548,-0.051706
39.568,-0.04989
39.588,-0.048082
39.608,-0.046293
39.628,-0.04455
39.648,-0.042856
39.668,-0.041221
39.688,-0.039655
39.708,-0.038176
39.728,-0.03679
39.748,-0.035501
39.768,-0.034315
39.788,-0.033249
39.808,-0.032294
39.828,-0.031464
39.848,-0.030747
39.868,-0.030124
39.888,-0.029592
39.908,-0.029146
39.928,-0.02878
39.948,-0.028487
39.968,-0.028252
39.989,-0.02806
40.009,-0.027899
40.029,-0.027748
40.049,-0.027614
40.069,-0.027474
40.089,-0.027337
40.109,-0.0272
40.129,-0.027076
40.149,-0.026959
40.169,-0.026835
40.189,-0.026697
40.209,-0.026546
40.229,-0.026395
40.249,-0.026247
40.269,-0.026105
40.289,-0.025968
40.309,-0.025846
40.329,-0.025743
40.349,-0.025672
40.369,-0.025643
40.389,-0.025654
40.409,-0.025709
40.429,-0.025828
40.45,-0.026024
40.47,-0.026299
40.49,-0.02665
40.51,-0.027081
40.53,-0.027593
40.55,-0.028179
40.57,-0.028859
40.59,-0.02965
40.61,-0.030539
40.63,-0.031542
40.65,-0.032648
40.67,-0.033847
40.69,-0.035136
40.71,-0.036507
40.73,-0.03795
40.75,-0.039467
40.77,-0.041039
40.79,-0.042619
40.81,-0.044208
40.83,-0.045776
40.85,-0.047295
40.87,-0.04873
40.891,-0.050041
40.911,-0.05121
40.931,-0.0522
40.951,-0.05298
40.971,-0.053548
40.991,-0.053881
41.011,-0.053937
41.031,-0.0537
41.051,-0.053161
41.071,-0.052315
41.091,-0.051148
41.111,-0.049702
41.131,-0.047959
41.151,-0.04593
41.171,-0.043643
41.191,-0.041114
41.211,-0.038357
41.231,-0.035396
41.251,-0.032269
41.271,-0.029039
41.291,-0.025727
41.311,-0.02235
41.331,-0.018905
41.352,-0.015436
41.372,-0.011986
41.392,-0.0085483
41.412,-0.0051626
41.432,-0.0018329
41.452,0.0014539
41.472,0.0046809
41.492,0.0078485
41.512,0.01097
41.532,0.014059
41.552,0.017108
41.572,0.020128
41.592,0.023135
41.612,0.026135
41.632,0.02913
41.652,0.032163
41.672,0.035205
41.692,0.038244
41.712,0.041261
41.732,0.044246
41.752,0.047208
41.772,0.050133
41.792,0.052982
41.813,0.055752
41.833,0.058396
41.853,0.06086
41.873,0.063109
41.893,0.065125
41.913,0.066914
41.933,0.068433
41.953,0.069658
41.973,0.070552
41.993,0.07111
42.013,0.071331
42.033,0.071194
42.053,0.070674
42.073,0.069779
42.093,0.06852
42.113,0.066894
42.133,0.064928
42.153,0.062679
42.173,0.060154
42.193,0.057372
42.213,0.05435
42.233,0.051084
42.254,0.047628
42.274,0.044024
42.294,0.040311
42.314,0.036499
42.334,0.032605
42.354,0.028679
42.374,0.02473
42.394,0.020762
42.414,0.016835
42.434,0.012964
42.454,0.0091734
42.474,0.0055043
42.494,0.001978
42.514,-0.0014024
42.534,-0.0045989
42.554,-0.007589
42.574,-0.010353
42.594,-0.012833
42.614,-0.015037
42.634,-0.016969
42.654,-0.018596
42.674,-0.019911
42.694,-0.02089
42.715,-0.021511
42.735,-0.021779
42.755,-0.021703
42.775,-0.021269
42.795,-0.020468
42.815,-0.019338
42.835,-0.01789
42.855,-0.016132
42.875,-0.014078
42.895,-0.011753
42.915,-0.0091571
42.935,-0.0063353
42.955,-0.0033215
42.975,-0.00015688
42.995,0.0031193
43.015,0.0064707
43.035,0.0098737
43.055,0.013294
43.075,0.016679
43.095,0.019989
43.115,0.023228
43.135,0.026362
43.156,0.029357
43.176,0.032207
43.196,0.034889
43.216,0.037418
43.236,0.039788
43.256,0.042008
43.276,0.044044
43.296,0.045927
43.316,0.047666
43.336,0.049255
43.356,0.050701
43.376,0.052004
43.396,0.053181
43.416,0.054267
43.436,0.055272
43.456,0.056197
43.476,0.057047
43.496,0.057828
43.516,0.058557
43.536,0.059244
43.556,0.059901
43.576,0.060495
43.596,0.061027
43.617,0.061517
43.637,0.06195
43.657,0.062315
43.677,0.062599
43.697,0.062813
43.717,0.062938
43.737,0.062959
43.757,0.062853
43.777,0.062643
43.797,0.062316
43.817,0.061841
43.837,0.061204
43.857,0.060397
43.877,0.05942
43.897,0.058277
43.917,0.056976
43.937,0.0555
43.957,0.053854
43.977,0.052053
43.997,0.050082
44.017,0.047963
44.037,0.045714
44.058,0.043358
44.078,0.040918
44.098,0.038395
44.118,0.035798
44.138,0.03317
44.158,0.030541
44.178,0.027945
44.198,0.025388
44.218,0.022951
44.238,0.020655
44.258,0.018549
44.278,0.016657
44.298,0.014988
44.318,0.013565
44.338,0.012399
44.358,0.011528
44.378,0.010965
44.398,0.010733
44.418,0.010831
44.438,0.011264
44.458,0.012026
44.478,0.013112
44.498,0.014525
44.519,0.01626
44.539,0.01826
44.559,0.02049
44.579,0.022922
44.599,0.025512
44.619,0.028213
44.639,0.030995
44.659,0.033791
44.679,0.036605
44.699,0.039416
44.719,0.042163
44.739,0.044789
44.759,0.047266
44.779,0.049559
44.799,0.051681
44.819,0.053618
44.839,0.055368
44.859,0.056916
44.879,0.05823
44.899,0.059324
44.919,0.06021
44.939,0.060924
44.96,0.061461
44.98,0.06186
45,0.062156
45.02,0.062362
45.04,0.062504
45.06,0.062628
45.08,0.062747
45.1,0.062903
45.12,0.063081
45.14,0.063295
45.16,0.063616
45.18,0.064039
45.2,0.06454
45.22,0.065163
45.24,0.065889
45.26,0.066731
45.28,0.067705
45.3,0.068773
45.32,0.069955
45.34,0.071209
45.36,0.072519
45.38,0.073889
45.4,0.075264
45.421,0.0766
45.441,0.077879
45.461,0.079088
45.481,0.080201
45.501,0.081203
45.521,0.082052
45.541,0.082735
45.561,0.083216
45.581,0.083475
45.601,0.083491
45.621,0.083262
45.641,0.082775
45.661,0.082011
45.681,0.080993
45.701,0.079706
45.721,0.078161
45.741,0.076386
45.761,0.074332
45.781,0.072034
45.801,0.069488
45.821,0.066745
45.841,0.063796
45.862,0.060663
45.882,0.057375
45.902,0.053933
45.922,0.050352
45.942,0.046683
45.962,0.042941
45.982,0.03915
46.002,0.035325
46.022,0.03152
46.042,0.027754
46.062,0.024095
46.082,0.020485
46.102,0.016965
46.122,0.013575
46.142,0.010321
46.162,0.0072394
46.182,0.0043291
46.202,0.0015917
46.222,-0.00098072
46.242,-0.0033861
46.262,-0.0055949
46.282,-0.0076004
46.302,-0.0094037
46.323,-0.010985
46.343,-0.012361
46.363,-0.013536
46.383,-0.014557
46.403,-0.0154
46.423,-0.016034
46.443,-0.016455
46.463,-0.016685
46.483,-0.016765
46.503,-0.016679
46.523,-0.016417
46.543,-0.016
46.563,-0.015435
46.583,-0.014755
46.603,-0.013989
46.623,-0.013128
46.643,-0.012182
46.663,-0.011167
46.683,-0.010106
46.703,-0.0090261
46.723,-0.007905
46.743,-0.006791
46.763,-0.0056922
46.784,-0.0045939
46.804,-0.0035215
46.824,-0.0024999
46.844,-0.0015717
46.864,-0.00071746
46.884,2.8014e-005
46.904,0.00065643
46.924,0.0011545
46.944,0.0014994
46.964,0.0017167
46.984,0.0018141
47.004,0.0017547
47.024,0.0015517
47.044,0.0011703
47.064,0.00062407
47.084,-7.4522e-005
47.104,-0.00093713
47.124,-0.0019325
47.144,-0.0030822
47.164,-0.0043588
47.184,-0.0058035
47.204,-0.0074051
47.225,-0.0091507
47.245,-0.011051
47.265,-0.013105
47.285,-0.015348
47.305,-0.017764
47.325,-0.02026
47.345,-0.022872
47.365,-0.025654
47.385,-0.028587
47.405,-0.031604
47.425,-0.034705
47.445,-0.037884
47.465,-0.041161
47.485,-0.044527
47.505,-0.047951
47.525,-0.051357
47.545,-0.054792
47.565,-0.058265
47.585,-0.061698
47.605,-0.065107
47.625,-0.068459
47.645,-0.071749
47.665,-0.074929
47.686,-0.077891
47.706,-0.080652
47.726,-0.083189
47.746,-0.085479
47.766,-0.087482
47.786,-0.089148
47.806,-0.09052
47.826,-0.091506
47.846,-0.09208
47.866,-0.092237
47.886,-0.092013
47.906,-0.091336
47.926,-0.090181
47.946,-0.088638
47.966,-0.086663
47.986,-0.084272
48.006,-0.0815
48.026,-0.078312
48.046,-0.074711
48.066,-0.070739
48.086,-0.066453
48.106,-0.061864
48.127,-0.057002
48.147,-0.05187
48.167,-0.046523
48.187,-0.041013
48.207,-0.035434
48.227,-0.029707
48.247,-0.023863
48.267,-0.017944
48.287,-0.012072
48.307,-0.0062666
48.327,-0.00056331
48.347,0.0050283
48.367,0.010461
48.387,0.015836
48.407,0.020994
48.427,0.025875
48.447,0.030579
48.467,0.03502
48.487,0.039168
48.507,0.043026
48.527,0.046565
48.547,0.049723
48.567,0.052548
48.588,0.055102
48.608,0.057339
48.628,0.059219
48.648,0.060773
48.668,0.061984
48.688,0.062809
48.708,0.063222
48.728,0.06328
48.748,0.062991
48.768,0.062339
48.788,0.061339
48.808,0.059968
48.828,0.058231
48.848,0.056173
48.868,0.053656
48.888,0.050821
48.908,0.047952
48.928,0.044448
48.948,0.040888
48.968,0.037087
48.988,0.033131
49.008,0.028961
49.029,0.02486
49.049,0.020861
49.069,0.016957
49.089,0.013034
49.109,0.0091021
49.129,0.005722
49.149,0.0024162
49.169,-0.000797
49.189,-0.003748
49.209,-0.0064085
49.229,-0.0088618
49.249,-0.011185
49.269,-0.013378
49.289,-0.01535
49.309,-0.017049
49.329,-0.018684
49.349,-0.020209
49.369,-0.021516
49.389,-0.022742
49.409,-0.023927
49.429,-0.02507
49.449,-0.026177
49.469,-0.027174
49.49,-0.028054
49.51,-0.029035
49.53,-0.030012
49.55,-0.030903
49.57,-0.03156
49.59,-0.032224
49.61,-0.032804
49.63,-0.033189
49.65,-0.033139
49.67,-0.03288
49.69,-0.032308
49.71,-0.03143
49.73,-0.02971
49.75,-0.028379
49.77,-0.026052
49.79,-0.023486
49.81,-0.020818
49.83,-0.018095
49.85,-0.014619
49.87,-0.01134
49.89,-0.0077137
49.91,-0.0044913
49.931,-0.001384
49.951,0.00184
49.971,0.0048609
49.991,0.0076189
50.011,0.010105
50.031,0.012361
50.051,0.014185
50.071,0.015583
50.091,0.01122
