0,-0.0021105
0.02005,0.00010801
0.0401,-0.00013396
0.06015,-0.00023559
0.0802,-0.00026848
0.10025,-0.00032618
0.1203,-0.00040294
0.14035,-0.00048187
0.1604,-0.00052065
0.18045,-0.00056571
0.2005,-0.00068126
0.22055,-0.00075844
0.2406,-0.00074513
0.26065,-0.00067354
0.2807,-0.00074636
0.30075,-0.0008209
0.3208,-0.00077476
0.34085,-0.00075134
0.3609,-0.00080863
0.38095,-0.00090488
0.401,-0.00086598
0.42105,-0.00095841
0.4411,-0.001025
0.46115,-0.0010081
0.4812,-0.0010024
0.50125,-0.0010325
0.5213,-0.0011171
0.54135,-0.0010587
0.5614,-0.0010358
0.58145,-0.0010743
0.6015,-0.0011918
0.62155,-0.0012671
0.6416,-0.0013199
0.66165,-0.0013703
0.6817,-0.0014257
0.70175,-0.001475
0.7218,-0.0014825
0.74185,-0.0015292
0.7619,-0.0015497
0.78195,-0.0016012
0.802,-0.0016223
0.82205,-0.0016753
0.8421,-0.0017257
0.86215,-0.0017354
0.8822,-0.0017822
0.90225,-0.0018071
0.9223,-0.0018474
0.94235,-0.0018763
0.9624,-0.0019169
0.98245,-0.0019505
1.0025,-0.002005
1.0226,-0.0020772
1.0426,-0.0020807
1.0627,-0.0020671
1.0827,-0.0020953
1.1028,-0.0020732
1.1228,-0.0021095
1.1429,-0.0021553
1.1629,-0.0021566
1.183,-0.0021464
1.203,-0.0021785
1.2231,-0.0021895
1.2431,-0.0022188
1.2632,-0.0022528
1.2832,-0.0022596
1.3033,-0.0022595
1.3233,-0.0022813
1.3434,-0.0023069
1.3634,-0.0023596
1.3835,-0.0024208
1.4035,-0.0024372
1.4236,-0.0024872
1.4436,-0.0024957
1.4637,-0.0025283
1.4837,-0.0025633
1.5038,-0.0025794
1.5238,-0.0025696
1.5439,-0.0025587
1.5639,-0.0025028
1.584,-0.0024448
1.604,-0.002413
1.6241,-0.0024086
1.6441,-0.002381
1.6642,-0.002346
1.6842,-0.0023235
1.7043,-0.0022713
1.7243,-0.0021957
1.7444,-0.0021195
1.7644,-0.0020379
1.7845,-0.002
1.8045,-0.0019859
1.8246,-0.0019542
1.8446,-0.0019346
1.8647,-0.0019032
1.8847,-0.0019049
1.9048,-0.0018542
1.9248,-0.0017863
1.9449,-0.0017488
1.9649,-0.001708
1.985,-0.001686
2.005,-0.0016641
2.0251,-0.0016249
2.0451,-0.0015978
2.0652,-0.0015759
2.0852,-0.0015675
2.1053,-0.001565
2.1253,-0.0015526
2.1454,-0.0015191
2.1654,-0.0014646
2.1855,-0.0014047
2.2055,-0.0013503
2.2256,-0.0013135
2.2456,-0.001307
2.2657,-0.0012581
2.2857,-0.0011869
2.3058,-0.0011328
2.3258,-0.0010887
2.3459,-0.0010583
2.3659,-0.00099818
2.386,-0.00092306
2.406,-0.00086958
2.4261,-0.00087122
2.4461,-0.00088255
2.4662,-0.00085795
2.4862,-0.00079973
2.5063,-0.000721
2.5263,-0.00065032
2.5464,-0.00061975
2.5664,-0.00061414
2.5865,-0.00063554
2.6065,-0.00063987
2.6266,-0.00062037
2.6466,-0.00061238
2.6667,-0.00059735
2.6867,-0.0005674
2.7068,-0.00054337
2.7268,-0.00050442
2.7469,-0.00044786
2.7669,-0.00039488
2.787,-0.00035013
2.807,-0.00032067
2.8271,-0.00029979
2.8471,-0.00027832
2.8672,-0.00023722
2.8872,-0.00021649
2.9073,-0.00019581
2.9273,-0.00016746
2.9474,-0.00015441
2.9674,-0.00014983
2.9875,-0.00016418
3.0075,-0.00015763
3.0276,-0.00013124
3.0476,-9.8822e-005
3.0677,-6.2723e-005
3.0877,-3.8907e-005
3.1078,-1.2486e-005
3.1278,2.4051e-005
3.1479,5.39e-005
3.1679,4.8275e-005
3.188,4.3907e-005
3.208,4.5964e-005
3.2281,7.654e-005
3.2481,9.9499e-005
3.2682,0.0001177
3.2882,0.00012602
3.3083,0.00014657
3.3283,0.00016518
3.3484,0.00017305
3.3684,0.0001796
3.3885,0.0001641
3.4085,0.00011577
3.4286,9.6016e-005
3.4486,0.00010077
3.4687,0.00011122
3.4887,0.00016421
3.5088,0.00023384
3.5288,0.00028685
3.5489,0.00031721
3.5689,0.0003309
3.589,0.00030959
3.609,0.00028822
3.6291,0.00025608
3.6491,0.00021821
3.6692,0.00020637
3.6892,0.00019661
3.7093,0.00018205
3.7293,0.0001789
3.7494,0.00018167
3.7694,0.00019032
3.7895,0.00019782
3.8095,0.0002096
3.8296,0.00023828
3.8496,0.00027743
3.8697,0.00029737
3.8897,0.0003211
3.9098,0.00032908
3.9298,0.00033061
3.9499,0.00030467
3.9699,0.00028761
3.99,0.00028134
4.01,0.00028805
4.0301,0.00030933
4.0501,0.00036704
4.0702,0.00043428
4.0902,0.00048073
4.1103,0.00049943
4.1303,0.00050835
4.1504,0.00054609
4.1704,0.00057074
4.1905,0.00059362
4.2105,0.00061902
4.2306,0.00062673
4.2506,0.00063955
4.2707,0.00066956
4.2907,0.00068683
4.3108,0.00070765
4.3308,0.00073729
4.3509,0.0007524
4.3709,0.0007952
4.391,0.00085704
4.411,0.00092454
4.4311,0.00098326
4.4511,0.0010293
4.4712,0.0010422
4.4912,0.0010456
4.5113,0.0010506
4.5313,0.0010549
4.5514,0.0010412
4.5714,0.0010429
4.5915,0.0010601
4.6115,0.0010951
4.6316,0.0011319
4.6516,0.0011467
4.6717,0.0011749
4.6917,0.0011957
4.7118,0.0012119
4.7318,0.0012398
4.7519,0.001251
4.7719,0.0012785
4.792,0.0013216
4.812,0.0013812
4.8321,0.0014297
4.8521,0.0014539
4.8722,0.0014621
4.8922,0.0014814
4.9123,0.0014849
4.9323,0.0015062
4.9524,0.0015496
4.9724,0.0015948
4.9925,0.0016242
5.0125,0.0016694
5.0326,0.0017197
5.0526,0.0017749
5.0727,0.0018341
5.0927,0.0018795
5.1128,0.0019433
5.1328,0.0020046
5.1529,0.002047
5.1729,0.0020723
5.193,0.0020789
5.213,0.0020715
5.2331,0.0020812
5.2531,0.0020764
5.2732,0.0020962
5.2932,0.0021423
5.3133,0.0021677
5.3333,0.002188
5.3534,0.0021976
5.3734,0.0021993
5.3935,0.0021923
5.4135,0.002175
5.4336,0.0021567
5.4536,0.0021686
5.4737,0.0021966
5.4937,0.0022057
5.5138,0.002206
5.5338,0.0022042
5.5539,0.0022007
5.5739,0.0022129
5.594,0.0022223
5.614,0.0022244
5.6341,0.00223
5.6541,0.0022319
5.6742,0.0022298
5.6942,0.0022359
5.7143,0.0022547
5.7343,0.0022855
5.7544,0.0023077
5.7744,0.0023162
5.7945,0.0023149
5.8145,0.0023117
5.8346,0.0022893
5.8546,0.0022623
5.8747,0.0022643
5.8947,0.0022516
5.9148,0.0022207
5.9348,0.0022051
5.9549,0.0021911
5.9749,0.0021589
5.995,0.0021274
6.015,0.0021075
6.0351,0.0020661
6.0551,0.0020134
6.0752,0.0019792
6.0952,0.00196
6.1153,0.0019308
6.1353,0.0019162
6.1554,0.0019167
6.1754,0.0019098
6.1955,0.0019032
6.2155,0.0019042
6.2356,0.0018814
6.2556,0.001833
6.2757,0.0017932
6.2957,0.0017556
6.3158,0.0017108
6.3358,0.0016688
6.3559,0.0016461
6.3759,0.0016221
6.396,0.0015956
6.416,0.00157
6.4361,0.0015589
6.4561,0.0015513
6.4762,0.0015391
6.4962,0.0015276
6.5163,0.0015212
6.5363,0.0015207
6.5564,0.0015127
6.5764,0.0014961
6.5965,0.0014843
6.6165,0.0014659
6.6366,0.0014499
6.6566,0.0014271
6.6767,0.0013921
6.6967,0.0013434
6.7168,0.0012914
6.7368,0.0012442
6.7569,0.0012071
6.7769,0.0011958
6.797,0.001187
6.817,0.0011757
6.8371,0.0011548
6.8571,0.0011321
6.8772,0.0011084
6.8972,0.0011035
6.9173,0.0011043
6.9373,0.0010809
6.9574,0.0010733
6.9774,0.0010692
6.9975,0.0010632
7.0175,0.0010682
7.0376,0.001068
7.0576,0.0010599
7.0777,0.00105
7.0977,0.0010511
7.1178,0.0010561
7.1378,0.0010661
7.1579,0.0010908
7.1779,0.0010949
7.198,0.0010916
7.218,0.0010895
7.2381,0.0011048
7.2581,0.0011396
7.2782,0.0011771
7.2982,0.0012121
7.3183,0.0012394
7.3383,0.0012555
7.3584,0.0012851
7.3784,0.0013203
7.3985,0.0013662
7.4185,0.0014228
7.4386,0.0014616
7.4586,0.0014893
7.4787,0.0015232
7.4987,0.0015626
7.5188,0.0015867
7.5388,0.0016068
7.5589,0.0016204
7.5789,0.0016454
7.599,0.001689
7.619,0.0017471
7.6391,0.0018143
7.6591,0.0018853
7.6792,0.0019602
7.6992,0.0020369
7.7193,0.0021172
7.7393,0.0021899
7.7594,0.0022692
7.7794,0.0023321
7.7995,0.0023793
7.8195,0.0024216
7.8396,0.0024819
7.8596,0.0025599
7.8797,0.0026371
7.8997,0.002721
7.9198,0.0028117
7.9398,0.0028974
7.9599,0.002976
7.9799,0.0030612
8,0.0031347
8.02,0.0032064
8.0401,0.0032804
8.0601,0.0033391
8.0802,0.0033849
8.1002,0.0034584
8.1203,0.0035304
8.1403,0.0035771
8.1604,0.003609
8.1804,0.0036567
8.2005,0.0037152
8.2205,0.0037671
8.2406,0.0038288
8.2606,0.0039033
8.2807,0.0039705
8.3007,0.0040288
8.3208,0.0040733
8.3408,0.0040906
8.3609,0.0041307
8.3809,0.0041673
8.401,0.0042107
8.421,0.0042605
8.4411,0.0043044
8.4611,0.0043473
8.4812,0.0043965
8.5012,0.004457
8.5213,0.0045091
8.5413,0.0045501
8.5614,0.0046031
8.5814,0.0046502
8.6015,0.004687
8.6215,0.0047255
8.6416,0.0047634
8.6616,0.004797
8.6817,0.0048347
8.7017,0.0048654
8.7218,0.0048857
8.7418,0.0049054
8.7619,0.0049101
8.7819,0.0049116
8.802,0.0049147
8.822,0.0049264
8.8421,0.0049599
8.8621,0.0050019
8.8822,0.0050175
8.9022,0.0050237
8.9223,0.0050229
8.9423,0.0050255
8.9624,0.0050237
8.9824,0.0050199
9.0025,0.0050141
9.0225,0.0050111
9.0426,0.0050132
9.0626,0.0049974
9.0827,0.0049727
9.1027,0.0049527
9.1228,0.0049313
9.1428,0.0049121
9.1629,0.0048991
9.1829,0.0049016
9.203,0.0049065
9.223,0.0049161
9.2431,0.0049102
9.2631,0.0049039
9.2832,0.0048948
9.3032,0.0048849
9.3233,0.0048747
9.3433,0.0048682
9.3634,0.0048499
9.3834,0.0048458
9.4035,0.004833
9.4235,0.0048056
9.4436,0.0047673
9.4636,0.0047271
9.4837,0.0046735
9.5037,0.0046002
9.5238,0.004517
9.5438,0.0044359
9.5639,0.0043714
9.5839,0.0043143
9.604,0.0042558
9.624,0.0042026
9.6441,0.0041558
9.6641,0.0041065
9.6842,0.0040519
9.7042,0.0040066
9.7243,0.0039605
9.7443,0.0038962
9.7644,0.0038373
9.7844,0.0037813
9.8045,0.003722
9.8245,0.0036536
9.8446,0.0035825
9.8646,0.0035132
9.8847,0.0034415
9.9047,0.0033751
9.9248,0.0033214
9.9448,0.003276
9.9649,0.0032271
9.9849,0.0031803
10.005,0.0031415
10.025,0.0031044
10.045,0.0030666
10.065,0.0030222
10.085,0.0029769
10.105,0.0029426
10.125,0.0029094
10.145,0.0028679
10.165,0.0028199
10.185,0.0027828
10.205,0.0027358
10.226,0.0026883
10.246,0.0026246
10.266,0.0025788
10.286,0.0025434
10.306,0.0025042
10.326,0.0024615
10.346,0.0024274
10.366,0.0023921
10.386,0.0023589
10.406,0.0023169
10.426,0.0022736
10.446,0.0022341
10.466,0.0021861
10.486,0.0021312
10.506,0.0020832
10.526,0.0020432
10.546,0.0020061
10.566,0.0019726
10.586,0.0019439
10.606,0.0019216
10.627,0.0019131
10.647,0.0019059
10.667,0.0019028
10.687,0.0018828
10.707,0.0018497
10.727,0.0018005
10.747,0.0017478
10.767,0.001685
10.787,0.0016138
10.807,0.0015473
10.827,0.0014918
10.847,0.001451
10.867,0.0014168
10.887,0.0013832
10.907,0.0013556
10.927,0.0013369
10.947,0.0013172
10.967,0.0012892
10.987,0.0012553
11.007,0.0012194
11.028,0.001198
11.048,0.0011852
11.068,0.0011724
11.088,0.0011687
11.108,0.0011567
11.128,0.0011475
11.148,0.0011277
11.168,0.001111
11.188,0.0011081
11.208,0.0011046
11.228,0.0010965
11.248,0.0010979
11.268,0.0011052
11.288,0.0011101
11.308,0.0010944
11.328,0.0010807
11.348,0.001059
11.368,0.0010485
11.388,0.0010468
11.408,0.0010531
11.429,0.0010587
11.449,0.0010858
11.469,0.0011291
11.489,0.0011927
11.509,0.0012609
11.529,0.0013237
11.549,0.0013926
11.569,0.0014681
11.589,0.0015454
11.609,0.0016364
11.629,0.0017327
11.649,0.0018188
11.669,0.0019102
11.689,0.002002
11.709,0.0020981
11.729,0.0021881
11.749,0.0022848
11.769,0.0023803
11.789,0.0024779
11.809,0.0025718
11.83,0.0026582
11.85,0.0027308
11.87,0.002797
11.89,0.0028669
11.91,0.0029322
11.93,0.0029992
11.95,0.0030806
11.97,0.0031761
11.99,0.0032708
12.01,0.0033521
12.03,0.003429
12.05,0.0034988
12.07,0.0035451
12.09,0.0035758
12.11,0.0036041
12.13,0.0036266
12.15,0.0036338
12.17,0.0036308
12.19,0.0036207
12.21,0.0035963
12.231,0.0035593
12.251,0.003509
12.271,0.0034489
12.291,0.0033783
12.311,0.0033064
12.331,0.0032139
12.351,0.0030959
12.371,0.0029719
12.391,0.0028542
12.411,0.0027221
12.431,0.002577
12.451,0.0024285
12.471,0.0022713
12.491,0.0021059
12.511,0.0019169
12.531,0.001713
12.551,0.0015049
12.571,0.0012976
12.591,0.0010838
12.611,0.0008515
12.632,0.00060432
12.652,0.00034103
12.672,7.6388e-005
12.692,-0.00019395
12.712,-0.00046352
12.732,-0.0007404
12.752,-0.0010044
12.772,-0.0012707
12.792,-0.0015321
12.812,-0.0017996
12.832,-0.0020603
12.852,-0.0023281
12.872,-0.0025803
12.892,-0.002815
12.912,-0.0030308
12.932,-0.003219
12.952,-0.0033904
12.972,-0.0035552
12.992,-0.0037184
13.012,-0.0038661
13.033,-0.0040093
13.053,-0.0041466
13.073,-0.0042708
13.093,-0.0043893
13.113,-0.0044878
13.133,-0.0045687
13.153,-0.0046355
13.173,-0.0046888
13.193,-0.0047151
13.213,-0.0047381
13.233,-0.0047543
13.253,-0.0047632
13.273,-0.0047695
13.293,-0.0047664
13.313,-0.0047499
13.333,-0.0047066
13.353,-0.0046578
13.373,-0.0045981
13.393,-0.0045238
13.413,-0.0044409
13.434,-0.0043469
13.454,-0.0042629
13.474,-0.0041701
13.494,-0.0040796
13.514,-0.0039941
13.534,-0.0039201
13.554,-0.0038434
13.574,-0.0037615
13.594,-0.0036637
13.614,-0.0035569
13.634,-0.0034605
13.654,-0.0033769
13.674,-0.0032969
13.694,-0.0032143
13.714,-0.0031116
13.734,-0.0030071
13.754,-0.0029035
13.774,-0.002798
13.794,-0.0026991
13.814,-0.0025986
13.835,-0.0025029
13.855,-0.0024116
13.875,-0.0023394
13.895,-0.0022563
13.915,-0.0021608
13.935,-0.0020596
13.955,-0.0019785
13.975,-0.0019053
13.995,-0.0018353
14.015,-0.0017572
14.035,-0.0016844
14.055,-0.0016155
14.075,-0.0015492
14.095,-0.0014815
14.115,-0.0014101
14.135,-0.0013382
14.155,-0.0012809
14.175,-0.0012255
14.195,-0.001185
14.215,-0.0011559
14.236,-0.0011148
14.256,-0.0010737
14.276,-0.0010399
14.296,-0.0010053
14.316,-0.00095528
14.336,-0.00090658
14.356,-0.00087391
14.376,-0.00084127
14.396,-0.00080291
14.416,-0.0007557
14.436,-0.00071319
14.456,-0.00067292
14.476,-0.00061951
14.496,-0.00055692
14.516,-0.00048325
14.536,-0.00042147
14.556,-0.00036345
14.576,-0.00030478
14.596,-0.00023476
14.616,-0.00015116
14.637,-6.086e-005
14.657,3.1823e-005
14.677,0.00012357
14.697,0.00021605
14.717,0.00032208
14.737,0.00044403
14.757,0.0005791
14.777,0.00071581
14.797,0.00084532
14.817,0.00098931
14.837,0.0011375
14.857,0.0012947
14.877,0.0014762
14.897,0.0016676
14.917,0.001877
14.937,0.0020916
14.957,0.0023207
14.977,0.0025696
14.997,0.0028487
15.017,0.0031269
15.038,0.0034116
15.058,0.0037129
15.078,0.0040467
15.098,0.004392
15.118,0.0047548
15.138,0.0051415
15.158,0.0055427
15.178,0.0059548
15.198,0.0063823
15.218,0.0068363
15.238,0.0073097
15.258,0.0078175
15.278,0.0083507
15.298,0.0089114
15.318,0.0095031
15.338,0.010132
15.358,0.010799
15.378,0.01149
15.398,0.012204
15.418,0.012961
15.439,0.013748
15.459,0.014579
15.479,0.015428
15.499,0.016279
15.519,0.017116
15.539,0.017934
15.559,0.018729
15.579,0.01951
15.599,0.020263
15.619,0.020995
15.639,0.021707
15.659,0.022384
15.679,0.023015
15.699,0.023605
15.719,0.024151
15.739,0.02465
15.759,0.025099
15.779,0.025485
15.799,0.025796
15.819,0.026043
15.84,0.026219
15.86,0.026328
15.88,0.026381
15.9,0.026384
15.92,0.026313
15.94,0.026177
15.96,0.025981
15.98,0.025722
16,0.025409
16.02,0.025055
16.04,0.024665
16.06,0.024242
16.08,0.023785
16.1,0.023295
16.12,0.022781
16.14,0.022239
16.16,0.02168
16.18,0.021095
16.2,0.020506
16.22,0.019913
16.241,0.019311
16.261,0.018696
16.281,0.01806
16.301,0.017403
16.321,0.01675
16.341,0.0161
16.361,0.015449
16.381,0.01479
16.401,0.014145
16.421,0.013514
16.441,0.012908
16.461,0.012321
16.481,0.01176
16.501,0.011222
16.521,0.010725
16.541,0.01029
16.561,0.0099116
16.581,0.00959
16.601,0.009337
16.621,0.0091451
16.642,0.0090353
16.662,0.0090095
16.682,0.0090648
16.702,0.0092057
16.722,0.0094169
16.742,0.0097051
16.762,0.010079
16.782,0.010522
16.802,0.011032
16.822,0.011619
16.842,0.012276
16.862,0.012995
16.882,0.013765
16.902,0.014582
16.922,0.015429
16.942,0.016311
16.962,0.017227
16.982,0.018168
17.002,0.019102
17.022,0.020028
17.043,0.020951
17.063,0.021862
17.083,0.022747
17.103,0.0236
17.123,0.024429
17.143,0.025223
17.163,0.025984
17.183,0.026696
17.203,0.027354
17.223,0.027969
17.243,0.028552
17.263,0.0291
17.283,0.02961
17.303,0.030085
17.323,0.030522
17.343,0.030926
17.363,0.031301
17.383,0.031641
17.403,0.03193
17.423,0.032175
17.444,0.032378
17.464,0.032531
17.484,0.032654
17.504,0.032734
17.524,0.032761
17.544,0.032718
17.564,0.032616
17.584,0.032465
17.604,0.03226
17.624,0.031981
17.644,0.031629
17.664,0.031191
17.684,0.03066
17.704,0.030029
17.724,0.029304
17.744,0.028467
17.764,0.027518
17.784,0.026471
17.804,0.025303
17.824,0.02401
17.845,0.02261
17.865,0.021113
17.885,0.019497
17.905,0.017747
17.925,0.015899
17.945,0.014004
17.965,0.012024
17.985,0.010018
18.005,0.00789
18.025,0.0058297
18.045,0.0037648
18.065,0.001796
18.085,-0.00011907
18.105,-0.0019445
18.125,-0.0036588
18.145,-0.0052453
18.165,-0.006674
18.185,-0.0079501
18.205,-0.0090388
18.225,-0.0099308
18.246,-0.010607
18.266,-0.011049
18.286,-0.011263
18.306,-0.011229
18.326,-0.010955
18.346,-0.010441
18.366,-0.0097025
18.386,-0.0087348
18.406,-0.0075402
18.426,-0.0061218
18.446,-0.0044839
18.466,-0.0026349
18.486,-0.0006124
18.506,0.0016066
18.526,0.0040207
18.546,0.0066712
18.566,0.0094907
18.586,0.012466
18.606,0.015577
18.626,0.018803
18.647,0.022128
18.667,0.025578
18.687,0.02915
18.707,0.032861
18.727,0.036688
18.747,0.040643
18.767,0.044711
18.787,0.048866
18.807,0.053131
18.827,0.057565
18.847,0.062189
18.867,0.067051
18.887,0.072191
18.907,0.077615
18.927,0.083389
18.947,0.089581
18.967,0.096122
18.987,0.10309
19.007,0.11035
19.027,0.11783
19.048,0.1257
19.068,0.13388
19.088,0.14246
19.108,0.15143
19.128,0.1608
19.148,0.17063
19.168,0.18091
19.188,0.19161
19.208,0.20277
19.228,0.21447
19.248,0.22675
19.268,0.23958
19.288,0.25299
19.308,0.26701
19.328,0.28156
19.348,0.29668
19.368,0.31244
19.388,0.32894
19.408,0.34615
19.428,0.36407
19.449,0.38274
19.469,0.40219
19.489,0.4223
19.509,0.44303
19.529,0.46438
19.549,0.48632
19.569,0.50874
19.589,0.5315
19.609,0.55449
19.629,0.57769
19.649,0.60102
19.669,0.62434
19.689,0.6475
19.709,0.67034
19.729,0.69264
19.749,0.71426
19.769,0.73508
19.789,0.755
19.809,0.77379
19.829,0.79126
19.85,0.80727
19.87,0.82161
19.89,0.8341
19.91,0.8446
19.93,0.85282
19.95,0.85868
19.97,0.86212
19.99,0.86293
20.01,0.86112
20.03,0.85656
20.05,0.84907
20.07,0.83871
20.09,0.82531
20.11,0.80878
20.13,0.7893
20.15,0.76675
20.17,0.74115
20.19,0.7126
20.21,0.6809
20.23,0.64622
20.251,0.60854
20.271,0.56778
20.291,0.52421
20.311,0.47796
20.331,0.42888
20.351,0.37719
20.371,0.32326
20.391,0.26716
20.411,0.2089
20.431,0.14835
20.451,0.085997
20.471,0.022114
20.491,-0.043207
20.511,-0.10964
20.531,-0.17702
20.551,-0.24496
20.571,-0.31316
20.591,-0.38119
20.611,-0.44891
20.631,-0.51629
20.652,-0.58286
20.672,-0.64831
20.692,-0.71237
20.712,-0.77474
20.732,-0.83505
20.752,-0.8932
20.772,-0.94874
20.792,-1.0013
20.812,-1.0511
20.832,-1.0978
20.852,-1.1413
20.872,-1.1815
20.892,-1.2183
20.912,-1.2515
20.932,-1.2812
20.952,-1.3072
20.972,-1.3296
20.992,-1.3484
21.012,-1.3636
21.032,-1.3754
21.053,-1.3837
21.073,-1.3887
21.093,-1.3904
21.113,-1.389
21.133,-1.3845
21.153,-1.3772
21.173,-1.3672
21.193,-1.3546
21.213,-1.3395
21.233,-1.3222
21.253,-1.3028
21.273,-1.2813
21.293,-1.2579
21.313,-1.2328
21.333,-1.206
21.353,-1.1779
21.373,-1.1484
21.393,-1.1177
21.413,-1.0861
21.433,-1.0538
21.454,-1.0207
21.474,-0.98702
21.494,-0.95274
21.514,-0.91801
21.534,-0.88294
21.554,-0.84771
21.574,-0.81232
21.594,-0.77687
21.614,-0.74142
21.634,-0.70621
21.654,-0.67128
21.674,-0.63665
21.694,-0.60233
21.714,-0.56842
21.734,-0.53496
21.754,-0.50211
21.774,-0.46988
21.794,-0.43819
21.814,-0.40719
21.834,-0.37693
21.855,-0.34745
21.875,-0.31863
21.895,-0.29067
21.915,-0.26346
21.935,-0.23704
21.955,-0.21156
21.975,-0.18701
21.995,-0.16333
22.015,-0.14051
22.035,-0.11852
22.055,-0.097332
22.075,-0.077005
22.095,-0.057444
22.115,-0.038622
22.135,-0.020446
22.155,-0.0029185
22.175,0.013866
22.195,0.029988
22.215,0.045559
22.235,0.060595
22.256,0.07505
22.276,0.089001
22.296,0.10244
22.316,0.11543
22.336,0.12799
22.356,0.14012
22.376,0.15183
22.396,0.16309
22.416,0.174
22.436,0.18454
22.456,0.19469
22.476,0.20444
22.496,0.21384
22.516,0.22288
22.536,0.23151
22.556,0.23976
22.576,0.24766
22.596,0.2552
22.616,0.26238
22.636,0.26923
22.657,0.27579
22.677,0.2821
22.697,0.28815
22.717,0.29398
22.737,0.29958
22.757,0.30501
22.777,0.31026
22.797,0.31534
22.817,0.32023
22.837,0.325
22.857,0.32964
22.877,0.33416
22.897,0.33858
22.917,0.34288
22.937,0.34706
22.957,0.35112
22.977,0.35503
22.997,0.3588
23.017,0.36242
23.037,0.36587
23.058,0.36913
23.078,0.37218
23.098,0.37502
23.118,0.37763
23.138,0.37997
23.158,0.38203
23.178,0.38378
23.198,0.3852
23.218,0.38627
23.238,0.38699
23.258,0.38734
23.278,0.38734
23.298,0.38696
23.318,0.38621
23.338,0.38509
23.358,0.3836
23.378,0.38175
23.398,0.37955
23.418,0.37699
23.438,0.37408
23.459,0.37082
23.479,0.36723
23.499,0.36331
23.519,0.35908
23.539,0.35455
23.559,0.34974
23.579,0.34468
23.599,0.33941
23.619,0.33388
23.639,0.32813
23.659,0.32217
23.679,0.31604
23.699,0.30973
23.719,0.30326
23.739,0.2966
23.759,0.2898
23.779,0.28291
23.799,0.27596
23.819,0.26894
23.839,0.26186
23.86,0.25477
23.88,0.2477
23.9,0.24062
23.92,0.23357
23.94,0.22656
23.96,0.21961
23.98,0.21278
24,0.20607
24.02,0.19952
24.04,0.19314
24.06,0.18693
24.08,0.1809
24.1,0.17507
24.12,0.16943
24.14,0.164
24.16,0.15876
24.18,0.15373
24.2,0.14894
24.22,0.14434
24.24,0.13994
24.261,0.13572
24.281,0.13164
24.301,0.12771
24.321,0.12388
24.341,0.12017
24.361,0.11654
24.381,0.11296
24.401,0.10942
24.421,0.10594
24.441,0.10249
24.461,0.09905
24.481,0.095604
24.501,0.092149
24.521,0.088674
24.541,0.085193
24.561,0.081682
24.581,0.078137
24.601,0.074567
24.621,0.070972
24.641,0.067374
24.662,0.063751
24.682,0.060126
24.702,0.056481
24.722,0.052815
24.742,0.049143
24.762,0.045471
24.782,0.041773
24.802,0.038053
24.822,0.034337
24.842,0.030605
24.862,0.026865
24.882,0.02309
24.902,0.019271
24.922,0.015393
24.942,0.011464
24.962,0.0074685
24.982,0.0033993
25.002,-0.00074763
25.022,-0.0049629
25.042,-0.0092566
25.063,-0.013642
25.083,-0.018095
25.103,-0.022635
25.123,-0.027258
25.143,-0.03194
25.163,-0.036671
25.183,-0.041438
25.203,-0.046211
25.223,-0.050977
25.243,-0.055733
25.263,-0.060453
25.283,-0.065107
25.303,-0.069659
25.323,-0.074107
25.343,-0.078436
25.363,-0.082607
25.383,-0.086594
25.403,-0.090367
25.423,-0.093912
25.443,-0.097215
25.464,-0.10026
25.484,-0.10306
25.504,-0.10557
25.524,-0.1078
25.544,-0.10974
25.564,-0.11137
25.584,-0.11268
25.604,-0.11367
25.624,-0.11434
25.644,-0.1147
25.664,-0.11473
25.684,-0.11444
25.704,-0.11385
25.724,-0.11295
25.744,-0.11174
25.764,-0.11025
25.784,-0.10847
25.804,-0.10639
25.824,-0.10405
25.844,-0.10145
25.865,-0.098606
25.885,-0.095529
25.905,-0.09222
25.925,-0.088708
25.945,-0.084999
25.965,-0.081112
25.985,-0.077061
26.005,-0.072894
26.025,-0.068617
26.045,-0.064251
26.065,-0.059821
26.085,-0.055322
26.105,-0.050794
26.125,-0.046227
26.145,-0.041657
26.165,-0.037076
26.185,-0.032496
26.205,-0.027936
26.225,-0.023408
26.245,-0.01893
26.266,-0.014511
26.286,-0.010159
26.306,-0.005863
26.326,-0.0016393
26.346,0.0025085
26.366,0.0065561
26.386,0.010515
26.406,0.014372
26.426,0.018134
26.446,0.0218
26.466,0.025374
26.486,0.028836
26.506,0.032177
26.526,0.035422
26.546,0.038554
26.566,0.041574
26.586,0.044461
26.606,0.04722
26.626,0.049838
26.646,0.052323
26.667,0.054674
26.687,0.056887
26.707,0.058956
26.727,0.060891
26.747,0.062699
26.767,0.06438
26.787,0.065941
26.807,0.067371
26.827,0.068675
26.847,0.069875
26.867,0.07099
26.887,0.072014
26.907,0.072943
26.927,0.073782
26.947,0.074546
26.967,0.075241
26.987,0.075864
27.007,0.076426
27.027,0.076924
27.047,0.077368
27.068,0.077756
27.088,0.078097
27.108,0.078412
27.128,0.078676
27.148,0.078891
27.168,0.079045
27.188,0.079158
27.208,0.079213
27.228,0.07921
27.248,0.079156
27.268,0.07905
27.288,0.07889
27.308,0.078679
27.328,0.078407
27.348,0.078068
27.368,0.077677
27.388,0.077225
27.408,0.076723
27.428,0.076179
27.448,0.075592
27.469,0.074964
27.489,0.074304
27.509,0.073608
27.529,0.072883
27.549,0.072131
27.569,0.071357
27.589,0.070556
27.609,0.069735
27.629,0.068905
27.649,0.068081
27.669,0.067266
27.689,0.066449
27.709,0.065637
27.729,0.06483
27.749,0.064027
27.769,0.06323
27.789,0.062425
27.809,0.061614
27.829,0.060799
27.849,0.05999
27.87,0.059183
27.89,0.058366
27.91,0.057531
27.93,0.056676
27.95,0.055799
27.97,0.054907
27.99,0.053991
28.01,0.053036
28.03,0.052029
28.05,0.050974
28.07,0.049863
28.09,0.048708
28.11,0.047498
28.13,0.046236
28.15,0.044915
28.17,0.043516
28.19,0.042053
28.21,0.040534
28.23,0.038966
28.25,0.037331
28.271,0.035644
28.291,0.0339
28.311,0.032114
28.331,0.030292
28.351,0.028435
28.371,0.02655
28.391,0.024624
28.411,0.022659
28.431,0.020662
28.451,0.018645
28.471,0.016598
28.491,0.014524
28.511,0.012432
28.531,0.010325
28.551,0.0082101
28.571,0.0060759
28.591,0.0039222
28.611,0.0017402
28.631,-0.00046288
28.651,-0.0026822
28.672,-0.0049259
28.692,-0.0071987
28.712,-0.0094744
28.732,-0.011746
28.752,-0.014025
28.772,-0.016317
28.792,-0.018617
28.812,-0.020903
28.832,-0.02316
28.852,-0.025381
28.872,-0.027572
28.892,-0.02971
28.912,-0.031795
28.932,-0.033823
28.952,-0.035803
28.972,-0.037715
28.992,-0.039553
29.012,-0.041312
29.032,-0.042987
29.052,-0.04458
29.073,-0.046085
29.093,-0.047503
29.113,-0.048826
29.133,-0.050066
29.153,-0.051219
29.173,-0.052278
29.193,-0.053226
29.213,-0.054073
29.233,-0.054813
29.253,-0.055456
29.273,-0.056003
29.293,-0.05647
29.313,-0.056849
29.333,-0.057133
29.353,-0.057339
29.373,-0.057467
29.393,-0.057518
29.413,-0.057491
29.433,-0.057385
29.453,-0.057211
29.474,-0.056962
29.494,-0.056641
29.514,-0.056258
29.534,-0.055812
29.554,-0.055304
29.574,-0.054729
29.594,-0.054108
29.614,-0.053443
29.634,-0.052738
29.654,-0.05199
29.674,-0.0512
29.694,-0.050378
29.714,-0.049524
29.734,-0.04864
29.754,-0.047732
29.774,-0.046811
29.794,-0.045894
29.814,-0.044967
29.834,-0.044035
29.854,-0.043108
29.875,-0.042202
29.895,-0.041312
29.915,-0.040435
29.935,-0.039591
29.955,-0.038778
29.975,-0.038006
29.995,-0.037293
30.015,-0.03665
30.035,-0.036068
30.055,-0.035556
30.075,-0.035118
30.095,-0.034757
30.115,-0.034476
30.135,-0.034291
30.155,-0.034205
30.175,-0.034205
30.195,-0.034288
30.215,-0.034453
30.235,-0.034699
30.255,-0.035014
30.276,-0.035398
30.296,-0.035839
30.316,-0.036338
30.336,-0.036886
30.356,-0.037468
30.376,-0.038083
30.396,-0.038729
30.416,-0.039392
30.436,-0.040076
30.456,-0.040767
30.476,-0.041445
30.496,-0.04211
30.516,-0.042761
30.536,-0.043399
30.556,-0.044008
30.576,-0.044581
30.596,-0.045127
30.616,-0.045626
30.636,-0.046071
30.656,-0.046461
30.677,-0.0468
30.697,-0.047076
30.717,-0.047279
30.737,-0.047416
30.757,-0.047485
30.777,-0.047487
30.797,-0.047416
30.817,-0.047287
30.837,-0.047093
30.857,-0.046839
30.877,-0.046513
30.897,-0.046127
30.917,-0.045671
30.937,-0.045152
30.957,-0.044568
30.977,-0.043932
30.997,-0.04324
31.017,-0.04248
31.037,-0.041659
31.057,-0.040785
31.078,-0.039868
31.098,-0.038914
31.118,-0.037914
31.138,-0.036889
31.158,-0.035842
31.178,-0.034776
31.198,-0.033685
31.218,-0.032568
31.238,-0.031429
31.258,-0.030269
31.278,-0.029105
31.298,-0.02794
31.318,-0.026771
31.338,-0.025609
31.358,-0.024452
31.378,-0.023316
31.398,-0.022183
31.418,-0.02106
31.438,-0.019957
31.458,-0.018874
31.479,-0.01782
31.499,-0.016815
31.519,-0.015863
31.539,-0.014963
31.559,-0.014124
31.579,-0.013353
31.599,-0.012659
31.619,-0.012032
31.639,-0.011482
31.659,-0.011021
31.679,-0.010657
31.699,-0.010399
31.719,-0.010249
31.739,-0.010203
31.759,-0.010251
31.779,-0.010405
31.799,-0.010667
31.819,-0.011048
31.839,-0.011554
31.859,-0.012171
31.88,-0.01289
31.9,-0.01372
31.92,-0.014644
31.94,-0.015666
31.96,-0.01676
31.98,-0.01792
32,-0.019137
32.02,-0.020415
32.04,-0.021751
32.06,-0.023126
32.08,-0.024519
32.1,-0.025926
32.12,-0.02734
32.14,-0.028758
32.16,-0.030174
32.18,-0.031579
32.2,-0.032951
32.22,-0.034309
32.24,-0.035652
32.26,-0.036963
32.281,-0.038221
32.301,-0.039427
32.321,-0.040601
32.341,-0.041706
32.361,-0.042761
32.381,-0.043757
32.401,-0.044691
32.421,-0.045565
32.441,-0.04638
32.461,-0.047126
32.481,-0.047788
32.501,-0.04837
32.521,-0.048866
32.541,-0.049292
32.561,-0.049622
32.581,-0.049873
32.601,-0.05004
32.621,-0.050109
32.641,-0.050075
32.661,-0.049941
32.682,-0.049716
32.702,-0.049393
32.722,-0.048967
32.742,-0.048453
32.762,-0.047856
32.782,-0.047183
32.802,-0.046434
32.822,-0.045627
32.842,-0.044765
32.862,-0.043855
32.882,-0.04292
32.902,-0.04196
32.922,-0.040984
32.942,-0.039996
32.962,-0.039005
32.982,-0.038029
33.002,-0.037067
33.022,-0.036117
33.042,-0.035191
33.062,-0.03431
33.083,-0.033477
33.103,-0.03268
33.123,-0.031914
33.143,-0.031196
33.163,-0.03051
33.183,-0.029853
33.203,-0.029221
33.223,-0.028607
33.243,-0.028008
33.263,-0.027427
33.283,-0.026854
33.303,-0.026277
33.323,-0.025695
33.343,-0.025112
33.363,-0.024519
33.383,-0.023915
33.403,-0.02331
33.423,-0.022689
33.443,-0.022063
33.463,-0.021433
33.484,-0.020799
33.504,-0.020171
33.524,-0.019574
33.544,-0.018997
33.564,-0.018444
33.584,-0.017921
33.604,-0.017447
33.624,-0.01704
33.644,-0.016696
33.664,-0.016408
33.684,-0.016195
33.704,-0.016062
33.724,-0.016013
33.744,-0.01604
33.764,-0.016136
33.784,-0.01632
33.804,-0.016575
33.824,-0.016913
33.844,-0.017317
33.864,-0.01779
33.885,-0.018323
33.905,-0.018899
33.925,-0.019518
33.945,-0.020189
33.965,-0.020905
33.985,-0.02165
34.005,-0.022417
34.025,-0.023212
34.045,-0.024026
34.065,-0.024837
34.085,-0.025645
34.105,-0.026466
34.125,-0.027305
34.145,-0.028141
34.165,-0.028976
34.185,-0.029812
34.205,-0.030636
34.225,-0.031443
34.245,-0.032224
34.265,-0.03301
34.286,-0.033786
34.306,-0.034536
34.326,-0.035266
34.346,-0.035967
34.366,-0.036629
34.386,-0.037243
34.406,-0.037808
34.426,-0.038308
34.446,-0.038725
34.466,-0.039088
34.486,-0.039392
34.506,-0.039622
34.526,-0.039765
34.546,-0.039835
34.566,-0.03983
34.586,-0.039755
34.606,-0.039595
34.626,-0.039359
34.646,-0.039034
34.666,-0.038628
34.687,-0.03815
34.707,-0.037608
34.727,-0.037013
34.747,-0.036377
34.767,-0.035725
34.787,-0.035049
34.807,-0.03433
34.827,-0.03356
34.847,-0.032755
34.867,-0.031917
34.887,-0.031052
34.907,-0.030135
34.927,-0.029175
34.947,-0.028171
34.967,-0.027106
34.987,-0.025997
35.007,-0.024853
35.027,-0.023662
35.047,-0.022417
35.067,-0.021122
35.088,-0.019773
35.108,-0.018378
35.128,-0.016948
35.148,-0.015503
35.168,-0.014039
35.188,-0.012547
35.208,-0.011036
35.228,-0.0095282
35.248,-0.0080425
35.268,-0.0065969
35.288,-0.005203
35.308,-0.003873
35.328,-0.0026359
35.348,-0.001509
35.368,-0.00049696
35.388,0.00037612
35.408,0.0011119
35.428,0.0016825
35.448,0.0020843
35.468,0.002292
35.489,0.0023081
35.509,0.002139
35.529,0.0017758
35.549,0.0012255
35.569,0.00049802
35.589,-0.00041068
35.609,-0.0015072
35.629,-0.0027905
35.649,-0.0042405
35.669,-0.0058568
35.689,-0.0076327
35.709,-0.0095732
35.729,-0.011667
35.749,-0.01391
35.769,-0.016293
35.789,-0.018818
35.809,-0.021501
35.829,-0.024314
35.849,-0.027257
35.869,-0.030345
35.89,-0.033596
35.91,-0.036977
35.93,-0.040503
35.95,-0.044163
35.97,-0.047958
35.99,-0.05188
36.01,-0.055931
36.03,-0.060086
36.05,-0.064366
36.07,-0.06876
36.09,-0.073257
36.11,-0.077848
36.13,-0.082508
36.15,-0.087235
36.17,-0.092027
36.19,-0.09687
36.21,-0.10172
36.23,-0.10655
36.25,-0.1114
36.27,-0.11626
36.291,-0.12109
36.311,-0.1259
36.331,-0.13066
36.351,-0.13539
36.371,-0.14012
36.391,-0.14482
36.411,-0.14949
36.431,-0.1541
36.451,-0.1587
36.471,-0.16324
36.491,-0.16774
36.511,-0.17222
36.531,-0.17668
36.551,-0.18111
36.571,-0.18551
36.591,-0.18986
36.611,-0.19417
36.631,-0.19844
36.651,-0.20265
36.671,-0.20678
36.692,-0.21084
36.712,-0.21481
36.732,-0.21868
36.752,-0.22244
36.772,-0.22606
36.792,-0.22951
36.812,-0.2328
36.832,-0.2359
36.852,-0.23879
36.872,-0.24145
36.892,-0.24388
36.912,-0.24604
36.932,-0.24795
36.952,-0.24957
36.972,-0.25091
36.992,-0.25194
37.012,-0.25267
37.032,-0.25309
37.052,-0.25321
37.072,-0.25301
37.093,-0.25249
37.113,-0.25166
37.133,-0.2505
37.153,-0.249
37.173,-0.24717
37.193,-0.24502
37.213,-0.24253
37.233,-0.23971
37.253,-0.23658
37.273,-0.2331
37.293,-0.22927
37.313,-0.22503
37.333,-0.22044
37.353,-0.21546
37.373,-0.21012
37.393,-0.20439
37.413,-0.19827
37.433,-0.19174
37.453,-0.18482
37.473,-0.17744
37.494,-0.16962
37.514,-0.16135
37.534,-0.15268
37.554,-0.14358
37.574,-0.13407
37.594,-0.12411
37.614,-0.11369
37.634,-0.10288
37.654,-0.091621
37.674,-0.079893
37.694,-0.067754
37.714,-0.055275
37.734,-0.042442
37.754,-0.029291
37.774,-0.015743
37.794,-0.0018866
37.814,0.012311
37.834,0.026791
37.854,0.041552
37.874,0.05647
37.895,0.071572
37.915,0.086791
37.935,0.10214
37.955,0.11756
37.975,0.1331
37.995,0.14866
38.015,0.16427
38.035,0.17981
38.055,0.19533
38.075,0.21077
38.095,0.226
38.115,0.24103
38.135,0.25589
38.155,0.27059
38.175,0.28505
38.195,0.29923
38.215,0.31304
38.235,0.3265
38.255,0.33959
38.275,0.35226
38.296,0.36444
38.316,0.37624
38.336,0.3876
38.356,0.39845
38.376,0.40877
38.396,0.41851
38.416,0.42767
38.436,0.43623
38.456,0.44418
38.476,0.45151
38.496,0.45825
38.516,0.46441
38.536,0.46994
38.556,0.47482
38.576,0.47904
38.596,0.4826
38.616,0.48553
38.636,0.48783
38.656,0.48953
38.676,0.49064
38.697,0.49115
38.717,0.49105
38.737,0.49036
38.757,0.48908
38.777,0.48725
38.797,0.48486
38.817,0.48192
38.837,0.47841
38.857,0.47436
38.877,0.46977
38.897,0.46465
38.917,0.45902
38.937,0.4529
38.957,0.44634
38.977,0.4393
38.997,0.43181
39.017,0.42386
39.037,0.41547
39.057,0.40662
39.077,0.39738
39.098,0.38782
39.118,0.37792
39.138,0.36768
39.158,0.35715
39.178,0.34635
39.198,0.33524
39.218,0.32389
39.238,0.3123
39.258,0.3006
39.278,0.2888
39.298,0.27686
39.318,0.26478
39.338,0.25263
39.358,0.24039
39.378,0.2281
39.398,0.21581
39.418,0.20353
39.438,0.19139
39.458,0.17934
39.478,0.16731
39.499,0.15534
39.519,0.14343
39.539,0.13161
39.559,0.1199
39.579,0.10831
39.599,0.096867
39.619,0.085671
39.639,0.074642
39.659,0.063738
39.679,0.052988
39.699,0.042407
39.719,0.032064
39.739,0.021932
39.759,0.01203
39.779,0.0023582
39.799,-0.0070641
39.819,-0.016236
39.839,-0.025191
39.859,-0.033937
39.879,-0.042471
39.9,-0.050685
39.92,-0.058595
39.94,-0.066209
39.96,-0.073552
39.98,-0.080612
40,-0.087441
40.02,-0.094041
40.04,-0.10038
40.06,-0.10645
40.08,-0.11222
40.1,-0.11777
40.12,-0.12305
40.14,-0.12806
40.16,-0.13286
40.18,-0.13745
40.2,-0.14182
40.22,-0.14595
40.24,-0.14982
40.26,-0.15347
40.28,-0.15691
40.301,-0.16012
40.321,-0.16311
40.341,-0.16587
40.361,-0.16841
40.381,-0.17073
40.401,-0.1728
40.421,-0.17463
40.441,-0.17624
40.461,-0.17763
40.481,-0.17881
40.501,-0.17978
40.521,-0.18053
40.541,-0.18107
40.561,-0.18142
40.581,-0.18158
40.601,-0.18154
40.621,-0.18131
40.641,-0.18093
40.661,-0.18039
40.681,-0.17972
40.702,-0.17893
40.722,-0.17802
40.742,-0.17703
40.762,-0.17595
40.782,-0.17482
40.802,-0.17364
40.822,-0.17241
40.842,-0.17115
40.862,-0.16986
40.882,-0.16857
40.902,-0.16729
40.922,-0.16601
40.942,-0.1647
40.962,-0.16338
40.982,-0.16205
41.002,-0.16073
41.022,-0.15941
41.042,-0.15809
41.062,-0.15678
41.082,-0.15548
41.103,-0.15416
41.123,-0.15286
41.143,-0.15156
41.163,-0.15028
41.183,-0.14899
41.203,-0.14769
41.223,-0.14638
41.243,-0.14504
41.263,-0.14367
41.283,-0.1423
41.303,-0.14093
41.323,-0.13953
41.343,-0.13808
41.363,-0.13659
41.383,-0.13507
41.403,-0.13349
41.423,-0.13185
41.443,-0.13015
41.463,-0.12839
41.483,-0.12657
41.504,-0.1247
41.524,-0.12275
41.544,-0.12073
41.564,-0.11865
41.584,-0.11648
41.604,-0.11423
41.624,-0.11189
41.644,-0.10947
41.664,-0.10696
41.684,-0.10437
41.704,-0.10171
41.724,-0.098999
41.744,-0.096221
41.764,-0.093363
41.784,-0.090465
41.804,-0.087528
41.824,-0.084514
41.844,-0.081441
41.864,-0.078322
41.884,-0.075144
41.905,-0.071932
41.925,-0.06867
41.945,-0.065351
41.965,-0.062025
41.985,-0.058659
42.005,-0.055262
42.025,-0.051836
42.045,-0.048413
42.065,-0.044957
42.085,-0.041477
42.105,-0.038015
42.125,-0.034551
42.145,-0.031103
42.165,-0.027659
42.185,-0.024217
42.205,-0.02081
42.225,-0.017445
42.245,-0.014129
42.265,-0.010879
42.285,-0.0077045
42.306,-0.0046274
42.326,-0.0016313
42.346,0.0012441
42.366,0.0039994
42.386,0.0066574
42.406,0.0091849
42.426,0.011593
42.446,0.013862
42.466,0.016003
42.486,0.018032
42.506,0.019928
42.526,0.021678
42.546,0.023274
42.566,0.024702
42.586,0.025964
42.606,0.027091
42.626,0.028093
42.646,0.028965
42.666,0.029723
42.686,0.030362
42.707,0.030892
42.727,0.031333
42.747,0.03168
42.767,0.031909
42.787,0.03204
42.807,0.032077
42.827,0.031987
42.847,0.031781
42.867,0.031494
42.887,0.031111
42.907,0.0306
42.927,0.029996
42.947,0.029298
42.967,0.028523
42.987,0.027673
43.007,0.02675
43.027,0.025727
43.047,0.024643
43.067,0.023481
43.087,0.022245
43.108,0.020922
43.128,0.019531
43.148,0.018099
43.168,0.016638
43.188,0.015142
43.208,0.01361
43.228,0.012043
43.248,0.010457
43.268,0.0088568
43.288,0.0072608
43.308,0.0056719
43.328,0.0040833
43.348,0.0024869
43.368,0.00087687
43.388,-0.00072621
43.408,-0.00231
43.428,-0.0038435
43.448,-0.0053444
43.468,-0.0068324
43.488,-0.008299
43.509,-0.009717
43.529,-0.011103
43.549,-0.012472
43.569,-0.013808
43.589,-0.015126
43.609,-0.016423
43.629,-0.017702
43.649,-0.018967
43.669,-0.020225
43.689,-0.021461
43.709,-0.022664
43.729,-0.023848
43.749,-0.025027
43.769,-0.026164
43.789,-0.027259
43.809,-0.028333
43.829,-0.029363
43.849,-0.03032
43.869,-0.031238
43.889,-0.032108
43.91,-0.032941
43.93,-0.033715
43.95,-0.034448
43.97,-0.035151
43.99,-0.035804
44.01,-0.036404
44.03,-0.036929
44.05,-0.03739
44.07,-0.037792
44.09,-0.038149
44.11,-0.038451
44.13,-0.038705
44.15,-0.038943
44.17,-0.039172
44.19,-0.039364
44.21,-0.039522
44.23,-0.039633
44.25,-0.039717
44.27,-0.039791
44.29,-0.039875
44.311,-0.03995
44.331,-0.040003
44.351,-0.040051
44.371,-0.040095
44.391,-0.040154
44.411,-0.040207
44.431,-0.040259
44.451,-0.040302
44.471,-0.040345
44.491,-0.040374
44.511,-0.040404
44.531,-0.040436
44.551,-0.040467
44.571,-0.040501
44.591,-0.040517
44.611,-0.040496
44.631,-0.040454
44.651,-0.040411
44.671,-0.040361
44.691,-0.040314
44.712,-0.040257
44.732,-0.040184
44.752,-0.040136
44.772,-0.040104
44.792,-0.040094
44.812,-0.040082
44.832,-0.040054
44.852,-0.040031
44.872,-0.040019
44.892,-0.040012
44.912,-0.040025
44.932,-0.040034
44.952,-0.040056
44.972,-0.040039
44.992,-0.039983
45.012,-0.039905
45.032,-0.039795
45.052,-0.03965
45.072,-0.039482
45.092,-0.039257
45.113,-0.038984
45.133,-0.038665
45.153,-0.038303
45.173,-0.037915
45.193,-0.037445
45.213,-0.036934
45.233,-0.036365
45.253,-0.03572
45.273,-0.035009
45.293,-0.034251
45.313,-0.033463
45.333,-0.032609
45.353,-0.031696
45.373,-0.030727
45.393,-0.029705
45.413,-0.028613
45.433,-0.027446
45.453,-0.026222
45.473,-0.024943
45.493,-0.023587
45.514,-0.022161
45.534,-0.020636
45.554,-0.019009
45.574,-0.017278
45.594,-0.015499
45.614,-0.013652
45.634,-0.011726
45.654,-0.0097054
45.674,-0.0076088
45.694,-0.0054629
45.714,-0.0032904
45.734,-0.0010903
45.754,0.0011196
45.774,0.0033647
45.794,0.0056716
45.814,0.0079511
45.834,0.010153
45.854,0.012355
45.874,0.014498
45.894,0.016562
45.915,0.018564
45.935,0.020486
45.955,0.0223
45.975,0.024042
45.995,0.025708
46.015,0.027253
46.035,0.028681
46.055,0.030014
46.075,0.031231
46.095,0.032317
46.115,0.033329
46.135,0.034251
46.155,0.035086
46.175,0.03585
46.195,0.036537
46.215,0.03716
46.235,0.037694
46.255,0.038158
46.275,0.038521
46.295,0.038798
46.316,0.038992
46.336,0.039079
46.356,0.039083
46.376,0.039017
46.396,0.038855
46.416,0.038593
46.436,0.038219
46.456,0.037714
46.476,0.037111
46.496,0.036391
46.516,0.03557
46.536,0.034662
46.556,0.033701
46.576,0.032652
46.596,0.031572
46.616,0.03044
46.636,0.029269
46.656,0.028064
46.676,0.026841
46.696,0.025664
46.717,0.024481
46.737,0.023338
46.757,0.022218
46.777,0.021171
46.797,0.020221
46.817,0.019338
46.837,0.018538
46.857,0.017816
46.877,0.017195
46.897,0.016659
46.917,0.016245
46.937,0.015944
46.957,0.015721
46.977,0.015617
46.997,0.015611
47.017,0.0157
47.037,0.015881
47.057,0.016099
47.077,0.016379
47.097,0.016746
47.118,0.017194
47.138,0.017705
47.158,0.01829
47.178,0.018912
47.198,0.019629
47.218,0.020357
47.238,0.021105
47.258,0.021909
47.278,0.022721
47.298,0.023544
47.318,0.024403
47.338,0.025289
47.358,0.026211
47.378,0.02717
47.398,0.028135
47.418,0.029129
47.438,0.030062
47.458,0.031007
47.478,0.031949
47.498,0.032858
47.519,0.033719
47.539,0.034593
47.559,0.035463
47.579,0.036247
47.599,0.036941
47.619,0.037625
47.639,0.038245
47.659,0.038787
47.679,0.03928
47.699,0.03971
47.719,0.0401
47.739,0.040403
47.759,0.04062
47.779,0.040796
47.799,0.040925
47.819,0.040978
47.839,0.040994
47.859,0.040976
47.879,0.040907
47.899,0.040834
47.92,0.040708
47.94,0.040534
47.96,0.040371
47.98,0.040175
48,0.039938
48.02,0.039651
48.04,0.039309
48.06,0.038936
48.08,0.03854
48.1,0.038112
48.12,0.037644
48.14,0.037119
48.16,0.036581
48.18,0.036017
48.2,0.035389
48.22,0.034747
48.24,0.034115
48.26,0.033438
48.28,0.03272
48.3,0.031973
48.321,0.031223
48.341,0.030526
48.361,0.029812
48.381,0.029072
48.401,0.028286
48.421,0.027522
48.441,0.026816
48.461,0.026126
48.481,0.025455
48.501,0.024813
48.521,0.024232
48.541,0.023698
48.561,0.023216
48.581,0.022773
48.601,0.022441
48.621,0.022134
48.641,0.021834
48.661,0.021546
48.681,0.021326
48.701,0.021193
48.722,0.021037
48.742,0.020924
48.762,0.020887
48.782,0.020925
48.802,0.021011
48.822,0.021142
48.842,0.021302
48.862,0.021536
48.882,0.021793
48.902,0.022105
48.922,0.022464
48.942,0.022848
48.962,0.023283
48.982,0.023719
49.002,0.024132
49.022,0.024599
49.042,0.025047
49.062,0.025513
49.082,0.026009
49.102,0.0265
49.123,0.026967
49.143,0.027357
49.163,0.027694
49.183,0.028011
49.203,0.028242
49.223,0.028458
49.243,0.02865
49.263,0.028769
49.283,0.028854
49.303,0.028851
49.323,0.02877
49.343,0.028739
49.363,0.02859
49.383,0.028382
49.403,0.028119
49.423,0.027964
49.443,0.027709
49.463,0.027387
49.483,0.027013
49.503,0.02669
49.524,0.026321
49.544,0.025877
49.564,0.025424
49.584,0.025008
49.604,0.024556
49.624,0.024031
49.644,0.023406
49.664,0.022757
49.684,0.022024
49.704,0.021199
49.724,0.020339
49.744,0.019421
49.764,0.018457
49.784,0.017412
49.804,0.016261
49.824,0.014847
49.844,0.013361
49.864,0.011821
49.884,0.010176
49.904,0.0082769
49.925,0.0063801
49.945,0.0044708
49.965,0.0025723
49.985,0.0005053
50.005,-0.0016328
50.025,-0.0038597
50.045,-0.0060625
50.065,-0.0081792
50.085,-0.010212
50.105,-0.010578
