0,-0.0066776
0.020046,-0.0040003
0.040093,1.9631e-005
0.060139,-0.00015815
0.080185,-0.00024354
0.10023,-0.00026652
0.12028,-0.00020057
0.14032,-0.00024094
0.16037,-0.00020019
0.18042,-0.00022661
0.20046,-0.00029854
0.22051,-0.0002931
0.24056,-0.00019674
0.2606,-0.0002775
0.28065,-0.0003229
0.3007,-0.00034657
0.32074,-0.00038771
0.34079,-0.00038583
0.36083,-0.00051879
0.38088,-0.00064173
0.40093,-0.00069931
0.42097,-0.0007359
0.44102,-0.00081501
0.46107,-0.00083104
0.48111,-0.00088738
0.50116,-0.00089252
0.52121,-0.00087633
0.54125,-0.00078176
0.5613,-0.00078593
0.58134,-0.00085009
0.60139,-0.00089065
0.62144,-0.00091433
0.64148,-0.00089299
0.66153,-0.00093898
0.68158,-0.0010135
0.70162,-0.001077
0.72167,-0.001052
0.74172,-0.001026
0.76176,-0.0011505
0.78181,-0.0012641
0.80185,-0.0013109
0.8219,-0.0014458
0.84195,-0.0015125
0.86199,-0.0015601
0.88204,-0.0015868
0.90209,-0.0016523
0.92213,-0.0016723
0.94218,-0.0017099
0.96223,-0.0017064
0.98227,-0.0017257
1.0023,-0.0017715
1.0224,-0.0018168
1.0424,-0.0018412
1.0625,-0.0019372
1.0825,-0.0020362
1.1025,-0.0021321
1.1226,-0.002198
1.1426,-0.0022285
1.1627,-0.0022715
1.1827,-0.0023121
1.2028,-0.0023311
1.2228,-0.0023451
1.2429,-0.0023156
1.2629,-0.0023158
1.283,-0.002327
1.303,-0.0023439
1.3231,-0.002346
1.3431,-0.0023761
1.3632,-0.0024177
1.3832,-0.0025061
1.4032,-0.0025366
1.4233,-0.0024957
1.4433,-0.0024511
1.4634,-0.0024415
1.4834,-0.0024527
1.5035,-0.0024506
1.5235,-0.0024765
1.5436,-0.0024886
1.5636,-0.0025171
1.5837,-0.0025015
1.6037,-0.002505
1.6238,-0.0025094
1.6438,-0.0024892
1.6638,-0.0024371
1.6839,-0.0024574
1.7039,-0.0024921
1.724,-0.0024756
1.744,-0.002434
1.7641,-0.002389
1.7841,-0.0023606
1.8042,-0.0023283
1.8242,-0.0023255
1.8443,-0.0023093
1.8643,-0.0022707
1.8844,-0.0022371
1.9044,-0.0021988
1.9245,-0.0022164
1.9445,-0.002216
1.9645,-0.002191
1.9846,-0.0021594
2.0046,-0.0021365
2.0247,-0.0021307
2.0447,-0.0021179
2.0648,-0.00212
2.0848,-0.0020799
2.1049,-0.0020164
2.1249,-0.0019487
2.145,-0.0018558
2.165,-0.0018066
2.1851,-0.0017505
2.2051,-0.0017063
2.2251,-0.0016631
2.2452,-0.0016093
2.2652,-0.0015762
2.2853,-0.0015546
2.3053,-0.0015598
2.3254,-0.0015836
2.3454,-0.0015938
2.3655,-0.0016008
2.3855,-0.0015696
2.4056,-0.0015147
2.4256,-0.0014094
2.4457,-0.0013121
2.4657,-0.0011954
2.4857,-0.0011093
2.5058,-0.0010265
2.5258,-0.00099002
2.5459,-0.00093298
2.5659,-0.00090126
2.586,-0.00090134
2.606,-0.00089679
2.6261,-0.00085927
2.6461,-0.00083992
2.6662,-0.00081194
2.6862,-0.00077831
2.7063,-0.00074548
2.7263,-0.0007242
2.7464,-0.00071702
2.7664,-0.00070151
2.7864,-0.00067381
2.8065,-0.00063647
2.8265,-0.00063147
2.8466,-0.00060651
2.8666,-0.00061135
2.8867,-0.00058186
2.9067,-0.00053069
2.9268,-0.00052072
2.9468,-0.00050873
2.9669,-0.00050488
2.9869,-0.00047685
3.007,-0.00044907
3.027,-0.00043499
3.047,-0.00041088
3.0671,-0.00040079
3.0871,-0.00038212
3.1072,-0.00035926
3.1272,-0.00032609
3.1473,-0.00027435
3.1673,-0.00025763
3.1874,-0.0002724
3.2074,-0.00024726
3.2275,-0.0002054
3.2475,-0.00017585
3.2676,-0.00014945
3.2876,-0.0001268
3.3076,-0.00013404
3.3277,-0.00013415
3.3477,-0.00011227
3.3678,-0.00010402
3.3878,-9.5351e-005
3.4079,-0.00011407
3.4279,-0.00012001
3.448,-0.00012835
3.468,-0.00012686
3.4881,-0.00011425
3.5081,-9.9321e-005
3.5282,-7.9631e-005
3.5482,-6.7259e-005
3.5683,-6.3334e-005
3.5883,-7.0451e-005
3.6083,-7.4975e-005
3.6284,-7.4969e-005
3.6484,-6.0773e-005
3.6685,-3.7984e-005
3.6885,9.8893e-007
3.7086,3.4046e-005
3.7286,6.8102e-005
3.7487,8.1577e-005
3.7687,9.3022e-005
3.7888,6.7721e-005
3.8088,6.2792e-005
3.8289,6.6095e-005
3.8489,9.4082e-005
3.8689,0.00014264
3.889,0.00020088
3.909,0.00025388
3.9291,0.00029915
3.9491,0.00033161
3.9692,0.00037443
3.9892,0.00042265
4.0093,0.0004536
4.0293,0.00048545
4.0494,0.0005119
4.0694,0.00051307
4.0895,0.0005176
4.1095,0.00054594
4.1296,0.00058554
4.1496,0.000626
4.1696,0.00064816
4.1897,0.00065417
4.2097,0.00066552
4.2298,0.00066015
4.2498,0.00067703
4.2699,0.00072084
4.2899,0.00077126
4.31,0.00083029
4.33,0.00088776
4.3501,0.00094608
4.3701,0.001028
4.3902,0.0011016
4.4102,0.0011241
4.4302,0.0011511
4.4503,0.0012045
4.4703,0.0012347
4.4904,0.0012836
4.5104,0.0013434
4.5305,0.0013838
4.5505,0.0014405
4.5706,0.0015049
4.5906,0.0015529
4.6107,0.0016107
4.6307,0.0016487
4.6508,0.0016865
4.6708,0.0017418
4.6908,0.0017782
4.7109,0.0017953
4.7309,0.0018174
4.751,0.0018322
4.771,0.0018475
4.7911,0.0018669
4.8111,0.0018851
4.8312,0.0018908
4.8512,0.001883
4.8713,0.0018787
4.8913,0.0019007
4.9114,0.0019238
4.9314,0.0019572
4.9515,0.0020026
4.9715,0.0020517
4.9915,0.0020927
5.0116,0.0021299
5.0316,0.0021547
5.0517,0.002171
5.0717,0.0022006
5.0918,0.0022418
5.1118,0.0022701
5.1319,0.00228
5.1519,0.0022945
5.172,0.0023089
5.192,0.0023363
5.2121,0.0023662
5.2321,0.0023991
5.2521,0.002442
5.2722,0.0024996
5.2922,0.0025516
5.3123,0.0025882
5.3323,0.0025963
5.3524,0.0025902
5.3724,0.0026091
5.3925,0.0026263
5.4125,0.0026371
5.4326,0.0026605
5.4526,0.0026734
5.4727,0.0026817
5.4927,0.0026909
5.5127,0.0026985
5.5328,0.0027023
5.5528,0.0027052
5.5729,0.002684
5.5929,0.00266
5.613,0.0026518
5.633,0.0026504
5.6531,0.0026372
5.6731,0.0026154
5.6932,0.0025927
5.7132,0.002585
5.7333,0.0025733
5.7533,0.0025435
5.7734,0.0024762
5.7934,0.0024158
5.8134,0.0024074
5.8335,0.0024124
5.8535,0.0023933
5.8736,0.0023566
5.8936,0.0023337
5.9137,0.0023258
5.9337,0.002312
5.9538,0.0022975
5.9738,0.0022907
5.9939,0.0022766
6.0139,0.0022507
6.034,0.0022173
6.054,0.0021827
6.074,0.0021432
6.0941,0.0021108
6.1141,0.0020642
6.1342,0.0020145
6.1542,0.0019726
6.1743,0.0019263
6.1943,0.00189
6.2144,0.0018455
6.2344,0.0017814
6.2545,0.0017354
6.2745,0.001696
6.2946,0.0016583
6.3146,0.0015988
6.3347,0.0015377
6.3547,0.0014857
6.3747,0.001441
6.3948,0.0014128
6.4148,0.0013912
6.4349,0.0013603
6.4549,0.0013134
6.475,0.0012634
6.495,0.0012252
6.5151,0.0011738
6.5351,0.0011273
6.5552,0.0011039
6.5752,0.0010713
6.5953,0.0010296
6.6153,0.00099488
6.6353,0.00095281
6.6554,0.00091043
6.6754,0.00088281
6.6955,0.000864
6.7155,0.00083594
6.7356,0.00082627
6.7556,0.00082021
6.7757,0.00081975
6.7957,0.00081895
6.8158,0.00080279
6.8358,0.00077754
6.8559,0.00075881
6.8759,0.00076823
6.8959,0.00078377
6.916,0.00078912
6.936,0.00081293
6.9561,0.0008529
6.9761,0.00089132
6.9962,0.0009028
7.0162,0.00090122
7.0363,0.00088591
7.0563,0.00086175
7.0764,0.00084812
7.0964,0.00084656
7.1165,0.00084264
7.1365,0.00085332
7.1566,0.00087013
7.1766,0.00087316
7.1966,0.00087488
7.2167,0.00088367
7.2367,0.00090519
7.2568,0.0009224
7.2768,0.00094576
7.2969,0.00096972
7.3169,0.0010032
7.337,0.0010376
7.357,0.0010597
7.3771,0.0010758
7.3971,0.0010926
7.4172,0.0010939
7.4372,0.0010909
7.4572,0.001101
7.4773,0.0011194
7.4973,0.0011568
7.5174,0.0011957
7.5374,0.0012293
7.5575,0.0012934
7.5775,0.0013566
7.5976,0.0014137
7.6176,0.0014783
7.6377,0.0015372
7.6577,0.0015838
7.6778,0.0016394
7.6978,0.0016971
7.7178,0.0017892
7.7379,0.0018741
7.7579,0.0019241
7.778,0.0019692
7.798,0.0020237
7.8181,0.0020554
7.8381,0.0020669
7.8582,0.0020943
7.8782,0.0021257
7.8983,0.0021607
7.9183,0.0022019
7.9384,0.002255
7.9584,0.0023056
7.9785,0.0023493
7.9985,0.0024024
8.0185,0.0024698
8.0386,0.0025429
8.0586,0.002608
8.0787,0.0026786
8.0987,0.0027515
8.1188,0.0028165
8.1388,0.0028759
8.1589,0.0029399
8.1789,0.0030141
8.199,0.0030942
8.219,0.0031629
8.2391,0.0032238
8.2591,0.0032819
8.2791,0.0033353
8.2992,0.0033874
8.3192,0.003441
8.3393,0.0034739
8.3593,0.0035202
8.3794,0.0035644
8.3994,0.0036075
8.4195,0.0036638
8.4395,0.0037507
8.4596,0.0038197
8.4796,0.0038793
8.4997,0.0039257
8.5197,0.0039717
8.5398,0.0040324
8.5598,0.0040993
8.5798,0.0041682
8.5999,0.0042156
8.6199,0.0042546
8.64,0.00428
8.66,0.0042874
8.6801,0.0043034
8.7001,0.0043231
8.7202,0.004336
8.7402,0.0043524
8.7603,0.0043776
8.7803,0.0043976
8.8004,0.0044182
8.8204,0.0044462
8.8404,0.0044738
8.8605,0.0044971
8.8805,0.0045317
8.9006,0.0045546
8.9206,0.0045664
8.9407,0.0045684
8.9607,0.0045709
8.9808,0.0045847
9.0008,0.0045879
9.0209,0.0045955
9.0409,0.0046102
9.061,0.0046198
9.081,0.00462
9.101,0.0046111
9.1211,0.0046065
9.1411,0.0046066
9.1612,0.0045974
9.1812,0.0045776
9.2013,0.0045768
9.2213,0.0045786
9.2414,0.0045805
9.2614,0.0045691
9.2815,0.0045495
9.3015,0.0045124
9.3216,0.0044759
9.3416,0.00445
9.3617,0.0044242
9.3817,0.0044004
9.4017,0.0043858
9.4218,0.0043609
9.4418,0.0043278
9.4619,0.0043086
9.4819,0.0042778
9.502,0.0042385
9.522,0.0041881
9.5421,0.0041393
9.5621,0.0040954
9.5822,0.0040646
9.6022,0.0040272
9.6223,0.0039862
9.6423,0.0039565
9.6623,0.0039233
9.6824,0.0038933
9.7024,0.0038445
9.7225,0.0037868
9.7425,0.0037203
9.7626,0.003654
9.7826,0.0035999
9.8027,0.003545
9.8227,0.0034928
9.8428,0.0034426
9.8628,0.0033929
9.8829,0.0033374
9.9029,0.00327
9.9229,0.0032017
9.943,0.0031386
9.963,0.0030787
9.9831,0.0030349
10.003,0.002978
10.023,0.002917
10.043,0.0028506
10.063,0.0027834
10.083,0.0027159
10.103,0.0026641
10.123,0.0026128
10.143,0.002561
10.164,0.0025223
10.184,0.0024905
10.204,0.0024491
10.224,0.0024127
10.244,0.0023681
10.264,0.0023258
10.284,0.0022579
10.304,0.0021855
10.324,0.0021253
10.344,0.0020748
10.364,0.0020076
10.384,0.0019497
10.404,0.0019109
10.424,0.0018688
10.444,0.0018242
10.464,0.0017922
10.484,0.0017657
10.504,0.0017281
10.524,0.0016918
10.544,0.0016639
10.564,0.0016396
10.584,0.0016113
10.605,0.0015756
10.625,0.0015462
10.645,0.0015318
10.665,0.0015275
10.685,0.001511
10.705,0.0014863
10.725,0.0014453
10.745,0.0014116
10.765,0.0013556
10.785,0.0013024
10.805,0.0012611
10.825,0.0012357
10.845,0.0012046
10.865,0.0011753
10.885,0.0011595
10.905,0.0011458
10.925,0.0011418
10.945,0.0011169
10.965,0.001079
10.985,0.0010422
11.005,0.0010149
11.025,0.00099985
11.046,0.0010045
11.066,0.0010001
11.086,0.00099053
11.106,0.00098799
11.126,0.00097073
11.146,0.00094912
11.166,0.00092727
11.186,0.00090521
11.206,0.00086945
11.226,0.00083535
11.246,0.00081475
11.266,0.00079733
11.286,0.00078298
11.306,0.00077932
11.326,0.00077543
11.346,0.00078457
11.366,0.00081279
11.386,0.00084805
11.406,0.00087501
11.426,0.00090833
11.446,0.00093985
11.467,0.000961
11.487,0.00097922
11.507,0.0010025
11.527,0.00104
11.547,0.0010945
11.567,0.0011497
11.587,0.0012129
11.607,0.0012984
11.627,0.0013944
11.647,0.0014812
11.667,0.0015614
11.687,0.0016379
11.707,0.0017159
11.727,0.0017899
11.747,0.0018729
11.767,0.0019659
11.787,0.0020663
11.807,0.0021674
11.827,0.0022773
11.847,0.0023935
11.867,0.0025059
11.887,0.002613
11.908,0.0027099
11.928,0.0028017
11.948,0.0028955
11.968,0.0029925
11.988,0.0030818
12.008,0.0031623
12.028,0.0032464
12.048,0.0033272
12.068,0.0033992
12.088,0.0034606
12.108,0.0035165
12.128,0.0035663
12.148,0.0036124
12.168,0.0036396
12.188,0.0036615
12.208,0.0036818
12.228,0.0036969
12.248,0.0037017
12.268,0.0036989
12.288,0.003679
12.308,0.0036485
12.329,0.003595
12.349,0.0035298
12.369,0.0034598
12.389,0.0033898
12.409,0.0033021
12.429,0.0031965
12.449,0.0030765
12.469,0.002943
12.489,0.0027947
12.509,0.002647
12.529,0.0024939
12.549,0.0023322
12.569,0.0021579
12.589,0.0019711
12.609,0.001784
12.629,0.0015836
12.649,0.0013676
12.669,0.0011467
12.689,0.00090723
12.709,0.00065449
12.729,0.00039982
12.749,0.00013315
12.77,-0.00014065
12.79,-0.00041398
12.81,-0.00067175
12.83,-0.00091053
12.85,-0.0011504
12.87,-0.0013865
12.89,-0.0016151
12.91,-0.0018233
12.93,-0.0020305
12.95,-0.0022296
12.97,-0.0024289
12.99,-0.0026243
13.01,-0.0027998
13.03,-0.002957
13.05,-0.0031089
13.07,-0.0032616
13.09,-0.0034
13.11,-0.003528
13.13,-0.0036505
13.15,-0.003756
13.17,-0.0038573
13.191,-0.0039488
13.211,-0.0040287
13.231,-0.0040845
13.251,-0.0041121
13.271,-0.0041213
13.291,-0.0041357
13.311,-0.0041436
13.331,-0.0041375
13.351,-0.0041062
13.371,-0.0040631
13.391,-0.0040158
13.411,-0.0039564
13.431,-0.0038943
13.451,-0.0038195
13.471,-0.003741
13.491,-0.0036523
13.511,-0.0035566
13.531,-0.0034575
13.551,-0.0033429
13.571,-0.0032217
13.591,-0.003103
13.611,-0.0029846
13.632,-0.0028753
13.652,-0.0027737
13.672,-0.0026839
13.692,-0.002594
13.712,-0.0025058
13.732,-0.0024088
13.752,-0.0023058
13.772,-0.0022092
13.792,-0.0021059
13.812,-0.0020091
13.832,-0.0019147
13.852,-0.0018333
13.872,-0.0017531
13.892,-0.0016739
13.912,-0.0016014
13.932,-0.0015329
13.952,-0.001468
13.972,-0.001401
13.992,-0.0013443
14.012,-0.0012968
14.032,-0.0012394
14.053,-0.0011933
14.073,-0.0011393
14.093,-0.001088
14.113,-0.0010421
14.133,-0.0010021
14.153,-0.00095766
14.173,-0.00090813
14.193,-0.00085189
14.213,-0.00079707
14.233,-0.00075227
14.253,-0.00072102
14.273,-0.00068925
14.293,-0.00064722
14.313,-0.00060879
14.333,-0.00058962
14.353,-0.00058133
14.373,-0.00057354
14.393,-0.00056564
14.413,-0.00054914
14.433,-0.00052876
14.453,-0.0005027
14.473,-0.00047585
14.494,-0.000448
14.514,-0.00041982
14.534,-0.00039951
14.554,-0.00037694
14.574,-0.00034497
14.594,-0.00030775
14.614,-0.00027253
14.634,-0.0002345
14.654,-0.00018496
14.674,-0.00013066
14.694,-6.4039e-005
14.714,-1.1544e-006
14.734,7.6228e-005
14.754,0.00015822
14.774,0.00024433
14.794,0.00033616
14.814,0.00042991
14.834,0.0005261
14.854,0.00062361
14.874,0.00073883
14.894,0.00086918
14.914,0.0010213
14.935,0.0011933
14.955,0.0013759
14.975,0.0015743
14.995,0.0017772
15.015,0.0020038
15.035,0.002244
15.055,0.0024946
15.075,0.0027567
15.095,0.003032
15.115,0.0033214
15.135,0.0036454
15.155,0.0039866
15.175,0.0043525
15.195,0.004734
15.215,0.0051448
15.235,0.0055828
15.255,0.0060539
15.275,0.0065438
15.295,0.0070623
15.315,0.0076049
15.335,0.0081926
15.356,0.0088167
15.376,0.0094732
15.396,0.010158
15.416,0.010861
15.436,0.011591
15.456,0.012344
15.476,0.013117
15.496,0.013919
15.516,0.014735
15.536,0.015558
15.556,0.01639
15.576,0.017223
15.596,0.018053
15.616,0.018881
15.636,0.019693
15.656,0.020486
15.676,0.021245
15.696,0.021978
15.716,0.022692
15.736,0.023365
15.756,0.023993
15.776,0.024546
15.797,0.025043
15.817,0.025473
15.837,0.025836
15.857,0.026128
15.877,0.026356
15.897,0.026515
15.917,0.026613
15.937,0.026651
15.957,0.026628
15.977,0.026547
15.997,0.0264
16.017,0.02619
16.037,0.025928
16.057,0.02562
16.077,0.025268
16.097,0.02488
16.117,0.024461
16.137,0.024019
16.157,0.023554
16.177,0.023067
16.197,0.022561
16.218,0.022041
16.238,0.021504
16.258,0.020954
16.278,0.02039
16.298,0.01981
16.318,0.019222
16.338,0.018621
16.358,0.018006
16.378,0.017387
16.398,0.016757
16.418,0.016121
16.438,0.015488
16.458,0.014871
16.478,0.014273
16.498,0.013689
16.518,0.013123
16.538,0.012583
16.558,0.012068
16.578,0.011585
16.598,0.011154
16.618,0.010764
16.638,0.010441
16.659,0.010183
16.679,0.0099924
16.699,0.0098688
16.719,0.0098211
16.739,0.0098477
16.759,0.0099499
16.779,0.010129
16.799,0.010395
16.819,0.010739
16.839,0.011161
16.859,0.011668
16.879,0.012252
16.899,0.0129
16.919,0.013612
16.939,0.014372
16.959,0.015177
16.979,0.016017
16.999,0.016895
17.019,0.017793
17.039,0.018703
17.059,0.019617
17.08,0.020527
17.1,0.021428
17.12,0.022323
17.14,0.023193
17.16,0.02404
17.18,0.024855
17.2,0.025621
17.22,0.026359
17.24,0.027059
17.26,0.02772
17.28,0.028332
17.3,0.028898
17.32,0.029425
17.34,0.029913
17.36,0.030362
17.38,0.030771
17.4,0.031134
17.42,0.031454
17.44,0.031739
17.46,0.032001
17.48,0.032232
17.5,0.032411
17.521,0.032557
17.541,0.032668
17.561,0.032731
17.581,0.032732
17.601,0.032677
17.621,0.032555
17.641,0.032366
17.661,0.032107
17.681,0.031774
17.701,0.031368
17.721,0.030887
17.741,0.030316
17.761,0.029646
17.781,0.028876
17.801,0.027994
17.821,0.027007
17.841,0.025906
17.861,0.024675
17.881,0.023311
17.901,0.021827
17.921,0.020236
17.941,0.018546
17.962,0.016746
17.982,0.014847
18.002,0.012886
18.022,0.010872
18.042,0.0088317
18.062,0.0067585
18.082,0.0046822
18.102,0.0026339
18.122,0.00063502
18.142,-0.0013002
18.162,-0.0031448
18.182,-0.0048881
18.202,-0.0065041
18.222,-0.007976
18.242,-0.0092851
18.262,-0.010417
18.282,-0.011356
18.302,-0.012095
18.322,-0.012599
18.342,-0.012854
18.362,-0.012879
18.383,-0.012664
18.403,-0.012217
18.423,-0.01154
18.443,-0.010614
18.463,-0.0094452
18.483,-0.0080493
18.503,-0.0064397
18.523,-0.0046204
18.543,-0.0025984
18.563,-0.00038025
18.583,0.0020218
18.603,0.0045855
18.623,0.0073153
18.643,0.010209
18.663,0.013267
18.683,0.016481
18.703,0.019812
18.723,0.023261
18.743,0.026854
18.763,0.030581
18.783,0.034429
18.803,0.038409
18.824,0.04255
18.844,0.046834
18.864,0.051276
18.884,0.055904
18.904,0.060742
18.924,0.065787
18.944,0.071023
18.964,0.076476
18.984,0.082174
19.004,0.088134
19.024,0.094381
19.044,0.10092
19.064,0.10777
19.084,0.11494
19.104,0.12251
19.124,0.13046
19.144,0.13879
19.164,0.14753
19.184,0.1567
19.204,0.16633
19.224,0.17642
19.245,0.18699
19.265,0.19807
19.285,0.20971
19.305,0.22196
19.325,0.23482
19.345,0.24828
19.365,0.26235
19.385,0.27704
19.405,0.29236
19.425,0.30831
19.445,0.32493
19.465,0.34225
19.485,0.36024
19.505,0.37891
19.525,0.39832
19.545,0.41847
19.565,0.43926
19.585,0.46065
19.605,0.48254
19.625,0.50494
19.645,0.52778
19.665,0.55092
19.686,0.57424
19.706,0.5977
19.726,0.62124
19.746,0.6447
19.766,0.66789
19.786,0.69063
19.806,0.7127
19.826,0.73403
19.846,0.75444
19.866,0.77377
19.886,0.79189
19.906,0.80856
19.926,0.82359
19.946,0.83682
19.966,0.8481
19.986,0.85719
20.006,0.86403
20.026,0.86845
20.046,0.87032
20.066,0.86959
20.086,0.86607
20.107,0.85968
20.127,0.85038
20.147,0.83801
20.167,0.82262
20.187,0.80416
20.207,0.78256
20.227,0.75799
20.247,0.73026
20.267,0.69933
20.287,0.66529
20.307,0.6281
20.327,0.58793
20.347,0.54494
20.367,0.49914
20.387,0.45071
20.407,0.39969
20.427,0.34626
20.447,0.29056
20.467,0.23255
20.487,0.17225
20.507,0.10989
20.527,0.045757
20.548,-0.01982
20.568,-0.086372
20.588,-0.15396
20.608,-0.22218
20.628,-0.29071
20.648,-0.35929
20.668,-0.42751
20.688,-0.49521
20.708,-0.56217
20.728,-0.62824
20.748,-0.69299
20.768,-0.75627
20.788,-0.81774
20.808,-0.8771
20.828,-0.934
20.848,-0.98818
20.868,-1.0394
20.888,-1.0874
20.908,-1.1324
20.928,-1.1739
20.948,-1.212
20.968,-1.2465
20.989,-1.2773
21.009,-1.3046
21.029,-1.3282
21.049,-1.3481
21.069,-1.3645
21.089,-1.3773
21.109,-1.3867
21.129,-1.3927
21.149,-1.3953
21.169,-1.3948
21.189,-1.3912
21.209,-1.3846
21.229,-1.3752
21.249,-1.3632
21.269,-1.3487
21.289,-1.3319
21.309,-1.3129
21.329,-1.2919
21.349,-1.2689
21.369,-1.2442
21.389,-1.2178
21.41,-1.1901
21.43,-1.1609
21.45,-1.1307
21.47,-1.0994
21.49,-1.0672
21.51,-1.0342
21.53,-1.0006
21.55,-0.96642
21.57,-0.93178
21.59,-0.89684
21.61,-0.86177
21.63,-0.82656
21.65,-0.79125
21.67,-0.75596
21.69,-0.72073
21.71,-0.68568
21.73,-0.65087
21.75,-0.61636
21.77,-0.58215
21.79,-0.54844
21.81,-0.51527
21.83,-0.48268
21.851,-0.45079
21.871,-0.4195
21.891,-0.38888
21.911,-0.35899
21.931,-0.3299
21.951,-0.30168
21.971,-0.27422
21.991,-0.24755
22.011,-0.22177
22.031,-0.19682
22.051,-0.17268
22.071,-0.14941
22.091,-0.12693
22.111,-0.10526
22.131,-0.084468
22.151,-0.064479
22.171,-0.045208
22.191,-0.026598
22.211,-0.0086835
22.231,0.008529
22.251,0.025122
22.272,0.041123
22.292,0.056574
22.312,0.071467
22.332,0.08584
22.352,0.099712
22.372,0.11313
22.392,0.12606
22.412,0.13856
22.432,0.15064
22.452,0.16228
22.472,0.1735
22.492,0.18429
22.512,0.19471
22.532,0.20475
22.552,0.21439
22.572,0.22362
22.592,0.2325
22.612,0.24101
22.632,0.24915
22.652,0.25694
22.672,0.26438
22.692,0.27149
22.713,0.27829
22.733,0.28481
22.753,0.29106
22.773,0.29706
22.793,0.30282
22.813,0.30837
22.833,0.31372
22.853,0.31891
22.873,0.32395
22.893,0.32884
22.913,0.33359
22.933,0.33823
22.953,0.34274
22.973,0.34713
22.993,0.3514
23.013,0.35553
23.033,0.35952
23.053,0.36339
23.073,0.36708
23.093,0.37063
23.113,0.37397
23.134,0.3771
23.154,0.38002
23.174,0.3827
23.194,0.38511
23.214,0.38724
23.234,0.38906
23.254,0.39057
23.274,0.39177
23.294,0.39262
23.314,0.39312
23.334,0.39326
23.354,0.39304
23.374,0.39245
23.394,0.39149
23.414,0.39015
23.434,0.38844
23.454,0.38634
23.474,0.3839
23.494,0.38112
23.514,0.37799
23.534,0.37453
23.554,0.37073
23.575,0.36663
23.595,0.36224
23.615,0.35756
23.635,0.35263
23.655,0.34745
23.675,0.34201
23.695,0.33634
23.715,0.33043
23.735,0.32434
23.755,0.31808
23.775,0.31164
23.795,0.30503
23.815,0.29828
23.835,0.29142
23.855,0.28449
23.875,0.27749
23.895,0.27041
23.915,0.26329
23.935,0.25613
23.955,0.249
23.975,0.24188
23.995,0.23479
24.016,0.22778
24.036,0.22086
24.056,0.21407
24.076,0.20743
24.096,0.20092
24.116,0.19461
24.136,0.18847
24.156,0.18253
24.176,0.17679
24.196,0.17125
24.216,0.16592
24.236,0.1608
24.256,0.15587
24.276,0.15113
24.296,0.14658
24.316,0.1422
24.336,0.13795
24.356,0.13383
24.376,0.12983
24.396,0.12595
24.416,0.12216
24.437,0.11844
24.457,0.11476
24.477,0.11111
24.497,0.10749
24.517,0.10389
24.537,0.10026
24.557,0.096619
24.577,0.092933
24.597,0.089223
24.617,0.08549
24.637,0.081721
24.657,0.077922
24.677,0.074114
24.697,0.07029
24.717,0.066466
24.737,0.062626
24.757,0.058767
24.777,0.0549
24.797,0.051036
24.817,0.047184
24.837,0.043334
24.857,0.039476
24.878,0.035603
24.898,0.03172
24.918,0.02782
24.938,0.023904
24.958,0.019959
24.978,0.015968
24.998,0.011907
25.018,0.0077834
25.038,0.0036026
25.058,-0.00065061
25.078,-0.0049737
25.098,-0.0093615
25.118,-0.013837
25.138,-0.018384
25.158,-0.023016
25.178,-0.027724
25.198,-0.032488
25.218,-0.037303
25.238,-0.042159
25.258,-0.047025
25.278,-0.051887
25.299,-0.056731
25.319,-0.061559
25.339,-0.066334
25.359,-0.071015
25.379,-0.075584
25.399,-0.080022
25.419,-0.084309
25.439,-0.08841
25.459,-0.092316
25.479,-0.096008
25.499,-0.09948
25.519,-0.10272
25.539,-0.10571
25.559,-0.10841
25.579,-0.11083
25.599,-0.11294
25.619,-0.11476
25.639,-0.11624
25.659,-0.11742
25.679,-0.11828
25.699,-0.11882
25.719,-0.11903
25.74,-0.11894
25.76,-0.11854
25.78,-0.11781
25.8,-0.11679
25.82,-0.11546
25.84,-0.11385
25.86,-0.11195
25.88,-0.10978
25.9,-0.10737
25.92,-0.10471
25.94,-0.10178
25.96,-0.098627
25.98,-0.095246
26,-0.091679
26.02,-0.087947
26.04,-0.084045
26.06,-0.080003
26.08,-0.075835
26.1,-0.071566
26.12,-0.067211
26.14,-0.062773
26.161,-0.058266
26.181,-0.053717
26.201,-0.049131
26.221,-0.044532
26.241,-0.039921
26.261,-0.035319
26.281,-0.030751
26.301,-0.026212
26.321,-0.02172
26.341,-0.017287
26.361,-0.012919
26.381,-0.0086264
26.401,-0.0043999
26.421,-0.00024766
26.441,0.0038272
26.461,0.0078287
26.481,0.011742
26.501,0.015559
26.521,0.019283
26.541,0.022901
26.561,0.026416
26.581,0.02983
26.602,0.033143
26.622,0.036339
26.642,0.039413
26.662,0.042368
26.682,0.045193
26.702,0.047886
26.722,0.050444
26.742,0.052858
26.762,0.055131
26.782,0.057271
26.802,0.059284
26.822,0.06118
26.842,0.062959
26.862,0.064622
26.882,0.066157
26.902,0.067578
26.922,0.068898
26.942,0.070117
26.962,0.071248
26.982,0.072281
27.002,0.073231
27.022,0.074115
27.043,0.074949
27.063,0.075713
27.083,0.076397
27.103,0.077022
27.123,0.077601
27.143,0.07812
27.163,0.07858
27.183,0.078985
27.203,0.079341
27.223,0.079654
27.243,0.07992
27.263,0.080131
27.283,0.080288
27.303,0.080381
27.323,0.080405
27.343,0.080379
27.363,0.080299
27.383,0.080168
27.403,0.079971
27.423,0.079709
27.443,0.07939
27.464,0.07901
27.484,0.078558
27.504,0.078048
27.524,0.07749
27.544,0.076891
27.564,0.076249
27.584,0.075569
27.604,0.07486
27.624,0.074124
27.644,0.073356
27.664,0.072564
27.684,0.071746
27.704,0.07092
27.724,0.070083
27.744,0.069234
27.764,0.068355
27.784,0.067484
27.804,0.066621
27.824,0.06577
27.844,0.064916
27.864,0.064056
27.884,0.063199
27.905,0.062344
27.925,0.061487
27.945,0.060616
27.965,0.059725
27.985,0.058807
28.005,0.057865
28.025,0.056895
28.045,0.055884
28.065,0.054826
28.085,0.053733
28.105,0.052595
28.125,0.051408
28.145,0.050176
28.165,0.048901
28.185,0.047567
28.205,0.046169
28.225,0.044697
28.245,0.043162
28.265,0.041561
28.285,0.039915
28.305,0.038217
28.326,0.036478
28.346,0.034695
28.366,0.032868
28.386,0.030997
28.406,0.029075
28.426,0.027109
28.446,0.025113
28.466,0.023082
28.486,0.021031
28.506,0.018959
28.526,0.016868
28.546,0.014758
28.566,0.012616
28.586,0.01046
28.606,0.0082964
28.626,0.0061206
28.646,0.0039305
28.666,0.001722
28.686,-0.0005029
28.706,-0.002744
28.726,-0.0049885
28.746,-0.0072418
28.767,-0.009502
28.787,-0.011768
28.807,-0.014023
28.827,-0.016283
28.847,-0.018552
28.867,-0.020824
28.887,-0.02308
28.907,-0.025302
28.927,-0.027492
28.947,-0.029632
28.967,-0.031723
28.987,-0.033759
29.007,-0.035749
29.027,-0.037683
29.047,-0.039556
29.067,-0.041347
29.087,-0.043054
29.107,-0.044676
29.127,-0.046212
29.147,-0.047658
29.167,-0.049025
29.188,-0.050295
29.208,-0.051465
29.228,-0.052532
29.248,-0.053516
29.268,-0.054418
29.288,-0.055235
29.308,-0.055955
29.328,-0.056579
29.348,-0.057102
29.368,-0.057538
29.388,-0.05789
29.408,-0.05816
29.428,-0.058338
29.448,-0.058433
29.468,-0.058455
29.488,-0.058401
29.508,-0.058264
29.528,-0.058056
29.548,-0.057783
29.568,-0.057445
29.588,-0.057047
29.608,-0.056596
29.629,-0.056088
29.649,-0.055508
29.669,-0.054872
29.689,-0.054185
29.709,-0.053455
29.729,-0.052687
29.749,-0.051877
29.769,-0.051032
29.789,-0.050148
29.809,-0.049222
29.829,-0.048271
29.849,-0.047313
29.869,-0.046343
29.889,-0.045353
29.909,-0.044361
29.929,-0.043373
29.949,-0.042406
29.969,-0.041462
29.989,-0.040556
30.009,-0.039683
30.029,-0.038854
30.049,-0.03808
30.07,-0.037362
30.09,-0.036708
30.11,-0.036118
30.13,-0.035595
30.15,-0.035163
30.17,-0.034811
30.19,-0.034552
30.21,-0.034384
30.23,-0.034315
30.25,-0.034331
30.27,-0.034428
30.29,-0.034605
30.31,-0.034876
30.33,-0.035206
30.35,-0.035597
30.37,-0.036054
30.39,-0.03657
30.41,-0.037124
30.43,-0.037726
30.45,-0.038358
30.47,-0.039022
30.491,-0.039684
30.511,-0.040351
30.531,-0.041023
30.551,-0.041691
30.571,-0.042352
30.591,-0.043017
30.611,-0.043652
30.631,-0.044263
30.651,-0.044822
30.671,-0.045331
30.691,-0.045796
30.711,-0.046209
30.731,-0.046569
30.751,-0.046874
30.771,-0.047128
30.791,-0.047328
30.811,-0.047466
30.831,-0.047519
30.851,-0.04751
30.871,-0.047445
30.891,-0.047313
30.911,-0.047116
30.932,-0.046851
30.952,-0.046514
30.972,-0.046119
30.992,-0.045661
31.012,-0.045138
31.032,-0.044566
31.052,-0.043935
31.072,-0.043245
31.092,-0.042496
31.112,-0.041695
31.132,-0.040843
31.152,-0.039952
31.172,-0.039021
31.192,-0.038049
31.212,-0.037045
31.232,-0.036006
31.252,-0.034945
31.272,-0.033859
31.292,-0.03275
31.312,-0.031616
31.332,-0.030471
31.353,-0.029311
31.373,-0.028146
31.393,-0.026977
31.413,-0.025808
31.433,-0.024636
31.453,-0.023472
31.473,-0.022323
31.493,-0.021188
31.513,-0.020066
31.533,-0.018971
31.553,-0.01792
31.573,-0.01692
31.593,-0.015955
31.613,-0.015039
31.633,-0.01418
31.653,-0.013388
31.673,-0.012659
31.693,-0.011994
31.713,-0.011423
31.733,-0.010932
31.753,-0.010542
31.773,-0.010255
31.794,-0.01007
31.814,-0.010002
31.834,-0.010059
31.854,-0.010225
31.874,-0.010502
31.894,-0.010887
31.914,-0.011381
31.934,-0.011984
31.954,-0.012689
31.974,-0.013489
31.994,-0.014397
32.014,-0.015402
32.034,-0.016479
32.054,-0.017626
32.074,-0.018835
32.094,-0.020103
32.114,-0.021419
32.134,-0.022756
32.154,-0.024102
32.174,-0.025452
32.194,-0.026818
32.215,-0.028193
32.235,-0.029576
32.255,-0.030947
32.275,-0.032297
32.295,-0.033623
32.315,-0.034914
32.335,-0.036169
32.355,-0.037388
32.375,-0.038574
32.395,-0.039711
32.415,-0.040799
32.435,-0.041841
32.455,-0.042844
32.475,-0.043784
32.495,-0.044658
32.515,-0.045453
32.535,-0.04618
32.555,-0.04683
32.575,-0.047409
32.595,-0.047904
32.615,-0.048309
32.635,-0.04863
32.656,-0.048857
32.676,-0.049
32.696,-0.049052
32.716,-0.049014
32.736,-0.048888
32.756,-0.048687
32.776,-0.048396
32.796,-0.047998
32.816,-0.047509
32.836,-0.046919
32.856,-0.046237
32.876,-0.045479
32.896,-0.044653
32.916,-0.043781
32.936,-0.042867
32.956,-0.041929
32.976,-0.040972
32.996,-0.040002
33.016,-0.039039
33.036,-0.038077
33.056,-0.037124
33.076,-0.036198
33.097,-0.035309
33.117,-0.034455
33.137,-0.03363
33.157,-0.032843
33.177,-0.032102
33.197,-0.0314
33.217,-0.03074
33.237,-0.030111
33.257,-0.029515
33.277,-0.028941
33.297,-0.028392
33.317,-0.02786
33.337,-0.02733
33.357,-0.026803
33.377,-0.026279
33.397,-0.025744
33.417,-0.025189
33.437,-0.024606
33.457,-0.024001
33.477,-0.023385
33.497,-0.022754
33.518,-0.022107
33.538,-0.021451
33.558,-0.020806
33.578,-0.020179
33.598,-0.019566
33.618,-0.018968
33.638,-0.018403
33.658,-0.017878
33.678,-0.017397
33.698,-0.016976
33.718,-0.016625
33.738,-0.016329
33.758,-0.016103
33.778,-0.015951
33.798,-0.015886
33.818,-0.015906
33.838,-0.016006
33.858,-0.01618
33.878,-0.016426
33.898,-0.016755
33.918,-0.017143
33.938,-0.017591
33.959,-0.018094
33.979,-0.018651
33.999,-0.019254
34.019,-0.019892
34.039,-0.020564
34.059,-0.021275
34.079,-0.022016
34.099,-0.022792
34.119,-0.023585
34.139,-0.024389
34.159,-0.025206
34.179,-0.026032
34.199,-0.026868
34.219,-0.027702
34.239,-0.028526
34.259,-0.029341
34.279,-0.03015
34.299,-0.030957
34.319,-0.031752
34.339,-0.032544
34.359,-0.033322
34.38,-0.034075
34.4,-0.034794
34.42,-0.035479
34.44,-0.036136
34.46,-0.03676
34.48,-0.037316
34.5,-0.037819
34.52,-0.038265
34.54,-0.03865
34.56,-0.038968
34.58,-0.039225
34.6,-0.039394
34.62,-0.039457
34.64,-0.039425
34.66,-0.039314
34.68,-0.039124
34.7,-0.038859
34.72,-0.038533
34.74,-0.038137
34.76,-0.037673
34.78,-0.03714
34.8,-0.036555
34.821,-0.035931
34.841,-0.03528
34.861,-0.034598
34.881,-0.033877
34.901,-0.033103
34.921,-0.032299
34.941,-0.031458
34.961,-0.030588
34.981,-0.029673
35.001,-0.028727
35.021,-0.027746
35.041,-0.026715
35.061,-0.02564
35.081,-0.024506
35.101,-0.023332
35.121,-0.0221
35.141,-0.020804
35.161,-0.019446
35.181,-0.018049
35.201,-0.016598
35.221,-0.015114
35.242,-0.013604
35.262,-0.012088
35.282,-0.010547
35.302,-0.0090084
35.322,-0.0074941
35.342,-0.0060242
35.362,-0.004617
35.382,-0.0032931
35.402,-0.0020496
35.422,-0.00091227
35.442,0.00010421
35.462,0.00098793
35.482,0.0017278
35.502,0.0022948
35.522,0.0026903
35.542,0.0029121
35.562,0.0029417
35.582,0.0027765
35.602,0.0024279
35.622,0.0018796
35.642,0.0011254
35.662,0.00018516
35.683,-0.00094183
35.703,-0.0022607
35.723,-0.003767
35.743,-0.0054386
35.763,-0.007255
35.783,-0.0092182
35.803,-0.01131
35.823,-0.013552
35.843,-0.01596
35.863,-0.018526
35.883,-0.021242
35.903,-0.024099
35.923,-0.027111
35.943,-0.030272
35.963,-0.033585
35.983,-0.037039
36.003,-0.040627
36.023,-0.044359
36.043,-0.048218
36.063,-0.052214
36.083,-0.056336
36.103,-0.060586
36.124,-0.064932
36.144,-0.069373
36.164,-0.073905
36.184,-0.078533
36.204,-0.083225
36.224,-0.087993
36.244,-0.092817
36.264,-0.097694
36.284,-0.1026
36.304,-0.10753
36.324,-0.11246
36.344,-0.11736
36.364,-0.12226
36.384,-0.12714
36.404,-0.13198
36.424,-0.1368
36.444,-0.14158
36.464,-0.1463
36.484,-0.15097
36.504,-0.1556
36.524,-0.16023
36.545,-0.16484
36.565,-0.16943
36.585,-0.17399
36.605,-0.17851
36.625,-0.183
36.645,-0.18745
36.665,-0.19188
36.685,-0.19627
36.705,-0.20062
36.725,-0.20491
36.745,-0.20912
36.765,-0.21324
36.785,-0.21727
36.805,-0.22122
36.825,-0.22505
36.845,-0.22874
36.865,-0.23226
36.885,-0.2356
36.905,-0.23872
36.925,-0.24164
36.945,-0.24433
36.965,-0.24678
36.986,-0.24899
37.006,-0.25094
37.026,-0.25263
37.046,-0.25403
37.066,-0.25513
37.086,-0.25593
37.106,-0.25641
37.126,-0.25656
37.146,-0.25641
37.166,-0.25595
37.186,-0.25515
37.206,-0.25401
37.226,-0.25255
37.246,-0.25076
37.266,-0.24864
37.286,-0.24618
37.306,-0.2434
37.326,-0.24026
37.346,-0.23676
37.366,-0.2329
37.386,-0.22867
37.407,-0.2241
37.427,-0.21918
37.447,-0.21386
37.467,-0.20811
37.487,-0.20194
37.507,-0.19538
37.527,-0.1884
37.547,-0.18097
37.567,-0.17308
37.587,-0.1648
37.607,-0.15611
37.627,-0.14699
37.647,-0.13741
37.667,-0.12739
37.687,-0.11691
37.707,-0.10597
37.727,-0.094615
37.747,-0.082859
37.767,-0.070667
37.787,-0.058118
37.807,-0.045192
37.827,-0.031929
37.848,-0.018259
37.868,-0.004291
37.888,0.0099693
37.908,0.024509
37.928,0.039305
37.948,0.05435
37.968,0.069527
37.988,0.084861
38.008,0.10035
38.028,0.11597
38.048,0.13166
38.068,0.14743
38.088,0.16316
38.108,0.17887
38.128,0.19454
38.148,0.2101
38.168,0.22548
38.188,0.24077
38.208,0.25591
38.228,0.27081
38.248,0.28548
38.269,0.2998
38.289,0.31378
38.309,0.32743
38.329,0.34066
38.349,0.35349
38.369,0.36591
38.389,0.3779
38.409,0.38941
38.429,0.40042
38.449,0.41085
38.469,0.42074
38.489,0.43009
38.509,0.43885
38.529,0.447
38.549,0.45457
38.569,0.46152
38.589,0.46784
38.609,0.47351
38.629,0.47854
38.649,0.48292
38.669,0.48666
38.689,0.48975
38.71,0.49222
38.73,0.49405
38.75,0.49526
38.77,0.49585
38.79,0.49583
38.81,0.49523
38.83,0.49402
38.85,0.49223
38.87,0.48988
38.89,0.48698
38.91,0.48351
38.93,0.47948
38.95,0.47493
38.97,0.46988
38.99,0.46432
39.01,0.45822
39.03,0.45163
39.05,0.44457
39.07,0.43705
39.09,0.42905
39.11,0.42063
39.13,0.41181
39.151,0.40262
39.171,0.39306
39.191,0.38311
39.211,0.37284
39.231,0.36224
39.251,0.3513
39.271,0.34007
39.291,0.3286
39.311,0.31696
39.331,0.30516
39.351,0.29324
39.371,0.28116
39.391,0.26895
39.411,0.25664
39.431,0.2443
39.451,0.23196
39.471,0.21961
39.491,0.20729
39.511,0.19503
39.531,0.1828
39.551,0.17056
39.572,0.15839
39.592,0.14632
39.612,0.13438
39.632,0.12257
39.652,0.11088
39.672,0.099362
39.692,0.088003
39.712,0.076782
39.732,0.065732
39.752,0.054847
39.772,0.044122
39.792,0.033599
39.812,0.0233
39.832,0.013213
39.852,0.0033841
39.872,-0.0062474
39.892,-0.015643
39.912,-0.024814
39.932,-0.033713
39.952,-0.042328
39.972,-0.050679
39.992,-0.058746
40.013,-0.066542
40.033,-0.074074
40.053,-0.081339
40.073,-0.088363
40.093,-0.095114
40.113,-0.10157
40.133,-0.10775
40.153,-0.11366
40.173,-0.11929
40.193,-0.12466
40.213,-0.12981
40.233,-0.13471
40.253,-0.13937
40.273,-0.14381
40.293,-0.14802
40.313,-0.15201
40.333,-0.15578
40.353,-0.1593
40.373,-0.16259
40.393,-0.16569
40.413,-0.16856
40.434,-0.17119
40.454,-0.17357
40.474,-0.17573
40.494,-0.17768
40.514,-0.17939
40.534,-0.18085
40.554,-0.18207
40.574,-0.18307
40.594,-0.18385
40.614,-0.1844
40.634,-0.18475
40.654,-0.18489
40.674,-0.18484
40.694,-0.18462
40.714,-0.18426
40.734,-0.18376
40.754,-0.18309
40.774,-0.18231
40.794,-0.18145
40.814,-0.18048
40.834,-0.17944
40.854,-0.17834
40.875,-0.17716
40.895,-0.17593
40.915,-0.17464
40.935,-0.17332
40.955,-0.172
40.975,-0.17065
40.995,-0.16928
41.015,-0.16791
41.035,-0.16654
41.055,-0.16519
41.075,-0.16384
41.095,-0.16249
41.115,-0.16117
41.135,-0.15984
41.155,-0.15853
41.175,-0.15721
41.195,-0.15587
41.215,-0.15453
41.235,-0.1532
41.255,-0.15186
41.275,-0.15053
41.296,-0.14918
41.316,-0.14781
41.336,-0.14641
41.356,-0.14497
41.376,-0.14353
41.396,-0.14209
41.416,-0.14062
41.436,-0.13912
41.456,-0.13758
41.476,-0.13599
41.496,-0.13433
41.516,-0.13261
41.536,-0.13084
41.556,-0.12899
41.576,-0.12708
41.596,-0.1251
41.616,-0.123
41.636,-0.12083
41.656,-0.11858
41.676,-0.11624
41.696,-0.11384
41.716,-0.11137
41.737,-0.10879
41.757,-0.10612
41.777,-0.10337
41.797,-0.10053
41.817,-0.097611
41.837,-0.094624
41.857,-0.091594
41.877,-0.088511
41.897,-0.085363
41.917,-0.082154
41.937,-0.078917
41.957,-0.075639
41.977,-0.072312
41.997,-0.068957
42.017,-0.065557
42.037,-0.062118
42.057,-0.058638
42.077,-0.055125
42.097,-0.051572
42.117,-0.048021
42.137,-0.04445
42.158,-0.040886
42.178,-0.037327
42.198,-0.03377
42.218,-0.03021
42.238,-0.026661
42.258,-0.023135
42.278,-0.01964
42.298,-0.016192
42.318,-0.012805
42.338,-0.0094757
42.358,-0.0062185
42.378,-0.0030302
42.398,4.4137e-005
42.418,0.0029909
42.438,0.0058381
42.458,0.0085563
42.478,0.011141
42.498,0.013598
42.518,0.015915
42.538,0.018109
42.558,0.020177
42.578,0.022091
42.599,0.023863
42.619,0.025487
42.639,0.026968
42.659,0.028314
42.679,0.029538
42.699,0.030629
42.719,0.031581
42.739,0.0324
42.759,0.033095
42.779,0.033673
42.799,0.034145
42.819,0.034508
42.839,0.034766
42.859,0.034908
42.879,0.034951
42.899,0.034879
42.919,0.0347
42.939,0.034402
42.959,0.033998
42.979,0.0335
42.999,0.032927
43.019,0.032275
43.04,0.031528
43.06,0.03069
43.08,0.029775
43.1,0.028781
43.12,0.027705
43.14,0.026549
43.16,0.025322
43.18,0.024037
43.2,0.022677
43.22,0.021243
43.24,0.019755
43.26,0.018218
43.28,0.016642
43.3,0.015031
43.32,0.013408
43.34,0.011762
43.36,0.010087
43.38,0.0084084
43.4,0.0067378
43.42,0.0050729
43.44,0.0034417
43.461,0.001814
43.481,0.00022148
43.501,-0.0013296
43.521,-0.002863
43.541,-0.004395
43.561,-0.0059163
43.581,-0.0074047
43.601,-0.0088607
43.621,-0.010304
43.641,-0.011745
43.661,-0.013153
43.681,-0.014529
43.701,-0.015887
43.721,-0.017234
43.741,-0.018573
43.761,-0.019885
43.781,-0.021169
43.801,-0.022461
43.821,-0.023708
43.841,-0.0249
43.861,-0.026039
43.881,-0.027145
43.902,-0.028209
43.922,-0.029243
43.942,-0.030268
43.962,-0.031276
43.982,-0.032241
44.002,-0.033126
44.022,-0.033945
44.042,-0.034705
44.062,-0.035405
44.082,-0.036031
44.102,-0.036605
44.122,-0.037123
44.142,-0.037583
44.162,-0.037993
44.182,-0.038355
44.202,-0.038698
44.222,-0.039017
44.242,-0.039294
44.262,-0.039511
44.282,-0.03969
44.302,-0.039857
44.323,-0.040017
44.343,-0.040178
44.363,-0.040332
44.383,-0.040468
44.403,-0.040601
44.423,-0.04073
44.443,-0.040854
44.463,-0.04097
44.483,-0.041081
44.503,-0.041172
44.523,-0.041246
44.543,-0.041304
44.563,-0.041365
44.583,-0.041417
44.603,-0.041478
44.623,-0.041533
44.643,-0.041569
44.663,-0.04159
44.683,-0.04159
44.703,-0.04158
44.723,-0.041547
44.743,-0.04149
44.764,-0.041472
44.784,-0.041444
44.804,-0.041401
44.824,-0.041376
44.844,-0.041345
44.864,-0.041332
44.884,-0.041322
44.904,-0.041298
44.924,-0.041275
44.944,-0.041273
44.964,-0.041288
44.984,-0.04131
45.004,-0.041336
45.024,-0.041347
45.044,-0.041316
45.064,-0.041278
45.084,-0.041206
45.104,-0.041107
45.124,-0.040962
45.144,-0.040786
45.164,-0.040568
45.185,-0.040294
45.205,-0.03998
45.225,-0.039607
45.245,-0.039184
45.265,-0.038697
45.285,-0.038143
45.305,-0.037538
45.325,-0.036879
45.345,-0.036159
45.365,-0.035387
45.385,-0.034582
45.405,-0.033717
45.425,-0.032794
45.445,-0.031827
45.465,-0.030787
45.485,-0.029686
45.505,-0.028545
45.525,-0.027334
45.545,-0.026044
45.565,-0.024685
45.585,-0.023261
45.605,-0.021746
45.626,-0.020133
45.646,-0.018458
45.666,-0.016688
45.686,-0.014836
45.706,-0.012914
45.726,-0.010897
45.746,-0.0087794
45.766,-0.0065788
45.786,-0.0043231
45.806,-0.002009
45.826,0.00034384
45.846,0.0026981
45.866,0.0050336
45.886,0.0073333
45.906,0.0096066
45.926,0.011888
45.946,0.014137
45.966,0.016307
45.986,0.018363
46.006,0.020333
46.026,0.022237
46.046,0.024042
46.067,0.025737
46.087,0.02733
46.107,0.028831
46.127,0.030206
46.147,0.031474
46.167,0.03265
46.187,0.033738
46.207,0.034758
46.227,0.035697
46.247,0.036545
46.267,0.037281
46.287,0.037961
46.307,0.038557
46.327,0.03905
46.347,0.039475
46.367,0.039788
46.387,0.040027
46.407,0.040166
46.427,0.040191
46.447,0.040138
46.467,0.040004
46.488,0.039773
46.508,0.039407
46.528,0.03892
46.548,0.038334
46.568,0.037648
46.588,0.036866
46.608,0.035971
46.628,0.035006
46.648,0.033987
46.668,0.03288
46.688,0.031736
46.708,0.030545
46.728,0.029283
46.748,0.028009
46.768,0.026756
46.788,0.025542
46.808,0.024376
46.828,0.023244
46.848,0.022167
46.868,0.021148
46.888,0.020184
46.908,0.019321
46.929,0.018555
46.949,0.017893
46.969,0.017313
46.989,0.016859
47.009,0.016511
47.029,0.016253
47.049,0.016137
47.069,0.016097
47.089,0.016135
47.109,0.016297
47.129,0.016515
47.149,0.016765
47.169,0.017074
47.189,0.017436
47.209,0.017873
47.229,0.018403
47.249,0.019
47.269,0.019659
47.289,0.020363
47.309,0.021093
47.329,0.021875
47.35,0.02267
47.37,0.023513
47.39,0.024413
47.41,0.025375
47.43,0.026347
47.45,0.027305
47.47,0.028243
47.49,0.029192
47.51,0.030177
47.53,0.031174
47.55,0.032152
47.57,0.033052
47.59,0.033888
47.61,0.034742
47.63,0.035584
47.65,0.036389
47.67,0.037144
47.69,0.037836
47.71,0.038442
47.73,0.038982
47.75,0.039456
47.77,0.039891
47.791,0.040282
47.811,0.040596
47.831,0.040828
47.851,0.041015
47.871,0.041134
47.891,0.041194
47.911,0.041183
47.931,0.041137
47.951,0.041073
47.971,0.040971
47.991,0.040855
48.011,0.040666
48.031,0.040436
48.051,0.040161
48.071,0.039891
48.091,0.0396
48.111,0.039307
48.131,0.038965
48.151,0.038584
48.171,0.038151
48.191,0.037667
48.212,0.037174
48.232,0.036646
48.252,0.036038
48.272,0.035405
48.292,0.034745
48.312,0.034054
48.332,0.033366
48.352,0.032637
48.372,0.031922
48.392,0.031192
48.412,0.030426
48.432,0.029682
48.452,0.028925
48.472,0.028186
48.492,0.027398
48.512,0.026613
48.532,0.025867
48.552,0.025188
48.572,0.024557
48.592,0.023973
48.612,0.023358
48.632,0.022807
48.653,0.022276
48.673,0.021823
48.693,0.021428
48.713,0.021067
48.733,0.02073
48.753,0.020421
48.773,0.02018
48.793,0.020013
48.813,0.019901
48.833,0.019841
48.853,0.019817
48.873,0.019856
48.893,0.019982
48.913,0.020177
48.933,0.020373
48.953,0.020582
48.973,0.020837
48.993,0.021139
49.013,0.021487
49.033,0.021833
49.053,0.022248
49.073,0.022658
49.094,0.023142
49.114,0.023656
49.134,0.024181
49.154,0.024702
49.174,0.025222
49.194,0.025706
49.214,0.026122
49.234,0.026556
49.254,0.026985
49.274,0.027336
49.294,0.027633
49.314,0.027825
49.334,0.027913
49.354,0.027925
49.374,0.027961
49.394,0.027891
49.414,0.027732
49.434,0.02754
49.454,0.027305
49.474,0.027085
49.494,0.026805
49.515,0.026512
49.535,0.026166
49.555,0.025848
49.575,0.025532
49.595,0.025088
49.615,0.024601
49.635,0.024077
49.655,0.023601
49.675,0.023213
49.695,0.022767
49.715,0.02221
49.735,0.021633
49.755,0.021063
49.775,0.020309
49.795,0.019422
49.815,0.018468
49.835,0.017423
49.855,0.016287
49.875,0.015002
49.895,0.013693
49.915,0.0123
49.935,0.01076
49.956,0.009034
49.976,0.0071751
49.996,0.0053346
50.016,0.0032422
50.036,0.0011335
50.056,-0.0010206
50.076,-0.0032844
50.096,-0.0056043
