0,-0.0011223
0.020056,-1.9606e-005
0.040112,-4.507e-005
0.060167,-0.00012221
0.080223,4.529e-005
0.10028,0.00010621
0.12033,0.00010005
0.14039,0.0001362
0.16045,0.00015322
0.1805,6.9217e-005
0.20056,5.0377e-005
0.22061,-7.1398e-007
0.24067,-5.8769e-005
0.26073,-7.5018e-006
0.28078,-7.9527e-005
0.30084,-0.00022837
0.32089,-0.00032672
0.34095,-0.00043587
0.361,-0.0004343
0.38106,-0.00045765
0.40112,-0.00034702
0.42117,-0.00046091
0.44123,-0.00062389
0.46128,-0.00060681
0.48134,-0.00064517
0.50139,-0.00076943
0.52145,-0.00083655
0.54151,-0.00078649
0.56156,-0.00082347
0.58162,-0.00086857
0.60167,-0.00097913
0.62173,-0.00096605
0.64178,-0.0009946
0.66184,-0.0010792
0.6819,-0.0011036
0.70195,-0.0011481
0.72201,-0.0011424
0.74206,-0.0012133
0.76212,-0.0013076
0.78218,-0.001378
0.80223,-0.0013772
0.82229,-0.0013552
0.84234,-0.0013532
0.8624,-0.0014189
0.88245,-0.0014557
0.90251,-0.0014381
0.92257,-0.0014439
0.94262,-0.0014239
0.96268,-0.0014538
0.98273,-0.0014908
1.0028,-0.0014344
1.0228,-0.0013651
1.0429,-0.0013731
1.063,-0.0014028
1.083,-0.0014387
1.1031,-0.0014139
1.1231,-0.0014158
1.1432,-0.0014914
1.1632,-0.0015178
1.1833,-0.0016208
1.2033,-0.0017242
1.2234,-0.0018003
1.2435,-0.001834
1.2635,-0.0018343
1.2836,-0.0018591
1.3036,-0.0018974
1.3237,-0.0019572
1.3437,-0.0019721
1.3638,-0.0019875
1.3838,-0.0019308
1.4039,-0.0018517
1.424,-0.0018332
1.444,-0.0018382
1.4641,-0.001846
1.4841,-0.0018538
1.5042,-0.0019026
1.5242,-0.0018923
1.5443,-0.0019365
1.5644,-0.0020285
1.5844,-0.0021005
1.6045,-0.0022011
1.6245,-0.0022893
1.6446,-0.0023543
1.6646,-0.0024155
1.6847,-0.0024143
1.7047,-0.0024125
1.7248,-0.002458
1.7449,-0.0024752
1.7649,-0.0024832
1.785,-0.002454
1.805,-0.0024264
1.8251,-0.0024317
1.8451,-0.0024296
1.8652,-0.0024105
1.8852,-0.0024116
1.9053,-0.0024143
1.9254,-0.0024195
1.9454,-0.0024217
1.9655,-0.0024329
1.9855,-0.0024481
2.0056,-0.0024072
2.0256,-0.0023564
2.0457,-0.0023596
2.0657,-0.0023863
2.0858,-0.0023958
2.1059,-0.0023792
2.1259,-0.0023802
2.146,-0.0023479
2.166,-0.0023329
2.1861,-0.002339
2.2061,-0.0023276
2.2262,-0.0023038
2.2462,-0.0022946
2.2663,-0.0022733
2.2864,-0.0022337
2.3064,-0.0022166
2.3265,-0.0022144
2.3465,-0.0022101
2.3666,-0.002179
2.3866,-0.0021679
2.4067,-0.0021496
2.4267,-0.0021339
2.4468,-0.0020923
2.4669,-0.0019959
2.4869,-0.001893
2.507,-0.0017986
2.527,-0.0016823
2.5471,-0.0015576
2.5671,-0.001452
2.5872,-0.0013584
2.6073,-0.001275
2.6273,-0.0011831
2.6474,-0.0011249
2.6674,-0.0010745
2.6875,-0.0010237
2.7075,-0.0009706
2.7276,-0.00089949
2.7476,-0.0008461
2.7677,-0.00078353
2.7878,-0.00073011
2.8078,-0.0006603
2.8279,-0.00057566
2.8479,-0.00045364
2.868,-0.00035018
2.888,-0.00027756
2.9081,-0.00021271
2.9281,-0.00018255
2.9482,-0.00017544
2.9683,-0.00015595
2.9883,-0.00012318
3.0084,-9.4423e-005
3.0284,-6.9927e-005
3.0485,-4.2325e-005
3.0685,-1.8554e-005
3.0886,-1.2146e-005
3.1086,-1.3987e-005
3.1287,3.9642e-006
3.1488,1.5698e-005
3.1688,4.5925e-005
3.1889,0.00011242
3.2089,0.00018444
3.229,0.0002305
3.249,0.00026291
3.2691,0.00031011
3.2891,0.00032852
3.3092,0.00031426
3.3293,0.00029908
3.3493,0.00028136
3.3694,0.0002585
3.3894,0.00025863
3.4095,0.00027027
3.4295,0.00029782
3.4496,0.0003058
3.4696,0.00029634
3.4897,0.00028477
3.5098,0.00026526
3.5298,0.00024667
3.5499,0.00024832
3.5699,0.00028744
3.59,0.00032898
3.61,0.00038081
3.6301,0.00041646
3.6502,0.00043651
3.6702,0.00046103
3.6903,0.00044818
3.7103,0.00044203
3.7304,0.00045278
3.7504,0.00044186
3.7705,0.00044873
3.7905,0.00047138
3.8106,0.00049365
3.8307,0.00052987
3.8507,0.00055142
3.8708,0.00057396
3.8908,0.00059432
3.9109,0.00061678
3.9309,0.00065151
3.951,0.00068136
3.971,0.00068956
3.9911,0.00070704
4.0112,0.00072506
4.0312,0.00075637
4.0513,0.00080986
4.0713,0.00086863
4.0914,0.00090703
4.1114,0.00094042
4.1315,0.00096172
4.1515,0.00097087
4.1716,0.00099652
4.1917,0.00099586
4.2117,0.00097244
4.2318,0.00096714
4.2518,0.00097604
4.2719,0.00098671
4.2919,0.00099486
4.312,0.0010133
4.332,0.0010419
4.3521,0.001063
4.3722,0.0010637
4.3922,0.0010621
4.4123,0.0010657
4.4323,0.0010882
4.4524,0.0011335
4.4724,0.0011804
4.4925,0.001233
4.5126,0.0013001
4.5326,0.0013985
4.5527,0.0014924
4.5727,0.0015836
4.5928,0.0016678
4.6128,0.0017163
4.6329,0.001755
4.6529,0.0017773
4.673,0.0018097
4.6931,0.0018519
4.7131,0.0019014
4.7332,0.0019412
4.7532,0.0019542
4.7733,0.0019737
4.7933,0.0019962
4.8134,0.0020082
4.8334,0.0020069
4.8535,0.0020198
4.8736,0.0020299
4.8936,0.0020494
4.9137,0.0020611
4.9337,0.0020733
4.9538,0.0021007
4.9738,0.0021306
4.9939,0.0021616
5.0139,0.0022142
5.034,0.0022503
5.0541,0.0022544
5.0741,0.0022518
5.0942,0.0022416
5.1142,0.0022453
5.1343,0.0022533
5.1543,0.0022606
5.1744,0.0022798
5.1944,0.00231
5.2145,0.002351
5.2346,0.0023811
5.2546,0.0024222
5.2747,0.0024619
5.2947,0.002484
5.3148,0.0024925
5.3348,0.0024969
5.3549,0.0024947
5.3749,0.0024767
5.395,0.0024569
5.4151,0.0024452
5.4351,0.0024276
5.4552,0.0023885
5.4752,0.002343
5.4953,0.0023114
5.5153,0.0023114
5.5354,0.0023096
5.5555,0.0023024
5.5755,0.0022869
5.5956,0.0022667
5.6156,0.0022529
5.6357,0.0022187
5.6557,0.0021649
5.6758,0.0021264
5.6958,0.0020981
5.7159,0.0020806
5.736,0.0020678
5.756,0.0020479
5.7761,0.0020063
5.7961,0.0019608
5.8162,0.0019247
5.8362,0.0018933
5.8563,0.001862
5.8763,0.0018376
5.8964,0.0018045
5.9165,0.0017674
5.9365,0.0017172
5.9566,0.0016649
5.9766,0.0016354
5.9967,0.0016138
6.0167,0.0015992
6.0368,0.0015609
6.0568,0.0015007
6.0769,0.0014425
6.097,0.0014004
6.117,0.0013662
6.1371,0.0013164
6.1571,0.0012818
6.1772,0.0012525
6.1972,0.0012287
6.2173,0.0011913
6.2373,0.0011468
6.2574,0.0011157
6.2775,0.0010831
6.2975,0.0010389
6.3176,0.00098993
6.3376,0.0009404
6.3577,0.00089757
6.3777,0.00086958
6.3978,0.00085168
6.4178,0.00084981
6.4379,0.00085723
6.458,0.00085014
6.478,0.00083063
6.4981,0.00078457
6.5181,0.000712
6.5382,0.00063337
6.5582,0.00056307
6.5783,0.00050643
6.5984,0.00046961
6.6184,0.00043644
6.6385,0.00039208
6.6585,0.00033772
6.6786,0.00029645
6.6986,0.00028909
6.7187,0.00029905
6.7387,0.00031403
6.7588,0.00033813
6.7789,0.0003464
6.7989,0.00034294
6.819,0.00034017
6.839,0.00033003
6.8591,0.00033065
6.8791,0.00032618
6.8992,0.00031303
6.9192,0.00030523
6.9393,0.00030441
6.9594,0.00029837
6.9794,0.00028787
6.9995,0.00028272
7.0195,0.00030111
7.0396,0.00032201
7.0596,0.00033572
7.0797,0.00034319
7.0997,0.0003379
7.1198,0.00036433
7.1399,0.00040388
7.1599,0.00043382
7.18,0.00045392
7.2,0.00047314
7.2201,0.00048419
7.2401,0.00050234
7.2602,0.00052878
7.2802,0.00054401
7.3003,0.00054517
7.3204,0.00054954
7.3404,0.00055534
7.3605,0.000563
7.3805,0.0005799
7.4006,0.00060952
7.4206,0.00064741
7.4407,0.00068231
7.4607,0.00072547
7.4808,0.0007761
7.5009,0.0008254
7.5209,0.00087369
7.541,0.00091366
7.561,0.00095807
7.5811,0.0010075
7.6011,0.0010513
7.6212,0.0011109
7.6413,0.0011692
7.6613,0.0012337
7.6814,0.0013085
7.7014,0.0013794
7.7215,0.0014509
7.7415,0.0015268
7.7616,0.0016
7.7816,0.0016662
7.8017,0.0017314
7.8218,0.0018035
7.8418,0.0018865
7.8619,0.0019747
7.8819,0.0020541
7.902,0.0021366
7.922,0.0022041
7.9421,0.0022844
7.9621,0.0023603
7.9822,0.0024286
8.0023,0.0024884
8.0223,0.0025481
8.0424,0.0025988
8.0624,0.0026588
8.0825,0.0027301
8.1025,0.0027918
8.1226,0.0028481
8.1426,0.0029092
8.1627,0.0029829
8.1828,0.0030637
8.2028,0.0031336
8.2229,0.0032144
8.2429,0.0032911
8.263,0.0033511
8.283,0.003418
8.3031,0.0035176
8.3231,0.0036086
8.3432,0.0037047
8.3633,0.0038032
8.3833,0.0038925
8.4034,0.0039753
8.4234,0.0040718
8.4435,0.0041755
8.4635,0.0042484
8.4836,0.0043243
8.5037,0.004401
8.5237,0.0044606
8.5438,0.0045187
8.5638,0.0045807
8.5839,0.0046362
8.6039,0.0047083
8.624,0.0047852
8.644,0.0048496
8.6641,0.0048946
8.6842,0.0049322
8.7042,0.0049853
8.7243,0.0050382
8.7443,0.0050836
8.7644,0.0051267
8.7844,0.0051647
8.8045,0.005192
8.8245,0.0052164
8.8446,0.0052403
8.8647,0.0052741
8.8847,0.005313
8.9048,0.0053509
8.9248,0.0053697
8.9449,0.0053891
8.9649,0.0054269
8.985,0.0054785
9.005,0.0055241
9.0251,0.0055606
9.0452,0.0055804
9.0652,0.0055956
9.0853,0.005625
9.1053,0.005657
9.1254,0.0056804
9.1454,0.0056959
9.1655,0.0057039
9.1855,0.0057114
9.2056,0.0057194
9.2257,0.0057035
9.2457,0.0056853
9.2658,0.0056645
9.2858,0.0056347
9.3059,0.0056015
9.3259,0.0055615
9.346,0.0055081
9.366,0.0054674
9.3861,0.0054391
9.4062,0.0054095
9.4262,0.0053762
9.4463,0.0053396
9.4663,0.0052973
9.4864,0.0052496
9.5064,0.0051997
9.5265,0.005151
9.5466,0.0051107
9.5666,0.0050564
9.5867,0.0049934
9.6067,0.0049154
9.6268,0.0048289
9.6468,0.0047444
9.6669,0.0046595
9.6869,0.0045637
9.707,0.0044697
9.7271,0.0043926
9.7471,0.0043177
9.7672,0.0042538
9.7872,0.004185
9.8073,0.0040972
9.8273,0.0039938
9.8474,0.0038818
9.8674,0.0037749
9.8875,0.0036891
9.9076,0.0036211
9.9276,0.0035685
9.9477,0.0035103
9.9677,0.0034548
9.9878,0.0033999
10.008,0.003333
10.028,0.0032464
10.048,0.0031526
10.068,0.0030616
10.088,0.0029854
10.108,0.0029168
10.128,0.0028645
10.148,0.0028153
10.168,0.0027638
10.188,0.0027052
10.208,0.0026505
10.228,0.0025903
10.249,0.002531
10.269,0.0024765
10.289,0.0024125
10.309,0.00235
10.329,0.0022827
10.349,0.0022213
10.369,0.0021699
10.389,0.0021162
10.409,0.0020667
10.429,0.0020285
10.449,0.0019845
10.469,0.0019391
10.489,0.0018899
10.509,0.0018496
10.529,0.0018008
10.549,0.0017464
10.569,0.0017035
10.589,0.0016728
10.61,0.0016352
10.63,0.0016008
10.65,0.0015574
10.67,0.0015151
10.69,0.0014828
10.71,0.0014573
10.73,0.0014428
10.75,0.0014151
10.77,0.0013869
10.79,0.0013432
10.81,0.0013071
10.83,0.0012497
10.85,0.0012122
10.87,0.0011815
10.89,0.0011629
10.91,0.0011447
10.93,0.001126
10.95,0.0011135
10.971,0.0010957
10.991,0.0010533
11.011,0.0009999
11.031,0.00096798
11.051,0.00094876
11.071,0.00093066
11.091,0.00089883
11.111,0.00086443
11.131,0.000844
11.151,0.00083578
11.171,0.00082781
11.191,0.00081534
11.211,0.00081249
11.231,0.0008231
11.251,0.00083651
11.271,0.0008676
11.291,0.00089837
11.311,0.00093255
11.332,0.00095876
11.352,0.00097576
11.372,0.00099275
11.392,0.0010063
11.412,0.0010184
11.432,0.0010335
11.452,0.0010511
11.472,0.0010781
11.492,0.0011178
11.512,0.0011785
11.532,0.001245
11.552,0.0013057
11.572,0.0013665
11.592,0.0014338
11.612,0.0015044
11.632,0.0015728
11.652,0.0016475
11.672,0.0017097
11.693,0.00177
11.713,0.0018386
11.733,0.0019169
11.753,0.0020075
11.773,0.0021117
11.793,0.0022201
11.813,0.0023266
11.833,0.0024276
11.853,0.0025311
11.873,0.0026362
11.893,0.0027549
11.913,0.0028674
11.933,0.0029842
11.953,0.0031071
11.973,0.0032286
11.993,0.0033556
12.013,0.0034796
12.033,0.0036006
12.054,0.0037095
12.074,0.0038044
12.094,0.0038833
12.114,0.0039562
12.134,0.0040316
12.154,0.0041034
12.174,0.0041683
12.194,0.004213
12.214,0.0042495
12.234,0.004275
12.254,0.0042972
12.274,0.0042936
12.294,0.0042609
12.314,0.0042283
12.334,0.0041982
12.354,0.0041668
12.374,0.0041303
12.394,0.004088
12.415,0.0040267
12.435,0.003942
12.455,0.003845
12.475,0.003737
12.495,0.0036117
12.515,0.0034643
12.535,0.0032934
12.555,0.0031224
12.575,0.0029509
12.595,0.0027734
12.615,0.0025882
12.635,0.0024079
12.655,0.0022192
12.675,0.0020158
12.695,0.00179
12.715,0.0015603
12.735,0.0013192
12.755,0.0010837
12.776,0.00085189
12.796,0.00061409
12.816,0.00037566
12.836,0.00013338
12.856,-0.00010507
12.876,-0.0003443
12.896,-0.00058358
12.916,-0.00082243
12.936,-0.0010675
12.956,-0.0013133
12.976,-0.0015407
12.996,-0.0017656
13.016,-0.0019818
13.036,-0.0021762
13.056,-0.0023589
13.076,-0.002529
13.096,-0.002686
13.116,-0.0028365
13.137,-0.0029815
13.157,-0.0031072
13.177,-0.0032112
13.197,-0.0033011
13.217,-0.0033636
13.237,-0.003423
13.257,-0.0034668
13.277,-0.003504
13.297,-0.0035373
13.317,-0.00356
13.337,-0.003567
13.357,-0.0035546
13.377,-0.003543
13.397,-0.0035202
13.417,-0.0034912
13.437,-0.0034505
13.457,-0.0033966
13.477,-0.0033425
13.498,-0.0032849
13.518,-0.0032182
13.538,-0.0031531
13.558,-0.0031019
13.578,-0.0030353
13.598,-0.0029553
13.618,-0.0028592
13.638,-0.0027857
13.658,-0.0027255
13.678,-0.0026808
13.698,-0.0026428
13.718,-0.0025893
13.738,-0.0025218
13.758,-0.0024606
13.778,-0.0023939
13.798,-0.0023231
13.818,-0.0022566
13.838,-0.002189
13.859,-0.0021179
13.879,-0.0020494
13.899,-0.0019888
13.919,-0.0019409
13.939,-0.0018967
13.959,-0.0018615
13.979,-0.001837
13.999,-0.0018141
14.019,-0.001786
14.039,-0.0017451
14.059,-0.001716
14.079,-0.0016759
14.099,-0.0016346
14.119,-0.0015869
14.139,-0.0015476
14.159,-0.001502
14.179,-0.001465
14.199,-0.0014215
14.22,-0.0013915
14.24,-0.0013533
14.26,-0.001314
14.28,-0.0012708
14.3,-0.0012296
14.32,-0.0011976
14.34,-0.001182
14.36,-0.001177
14.38,-0.0011761
14.4,-0.0011662
14.42,-0.0011407
14.44,-0.0011157
14.46,-0.0010914
14.48,-0.0010698
14.5,-0.0010454
14.52,-0.0010264
14.54,-0.0010133
14.56,-0.0010051
14.581,-0.00097777
14.601,-0.00093802
14.621,-0.00090132
14.641,-0.0008743
14.661,-0.00085427
14.681,-0.00082181
14.701,-0.00077531
14.721,-0.00071135
14.741,-0.00064814
14.761,-0.00058237
14.781,-0.00052104
14.801,-0.00044188
14.821,-0.0003434
14.841,-0.00022071
14.861,-7.8879e-005
14.881,6.9962e-005
14.901,0.00021261
14.921,0.00035651
14.942,0.00049948
14.962,0.00065837
14.982,0.00082223
15.002,0.0010012
15.022,0.0011978
15.042,0.0014116
15.062,0.0016522
15.082,0.0019055
15.102,0.0021731
15.122,0.0024617
15.142,0.0027883
15.162,0.0031439
15.182,0.003531
15.202,0.0039295
15.222,0.004356
15.242,0.0048019
15.262,0.0052748
15.283,0.0057789
15.303,0.0062981
15.323,0.0068439
15.343,0.0074182
15.363,0.0080154
15.383,0.0086439
15.403,0.0093005
15.423,0.009991
15.443,0.010714
15.463,0.011469
15.483,0.012255
15.503,0.013058
15.523,0.013869
15.543,0.014688
15.563,0.015514
15.583,0.016334
15.603,0.017152
15.623,0.017969
15.644,0.018775
15.664,0.019563
15.684,0.020321
15.704,0.021051
15.724,0.02176
15.744,0.022434
15.764,0.023047
15.784,0.023599
15.804,0.024106
15.824,0.024568
15.844,0.024955
15.864,0.025281
15.884,0.025529
15.904,0.025714
15.924,0.025823
15.944,0.025862
15.964,0.025838
15.984,0.025767
16.005,0.025648
16.025,0.025462
16.045,0.025213
16.065,0.024917
16.085,0.024581
16.105,0.024208
16.125,0.023798
16.145,0.023347
16.165,0.022873
16.185,0.022379
16.205,0.021861
16.225,0.021335
16.245,0.020814
16.265,0.020277
16.285,0.019705
16.305,0.01911
16.325,0.018503
16.345,0.017892
16.366,0.017272
16.386,0.016648
16.406,0.016027
16.426,0.015402
16.446,0.014775
16.466,0.01415
16.486,0.013537
16.506,0.012939
16.526,0.012351
16.546,0.011786
16.566,0.011265
16.586,0.010785
16.606,0.010346
16.626,0.0099452
16.646,0.0096013
16.666,0.0093062
16.686,0.0090731
16.706,0.0089225
16.727,0.0088675
16.747,0.0088898
16.767,0.0089883
16.787,0.0091777
16.807,0.0094594
16.827,0.0098299
16.847,0.010282
16.867,0.010798
16.887,0.011381
16.907,0.012025
16.927,0.012732
16.947,0.013493
16.967,0.014285
16.987,0.015122
17.007,0.016006
17.027,0.016915
17.047,0.017829
17.067,0.018758
17.088,0.019693
17.108,0.020617
17.128,0.021523
17.148,0.022398
17.168,0.023246
17.188,0.024066
17.208,0.02483
17.228,0.025552
17.248,0.026235
17.268,0.026887
17.288,0.02749
17.308,0.028057
17.328,0.028575
17.348,0.029055
17.368,0.029487
17.388,0.029886
17.408,0.030251
17.428,0.030578
17.449,0.030859
17.469,0.031103
17.489,0.031298
17.509,0.031447
17.529,0.031557
17.549,0.031617
17.569,0.031623
17.589,0.031574
17.609,0.03147
17.629,0.031308
17.649,0.031095
17.669,0.03083
17.689,0.030493
17.709,0.030075
17.729,0.02957
17.749,0.028977
17.769,0.028301
17.789,0.027525
17.81,0.026635
17.83,0.025639
17.85,0.024522
17.87,0.023275
17.89,0.021899
17.91,0.020409
17.93,0.018802
17.95,0.017097
17.97,0.0153
17.99,0.013406
18.01,0.011423
18.03,0.0093728
18.05,0.0072899
18.07,0.0051906
18.09,0.0030965
18.11,0.0010324
18.13,-0.00097595
18.15,-0.0029231
18.171,-0.0047797
18.191,-0.0065254
18.211,-0.0081502
18.231,-0.0096063
18.251,-0.010892
18.271,-0.011991
18.291,-0.012874
18.311,-0.013546
18.331,-0.013991
18.351,-0.014197
18.371,-0.01417
18.391,-0.013907
18.411,-0.013399
18.431,-0.012672
18.451,-0.011707
18.471,-0.010507
18.491,-0.009082
18.511,-0.0074325
18.532,-0.0055758
18.552,-0.0035268
18.572,-0.0012935
18.592,0.001121
18.612,0.0037034
18.632,0.0064523
18.652,0.0093459
18.672,0.012382
18.692,0.015569
18.712,0.018899
18.732,0.022374
18.752,0.025999
18.772,0.029757
18.792,0.033648
18.812,0.037689
18.832,0.041877
18.852,0.046191
18.872,0.050658
18.893,0.055294
18.913,0.06012
18.933,0.065161
18.953,0.07041
18.973,0.075913
18.993,0.081666
19.013,0.087669
19.033,0.093941
19.053,0.10052
19.073,0.10743
19.093,0.11469
19.113,0.12231
19.133,0.13029
19.153,0.13869
19.173,0.14752
19.193,0.15677
19.213,0.16646
19.233,0.17663
19.254,0.18728
19.274,0.19849
19.294,0.21023
19.314,0.22249
19.334,0.23537
19.354,0.24888
19.374,0.26302
19.394,0.27783
19.414,0.29332
19.434,0.30944
19.454,0.32625
19.474,0.34379
19.494,0.36198
19.514,0.38089
19.534,0.40053
19.554,0.42084
19.574,0.44185
19.594,0.46345
19.615,0.48563
19.635,0.50829
19.655,0.53128
19.675,0.55466
19.695,0.57829
19.715,0.60209
19.735,0.62592
19.755,0.64957
19.775,0.67298
19.795,0.69596
19.815,0.71835
19.835,0.73993
19.855,0.7605
19.875,0.77992
19.895,0.79814
19.915,0.81483
19.935,0.8298
19.955,0.84305
19.976,0.85419
19.996,0.86316
20.016,0.86987
20.036,0.87399
20.056,0.87558
20.076,0.87451
20.096,0.8705
20.116,0.86372
20.136,0.85396
20.156,0.84101
20.176,0.82514
20.196,0.80604
20.216,0.78372
20.236,0.75843
20.256,0.72993
20.276,0.69832
20.296,0.66372
20.317,0.62584
20.337,0.58496
20.357,0.54122
20.377,0.49439
20.397,0.44496
20.417,0.39283
20.437,0.33799
20.457,0.28109
20.477,0.22209
20.497,0.16093
20.517,0.097801
20.537,0.033026
20.557,-0.033043
20.577,-0.1003
20.597,-0.16867
20.617,-0.23774
20.637,-0.30707
20.657,-0.3764
20.678,-0.44549
20.698,-0.514
20.718,-0.58169
20.738,-0.64801
20.758,-0.71307
20.778,-0.77642
20.798,-0.83752
20.818,-0.89633
20.838,-0.95256
20.858,-1.0064
20.878,-1.057
20.898,-1.1043
20.918,-1.1485
20.938,-1.1894
20.958,-1.2266
20.978,-1.2604
20.998,-1.2904
21.018,-1.3166
21.039,-1.3393
21.059,-1.3583
21.079,-1.3736
21.099,-1.3854
21.119,-1.3936
21.139,-1.3986
21.159,-1.4003
21.179,-1.3986
21.199,-1.3942
21.219,-1.3867
21.239,-1.3764
21.259,-1.3636
21.279,-1.3483
21.299,-1.3306
21.319,-1.3109
21.339,-1.2891
21.359,-1.2654
21.379,-1.2401
21.4,-1.2132
21.42,-1.1849
21.44,-1.1554
21.46,-1.1248
21.48,-1.0931
21.5,-1.0606
21.52,-1.0274
21.54,-0.99367
21.56,-0.95928
21.58,-0.9246
21.6,-0.88964
21.62,-0.85442
21.64,-0.81916
21.66,-0.78382
21.68,-0.74846
21.7,-0.71329
21.72,-0.67826
21.74,-0.64351
21.761,-0.60908
21.781,-0.57507
21.801,-0.54157
21.821,-0.50853
21.841,-0.4761
21.861,-0.44437
21.881,-0.41323
21.901,-0.38282
21.921,-0.35314
21.941,-0.32426
21.961,-0.2962
21.981,-0.26891
22.001,-0.24244
22.021,-0.21683
22.041,-0.19206
22.061,-0.16819
22.081,-0.14514
22.101,-0.12283
22.122,-0.10136
22.142,-0.080737
22.162,-0.060801
22.182,-0.041615
22.202,-0.023125
22.222,-0.0053078
22.242,0.011825
22.262,0.028355
22.282,0.044272
22.302,0.059631
22.322,0.074479
22.342,0.088797
22.362,0.10263
22.382,0.11603
22.402,0.12892
22.422,0.14137
22.442,0.15343
22.462,0.16502
22.483,0.17619
22.503,0.18695
22.523,0.19732
22.543,0.20734
22.563,0.21698
22.583,0.22621
22.603,0.2351
22.623,0.24358
22.643,0.25169
22.663,0.25948
22.683,0.26691
22.703,0.27402
22.723,0.28084
22.743,0.28737
22.763,0.29363
22.783,0.29966
22.803,0.30544
22.823,0.31103
22.844,0.31642
22.864,0.32161
22.884,0.32667
22.904,0.33158
22.924,0.33637
22.944,0.34104
22.964,0.34558
22.984,0.35002
23.004,0.35432
23.024,0.35848
23.044,0.36249
23.064,0.36636
23.084,0.37008
23.104,0.37365
23.124,0.37701
23.144,0.38017
23.164,0.3831
23.184,0.38577
23.205,0.38819
23.225,0.39032
23.245,0.39212
23.265,0.39361
23.285,0.39476
23.305,0.39558
23.325,0.39605
23.345,0.39616
23.365,0.3959
23.385,0.39527
23.405,0.39424
23.425,0.39287
23.445,0.39113
23.465,0.38901
23.485,0.38656
23.505,0.38375
23.525,0.3806
23.545,0.37712
23.566,0.37329
23.586,0.36917
23.606,0.36476
23.626,0.36005
23.646,0.35507
23.666,0.34985
23.686,0.34439
23.706,0.33871
23.726,0.33281
23.746,0.32669
23.766,0.3204
23.786,0.31395
23.806,0.30733
23.826,0.30058
23.846,0.2937
23.866,0.28673
23.886,0.27967
23.906,0.27255
23.927,0.26541
23.947,0.25824
23.967,0.25108
23.987,0.24394
24.007,0.23687
24.027,0.22988
24.047,0.22296
24.067,0.21615
24.087,0.20947
24.107,0.20295
24.127,0.1966
24.147,0.19043
24.167,0.18442
24.187,0.17863
24.207,0.17302
24.227,0.16762
24.247,0.16243
24.267,0.15742
24.288,0.1526
24.308,0.14796
24.328,0.14347
24.348,0.13915
24.368,0.13495
24.388,0.13085
24.408,0.12687
24.428,0.12296
24.448,0.11911
24.468,0.11531
24.488,0.11154
24.508,0.10779
24.528,0.10404
24.548,0.10028
24.568,0.096494
24.588,0.092687
24.608,0.088857
24.628,0.084999
24.649,0.081114
24.669,0.07719
24.689,0.073245
24.709,0.069276
24.729,0.065287
24.749,0.061319
24.769,0.057345
24.789,0.05336
24.809,0.049377
24.829,0.045392
24.849,0.041401
24.869,0.037418
24.889,0.033455
24.909,0.029504
24.929,0.025541
24.949,0.021526
24.969,0.017482
24.99,0.01341
25.01,0.0092805
25.03,0.0050929
25.05,0.00083862
25.07,-0.0035007
25.09,-0.0079012
25.11,-0.012382
25.13,-0.016941
25.15,-0.021587
25.17,-0.026288
25.19,-0.031036
25.21,-0.035847
25.23,-0.040707
25.25,-0.045599
25.27,-0.0505
25.29,-0.055417
25.31,-0.0603
25.33,-0.065131
25.351,-0.06988
25.371,-0.074548
25.391,-0.079095
25.411,-0.083498
25.431,-0.087761
25.451,-0.091846
25.471,-0.095731
25.491,-0.09941
25.511,-0.10284
25.531,-0.10601
25.551,-0.1089
25.571,-0.11149
25.591,-0.11383
25.611,-0.11586
25.631,-0.11758
25.651,-0.119
25.671,-0.1201
25.691,-0.12089
25.712,-0.12137
25.732,-0.12151
25.752,-0.12134
25.772,-0.12086
25.792,-0.12006
25.812,-0.11898
25.832,-0.11759
25.852,-0.1159
25.872,-0.11395
25.892,-0.11172
25.912,-0.10925
25.932,-0.10655
25.952,-0.10359
25.972,-0.10041
25.992,-0.097014
26.012,-0.09343
26.032,-0.089683
26.052,-0.085763
26.073,-0.081677
26.093,-0.077472
26.113,-0.073173
26.133,-0.068811
26.153,-0.064386
26.173,-0.059909
26.193,-0.055396
26.213,-0.05086
26.233,-0.046333
26.253,-0.041801
26.273,-0.037264
26.293,-0.032748
26.313,-0.028251
26.333,-0.023791
26.353,-0.019384
26.373,-0.015048
26.393,-0.010783
26.413,-0.0065674
26.434,-0.0024116
26.454,0.0016581
26.474,0.0056402
26.494,0.0095654
26.514,0.013394
26.534,0.01714
26.554,0.020798
26.574,0.024338
26.594,0.02777
26.614,0.031101
26.634,0.034328
26.654,0.037448
26.674,0.040435
26.694,0.043303
26.714,0.046043
26.734,0.048646
26.754,0.051129
26.774,0.053485
26.795,0.055719
26.815,0.057825
26.835,0.05981
26.855,0.061681
26.875,0.063431
26.895,0.065036
26.915,0.066526
26.935,0.067906
26.955,0.069197
26.975,0.070415
26.995,0.071551
27.015,0.072607
27.035,0.073596
27.055,0.074524
27.075,0.075384
27.095,0.076173
27.115,0.076902
27.135,0.077579
27.156,0.078202
27.176,0.078768
27.196,0.079283
27.216,0.079737
27.236,0.080135
27.256,0.08048
27.276,0.080772
27.296,0.081008
27.316,0.081177
27.336,0.081266
27.356,0.081296
27.376,0.081259
27.396,0.081161
27.416,0.080998
27.436,0.080769
27.456,0.080461
27.476,0.080087
27.496,0.079641
27.517,0.079142
27.537,0.078596
27.557,0.077993
27.577,0.077344
27.597,0.076659
27.617,0.075938
27.637,0.075189
27.657,0.0744
27.677,0.073579
27.697,0.072742
27.717,0.071893
27.737,0.071036
27.757,0.070169
27.777,0.069298
27.797,0.068424
27.817,0.067541
27.837,0.066649
27.857,0.065762
27.878,0.064879
27.898,0.063991
27.918,0.063086
27.938,0.062162
27.958,0.061225
27.978,0.060277
27.998,0.0593
28.018,0.058288
28.038,0.057244
28.058,0.056156
28.078,0.055025
28.098,0.053846
28.118,0.052613
28.138,0.051334
28.158,0.050009
28.178,0.048632
28.198,0.047197
28.218,0.0457
28.239,0.044161
28.259,0.04256
28.279,0.040902
28.299,0.039185
28.319,0.037421
28.339,0.035611
28.359,0.033757
28.379,0.031865
28.399,0.029937
28.419,0.027987
28.439,0.026013
28.459,0.024008
28.479,0.021978
28.499,0.019914
28.519,0.017825
28.539,0.015724
28.559,0.013617
28.579,0.011518
28.6,0.0094111
28.62,0.0072986
28.64,0.0051703
28.66,0.0030196
28.68,0.00085298
28.7,-0.0013347
28.72,-0.0035518
28.74,-0.0057933
28.76,-0.0080461
28.78,-0.010303
28.8,-0.012541
28.82,-0.014786
28.84,-0.01705
28.86,-0.019304
28.88,-0.021548
28.9,-0.023776
28.92,-0.025977
28.94,-0.028132
28.961,-0.030242
28.981,-0.032309
29.001,-0.034318
29.021,-0.036255
29.041,-0.038129
29.061,-0.039943
29.081,-0.041684
29.101,-0.043356
29.121,-0.044951
29.141,-0.046459
29.161,-0.04788
29.181,-0.049197
29.201,-0.05041
29.221,-0.051533
29.241,-0.052553
29.261,-0.053479
29.281,-0.054319
29.301,-0.055066
29.322,-0.055723
29.342,-0.056289
29.362,-0.056767
29.382,-0.057166
29.402,-0.057482
29.422,-0.057717
29.442,-0.057878
29.462,-0.057954
29.482,-0.057949
29.502,-0.057869
29.522,-0.057712
29.542,-0.057483
29.562,-0.057188
29.582,-0.056829
29.602,-0.056409
29.622,-0.05593
29.642,-0.05539
29.662,-0.054808
29.683,-0.054187
29.703,-0.053509
29.723,-0.052785
29.743,-0.052015
29.763,-0.051197
29.783,-0.050344
29.803,-0.049453
29.823,-0.048534
29.843,-0.047605
29.863,-0.046658
29.883,-0.045699
29.903,-0.044725
29.923,-0.043741
29.943,-0.042757
29.963,-0.041781
29.983,-0.040839
30.003,-0.039945
30.024,-0.039095
30.044,-0.038278
30.064,-0.037512
30.084,-0.036797
30.104,-0.036154
30.124,-0.035589
30.144,-0.035101
30.164,-0.034694
30.184,-0.034357
30.204,-0.034118
30.224,-0.033975
30.244,-0.033927
30.264,-0.033951
30.284,-0.034061
30.304,-0.034238
30.324,-0.034474
30.344,-0.03478
30.364,-0.035137
30.385,-0.035553
30.405,-0.036024
30.425,-0.036538
30.445,-0.037094
30.465,-0.037683
30.485,-0.038293
30.505,-0.038933
30.525,-0.039585
30.545,-0.040236
30.565,-0.040889
30.585,-0.041547
30.605,-0.042206
30.625,-0.042834
30.645,-0.043433
30.665,-0.044002
30.685,-0.044523
30.705,-0.044992
30.725,-0.045417
30.746,-0.045789
30.766,-0.046107
30.786,-0.046374
30.806,-0.046573
30.826,-0.046707
30.846,-0.046764
30.866,-0.046755
30.886,-0.046684
30.906,-0.046539
30.926,-0.046339
30.946,-0.046086
30.966,-0.04576
30.986,-0.045371
31.006,-0.044932
31.026,-0.044429
31.046,-0.043869
31.066,-0.043253
31.086,-0.042581
31.107,-0.041867
31.127,-0.041098
31.147,-0.040264
31.167,-0.039383
31.187,-0.038459
31.207,-0.037493
31.227,-0.036498
31.247,-0.035475
31.267,-0.034435
31.287,-0.033379
31.307,-0.0323
31.327,-0.031208
31.347,-0.030101
31.367,-0.028976
31.387,-0.027852
31.407,-0.026718
31.427,-0.025586
31.447,-0.024444
31.468,-0.023309
31.488,-0.022179
31.508,-0.021068
31.528,-0.019976
31.548,-0.018904
31.568,-0.017864
31.588,-0.016859
31.608,-0.015906
31.628,-0.014999
31.648,-0.014143
31.668,-0.013363
31.688,-0.012658
31.708,-0.012032
31.728,-0.011498
31.748,-0.011048
31.768,-0.010685
31.788,-0.010427
31.808,-0.010274
31.829,-0.01023
31.849,-0.010309
31.869,-0.010498
31.889,-0.010794
31.909,-0.011212
31.929,-0.011724
31.949,-0.012332
31.969,-0.013042
31.989,-0.013847
32.009,-0.014747
32.029,-0.015742
32.049,-0.016794
32.069,-0.017909
32.089,-0.019081
32.109,-0.02031
32.129,-0.021586
32.149,-0.022894
32.169,-0.024225
32.19,-0.025568
32.21,-0.02691
32.23,-0.028249
32.25,-0.029591
32.27,-0.030925
32.29,-0.032241
32.31,-0.033539
32.33,-0.034814
32.35,-0.036044
32.37,-0.03722
32.39,-0.038358
32.41,-0.03946
32.43,-0.040518
32.45,-0.041516
32.47,-0.042455
32.49,-0.043344
32.51,-0.044179
32.53,-0.044957
32.551,-0.045681
32.571,-0.046328
32.591,-0.046898
32.611,-0.047381
32.631,-0.047774
32.651,-0.048076
32.671,-0.048291
32.691,-0.048419
32.711,-0.048458
32.731,-0.048401
32.751,-0.048238
32.771,-0.047985
32.791,-0.047647
32.811,-0.047215
32.831,-0.046697
32.851,-0.046108
32.871,-0.045442
32.891,-0.044717
32.912,-0.043923
32.932,-0.043081
32.952,-0.042209
32.972,-0.041317
32.992,-0.040412
33.012,-0.039493
33.032,-0.038574
33.052,-0.037666
33.072,-0.03678
33.092,-0.035907
33.112,-0.035062
33.132,-0.034246
33.152,-0.033463
33.172,-0.03272
33.192,-0.032002
33.212,-0.031324
33.232,-0.030668
33.252,-0.03005
33.273,-0.029458
33.293,-0.028886
33.313,-0.02832
33.333,-0.027774
33.353,-0.027239
33.373,-0.026703
33.393,-0.026154
33.413,-0.025591
33.433,-0.02503
33.453,-0.024455
33.473,-0.02388
33.493,-0.023307
33.513,-0.022728
33.533,-0.02214
33.553,-0.021527
33.573,-0.020907
33.593,-0.020293
33.613,-0.019703
33.634,-0.019142
33.654,-0.018614
33.674,-0.018129
33.694,-0.017698
33.714,-0.017314
33.734,-0.016991
33.754,-0.01673
33.774,-0.016536
33.794,-0.016419
33.814,-0.016391
33.834,-0.016446
33.854,-0.01658
33.874,-0.016804
33.894,-0.017092
33.914,-0.017451
33.934,-0.017876
33.954,-0.018352
33.974,-0.018889
33.995,-0.019471
34.015,-0.02009
34.035,-0.020741
34.055,-0.021429
34.075,-0.02214
34.095,-0.022868
34.115,-0.023603
34.135,-0.024362
34.155,-0.025137
34.175,-0.025927
34.195,-0.026727
34.215,-0.027543
34.235,-0.028366
34.255,-0.029182
34.275,-0.029997
34.295,-0.030816
34.315,-0.031622
34.335,-0.032416
34.356,-0.033199
34.376,-0.033981
34.396,-0.034731
34.416,-0.035453
34.436,-0.036131
34.456,-0.036765
34.476,-0.037361
34.496,-0.037911
34.516,-0.038418
34.536,-0.038856
34.556,-0.039217
34.576,-0.03949
34.596,-0.039678
34.616,-0.039773
34.636,-0.039792
34.656,-0.039737
34.676,-0.039594
34.696,-0.039351
34.717,-0.03904
34.737,-0.038669
34.757,-0.03824
34.777,-0.037756
34.797,-0.03722
34.817,-0.036625
34.837,-0.035977
34.857,-0.035284
34.877,-0.034553
34.897,-0.03378
34.917,-0.032973
34.937,-0.032138
34.957,-0.03127
34.977,-0.030381
34.997,-0.029459
35.017,-0.02849
35.037,-0.027476
35.058,-0.026414
35.078,-0.025292
35.098,-0.024117
35.118,-0.022891
35.138,-0.021611
35.158,-0.020285
35.178,-0.018917
35.198,-0.017482
35.218,-0.016005
35.238,-0.014501
35.258,-0.012987
35.278,-0.011462
35.298,-0.0099283
35.318,-0.0084019
35.338,-0.0069105
35.358,-0.0054625
35.378,-0.0040788
35.398,-0.0027712
35.419,-0.0015844
35.439,-0.00052247
35.459,0.00041492
35.479,0.0012009
35.499,0.0018245
35.519,0.0022985
35.539,0.0026067
35.559,0.0027324
35.579,0.0026688
35.599,0.0024042
35.619,0.0019527
35.639,0.001318
35.659,0.00049488
35.679,-0.00052029
35.699,-0.0017142
35.719,-0.0030851
35.739,-0.0046317
35.759,-0.0063426
35.78,-0.0082262
35.8,-0.010283
35.82,-0.012493
35.84,-0.014848
35.86,-0.017342
35.88,-0.019993
35.9,-0.022807
35.92,-0.025756
35.94,-0.02885
35.96,-0.032087
35.98,-0.035474
36,-0.038984
36.02,-0.042615
36.04,-0.046391
36.06,-0.050334
36.08,-0.054434
36.1,-0.058655
36.12,-0.063
36.141,-0.067475
36.161,-0.072037
36.181,-0.07665
36.201,-0.081333
36.221,-0.086079
36.241,-0.090883
36.261,-0.095749
36.281,-0.10067
36.301,-0.10558
36.321,-0.11048
36.341,-0.1154
36.361,-0.12031
36.381,-0.12516
36.401,-0.13
36.421,-0.13481
36.441,-0.13961
36.461,-0.14439
36.481,-0.14915
36.502,-0.15387
36.522,-0.15855
36.542,-0.16319
36.562,-0.16779
36.582,-0.17236
36.602,-0.17689
36.622,-0.1814
36.642,-0.1859
36.662,-0.19038
36.682,-0.19483
36.702,-0.19924
36.722,-0.20358
36.742,-0.20785
36.762,-0.21205
36.782,-0.21617
36.802,-0.22019
36.822,-0.22412
36.842,-0.22794
36.863,-0.23158
36.883,-0.23506
36.903,-0.23835
36.923,-0.24145
36.943,-0.24431
36.963,-0.24692
36.983,-0.24929
37.003,-0.25141
37.023,-0.25325
37.043,-0.25479
37.063,-0.25602
37.083,-0.25695
37.103,-0.25756
37.123,-0.25785
37.143,-0.25782
37.163,-0.25747
37.183,-0.2568
37.203,-0.2558
37.224,-0.25447
37.244,-0.2528
37.264,-0.25082
37.284,-0.2485
37.304,-0.24583
37.324,-0.24281
37.344,-0.23943
37.364,-0.23568
37.384,-0.23156
37.404,-0.22707
37.424,-0.22222
37.444,-0.217
37.464,-0.21138
37.484,-0.20538
37.504,-0.19895
37.524,-0.1921
37.544,-0.1848
37.564,-0.17707
37.585,-0.16891
37.605,-0.16033
37.625,-0.15134
37.645,-0.14193
37.665,-0.13207
37.685,-0.12173
37.705,-0.11095
37.725,-0.099717
37.745,-0.088024
37.765,-0.075911
37.785,-0.063435
37.805,-0.050569
37.825,-0.037381
37.845,-0.023818
37.865,-0.0098894
37.885,0.0043916
37.905,0.018957
37.925,0.033784
37.946,0.048788
37.966,0.064011
37.986,0.079388
38.006,0.094903
38.026,0.11053
38.046,0.12632
38.066,0.1422
38.086,0.1581
38.106,0.17392
38.126,0.1897
38.146,0.20539
38.166,0.22097
38.186,0.23635
38.206,0.25155
38.226,0.26662
38.246,0.28146
38.266,0.29606
38.286,0.31028
38.307,0.32416
38.327,0.33762
38.347,0.35073
38.367,0.36338
38.387,0.37558
38.407,0.38732
38.427,0.39863
38.447,0.4094
38.467,0.41956
38.487,0.42913
38.507,0.43814
38.527,0.44656
38.547,0.45436
38.567,0.46155
38.587,0.46815
38.607,0.47413
38.627,0.47944
38.647,0.48407
38.668,0.48807
38.688,0.49145
38.708,0.49416
38.728,0.49623
38.748,0.4977
38.768,0.49855
38.788,0.49877
38.808,0.49836
38.828,0.49736
38.848,0.49577
38.868,0.4936
38.888,0.49087
38.908,0.48758
38.928,0.48374
38.948,0.47933
38.968,0.47437
38.988,0.46891
39.008,0.46296
39.029,0.45654
39.049,0.44961
39.069,0.44217
39.089,0.43427
39.109,0.42592
39.129,0.41712
39.149,0.40788
39.169,0.39832
39.189,0.38843
39.209,0.37821
39.229,0.3676
39.249,0.3567
39.269,0.34548
39.289,0.33402
39.309,0.32233
39.329,0.31046
39.349,0.29847
39.369,0.28638
39.39,0.27413
39.41,0.26177
39.43,0.2493
39.45,0.23678
39.47,0.2243
39.49,0.21182
39.51,0.19937
39.53,0.187
39.55,0.17468
39.57,0.16242
39.59,0.15022
39.61,0.13813
39.63,0.12612
39.65,0.11427
39.67,0.10251
39.69,0.090955
39.71,0.079576
39.73,0.068361
39.751,0.057307
39.771,0.046426
39.791,0.03573
39.811,0.025262
39.831,0.015027
39.851,0.0050073
39.871,-0.0047718
39.891,-0.01432
39.911,-0.02363
39.931,-0.032685
39.951,-0.041465
39.971,-0.049974
39.991,-0.058185
40.011,-0.066122
40.031,-0.07373
40.051,-0.081063
40.071,-0.08816
40.092,-0.095003
40.112,-0.10156
40.132,-0.10785
40.152,-0.11385
40.172,-0.11962
40.192,-0.12513
40.212,-0.13035
40.232,-0.13535
40.252,-0.14012
40.272,-0.14466
40.292,-0.14896
40.312,-0.15303
40.332,-0.15686
40.352,-0.16045
40.372,-0.16383
40.392,-0.16698
40.412,-0.16989
40.432,-0.17258
40.453,-0.17506
40.473,-0.17728
40.493,-0.17927
40.513,-0.181
40.533,-0.18251
40.553,-0.1838
40.573,-0.18488
40.593,-0.18572
40.613,-0.18633
40.633,-0.18673
40.653,-0.18694
40.673,-0.18694
40.693,-0.18676
40.713,-0.1864
40.733,-0.18588
40.753,-0.18522
40.773,-0.18444
40.793,-0.18355
40.814,-0.18256
40.834,-0.18149
40.854,-0.18035
40.874,-0.17917
40.894,-0.17792
40.914,-0.17663
40.934,-0.17533
40.954,-0.17401
40.974,-0.17269
40.994,-0.17138
41.014,-0.17007
41.034,-0.16873
41.054,-0.16739
41.074,-0.16607
41.094,-0.16475
41.114,-0.16341
41.134,-0.16207
41.154,-0.16074
41.175,-0.15941
41.195,-0.15808
41.215,-0.15674
41.235,-0.15536
41.255,-0.15397
41.275,-0.15258
41.295,-0.15117
41.315,-0.14976
41.335,-0.14833
41.355,-0.14686
41.375,-0.14536
41.395,-0.14385
41.415,-0.14229
41.435,-0.1407
41.455,-0.13909
41.475,-0.13742
41.495,-0.1357
41.515,-0.1339
41.536,-0.13202
41.556,-0.1301
41.576,-0.12811
41.596,-0.12605
41.616,-0.12393
41.636,-0.12172
41.656,-0.11941
41.676,-0.117
41.696,-0.11452
41.716,-0.11198
41.736,-0.10937
41.756,-0.10669
41.776,-0.10393
41.796,-0.1011
41.816,-0.098185
41.836,-0.09518
41.856,-0.092096
41.876,-0.088957
41.897,-0.085773
41.917,-0.082541
41.937,-0.079245
41.957,-0.075883
41.977,-0.072462
41.997,-0.068992
42.017,-0.065508
42.037,-0.062003
42.057,-0.058474
42.077,-0.054903
42.097,-0.051285
42.117,-0.047647
42.137,-0.043973
42.157,-0.040288
42.177,-0.036601
42.197,-0.032936
42.217,-0.029294
42.237,-0.025677
42.258,-0.022097
42.278,-0.018566
42.298,-0.015073
42.318,-0.011669
42.338,-0.0083437
42.358,-0.0050888
42.378,-0.0018881
42.398,0.0012427
42.418,0.0042603
42.438,0.0071512
42.458,0.0099308
42.478,0.012567
42.498,0.015067
42.518,0.01745
42.538,0.019716
42.558,0.021824
42.578,0.023776
42.598,0.025602
42.619,0.027281
42.639,0.028802
42.659,0.030174
42.679,0.031422
42.699,0.032558
42.719,0.033544
42.739,0.03438
42.759,0.035093
42.779,0.035684
42.799,0.036163
42.819,0.036523
42.839,0.036772
42.859,0.036908
42.879,0.036939
42.899,0.036882
42.919,0.036706
42.939,0.036438
42.959,0.036067
42.98,0.035584
43,0.034994
43.02,0.034323
43.04,0.03358
43.06,0.032768
43.08,0.031858
43.1,0.030844
43.12,0.029743
43.14,0.028567
43.16,0.027327
43.18,0.026015
43.2,0.024633
43.22,0.02319
43.24,0.021683
43.26,0.020139
43.28,0.018567
43.3,0.016957
43.32,0.015333
43.341,0.013695
43.361,0.01204
43.381,0.010366
43.401,0.008683
43.421,0.006998
43.441,0.0053244
43.461,0.0036665
43.481,0.0020442
43.501,0.00043958
43.521,-0.0011532
43.541,-0.002721
43.561,-0.0042869
43.581,-0.0058454
43.601,-0.0073779
43.621,-0.0088647
43.641,-0.01032
43.661,-0.011756
43.681,-0.013159
43.702,-0.014534
43.722,-0.015891
43.742,-0.01723
43.762,-0.01855
43.782,-0.019851
43.802,-0.021141
43.822,-0.022398
43.842,-0.023646
43.862,-0.024872
43.882,-0.026053
43.902,-0.027177
43.922,-0.028249
43.942,-0.029279
43.962,-0.030278
43.982,-0.031233
44.002,-0.032147
44.022,-0.033026
44.042,-0.033853
44.063,-0.034595
44.083,-0.035302
44.103,-0.035957
44.123,-0.03654
44.143,-0.03707
44.163,-0.03756
44.183,-0.037999
44.203,-0.038372
44.223,-0.03873
44.243,-0.039064
44.263,-0.03934
44.283,-0.039588
44.303,-0.039826
44.323,-0.040035
44.343,-0.040215
44.363,-0.040396
44.383,-0.040598
44.403,-0.04079
44.424,-0.04098
44.444,-0.041171
44.464,-0.041346
44.484,-0.041514
44.504,-0.041675
44.524,-0.04185
44.544,-0.041982
44.564,-0.042088
44.584,-0.042198
44.604,-0.042288
44.624,-0.042389
44.644,-0.042477
44.664,-0.042535
44.684,-0.042587
44.704,-0.042631
44.724,-0.042674
44.744,-0.042711
44.764,-0.042723
44.785,-0.042733
44.805,-0.04277
44.825,-0.042809
44.845,-0.042847
44.865,-0.042884
44.885,-0.042915
44.905,-0.04295
44.925,-0.042988
44.945,-0.043019
44.965,-0.043044
44.985,-0.04307
45.005,-0.043107
45.025,-0.04313
45.045,-0.043113
45.065,-0.043052
45.085,-0.042978
45.105,-0.042874
45.126,-0.042715
45.146,-0.042519
45.166,-0.042265
45.186,-0.041974
45.206,-0.041632
45.226,-0.041239
45.246,-0.040768
45.266,-0.040237
45.286,-0.039653
45.306,-0.038998
45.326,-0.038328
45.346,-0.037594
45.366,-0.036795
45.386,-0.035958
45.406,-0.035074
45.426,-0.03412
45.446,-0.03313
45.466,-0.032062
45.487,-0.030933
45.507,-0.029733
45.527,-0.028464
45.547,-0.027124
45.567,-0.025702
45.587,-0.024214
45.607,-0.022658
45.627,-0.021013
45.647,-0.019279
45.667,-0.017447
45.687,-0.015536
45.707,-0.013553
45.727,-0.011489
45.747,-0.0093408
45.767,-0.0071282
45.787,-0.0048747
45.807,-0.0026154
45.827,-0.00031977
45.848,0.0020119
45.868,0.0043696
45.888,0.0067217
45.908,0.0090768
45.928,0.011418
45.948,0.013679
45.968,0.01587
45.988,0.017977
46.008,0.019992
46.028,0.021923
46.048,0.023743
46.068,0.025458
46.088,0.027075
46.108,0.028578
46.128,0.029974
46.148,0.031267
46.168,0.032477
46.188,0.033604
46.209,0.034633
46.229,0.035577
46.249,0.036422
46.269,0.037169
46.289,0.037832
46.309,0.038419
46.329,0.038944
46.349,0.039392
46.369,0.039748
46.389,0.039999
46.409,0.040185
46.429,0.040251
46.449,0.0402
46.469,0.040046
46.489,0.0398
46.509,0.039455
46.529,0.039029
46.549,0.03849
46.57,0.037849
46.59,0.037113
46.61,0.036258
46.63,0.035295
46.65,0.034276
46.67,0.033206
46.69,0.032079
46.71,0.030892
46.73,0.02968
46.75,0.028439
46.77,0.027223
46.79,0.026046
46.81,0.024893
46.83,0.02375
46.85,0.022684
46.87,0.021666
46.89,0.020738
46.91,0.019889
46.931,0.019131
46.951,0.018441
46.971,0.01785
46.991,0.017361
47.011,0.016968
47.031,0.016668
47.051,0.01648
47.071,0.01641
47.091,0.016449
47.111,0.016577
47.131,0.016769
47.151,0.017044
47.171,0.017421
47.191,0.017865
47.211,0.018327
47.231,0.018826
47.251,0.019378
47.271,0.019987
47.292,0.020622
47.312,0.021288
47.332,0.022023
47.352,0.022808
47.372,0.023637
47.392,0.024531
47.412,0.025451
47.432,0.026343
47.452,0.027283
47.472,0.028262
47.492,0.029223
47.512,0.030199
47.532,0.03116
47.552,0.03211
47.572,0.033019
47.592,0.033907
47.612,0.034764
47.632,0.035598
47.653,0.036387
47.673,0.037113
47.693,0.037775
47.713,0.038388
47.733,0.038933
47.753,0.039416
47.773,0.039856
47.793,0.040219
47.813,0.040508
47.833,0.040759
47.853,0.040968
47.873,0.041104
47.893,0.041205
47.913,0.041302
47.933,0.041319
47.953,0.041281
47.973,0.041197
47.993,0.041087
48.014,0.040935
48.034,0.040738
48.054,0.040506
48.074,0.040249
48.094,0.039961
48.114,0.039634
48.134,0.039281
48.154,0.038864
48.174,0.038412
48.194,0.037951
48.214,0.037408
48.234,0.036873
48.254,0.036257
48.274,0.035652
48.294,0.035035
48.314,0.034347
48.334,0.033618
48.354,0.032912
48.375,0.03216
48.395,0.03134
48.415,0.030563
48.435,0.029805
48.455,0.029067
48.475,0.028322
48.495,0.027597
48.515,0.026914
48.535,0.026219
48.555,0.025555
48.575,0.024894
48.595,0.024304
48.615,0.023763
48.635,0.023235
48.655,0.022744
48.675,0.022278
48.695,0.021882
48.715,0.021586
48.736,0.021326
48.756,0.021099
48.776,0.020924
48.796,0.020731
48.816,0.020577
48.836,0.020469
48.856,0.020425
48.876,0.020444
48.896,0.020553
48.916,0.02065
48.936,0.020821
48.956,0.021099
48.976,0.021425
48.996,0.021751
49.016,0.022111
49.036,0.022435
49.056,0.022816
49.076,0.023204
49.097,0.023608
49.117,0.024103
49.137,0.024561
49.157,0.024945
49.177,0.025361
49.197,0.025796
49.217,0.02615
49.237,0.026431
49.257,0.026689
49.277,0.026894
49.297,0.027069
49.317,0.027245
49.337,0.027303
49.357,0.027257
49.377,0.027179
49.397,0.027098
49.417,0.026876
49.437,0.026583
49.458,0.02632
49.478,0.026036
49.498,0.025772
49.518,0.02547
49.538,0.025123
49.558,0.02471
49.578,0.024262
49.598,0.023734
49.618,0.023211
49.638,0.022674
49.658,0.022209
49.678,0.021654
49.698,0.020974
49.718,0.020362
49.738,0.01976
49.758,0.019136
49.778,0.0185
49.798,0.017698
49.819,0.016863
49.839,0.015873
49.859,0.014823
49.879,0.013676
49.899,0.012412
49.919,0.011154
49.939,0.0097517
49.959,0.0081406
49.979,0.0063007
49.999,0.0045778
50.019,0.0027318
50.039,0.00065706
50.059,-0.0013125
50.079,-0.0033347
50.099,-0.0055262
50.119,-0.0076191
