0,-0.00015801
0.020049,-0.0002261
0.040098,-0.00033192
0.060146,-0.00023431
0.080195,-0.0002852
0.10024,-7.8296e-005
0.12029,-0.00022033
0.14034,-0.00010668
0.16039,-0.00016446
0.18044,-0.0002489
0.20049,-0.00036618
0.22054,-0.0005106
0.24059,-0.00049959
0.26063,-0.00049251
0.28068,-0.00071585
0.30073,-0.00076172
0.32078,-0.00075243
0.34083,-0.00070673
0.36088,-0.00072579
0.38093,-0.0007811
0.40098,-0.00087911
0.42102,-0.00090528
0.44107,-0.00091835
0.46112,-0.00097521
0.48117,-0.00097068
0.50122,-0.0009818
0.52127,-0.0011056
0.54132,-0.0011917
0.56137,-0.0011952
0.58141,-0.0011574
0.60146,-0.0011737
0.62151,-0.0011829
0.64156,-0.0012307
0.66161,-0.0012975
0.68166,-0.0013137
0.70171,-0.0014641
0.72176,-0.0016323
0.7418,-0.0016389
0.76185,-0.0016437
0.7819,-0.0016639
0.80195,-0.0017267
0.822,-0.0017933
0.84205,-0.0017976
0.8621,-0.0017741
0.88215,-0.0018418
0.90219,-0.0019547
0.92224,-0.0019671
0.94229,-0.0020056
0.96234,-0.0020344
0.98239,-0.0020898
1.0024,-0.0021693
1.0225,-0.0022496
1.0425,-0.0022727
1.0626,-0.0022244
1.0826,-0.0022107
1.1027,-0.0022567
1.1227,-0.0023229
1.1428,-0.0023937
1.1628,-0.0024179
1.1829,-0.002482
1.2029,-0.0025809
1.223,-0.0027166
1.243,-0.0028177
1.2631,-0.0028823
1.2831,-0.0029475
1.3032,-0.0029424
1.3232,-0.0029768
1.3433,-0.0030197
1.3633,-0.0030401
1.3834,-0.0030308
1.4034,-0.0030805
1.4235,-0.0030778
1.4435,-0.003122
1.4636,-0.0031668
1.4836,-0.0032549
1.5037,-0.0033262
1.5237,-0.0034037
1.5438,-0.0034814
1.5638,-0.0035434
1.5839,-0.0036049
1.6039,-0.0036934
1.6239,-0.0037737
1.644,-0.0038344
1.664,-0.0038549
1.6841,-0.0038855
1.7041,-0.0038755
1.7242,-0.0039134
1.7442,-0.0039711
1.7643,-0.00403
1.7843,-0.0040775
1.8044,-0.0040921
1.8244,-0.0041181
1.8445,-0.0041757
1.8645,-0.0042121
1.8846,-0.0042314
1.9046,-0.0042542
1.9247,-0.0042625
1.9447,-0.0043168
1.9648,-0.0043573
1.9848,-0.004389
2.0049,-0.0044085
2.0249,-0.0044083
2.045,-0.0043824
2.065,-0.0043427
2.0851,-0.004323
2.1051,-0.0043264
2.1252,-0.0043072
2.1452,-0.0042687
2.1653,-0.0042627
2.1853,-0.0042564
2.2054,-0.0042141
2.2254,-0.0041571
2.2455,-0.0040912
2.2655,-0.0040486
2.2856,-0.0040622
2.3056,-0.0040758
2.3257,-0.0040913
2.3457,-0.0040796
2.3658,-0.0040518
2.3858,-0.0040125
2.4059,-0.0039801
2.4259,-0.0039276
2.4459,-0.0038518
2.466,-0.003784
2.486,-0.0037207
2.5061,-0.0036643
2.5261,-0.0036064
2.5462,-0.0035267
2.5662,-0.0034197
2.5863,-0.0033095
2.6063,-0.0031967
2.6264,-0.0030854
2.6464,-0.0029817
2.6665,-0.0028498
2.6865,-0.0026956
2.7066,-0.0025506
2.7266,-0.0024332
2.7467,-0.0023249
2.7667,-0.0021797
2.7868,-0.0020799
2.8068,-0.0019717
2.8269,-0.0018672
2.8469,-0.0017491
2.867,-0.0016441
2.887,-0.0015316
2.9071,-0.0014037
2.9271,-0.0013178
2.9472,-0.0011972
2.9672,-0.0010753
2.9873,-0.00095504
3.0073,-0.0008616
3.0274,-0.0007708
3.0474,-0.00066635
3.0675,-0.00056228
3.0875,-0.00044515
3.1076,-0.00034016
3.1276,-0.00025396
3.1477,-0.00018398
3.1677,-9.9634e-005
3.1878,1.7835e-006
3.2078,0.00010953
3.2279,0.00020413
3.2479,0.00029647
3.2679,0.00038893
3.288,0.00050102
3.308,0.00064141
3.3281,0.00074579
3.3481,0.00080053
3.3682,0.00086998
3.3882,0.00094771
3.4083,0.0010031
3.4283,0.0010679
3.4484,0.0011535
3.4684,0.0012452
3.4885,0.0013206
3.5085,0.0014193
3.5286,0.0015047
3.5486,0.0015971
3.5687,0.0016836
3.5887,0.001764
3.6088,0.0018432
3.6288,0.0019201
3.6489,0.0019986
3.6689,0.0020714
3.689,0.0021718
3.709,0.0022683
3.7291,0.0023582
3.7491,0.0024435
3.7692,0.002523
3.7892,0.0026223
3.8093,0.002726
3.8293,0.0028033
3.8494,0.002877
3.8694,0.002934
3.8895,0.0029845
3.9095,0.0030398
3.9296,0.0030991
3.9496,0.0031718
3.9697,0.0032483
3.9897,0.0033017
4.0098,0.0033639
4.0298,0.0034099
4.0498,0.0034607
4.0699,0.0035437
4.0899,0.0036168
4.11,0.0036753
4.13,0.0037149
4.1501,0.0037454
4.1701,0.0037721
4.1902,0.0037682
4.2102,0.0037491
4.2303,0.0037408
4.2503,0.0037552
4.2704,0.0037704
4.2904,0.0038092
4.3105,0.00386
4.3305,0.0039042
4.3506,0.0039434
4.3706,0.0039612
4.3907,0.0039883
4.4107,0.0040214
4.4308,0.0040565
4.4508,0.0040873
4.4709,0.004098
4.4909,0.0041149
4.511,0.004136
4.531,0.0041673
4.5511,0.004181
4.5711,0.0041845
4.5912,0.0041938
4.6112,0.0042101
4.6313,0.0042057
4.6513,0.0041752
4.6714,0.0041567
4.6914,0.0041466
4.7115,0.0041348
4.7315,0.0041325
4.7516,0.0041198
4.7716,0.0040986
4.7917,0.0040855
4.8117,0.0040652
4.8318,0.0040506
4.8518,0.0040358
4.8718,0.0040363
4.8919,0.0040473
4.9119,0.0040404
4.932,0.0040253
4.952,0.0040131
4.9721,0.0039867
4.9921,0.0039998
5.0122,0.0040246
5.0322,0.0040271
5.0523,0.0040183
5.0723,0.003996
5.0924,0.0039656
5.1124,0.0039404
5.1325,0.0039137
5.1525,0.0038991
5.1726,0.0038941
5.1926,0.0039009
5.2127,0.0038712
5.2327,0.0038442
5.2528,0.0038411
5.2728,0.0038242
5.2929,0.0037867
5.3129,0.003754
5.333,0.003707
5.353,0.0036629
5.3731,0.0036171
5.3931,0.0035512
5.4132,0.0034766
5.4332,0.0034002
5.4533,0.0033226
5.4733,0.0032585
5.4934,0.0032183
5.5134,0.0031767
5.5335,0.0031381
5.5535,0.0030903
5.5736,0.0030344
5.5936,0.0029643
5.6137,0.0029038
5.6337,0.0028627
5.6537,0.0028219
5.6738,0.0027826
5.6938,0.0027422
5.7139,0.0027121
5.7339,0.0026762
5.754,0.0026194
5.774,0.0025485
5.7941,0.0024977
5.8141,0.0024712
5.8342,0.0024623
5.8542,0.0024655
5.8743,0.0024537
5.8943,0.002409
5.9144,0.0023529
5.9344,0.002304
5.9545,0.0022287
5.9745,0.0021466
5.9946,0.0020837
6.0146,0.0020282
6.0347,0.0019702
6.0547,0.001914
6.0748,0.0018834
6.0948,0.0018695
6.1149,0.0018659
6.1349,0.0018583
6.155,0.0018419
6.175,0.0018258
6.1951,0.0017895
6.2151,0.0017361
6.2352,0.0016836
6.2552,0.0016189
6.2753,0.0015836
6.2953,0.001553
6.3154,0.0015148
6.3354,0.001476
6.3555,0.0014235
6.3755,0.0013848
6.3956,0.0013515
6.4156,0.0012995
6.4357,0.0012378
6.4557,0.0011454
6.4757,0.0010547
6.4958,0.00097998
6.5158,0.00090624
6.5359,0.00084331
6.5559,0.00077478
6.576,0.00072214
6.596,0.0006874
6.6161,0.00064883
6.6361,0.00061019
6.6562,0.00056221
6.6762,0.00051535
6.6963,0.0004862
6.7163,0.00045993
6.7364,0.00042926
6.7564,0.00037487
6.7765,0.00032044
6.7965,0.00028164
6.8166,0.00025249
6.8366,0.00022839
6.8567,0.00019656
6.8767,0.00016583
6.8968,0.00014754
6.9168,0.00011808
6.9369,9.2716e-005
6.9569,7.4947e-005
6.977,5.2494e-005
6.997,2.5853e-005
7.0171,-2.8242e-006
7.0371,-3.1867e-005
7.0572,-5.0088e-005
7.0772,-6.2522e-005
7.0973,-9.0866e-005
7.1173,-0.00011071
7.1374,-0.00011722
7.1574,-0.00011667
7.1775,-0.00012167
7.1975,-0.00012834
7.2176,-0.00014978
7.2376,-0.00017925
7.2577,-0.00021475
7.2777,-0.0002529
7.2977,-0.00026266
7.3178,-0.00024389
7.3378,-0.00023216
7.3579,-0.00020459
7.3779,-0.00017011
7.398,-0.00014057
7.418,-0.00010433
7.4381,-4.0448e-005
7.4581,1.194e-006
7.4782,1.248e-005
7.4982,3.8356e-005
7.5183,7.2022e-005
7.5383,8.5206e-005
7.5584,8.715e-005
7.5784,9.3161e-005
7.5985,0.00012051
7.6185,0.00016296
7.6386,0.00022045
7.6586,0.00030044
7.6787,0.0003917
7.6987,0.00047785
7.7188,0.00055736
7.7388,0.0006383
7.7589,0.00071995
7.7789,0.00080439
7.799,0.00087837
7.819,0.00093037
7.8391,0.00096956
7.8591,0.0010216
7.8792,0.0010774
7.8992,0.0011477
7.9193,0.0012234
7.9393,0.0013029
7.9594,0.0013695
7.9794,0.0014351
7.9995,0.0014967
8.0195,0.0015764
8.0396,0.0016707
8.0596,0.001771
8.0796,0.0018588
8.0997,0.0019246
8.1197,0.0019912
8.1398,0.0020698
8.1598,0.0021571
8.1799,0.0022483
8.1999,0.0023488
8.22,0.0024575
8.24,0.0025536
8.2601,0.0026515
8.2801,0.0027478
8.3002,0.0028513
8.3202,0.002967
8.3403,0.0030786
8.3603,0.0031862
8.3804,0.0032986
8.4004,0.003412
8.4205,0.0035184
8.4405,0.0036154
8.4606,0.0037114
8.4806,0.0038224
8.5007,0.0039403
8.5207,0.0040537
8.5408,0.0041691
8.5608,0.0042796
8.5809,0.0043829
8.6009,0.0045094
8.621,0.0046266
8.641,0.0047315
8.6611,0.0048242
8.6811,0.0049203
8.7012,0.0050072
8.7212,0.0051089
8.7413,0.0052057
8.7613,0.0053057
8.7814,0.0054007
8.8014,0.0054762
8.8215,0.0055593
8.8415,0.0056372
8.8616,0.0056949
8.8816,0.0057493
8.9016,0.0058222
8.9217,0.0058909
8.9417,0.005949
8.9618,0.0059924
8.9818,0.0060286
9.0019,0.0060621
9.0219,0.0061045
9.042,0.0061555
9.062,0.0062063
9.0821,0.0062384
9.1021,0.0062474
9.1222,0.0062398
9.1422,0.0062413
9.1623,0.0062335
9.1823,0.0062255
9.2024,0.0062227
9.2224,0.0062205
9.2425,0.0062077
9.2625,0.0061932
9.2826,0.0061767
9.3026,0.0061631
9.3227,0.0061565
9.3427,0.0061455
9.3628,0.006133
9.3828,0.0061007
9.4029,0.0060734
9.4229,0.0060415
9.443,0.0060001
9.463,0.0059508
9.4831,0.0059059
9.5031,0.0058399
9.5232,0.0057448
9.5432,0.0056384
9.5633,0.0055366
9.5833,0.0054343
9.6034,0.0053363
9.6234,0.005234
9.6435,0.005131
9.6635,0.0050248
9.6836,0.0049277
9.7036,0.0048432
9.7236,0.0047546
9.7437,0.0046693
9.7637,0.0045937
9.7838,0.0045107
9.8038,0.0044177
9.8239,0.004306
9.8439,0.004181
9.864,0.0040526
9.884,0.0039173
9.9041,0.0037829
9.9241,0.0036581
9.9442,0.0035184
9.9642,0.0033814
9.9843,0.0032597
10.004,0.0031346
10.024,0.0030083
10.044,0.0028794
10.064,0.0027407
10.085,0.0025977
10.105,0.0024663
10.125,0.0023174
10.145,0.0021616
10.165,0.002007
10.185,0.0018594
10.205,0.0017266
10.225,0.0016212
10.245,0.0015304
10.265,0.0014289
10.285,0.0013276
10.305,0.0012172
10.325,0.001109
10.345,0.00099349
10.365,0.00088616
10.385,0.00077262
10.405,0.00064815
10.425,0.00051768
10.445,0.00039755
10.465,0.00027837
10.486,0.00017351
10.506,8.2473e-005
10.526,-9.2605e-006
10.546,-0.00011227
10.566,-0.00021353
10.586,-0.0002959
10.606,-0.00037143
10.626,-0.00045968
10.646,-0.00055949
10.666,-0.0006529
10.686,-0.00073835
10.706,-0.00081214
10.726,-0.00087899
10.746,-0.00094288
10.766,-0.0010173
10.786,-0.0010845
10.806,-0.0011444
10.826,-0.0012029
10.846,-0.001252
10.866,-0.0012854
10.886,-0.0013274
10.907,-0.0013748
10.927,-0.001432
10.947,-0.0014879
10.967,-0.0015453
10.987,-0.0015877
11.007,-0.0016254
11.027,-0.0016568
11.047,-0.0016751
11.067,-0.0016855
11.087,-0.0017003
11.107,-0.001707
11.127,-0.0017038
11.147,-0.0016955
11.167,-0.0016954
11.187,-0.0016926
11.207,-0.0016888
11.227,-0.0016816
11.247,-0.0016781
11.267,-0.0016915
11.287,-0.0017056
11.307,-0.001707
11.328,-0.001715
11.348,-0.0017399
11.368,-0.0017567
11.388,-0.0017616
11.408,-0.0017541
11.428,-0.0017301
11.448,-0.0017181
11.468,-0.0017077
11.488,-0.0016986
11.508,-0.0016764
11.528,-0.0016402
11.548,-0.0015861
11.568,-0.0015315
11.588,-0.0014783
11.608,-0.0014217
11.628,-0.0013675
11.648,-0.0013234
11.668,-0.0012693
11.688,-0.0012064
11.708,-0.0011501
11.729,-0.001108
11.749,-0.0010631
11.769,-0.0010124
11.789,-0.00095274
11.809,-0.00088826
11.829,-0.00082946
11.849,-0.00075589
11.869,-0.00066996
11.889,-0.00057134
11.909,-0.00046866
11.929,-0.00036407
11.949,-0.00026308
11.969,-0.0001717
11.989,-7.7284e-005
12.009,7.7984e-006
12.029,9.0058e-005
12.049,0.00018936
12.069,0.00030818
12.089,0.00043839
12.109,0.00056673
12.129,0.0007061
12.15,0.00084079
12.17,0.0009783
12.19,0.0011285
12.21,0.0012799
12.23,0.0014416
12.25,0.0016162
12.27,0.0017988
12.29,0.0019824
12.31,0.0021759
12.33,0.0023858
12.35,0.0026067
12.37,0.0028351
12.39,0.0030689
12.41,0.003313
12.43,0.0035775
12.45,0.0038371
12.47,0.0041049
12.49,0.0043829
12.51,0.0046702
12.53,0.0049552
12.551,0.0052434
12.571,0.005532
12.591,0.0058202
12.611,0.0061231
12.631,0.0064326
12.651,0.0067577
12.671,0.0070765
12.691,0.007398
12.711,0.0077237
12.731,0.0080603
12.751,0.0084008
12.771,0.0087415
12.791,0.0090748
12.811,0.009389
12.831,0.0096919
12.851,0.0099916
12.871,0.010275
12.891,0.010535
12.911,0.010757
12.931,0.010957
12.951,0.011132
12.972,0.011279
12.992,0.011396
13.012,0.01148
13.032,0.011521
13.052,0.011516
13.072,0.011464
13.092,0.01136
13.112,0.011203
13.132,0.010983
13.152,0.010703
13.172,0.010362
13.192,0.0099563
13.212,0.0094926
13.232,0.0089792
13.252,0.0084118
13.272,0.0077933
13.292,0.0071216
13.312,0.0063896
13.332,0.0056077
13.352,0.0047978
13.373,0.003955
13.393,0.00308
13.413,0.0021723
13.433,0.00124
13.453,0.00028053
13.473,-0.00068714
13.493,-0.0016607
13.513,-0.0026393
13.533,-0.0036145
13.553,-0.0045804
13.573,-0.0055435
13.593,-0.0065092
13.613,-0.0074612
13.633,-0.0083799
13.653,-0.009274
13.673,-0.010159
13.693,-0.011012
13.713,-0.011833
13.733,-0.012602
13.753,-0.013332
13.773,-0.014016
13.794,-0.014657
13.814,-0.015254
13.834,-0.015812
13.854,-0.016334
13.874,-0.016816
13.894,-0.017249
13.914,-0.017631
13.934,-0.017975
13.954,-0.018282
13.974,-0.018555
13.994,-0.018806
14.014,-0.019024
14.034,-0.019206
14.054,-0.019346
14.074,-0.019439
14.094,-0.019508
14.114,-0.019544
14.134,-0.019575
14.154,-0.019582
14.174,-0.019566
14.195,-0.019521
14.215,-0.019454
14.235,-0.019373
14.255,-0.019282
14.275,-0.019188
14.295,-0.019075
14.315,-0.018943
14.335,-0.018788
14.355,-0.018637
14.375,-0.018487
14.395,-0.018341
14.415,-0.018194
14.435,-0.018036
14.455,-0.017876
14.475,-0.017706
14.495,-0.017537
14.515,-0.017378
14.535,-0.017231
14.555,-0.01709
14.575,-0.016963
14.595,-0.016844
14.616,-0.016722
14.636,-0.016599
14.656,-0.016469
14.676,-0.016344
14.696,-0.016216
14.716,-0.016097
14.736,-0.015982
14.756,-0.015868
14.776,-0.015763
14.796,-0.015672
14.816,-0.015586
14.836,-0.015505
14.856,-0.01543
14.876,-0.015354
14.896,-0.015274
14.916,-0.015187
14.936,-0.015105
14.956,-0.015032
14.976,-0.014954
14.996,-0.014875
15.017,-0.014787
15.037,-0.014701
15.057,-0.014604
15.077,-0.014502
15.097,-0.014406
15.117,-0.014286
15.137,-0.01416
15.157,-0.01401
15.177,-0.013842
15.197,-0.013661
15.217,-0.013484
15.237,-0.013313
15.257,-0.013143
15.277,-0.01297
15.297,-0.012789
15.317,-0.012598
15.337,-0.012405
15.357,-0.012205
15.377,-0.012008
15.397,-0.011791
15.417,-0.011569
15.438,-0.011328
15.458,-0.011067
15.478,-0.010787
15.498,-0.010496
15.518,-0.010188
15.538,-0.0098652
15.558,-0.0095264
15.578,-0.0091935
15.598,-0.0088489
15.618,-0.0084825
15.638,-0.008106
15.658,-0.0077067
15.678,-0.0072973
15.698,-0.0068653
15.718,-0.0064073
15.738,-0.0059095
15.758,-0.0053657
15.778,-0.0048067
15.798,-0.0042006
15.818,-0.0035496
15.839,-0.0028415
15.859,-0.0020776
15.879,-0.0012937
15.899,-0.00044725
15.919,0.0004383
15.939,0.0013681
15.959,0.0023419
15.979,0.0033128
15.999,0.0043497
16.019,0.005439
16.039,0.0065981
16.059,0.0078312
16.079,0.0091716
16.099,0.010561
16.119,0.012057
16.139,0.013569
16.159,0.015207
16.179,0.01692
16.199,0.018677
16.219,0.0205
16.239,0.022359
16.26,0.024303
16.28,0.026315
16.3,0.028427
16.32,0.030614
16.34,0.032869
16.36,0.035119
16.38,0.03753
16.4,0.039938
16.42,0.042358
16.44,0.04481
16.46,0.047511
16.48,0.050151
16.5,0.052903
16.52,0.055569
16.54,0.058199
16.56,0.060813
16.58,0.063402
16.6,0.065822
16.62,0.068069
16.64,0.070123
16.661,0.07202
16.681,0.073659
16.701,0.075037
16.721,0.076118
16.741,0.076867
16.761,0.077256
16.781,0.077248
16.801,0.076815
16.821,0.075938
16.841,0.074599
16.861,0.072822
16.881,0.070592
16.901,0.067909
16.921,0.064824
16.941,0.061353
16.961,0.057528
16.981,0.053442
17.001,0.049099
17.021,0.044617
17.041,0.040071
17.061,0.035469
17.082,0.030921
17.102,0.026524
17.122,0.022273
17.142,0.018214
17.162,0.014436
17.182,0.010985
17.202,0.0078717
17.222,0.0051847
17.242,0.0029504
17.262,0.0011649
17.282,-0.00013826
17.302,-0.00095756
17.322,-0.0013132
17.342,-0.0012538
17.362,-0.00077485
17.382,8.5464e-005
17.402,0.0012942
17.422,0.0027873
17.442,0.0044753
17.462,0.0063103
17.483,0.0082463
17.503,0.010196
17.523,0.012115
17.543,0.013956
17.563,0.015677
17.583,0.017239
17.603,0.018604
17.623,0.019719
17.643,0.020541
17.663,0.021039
17.683,0.021231
17.703,0.021128
17.723,0.020722
17.743,0.020046
17.763,0.019141
17.783,0.018023
17.803,0.016763
17.823,0.015413
17.843,0.014048
17.863,0.012752
17.883,0.011596
17.904,0.010625
17.924,0.0098966
17.944,0.0094507
17.964,0.0093625
17.984,0.0096464
18.004,0.010345
18.024,0.011496
18.044,0.013087
18.064,0.015117
18.084,0.017572
18.104,0.020403
18.124,0.023606
18.144,0.027122
18.164,0.030904
18.184,0.034866
18.204,0.038951
18.224,0.043064
18.244,0.047117
18.264,0.051026
18.284,0.054687
18.305,0.058011
18.325,0.060939
18.345,0.063397
18.365,0.065315
18.385,0.066624
18.405,0.067261
18.425,0.067181
18.445,0.06636
18.465,0.064767
18.485,0.062405
18.505,0.059311
18.525,0.055501
18.545,0.051
18.565,0.045874
18.585,0.040177
18.605,0.033938
18.625,0.027239
18.645,0.020174
18.665,0.012885
18.685,0.0054511
18.705,-0.0020385
18.726,-0.0095247
18.746,-0.016912
18.766,-0.024125
18.786,-0.0311
18.806,-0.037785
18.826,-0.04411
18.846,-0.050021
18.866,-0.055473
18.886,-0.060364
18.906,-0.06473
18.926,-0.068551
18.946,-0.071808
18.966,-0.074538
18.986,-0.076717
19.006,-0.078349
19.026,-0.079452
19.046,-0.080021
19.066,-0.08008
19.086,-0.079663
19.106,-0.078777
19.127,-0.077435
19.147,-0.075645
19.167,-0.073387
19.187,-0.070658
19.207,-0.067452
19.227,-0.063751
19.247,-0.059566
19.267,-0.054903
19.287,-0.049731
19.307,-0.044073
19.327,-0.03787
19.347,-0.031092
19.367,-0.023734
19.387,-0.015779
19.407,-0.0072423
19.427,0.0018824
19.447,0.011605
19.467,0.021889
19.487,0.032721
19.507,0.044128
19.527,0.056053
19.548,0.068555
19.568,0.081675
19.588,0.095332
19.608,0.10941
19.628,0.12385
19.648,0.13864
19.668,0.15368
19.688,0.16887
19.708,0.18421
19.728,0.19969
19.748,0.21532
19.768,0.23113
19.788,0.24711
19.808,0.26324
19.828,0.2796
19.848,0.29614
19.868,0.31289
19.888,0.32993
19.908,0.34739
19.928,0.36533
19.949,0.38387
19.969,0.40315
19.989,0.42327
20.009,0.44436
20.029,0.46656
20.049,0.48992
20.069,0.51458
20.089,0.54064
20.109,0.56827
20.129,0.59758
20.149,0.62864
20.169,0.66162
20.189,0.69698
20.209,0.73459
20.229,0.77436
20.249,0.81655
20.269,0.86092
20.289,0.90776
20.309,0.95684
20.329,1.0082
20.349,1.0619
20.37,1.118
20.39,1.1764
20.41,1.2369
20.43,1.2995
20.45,1.364
20.47,1.4301
20.49,1.4974
20.51,1.5658
20.53,1.6356
20.55,1.7061
20.57,1.7767
20.59,1.8473
20.61,1.9174
20.63,1.9864
20.65,2.0536
20.67,2.1183
20.69,2.1802
20.71,2.2386
20.73,2.2932
20.75,2.3433
20.771,2.3877
20.791,2.4263
20.811,2.4576
20.831,2.4812
20.851,2.4964
20.871,2.5019
20.891,2.4975
20.911,2.4827
20.931,2.4562
20.951,2.4181
20.971,2.368
20.991,2.3048
21.011,2.2291
21.031,2.14
21.051,2.038
21.071,1.9236
21.091,1.7965
21.111,1.6576
21.131,1.5079
21.151,1.3461
21.171,1.1745
21.192,0.99403
21.212,0.80445
21.232,0.60838
21.252,0.40575
21.272,0.19872
21.292,-0.011448
21.312,-0.22357
21.332,-0.43651
21.352,-0.64969
21.372,-0.86188
21.392,-1.0715
21.412,-1.2777
21.432,-1.4796
21.452,-1.6755
21.472,-1.8649
21.492,-2.0467
21.512,-2.2206
21.532,-2.3857
21.552,-2.5419
21.572,-2.6892
21.593,-2.8267
21.613,-2.9541
21.633,-3.0715
21.653,-3.178
21.673,-3.274
21.693,-3.36
21.713,-3.4351
21.733,-3.4999
21.753,-3.5548
21.773,-3.5996
21.793,-3.635
21.813,-3.6609
21.833,-3.6774
21.853,-3.6851
21.873,-3.6838
21.893,-3.6743
21.913,-3.6569
21.933,-3.6316
21.953,-3.5993
21.973,-3.56
21.993,-3.514
22.014,-3.4619
22.034,-3.4038
22.054,-3.3402
22.074,-3.272
22.094,-3.199
22.114,-3.1221
22.134,-3.0414
22.154,-2.9574
22.174,-2.8703
22.194,-2.7806
22.214,-2.6884
22.234,-2.5944
22.254,-2.4988
22.274,-2.4026
22.294,-2.3059
22.314,-2.209
22.334,-2.1124
22.354,-2.0159
22.374,-1.9204
22.394,-1.8255
22.415,-1.7318
22.435,-1.6394
22.455,-1.5485
22.475,-1.4596
22.495,-1.373
22.515,-1.2884
22.535,-1.2061
22.555,-1.1262
22.575,-1.0484
22.595,-0.97298
22.615,-0.89942
22.635,-0.82801
22.655,-0.75881
22.675,-0.69173
22.695,-0.62669
22.715,-0.56375
22.735,-0.50277
22.755,-0.44356
22.775,-0.38605
22.795,-0.32998
22.815,-0.2755
22.836,-0.22257
22.856,-0.17109
22.876,-0.12096
22.896,-0.072435
22.916,-0.025425
22.936,0.020109
22.956,0.064113
22.976,0.10673
22.996,0.14778
23.016,0.18731
23.036,0.22532
23.056,0.26157
23.076,0.29616
23.096,0.329
23.116,0.35995
23.136,0.3891
23.156,0.41649
23.176,0.44216
23.196,0.46618
23.216,0.48842
23.237,0.50903
23.257,0.52816
23.277,0.54592
23.297,0.56239
23.317,0.57751
23.337,0.59142
23.357,0.6045
23.377,0.61685
23.397,0.62851
23.417,0.63963
23.437,0.65029
23.457,0.66064
23.477,0.67073
23.497,0.68069
23.517,0.69059
23.537,0.7005
23.557,0.71051
23.577,0.72064
23.597,0.73098
23.617,0.7415
23.637,0.75224
23.658,0.76323
23.678,0.7744
23.698,0.7857
23.718,0.79715
23.738,0.80872
23.758,0.82031
23.778,0.83188
23.798,0.84338
23.818,0.85474
23.838,0.86591
23.858,0.87684
23.878,0.8874
23.898,0.89749
23.918,0.90707
23.938,0.91603
23.958,0.92434
23.978,0.9319
23.998,0.93863
24.018,0.94449
24.038,0.94939
24.059,0.95322
24.079,0.95599
24.099,0.95754
24.119,0.9579
24.139,0.95704
24.159,0.95487
24.179,0.95144
24.199,0.94672
24.219,0.94062
24.239,0.9332
24.259,0.9244
24.279,0.9143
24.299,0.90296
24.319,0.89036
24.339,0.87664
24.359,0.86186
24.379,0.84605
24.399,0.82934
24.419,0.81177
24.439,0.79348
24.459,0.77463
24.48,0.75526
24.5,0.73559
24.52,0.71576
24.54,0.69591
24.56,0.67613
24.58,0.65652
24.6,0.63722
24.62,0.6182
24.64,0.59959
24.66,0.58144
24.68,0.56382
24.7,0.5468
24.72,0.53046
24.74,0.51478
24.76,0.49974
24.78,0.48533
24.8,0.4715
24.82,0.45821
24.84,0.44537
24.86,0.43292
24.881,0.42085
24.901,0.40908
24.921,0.39753
24.941,0.38615
24.961,0.37488
24.981,0.36368
25.001,0.35251
25.021,0.3413
25.041,0.33
25.061,0.31864
25.081,0.30728
25.101,0.29592
25.121,0.2846
25.141,0.27334
25.161,0.26225
25.181,0.25134
25.201,0.24059
25.221,0.23009
25.241,0.2199
25.261,0.21007
25.281,0.20064
25.302,0.19167
25.322,0.18319
25.342,0.17524
25.362,0.16782
25.382,0.16094
25.402,0.15457
25.422,0.14868
25.442,0.14323
25.462,0.13814
25.482,0.13335
25.502,0.1288
25.522,0.12439
25.542,0.12002
25.562,0.11562
25.582,0.11107
25.602,0.1063
25.622,0.1012
25.642,0.095705
25.662,0.089709
25.682,0.083178
25.703,0.076029
25.723,0.068218
25.743,0.059749
25.763,0.050581
25.783,0.040754
25.803,0.03025
25.823,0.019057
25.843,0.0072453
25.863,-0.0051875
25.883,-0.01819
25.903,-0.031688
25.923,-0.045588
25.943,-0.059791
25.963,-0.074203
25.983,-0.088781
26.003,-0.10342
26.023,-0.11808
26.043,-0.13265
26.063,-0.14701
26.083,-0.16117
26.103,-0.17504
26.124,-0.18856
26.144,-0.20157
26.164,-0.21402
26.184,-0.22588
26.204,-0.23708
26.224,-0.24757
26.244,-0.25732
26.264,-0.26625
26.284,-0.27438
26.304,-0.28165
26.324,-0.288
26.344,-0.29345
26.364,-0.29794
26.384,-0.30147
26.404,-0.30405
26.424,-0.30566
26.444,-0.30629
26.464,-0.30597
26.484,-0.30465
26.504,-0.30237
26.525,-0.29915
26.545,-0.29498
26.565,-0.28994
26.585,-0.28406
26.605,-0.27738
26.625,-0.26998
26.645,-0.26186
26.665,-0.25307
26.685,-0.2437
26.705,-0.23377
26.725,-0.2233
26.745,-0.21236
26.765,-0.20098
26.785,-0.18927
26.805,-0.17728
26.825,-0.16502
26.845,-0.15253
26.865,-0.13988
26.885,-0.12709
26.905,-0.1142
26.925,-0.10126
26.946,-0.088315
26.966,-0.075412
26.986,-0.062621
27.006,-0.04997
27.026,-0.037516
27.046,-0.025268
27.066,-0.013223
27.086,-0.0014253
27.106,0.010069
27.126,0.021218
27.146,0.032007
27.166,0.042363
27.186,0.052304
27.206,0.061788
27.226,0.070808
27.246,0.079327
27.266,0.087367
27.286,0.094942
27.306,0.10204
27.326,0.10867
27.347,0.11483
27.367,0.12056
27.387,0.12583
27.407,0.13069
27.427,0.13516
27.447,0.13928
27.467,0.1431
27.487,0.14666
27.507,0.14999
27.527,0.15313
27.547,0.15609
27.567,0.1589
27.587,0.16157
27.607,0.16412
27.627,0.16656
27.647,0.16889
27.667,0.17113
27.687,0.17327
27.707,0.17529
27.727,0.1772
27.747,0.17898
27.768,0.18062
27.788,0.18209
27.808,0.1834
27.828,0.18452
27.848,0.18545
27.868,0.18615
27.888,0.18663
27.908,0.18688
27.928,0.18686
27.948,0.18657
27.968,0.18601
27.988,0.18519
28.008,0.18411
28.028,0.18281
28.048,0.1813
28.068,0.17957
28.088,0.17765
28.108,0.17556
28.128,0.17334
28.148,0.17098
28.169,0.16853
28.189,0.16602
28.209,0.16347
28.229,0.16091
28.249,0.15837
28.269,0.15587
28.289,0.15345
28.309,0.15111
28.329,0.14889
28.349,0.1468
28.369,0.14486
28.389,0.14307
28.409,0.14146
28.429,0.14003
28.449,0.13878
28.469,0.13767
28.489,0.13672
28.509,0.13592
28.529,0.13526
28.549,0.13472
28.569,0.13426
28.59,0.13389
28.61,0.13358
28.63,0.13333
28.65,0.1331
28.67,0.13289
28.69,0.13269
28.71,0.13247
28.73,0.13222
28.75,0.13193
28.77,0.13159
28.79,0.13119
28.81,0.13072
28.83,0.13016
28.85,0.12949
28.87,0.1287
28.89,0.12779
28.91,0.12677
28.93,0.1256
28.95,0.12429
28.97,0.12281
28.991,0.12117
29.011,0.11936
29.031,0.11738
29.051,0.11521
29.071,0.1128
29.091,0.11016
29.111,0.10726
29.131,0.10409
29.151,0.10065
29.171,0.096939
29.191,0.092953
29.211,0.088683
29.231,0.084119
29.251,0.079291
29.271,0.074185
29.291,0.068789
29.311,0.063119
29.331,0.057178
29.351,0.051025
29.371,0.044691
29.391,0.038197
29.412,0.031601
29.432,0.024932
29.452,0.018236
29.472,0.011509
29.492,0.0047606
29.512,-0.0019566
29.532,-0.008601
29.552,-0.015137
29.572,-0.02154
29.592,-0.027778
29.612,-0.033832
29.632,-0.039669
29.652,-0.045285
29.672,-0.050696
29.692,-0.05588
29.712,-0.060852
29.732,-0.065599
29.752,-0.070137
29.772,-0.074457
29.792,-0.078564
29.813,-0.082476
29.833,-0.086218
29.853,-0.089788
29.873,-0.093193
29.893,-0.096451
29.913,-0.09957
29.933,-0.10256
29.953,-0.10542
29.973,-0.10817
29.993,-0.11078
30.013,-0.11326
30.033,-0.1156
30.053,-0.1178
30.073,-0.11985
30.093,-0.12174
30.113,-0.12346
30.133,-0.12498
30.153,-0.12627
30.173,-0.12732
30.193,-0.12812
30.213,-0.12861
30.234,-0.12882
30.254,-0.1287
30.274,-0.12827
30.294,-0.1275
30.314,-0.12637
30.334,-0.12488
30.354,-0.12304
30.374,-0.12083
30.394,-0.11829
30.414,-0.11543
30.434,-0.11225
30.454,-0.1088
30.474,-0.10509
30.494,-0.10115
30.514,-0.097033
30.534,-0.092745
30.554,-0.088352
30.574,-0.083899
30.594,-0.079451
30.614,-0.075067
30.635,-0.070771
30.655,-0.066594
30.675,-0.062599
30.695,-0.058826
30.715,-0.055319
30.735,-0.052132
30.755,-0.049295
30.775,-0.046855
30.795,-0.044802
30.815,-0.043161
30.835,-0.041945
30.855,-0.041134
30.875,-0.04074
30.895,-0.040779
30.915,-0.041232
30.935,-0.042083
30.955,-0.043324
30.975,-0.044925
30.995,-0.04687
31.015,-0.049114
31.035,-0.051608
31.056,-0.054342
31.076,-0.057277
31.096,-0.060359
31.116,-0.063588
31.136,-0.066908
31.156,-0.070286
31.176,-0.0737
31.196,-0.077109
31.216,-0.080492
31.236,-0.083809
31.256,-0.087047
31.276,-0.090196
31.296,-0.09323
31.316,-0.096148
31.336,-0.098907
31.356,-0.10147
31.376,-0.10385
31.396,-0.10603
31.416,-0.10799
31.436,-0.10975
31.457,-0.11131
31.477,-0.11267
31.497,-0.11382
31.517,-0.11479
31.537,-0.11557
31.557,-0.11618
31.577,-0.11662
31.597,-0.11687
31.617,-0.11695
31.637,-0.11687
31.657,-0.11664
31.677,-0.11625
31.697,-0.1157
31.717,-0.11499
31.737,-0.11414
31.757,-0.11311
31.777,-0.11193
31.797,-0.11059
31.817,-0.10911
31.837,-0.10749
31.857,-0.10571
31.878,-0.10378
31.898,-0.10168
31.918,-0.099427
31.938,-0.097009
31.958,-0.094448
31.978,-0.09176
31.998,-0.088924
32.018,-0.085933
32.038,-0.082816
32.058,-0.079566
32.078,-0.07618
32.098,-0.072684
32.118,-0.069091
32.138,-0.065425
32.158,-0.061695
32.178,-0.057926
32.198,-0.054138
32.218,-0.050352
32.238,-0.04658
32.258,-0.042851
32.279,-0.039177
32.299,-0.035581
32.319,-0.032061
32.339,-0.028639
32.359,-0.025347
32.379,-0.022213
32.399,-0.019227
32.419,-0.0164
32.439,-0.013757
32.459,-0.011319
32.479,-0.0091136
32.499,-0.0071649
32.519,-0.0054632
32.539,-0.0040292
32.559,-0.0028944
32.579,-0.0020646
32.599,-0.0015734
32.619,-0.0014104
32.639,-0.0015804
32.659,-0.0021077
32.679,-0.0029991
32.7,-0.004263
32.72,-0.0059092
32.74,-0.0079395
32.76,-0.010332
32.78,-0.013118
32.8,-0.016291
32.82,-0.019824
32.84,-0.023698
32.86,-0.02792
32.88,-0.032445
32.9,-0.037252
32.92,-0.042292
32.94,-0.047518
32.96,-0.052876
32.98,-0.058308
33,-0.063772
33.02,-0.069195
33.04,-0.07452
33.06,-0.079696
33.08,-0.084674
33.1,-0.08937
33.121,-0.093737
33.141,-0.097722
33.161,-0.10124
33.181,-0.10428
33.201,-0.10679
33.221,-0.10875
33.241,-0.11016
33.261,-0.11099
33.281,-0.11122
33.301,-0.11088
33.321,-0.11
33.341,-0.10858
33.361,-0.10669
33.381,-0.10438
33.401,-0.10168
33.421,-0.098661
33.441,-0.095378
33.461,-0.091883
33.481,-0.08827
33.501,-0.084592
33.522,-0.080942
33.542,-0.077362
33.562,-0.073902
33.582,-0.070617
33.602,-0.06754
33.622,-0.064717
33.642,-0.062172
33.662,-0.059918
33.682,-0.057949
33.702,-0.056271
33.722,-0.054878
33.742,-0.053746
33.762,-0.052837
33.782,-0.0521
33.802,-0.051496
33.822,-0.050986
33.842,-0.050526
33.862,-0.050076
33.882,-0.049578
33.902,-0.048978
33.922,-0.048246
33.943,-0.047337
33.963,-0.046233
33.983,-0.044895
34.003,-0.043305
34.023,-0.041436
34.043,-0.039304
34.063,-0.036904
34.083,-0.03424
34.103,-0.031351
34.123,-0.02826
34.143,-0.025002
34.163,-0.021598
34.183,-0.018099
34.203,-0.014539
34.223,-0.010967
34.243,-0.007415
34.263,-0.0039394
34.283,-0.00059567
34.303,0.002586
34.323,0.0055621
34.344,0.008263
34.364,0.010692
34.384,0.012831
34.404,0.014657
34.424,0.016156
34.444,0.017298
34.464,0.018068
34.484,0.018468
34.504,0.018494
34.524,0.018144
34.544,0.01743
34.564,0.016368
34.584,0.014957
34.604,0.0132
34.624,0.011146
34.644,0.0088048
34.664,0.0062086
34.684,0.0033783
34.704,0.00033925
34.724,-0.0028675
34.744,-0.0062191
34.765,-0.0096997
34.785,-0.013277
34.805,-0.0169
34.825,-0.020549
34.845,-0.024192
34.865,-0.027772
34.885,-0.031255
34.905,-0.034605
34.925,-0.037791
34.945,-0.040795
34.965,-0.043619
34.985,-0.04622
35.005,-0.04857
35.025,-0.050647
35.045,-0.052439
35.065,-0.053956
35.085,-0.055214
35.105,-0.056202
35.125,-0.056939
35.145,-0.057468
35.166,-0.057795
35.186,-0.057966
35.206,-0.058016
35.226,-0.057991
35.246,-0.057935
35.266,-0.057884
35.286,-0.057865
35.306,-0.057916
35.326,-0.058066
35.346,-0.058347
35.366,-0.058756
35.386,-0.059312
35.406,-0.06
35.426,-0.060817
35.446,-0.061752
35.466,-0.062772
35.486,-0.063854
35.506,-0.064956
35.526,-0.066038
35.546,-0.067058
35.566,-0.067966
35.587,-0.068703
35.607,-0.069205
35.627,-0.069422
35.647,-0.069298
35.667,-0.068789
35.687,-0.067884
35.707,-0.066546
35.727,-0.064717
35.747,-0.062408
35.767,-0.059618
35.787,-0.056335
35.807,-0.052607
35.827,-0.048458
35.847,-0.0439
35.867,-0.038948
35.887,-0.033647
35.907,-0.028036
35.927,-0.022199
35.947,-0.016201
35.967,-0.010088
35.988,-0.003917
36.008,0.0022352
36.028,0.0083319
36.048,0.014334
36.068,0.020204
36.088,0.025909
36.108,0.031407
36.128,0.036633
36.148,0.041531
36.168,0.046055
36.188,0.0502
36.208,0.053934
36.228,0.057264
36.248,0.060167
36.268,0.062617
36.288,0.064603
36.308,0.066096
36.328,0.067083
36.348,0.06755
36.368,0.06751
36.388,0.066966
36.409,0.06591
36.429,0.064362
36.449,0.062311
36.469,0.059762
36.489,0.056769
36.509,0.053371
36.529,0.049603
36.549,0.045496
36.569,0.041115
36.589,0.036485
36.609,0.031652
36.629,0.026662
36.649,0.021606
36.669,0.016507
36.689,0.011449
36.709,0.0065143
36.729,0.0017793
36.749,-0.0027063
36.769,-0.0069081
36.789,-0.010813
36.81,-0.014388
36.83,-0.017598
36.85,-0.020439
36.87,-0.022899
36.89,-0.024982
36.91,-0.026703
36.93,-0.0281
36.95,-0.029196
36.97,-0.030031
36.99,-0.030653
37.01,-0.031122
37.03,-0.031486
37.05,-0.031804
37.07,-0.032128
37.09,-0.032508
37.11,-0.032967
37.13,-0.033554
37.15,-0.034308
37.17,-0.035229
37.19,-0.036311
37.21,-0.037562
37.231,-0.038948
37.251,-0.040445
37.271,-0.042033
37.291,-0.043656
37.311,-0.045256
37.331,-0.046804
37.351,-0.048232
37.371,-0.049471
37.391,-0.050455
37.411,-0.051126
37.431,-0.051433
37.451,-0.051334
37.471,-0.050793
37.491,-0.049751
37.511,-0.048216
37.531,-0.046151
37.551,-0.04353
37.571,-0.040361
37.591,-0.03669
37.611,-0.032547
37.632,-0.02796
37.652,-0.022981
37.672,-0.017686
37.692,-0.012108
37.712,-0.0063295
37.732,-0.00045507
37.752,0.0054535
37.772,0.011322
37.792,0.01707
37.812,0.022612
37.832,0.027909
37.852,0.032893
37.872,0.037519
37.892,0.041701
37.912,0.045404
37.932,0.048607
37.952,0.051275
37.972,0.053404
37.992,0.054956
38.012,0.055914
38.032,0.056298
38.053,0.056137
38.073,0.055434
38.093,0.054198
38.113,0.052455
38.133,0.050277
38.153,0.047713
38.173,0.044784
38.193,0.041541
38.213,0.038054
38.233,0.034323
38.253,0.030431
38.273,0.026452
38.293,0.022377
38.313,0.018303
38.333,0.014332
38.353,0.010458
38.373,0.0066819
38.393,0.0030805
38.413,-0.0002906
38.433,-0.0034068
38.454,-0.0062273
38.474,-0.008738
38.494,-0.010932
38.514,-0.012775
38.534,-0.014284
38.554,-0.015441
38.574,-0.01627
38.594,-0.016778
38.614,-0.016965
38.634,-0.016855
38.654,-0.016487
38.674,-0.015896
38.694,-0.015087
38.714,-0.014087
38.734,-0.012931
38.754,-0.01167
38.774,-0.010343
38.794,-0.0089971
38.814,-0.0076606
38.834,-0.0063713
38.854,-0.0051681
38.875,-0.0040772
38.895,-0.0031325
38.915,-0.0023431
38.935,-0.0017129
38.955,-0.0012703
38.975,-0.0010418
38.995,-0.0010226
39.015,-0.001201
39.035,-0.0015766
39.055,-0.0021409
39.075,-0.002859
39.095,-0.0037239
39.115,-0.0047158
39.135,-0.005794
39.155,-0.0069084
39.175,-0.0080289
39.195,-0.0091215
39.215,-0.010161
39.235,-0.011108
39.255,-0.011909
39.276,-0.012516
39.296,-0.012893
39.316,-0.013042
39.336,-0.01293
39.356,-0.012531
39.376,-0.011846
39.396,-0.010879
39.416,-0.009631
39.436,-0.0081291
39.456,-0.006383
39.476,-0.0044225
39.496,-0.002283
39.516,1.3674e-005
39.536,0.00244
39.556,0.0049649
39.576,0.0075552
39.596,0.010159
39.616,0.012744
39.636,0.015273
39.656,0.017706
39.676,0.02001
39.697,0.022153
39.717,0.024107
39.737,0.025852
39.757,0.027357
39.777,0.028627
39.797,0.029678
39.817,0.0305
39.837,0.031084
39.857,0.031429
39.877,0.031538
39.897,0.031408
39.917,0.031067
39.937,0.030515
39.957,0.029768
39.977,0.028848
39.997,0.02777
40.017,0.026553
40.037,0.025184
40.057,0.023678
40.077,0.022046
40.098,0.020321
40.118,0.018508
40.138,0.016641
40.158,0.014745
40.178,0.012805
40.198,0.010846
40.218,0.0089166
40.238,0.0069896
40.258,0.0051062
40.278,0.0033002
40.298,0.0015896
40.318,5.4115e-007
40.338,-0.0014606
40.358,-0.0027648
40.378,-0.0039115
40.398,-0.004882
40.418,-0.0056719
40.438,-0.0062966
40.458,-0.0067767
40.478,-0.0070992
40.498,-0.007267
40.519,-0.0072959
40.539,-0.0072046
40.559,-0.0070407
40.579,-0.0068487
40.599,-0.0066247
40.619,-0.0063984
40.639,-0.0062111
40.659,-0.0061046
40.679,-0.0060785
40.699,-0.0061788
40.719,-0.0064233
40.739,-0.0068346
40.759,-0.007417
40.779,-0.0081543
40.799,-0.0090409
40.819,-0.01005
40.839,-0.011179
40.859,-0.012398
40.879,-0.013664
40.899,-0.01494
40.92,-0.016193
40.94,-0.017376
40.96,-0.018431
40.98,-0.01931
41,-0.019961
41.02,-0.020347
41.04,-0.020416
41.06,-0.020147
41.08,-0.019515
41.1,-0.018474
41.12,-0.017004
41.14,-0.015131
41.16,-0.012847
41.18,-0.010167
41.2,-0.0070992
41.22,-0.0036589
41.24,9.8603e-005
41.26,0.004121
41.28,0.0083736
41.3,0.012792
41.32,0.01733
41.341,0.021979
41.361,0.026695
41.381,0.031437
41.401,0.036144
41.421,0.040764
41.441,0.045215
41.461,0.04946
41.481,0.053479
41.501,0.05725
41.521,0.060761
41.541,0.063977
41.561,0.066882
41.581,0.06944
41.601,0.071661
41.621,0.073528
41.641,0.075077
41.661,0.076299
41.681,0.077193
41.701,0.077764
41.721,0.078013
41.742,0.077931
41.762,0.077557
41.782,0.076889
41.802,0.075917
41.822,0.074655
41.842,0.07314
41.862,0.071374
41.882,0.069368
41.902,0.067152
41.922,0.064746
41.942,0.062135
41.962,0.059328
41.982,0.05637
42.002,0.053285
42.022,0.050079
42.042,0.046765
42.062,0.043366
42.082,0.039902
42.102,0.036352
42.122,0.032732
42.142,0.029055
42.163,0.025377
42.183,0.021731
42.203,0.018129
42.223,0.014555
42.243,0.011021
42.263,0.0075153
42.283,0.0040722
42.303,0.00073671
42.323,-0.0024967
42.343,-0.0056143
42.363,-0.0085844
42.383,-0.011396
42.403,-0.014057
42.423,-0.016561
42.443,-0.018868
42.463,-0.020954
42.483,-0.022781
42.503,-0.024336
42.523,-0.025603
42.543,-0.026583
42.564,-0.027288
42.584,-0.027686
42.604,-0.027766
42.624,-0.027523
42.644,-0.026974
42.664,-0.026097
42.684,-0.02492
42.704,-0.023447
42.724,-0.021689
42.744,-0.019673
42.764,-0.017423
42.784,-0.014979
42.804,-0.012354
42.824,-0.0095699
42.844,-0.0066393
42.864,-0.0036081
42.884,-0.00052255
42.904,0.0025825
42.924,0.0056596
42.944,0.0087104
42.964,0.011698
42.985,0.014615
43.005,0.01742
43.025,0.020092
43.045,0.022619
43.065,0.024971
43.085,0.027134
43.105,0.029108
43.125,0.030922
43.145,0.032558
43.165,0.033995
43.185,0.03526
43.205,0.036322
43.225,0.03718
43.245,0.037835
43.265,0.038301
43.285,0.038603
43.305,0.038718
43.325,0.038657
43.345,0.038422
43.365,0.038004
43.386,0.037409
43.406,0.036638
43.426,0.035649
43.446,0.03446
43.466,0.033078
43.486,0.031522
43.506,0.02977
43.526,0.027831
43.546,0.025707
43.566,0.023391
43.586,0.020912
43.606,0.018282
43.626,0.015491
43.646,0.01258
43.666,0.0095828
43.686,0.0064985
43.706,0.0033307
43.726,0.00011361
43.746,-0.0031321
43.766,-0.0063537
43.786,-0.0095446
43.807,-0.012712
43.827,-0.015829
43.847,-0.018847
43.867,-0.02177
43.887,-0.024563
43.907,-0.027202
43.927,-0.029694
43.947,-0.032046
43.967,-0.034263
43.987,-0.036359
44.007,-0.038342
44.027,-0.040203
44.047,-0.041932
44.067,-0.04356
44.087,-0.045089
44.107,-0.046539
44.127,-0.047937
44.147,-0.049255
44.167,-0.050495
44.187,-0.051667
44.208,-0.052789
44.228,-0.053885
44.248,-0.054931
44.268,-0.055911
44.288,-0.056823
44.308,-0.057664
44.328,-0.05842
44.348,-0.0591
44.368,-0.059708
44.388,-0.060228
44.408,-0.060612
44.428,-0.060836
44.448,-0.060912
44.468,-0.060842
44.488,-0.060593
44.508,-0.060175
44.528,-0.059565
44.548,-0.058782
44.568,-0.057847
44.588,-0.056757
44.608,-0.055514
44.629,-0.054102
44.649,-0.052554
44.669,-0.050894
44.689,-0.049153
44.709,-0.047365
44.729,-0.045515
44.749,-0.043647
44.769,-0.041742
44.789,-0.039877
44.809,-0.038088
44.829,-0.036366
44.849,-0.034722
44.869,-0.033143
44.889,-0.031639
44.909,-0.03023
44.929,-0.028942
44.949,-0.027772
44.969,-0.026695
44.989,-0.025676
45.009,-0.024716
45.03,-0.023829
45.05,-0.022993
45.07,-0.022191
45.09,-0.021453
45.11,-0.020761
45.13,-0.020074
45.15,-0.01936
45.17,-0.018654
45.19,-0.017937
45.21,-0.017214
45.23,-0.01648
45.25,-0.015753
45.27,-0.014983
45.29,-0.014196
45.31,-0.013452
45.33,-0.012762
45.35,-0.012122
45.37,-0.01154
45.39,-0.011038
45.41,-0.010612
45.43,-0.010269
45.451,-0.010025
45.471,-0.0098896
45.491,-0.0098659
45.511,-0.0099718
45.531,-0.010181
45.551,-0.010528
45.571,-0.011013
45.591,-0.011638
45.611,-0.012386
45.631,-0.013272
45.651,-0.014296
45.671,-0.015459
45.691,-0.016777
45.711,-0.018237
45.731,-0.019844
45.751,-0.021581
45.771,-0.023412
45.791,-0.025322
45.811,-0.027313
45.831,-0.02937
45.852,-0.031471
45.872,-0.033589
45.892,-0.035689
45.912,-0.037762
45.932,-0.039791
45.952,-0.041746
45.972,-0.043565
45.992,-0.04517
46.012,-0.04654
46.032,-0.0477
46.052,-0.048641
46.072,-0.049313
46.092,-0.049662
46.112,-0.049672
46.132,-0.049305
46.152,-0.048554
46.172,-0.047411
46.192,-0.045888
46.212,-0.044023
46.232,-0.041828
46.252,-0.039315
46.273,-0.036524
46.293,-0.033447
46.313,-0.030187
46.333,-0.026822
46.353,-0.023342
46.373,-0.019829
46.393,-0.016253
46.413,-0.01266
46.433,-0.0091482
46.453,-0.0057413
46.473,-0.0024607
46.493,0.00072235
46.513,0.0037961
46.533,0.0066922
46.553,0.0094655
46.573,0.012141
46.593,0.014749
46.613,0.017324
46.633,0.019835
46.653,0.022289
46.674,0.024803
46.694,0.027309
46.714,0.029858
46.734,0.032462
46.754,0.035032
46.774,0.037558
46.794,0.040187
46.814,0.042749
46.834,0.045263
46.854,0.047726
46.874,0.050042
46.894,0.052327
46.914,0.05442
46.934,0.056297
46.954,0.057871
46.974,0.059131
46.994,0.060073
47.014,0.060598
47.034,0.06069
47.054,0.060342
47.074,0.059542
47.095,0.058252
47.115,0.056471
47.135,0.054249
47.155,0.051569
47.175,0.048482
47.195,0.044985
47.215,0.0411
47.235,0.036998
47.255,0.032623
47.275,0.028037
47.295,0.023225
47.315,0.018243
47.335,0.013254
47.355,0.0082766
47.375,0.0033277
47.395,-0.0016043
47.415,-0.0064015
47.435,-0.010952
47.455,-0.015343
47.475,-0.019537
47.496,-0.023505
47.516,-0.027231
47.536,-0.030593
47.556,-0.033662
47.576,-0.036405
47.596,-0.03878
47.616,-0.040817
47.636,-0.042479
47.656,-0.043719
47.676,-0.044576
47.696,-0.045053
47.716,-0.045091
47.736,-0.044747
47.756,-0.044028
47.776,-0.042913
47.796,-0.041426
47.816,-0.039608
47.836,-0.037446
47.856,-0.034968
47.876,-0.03217
47.896,-0.029087
47.917,-0.025704
47.937,-0.02214
47.957,-0.018399
47.977,-0.014583
47.997,-0.010567
48.017,-0.0065412
48.037,-0.002608
48.057,0.0012789
48.077,0.0051151
48.097,0.0088663
48.117,0.012347
48.137,0.015606
48.157,0.018659
48.177,0.021491
48.197,0.024055
48.217,0.026363
48.237,0.028377
48.257,0.030106
48.277,0.031593
48.297,0.032888
48.318,0.033927
48.338,0.034817
48.358,0.035544
48.378,0.036139
48.398,0.036664
48.418,0.037111
48.438,0.037508
48.458,0.037929
48.478,0.03843
48.498,0.038938
48.518,0.039481
48.538,0.040119
48.558,0.040748
48.578,0.04144
48.598,0.042235
48.618,0.043118
48.638,0.044006
48.658,0.044875
48.678,0.045706
48.698,0.046444
48.718,0.047144
48.739,0.047798
48.759,0.048311
48.779,0.048699
48.799,0.04887
48.819,0.048804
48.839,0.048414
48.859,0.047849
48.879,0.047126
48.899,0.046016
48.919,0.04453
48.939,0.042935
48.959,0.040897
48.979,0.038655
48.999,0.036363
49.019,0.033949
49.039,0.031318
49.059,0.028487
49.079,0.025781
49.099,0.022899
49.119,0.02007
49.14,0.017239
49.16,0.014456
49.18,0.011926
49.2,0.009467
49.22,0.0072975
49.24,0.0053681
49.26,0.0037374
49.28,0.0024914
49.3,0.0016244
49.32,0.0010729
49.34,0.00096924
49.36,0.0012727
49.38,0.0019766
49.4,0.0029842
49.42,0.0044029
49.44,0.0061021
49.46,0.0081505
49.48,0.01052
49.5,0.013192
49.52,0.016184
49.54,0.019415
49.561,0.022732
49.581,0.02602
49.601,0.029327
49.621,0.032568
49.641,0.035451
49.661,0.038079
49.681,0.040397
49.701,0.042325
49.721,0.043751
49.741,0.04463
49.761,0.04493
49.781,0.044746
49.801,0.044062
49.821,0.042705
49.841,0.041072
49.861,0.038946
49.881,0.036405
49.901,0.033944
49.921,0.031182
49.941,0.028175
49.962,0.02513
49.982,0.022213
50.002,0.01928
50.022,0.016388
50.042,0.01354
50.062,0.010548
50.082,0.0068567
50.102,0.0034365
