0,-0.0031033
0.020053,-9.8775e-005
0.040106,2.5258e-005
0.060159,0.0002221
0.080212,0.00015368
0.10026,0.00022372
0.12032,0.00029037
0.14037,0.00032555
0.16042,0.00038429
0.18048,0.00052995
0.20053,0.0003853
0.22058,0.00028519
0.24063,0.00018793
0.26069,0.00011279
0.28074,7.3686e-005
0.30079,0.00018076
0.32085,0.00018639
0.3409,0.00019328
0.36095,0.0001987
0.38101,0.00027826
0.40106,0.00024175
0.42111,8.8803e-005
0.44116,1.3169e-005
0.46122,-0.00010192
0.48127,-0.00025651
0.50132,-0.0002787
0.52138,-0.00027836
0.54143,-0.00036364
0.56148,-0.00047121
0.58153,-0.00059489
0.60159,-0.00070483
0.62164,-0.00081874
0.64169,-0.00086461
0.66175,-0.00093051
0.6818,-0.00099079
0.70185,-0.0010439
0.7219,-0.0011202
0.74196,-0.0012122
0.76201,-0.0012666
0.78206,-0.0012873
0.80212,-0.0012692
0.82217,-0.0013113
0.84222,-0.0013856
0.86228,-0.0013699
0.88233,-0.0013393
0.90238,-0.0013735
0.92243,-0.0014382
0.94249,-0.0015907
0.96254,-0.0016049
0.98259,-0.0015661
1.0026,-0.0015385
1.0227,-0.0016424
1.0428,-0.0017532
1.0628,-0.0017776
1.0829,-0.0017648
1.1029,-0.0017826
1.123,-0.0018318
1.143,-0.0019051
1.1631,-0.0019706
1.1831,-0.0020356
1.2032,-0.0021188
1.2232,-0.0021601
1.2433,-0.0021855
1.2633,-0.0022918
1.2834,-0.0023814
1.3034,-0.0024679
1.3235,-0.0025109
1.3435,-0.0025412
1.3636,-0.0025302
1.3837,-0.0025528
1.4037,-0.0025708
1.4238,-0.0025975
1.4438,-0.0025694
1.4639,-0.0025523
1.4839,-0.0025509
1.504,-0.0025042
1.524,-0.0025257
1.5441,-0.0025233
1.5641,-0.0024963
1.5842,-0.0024915
1.6042,-0.0025253
1.6243,-0.0025863
1.6443,-0.0026118
1.6644,-0.0026112
1.6844,-0.0025569
1.7045,-0.0025085
1.7246,-0.0024994
1.7446,-0.002493
1.7647,-0.0024941
1.7847,-0.0024766
1.8048,-0.0024411
1.8248,-0.0024046
1.8449,-0.0023497
1.8649,-0.0023167
1.885,-0.0022865
1.905,-0.0022724
1.9251,-0.0022721
1.9451,-0.0022868
1.9652,-0.0022673
1.9852,-0.0022619
2.0053,-0.002262
2.0253,-0.0022518
2.0454,-0.0022388
2.0654,-0.0021907
2.0855,-0.0021311
2.1056,-0.0020656
2.1256,-0.0020157
2.1457,-0.0019804
2.1657,-0.001957
2.1858,-0.0019027
2.2058,-0.0018452
2.2259,-0.0018162
2.2459,-0.0018004
2.266,-0.0017391
2.286,-0.0016884
2.3061,-0.0016232
2.3261,-0.0015381
2.3462,-0.0014875
2.3662,-0.0014325
2.3863,-0.0013948
2.4063,-0.0013374
2.4264,-0.0012351
2.4465,-0.0011388
2.4665,-0.001077
2.4866,-0.0010145
2.5066,-0.0010044
2.5267,-0.0010144
2.5467,-0.00099877
2.5668,-0.00093982
2.5868,-0.00087874
2.6069,-0.00083198
2.6269,-0.00080841
2.647,-0.00077055
2.667,-0.00073465
2.6871,-0.0006929
2.7071,-0.00070503
2.7272,-0.00073305
2.7472,-0.00076154
2.7673,-0.00077112
2.7874,-0.00077655
2.8074,-0.00076796
2.8275,-0.00077443
2.8475,-0.0007748
2.8676,-0.00078537
2.8876,-0.00080163
2.9077,-0.00082141
2.9277,-0.00083211
2.9478,-0.00083631
2.9678,-0.00087076
2.9879,-0.00086688
3.0079,-0.00086529
3.028,-0.0008619
3.048,-0.00083967
3.0681,-0.00082202
3.0881,-0.00079893
3.1082,-0.00074688
3.1283,-0.00066806
3.1483,-0.00061657
3.1684,-0.0005718
3.1884,-0.0005499
3.2085,-0.00051905
3.2285,-0.00051419
3.2486,-0.00054766
3.2686,-0.00057182
3.2887,-0.00058589
3.3087,-0.00058667
3.3288,-0.0005661
3.3488,-0.00054654
3.3689,-0.00050735
3.3889,-0.00048053
3.409,-0.00048049
3.429,-0.00048072
3.4491,-0.00049809
3.4692,-0.00052034
3.4892,-0.00051176
3.5093,-0.0005008
3.5293,-0.00045931
3.5494,-0.00040324
3.5694,-0.00034275
3.5895,-0.00030285
3.6095,-0.00031111
3.6296,-0.000326
3.6496,-0.0003058
3.6697,-0.00028942
3.6897,-0.00026677
3.7098,-0.00025692
3.7298,-0.00022769
3.7499,-0.00019291
3.7699,-0.00011637
3.79,-7.393e-005
3.8101,-3.4519e-005
3.8301,1.1799e-005
3.8502,6.307e-005
3.8702,0.00010309
3.8903,0.00014373
3.9103,0.0001681
3.9304,0.00020636
3.9504,0.00026651
3.9705,0.00033874
3.9905,0.00040678
4.0106,0.00049724
4.0306,0.00059859
4.0507,0.00069776
4.0707,0.00076043
4.0908,0.00079611
4.1108,0.00084582
4.1309,0.00089819
4.151,0.00095587
4.171,0.0010183
4.1911,0.0010919
4.2111,0.0012051
4.2312,0.0012918
4.2512,0.0013503
4.2713,0.0013945
4.2913,0.0014302
4.3114,0.001483
4.3314,0.0015449
4.3515,0.0016396
4.3715,0.001735
4.3916,0.0018294
4.4116,0.0019227
4.4317,0.0019972
4.4517,0.0020497
4.4718,0.0020994
4.4919,0.0021596
4.5119,0.0022126
4.532,0.0022632
4.552,0.002329
4.5721,0.0024206
4.5921,0.0025035
4.6122,0.0026048
4.6322,0.0027093
4.6523,0.0028136
4.6723,0.00289
4.6924,0.0029476
4.7124,0.0029932
4.7325,0.0030143
4.7525,0.0030319
4.7726,0.0030767
4.7926,0.0031348
4.8127,0.0031655
4.8328,0.0032202
4.8528,0.0032385
4.8729,0.0032835
4.8929,0.0033389
4.913,0.0033638
4.933,0.003399
4.9531,0.0034475
4.9731,0.0034936
4.9932,0.0035089
5.0132,0.0035139
5.0333,0.0035035
5.0533,0.0034801
5.0734,0.0034586
5.0934,0.0034523
5.1135,0.0034602
5.1335,0.0034734
5.1536,0.0034745
5.1737,0.003457
5.1937,0.0034394
5.2138,0.0034303
5.2338,0.0034378
5.2539,0.0034489
5.2739,0.0034571
5.294,0.0034449
5.314,0.0034237
5.3341,0.003387
5.3541,0.0033465
5.3742,0.0033058
5.3942,0.003267
5.4143,0.0032147
5.4343,0.0031714
5.4544,0.0031553
5.4744,0.0031386
5.4945,0.0031209
5.5145,0.0031124
5.5346,0.0030971
5.5547,0.0030737
5.5747,0.0030453
5.5948,0.0030233
5.6148,0.0029973
5.6349,0.0029522
5.6549,0.0028984
5.675,0.0028691
5.695,0.0028639
5.7151,0.0028423
5.7351,0.0028027
5.7552,0.0027383
5.7752,0.0026887
5.7953,0.0026565
5.8153,0.002626
5.8354,0.0025958
5.8554,0.0025505
5.8755,0.0025075
5.8956,0.0024785
5.9156,0.002447
5.9357,0.0024313
5.9557,0.0024347
5.9758,0.0024238
5.9958,0.0024125
6.0159,0.0023976
6.0359,0.0023858
6.056,0.0023336
6.076,0.0022765
6.0961,0.0022386
6.1161,0.0022223
6.1362,0.0022011
6.1562,0.0021701
6.1763,0.0021554
6.1963,0.0021429
6.2164,0.0021166
6.2365,0.0020793
6.2565,0.002045
6.2766,0.0020171
6.2966,0.001983
6.3167,0.0019643
6.3367,0.0019276
6.3568,0.0018985
6.3768,0.0018832
6.3969,0.0018654
6.4169,0.0018455
6.437,0.0018211
6.457,0.0017946
6.4771,0.0017686
6.4971,0.0017405
6.5172,0.001719
6.5372,0.0017097
6.5573,0.0017033
6.5774,0.0017073
6.5974,0.0017102
6.6175,0.0017056
6.6375,0.001688
6.6576,0.0016744
6.6776,0.001661
6.6977,0.0016569
6.7177,0.0016606
6.7378,0.001654
6.7578,0.0016389
6.7779,0.0016215
6.7979,0.0016065
6.818,0.0015763
6.838,0.0015503
6.8581,0.0015418
6.8781,0.0015291
6.8982,0.0015304
6.9183,0.0015491
6.9383,0.0015696
6.9584,0.0015816
6.9784,0.0015771
6.9985,0.0015648
7.0185,0.0015491
7.0386,0.001551
7.0586,0.0015636
7.0787,0.0015713
7.0987,0.0015604
7.1188,0.001553
7.1388,0.0015535
7.1589,0.0015626
7.1789,0.0015811
7.199,0.0016194
7.219,0.0016526
7.2391,0.0016693
7.2592,0.0016751
7.2792,0.0016887
7.2993,0.0017178
7.3193,0.0017578
7.3394,0.0018201
7.3594,0.0018618
7.3795,0.0019013
7.3995,0.0019269
7.4196,0.0019447
7.4396,0.0019699
7.4597,0.0019906
7.4797,0.0020151
7.4998,0.0020458
7.5198,0.00207
7.5399,0.0020918
7.5599,0.0021206
7.58,0.0021461
7.6001,0.0021846
7.6201,0.0022326
7.6402,0.0022806
7.6602,0.0023333
7.6803,0.0023984
7.7003,0.0024572
7.7204,0.0025101
7.7404,0.0025658
7.7605,0.0026366
7.7805,0.0026903
7.8006,0.0027316
7.8206,0.0027751
7.8407,0.0028185
7.8607,0.0028776
7.8808,0.0029481
7.9008,0.0030252
7.9209,0.0030839
7.941,0.0031305
7.961,0.0031831
7.9811,0.0032089
8.0011,0.0032418
8.0212,0.0032772
8.0412,0.0033031
8.0613,0.003324
8.0813,0.0033581
8.1014,0.0033998
8.1214,0.0034619
8.1415,0.0035343
8.1615,0.0035925
8.1816,0.0036424
8.2016,0.0036908
8.2217,0.0037648
8.2417,0.0038337
8.2618,0.0038894
8.2819,0.0039274
8.3019,0.0039672
8.322,0.0040209
8.342,0.0040851
8.3621,0.0041431
8.3821,0.0041949
8.4022,0.0042375
8.4222,0.0042892
8.4423,0.0043448
8.4623,0.0044107
8.4824,0.0044757
8.5024,0.0045214
8.5225,0.0045567
8.5425,0.0045822
8.5626,0.0046098
8.5826,0.0046358
8.6027,0.0046696
8.6228,0.0047006
8.6428,0.0047351
8.6629,0.0047652
8.6829,0.0047924
8.703,0.0048092
8.723,0.0048401
8.7431,0.0048725
8.7631,0.0048951
8.7832,0.0049166
8.8032,0.0049527
8.8233,0.0049998
8.8433,0.0050339
8.8634,0.0050498
8.8834,0.0050524
8.9035,0.0050653
8.9235,0.005078
8.9436,0.0050946
8.9636,0.0051074
8.9837,0.0051202
9.0038,0.0051272
9.0238,0.0051373
9.0439,0.0051482
9.0639,0.0051517
9.084,0.0051566
9.104,0.0051692
9.1241,0.0051966
9.1441,0.0052098
9.1642,0.0052049
9.1842,0.0051875
9.2043,0.0051595
9.2243,0.00514
9.2444,0.0051249
9.2644,0.0051008
9.2845,0.0050731
9.3045,0.0050677
9.3246,0.0050811
9.3447,0.0050856
9.3647,0.005063
9.3848,0.005028
9.4048,0.0049734
9.4249,0.00489
9.4449,0.0048115
9.465,0.0047477
9.485,0.0046923
9.5051,0.004627
9.5251,0.0045631
9.5452,0.0045191
9.5652,0.0044762
9.5853,0.0044232
9.6053,0.0043707
9.6254,0.0043286
9.6454,0.0042778
9.6655,0.0041966
9.6856,0.0040956
9.7056,0.004018
9.7257,0.0039583
9.7457,0.0038893
9.7658,0.0038123
9.7858,0.0037329
9.8059,0.0036705
9.8259,0.0036159
9.846,0.0035672
9.866,0.0035128
9.8861,0.0034609
9.9061,0.0034105
9.9262,0.0033563
9.9462,0.0033014
9.9663,0.0032377
9.9863,0.0031825
10.006,0.0031315
10.026,0.0030758
10.047,0.0030172
10.067,0.002955
10.087,0.0028828
10.107,0.0028087
10.127,0.0027458
10.147,0.002677
10.167,0.0025918
10.187,0.0025227
10.207,0.0024779
10.227,0.0024271
10.247,0.0023697
10.267,0.0023022
10.287,0.0022311
10.307,0.0021548
10.327,0.0020797
10.347,0.0020114
10.367,0.0019454
10.387,0.0018846
10.407,0.0018325
10.428,0.0017883
10.448,0.001776
10.468,0.0017779
10.488,0.0017834
10.508,0.00177
10.528,0.0017524
10.548,0.0017279
10.568,0.0016957
10.588,0.0016601
10.608,0.0016318
10.628,0.0016007
10.648,0.0015647
10.668,0.0015247
10.688,0.0014839
10.708,0.0014466
10.728,0.0014138
10.748,0.0013727
10.768,0.0013393
10.788,0.0013067
10.809,0.0012693
10.829,0.0012283
10.849,0.0011901
10.869,0.0011596
10.889,0.0011329
10.909,0.0011009
10.929,0.0010613
10.949,0.0010217
10.969,0.00099115
10.989,0.00096618
11.009,0.00094481
11.029,0.00093769
11.049,0.00093207
11.069,0.00092865
11.089,0.00093866
11.109,0.00095162
11.129,0.00095247
11.149,0.00095276
11.169,0.00095988
11.19,0.00097319
11.21,0.00098398
11.23,0.00098101
11.25,0.00097632
11.27,0.00097862
11.29,0.00098684
11.31,0.0010005
11.33,0.0010298
11.35,0.0010585
11.37,0.0010833
11.39,0.0011234
11.41,0.0011678
11.43,0.0012026
11.45,0.0012291
11.47,0.0012578
11.49,0.001287
11.51,0.0013141
11.53,0.001349
11.55,0.0013892
11.571,0.0014273
11.591,0.0014623
11.611,0.0015086
11.631,0.0015521
11.651,0.0015932
11.671,0.0016302
11.691,0.0016555
11.711,0.0016759
11.731,0.0017011
11.751,0.001723
11.771,0.0017246
11.791,0.0017077
11.811,0.001688
11.831,0.0016672
11.851,0.0016322
11.871,0.0015889
11.891,0.0015234
11.911,0.0014465
11.931,0.0013592
11.952,0.0012762
11.972,0.0012014
11.992,0.0011299
12.012,0.0010568
12.032,0.00097491
12.052,0.0008987
12.072,0.00081033
12.092,0.00071311
12.112,0.00062967
12.132,0.00056631
12.152,0.00049483
12.172,0.00041203
12.192,0.00033405
12.212,0.00026859
12.232,0.0001988
12.252,0.00012241
12.272,4.6899e-005
12.292,-1.7198e-005
12.312,-7.4809e-005
12.333,-0.00013495
12.353,-0.00017509
12.373,-0.00020257
12.393,-0.00022242
12.413,-0.00022475
12.433,-0.00022415
12.453,-0.00024426
12.473,-0.00026255
12.493,-0.00027717
12.513,-0.00028425
12.533,-0.0002744
12.553,-0.00025308
12.573,-0.00024439
12.593,-0.00024195
12.613,-0.00023882
12.633,-0.00023832
12.653,-0.0002499
12.673,-0.00027209
12.693,-0.00031657
12.714,-0.00035552
12.734,-0.00039868
12.754,-0.00046085
12.774,-0.00053039
12.794,-0.00060315
12.814,-0.00067921
12.834,-0.00076579
12.854,-0.00085532
12.874,-0.00095482
12.894,-0.0010678
12.914,-0.0011948
12.934,-0.001325
12.954,-0.0014595
12.974,-0.0016041
12.994,-0.001764
13.014,-0.0019226
13.034,-0.0020721
13.054,-0.0022191
13.074,-0.0023624
13.095,-0.0025002
13.115,-0.0026361
13.135,-0.002772
13.155,-0.0029015
13.175,-0.0030193
13.195,-0.0031335
13.215,-0.0032341
13.235,-0.0033404
13.255,-0.0034394
13.275,-0.0035302
13.295,-0.0036067
13.315,-0.0036738
13.335,-0.003741
13.355,-0.0038184
13.375,-0.0038934
13.395,-0.0039586
13.415,-0.0039959
13.435,-0.0040291
13.456,-0.0040548
13.476,-0.0040755
13.496,-0.0040847
13.516,-0.0040821
13.536,-0.0040715
13.556,-0.0040491
13.576,-0.004018
13.596,-0.0039824
13.616,-0.0039521
13.636,-0.0039291
13.656,-0.0038938
13.676,-0.0038621
13.696,-0.0038095
13.716,-0.0037446
13.736,-0.0036719
13.756,-0.0035819
13.776,-0.0034802
13.796,-0.0033794
13.816,-0.0032927
13.837,-0.0032199
13.857,-0.0031491
13.877,-0.0030628
13.897,-0.0029693
13.917,-0.0028725
13.937,-0.0027879
13.957,-0.0027106
13.977,-0.002634
13.997,-0.0025578
14.017,-0.0024799
14.037,-0.0023952
14.057,-0.002315
14.077,-0.0022474
14.097,-0.0021828
14.117,-0.0021108
14.137,-0.0020402
14.157,-0.0019601
14.177,-0.0018825
14.197,-0.0017911
14.218,-0.0017209
14.238,-0.0016569
14.258,-0.0016067
14.278,-0.0015366
14.298,-0.0014616
14.318,-0.0013835
14.338,-0.0013119
14.358,-0.0012477
14.378,-0.0011845
14.398,-0.0011206
14.418,-0.0010535
14.438,-0.00098718
14.458,-0.00090981
14.478,-0.00081873
14.498,-0.00071982
14.518,-0.00062619
14.538,-0.00053532
14.558,-0.00043971
14.578,-0.00033694
14.599,-0.00022997
14.619,-0.00010711
14.639,2.4457e-005
14.659,0.00016031
14.679,0.00029321
14.699,0.00043667
14.719,0.00060291
14.739,0.0007903
14.759,0.00099541
14.779,0.0012125
14.799,0.0014448
14.819,0.0016909
14.839,0.0019409
14.859,0.002189
14.879,0.0024355
14.899,0.0026919
14.919,0.0029761
14.939,0.0032864
14.959,0.0036115
14.98,0.0039527
15,0.0043194
15.02,0.0047108
15.04,0.0051089
15.06,0.0055134
15.08,0.0059237
15.1,0.0063386
15.12,0.0068006
15.14,0.007251
15.16,0.0077206
15.18,0.0082266
15.2,0.0087379
15.22,0.0092801
15.24,0.0098288
15.26,0.010387
15.28,0.010944
15.3,0.011511
15.32,0.012051
15.34,0.012604
15.361,0.013115
15.381,0.013677
15.401,0.014212
15.421,0.014667
15.441,0.015055
15.461,0.015336
15.481,0.015518
15.501,0.015608
15.521,0.015616
15.541,0.015543
15.561,0.015393
15.581,0.015176
15.601,0.014905
15.621,0.014585
15.641,0.014222
15.661,0.013818
15.681,0.0134
15.701,0.012972
15.721,0.012526
15.742,0.012092
15.762,0.011692
15.782,0.011321
15.802,0.010993
15.822,0.010731
15.842,0.010541
15.862,0.010436
15.882,0.010418
15.902,0.010485
15.922,0.010638
15.942,0.010892
15.962,0.011254
15.982,0.011708
16.002,0.012252
16.022,0.01287
16.042,0.013548
16.062,0.014272
16.082,0.01503
16.102,0.015822
16.123,0.01664
16.143,0.017472
16.163,0.018304
16.183,0.019127
16.203,0.019925
16.223,0.020713
16.243,0.021447
16.263,0.022152
16.283,0.022809
16.303,0.023355
16.323,0.023801
16.343,0.024181
16.363,0.024433
16.383,0.02453
16.403,0.024509
16.423,0.024298
16.443,0.02393
16.463,0.023416
16.483,0.022751
16.504,0.021974
16.524,0.021101
16.544,0.020172
16.564,0.019226
16.584,0.018247
16.604,0.01731
16.624,0.016406
16.644,0.015596
16.664,0.014866
16.684,0.014231
16.704,0.013753
16.724,0.013462
16.744,0.013347
16.764,0.013469
16.784,0.013774
16.804,0.014259
16.824,0.014908
16.844,0.01573
16.864,0.016695
16.885,0.017793
16.905,0.01897
16.925,0.020205
16.945,0.021501
16.965,0.022807
16.985,0.024106
17.005,0.025374
17.025,0.026583
17.045,0.0277
17.065,0.028663
17.085,0.029477
17.105,0.0301
17.125,0.030557
17.145,0.030802
17.165,0.030821
17.185,0.030621
17.205,0.030209
17.225,0.029593
17.246,0.028797
17.266,0.027828
17.286,0.026698
17.306,0.02544
17.326,0.024088
17.346,0.022664
17.366,0.021186
17.386,0.019699
17.406,0.01823
17.426,0.016804
17.446,0.015435
17.466,0.014157
17.486,0.01299
17.506,0.011961
17.526,0.011099
17.546,0.010408
17.566,0.009903
17.586,0.0095605
17.606,0.0094055
17.627,0.0094216
17.647,0.0095969
17.667,0.0099332
17.687,0.010416
17.707,0.011031
17.727,0.011749
17.747,0.012548
17.767,0.013415
17.787,0.014336
17.807,0.015292
17.827,0.016263
17.847,0.017213
17.867,0.018114
17.887,0.018965
17.907,0.019765
17.927,0.020486
17.947,0.021128
17.967,0.021676
17.987,0.022131
18.008,0.022501
18.028,0.022775
18.048,0.022964
18.068,0.023074
18.088,0.023116
18.108,0.023104
18.128,0.02304
18.148,0.022944
18.168,0.022835
18.188,0.02273
18.208,0.022645
18.228,0.022591
18.248,0.0226
18.268,0.022675
18.288,0.022841
18.308,0.023099
18.328,0.023465
18.348,0.023941
18.368,0.024525
18.389,0.02522
18.409,0.026039
18.429,0.026998
18.449,0.028106
18.469,0.029349
18.489,0.030745
18.509,0.032291
18.529,0.033981
18.549,0.035821
18.569,0.037803
18.589,0.039956
18.609,0.042309
18.629,0.044893
18.649,0.047731
18.669,0.050832
18.689,0.054195
18.709,0.057883
18.729,0.06191
18.749,0.066319
18.77,0.071101
18.79,0.076271
18.81,0.081902
18.83,0.088038
18.85,0.094692
18.87,0.10191
18.89,0.1097
18.91,0.11805
18.93,0.12698
18.95,0.13654
18.97,0.14674
18.99,0.15759
19.01,0.1691
19.03,0.18133
19.05,0.19428
19.07,0.2079
19.09,0.2221
19.11,0.23684
19.13,0.25204
19.151,0.26768
19.171,0.28373
19.191,0.30014
19.211,0.31686
19.231,0.3339
19.251,0.35122
19.271,0.36869
19.291,0.38616
19.311,0.40353
19.331,0.42071
19.351,0.43767
19.371,0.45424
19.391,0.47037
19.411,0.48591
19.431,0.50081
19.451,0.51497
19.471,0.52821
19.491,0.54044
19.511,0.55144
19.532,0.56109
19.552,0.56935
19.572,0.57609
19.592,0.58123
19.612,0.58473
19.632,0.58642
19.652,0.58635
19.672,0.58443
19.692,0.58058
19.712,0.57483
19.732,0.56725
19.752,0.55781
19.772,0.54661
19.792,0.53361
19.812,0.51897
19.832,0.50278
19.852,0.48524
19.872,0.46647
19.892,0.44652
19.913,0.42561
19.933,0.40398
19.953,0.38173
19.973,0.35903
19.993,0.33611
20.013,0.31312
20.033,0.29042
20.053,0.26816
20.073,0.24648
20.093,0.22544
20.113,0.20518
20.133,0.18582
20.153,0.16736
20.173,0.14976
20.193,0.13305
20.213,0.11717
20.233,0.10206
20.253,0.087723
20.273,0.074069
20.294,0.060954
20.314,0.048239
20.334,0.035765
20.354,0.023398
20.374,0.01099
20.394,-0.0017255
20.414,-0.014912
20.434,-0.028815
20.454,-0.043515
20.474,-0.059152
20.494,-0.075922
20.514,-0.093894
20.534,-0.11331
20.554,-0.13426
20.574,-0.15668
20.594,-0.18069
20.614,-0.2064
20.634,-0.23378
20.654,-0.26279
20.675,-0.29322
20.695,-0.32501
20.715,-0.35806
20.735,-0.39224
20.755,-0.42733
20.775,-0.46309
20.795,-0.49937
20.815,-0.53609
20.835,-0.57308
20.855,-0.61001
20.875,-0.64667
20.895,-0.68266
20.915,-0.71774
20.935,-0.75182
20.955,-0.78477
20.975,-0.81647
20.995,-0.84668
21.015,-0.87528
21.035,-0.90223
21.056,-0.92739
21.076,-0.9506
21.096,-0.97174
21.116,-0.99065
21.136,-1.0075
21.156,-1.0223
21.176,-1.0349
21.196,-1.0455
21.216,-1.0539
21.236,-1.0601
21.256,-1.0641
21.276,-1.066
21.296,-1.0656
21.316,-1.0632
21.336,-1.0586
21.356,-1.052
21.376,-1.0434
21.396,-1.0328
21.417,-1.0203
21.437,-1.0061
21.457,-0.9901
21.477,-0.9724
21.497,-0.95304
21.517,-0.93213
21.537,-0.90992
21.557,-0.8865
21.577,-0.86179
21.597,-0.83596
21.617,-0.809
21.637,-0.78109
21.657,-0.75243
21.677,-0.72302
21.697,-0.69296
21.717,-0.66241
21.737,-0.6317
21.757,-0.60093
21.777,-0.57014
21.798,-0.5393
21.818,-0.50859
21.838,-0.478
21.858,-0.44776
21.878,-0.4179
21.898,-0.38847
21.918,-0.35956
21.938,-0.33126
21.958,-0.30375
21.978,-0.27694
21.998,-0.25087
22.018,-0.22547
22.038,-0.20069
22.058,-0.17665
22.078,-0.15336
22.098,-0.1308
22.118,-0.10887
22.138,-0.087642
22.158,-0.067087
22.179,-0.047249
22.199,-0.028005
22.219,-0.0092848
22.239,0.0089366
22.259,0.026672
22.279,0.043916
22.299,0.060691
22.319,0.077032
22.339,0.092985
22.359,0.1085
22.379,0.12359
22.399,0.13823
22.419,0.1525
22.439,0.16644
22.459,0.18001
22.479,0.19314
22.499,0.20581
22.519,0.218
22.539,0.22966
22.56,0.24084
22.58,0.25144
22.6,0.26148
22.62,0.27093
22.64,0.27984
22.66,0.28819
22.68,0.29596
22.7,0.30311
22.72,0.30963
22.74,0.31551
22.76,0.32079
22.78,0.32548
22.8,0.32956
22.82,0.33308
22.84,0.33605
22.86,0.33851
22.88,0.34048
22.9,0.34198
22.92,0.34305
22.941,0.34374
22.961,0.34409
22.981,0.34413
23.001,0.34389
23.021,0.34341
23.041,0.34272
23.061,0.34186
23.081,0.34085
23.101,0.33972
23.121,0.33849
23.141,0.33721
23.161,0.33593
23.181,0.33465
23.201,0.33337
23.221,0.33213
23.241,0.33092
23.261,0.32976
23.281,0.32866
23.301,0.32762
23.322,0.32664
23.342,0.32572
23.362,0.32485
23.382,0.32403
23.402,0.32325
23.422,0.32249
23.442,0.32173
23.462,0.32095
23.482,0.32012
23.502,0.3192
23.522,0.31816
23.542,0.31699
23.562,0.31567
23.582,0.31419
23.602,0.31249
23.622,0.31053
23.642,0.30831
23.662,0.30581
23.682,0.30302
23.703,0.29991
23.723,0.29649
23.743,0.29275
23.763,0.28871
23.783,0.28438
23.803,0.27978
23.823,0.27491
23.843,0.26975
23.863,0.26435
23.883,0.25872
23.903,0.2529
23.923,0.24692
23.943,0.24083
23.963,0.23466
23.983,0.22844
24.003,0.22223
24.023,0.21602
24.043,0.20983
24.063,0.20368
24.084,0.19762
24.104,0.19165
24.124,0.18581
24.144,0.18014
24.164,0.17462
24.184,0.16926
24.204,0.16405
24.224,0.15901
24.244,0.15409
24.264,0.14927
24.284,0.14454
24.304,0.13988
24.324,0.13527
24.344,0.1307
24.364,0.12617
24.384,0.12161
24.404,0.11704
24.424,0.11242
24.444,0.10774
24.465,0.10297
24.485,0.098095
24.505,0.0931
24.525,0.087984
24.545,0.082767
24.565,0.07746
24.585,0.072092
24.605,0.066637
24.625,0.061142
24.645,0.055633
24.665,0.050129
24.685,0.044644
24.705,0.039188
24.725,0.033785
24.745,0.028462
24.765,0.023255
24.785,0.018202
24.805,0.013325
24.825,0.0086444
24.846,0.0041858
24.866,-5.3193e-005
24.886,-0.0040319
24.906,-0.0077674
24.926,-0.01127
24.946,-0.014525
24.966,-0.017535
24.986,-0.020276
25.006,-0.022775
25.026,-0.025035
25.046,-0.027096
25.066,-0.028963
25.086,-0.030678
25.106,-0.032257
25.126,-0.033724
25.146,-0.035103
25.166,-0.036403
25.186,-0.037645
25.207,-0.038866
25.227,-0.040091
25.247,-0.041322
25.267,-0.042563
25.287,-0.043818
25.307,-0.045096
25.327,-0.046413
25.347,-0.047776
25.367,-0.049181
25.387,-0.050624
25.407,-0.052092
25.427,-0.053589
25.447,-0.055095
25.467,-0.056606
25.487,-0.058112
25.507,-0.059592
25.527,-0.061046
25.547,-0.062451
25.567,-0.063796
25.588,-0.065085
25.608,-0.066291
25.628,-0.06742
25.648,-0.068452
25.668,-0.069377
25.688,-0.070185
25.708,-0.070871
25.728,-0.071418
25.748,-0.071823
25.768,-0.072089
25.788,-0.07221
25.808,-0.072197
25.828,-0.072024
25.848,-0.071693
25.868,-0.071225
25.888,-0.070598
25.908,-0.069814
25.928,-0.068879
25.948,-0.067789
25.969,-0.066551
25.989,-0.065157
26.009,-0.063608
26.029,-0.061899
26.049,-0.060026
26.069,-0.058009
26.089,-0.055845
26.109,-0.053527
26.129,-0.051057
26.149,-0.048439
26.169,-0.045694
26.189,-0.042812
26.209,-0.039803
26.229,-0.036667
26.249,-0.033427
26.269,-0.030102
26.289,-0.02668
26.309,-0.023176
26.329,-0.019594
26.35,-0.01594
26.37,-0.012225
26.39,-0.0084713
26.41,-0.0046911
26.43,-0.0008973
26.45,0.0029004
26.47,0.0066672
26.49,0.01038
26.51,0.014043
26.53,0.01766
26.55,0.021222
26.57,0.024698
26.59,0.028094
26.61,0.031378
26.63,0.034538
26.65,0.037559
26.67,0.040433
26.69,0.043151
26.71,0.04571
26.731,0.048126
26.751,0.050406
26.771,0.052551
26.791,0.05454
26.811,0.056385
26.831,0.058089
26.851,0.059647
26.871,0.061094
26.891,0.062411
26.911,0.063618
26.931,0.064724
26.951,0.065741
26.971,0.06668
26.991,0.067543
27.011,0.068341
27.031,0.069083
27.051,0.069765
27.071,0.070401
27.091,0.071009
27.112,0.0716
27.132,0.072174
27.152,0.072713
27.172,0.073207
27.192,0.073672
27.212,0.074106
27.232,0.074508
27.252,0.074878
27.272,0.075206
27.292,0.075485
27.312,0.075699
27.332,0.07586
27.352,0.075954
27.372,0.07598
27.392,0.075934
27.412,0.075822
27.432,0.075631
27.452,0.075355
27.472,0.074998
27.493,0.074562
27.513,0.074045
27.533,0.073446
27.553,0.072784
27.573,0.072053
27.593,0.07125
27.613,0.070378
27.633,0.069454
27.653,0.068496
27.673,0.067486
27.693,0.066424
27.713,0.065313
27.733,0.064162
27.753,0.062979
27.773,0.061757
27.793,0.060493
27.813,0.059184
27.833,0.05784
27.853,0.05646
27.874,0.055059
27.894,0.053632
27.914,0.052166
27.934,0.050671
27.954,0.049144
27.974,0.047593
27.994,0.046017
28.014,0.044426
28.034,0.042813
28.054,0.041195
28.074,0.039573
28.094,0.037948
28.114,0.036316
28.134,0.034676
28.154,0.033025
28.174,0.031377
28.194,0.029739
28.214,0.028114
28.234,0.026494
28.255,0.024891
28.275,0.023309
28.295,0.021762
28.315,0.020243
28.335,0.018779
28.355,0.017344
28.375,0.015937
28.395,0.014549
28.415,0.013184
28.435,0.011844
28.455,0.010518
28.475,0.0092107
28.495,0.0079132
28.515,0.006614
28.535,0.0052962
28.555,0.0039736
28.575,0.0026316
28.595,0.0012687
28.615,-0.00013188
28.636,-0.0015616
28.656,-0.0030111
28.676,-0.004495
28.696,-0.00602
28.716,-0.007578
28.736,-0.0091633
28.756,-0.010779
28.776,-0.012435
28.796,-0.014148
28.816,-0.015895
28.836,-0.017672
28.856,-0.019455
28.876,-0.021226
28.896,-0.022973
28.916,-0.024696
28.936,-0.026395
28.956,-0.028047
28.976,-0.029638
28.997,-0.031159
29.017,-0.032613
29.037,-0.033977
29.057,-0.035239
29.077,-0.036389
29.097,-0.03743
29.117,-0.038377
29.137,-0.039229
29.157,-0.039974
29.177,-0.040612
29.197,-0.041148
29.217,-0.041604
29.237,-0.041985
29.257,-0.042291
29.277,-0.042534
29.297,-0.042733
29.317,-0.042903
29.337,-0.043051
29.357,-0.043175
29.378,-0.043293
29.398,-0.043414
29.418,-0.043556
29.438,-0.043721
29.458,-0.043908
29.478,-0.044139
29.498,-0.044414
29.518,-0.044726
29.538,-0.045082
29.558,-0.045491
29.578,-0.045948
29.598,-0.04645
29.618,-0.046972
29.638,-0.047533
29.658,-0.048115
29.678,-0.048701
29.698,-0.049266
29.718,-0.049801
29.738,-0.050321
29.759,-0.050804
29.779,-0.051249
29.799,-0.051641
29.819,-0.051956
29.839,-0.052185
29.859,-0.052331
29.879,-0.052384
29.899,-0.052349
29.919,-0.052225
29.939,-0.051999
29.959,-0.051675
29.979,-0.051243
29.999,-0.05072
30.019,-0.050101
30.039,-0.049416
30.059,-0.048667
30.079,-0.047856
30.099,-0.046989
30.119,-0.046085
30.14,-0.045149
30.16,-0.044183
30.18,-0.043206
30.2,-0.042225
30.22,-0.041249
30.24,-0.0403
30.26,-0.039391
30.28,-0.038531
30.3,-0.037727
30.32,-0.036976
30.34,-0.036294
30.36,-0.035684
30.38,-0.035147
30.4,-0.034683
30.42,-0.03429
30.44,-0.033989
30.46,-0.033769
30.48,-0.033602
30.5,-0.033493
30.521,-0.033446
30.541,-0.033444
30.561,-0.033485
30.581,-0.033566
30.601,-0.03367
30.621,-0.033792
30.641,-0.033933
30.661,-0.034081
30.681,-0.034216
30.701,-0.034338
30.721,-0.034459
30.741,-0.034569
30.761,-0.034649
30.781,-0.034698
30.801,-0.034715
30.821,-0.034697
30.841,-0.034634
30.861,-0.034538
30.881,-0.03441
30.902,-0.034233
30.922,-0.034017
30.942,-0.033775
30.962,-0.033516
30.982,-0.033222
31.002,-0.032908
31.022,-0.032575
31.042,-0.03223
31.062,-0.031871
31.082,-0.031505
31.102,-0.031138
31.122,-0.030775
31.142,-0.030421
31.162,-0.030076
31.182,-0.029753
31.202,-0.029438
31.222,-0.029147
31.242,-0.028889
31.262,-0.028663
31.283,-0.028469
31.303,-0.028297
31.323,-0.028155
31.343,-0.028059
31.363,-0.028008
31.383,-0.027991
31.403,-0.028022
31.423,-0.028092
31.443,-0.02821
31.463,-0.028373
31.483,-0.028559
31.503,-0.02878
31.523,-0.02904
31.543,-0.029339
31.563,-0.029659
31.583,-0.030003
31.603,-0.030354
31.623,-0.030719
31.643,-0.03107
31.664,-0.031411
31.684,-0.031741
31.704,-0.032048
31.724,-0.03232
31.744,-0.032559
31.764,-0.032766
31.784,-0.032931
31.804,-0.033046
31.824,-0.033108
31.844,-0.033117
31.864,-0.033082
31.884,-0.032992
31.904,-0.032844
31.924,-0.032629
31.944,-0.032353
31.964,-0.032021
31.984,-0.031636
32.004,-0.031206
32.024,-0.030742
32.045,-0.030251
32.065,-0.029751
32.085,-0.029255
32.105,-0.028771
32.125,-0.028318
32.145,-0.027912
32.165,-0.027571
32.185,-0.02731
32.205,-0.027132
32.225,-0.02705
32.245,-0.027068
32.265,-0.027208
32.285,-0.027473
32.305,-0.027872
32.325,-0.028402
32.345,-0.029074
32.365,-0.029883
32.385,-0.030818
32.405,-0.031856
32.426,-0.032994
32.446,-0.034216
32.466,-0.035515
32.486,-0.036868
32.506,-0.038248
32.526,-0.039655
32.546,-0.041059
32.566,-0.042429
32.586,-0.043749
32.606,-0.044999
32.626,-0.046152
32.646,-0.04718
32.666,-0.048075
32.686,-0.048828
32.706,-0.04942
32.726,-0.04985
32.746,-0.050089
32.766,-0.050133
32.787,-0.049993
32.807,-0.049673
32.827,-0.049179
32.847,-0.048525
32.867,-0.047718
32.887,-0.046776
32.907,-0.045704
32.927,-0.044521
32.947,-0.043267
32.967,-0.041937
32.987,-0.040558
33.007,-0.039163
33.027,-0.037774
33.047,-0.036419
33.067,-0.035107
33.087,-0.033856
33.107,-0.032685
33.127,-0.031622
33.147,-0.030681
33.168,-0.029859
33.188,-0.029146
33.208,-0.028543
33.228,-0.028066
33.248,-0.027719
33.268,-0.027488
33.288,-0.027372
33.308,-0.027349
33.328,-0.027409
33.348,-0.027541
33.368,-0.027744
33.388,-0.028002
33.408,-0.028294
33.428,-0.028596
33.448,-0.028899
33.468,-0.0292
33.488,-0.029466
33.508,-0.029695
33.528,-0.029871
33.549,-0.029992
33.569,-0.030045
33.589,-0.030027
33.609,-0.029931
33.629,-0.029754
33.649,-0.029494
33.669,-0.029155
33.689,-0.028753
33.709,-0.028282
33.729,-0.027748
33.749,-0.027164
33.769,-0.026549
33.789,-0.025902
33.809,-0.025234
33.829,-0.02457
33.849,-0.023926
33.869,-0.023321
33.889,-0.022748
33.909,-0.022231
33.93,-0.021778
33.95,-0.021399
33.97,-0.021115
33.99,-0.020926
34.01,-0.020827
34.03,-0.020837
34.05,-0.020953
34.07,-0.021181
34.09,-0.021507
34.11,-0.021929
34.13,-0.02245
34.15,-0.023057
34.17,-0.023732
34.19,-0.02446
34.21,-0.025231
34.23,-0.026036
34.25,-0.026865
34.27,-0.027709
34.29,-0.028545
34.311,-0.029357
34.331,-0.030136
34.351,-0.030871
34.371,-0.031504
34.391,-0.032055
34.411,-0.032506
34.431,-0.032838
34.451,-0.033056
34.471,-0.033151
34.491,-0.033122
34.511,-0.032969
34.531,-0.0327
34.551,-0.032329
34.571,-0.031844
34.591,-0.031252
34.611,-0.030569
34.631,-0.02979
34.651,-0.028947
34.671,-0.028054
34.692,-0.027128
34.712,-0.026205
34.732,-0.0253
34.752,-0.024435
34.772,-0.023613
34.792,-0.022864
34.812,-0.02219
34.832,-0.021625
34.852,-0.021182
34.872,-0.020882
34.892,-0.020737
34.912,-0.02074
34.932,-0.020901
34.952,-0.021218
34.972,-0.021691
34.992,-0.02233
35.012,-0.023153
35.032,-0.024139
35.052,-0.025292
35.073,-0.026598
35.093,-0.028055
35.113,-0.029637
35.133,-0.031331
35.153,-0.03313
35.173,-0.035023
35.193,-0.037014
35.213,-0.039092
35.233,-0.041221
35.253,-0.043378
35.273,-0.045578
35.293,-0.047799
35.313,-0.050034
35.333,-0.052264
35.353,-0.054489
35.373,-0.056718
35.393,-0.058943
35.413,-0.061171
35.433,-0.063418
35.454,-0.065664
35.474,-0.067926
35.494,-0.070197
35.514,-0.072515
35.534,-0.07488
35.554,-0.077315
35.574,-0.079822
35.594,-0.08241
35.614,-0.085086
35.634,-0.087874
35.654,-0.0908
35.674,-0.093889
35.694,-0.097131
35.714,-0.10055
35.734,-0.10413
35.754,-0.10792
35.774,-0.11193
35.794,-0.11618
35.814,-0.12066
35.835,-0.12537
35.855,-0.13028
35.875,-0.13542
35.895,-0.14074
35.915,-0.14625
35.935,-0.15192
35.955,-0.15777
35.975,-0.16381
35.995,-0.17001
36.015,-0.17631
36.035,-0.18267
36.055,-0.18908
36.075,-0.19554
36.095,-0.20196
36.115,-0.20835
36.135,-0.21464
36.155,-0.22084
36.175,-0.22693
36.195,-0.23282
36.216,-0.23849
36.236,-0.24394
36.256,-0.2491
36.276,-0.25399
36.296,-0.25857
36.316,-0.26281
36.336,-0.26667
36.356,-0.27017
36.376,-0.27328
36.396,-0.276
36.416,-0.2783
36.436,-0.28022
36.456,-0.28174
36.476,-0.28286
36.496,-0.28358
36.516,-0.28391
36.536,-0.28386
36.556,-0.28344
36.577,-0.28266
36.597,-0.28151
36.617,-0.28001
36.637,-0.27814
36.657,-0.27591
36.677,-0.27331
36.697,-0.27035
36.717,-0.26702
36.737,-0.26333
36.757,-0.25923
36.777,-0.25472
36.797,-0.24979
36.817,-0.24442
36.837,-0.23859
36.857,-0.23225
36.877,-0.22541
36.897,-0.21805
36.917,-0.21011
36.937,-0.20157
36.958,-0.19245
36.978,-0.18274
36.998,-0.17245
37.018,-0.16153
37.038,-0.14994
37.058,-0.13771
37.078,-0.12486
37.098,-0.11142
37.118,-0.097332
37.138,-0.082642
37.158,-0.067429
37.178,-0.051707
37.198,-0.03552
37.218,-0.018821
37.238,-0.0016638
37.258,0.015914
37.278,0.033734
37.298,0.051869
37.318,0.070267
37.339,0.088851
37.359,0.10746
37.379,0.12608
37.399,0.14473
37.419,0.16338
37.439,0.18194
37.459,0.20033
37.479,0.21856
37.499,0.23656
37.519,0.25428
37.539,0.27159
37.559,0.28848
37.579,0.305
37.599,0.32109
37.619,0.33673
37.639,0.35182
37.659,0.36637
37.679,0.38042
37.699,0.3939
37.72,0.4068
37.74,0.41905
37.76,0.43069
37.78,0.44173
37.8,0.45222
37.82,0.46203
37.84,0.47116
37.86,0.47964
37.88,0.48751
37.9,0.49473
37.92,0.50128
37.94,0.50723
37.96,0.51258
37.98,0.5173
38,0.52137
38.02,0.52483
38.04,0.52767
38.06,0.52989
38.08,0.53149
38.101,0.53247
38.121,0.53284
38.141,0.53259
38.161,0.53176
38.181,0.53031
38.201,0.52827
38.221,0.52562
38.241,0.52238
38.261,0.51852
38.281,0.51405
38.301,0.50898
38.321,0.50331
38.341,0.49704
38.361,0.49018
38.381,0.4828
38.401,0.47488
38.421,0.46641
38.441,0.45738
38.461,0.44783
38.482,0.4378
38.502,0.4273
38.522,0.41631
38.542,0.40494
38.562,0.39323
38.582,0.38113
38.602,0.3687
38.622,0.35593
38.642,0.3429
38.662,0.32965
38.682,0.31616
38.702,0.30246
38.722,0.28867
38.742,0.27488
38.762,0.26107
38.782,0.24724
38.802,0.23338
38.822,0.21956
38.842,0.2058
38.863,0.19212
38.883,0.17855
38.903,0.16521
38.923,0.15206
38.943,0.13917
38.963,0.12648
38.983,0.11401
39.003,0.10176
39.023,0.089806
39.043,0.078085
39.063,0.066652
39.083,0.055523
39.103,0.04469
39.123,0.034129
39.143,0.02375
39.163,0.013581
39.183,0.0037402
39.203,-0.0058027
39.223,-0.01512
39.244,-0.024168
39.264,-0.032944
39.284,-0.041493
39.304,-0.049834
39.324,-0.058038
39.344,-0.066062
39.364,-0.073862
39.384,-0.081453
39.404,-0.088839
39.424,-0.096036
39.444,-0.10303
39.464,-0.10983
39.484,-0.11644
39.504,-0.12294
39.524,-0.12924
39.544,-0.13534
39.564,-0.1412
39.584,-0.14685
39.604,-0.15228
39.625,-0.15751
39.645,-0.16249
39.665,-0.16727
39.685,-0.17184
39.705,-0.17616
39.725,-0.1802
39.745,-0.18398
39.765,-0.18749
39.785,-0.19071
39.805,-0.19366
39.825,-0.19633
39.845,-0.19873
39.865,-0.20085
39.885,-0.2027
39.905,-0.20429
39.925,-0.20559
39.945,-0.20663
39.965,-0.20743
39.985,-0.20799
40.006,-0.20831
40.026,-0.20843
40.046,-0.20834
40.066,-0.20806
40.086,-0.20759
40.106,-0.20697
40.126,-0.2062
40.146,-0.20532
40.166,-0.20435
40.186,-0.20328
40.206,-0.20213
40.226,-0.20092
40.246,-0.19965
40.266,-0.19835
40.286,-0.19703
40.306,-0.19569
40.326,-0.19433
40.346,-0.19295
40.367,-0.19153
40.387,-0.19007
40.407,-0.18859
40.427,-0.18708
40.447,-0.1855
40.467,-0.18387
40.487,-0.18219
40.507,-0.18046
40.527,-0.17865
40.547,-0.17677
40.567,-0.1748
40.587,-0.17272
40.607,-0.17053
40.627,-0.16821
40.647,-0.16576
40.667,-0.16319
40.687,-0.16047
40.707,-0.15762
40.727,-0.15465
40.748,-0.15161
40.768,-0.14847
40.788,-0.14523
40.808,-0.14187
40.828,-0.13843
40.848,-0.13491
40.868,-0.13135
40.888,-0.12773
40.908,-0.12409
40.928,-0.12044
40.948,-0.11673
40.968,-0.11299
40.988,-0.10931
41.008,-0.10565
41.028,-0.10201
41.048,-0.098413
41.068,-0.094859
41.088,-0.091325
41.108,-0.087816
41.129,-0.084313
41.149,-0.080858
41.169,-0.077471
41.189,-0.074153
41.209,-0.070905
41.229,-0.067691
41.249,-0.064522
41.269,-0.061409
41.289,-0.058331
41.309,-0.05528
41.329,-0.052304
41.349,-0.049388
41.369,-0.046521
41.389,-0.043686
41.409,-0.040889
41.429,-0.038125
41.449,-0.035385
41.469,-0.0327
41.489,-0.030065
41.51,-0.027496
41.53,-0.024966
41.55,-0.022476
41.57,-0.020042
41.59,-0.01767
41.61,-0.015363
41.63,-0.013132
41.65,-0.010984
41.67,-0.0089057
41.69,-0.0068684
41.71,-0.0048776
41.73,-0.0029498
41.75,-0.0010966
41.77,0.00068165
41.79,0.0023735
41.81,0.0039739
41.83,0.005492
41.85,0.0069502
41.87,0.0083447
41.891,0.0096975
41.911,0.010994
41.931,0.012236
41.951,0.013425
41.971,0.014577
41.991,0.015689
42.011,0.016764
42.031,0.017797
42.051,0.018787
42.071,0.019742
42.091,0.020692
42.111,0.021616
42.131,0.022506
42.151,0.023373
42.171,0.024224
42.191,0.025051
42.211,0.025852
42.231,0.026622
42.251,0.027368
42.272,0.028096
42.292,0.028785
42.312,0.029432
42.332,0.030026
42.352,0.030563
42.372,0.031035
42.392,0.031439
42.412,0.031784
42.432,0.032075
42.452,0.032296
42.472,0.032423
42.492,0.032451
42.512,0.032392
42.532,0.032236
42.552,0.032012
42.572,0.031712
42.592,0.03133
42.612,0.030883
42.632,0.03035
42.653,0.029712
42.673,0.028988
42.693,0.028188
42.713,0.027329
42.733,0.026372
42.753,0.025327
42.773,0.02418
42.793,0.022946
42.813,0.021676
42.833,0.020345
42.853,0.018931
42.873,0.01744
42.893,0.015876
42.913,0.014234
42.933,0.012515
42.953,0.010746
42.973,0.0089284
42.993,0.0070459
43.013,0.0051071
43.034,0.0031079
43.054,0.0010652
43.074,-0.0010193
43.094,-0.003145
43.114,-0.0052936
43.134,-0.0074731
43.154,-0.009696
43.174,-0.011936
43.194,-0.014176
43.214,-0.016401
43.234,-0.01862
43.254,-0.020804
43.274,-0.022914
43.294,-0.024968
43.314,-0.026978
43.334,-0.028948
43.354,-0.030853
43.374,-0.032698
43.394,-0.034477
43.415,-0.036165
43.435,-0.037776
43.455,-0.039321
43.475,-0.040802
43.495,-0.042198
43.515,-0.04352
43.535,-0.044768
43.555,-0.045963
43.575,-0.047105
43.595,-0.048198
43.615,-0.049209
43.635,-0.050181
43.655,-0.051096
43.675,-0.051956
43.695,-0.052773
43.715,-0.053522
43.735,-0.054221
43.755,-0.05487
43.775,-0.055473
43.796,-0.056015
43.816,-0.056497
43.836,-0.056915
43.856,-0.057275
43.876,-0.057578
43.896,-0.057814
43.916,-0.057968
43.936,-0.058063
43.956,-0.058089
43.976,-0.05804
43.996,-0.057928
44.016,-0.05773
44.036,-0.057472
44.056,-0.057147
44.076,-0.05677
44.096,-0.056333
44.116,-0.05583
44.136,-0.055249
44.157,-0.054615
44.177,-0.053952
44.197,-0.053257
44.217,-0.052551
44.237,-0.051803
44.257,-0.051027
44.277,-0.050245
44.297,-0.049447
44.317,-0.048653
44.337,-0.047865
44.357,-0.047072
44.377,-0.046274
44.397,-0.045514
44.417,-0.044771
44.437,-0.044045
44.457,-0.043344
44.477,-0.042666
44.497,-0.04201
44.517,-0.041377
44.538,-0.04078
44.558,-0.040191
44.578,-0.03962
44.598,-0.039054
44.618,-0.038488
44.638,-0.037899
44.658,-0.037295
44.678,-0.036674
44.698,-0.036024
44.718,-0.035309
44.738,-0.034554
44.758,-0.033786
44.778,-0.032962
44.798,-0.032083
44.818,-0.031158
44.838,-0.030173
44.858,-0.029109
44.878,-0.02799
44.898,-0.026829
44.919,-0.02559
44.939,-0.024267
44.959,-0.022944
44.979,-0.021582
44.999,-0.020179
45.019,-0.018756
45.039,-0.017303
45.059,-0.015834
45.079,-0.014386
45.099,-0.012951
45.119,-0.011548
45.139,-0.010145
45.159,-0.0087436
45.179,-0.007395
45.199,-0.0060835
45.219,-0.0048348
45.239,-0.0036127
45.259,-0.0024302
45.279,-0.0012883
45.3,-0.00016898
45.32,0.00091554
45.34,0.0019534
45.36,0.0029586
45.38,0.0039567
45.4,0.0049245
45.42,0.0058657
45.44,0.0067886
45.46,0.0077062
45.48,0.008623
45.5,0.009578
45.52,0.010566
45.54,0.011586
45.56,0.012631
45.58,0.013682
45.6,0.01474
45.62,0.015842
45.64,0.016958
45.66,0.018092
45.681,0.019275
45.701,0.020446
45.721,0.021609
45.741,0.022787
45.761,0.023964
45.781,0.025131
45.801,0.026256
45.821,0.027322
45.841,0.028321
45.861,0.029296
45.881,0.030198
45.901,0.031043
45.921,0.031809
45.941,0.032486
45.961,0.033067
45.981,0.033583
46.001,0.034005
46.021,0.034328
46.041,0.034548
46.062,0.034696
46.082,0.034794
46.102,0.03483
46.122,0.034783
46.142,0.034684
46.162,0.034578
46.182,0.034467
46.202,0.03436
46.222,0.03423
46.242,0.034102
46.262,0.034004
46.282,0.033934
46.302,0.0339
46.322,0.033922
46.342,0.033987
46.362,0.034098
46.382,0.034254
46.402,0.034463
46.422,0.034686
46.443,0.034938
46.463,0.035233
46.483,0.035549
46.503,0.035842
46.523,0.036096
46.543,0.03635
46.563,0.036614
46.583,0.036837
46.603,0.036978
46.623,0.037011
46.643,0.036987
46.663,0.036917
46.683,0.036799
46.703,0.036603
46.723,0.036336
46.743,0.035992
46.763,0.035566
46.783,0.035052
46.803,0.034485
46.824,0.033898
46.844,0.03328
46.864,0.032609
46.884,0.031858
46.904,0.031103
46.924,0.030305
46.944,0.029437
46.964,0.028573
46.984,0.027722
47.004,0.026831
47.024,0.025995
47.044,0.02517
47.064,0.024397
47.084,0.023682
47.104,0.02302
47.124,0.022401
47.144,0.021797
47.164,0.021225
47.184,0.020745
47.205,0.020351
47.225,0.020049
47.245,0.019838
47.265,0.019713
47.285,0.019708
47.305,0.019811
47.325,0.019994
47.345,0.020242
47.365,0.020585
47.385,0.021015
47.405,0.021504
47.425,0.022071
47.445,0.022747
47.465,0.023509
47.485,0.024294
47.505,0.025111
47.525,0.025941
47.545,0.026768
47.565,0.027561
47.586,0.028352
47.606,0.029119
47.626,0.029843
47.646,0.030508
47.666,0.03108
47.686,0.031581
47.706,0.031994
47.726,0.032327
47.746,0.032564
47.766,0.032695
47.786,0.032734
47.806,0.032663
47.826,0.032487
47.846,0.032183
47.866,0.03184
47.886,0.031455
47.906,0.031
47.926,0.0305
47.947,0.029976
47.967,0.02941
47.987,0.028888
48.007,0.028385
48.027,0.027897
48.047,0.027452
48.067,0.02707
48.087,0.026735
48.107,0.026502
48.127,0.026335
48.147,0.02619
48.167,0.026138
48.187,0.026202
48.207,0.026355
48.227,0.026626
48.247,0.026952
48.267,0.027312
48.287,0.027712
48.307,0.028135
48.328,0.028594
48.348,0.029033
48.368,0.029443
48.388,0.029838
48.408,0.03018
48.428,0.030435
48.448,0.030678
48.468,0.030822
48.488,0.030853
48.508,0.030825
48.528,0.030639
48.548,0.03036
48.568,0.029999
48.588,0.029466
48.608,0.028876
48.628,0.028228
48.648,0.027504
48.668,0.026738
48.688,0.025914
48.709,0.025064
48.729,0.024203
48.749,0.023348
48.769,0.022503
48.789,0.021759
48.809,0.021066
48.829,0.02042
48.849,0.019868
48.869,0.019409
48.889,0.019106
48.909,0.018945
48.929,0.018928
48.949,0.019002
48.969,0.01917
48.989,0.019459
49.009,0.019939
49.029,0.020568
49.049,0.021216
49.069,0.021972
49.09,0.022755
49.11,0.023579
49.13,0.024478
49.15,0.025392
49.17,0.026275
49.19,0.027044
49.21,0.027767
49.23,0.028378
49.25,0.028863
49.27,0.029175
49.29,0.029348
49.31,0.029363
49.33,0.029144
49.35,0.028687
49.37,0.028042
49.39,0.027241
49.41,0.026292
49.43,0.025187
49.45,0.0239
49.471,0.022471
49.491,0.020905
49.511,0.019349
49.531,0.017816
49.551,0.016128
49.571,0.014404
49.591,0.0127
49.611,0.011102
49.631,0.0095255
49.651,0.0080337
49.671,0.0065914
49.691,0.0052884
49.711,0.0041124
49.731,0.003074
49.751,0.0021644
49.771,0.0013716
49.791,0.00069901
49.811,0.00016886
49.831,-0.0002391
49.852,-0.00047896
49.872,-0.00062392
49.892,-0.00080121
49.912,-0.00089525
49.932,-0.0010529
49.952,-0.0011757
49.972,-0.0012746
49.992,-0.0012719
50.012,-0.0013498
50.032,-0.0016565
50.052,-0.0018901
50.072,-0.0023035
50.092,-0.0028027
50.112,-0.0034328
