0,0.0002935
0.010025,-5.7681e-005
0.020051,-0.00046403
0.030076,-0.00067118
0.040102,-0.00094745
0.050127,-0.0011126
0.060153,-0.0012494
0.070178,-0.0014432
0.080204,-0.0016287
0.090229,-0.0016888
0.10025,-0.001713
0.11028,-0.0018421
0.12031,-0.0018801
0.13033,-0.0020533
0.14036,-0.0022721
0.15038,-0.0024778
0.16041,-0.0025728
0.17043,-0.0026399
0.18046,-0.0027142
0.19048,-0.0027583
0.20051,-0.002933
0.21053,-0.0030126
0.22056,-0.0030423
0.23059,-0.0030829
0.24061,-0.0031528
0.25064,-0.0032512
0.26066,-0.0033015
0.27069,-0.0033183
0.28071,-0.0033335
0.29074,-0.0034312
0.30076,-0.0035068
0.31079,-0.003576
0.32081,-0.0036218
0.33084,-0.0036538
0.34087,-0.0036836
0.35089,-0.0036878
0.36092,-0.003704
0.37094,-0.0037531
0.38097,-0.0037989
0.39099,-0.0038436
0.40102,-0.0038895
0.41104,-0.0039113
0.42107,-0.0039105
0.43109,-0.0039274
0.44112,-0.0040012
0.45115,-0.0040463
0.46117,-0.00407
0.4712,-0.0040917
0.48122,-0.0041131
0.49125,-0.0041397
0.50127,-0.0041573
0.5113,-0.0042241
0.52132,-0.0043042
0.53135,-0.0043178
0.54137,-0.0043808
0.5514,-0.0044231
0.56143,-0.0044652
0.57145,-0.004483
0.58148,-0.0045405
0.5915,-0.0045769
0.60153,-0.0045954
0.61155,-0.0046261
0.62158,-0.004644
0.6316,-0.0046727
0.64163,-0.0046591
0.65165,-0.0046823
0.66168,-0.0047211
0.67171,-0.0047362
0.68173,-0.0047509
0.69176,-0.0048034
0.70178,-0.0048629
0.71181,-0.0049165
0.72183,-0.0049271
0.73186,-0.0049472
0.74188,-0.0049262
0.75191,-0.0049303
0.76193,-0.0049301
0.77196,-0.0049352
0.78199,-0.0049264
0.79201,-0.0049339
0.80204,-0.0049533
0.81206,-0.0049829
0.82209,-0.0049939
0.83211,-0.004993
0.84214,-0.005009
0.85216,-0.0050489
0.86219,-0.0050881
0.87221,-0.0051148
0.88224,-0.0051476
0.89227,-0.0051903
0.90229,-0.0052172
0.91232,-0.0052398
0.92234,-0.0052763
0.93237,-0.0053366
0.94239,-0.005397
0.95242,-0.0054121
0.96244,-0.0054394
0.97247,-0.005466
0.98249,-0.0054866
0.99252,-0.0055076
1.0025,-0.0055347
1.0126,-0.0055379
1.0226,-0.0055341
1.0326,-0.0055041
1.0426,-0.0054941
1.0527,-0.0054804
1.0627,-0.0054512
1.0727,-0.0054205
1.0827,-0.0054041
1.0928,-0.0053725
1.1028,-0.0053554
1.1128,-0.0053526
1.1229,-0.0053457
1.1329,-0.0053507
1.1429,-0.0053543
1.1529,-0.0053891
1.163,-0.0054175
1.173,-0.0054318
1.183,-0.0054749
1.193,-0.0055039
1.2031,-0.0055299
1.2131,-0.00554
1.2231,-0.005553
1.2331,-0.0055589
1.2432,-0.0055712
1.2532,-0.0056013
1.2632,-0.0056141
1.2732,-0.0055975
1.2833,-0.0056154
1.2933,-0.0056127
1.3033,-0.0055948
1.3133,-0.0055713
1.3234,-0.0055313
1.3334,-0.0055053
1.3434,-0.0055113
1.3534,-0.0055148
1.3635,-0.0055157
1.3735,-0.0055054
1.3835,-0.0054853
1.3935,-0.0054569
1.4036,-0.005441
1.4136,-0.00544
1.4236,-0.0054214
1.4336,-0.0053986
1.4437,-0.0053795
1.4537,-0.0053474
1.4637,-0.0053266
1.4737,-0.0052984
1.4838,-0.0052911
1.4938,-0.0052615
1.5038,-0.0052359
1.5138,-0.005192
1.5239,-0.0051578
1.5339,-0.0051602
1.5439,-0.005145
1.5539,-0.0051442
1.564,-0.0051411
1.574,-0.0051097
1.584,-0.0050742
1.594,-0.0050368
1.6041,-0.005015
1.6141,-0.0049964
1.6241,-0.0049958
1.6341,-0.0050222
1.6442,-0.0050316
1.6542,-0.0050351
1.6642,-0.0050312
1.6743,-0.0050296
1.6843,-0.0050186
1.6943,-0.0049892
1.7043,-0.0049362
1.7144,-0.0048955
1.7244,-0.0048424
1.7344,-0.004808
1.7444,-0.0047805
1.7545,-0.0047419
1.7645,-0.0047147
1.7745,-0.0046788
1.7845,-0.0046548
1.7946,-0.0046199
1.8046,-0.0046124
1.8146,-0.004594
1.8246,-0.0045706
1.8347,-0.0045463
1.8447,-0.0045092
1.8547,-0.0044707
1.8647,-0.0044333
1.8748,-0.0043863
1.8848,-0.0043403
1.8948,-0.0042969
1.9048,-0.0042583
1.9149,-0.0042046
1.9249,-0.0041592
1.9349,-0.0041536
1.9449,-0.0041444
1.955,-0.0041202
1.965,-0.0040862
1.975,-0.0040581
1.985,-0.004035
1.9951,-0.0040151
2.0051,-0.003986
2.0151,-0.0039521
2.0251,-0.0039248
2.0352,-0.0038821
2.0452,-0.0038517
2.0552,-0.0038501
2.0652,-0.0038438
2.0753,-0.0038406
2.0853,-0.003823
2.0953,-0.0038071
2.1053,-0.0037967
2.1154,-0.003778
2.1254,-0.0037678
2.1354,-0.0037746
2.1454,-0.00376
2.1555,-0.0037446
2.1655,-0.0037099
2.1755,-0.0036789
2.1855,-0.0036694
2.1956,-0.0036691
2.2056,-0.0036621
2.2156,-0.0036359
2.2257,-0.0036129
2.2357,-0.0036094
2.2457,-0.0035942
2.2557,-0.0035964
2.2658,-0.0036034
2.2758,-0.0036108
2.2858,-0.0036243
2.2958,-0.0036306
2.3059,-0.003648
2.3159,-0.0036481
2.3259,-0.0036514
2.3359,-0.0036434
2.346,-0.0036523
2.356,-0.0036526
2.366,-0.0036853
2.376,-0.0036986
2.3861,-0.003704
2.3961,-0.0037415
2.4061,-0.0037836
2.4161,-0.0038244
2.4262,-0.0038551
2.4362,-0.0038801
2.4462,-0.0039105
2.4562,-0.0039278
2.4663,-0.0039384
2.4763,-0.0039415
2.4863,-0.0039413
2.4963,-0.0039427
2.5064,-0.0039332
2.5164,-0.0039421
2.5264,-0.0039422
2.5364,-0.0039638
2.5465,-0.0039894
2.5565,-0.0040266
2.5665,-0.0040613
2.5765,-0.0040754
2.5866,-0.0041037
2.5966,-0.0041288
2.6066,-0.0041553
2.6166,-0.0041864
2.6267,-0.004213
2.6367,-0.0042206
2.6467,-0.0042252
2.6567,-0.0042361
2.6668,-0.0042645
2.6768,-0.0042829
2.6868,-0.0043077
2.6968,-0.0043303
2.7069,-0.0043504
2.7169,-0.0043797
2.7269,-0.0044039
2.7369,-0.0044345
2.747,-0.004461
2.757,-0.0044845
2.767,-0.0045051
2.7771,-0.0045291
2.7871,-0.0045446
2.7971,-0.0045716
2.8071,-0.0045895
2.8172,-0.0046133
2.8272,-0.0046462
2.8372,-0.004683
2.8472,-0.0046893
2.8573,-0.004707
2.8673,-0.0047348
2.8773,-0.0047519
2.8873,-0.004741
2.8974,-0.0047379
2.9074,-0.0047351
2.9174,-0.0047284
2.9274,-0.0047378
2.9375,-0.0047359
2.9475,-0.0047496
2.9575,-0.0047625
2.9675,-0.0047771
2.9776,-0.0047695
2.9876,-0.004763
2.9976,-0.0047563
3.0076,-0.004755
3.0177,-0.004731
3.0277,-0.0047193
3.0377,-0.0047173
3.0477,-0.0047118
3.0578,-0.0047113
3.0678,-0.0046987
3.0778,-0.0046824
3.0878,-0.0046713
3.0979,-0.0046559
3.1079,-0.0046564
3.1179,-0.0046437
3.1279,-0.0046382
3.138,-0.0046289
3.148,-0.0046122
3.158,-0.0045935
3.168,-0.0045693
3.1781,-0.0045456
3.1881,-0.0045251
3.1981,-0.0044959
3.2081,-0.0044406
3.2182,-0.0043988
3.2282,-0.0043458
3.2382,-0.0042992
3.2482,-0.0042519
3.2583,-0.0042108
3.2683,-0.0041748
3.2783,-0.0041343
3.2884,-0.0040954
3.2984,-0.0040536
3.3084,-0.0040145
3.3184,-0.0039682
3.3285,-0.0039339
3.3385,-0.0039053
3.3485,-0.0038749
3.3585,-0.0038362
3.3686,-0.0038132
3.3786,-0.0037798
3.3886,-0.0037519
3.3986,-0.0037251
3.4087,-0.003696
3.4187,-0.0036595
3.4287,-0.0036109
3.4387,-0.0035649
3.4488,-0.0035237
3.4588,-0.003471
3.4688,-0.003418
3.4788,-0.0033721
3.4889,-0.0033259
3.4989,-0.0032693
3.5089,-0.0032134
3.5189,-0.0031604
3.529,-0.0031117
3.539,-0.0030611
3.549,-0.0030033
3.559,-0.0029386
3.5691,-0.0028661
3.5791,-0.0028024
3.5891,-0.0027375
3.5991,-0.0026584
3.6092,-0.0025821
3.6192,-0.002501
3.6292,-0.002432
3.6392,-0.0023491
3.6493,-0.0022714
3.6593,-0.0022024
3.6693,-0.0021462
3.6793,-0.0020853
3.6894,-0.0020176
3.6994,-0.0019433
3.7094,-0.0018744
3.7194,-0.0018077
3.7295,-0.0017286
3.7395,-0.0016573
3.7495,-0.0015758
3.7595,-0.0014988
3.7696,-0.001443
3.7796,-0.0013766
3.7896,-0.0013021
3.7996,-0.0012396
3.8097,-0.0011658
3.8197,-0.0010919
3.8297,-0.0010209
3.8398,-0.00094726
3.8498,-0.00087735
3.8598,-0.00081256
3.8698,-0.00073881
3.8799,-0.00065913
3.8899,-0.00059499
3.8999,-0.00053146
3.9099,-0.00046548
3.92,-0.00041429
3.93,-0.00036176
3.94,-0.00029284
3.95,-0.00020662
3.9601,-0.00012506
3.9701,-5.7095e-005
3.9801,2.9601e-005
3.9901,0.00011195
4.0002,0.000197
4.0102,0.00027441
4.0202,0.00034811
4.0302,0.00042667
4.0403,0.00049535
4.0503,0.00057316
4.0603,0.0006454
4.0703,0.00071181
4.0804,0.0007865
4.0904,0.00085043
4.1004,0.00092559
4.1104,0.0010026
4.1205,0.0010774
4.1305,0.0011527
4.1405,0.0012274
4.1505,0.0013069
4.1606,0.0013966
4.1706,0.001474
4.1806,0.0015424
4.1906,0.0016156
4.2007,0.0016897
4.2107,0.0017714
4.2207,0.0018462
4.2307,0.0019317
4.2408,0.0020237
4.2508,0.0021045
4.2608,0.0021918
4.2708,0.0022813
4.2809,0.0023655
4.2909,0.0024475
4.3009,0.0025343
4.3109,0.0026057
4.321,0.0026636
4.331,0.0027298
4.341,0.0028066
4.351,0.0028611
4.3611,0.0029198
4.3711,0.0029857
4.3811,0.0030511
4.3912,0.003134
4.4012,0.0032059
4.4112,0.0032755
4.4212,0.0033404
4.4313,0.0034116
4.4413,0.0034769
4.4513,0.0035383
4.4613,0.0035975
4.4714,0.0036672
4.4814,0.0037284
4.4914,0.0037987
4.5014,0.0038712
4.5115,0.00393
4.5215,0.0039963
4.5315,0.0040742
4.5415,0.0041627
4.5516,0.004248
4.5616,0.0043381
4.5716,0.0044157
4.5816,0.0044841
4.5917,0.0045597
4.6017,0.0046285
4.6117,0.0047088
4.6217,0.0047885
4.6318,0.0048743
4.6418,0.0049494
4.6518,0.0050244
4.6618,0.0050898
4.6719,0.0051499
4.6819,0.0052226
4.6919,0.0052865
4.7019,0.0053518
4.712,0.0053991
4.722,0.0054513
4.732,0.005505
4.742,0.0055662
4.7521,0.0056163
4.7621,0.0056687
4.7721,0.0057197
4.7821,0.0057658
4.7922,0.0058153
4.8022,0.0058607
4.8122,0.0059143
4.8222,0.0059662
4.8323,0.0060216
4.8423,0.00607
4.8523,0.0061297
4.8623,0.0061886
4.8724,0.0062386
4.8824,0.0062923
4.8924,0.0063413
4.9024,0.0064065
4.9125,0.0064621
4.9225,0.0065116
4.9325,0.006551
4.9426,0.0065704
4.9526,0.0065933
4.9626,0.006636
4.9726,0.0066947
4.9827,0.006735
4.9927,0.0067881
5.0027,0.0068449
5.0127,0.0068994
5.0228,0.0069651
5.0328,0.0070307
5.0428,0.0070766
5.0528,0.0071083
5.0629,0.007152
5.0729,0.0071887
5.0829,0.007228
5.0929,0.00726
5.103,0.0072973
5.113,0.0073334
5.123,0.0073678
5.133,0.0074012
5.1431,0.0074338
5.1531,0.0074669
5.1631,0.0074976
5.1731,0.0075212
5.1832,0.0075341
5.1932,0.0075716
5.2032,0.0076046
5.2132,0.007634
5.2233,0.0076638
5.2333,0.0076938
5.2433,0.0077207
5.2533,0.0077534
5.2634,0.0077795
5.2734,0.0078234
5.2834,0.0078664
5.2934,0.0079116
5.3035,0.0079665
5.3135,0.0080141
5.3235,0.0080518
5.3335,0.00811
5.3436,0.0081619
5.3536,0.0082071
5.3636,0.008245
5.3736,0.0082718
5.3837,0.0082997
5.3937,0.0083344
5.4037,0.0083622
5.4137,0.0083956
5.4238,0.0084349
5.4338,0.0084709
5.4438,0.0084975
5.4538,0.0085206
5.4639,0.0085519
5.4739,0.0085862
5.4839,0.0086167
5.494,0.0086546
5.504,0.0086992
5.514,0.0087423
5.524,0.0087891
5.5341,0.0088261
5.5441,0.008869
5.5541,0.0089159
5.5641,0.0089528
5.5742,0.0089884
5.5842,0.0090225
5.5942,0.0090577
5.6042,0.009091
5.6143,0.0091192
5.6243,0.0091538
5.6343,0.0091923
5.6443,0.0092398
5.6544,0.009276
5.6644,0.0092874
5.6744,0.009319
5.6844,0.009365
5.6945,0.0094088
5.7045,0.0094509
5.7145,0.0094826
5.7245,0.0095214
5.7346,0.0095668
5.7446,0.0096095
5.7546,0.009638
5.7646,0.0096756
5.7747,0.0097101
5.7847,0.0097502
5.7947,0.009786
5.8047,0.0098256
5.8148,0.0098758
5.8248,0.0099089
5.8348,0.0099411
5.8448,0.0099709
5.8549,0.0099941
5.8649,0.010016
5.8749,0.010041
5.8849,0.010069
5.895,0.010095
5.905,0.010103
5.915,0.010128
5.925,0.010164
5.9351,0.010198
5.9451,0.010234
5.9551,0.010261
5.9651,0.010305
5.9752,0.010354
5.9852,0.010414
5.9952,0.010459
6.0052,0.010491
6.0153,0.010529
6.0253,0.010576
6.0353,0.010613
6.0454,0.010647
6.0554,0.010688
6.0654,0.010725
6.0754,0.010765
6.0855,0.010808
6.0955,0.010859
6.1055,0.010923
6.1155,0.010988
6.1256,0.011051
6.1356,0.01111
6.1456,0.011166
6.1556,0.011216
6.1657,0.011258
6.1757,0.011301
6.1857,0.011349
6.1957,0.011404
6.2058,0.011457
6.2158,0.011508
6.2258,0.011561
6.2358,0.011616
6.2459,0.011672
6.2559,0.011729
6.2659,0.011774
6.2759,0.011803
6.286,0.011838
6.296,0.011862
6.306,0.011901
6.316,0.011952
6.3261,0.011982
6.3361,0.012018
6.3461,0.012054
6.3561,0.012095
6.3662,0.012137
6.3762,0.012182
6.3862,0.012226
6.3962,0.012272
6.4063,0.012317
6.4163,0.012362
6.4263,0.012411
6.4363,0.012455
6.4464,0.012496
6.4564,0.012546
6.4664,0.012589
6.4764,0.01264
6.4865,0.012704
6.4965,0.012752
6.5065,0.012797
6.5165,0.01284
6.5266,0.012876
6.5366,0.012929
6.5466,0.012996
6.5566,0.013041
6.5667,0.013093
6.5767,0.013146
6.5867,0.013195
6.5968,0.013246
6.6068,0.013302
6.6168,0.013345
6.6268,0.013391
6.6369,0.013437
6.6469,0.013486
6.6569,0.013533
6.6669,0.013571
6.677,0.01361
6.687,0.013659
6.697,0.013715
6.707,0.01377
6.7171,0.013829
6.7271,0.01389
6.7371,0.013949
6.7471,0.014005
6.7572,0.014058
6.7672,0.014106
6.7772,0.014157
6.7872,0.014198
6.7973,0.014232
6.8073,0.014275
6.8173,0.014319
6.8273,0.014354
6.8374,0.014396
6.8474,0.014433
6.8574,0.014472
6.8674,0.014509
6.8775,0.014552
6.8875,0.014593
6.8975,0.014645
6.9075,0.014699
6.9176,0.014744
6.9276,0.014783
6.9376,0.014824
6.9476,0.014875
6.9577,0.014928
6.9677,0.014985
6.9777,0.01505
6.9877,0.015109
6.9978,0.015165
7.0078,0.015216
7.0178,0.01526
7.0278,0.015294
7.0379,0.015344
7.0479,0.015384
7.0579,0.015414
7.0679,0.015447
7.078,0.015474
7.088,0.015497
7.098,0.015527
7.108,0.015551
7.1181,0.015566
7.1281,0.015586
7.1381,0.015604
7.1482,0.015625
7.1582,0.015648
7.1682,0.015665
7.1782,0.015691
7.1883,0.015717
7.1983,0.015746
7.2083,0.015776
7.2183,0.015795
7.2284,0.015819
7.2384,0.015844
7.2484,0.015864
7.2584,0.01588
7.2685,0.015908
7.2785,0.015936
7.2885,0.015963
7.2985,0.015982
7.3086,0.015989
7.3186,0.015999
7.3286,0.016018
7.3386,0.016038
7.3487,0.016059
7.3587,0.016077
7.3687,0.016099
7.3787,0.016133
7.3888,0.016153
7.3988,0.016171
7.4088,0.016182
7.4188,0.016202
7.4289,0.016227
7.4389,0.016245
7.4489,0.016258
7.4589,0.01628
7.469,0.016309
7.479,0.016323
7.489,0.016334
7.499,0.016344
7.5091,0.016355
7.5191,0.016356
7.5291,0.016368
7.5391,0.016374
7.5492,0.01638
7.5592,0.016389
7.5692,0.016395
7.5792,0.016396
7.5893,0.016398
7.5993,0.016389
7.6093,0.016373
7.6193,0.016363
7.6294,0.016348
7.6394,0.016336
7.6494,0.016326
7.6594,0.016334
7.6695,0.016336
7.6795,0.016336
7.6895,0.016333
7.6996,0.016341
7.7096,0.016352
7.7196,0.016356
7.7296,0.016354
7.7397,0.016352
7.7497,0.016346
7.7597,0.016344
7.7697,0.01634
7.7798,0.016338
7.7898,0.016332
7.7998,0.016322
7.8098,0.016312
7.8199,0.0163
7.8299,0.016286
7.8399,0.016279
7.8499,0.016275
7.86,0.016265
7.87,0.016262
7.88,0.016251
7.89,0.01623
7.9001,0.016212
7.9101,0.0162
7.9201,0.016193
7.9301,0.016174
7.9402,0.016145
7.9502,0.016121
7.9602,0.01609
7.9702,0.016067
7.9803,0.016042
7.9903,0.016024
8.0003,0.016006
8.0103,0.015988
8.0204,0.015977
8.0304,0.015959
8.0404,0.015925
8.0504,0.015902
8.0605,0.01588
8.0705,0.015855
8.0805,0.015822
8.0905,0.015787
8.1006,0.015752
8.1106,0.015717
8.1206,0.015677
8.1306,0.01563
8.1407,0.015594
8.1507,0.015557
8.1607,0.015519
8.1707,0.015489
8.1808,0.015451
8.1908,0.01541
8.2008,0.015366
8.2108,0.015329
8.2209,0.015293
8.2309,0.015263
8.2409,0.015229
8.251,0.015193
8.261,0.015154
8.271,0.015117
8.281,0.01509
8.2911,0.015055
8.3011,0.015021
8.3111,0.014985
8.3211,0.014945
8.3312,0.014902
8.3412,0.014867
8.3512,0.014816
8.3612,0.01476
8.3713,0.014702
8.3813,0.014643
8.3913,0.014577
8.4013,0.014516
8.4114,0.014449
8.4214,0.014394
8.4314,0.014339
8.4414,0.014289
8.4515,0.014239
8.4615,0.014182
8.4715,0.014117
8.4815,0.01406
8.4916,0.014009
8.5016,0.013961
8.5116,0.013897
8.5216,0.013839
8.5317,0.01378
8.5417,0.01372
8.5517,0.013653
8.5617,0.01359
8.5718,0.013526
8.5818,0.013453
8.5918,0.013392
8.6018,0.01333
8.6119,0.013267
8.6219,0.013197
8.6319,0.013131
8.6419,0.013061
8.652,0.012974
8.662,0.012907
8.672,0.012826
8.682,0.012725
8.6921,0.012625
8.7021,0.012532
8.7121,0.01244
8.7221,0.012323
8.7322,0.012229
8.7422,0.01215
8.7522,0.012069
8.7622,0.011987
8.7723,0.011927
8.7823,0.011789
8.7923,0.01171
8.8024,0.01163
8.8124,0.011507
8.8224,0.011413
8.8324,0.011344
8.8425,0.011269
8.8525,0.01116
8.8625,0.011034
8.8725,0.010884
8.8826,0.010791
8.8926,0.010705
8.9026,0.010599
8.9126,0.010493
8.9227,0.010369
8.9327,0.010271
8.9427,0.010158
8.9527,0.010059
8.9628,0.0099389
8.9728,0.0098371
8.9828,0.0097552
8.9928,0.0096494
9.0029,0.0095363
9.0129,0.0094609
9.0229,0.0093781
9.0329,0.0093079
9.043,0.0092123
9.053,0.0091029
9.063,0.0090312
9.073,0.0089761
9.0831,0.0088988
9.0931,0.0088664
9.1031,0.0088132
9.1131,0.0087629
9.1232,0.0087202
9.1332,0.0086968
9.1432,0.0086586
9.1532,0.008645
9.1633,0.0086336
9.1733,0.0086167
9.1833,0.0086093
9.1933,0.0086051
9.2034,0.0086119
9.2134,0.0086321
9.2234,0.0086462
9.2334,0.0086579
9.2435,0.0086731
9.2535,0.008693
9.2635,0.0087244
9.2735,0.0087524
9.2836,0.0087904
9.2936,0.0088218
9.3036,0.0088813
9.3137,0.0089594
9.3237,0.0090387
9.3337,0.0090584
9.3437,0.0091205
9.3538,0.0091922
9.3638,0.0092552
9.3738,0.0093308
9.3838,0.0093982
9.3939,0.0094727
9.4039,0.0095695
9.4139,0.0096513
9.4239,0.0097357
9.434,0.00983
9.444,0.0099255
9.454,0.010003
9.464,0.010104
9.4741,0.010197
9.4841,0.010305
9.4941,0.010406
9.5041,0.010523
9.5142,0.010637
9.5242,0.010776
9.5342,0.010861
9.5442,0.010958
9.5543,0.011089
9.5643,0.011199
9.5743,0.011321
9.5843,0.011426
9.5944,0.011526
9.6044,0.011639
9.6144,0.011771
9.6244,0.01185
9.6345,0.011924
9.6445,0.012006
9.6545,0.012125
9.6645,0.012216
9.6746,0.012313
9.6846,0.012387
9.6946,0.012484
9.7046,0.012567
9.7147,0.01267
9.7247,0.012751
9.7347,0.012844
9.7447,0.012928
9.7548,0.012984
9.7648,0.01306
9.7748,0.013128
9.7848,0.013211
9.7949,0.013261
9.8049,0.013308
9.8149,0.013347
9.8249,0.013367
9.835,0.013409
9.845,0.013447
9.855,0.013461
9.8651,0.013464
9.8751,0.013471
9.8851,0.013473
9.8951,0.013465
9.9052,0.01345
9.9152,0.013446
9.9252,0.013434
9.9352,0.013408
9.9453,0.013367
9.9553,0.013326
9.9653,0.013297
9.9753,0.013253
9.9854,0.013207
9.9954,0.01315
10.005,0.013125
10.015,0.013056
10.025,0.013002
10.035,0.012958
10.046,0.012898
10.056,0.012843
10.066,0.012759
10.076,0.012679
10.086,0.012602
10.096,0.012526
10.106,0.012447
10.116,0.012381
10.126,0.012291
10.136,0.012205
10.146,0.012105
10.156,0.012004
10.166,0.011897
10.176,0.011781
10.186,0.01166
10.196,0.01154
10.206,0.011421
10.216,0.011295
10.226,0.011188
10.236,0.011067
10.246,0.01092
10.256,0.010805
10.266,0.01067
10.276,0.010546
10.286,0.01044
10.296,0.010322
10.306,0.010208
10.316,0.010088
10.326,0.0099771
10.336,0.0098747
10.346,0.0097728
10.356,0.0096548
10.366,0.009557
10.376,0.0094317
10.386,0.0093147
10.396,0.0092125
10.406,0.0090888
10.416,0.0089592
10.426,0.0088322
10.437,0.0086943
10.447,0.0085794
10.457,0.0084572
10.467,0.0083331
10.477,0.0082194
10.487,0.0081091
10.497,0.0079813
10.507,0.007876
10.517,0.0077764
10.527,0.0076762
10.537,0.0075693
10.547,0.0074634
10.557,0.0073643
10.567,0.0072612
10.577,0.0071648
10.587,0.0071054
10.597,0.0070094
10.607,0.0069147
10.617,0.0068211
10.627,0.0067552
10.637,0.0066792
10.647,0.0066076
10.657,0.0065275
10.667,0.0064267
10.677,0.0063609
10.687,0.0062962
10.697,0.0062279
10.707,0.006181
10.717,0.0061191
10.727,0.0060565
10.737,0.0060094
10.747,0.0059599
10.757,0.0059242
10.767,0.0058807
10.777,0.0058472
10.787,0.0058182
10.797,0.0057861
10.807,0.0057525
10.817,0.0057245
10.827,0.0057152
10.838,0.0056982
10.848,0.0057004
10.858,0.0056982
10.868,0.0056931
10.878,0.0056968
10.888,0.0056919
10.898,0.005699
10.908,0.0057123
10.918,0.005732
10.928,0.0057418
10.938,0.0057563
10.948,0.0057644
10.958,0.0057756
10.968,0.0057894
10.978,0.005798
10.988,0.0058139
10.998,0.0058305
11.008,0.0058458
11.018,0.0058429
11.028,0.0058596
11.038,0.0058673
11.048,0.0058703
11.058,0.0058821
11.068,0.0059023
11.078,0.0059136
11.088,0.0059262
11.098,0.0059534
11.108,0.0059711
11.118,0.0059973
11.128,0.0060189
11.138,0.0060321
11.148,0.0060425
11.158,0.0060672
11.168,0.0060835
11.178,0.0061041
11.188,0.0061488
11.198,0.0061731
11.208,0.0061908
11.218,0.0062112
11.229,0.006239
11.239,0.0062678
11.249,0.0062886
11.259,0.0063036
11.269,0.0063033
11.279,0.0063021
11.289,0.00632
11.299,0.0063317
11.309,0.0063356
11.319,0.0063553
11.329,0.0063674
11.339,0.0063831
11.349,0.0064066
11.359,0.0064361
11.369,0.0064518
11.379,0.0064667
11.389,0.0064624
11.399,0.0064702
11.409,0.0064772
11.419,0.0064745
11.429,0.0064928
11.439,0.0064945
11.449,0.0065143
11.459,0.0065241
11.469,0.0065475
11.479,0.0065557
11.489,0.0065764
11.499,0.0065777
11.509,0.0065926
11.519,0.0065834
11.529,0.0065874
11.539,0.0065919
11.549,0.006586
11.559,0.0065764
11.569,0.0065752
11.579,0.006568
11.589,0.0065578
11.599,0.0065392
11.609,0.0065159
11.62,0.0064912
11.63,0.006462
11.64,0.0064408
11.65,0.0064123
11.66,0.0063758
11.67,0.0063403
11.68,0.0063097
11.69,0.006277
11.7,0.0062463
11.71,0.0062246
11.72,0.0062046
11.73,0.0061708
11.74,0.0061282
11.75,0.0060964
11.76,0.0060701
11.77,0.0060462
11.78,0.0060189
11.79,0.0059838
11.8,0.0059482
11.81,0.0059148
11.82,0.0058928
11.83,0.0058655
11.84,0.0058279
11.85,0.0057979
11.86,0.0057824
11.87,0.0057597
11.88,0.0057275
11.89,0.0057146
11.9,0.0056904
11.91,0.005663
11.92,0.0056356
11.93,0.00561
11.94,0.005584
11.95,0.0055652
11.96,0.0055639
11.97,0.005554
11.98,0.0055373
11.99,0.0055281
12,0.0055497
12.01,0.0055517
12.021,0.0055444
12.031,0.0055507
12.041,0.0055608
12.051,0.0055635
12.061,0.0055663
12.071,0.005558
12.081,0.0055627
12.091,0.0055805
12.101,0.0055847
12.111,0.0055946
12.121,0.005601
12.131,0.0056087
12.141,0.0056193
12.151,0.0056245
12.161,0.0056282
12.171,0.005636
12.181,0.0056371
12.191,0.0056306
12.201,0.0056236
12.211,0.0056155
12.221,0.0055971
12.231,0.0055805
12.241,0.0055799
12.251,0.0055692
12.261,0.0055483
12.271,0.0055244
12.281,0.0054994
12.291,0.0054759
12.301,0.0054466
12.311,0.0054113
12.321,0.0053707
12.331,0.0053219
12.341,0.0052779
12.351,0.0052327
12.361,0.0051911
12.371,0.0051389
12.381,0.005083
12.391,0.0050178
12.401,0.0049474
12.412,0.0048812
12.422,0.0048124
12.432,0.0047353
12.442,0.0046529
12.452,0.00457
12.462,0.00449
12.472,0.0044118
12.482,0.0043352
12.492,0.0042657
12.502,0.0041985
12.512,0.0041303
12.522,0.0040667
12.532,0.004007
12.542,0.0039542
12.552,0.0039109
12.562,0.0038655
12.572,0.0038324
12.582,0.0038158
12.592,0.0038033
12.602,0.0038004
12.612,0.0038053
12.622,0.0038297
12.632,0.0038733
12.642,0.003928
12.652,0.0039991
12.662,0.0040883
12.672,0.0041949
12.682,0.0043151
12.692,0.0044503
12.702,0.0046012
12.712,0.0047787
12.722,0.0049745
12.732,0.0051836
12.742,0.0054133
12.752,0.0056616
12.762,0.0059335
12.772,0.0062226
12.782,0.0065266
12.792,0.006839
12.803,0.0071724
12.813,0.0075218
12.823,0.0078848
12.833,0.0082517
12.843,0.008641
12.853,0.0090462
12.863,0.0094594
12.873,0.0098747
12.883,0.010301
12.893,0.010739
12.903,0.011181
12.913,0.011628
12.923,0.012082
12.933,0.012528
12.943,0.012971
12.953,0.013403
12.963,0.013814
12.973,0.014212
12.983,0.014599
12.993,0.014978
13.003,0.015351
13.013,0.015709
13.023,0.016048
13.033,0.016356
13.043,0.016642
13.053,0.016901
13.063,0.017135
13.073,0.017344
13.083,0.017525
13.093,0.017672
13.103,0.017774
13.113,0.017843
13.123,0.017876
13.133,0.017868
13.143,0.017822
13.153,0.017735
13.163,0.01761
13.173,0.017439
13.183,0.017224
13.194,0.016963
13.204,0.016646
13.214,0.016289
13.224,0.01589
13.234,0.015438
13.244,0.014927
13.254,0.014376
13.264,0.013789
13.274,0.013151
13.284,0.012462
13.294,0.011728
13.304,0.010961
13.314,0.010158
13.324,0.0093201
13.334,0.0084531
13.344,0.0075535
13.354,0.0066132
13.364,0.0056365
13.374,0.0046397
13.384,0.0036132
13.394,0.0025565
13.404,0.001491
13.414,0.00041691
13.424,-0.00068143
13.434,-0.0017945
13.444,-0.0029165
13.454,-0.0040415
13.464,-0.0051675
13.474,-0.0062907
13.484,-0.0074177
13.494,-0.0085487
13.504,-0.0096723
13.514,-0.010792
13.524,-0.011912
13.534,-0.013023
13.544,-0.014126
13.554,-0.015236
13.564,-0.016339
13.574,-0.017419
13.584,-0.018472
13.595,-0.019518
13.605,-0.020548
13.615,-0.021554
13.625,-0.022519
13.635,-0.023485
13.645,-0.024403
13.655,-0.025292
13.665,-0.026156
13.675,-0.026988
13.685,-0.027791
13.695,-0.028567
13.705,-0.029318
13.715,-0.030042
13.725,-0.030745
13.735,-0.031416
13.745,-0.032065
13.755,-0.032689
13.765,-0.033293
13.775,-0.033871
13.785,-0.03443
13.795,-0.03498
13.805,-0.035511
13.815,-0.036028
13.825,-0.036525
13.835,-0.037005
13.845,-0.037476
13.855,-0.037932
13.865,-0.03838
13.875,-0.038822
13.885,-0.03925
13.895,-0.039657
13.905,-0.040052
13.915,-0.040441
13.925,-0.040834
13.935,-0.041218
13.945,-0.041585
13.955,-0.041964
13.965,-0.042327
13.975,-0.042695
13.986,-0.04304
13.996,-0.043379
14.006,-0.043717
14.016,-0.044044
14.026,-0.044354
14.036,-0.044657
14.046,-0.044952
14.056,-0.04524
14.066,-0.045518
14.076,-0.045782
14.086,-0.046042
14.096,-0.046279
14.106,-0.046499
14.116,-0.04672
14.126,-0.046915
14.136,-0.047092
14.146,-0.047252
14.156,-0.047392
14.166,-0.047508
14.176,-0.047592
14.186,-0.047654
14.196,-0.047689
14.206,-0.047694
14.216,-0.04767
14.226,-0.047617
14.236,-0.04754
14.246,-0.047423
14.256,-0.047275
14.266,-0.047102
14.276,-0.046897
14.286,-0.046653
14.296,-0.046373
14.306,-0.04606
14.316,-0.045704
14.326,-0.045313
14.336,-0.044896
14.346,-0.044449
14.356,-0.04396
14.366,-0.043435
14.377,-0.042879
14.387,-0.042286
14.397,-0.041665
14.407,-0.041022
14.417,-0.040349
14.427,-0.039646
14.437,-0.038932
14.447,-0.038191
14.457,-0.037415
14.467,-0.036612
14.477,-0.03579
14.487,-0.034957
14.497,-0.03411
14.507,-0.033256
14.517,-0.032398
14.527,-0.031544
14.537,-0.030669
14.547,-0.029815
14.557,-0.028981
14.567,-0.028167
14.577,-0.027368
14.587,-0.026596
14.597,-0.025859
14.607,-0.025165
14.617,-0.024507
14.627,-0.023889
14.637,-0.02331
14.647,-0.022784
14.657,-0.022324
14.667,-0.021916
14.677,-0.021556
14.687,-0.021253
14.697,-0.021022
14.707,-0.02085
14.717,-0.02075
14.727,-0.020721
14.737,-0.020769
14.747,-0.020891
14.757,-0.021094
14.767,-0.021379
14.778,-0.021745
14.788,-0.022191
14.798,-0.022725
14.808,-0.023335
14.818,-0.024038
14.828,-0.024835
14.838,-0.025726
14.848,-0.0267
14.858,-0.02776
14.868,-0.02891
14.878,-0.03015
14.888,-0.031476
14.898,-0.0329
14.908,-0.034395
14.918,-0.035969
14.928,-0.037635
14.938,-0.039385
14.948,-0.041232
14.958,-0.043158
14.968,-0.045162
14.978,-0.047246
14.988,-0.049413
14.998,-0.051664
15.008,-0.05401
15.018,-0.056426
15.028,-0.058927
15.038,-0.06149
15.048,-0.064129
15.058,-0.066851
15.068,-0.069643
15.078,-0.072527
15.088,-0.075476
15.098,-0.078509
15.108,-0.081594
15.118,-0.084747
15.128,-0.087957
15.138,-0.091244
15.148,-0.094595
15.158,-0.098048
15.169,-0.10157
15.179,-0.10512
15.189,-0.10873
15.199,-0.11241
15.209,-0.11614
15.219,-0.11991
15.229,-0.12373
15.239,-0.12761
15.249,-0.13154
15.259,-0.13548
15.269,-0.1395
15.279,-0.14358
15.289,-0.14772
15.299,-0.15185
15.309,-0.15608
15.319,-0.16041
15.329,-0.16484
15.339,-0.16926
15.349,-0.1737
15.359,-0.17814
15.369,-0.18266
15.379,-0.18723
15.389,-0.19182
15.399,-0.19642
15.409,-0.20106
15.419,-0.20574
15.429,-0.21045
15.439,-0.21521
15.449,-0.21997
15.459,-0.22475
15.469,-0.22956
15.479,-0.23436
15.489,-0.23918
15.499,-0.24399
15.509,-0.24881
15.519,-0.25366
15.529,-0.2585
15.539,-0.26332
15.549,-0.26813
15.56,-0.27296
15.57,-0.27778
15.58,-0.28257
15.59,-0.28736
15.6,-0.29214
15.61,-0.2969
15.62,-0.30163
15.63,-0.3063
15.64,-0.31099
15.65,-0.31564
15.66,-0.32029
15.67,-0.32491
15.68,-0.32948
15.69,-0.334
15.7,-0.33849
15.71,-0.34294
15.72,-0.34734
15.73,-0.35172
15.74,-0.35608
15.75,-0.36043
15.76,-0.36473
15.77,-0.36899
15.78,-0.37319
15.79,-0.37735
15.8,-0.38146
15.81,-0.38553
15.82,-0.38959
15.83,-0.39361
15.84,-0.3976
15.85,-0.40155
15.86,-0.4055
15.87,-0.40943
15.88,-0.4133
15.89,-0.41716
15.9,-0.42105
15.91,-0.42492
15.92,-0.42877
15.93,-0.43265
15.94,-0.43655
15.951,-0.44046
15.961,-0.44436
15.971,-0.4483
15.981,-0.45227
15.991,-0.45627
16.001,-0.4603
16.011,-0.46435
16.021,-0.46845
16.031,-0.47264
16.041,-0.47686
16.051,-0.48112
16.061,-0.48546
16.071,-0.48988
16.081,-0.49442
16.091,-0.49904
16.101,-0.50375
16.111,-0.50855
16.121,-0.5135
16.131,-0.51853
16.141,-0.52368
16.151,-0.52896
16.161,-0.53438
16.171,-0.53994
16.181,-0.54564
16.191,-0.55148
16.201,-0.55747
16.211,-0.56362
16.221,-0.56993
16.231,-0.57639
16.241,-0.58303
16.251,-0.58986
16.261,-0.59688
16.271,-0.60403
16.281,-0.61129
16.291,-0.61878
16.301,-0.62644
16.311,-0.63429
16.321,-0.64232
16.331,-0.65059
16.341,-0.65908
16.352,-0.6677
16.362,-0.67646
16.372,-0.68543
16.382,-0.69454
16.392,-0.70383
16.402,-0.71334
16.412,-0.72292
16.422,-0.73267
16.432,-0.74255
16.442,-0.75256
16.452,-0.76269
16.462,-0.77294
16.472,-0.78331
16.482,-0.79373
16.492,-0.80417
16.502,-0.81465
16.512,-0.82525
16.522,-0.83589
16.532,-0.84649
16.542,-0.85712
16.552,-0.86773
16.562,-0.8783
16.572,-0.8887
16.582,-0.89896
16.592,-0.90915
16.602,-0.91917
16.612,-0.92899
16.622,-0.93858
16.632,-0.94793
16.642,-0.95704
16.652,-0.96585
16.662,-0.97429
16.672,-0.98235
16.682,-0.99
16.692,-0.99721
16.702,-1.004
16.712,-1.0102
16.722,-1.0159
16.732,-1.021
16.743,-1.0255
16.753,-1.0294
16.763,-1.0325
16.773,-1.035
16.783,-1.0366
16.793,-1.0374
16.803,-1.0374
16.813,-1.0365
16.823,-1.0348
16.833,-1.0321
16.843,-1.0283
16.853,-1.0236
16.863,-1.0179
16.873,-1.0111
16.883,-1.0031
16.893,-0.99412
16.903,-0.98399
16.913,-0.97268
16.923,-0.9602
16.933,-0.94659
16.943,-0.93174
16.953,-0.9156
16.963,-0.89823
16.973,-0.87962
16.983,-0.85975
16.993,-0.83866
17.003,-0.81628
17.013,-0.79273
17.023,-0.7678
17.033,-0.74205
17.043,-0.7149
17.053,-0.68673
17.063,-0.65736
17.073,-0.62694
17.083,-0.59555
17.093,-0.56285
17.103,-0.52911
17.113,-0.49424
17.123,-0.45843
17.134,-0.42198
17.144,-0.38469
17.154,-0.34639
17.164,-0.3074
17.174,-0.2678
17.184,-0.22748
17.194,-0.1865
17.204,-0.14539
17.214,-0.10377
17.224,-0.061602
17.234,-0.01923
17.244,0.023582
17.254,0.066509
17.264,0.10938
17.274,0.15231
17.284,0.19544
17.294,0.23848
17.304,0.28127
17.314,0.32393
17.324,0.3666
17.334,0.4091
17.344,0.45119
17.354,0.49265
17.364,0.53359
17.374,0.57422
17.384,0.61429
17.394,0.65374
17.404,0.69258
17.414,0.73064
17.424,0.76797
17.434,0.80447
17.444,0.83995
17.454,0.87468
17.464,0.90847
17.474,0.94121
17.484,0.97289
17.494,1.0036
17.504,1.0334
17.514,1.0621
17.524,1.0896
17.535,1.1158
17.545,1.1409
17.555,1.1647
17.565,1.1873
17.575,1.2086
17.585,1.2288
17.595,1.2478
17.605,1.2653
17.615,1.2816
17.625,1.2966
17.635,1.3102
17.645,1.3225
17.655,1.3335
17.665,1.3431
17.675,1.3515
17.685,1.3585
17.695,1.3643
17.705,1.3688
17.715,1.3719
17.725,1.3738
17.735,1.3744
17.745,1.3737
17.755,1.3718
17.765,1.3687
17.775,1.3643
17.785,1.3588
17.795,1.352
17.805,1.344
17.815,1.335
17.825,1.3248
17.835,1.3135
17.845,1.3012
17.855,1.2879
17.865,1.2735
17.875,1.2582
17.885,1.2419
17.895,1.2248
17.905,1.2067
17.915,1.1876
17.926,1.1677
17.936,1.147
17.946,1.1256
17.956,1.1034
17.966,1.0805
17.976,1.0568
17.986,1.0327
17.996,1.008
18.006,0.98271
18.016,0.95677
18.026,0.93054
18.036,0.90384
18.046,0.87675
18.056,0.8495
18.066,0.82191
18.076,0.79411
18.086,0.76619
18.096,0.73799
18.106,0.70955
18.116,0.68087
18.126,0.6524
18.136,0.62394
18.146,0.59535
18.156,0.56696
18.166,0.53873
18.176,0.51082
18.186,0.48288
18.196,0.45531
18.206,0.42817
18.216,0.40141
18.226,0.37512
18.236,0.34922
18.246,0.32367
18.256,0.2988
18.266,0.27452
18.276,0.25067
18.286,0.22747
18.296,0.20487
18.306,0.18297
18.317,0.16186
18.327,0.14151
18.337,0.12203
18.347,0.10325
18.357,0.085255
18.367,0.068274
18.377,0.05217
18.387,0.036925
18.397,0.022697
18.407,0.0095557
18.417,-0.002664
18.427,-0.013927
18.437,-0.024185
18.447,-0.033434
18.457,-0.041692
18.467,-0.048975
18.477,-0.055231
18.487,-0.060471
18.497,-0.064679
18.507,-0.06787
18.517,-0.070042
18.527,-0.071216
18.537,-0.071406
18.547,-0.0706
18.557,-0.068809
18.567,-0.066051
18.577,-0.062335
18.587,-0.057712
18.597,-0.052159
18.607,-0.045676
18.617,-0.038418
18.627,-0.030336
18.637,-0.021408
18.647,-0.011637
18.657,-0.0010697
18.667,0.010162
18.677,0.022163
18.687,0.034868
18.697,0.048243
18.708,0.062342
18.718,0.076918
18.728,0.092057
18.738,0.1078
18.748,0.12407
18.758,0.1407
18.768,0.15782
18.778,0.1753
18.788,0.19316
18.798,0.21136
18.808,0.22974
18.818,0.24833
18.828,0.26728
18.838,0.28644
18.848,0.30573
18.858,0.32521
18.868,0.34488
18.878,0.36477
18.888,0.38477
18.898,0.40479
18.908,0.42492
18.918,0.44499
18.928,0.46506
18.938,0.48504
18.948,0.50506
18.958,0.52498
18.968,0.54475
18.978,0.5644
18.988,0.58388
18.998,0.60323
19.008,0.62232
19.018,0.64132
19.028,0.66005
19.038,0.67856
19.048,0.69684
19.058,0.71495
19.068,0.73289
19.078,0.75054
19.088,0.76792
19.098,0.78507
19.109,0.80188
19.119,0.8184
19.129,0.83461
19.139,0.85052
19.149,0.86601
19.159,0.88119
19.169,0.89609
19.179,0.9106
19.189,0.92464
19.199,0.93843
19.209,0.95184
19.219,0.96489
19.229,0.97761
19.239,0.98995
19.249,1.0019
19.259,1.0135
19.269,1.0247
19.279,1.0356
19.289,1.0461
19.299,1.0562
19.309,1.0659
19.319,1.0753
19.329,1.0842
19.339,1.0927
19.349,1.1008
19.359,1.1086
19.369,1.1158
19.379,1.1227
19.389,1.1292
19.399,1.1353
19.409,1.141
19.419,1.1463
19.429,1.1512
19.439,1.1557
19.449,1.1598
19.459,1.1635
19.469,1.1669
19.479,1.1698
19.489,1.1724
19.5,1.1746
19.51,1.1764
19.52,1.1778
19.53,1.1789
19.54,1.1796
19.55,1.1799
19.56,1.1798
19.57,1.1794
19.58,1.1786
19.59,1.1775
19.6,1.176
19.61,1.1742
19.62,1.172
19.63,1.1695
19.64,1.1666
19.65,1.1634
19.66,1.16
19.67,1.1561
19.68,1.152
19.69,1.1475
19.7,1.1427
19.71,1.1377
19.72,1.1323
19.73,1.1266
19.74,1.1207
19.75,1.1145
19.76,1.108
19.77,1.1012
19.78,1.0942
19.79,1.087
19.8,1.0795
19.81,1.0717
19.82,1.0637
19.83,1.0555
19.84,1.047
19.85,1.0382
19.86,1.0292
19.87,1.02
19.88,1.0105
19.891,1.0009
19.901,0.99097
19.911,0.98084
19.921,0.97049
19.931,0.95998
19.941,0.94931
19.951,0.93836
19.961,0.92719
19.971,0.91593
19.981,0.90454
19.991,0.89292
20.001,0.88108
20.011,0.86914
20.021,0.85711
20.031,0.84489
20.041,0.83251
20.051,0.81988
20.061,0.80706
20.071,0.79409
20.081,0.781
20.091,0.76769
20.101,0.75428
20.111,0.7408
20.121,0.72721
20.131,0.71349
20.141,0.69957
20.151,0.68556
20.161,0.67144
20.171,0.6573
20.181,0.64297
20.191,0.62853
20.201,0.61407
20.211,0.59956
20.221,0.58485
20.231,0.57008
20.241,0.55516
20.251,0.54031
20.261,0.5253
20.271,0.51017
20.282,0.4949
20.292,0.47954
20.302,0.46417
20.312,0.44876
20.322,0.43327
20.332,0.41774
20.342,0.40223
20.352,0.38673
20.362,0.37113
20.372,0.35548
20.382,0.33981
20.392,0.32414
20.402,0.30844
20.412,0.29272
20.422,0.27691
20.432,0.26116
20.442,0.24525
20.452,0.22939
20.462,0.21342
20.472,0.19744
20.482,0.18145
20.492,0.16546
20.502,0.14948
20.512,0.13343
20.522,0.11738
20.532,0.10146
20.542,0.085514
20.552,0.069512
20.562,0.053611
20.572,0.037768
20.582,0.021979
20.592,0.0062017
20.602,-0.0094868
20.612,-0.025165
20.622,-0.040793
20.632,-0.056336
20.642,-0.071909
20.652,-0.087584
20.662,-0.10325
20.672,-0.11875
20.683,-0.13419
20.693,-0.14959
20.703,-0.16497
20.713,-0.18023
20.723,-0.19545
20.733,-0.21059
20.743,-0.22568
20.753,-0.24065
20.763,-0.25551
20.773,-0.27024
20.783,-0.28483
20.793,-0.29936
20.803,-0.31376
20.813,-0.32802
20.823,-0.34216
20.833,-0.35632
20.843,-0.37037
20.853,-0.38422
20.863,-0.39792
20.873,-0.41156
20.883,-0.42513
20.893,-0.43842
20.903,-0.4516
20.913,-0.46468
20.923,-0.47762
20.933,-0.49035
20.943,-0.50294
20.953,-0.51527
20.963,-0.52744
20.973,-0.5395
20.983,-0.55145
20.993,-0.5632
21.003,-0.57482
21.013,-0.58629
21.023,-0.59765
21.033,-0.60876
21.043,-0.61969
21.053,-0.63052
21.063,-0.64124
21.074,-0.65173
21.084,-0.662
21.094,-0.67216
21.104,-0.68212
21.114,-0.69198
21.124,-0.70168
21.134,-0.71117
21.144,-0.72044
21.154,-0.72957
21.164,-0.73859
21.174,-0.74736
21.184,-0.75596
21.194,-0.76443
21.204,-0.7727
21.214,-0.7808
21.224,-0.78874
21.234,-0.79647
21.244,-0.80405
21.254,-0.81146
21.264,-0.81867
21.274,-0.82578
21.284,-0.83267
21.294,-0.83939
21.304,-0.84593
21.314,-0.8523
21.324,-0.85846
21.334,-0.86445
21.344,-0.87027
21.354,-0.87589
21.364,-0.88129
21.374,-0.88648
21.384,-0.89148
21.394,-0.89629
21.404,-0.90089
21.414,-0.90528
21.424,-0.9094
21.434,-0.91333
21.444,-0.91705
21.454,-0.92051
21.465,-0.92373
21.475,-0.92672
21.485,-0.92946
21.495,-0.93194
21.505,-0.93417
21.515,-0.93616
21.525,-0.93787
21.535,-0.93932
21.545,-0.9405
21.555,-0.9414
21.565,-0.94202
21.575,-0.94237
21.585,-0.94244
21.595,-0.94224
21.605,-0.94174
21.615,-0.94096
21.625,-0.93989
21.635,-0.93855
21.645,-0.93691
21.655,-0.93496
21.665,-0.93271
21.675,-0.93019
21.685,-0.92738
21.695,-0.92427
21.705,-0.92088
21.715,-0.91719
21.725,-0.91323
21.735,-0.90902
21.745,-0.90457
21.755,-0.89982
21.765,-0.89481
21.775,-0.88956
21.785,-0.8841
21.795,-0.87842
21.805,-0.87246
21.815,-0.86626
21.825,-0.85987
21.835,-0.85325
21.845,-0.84646
21.855,-0.83941
21.866,-0.83215
21.876,-0.82477
21.886,-0.81717
21.896,-0.80941
21.906,-0.80145
21.916,-0.79335
21.926,-0.78516
21.936,-0.77676
21.946,-0.76822
21.956,-0.75961
21.966,-0.7509
21.976,-0.74209
21.986,-0.7332
21.996,-0.7242
22.006,-0.71512
22.016,-0.70596
22.026,-0.69678
22.036,-0.68754
22.046,-0.67823
22.056,-0.66892
22.066,-0.65955
22.076,-0.6501
22.086,-0.64067
22.096,-0.63125
22.106,-0.62184
22.116,-0.61241
22.126,-0.60294
22.136,-0.59351
22.146,-0.58406
22.156,-0.57467
22.166,-0.56536
22.176,-0.55601
22.186,-0.54668
22.196,-0.53743
22.206,-0.52826
22.216,-0.51917
22.226,-0.51002
22.236,-0.50094
22.246,-0.49194
22.257,-0.48298
22.267,-0.47408
22.277,-0.46524
22.287,-0.45648
22.297,-0.44779
22.307,-0.43916
22.317,-0.43059
22.327,-0.4221
22.337,-0.41369
22.347,-0.40542
22.357,-0.39719
22.367,-0.38902
22.377,-0.38097
22.387,-0.37305
22.397,-0.36524
22.407,-0.35752
22.417,-0.34986
22.427,-0.34231
22.437,-0.33484
22.447,-0.32751
22.457,-0.32026
22.467,-0.31308
22.477,-0.30604
22.487,-0.29909
22.497,-0.29222
22.507,-0.2854
22.517,-0.27873
22.527,-0.27218
22.537,-0.26575
22.547,-0.25938
22.557,-0.25312
22.567,-0.24697
22.577,-0.24093
22.587,-0.23498
22.597,-0.22911
22.607,-0.22333
22.617,-0.21766
22.627,-0.21213
22.637,-0.2067
22.648,-0.20132
22.658,-0.19603
22.668,-0.19088
22.678,-0.18584
22.688,-0.18086
22.698,-0.17596
22.708,-0.17113
22.718,-0.16639
22.728,-0.16173
22.738,-0.15715
22.748,-0.15267
22.758,-0.14827
22.768,-0.14395
22.778,-0.13968
22.788,-0.13548
22.798,-0.13134
22.808,-0.1273
22.818,-0.12333
22.828,-0.11942
22.838,-0.11555
22.848,-0.11174
22.858,-0.10799
22.868,-0.10431
22.878,-0.10065
22.888,-0.097026
22.898,-0.093436
22.908,-0.089893
22.918,-0.086365
22.928,-0.082882
22.938,-0.07943
22.948,-0.075989
22.958,-0.072597
22.968,-0.069227
22.978,-0.065871
22.988,-0.062532
22.998,-0.059217
23.008,-0.055902
23.018,-0.05262
23.028,-0.049338
23.039,-0.04607
23.049,-0.042821
23.059,-0.039578
23.069,-0.036326
23.079,-0.033068
23.089,-0.02982
23.099,-0.026568
23.109,-0.023296
23.119,-0.020022
23.129,-0.016749
23.139,-0.013467
23.149,-0.01019
23.159,-0.0068982
23.169,-0.003605
23.179,-0.00029317
23.189,0.0030126
23.199,0.0063454
23.209,0.0096682
23.219,0.012993
23.229,0.016336
23.239,0.019672
23.249,0.022999
23.259,0.026345
23.269,0.029675
23.279,0.033009
23.289,0.036343
23.299,0.039677
23.309,0.042994
23.319,0.04631
23.329,0.04963
23.339,0.052919
23.349,0.056201
23.359,0.059437
23.369,0.062654
23.379,0.065847
23.389,0.069021
23.399,0.072159
23.409,0.075256
23.419,0.078334
23.429,0.081385
23.44,0.084377
23.45,0.087326
23.46,0.090217
23.47,0.093063
23.48,0.095881
23.49,0.098643
23.5,0.10135
23.51,0.10399
23.52,0.10658
23.53,0.1091
23.54,0.11156
23.55,0.11397
23.56,0.11629
23.57,0.11854
23.58,0.12073
23.59,0.12285
23.6,0.12488
23.61,0.12684
23.62,0.12873
23.63,0.13052
23.64,0.13224
23.65,0.13388
23.66,0.13544
23.67,0.13694
23.68,0.13835
23.69,0.13967
23.7,0.14091
23.71,0.14206
23.72,0.14313
23.73,0.14412
23.74,0.14503
23.75,0.14586
23.76,0.1466
23.77,0.14725
23.78,0.14782
23.79,0.14831
23.8,0.14871
23.81,0.14902
23.82,0.14927
23.831,0.14942
23.841,0.1495
23.851,0.14949
23.861,0.1494
23.871,0.14923
23.881,0.14897
23.891,0.14865
23.901,0.14826
23.911,0.14777
23.921,0.14722
23.931,0.1466
23.941,0.1459
23.951,0.14512
23.961,0.14427
23.971,0.14335
23.981,0.14235
23.991,0.14128
24.001,0.14014
24.011,0.13894
24.021,0.13767
24.031,0.13633
24.041,0.13493
24.051,0.13348
24.061,0.13195
24.071,0.13037
24.081,0.12872
24.091,0.12702
24.101,0.12525
24.111,0.12342
24.121,0.12154
24.131,0.11961
24.141,0.11762
24.151,0.11557
24.161,0.11348
24.171,0.11133
24.181,0.10913
24.191,0.10688
24.201,0.1046
24.211,0.10227
24.222,0.099895
24.232,0.09748
24.242,0.095046
24.252,0.092575
24.262,0.090071
24.272,0.087531
24.282,0.084965
24.292,0.082373
24.302,0.079737
24.312,0.077089
24.322,0.074415
24.332,0.071707
24.342,0.068979
24.352,0.066257
24.362,0.063506
24.372,0.060743
24.382,0.057965
24.392,0.05516
24.402,0.05235
24.412,0.049541
24.422,0.046747
24.432,0.043949
24.442,0.041145
24.452,0.038355
24.462,0.03558
24.472,0.032808
24.482,0.030052
24.492,0.027299
24.502,0.024546
24.512,0.021818
24.522,0.019108
24.532,0.016424
24.542,0.013744
24.552,0.011082
24.562,0.0084542
24.572,0.0058568
24.582,0.0032732
24.592,0.00071404
24.602,-0.0018049
24.612,-0.0042924
24.623,-0.0067524
24.633,-0.0091822
24.643,-0.011562
24.653,-0.013918
24.663,-0.016234
24.673,-0.018502
24.683,-0.020746
24.693,-0.022962
24.703,-0.025116
24.713,-0.027239
24.723,-0.029332
24.733,-0.031387
24.743,-0.033398
24.753,-0.035367
24.763,-0.037318
24.773,-0.039222
24.783,-0.041084
24.793,-0.042912
24.803,-0.044699
24.813,-0.046456
24.823,-0.048174
24.833,-0.049857
24.843,-0.051514
24.853,-0.053137
24.863,-0.054716
24.873,-0.056281
24.883,-0.057811
24.893,-0.059309
24.903,-0.060781
24.913,-0.062241
24.923,-0.063686
24.933,-0.065124
24.943,-0.066553
24.953,-0.067958
24.963,-0.069346
24.973,-0.070722
24.983,-0.072092
24.993,-0.073452
25.003,-0.074809
25.014,-0.076164
25.024,-0.077514
25.034,-0.078856
25.044,-0.080193
25.054,-0.081535
25.064,-0.082874
25.074,-0.084223
25.084,-0.085568
25.094,-0.086917
25.104,-0.088279
25.114,-0.089651
25.124,-0.091034
25.134,-0.092429
25.144,-0.093843
25.154,-0.09527
25.164,-0.0967
25.174,-0.098139
25.184,-0.099592
25.194,-0.10106
25.204,-0.10253
25.214,-0.10403
25.224,-0.10554
25.234,-0.10705
25.244,-0.10858
25.254,-0.11013
25.264,-0.11168
25.274,-0.11323
25.284,-0.11478
25.294,-0.11637
25.304,-0.11796
25.314,-0.11956
25.324,-0.12116
25.334,-0.12277
25.344,-0.12439
25.354,-0.12602
25.364,-0.12766
25.374,-0.12929
25.384,-0.13094
25.394,-0.13258
25.405,-0.13421
25.415,-0.13584
25.425,-0.13746
25.435,-0.13907
25.445,-0.14067
25.455,-0.14227
25.465,-0.14386
25.475,-0.14543
25.485,-0.14701
25.495,-0.14856
25.505,-0.1501
25.515,-0.15164
25.525,-0.15316
25.535,-0.15465
25.545,-0.15612
25.555,-0.15755
25.565,-0.15896
25.575,-0.16035
25.585,-0.16172
25.595,-0.16305
25.605,-0.16435
25.615,-0.16562
25.625,-0.16685
25.635,-0.16804
25.645,-0.16919
25.655,-0.1703
25.665,-0.17137
25.675,-0.1724
25.685,-0.17339
25.695,-0.17433
25.705,-0.17522
25.715,-0.17607
25.725,-0.17688
25.735,-0.17764
25.745,-0.17835
25.755,-0.17902
25.765,-0.17964
25.775,-0.18021
25.785,-0.18072
25.796,-0.18118
25.806,-0.18159
25.816,-0.18195
25.826,-0.18224
25.836,-0.1825
25.846,-0.1827
25.856,-0.18285
25.866,-0.18295
25.876,-0.18299
25.886,-0.18298
25.896,-0.18291
25.906,-0.18279
25.916,-0.18262
25.926,-0.18239
25.936,-0.18211
25.946,-0.18179
25.956,-0.18141
25.966,-0.18099
25.976,-0.18051
25.986,-0.18
25.996,-0.17943
26.006,-0.17881
26.016,-0.17814
26.026,-0.17742
26.036,-0.17667
26.046,-0.17589
26.056,-0.17505
26.066,-0.17418
26.076,-0.17327
26.086,-0.17232
26.096,-0.17133
26.106,-0.17031
26.116,-0.16925
26.126,-0.16815
26.136,-0.16702
26.146,-0.16586
26.156,-0.16467
26.166,-0.16345
26.176,-0.16221
26.186,-0.16095
26.197,-0.15967
26.207,-0.15836
26.217,-0.15702
26.227,-0.15569
26.237,-0.15433
26.247,-0.15295
26.257,-0.15156
26.267,-0.15016
26.277,-0.14874
26.287,-0.14732
26.297,-0.14588
26.307,-0.14445
26.317,-0.143
26.327,-0.14156
26.337,-0.14011
26.347,-0.13865
26.357,-0.13718
26.367,-0.13573
26.377,-0.13428
26.387,-0.13283
26.397,-0.13137
26.407,-0.12993
26.417,-0.12849
26.427,-0.12705
26.437,-0.12562
26.447,-0.1242
26.457,-0.12278
26.467,-0.12137
26.477,-0.11996
26.487,-0.11856
26.497,-0.11716
26.507,-0.11578
26.517,-0.11441
26.527,-0.11304
26.537,-0.11167
26.547,-0.11032
26.557,-0.10899
26.567,-0.10765
26.577,-0.10631
26.588,-0.10498
26.598,-0.10366
26.608,-0.10234
26.618,-0.10101
26.628,-0.099696
26.638,-0.098373
26.648,-0.097065
26.658,-0.095758
26.668,-0.094442
26.678,-0.093129
26.688,-0.091819
26.698,-0.090509
26.708,-0.089203
26.718,-0.087887
26.728,-0.086559
26.738,-0.085233
26.748,-0.083898
26.758,-0.082555
26.768,-0.081201
26.778,-0.079835
26.788,-0.078461
26.798,-0.077079
26.808,-0.075687
26.818,-0.074288
26.828,-0.07288
26.838,-0.07145
26.848,-0.070014
26.858,-0.068556
26.868,-0.067098
26.878,-0.065611
26.888,-0.064112
26.898,-0.062614
26.908,-0.0611
26.918,-0.059574
26.928,-0.058037
26.938,-0.056483
26.948,-0.054911
26.958,-0.05332
26.968,-0.051711
26.979,-0.050104
26.989,-0.048477
26.999,-0.046837
27.009,-0.045188
27.019,-0.043527
27.029,-0.041851
27.039,-0.040168
27.049,-0.038473
27.059,-0.036774
27.069,-0.03507
27.079,-0.033368
27.089,-0.03166
27.099,-0.029926
27.109,-0.028196
27.119,-0.026468
27.129,-0.024733
27.139,-0.022993
27.149,-0.021237
27.159,-0.019479
27.169,-0.017721
27.179,-0.015967
27.189,-0.014204
27.199,-0.012448
27.209,-0.010699
27.219,-0.0089739
27.229,-0.0072537
27.239,-0.0055412
27.249,-0.0038388
27.259,-0.0021448
27.269,-0.00046948
27.279,0.0011897
27.289,0.0028257
27.299,0.0044553
27.309,0.0060585
27.319,0.0076457
27.329,0.0092133
27.339,0.010766
27.349,0.012297
27.359,0.013808
27.369,0.015292
27.38,0.016757
27.39,0.018199
27.4,0.01962
27.41,0.021025
27.42,0.022415
27.43,0.023783
27.44,0.025124
27.45,0.026446
27.46,0.02774
27.47,0.028997
27.48,0.030226
27.49,0.031433
27.5,0.032614
27.51,0.03377
27.52,0.0349
27.53,0.036006
27.54,0.037087
27.55,0.038135
27.56,0.039151
27.57,0.040141
27.58,0.041101
27.59,0.042035
27.6,0.042937
27.61,0.043801
27.62,0.044631
27.63,0.045425
27.64,0.046179
27.65,0.046902
27.66,0.047584
27.67,0.04823
27.68,0.048835
27.69,0.0494
27.7,0.049932
27.71,0.050435
27.72,0.050901
27.73,0.051328
27.74,0.051719
27.75,0.052075
27.76,0.052399
27.771,0.052682
27.781,0.052927
27.791,0.053141
27.801,0.053313
27.811,0.05345
27.821,0.053549
27.831,0.05361
27.841,0.053644
27.851,0.053649
27.861,0.053619
27.871,0.053552
27.881,0.053453
27.891,0.053321
27.901,0.053154
27.911,0.052962
27.921,0.052744
27.931,0.052498
27.941,0.052222
27.951,0.051914
27.961,0.051576
27.971,0.051214
27.981,0.050829
27.991,0.050418
28.001,0.049985
28.011,0.049524
28.021,0.049048
28.031,0.048546
28.041,0.048015
28.051,0.047465
28.061,0.046894
28.071,0.046304
28.081,0.045693
28.091,0.045069
28.101,0.044438
28.111,0.043797
28.121,0.043143
28.131,0.042476
28.141,0.041795
28.151,0.041102
28.162,0.040397
28.172,0.039685
28.182,0.038973
28.192,0.038251
28.202,0.037531
28.212,0.036809
28.222,0.036088
28.232,0.035364
28.242,0.034644
28.252,0.033929
28.262,0.033208
28.272,0.032498
28.282,0.031786
28.292,0.031061
28.302,0.030333
28.312,0.029617
28.322,0.028916
28.332,0.028225
28.342,0.027543
28.352,0.02687
28.362,0.026224
28.372,0.025589
28.382,0.02497
28.392,0.02436
28.402,0.023766
28.412,0.023191
28.422,0.022631
28.432,0.02209
28.442,0.021584
28.452,0.021106
28.462,0.020646
28.472,0.020212
28.482,0.019797
28.492,0.019412
28.502,0.01905
28.512,0.018721
28.522,0.01842
28.532,0.018146
28.542,0.017901
28.553,0.017689
28.563,0.017508
28.573,0.017348
28.583,0.017212
28.593,0.017111
28.603,0.01705
28.613,0.017011
28.623,0.017
28.633,0.017024
28.643,0.017077
28.653,0.017162
28.663,0.017282
28.673,0.017437
28.683,0.017627
28.693,0.017855
28.703,0.018112
28.713,0.018403
28.723,0.018727
28.733,0.019089
28.743,0.01948
28.753,0.019911
28.763,0.020376
28.773,0.02087
28.783,0.021399
28.793,0.021959
28.803,0.022543
28.813,0.023159
28.823,0.023802
28.833,0.024477
28.843,0.025176
28.853,0.025899
28.863,0.026646
28.873,0.02741
28.883,0.02819
28.893,0.028984
28.903,0.0298
28.913,0.030618
28.923,0.031438
28.933,0.03226
28.943,0.033095
28.954,0.033934
28.964,0.034763
28.974,0.035592
28.984,0.036413
28.994,0.037227
29.004,0.038016
29.014,0.038791
29.024,0.039555
29.034,0.040306
29.044,0.041037
29.054,0.041747
29.064,0.042437
29.074,0.0431
29.084,0.04373
29.094,0.044328
29.104,0.0449
29.114,0.045436
29.124,0.04593
29.134,0.046388
29.144,0.046814
29.154,0.047196
29.164,0.047541
29.174,0.04785
29.184,0.04811
29.194,0.048328
29.204,0.048503
29.214,0.048639
29.224,0.048732
29.234,0.048775
29.244,0.048769
29.254,0.04872
29.264,0.048626
29.274,0.048492
29.284,0.04832
29.294,0.048106
29.304,0.047852
29.314,0.047552
29.324,0.047216
29.334,0.046854
29.345,0.046452
29.355,0.046025
29.365,0.045564
29.375,0.045069
29.385,0.044556
29.395,0.044018
29.405,0.043459
29.415,0.04287
29.425,0.04226
29.435,0.041631
29.445,0.040985
29.455,0.040328
29.465,0.039664
29.475,0.038993
29.485,0.03831
29.495,0.037626
29.505,0.036935
29.515,0.036239
29.525,0.035541
29.535,0.034838
29.545,0.034136
29.555,0.033437
29.565,0.032739
29.575,0.032047
29.585,0.031358
29.595,0.030673
29.605,0.03
29.615,0.029341
29.625,0.028683
29.635,0.028029
29.645,0.027381
29.655,0.026734
29.665,0.026099
29.675,0.025465
29.685,0.02483
29.695,0.024205
29.705,0.023575
29.715,0.022944
29.725,0.022307
29.736,0.021656
29.746,0.021006
29.756,0.020354
29.766,0.019682
29.776,0.019005
29.786,0.018323
29.796,0.017639
29.806,0.016936
29.816,0.016224
29.826,0.015513
29.836,0.014817
29.846,0.014122
29.856,0.013426
29.866,0.01273
29.876,0.01203
29.886,0.01132
29.896,0.010608
29.906,0.0098999
29.916,0.0091819
29.926,0.0084556
29.936,0.0077138
29.946,0.0069536
29.956,0.0061856
29.966,0.0054094
29.976,0.0046265
29.986,0.0038278
29.996,0.0030134
30.006,0.0021889
30.016,0.0013632
30.026,0.00053359
30.036,-0.00030313
30.046,-0.0011406
30.056,-0.0019807
30.066,-0.0028297
30.076,-0.0036941
30.086,-0.0045513
30.096,-0.0053923
30.106,-0.0062211
30.116,-0.0070504
30.127,-0.0078751
30.137,-0.0086859
30.147,-0.0094894
30.157,-0.010279
30.167,-0.011049
30.177,-0.011803
30.187,-0.012532
30.197,-0.013246
30.207,-0.013941
30.217,-0.01461
30.227,-0.015264
30.237,-0.015897
30.247,-0.016502
30.257,-0.017071
30.267,-0.0176
30.277,-0.018105
30.287,-0.018578
30.297,-0.019024
30.307,-0.019434
30.317,-0.01981
30.327,-0.020155
30.337,-0.020478
30.347,-0.020764
30.357,-0.021005
30.367,-0.021211
30.377,-0.021385
30.387,-0.021529
30.397,-0.021643
30.407,-0.021728
30.417,-0.021789
30.427,-0.021814
30.437,-0.021801
30.447,-0.021753
30.457,-0.021681
30.467,-0.021593
30.477,-0.02148
30.487,-0.021329
30.497,-0.021146
30.507,-0.020939
30.517,-0.020716
30.528,-0.020471
30.538,-0.020203
30.548,-0.019924
30.558,-0.019622
30.568,-0.019301
30.578,-0.018955
30.588,-0.018588
30.598,-0.018208
30.608,-0.017814
30.618,-0.017411
30.628,-0.016997
30.638,-0.016566
30.648,-0.016122
30.658,-0.015674
30.668,-0.015219
30.678,-0.014758
30.688,-0.014282
30.698,-0.0138
30.708,-0.013315
30.718,-0.012829
30.728,-0.012327
30.738,-0.011829
30.748,-0.011336
30.758,-0.010838
30.768,-0.010329
30.778,-0.0098216
30.788,-0.0093109
30.798,-0.0088059
30.808,-0.0083109
30.818,-0.007827
30.828,-0.0073393
30.838,-0.0068573
30.848,-0.0063786
30.858,-0.0059035
30.868,-0.0054316
30.878,-0.0049588
30.888,-0.004488
30.898,-0.0040286
30.908,-0.0035696
30.919,-0.0031139
30.929,-0.0026615
30.939,-0.0022216
30.949,-0.0017894
30.959,-0.0013604
30.969,-0.00092949
30.979,-0.00049922
30.989,-7.6781e-005
30.999,0.0003353
31.009,0.0007434
31.019,0.0011498
31.029,0.0015521
31.039,0.001955
31.049,0.0023559
31.059,0.0027552
31.069,0.0031557
31.079,0.0035593
31.089,0.0039541
31.099,0.0043436
31.109,0.0047371
31.119,0.0051372
31.129,0.005538
31.139,0.0059457
31.149,0.0063513
31.159,0.0067588
31.169,0.0071668
31.179,0.0075793
31.189,0.0079999
31.199,0.0084164
31.209,0.0088462
31.219,0.0092844
31.229,0.0097231
31.239,0.01017
31.249,0.010624
31.259,0.011082
31.269,0.011548
31.279,0.012027
31.289,0.012521
31.299,0.013027
31.31,0.013524
31.32,0.014026
31.33,0.014539
31.34,0.015058
31.35,0.015586
31.36,0.01612
31.37,0.016666
31.38,0.017216
31.39,0.017778
31.4,0.018334
31.41,0.018893
31.42,0.019458
31.43,0.020015
31.44,0.020569
31.45,0.021121
31.46,0.021672
31.47,0.022213
31.48,0.022736
31.49,0.023251
31.5,0.023753
31.51,0.024235
31.52,0.024704
31.53,0.025151
31.54,0.025583
31.55,0.025995
31.56,0.026396
31.57,0.02677
31.58,0.027124
31.59,0.027454
31.6,0.027754
31.61,0.028032
31.62,0.02828
31.63,0.028496
31.64,0.028682
31.65,0.028838
31.66,0.028957
31.67,0.029045
31.68,0.029104
31.69,0.02913
31.7,0.029124
31.711,0.029084
31.721,0.029011
31.731,0.028902
31.741,0.028754
31.751,0.028572
31.761,0.028362
31.771,0.028123
31.781,0.027853
31.791,0.027551
31.801,0.027215
31.811,0.026846
31.821,0.026454
31.831,0.026034
31.841,0.025592
31.851,0.025123
31.861,0.024633
31.871,0.024126
31.881,0.023607
31.891,0.023078
31.901,0.022531
31.911,0.021978
31.921,0.02142
31.931,0.020857
31.941,0.020296
31.951,0.019735
31.961,0.019173
31.971,0.01861
31.981,0.018043
31.991,0.01748
32.001,0.016932
32.011,0.016402
32.021,0.015875
32.031,0.01535
32.041,0.014837
32.051,0.014341
32.061,0.013865
32.071,0.013407
32.081,0.012961
32.091,0.012539
32.102,0.01215
32.112,0.011783
32.122,0.01144
32.132,0.011115
32.142,0.010819
32.152,0.010554
32.162,0.010318
32.172,0.010117
32.182,0.0099502
32.192,0.0098079
32.202,0.0096918
32.212,0.0096082
32.222,0.0095542
32.232,0.0095278
32.242,0.0095264
32.252,0.0095549
32.262,0.0096176
32.272,0.0097166
32.282,0.0098474
32.292,0.010012
32.302,0.010198
32.312,0.01041
32.322,0.010654
32.332,0.010929
32.342,0.011221
32.352,0.011541
32.362,0.011895
32.372,0.012283
32.382,0.012701
32.392,0.013137
32.402,0.013593
32.412,0.014074
32.422,0.014572
32.432,0.015099
32.442,0.015648
32.452,0.016222
32.462,0.016821
32.472,0.017436
32.482,0.018065
32.493,0.018709
32.503,0.019368
32.513,0.020056
32.523,0.020756
32.533,0.02146
32.543,0.022172
32.553,0.022894
32.563,0.023621
32.573,0.024358
32.583,0.025098
32.593,0.025848
32.603,0.026591
32.613,0.027334
32.623,0.028084
32.633,0.028841
32.643,0.029595
32.653,0.030333
32.663,0.031059
32.673,0.031777
32.683,0.032488
32.693,0.033192
32.703,0.033883
32.713,0.034554
32.723,0.035213
32.733,0.035843
32.743,0.036464
32.753,0.037057
32.763,0.037632
32.773,0.038183
32.783,0.038709
32.793,0.039214
32.803,0.039692
32.813,0.040142
32.823,0.040566
32.833,0.040961
32.843,0.041332
32.853,0.041673
32.863,0.041991
32.873,0.042291
32.884,0.042564
32.894,0.042816
32.904,0.043046
32.914,0.043256
32.924,0.043443
32.934,0.043619
32.944,0.043782
32.954,0.043924
32.964,0.044038
32.974,0.044135
32.984,0.044216
32.994,0.044279
33.004,0.044325
33.014,0.044366
33.024,0.044391
33.034,0.044403
33.044,0.044402
33.054,0.044391
33.064,0.04438
33.074,0.04436
33.084,0.044332
33.094,0.044305
33.104,0.044277
33.114,0.044241
33.124,0.044194
33.134,0.044145
33.144,0.044096
33.154,0.044036
33.164,0.043962
33.174,0.043882
33.184,0.043797
33.194,0.043714
33.204,0.043618
33.214,0.043517
33.224,0.043405
33.234,0.043277
33.244,0.043139
33.254,0.042984
33.264,0.042809
33.274,0.042612
33.285,0.0424
33.295,0.042173
33.305,0.041921
33.315,0.041655
33.325,0.041371
33.335,0.041061
33.345,0.040721
33.355,0.040351
33.365,0.039953
33.375,0.039521
33.385,0.039056
33.395,0.038557
33.405,0.038035
33.415,0.037485
33.425,0.036899
33.435,0.036272
33.445,0.035607
33.455,0.03491
33.465,0.034175
33.475,0.03341
33.485,0.032607
33.495,0.031769
33.505,0.030904
33.515,0.030004
33.525,0.029068
33.535,0.028101
33.545,0.027098
33.555,0.026069
33.565,0.025007
33.575,0.023928
33.585,0.022822
33.595,0.021696
33.605,0.020551
33.615,0.019392
33.625,0.018218
33.635,0.017035
33.645,0.015851
33.655,0.014664
33.665,0.013466
33.676,0.012283
33.686,0.011112
33.696,0.0099483
33.706,0.0087911
33.716,0.007654
33.726,0.0065357
33.736,0.0054432
33.746,0.0043748
33.756,0.0033293
33.766,0.0023202
33.776,0.0013553
33.786,0.00042522
33.796,-0.00046606
33.806,-0.0013058
33.816,-0.0021002
33.826,-0.0028462
33.836,-0.0035405
33.846,-0.0041884
33.856,-0.0047818
33.866,-0.0053135
33.876,-0.0057925
33.886,-0.0062116
33.896,-0.0065652
33.906,-0.0068605
33.916,-0.0071016
33.926,-0.0072804
33.936,-0.007393
33.946,-0.0074416
33.956,-0.0074266
33.966,-0.0073481
33.976,-0.0072068
33.986,-0.0070033
33.996,-0.0067399
34.006,-0.0064234
34.016,-0.0060482
34.026,-0.0056125
34.036,-0.0051177
34.046,-0.0045714
34.056,-0.0039815
34.067,-0.0033353
34.077,-0.002646
34.087,-0.0019133
34.097,-0.0011434
34.107,-0.00034232
34.117,0.00050374
34.127,0.0013848
34.137,0.0023044
34.147,0.0032664
34.157,0.0042455
34.167,0.005257
34.177,0.0062897
34.187,0.0073485
34.197,0.0084254
34.207,0.0095118
34.217,0.010611
34.227,0.011712
34.237,0.012826
34.247,0.013953
34.257,0.015074
34.267,0.016205
34.277,0.017328
34.287,0.018454
34.297,0.019568
34.307,0.020668
34.317,0.021768
34.327,0.022856
34.337,0.02393
34.347,0.024993
34.357,0.026047
34.367,0.027081
34.377,0.02809
34.387,0.02908
34.397,0.030051
34.407,0.031003
34.417,0.03194
34.427,0.032863
34.437,0.033759
34.447,0.034639
34.457,0.035494
34.468,0.03632
34.478,0.037123
34.488,0.0379
34.498,0.038655
34.508,0.03938
34.518,0.040075
34.528,0.040746
34.538,0.041397
34.548,0.042023
34.558,0.042622
34.568,0.043188
34.578,0.043734
34.588,0.04425
34.598,0.044742
34.608,0.045206
34.618,0.045637
34.628,0.04604
34.638,0.046421
34.648,0.046785
34.658,0.047132
34.668,0.047455
34.678,0.047754
34.688,0.04803
34.698,0.048286
34.708,0.04853
34.718,0.048754
34.728,0.048953
34.738,0.049136
34.748,0.0493
34.758,0.049448
34.768,0.049566
34.778,0.049667
34.788,0.049758
34.798,0.049829
34.808,0.049884
34.818,0.049926
34.828,0.04996
34.838,0.04998
34.848,0.049979
34.859,0.049971
34.869,0.049939
34.879,0.049899
34.889,0.049844
34.899,0.049779
34.909,0.049705
34.919,0.049617
34.929,0.049524
34.939,0.049424
34.949,0.049314
34.959,0.049186
34.969,0.049047
34.979,0.048898
34.989,0.048733
34.999,0.048557
35.009,0.048369
35.019,0.048176
35.029,0.047967
35.039,0.047741
35.049,0.047507
35.059,0.047261
35.069,0.046994
35.079,0.046714
35.089,0.046425
35.099,0.046125
35.109,0.045813
35.119,0.045486
35.129,0.045141
35.139,0.04478
35.149,0.044409
35.159,0.044035
35.169,0.043644
35.179,0.043238
35.189,0.042825
35.199,0.042396
35.209,0.04195
35.219,0.041486
35.229,0.041003
35.239,0.040501
35.25,0.039984
35.26,0.039456
35.27,0.038908
35.28,0.038356
35.29,0.037793
35.3,0.037212
35.31,0.036613
35.32,0.036002
35.33,0.035382
35.34,0.034762
35.35,0.034131
35.36,0.033494
35.37,0.032854
35.38,0.0322
35.39,0.031539
35.4,0.030872
35.41,0.03021
35.42,0.029543
35.43,0.028869
35.44,0.028186
35.45,0.027507
35.46,0.026819
35.47,0.026142
35.48,0.025467
35.49,0.024795
35.5,0.024137
35.51,0.023497
35.52,0.022878
35.53,0.022272
35.54,0.021672
35.55,0.021081
35.56,0.020501
35.57,0.019947
35.58,0.019402
35.59,0.018866
35.6,0.018349
35.61,0.017848
35.62,0.017365
35.63,0.016892
35.641,0.01644
35.651,0.016012
35.661,0.015608
35.671,0.015232
35.681,0.014867
35.691,0.014516
35.701,0.014181
35.711,0.013869
35.721,0.013575
35.731,0.013307
35.741,0.013058
35.751,0.012825
35.761,0.012611
35.771,0.012414
35.781,0.012235
35.791,0.012073
35.801,0.011935
35.811,0.011811
35.821,0.011702
35.831,0.011602
35.841,0.01152
35.851,0.011448
35.861,0.011399
35.871,0.011363
35.881,0.011339
35.891,0.011324
35.901,0.011319
35.911,0.011333
35.921,0.011354
35.931,0.011393
35.941,0.011449
35.951,0.011511
35.961,0.011581
35.971,0.011655
35.981,0.011746
35.991,0.011848
36.001,0.011955
36.011,0.012067
36.021,0.01219
36.031,0.012324
36.042,0.012473
36.052,0.012632
36.062,0.012798
36.072,0.012972
36.082,0.013153
36.092,0.01334
36.102,0.013524
36.112,0.013725
36.122,0.013942
36.132,0.014175
36.142,0.014412
36.152,0.014655
36.162,0.014913
36.172,0.015177
36.182,0.015452
36.192,0.015724
36.202,0.016002
36.212,0.016296
36.222,0.016594
36.232,0.016899
36.242,0.017208
36.252,0.017522
36.262,0.017836
36.272,0.018153
36.282,0.018473
36.292,0.018801
36.302,0.019127
36.312,0.019455
36.322,0.019788
36.332,0.020122
36.342,0.020464
36.352,0.020804
36.362,0.021155
36.372,0.021508
36.382,0.021856
36.392,0.022202
36.402,0.022543
36.412,0.022882
36.422,0.023223
36.433,0.023558
36.443,0.023891
36.453,0.024228
36.463,0.024555
36.473,0.024884
36.483,0.025215
36.493,0.025543
36.503,0.025863
36.513,0.026189
36.523,0.026531
36.533,0.02685
36.543,0.027184
36.553,0.027482
36.563,0.027804
36.573,0.028143
36.583,0.028479
36.593,0.028826
36.603,0.029136
36.613,0.029462
36.623,0.029752
36.633,0.030058
36.643,0.030371
36.653,0.030638
36.663,0.0309
36.673,0.031166
36.683,0.03141
36.693,0.031655
36.703,0.031879
36.713,0.0321
36.723,0.032308
36.733,0.032516
36.743,0.032706
36.753,0.032902
36.763,0.033077
36.773,0.033238
36.783,0.033377
36.793,0.033495
36.803,0.033593
36.813,0.033678
36.824,0.033749
36.834,0.033806
36.844,0.033844
36.854,0.033867
36.864,0.033876
36.874,0.033872
36.884,0.033843
36.894,0.033797
36.904,0.033733
36.914,0.03365
36.924,0.033546
36.934,0.033413
36.944,0.033248
36.954,0.033054
36.964,0.032817
36.974,0.032531
36.984,0.032209
36.994,0.031842
37.004,0.031479
37.014,0.031086
37.024,0.030652
37.034,0.030193
37.044,0.029708
37.054,0.029198
37.064,0.028677
37.074,0.028128
37.084,0.027553
37.094,0.026957
37.104,0.026326
37.114,0.025664
37.124,0.024967
37.134,0.024227
37.144,0.02345
37.154,0.022639
37.164,0.0218
37.174,0.020927
37.184,0.020017
37.194,0.019074
37.204,0.018116
37.214,0.017136
37.225,0.016121
37.235,0.015063
37.245,0.013992
37.255,0.012919
37.265,0.011851
37.275,0.010774
37.285,0.0096744
37.295,0.0085843
37.305,0.007492
37.315,0.0063945
37.325,0.0052924
37.335,0.0042018
37.345,0.003128
37.355,0.002063
37.365,0.0010182
37.375,-2.1311e-005
37.385,-0.001047
37.395,-0.0020602
37.405,-0.0030437
37.415,-0.0040004
37.425,-0.004931
37.435,-0.005853
37.445,-0.0067649
37.455,-0.0076417
37.465,-0.0085001
37.475,-0.0093166
37.485,-0.010096
37.495,-0.010836
37.505,-0.011533
37.515,-0.012189
37.525,-0.012809
37.535,-0.013398
37.545,-0.013939
37.555,-0.014441
37.565,-0.014894
37.575,-0.015313
37.585,-0.015694
37.595,-0.016041
37.605,-0.016365
37.616,-0.016652
37.626,-0.016899
37.636,-0.01712
37.646,-0.01731
37.656,-0.017475
37.666,-0.017603
37.676,-0.017709
37.686,-0.017781
37.696,-0.017832
37.706,-0.017859
37.716,-0.017858
37.726,-0.017838
37.736,-0.017792
37.746,-0.017719
37.756,-0.017625
37.766,-0.01752
37.776,-0.017388
37.786,-0.017238
37.796,-0.017075
37.806,-0.016885
37.816,-0.016676
37.826,-0.016451
37.836,-0.016218
37.846,-0.015969
37.856,-0.0157
37.866,-0.015419
37.876,-0.015122
37.886,-0.014812
37.896,-0.014497
37.906,-0.014171
37.916,-0.013839
37.926,-0.013493
37.936,-0.013125
37.946,-0.01275
37.956,-0.01236
37.966,-0.01195
37.976,-0.01154
37.986,-0.011122
37.996,-0.010681
38.007,-0.010226
38.017,-0.0097551
38.027,-0.0092695
38.037,-0.008776
38.047,-0.0082616
38.057,-0.0077428
38.067,-0.0072102
38.077,-0.0066526
38.087,-0.0060805
38.097,-0.0055031
38.107,-0.0049183
38.117,-0.0043184
38.127,-0.0037153
38.137,-0.0031067
38.147,-0.0024859
38.157,-0.0018593
38.167,-0.0012249
38.177,-0.0005899
38.187,4.6392e-005
38.197,0.0006737
38.207,0.0013084
38.217,0.0019517
38.227,0.0025888
38.237,0.0032117
38.247,0.0038442
38.257,0.0044754
38.267,0.0050928
38.277,0.005712
38.287,0.0063278
38.297,0.0069439
38.307,0.0075496
38.317,0.0081368
38.327,0.0087087
38.337,0.0092725
38.347,0.0098259
38.357,0.010354
38.367,0.010859
38.377,0.011346
38.387,0.011827
38.398,0.012289
38.408,0.01274
38.418,0.013164
38.428,0.013562
38.438,0.013929
38.448,0.014278
38.458,0.014594
38.468,0.014888
38.478,0.015156
38.488,0.015387
38.498,0.015583
38.508,0.015756
38.518,0.015897
38.528,0.016004
38.538,0.016083
38.548,0.016135
38.558,0.016148
38.568,0.016127
38.578,0.016072
38.588,0.015992
38.598,0.015878
38.608,0.015726
38.618,0.015545
38.628,0.015327
38.638,0.015075
38.648,0.0148
38.658,0.014493
38.668,0.014154
38.678,0.013781
38.688,0.013392
38.698,0.01297
38.708,0.012519
38.718,0.012046
38.728,0.011546
38.738,0.011032
38.748,0.010489
38.758,0.0099317
38.768,0.0093561
38.778,0.008764
38.788,0.0081444
38.799,0.0075044
38.809,0.006856
38.819,0.0061942
38.829,0.0055191
38.839,0.0048315
38.849,0.0041386
38.859,0.0034483
38.869,0.002745
38.879,0.0020396
38.889,0.0013304
38.899,0.00061566
38.909,-9.7014e-005
38.919,-0.00079486
38.929,-0.0014952
38.939,-0.002187
38.949,-0.0028581
38.959,-0.003519
38.969,-0.0041697
38.979,-0.0047956
38.989,-0.0054077
38.999,-0.0060083
39.009,-0.0065811
39.019,-0.0071468
39.029,-0.0077036
39.039,-0.0082375
39.049,-0.0087471
39.059,-0.0092296
39.069,-0.0096733
39.079,-0.010091
39.089,-0.010481
39.099,-0.01084
39.109,-0.011175
39.119,-0.011481
39.129,-0.011761
39.139,-0.012016
39.149,-0.012246
39.159,-0.01245
39.169,-0.012613
39.179,-0.01276
39.19,-0.012871
39.2,-0.012959
39.21,-0.013009
39.22,-0.013035
39.23,-0.013028
39.24,-0.012992
39.25,-0.012928
39.26,-0.012826
39.27,-0.012701
39.28,-0.012545
39.29,-0.012364
39.3,-0.012149
39.31,-0.01191
39.32,-0.01164
39.33,-0.011338
39.34,-0.011016
39.35,-0.010673
39.36,-0.010285
39.37,-0.0098605
39.38,-0.0094141
39.39,-0.0089474
39.4,-0.0084617
39.41,-0.007952
39.42,-0.0074195
39.43,-0.0068624
39.44,-0.0062884
39.45,-0.0056951
39.46,-0.0050682
39.47,-0.0044119
39.48,-0.0037479
39.49,-0.0030689
39.5,-0.0023699
39.51,-0.0016573
39.52,-0.00092699
39.53,-0.0001931
39.54,0.00055615
39.55,0.0013184
39.56,0.0020965
39.57,0.0028778
39.581,0.0036762
39.591,0.0045001
39.601,0.0053317
39.611,0.0061727
39.621,0.0070255
39.631,0.0078847
39.641,0.0087446
39.651,0.0096258
39.661,0.010517
39.671,0.011419
39.681,0.012328
39.691,0.013238
39.701,0.014143
39.711,0.015041
39.721,0.01594
39.731,0.016847
39.741,0.017752
39.751,0.018651
39.761,0.019551
39.771,0.020458
39.781,0.021341
39.791,0.022213
39.801,0.02308
39.811,0.023938
39.821,0.024777
39.831,0.025614
39.841,0.026442
39.851,0.027259
39.861,0.028068
39.871,0.028861
39.881,0.029636
39.891,0.030404
39.901,0.031162
39.911,0.031907
39.921,0.032631
39.931,0.033334
39.941,0.034021
39.951,0.034679
39.961,0.035328
39.971,0.035971
39.982,0.036598
39.992,0.0372
40.002,0.037788
40.012,0.038357
40.022,0.038897
40.032,0.039426
40.042,0.039931
40.052,0.040411
40.062,0.040872
40.072,0.041316
40.082,0.041733
40.092,0.042133
40.102,0.042516
40.112,0.042875
40.122,0.043215
40.132,0.043535
40.142,0.043837
40.152,0.044125
40.162,0.044392
40.172,0.044645
40.182,0.044883
40.192,0.045103
40.202,0.045294
40.212,0.045472
40.222,0.04564
40.232,0.045796
40.242,0.045933
40.252,0.046053
40.262,0.046165
40.272,0.046254
40.282,0.046335
40.292,0.046398
40.302,0.046446
40.312,0.04649
40.322,0.046516
40.332,0.046526
40.342,0.046526
40.352,0.046513
40.362,0.04649
40.373,0.04645
40.383,0.046406
40.393,0.046345
40.403,0.046278
40.413,0.046199
40.423,0.046111
40.433,0.046012
40.443,0.045893
40.453,0.045774
40.463,0.045643
40.473,0.045494
40.483,0.045334
40.493,0.045174
40.503,0.045002
40.513,0.044814
40.523,0.044615
40.533,0.044418
40.543,0.044212
40.553,0.04399
40.563,0.043764
40.573,0.043528
40.583,0.043276
40.593,0.043017
40.603,0.042765
40.613,0.042499
40.623,0.04224
40.633,0.04197
40.643,0.041697
40.653,0.041412
40.663,0.04113
40.673,0.040843
40.683,0.040563
40.693,0.040293
40.703,0.040012
40.713,0.039726
40.723,0.039449
40.733,0.039175
40.743,0.038914
40.753,0.038651
40.764,0.038389
40.774,0.038152
40.784,0.037916
40.794,0.03769
40.804,0.037472
40.814,0.037269
40.824,0.037068
40.834,0.036878
40.844,0.036698
40.854,0.03652
40.864,0.03635
40.874,0.036192
40.884,0.036049
40.894,0.035923
40.904,0.035811
40.914,0.035714
40.924,0.035631
40.934,0.03556
40.944,0.035506
40.954,0.035456
40.964,0.035429
40.974,0.03541
40.984,0.035398
40.994,0.03539
41.004,0.035389
41.014,0.035403
41.024,0.035432
41.034,0.035466
41.044,0.035501
41.054,0.035535
41.064,0.035568
41.074,0.035608
41.084,0.035652
41.094,0.035702
41.104,0.035763
41.114,0.035826
41.124,0.035899
41.134,0.035972
41.144,0.036052
41.155,0.036121
41.165,0.036192
41.175,0.036261
41.185,0.036319
41.195,0.036375
41.205,0.036433
41.215,0.036483
41.225,0.036539
41.235,0.03658
41.245,0.036623
41.255,0.036666
41.265,0.036703
41.275,0.036731
41.285,0.03675
41.295,0.036756
41.305,0.036757
41.315,0.036756
41.325,0.03676
41.335,0.036767
41.345,0.036766
41.355,0.036763
41.365,0.036763
41.375,0.036753
41.385,0.036745
41.395,0.036741
41.405,0.03674
41.415,0.036737
41.425,0.03674
41.435,0.036737
41.445,0.036738
41.455,0.036754
41.465,0.036776
41.475,0.0368
41.485,0.036836
41.495,0.03688
41.505,0.036927
41.515,0.036979
41.525,0.037038
41.535,0.037108
41.545,0.0372
41.556,0.037298
41.566,0.037405
41.576,0.03754
41.586,0.037681
41.596,0.037835
41.606,0.038008
41.616,0.038195
41.626,0.038399
41.636,0.038617
41.646,0.038845
41.656,0.039092
41.666,0.039343
41.676,0.039605
41.686,0.039885
41.696,0.040173
41.706,0.040491
41.716,0.040818
41.726,0.04117
41.736,0.04154
41.746,0.041926
41.756,0.042327
41.766,0.042742
41.776,0.043169
41.786,0.043603
41.796,0.044032
41.806,0.044467
41.816,0.044908
41.826,0.045357
41.836,0.045805
41.846,0.046254
41.856,0.046715
41.866,0.047178
41.876,0.047643
41.886,0.048104
41.896,0.048575
41.906,0.049042
41.916,0.049498
41.926,0.049943
41.936,0.050385
41.947,0.050828
41.957,0.051275
41.967,0.05172
41.977,0.052164
41.987,0.052591
41.997,0.053009
42.007,0.053427
42.017,0.053841
42.027,0.054228
42.037,0.0546
42.047,0.054953
42.057,0.055299
42.067,0.055635
42.077,0.055957
42.087,0.056257
42.097,0.056535
42.107,0.056798
42.117,0.057052
42.127,0.057276
42.137,0.057488
42.147,0.057689
42.157,0.057862
42.167,0.058015
42.177,0.058151
42.187,0.058258
42.197,0.058341
42.207,0.058405
42.217,0.058454
42.227,0.05848
42.237,0.058472
42.247,0.058447
42.257,0.058404
42.267,0.058341
42.277,0.058261
42.287,0.058152
42.297,0.058019
42.307,0.057875
42.317,0.05771
42.327,0.057518
42.338,0.057295
42.348,0.057062
42.358,0.056812
42.368,0.056549
42.378,0.056263
42.388,0.055964
42.398,0.055646
42.408,0.055316
42.418,0.054969
42.428,0.054593
42.438,0.054208
42.448,0.053828
42.458,0.053435
42.468,0.053023
42.478,0.052598
42.488,0.052152
42.498,0.051703
42.508,0.051246
42.518,0.050781
42.528,0.050317
42.538,0.049844
42.548,0.049376
42.558,0.048896
42.568,0.048397
42.578,0.047895
42.588,0.047396
42.598,0.046888
42.608,0.046384
42.618,0.045879
42.628,0.045374
42.638,0.044853
42.648,0.04432
42.658,0.043775
42.668,0.043233
42.678,0.042696
42.688,0.042158
42.698,0.041619
42.708,0.041071
42.718,0.040524
42.729,0.039982
42.739,0.039416
42.749,0.038839
42.759,0.038269
42.769,0.037693
42.779,0.037119
42.789,0.036541
42.799,0.035969
42.809,0.03541
42.819,0.034832
42.829,0.03425
42.839,0.033678
42.849,0.033095
42.859,0.032526
42.869,0.031957
42.879,0.031384
42.889,0.030811
42.899,0.030235
42.909,0.029664
42.919,0.029117
42.929,0.028576
42.939,0.028036
42.949,0.027495
42.959,0.026971
42.969,0.026463
42.979,0.025955
42.989,0.025471
42.999,0.025008
43.009,0.024559
43.019,0.024116
43.029,0.023697
43.039,0.023289
43.049,0.022899
43.059,0.022525
43.069,0.022168
43.079,0.021841
43.089,0.021538
43.099,0.021264
43.109,0.021034
43.119,0.020827
43.13,0.020657
43.14,0.020527
43.15,0.020432
43.16,0.020369
43.17,0.020341
43.18,0.020352
43.19,0.020392
43.2,0.020455
43.21,0.02056
43.22,0.020706
43.23,0.020881
43.24,0.021098
43.25,0.021355
43.26,0.021647
43.27,0.021975
43.28,0.02231
43.29,0.022675
43.3,0.023081
43.31,0.023525
43.32,0.023983
43.33,0.024464
43.34,0.024963
43.35,0.025487
43.36,0.026034
43.37,0.026589
43.38,0.02718
43.39,0.027771
43.4,0.02837
43.41,0.028984
43.42,0.0296
43.43,0.030224
43.44,0.03084
43.45,0.031464
43.46,0.032099
43.47,0.032724
43.48,0.033349
43.49,0.03397
43.5,0.034587
43.51,0.035207
43.521,0.035819
43.531,0.036412
43.541,0.036982
43.551,0.037527
43.561,0.038063
43.571,0.038572
43.581,0.03905
43.591,0.039514
43.601,0.039956
43.611,0.040374
43.621,0.04078
43.631,0.041156
43.641,0.041504
43.651,0.041825
43.661,0.042129
43.671,0.042407
43.681,0.042639
43.691,0.042828
43.701,0.043001
43.711,0.043137
43.721,0.04325
43.731,0.043334
43.741,0.043392
43.751,0.043405
43.761,0.043375
43.771,0.043313
43.781,0.043228
43.791,0.043097
43.801,0.04293
43.811,0.042746
43.821,0.042521
43.831,0.042262
43.841,0.041963
43.851,0.041634
43.861,0.041283
43.871,0.040908
43.881,0.040492
43.891,0.040051
43.901,0.039575
43.912,0.039052
43.922,0.038494
43.932,0.037916
43.942,0.037308
43.952,0.036671
43.962,0.036004
43.972,0.035298
43.982,0.034577
43.992,0.033841
44.002,0.033077
44.012,0.032275
44.022,0.031456
44.032,0.030613
44.042,0.029749
44.052,0.028862
44.062,0.027945
44.072,0.02701
44.082,0.026068
44.092,0.025101
44.102,0.024115
44.112,0.023121
44.122,0.022113
44.132,0.021077
44.142,0.020024
44.152,0.018961
44.162,0.017889
44.172,0.016812
44.182,0.015721
44.192,0.014646
44.202,0.013558
44.212,0.012475
44.222,0.011396
44.232,0.010313
44.242,0.0092429
44.252,0.0081614
44.262,0.007083
44.272,0.006015
44.282,0.0049549
44.292,0.0039085
44.302,0.0028861
44.313,0.0018613
44.323,0.00084497
44.333,-0.00014592
44.343,-0.0011126
44.353,-0.0020665
44.363,-0.0029872
44.373,-0.003894
44.383,-0.00479
44.393,-0.0056771
44.403,-0.0065424
44.413,-0.0073877
44.423,-0.0082239
44.433,-0.0090289
44.443,-0.009807
44.453,-0.010575
44.463,-0.011305
44.473,-0.012024
44.483,-0.012729
44.493,-0.013411
44.503,-0.014067
44.513,-0.014699
44.523,-0.015315
44.533,-0.015913
44.543,-0.016495
44.553,-0.01706
44.563,-0.017593
44.573,-0.018112
44.583,-0.018597
44.593,-0.01906
44.603,-0.019511
44.613,-0.01993
44.623,-0.02034
44.633,-0.020728
44.643,-0.021115
44.653,-0.021502
44.663,-0.021866
44.673,-0.022217
44.683,-0.022551
44.693,-0.022885
44.704,-0.023194
44.714,-0.023495
44.724,-0.023787
44.734,-0.024062
44.744,-0.024344
44.754,-0.024611
44.764,-0.02486
44.774,-0.025092
44.784,-0.025325
44.794,-0.02553
44.804,-0.025733
44.814,-0.025936
44.824,-0.02611
44.834,-0.02628
44.844,-0.026435
44.854,-0.026584
44.864,-0.026716
44.874,-0.026837
44.884,-0.026949
44.894,-0.02705
44.904,-0.027126
44.914,-0.027199
44.924,-0.027254
44.934,-0.027296
44.944,-0.027331
44.954,-0.027345
44.964,-0.027348
44.974,-0.02733
44.984,-0.027292
44.994,-0.027243
45.004,-0.027178
45.014,-0.027102
45.024,-0.027013
45.034,-0.026903
45.044,-0.026793
45.054,-0.026668
45.064,-0.026543
45.074,-0.026403
45.084,-0.02626
45.095,-0.026115
45.105,-0.025961
45.115,-0.025791
45.125,-0.025604
45.135,-0.025402
45.145,-0.025193
45.155,-0.024992
45.165,-0.024784
45.175,-0.024586
45.185,-0.024369
45.195,-0.024143
45.205,-0.023903
45.215,-0.023676
45.225,-0.023445
45.235,-0.023221
45.245,-0.023003
45.255,-0.022788
45.265,-0.022577
45.275,-0.02238
45.285,-0.022194
45.295,-0.022007
45.305,-0.021827
45.315,-0.021662
45.325,-0.021507
45.335,-0.021362
45.345,-0.02124
45.355,-0.021142
45.365,-0.021065
45.375,-0.021015
45.385,-0.020984
45.395,-0.02099
45.405,-0.020999
45.415,-0.021037
45.425,-0.021116
45.435,-0.021212
45.445,-0.021337
45.455,-0.021494
45.465,-0.021684
45.475,-0.021906
45.486,-0.022175
45.496,-0.022459
45.506,-0.022766
45.516,-0.023123
45.526,-0.023502
45.536,-0.023917
45.546,-0.024349
45.556,-0.024816
45.566,-0.025316
45.576,-0.02584
45.586,-0.026377
45.596,-0.026933
45.606,-0.027509
45.616,-0.028119
45.626,-0.028739
45.636,-0.02939
45.646,-0.030065
45.656,-0.030754
45.666,-0.031451
45.676,-0.032178
45.686,-0.032937
45.696,-0.033703
45.706,-0.034485
45.716,-0.035276
45.726,-0.036073
45.736,-0.036853
45.746,-0.037646
45.756,-0.038434
45.766,-0.039219
45.776,-0.040004
45.786,-0.040798
45.796,-0.041599
45.806,-0.042383
45.816,-0.043166
45.826,-0.04393
45.836,-0.044681
45.846,-0.045409
45.856,-0.046119
45.866,-0.046812
45.876,-0.047483
45.887,-0.04815
45.897,-0.048817
45.907,-0.049455
45.917,-0.050081
45.927,-0.050676
45.937,-0.051244
45.947,-0.051784
45.957,-0.052308
45.967,-0.052804
45.977,-0.053288
45.987,-0.053772
45.997,-0.054231
46.007,-0.054667
46.017,-0.055089
46.027,-0.055476
46.037,-0.055846
46.047,-0.056204
46.057,-0.056561
46.067,-0.056898
46.077,-0.057216
46.087,-0.057524
46.097,-0.057843
46.107,-0.058141
46.117,-0.058442
46.127,-0.058733
46.137,-0.05902
46.147,-0.059305
46.157,-0.059599
46.167,-0.059875
46.177,-0.060147
46.187,-0.060429
46.197,-0.060732
46.207,-0.061038
46.217,-0.061364
46.227,-0.061691
46.237,-0.062016
46.247,-0.062363
46.257,-0.062705
46.267,-0.063056
46.278,-0.063414
46.288,-0.063777
46.298,-0.064154
46.308,-0.064547
46.318,-0.064947
46.328,-0.065375
46.338,-0.065828
46.348,-0.066284
46.358,-0.066747
46.368,-0.067224
46.378,-0.067712
46.388,-0.068199
46.398,-0.068704
46.408,-0.069224
46.418,-0.069754
46.428,-0.070262
46.438,-0.070792
46.448,-0.071308
46.458,-0.071815
46.468,-0.072318
46.478,-0.072807
46.488,-0.073295
46.498,-0.073788
46.508,-0.07428
46.518,-0.074757
46.528,-0.075224
46.538,-0.075669
46.548,-0.076112
46.558,-0.076544
46.568,-0.076957
46.578,-0.077358
46.588,-0.077725
46.598,-0.07806
46.608,-0.078369
46.618,-0.078677
46.628,-0.078935
46.638,-0.079155
46.648,-0.079353
46.658,-0.079507
46.669,-0.07964
46.679,-0.079735
46.689,-0.079826
46.699,-0.079881
46.709,-0.079905
46.719,-0.079909
46.729,-0.079883
46.739,-0.079815
46.749,-0.079695
46.759,-0.079541
46.769,-0.079363
46.779,-0.079145
46.789,-0.078893
46.799,-0.078609
46.809,-0.078282
46.819,-0.077927
46.829,-0.077529
46.839,-0.077102
46.849,-0.076639
46.859,-0.076134
46.869,-0.075596
46.879,-0.075019
46.889,-0.074424
46.899,-0.073816
46.909,-0.073185
46.919,-0.072539
46.929,-0.071873
46.939,-0.071205
46.949,-0.070514
46.959,-0.069793
46.969,-0.069058
46.979,-0.068321
46.989,-0.067565
46.999,-0.066804
47.009,-0.06603
47.019,-0.06525
47.029,-0.064469
47.039,-0.063677
47.049,-0.062877
47.059,-0.062055
47.07,-0.061232
47.08,-0.060408
47.09,-0.059581
47.1,-0.058755
47.11,-0.057952
47.12,-0.057131
47.13,-0.056303
47.14,-0.055445
47.15,-0.054602
47.16,-0.053765
47.17,-0.052928
47.18,-0.052118
47.19,-0.051308
47.2,-0.050483
47.21,-0.049661
47.22,-0.04884
47.23,-0.048015
47.24,-0.047206
47.25,-0.046423
47.26,-0.045642
47.27,-0.044873
47.28,-0.044104
47.29,-0.043343
47.3,-0.042598
47.31,-0.041862
47.32,-0.041155
47.33,-0.040441
47.34,-0.039756
47.35,-0.039088
47.36,-0.038443
47.37,-0.03779
47.38,-0.037166
47.39,-0.036549
47.4,-0.035931
47.41,-0.03536
47.42,-0.034787
47.43,-0.034214
47.44,-0.033665
47.45,-0.033133
47.461,-0.032635
47.471,-0.032149
47.481,-0.031692
47.491,-0.031242
47.501,-0.030834
47.511,-0.03042
47.521,-0.030011
47.531,-0.029639
47.541,-0.029279
47.551,-0.02895
47.561,-0.028652
47.571,-0.028352
47.581,-0.028111
47.591,-0.027889
47.601,-0.027675
47.611,-0.027485
47.621,-0.027311
47.631,-0.027169
47.641,-0.027045
47.651,-0.02694
47.661,-0.026817
47.671,-0.026727
47.681,-0.026699
47.691,-0.026685
47.701,-0.026689
47.711,-0.026693
47.721,-0.026736
47.731,-0.026795
47.741,-0.026895
47.751,-0.027016
47.761,-0.027181
47.771,-0.027383
47.781,-0.027595
47.791,-0.0278
47.801,-0.028016
47.811,-0.028235
47.821,-0.028482
47.831,-0.028752
47.841,-0.029039
47.852,-0.029338
47.862,-0.029649
47.872,-0.02997
47.882,-0.030293
47.892,-0.030618
47.902,-0.03094
47.912,-0.031257
47.922,-0.031588
47.932,-0.031921
47.942,-0.032262
47.952,-0.032615
47.962,-0.032933
47.972,-0.03328
47.982,-0.033628
47.992,-0.033954
48.002,-0.03428
48.012,-0.034589
48.022,-0.034902
48.032,-0.035188
48.042,-0.035474
48.052,-0.035752
48.062,-0.036009
48.072,-0.036235
48.082,-0.03645
48.092,-0.036648
48.102,-0.036825
48.112,-0.036978
48.122,-0.037111
48.132,-0.037219
48.142,-0.037294
48.152,-0.037349
48.162,-0.037365
48.172,-0.03737
48.182,-0.037343
48.192,-0.037285
48.202,-0.037197
48.212,-0.03709
48.222,-0.036958
48.232,-0.036794
48.243,-0.036606
48.253,-0.036392
48.263,-0.036129
48.273,-0.035837
48.283,-0.035515
48.293,-0.035148
48.303,-0.034759
48.313,-0.03434
48.323,-0.033869
48.333,-0.033381
48.343,-0.032839
48.353,-0.032239
48.363,-0.031603
48.373,-0.030947
48.383,-0.030252
48.393,-0.029544
48.403,-0.028788
48.413,-0.028018
48.423,-0.027198
48.433,-0.026355
48.443,-0.025487
48.453,-0.024579
48.463,-0.02365
48.473,-0.022693
48.483,-0.021734
48.493,-0.020747
48.503,-0.019705
48.513,-0.018667
48.523,-0.017618
48.533,-0.01657
48.543,-0.015493
48.553,-0.014391
48.563,-0.013272
48.573,-0.01213
48.583,-0.010989
48.593,-0.0098137
48.603,-0.008669
48.613,-0.0075005
48.623,-0.0063288
48.633,-0.0051236
48.644,-0.0039065
48.654,-0.0026938
48.664,-0.0014559
48.674,-0.00027141
48.684,0.00086828
48.694,0.0020346
48.704,0.003203
48.714,0.0043769
48.724,0.0055089
48.734,0.0066522
48.744,0.0077401
48.754,0.0087807
48.764,0.0098382
48.774,0.010862
48.784,0.011813
48.794,0.012737
48.804,0.013628
48.814,0.01447
48.824,0.015281
48.834,0.01607
48.844,0.016802
48.854,0.017492
48.864,0.018126
48.874,0.018764
48.884,0.019323
48.894,0.019838
48.904,0.020279
48.914,0.020684
48.924,0.02105
48.934,0.021398
48.944,0.021683
48.954,0.021925
48.964,0.022109
48.974,0.02225
48.984,0.022346
48.994,0.022414
49.004,0.022437
49.014,0.022388
49.024,0.02229
49.035,0.022145
49.045,0.021965
49.055,0.021689
49.065,0.021388
49.075,0.021065
49.085,0.020726
49.095,0.020341
49.105,0.019884
49.115,0.019435
49.125,0.01894
49.135,0.018394
49.145,0.01781
49.155,0.017184
49.165,0.016555
49.175,0.01592
49.185,0.015224
49.195,0.014536
49.205,0.013828
49.215,0.013066
49.225,0.012324
49.235,0.01157
49.245,0.01077
49.255,0.0099752
49.265,0.0091386
49.275,0.0083398
49.285,0.0075715
49.295,0.0068334
49.305,0.0060976
49.315,0.0053813
49.325,0.0046138
49.335,0.0039141
49.345,0.0031683
49.355,0.0023965
49.365,0.0016831
49.375,0.00098209
49.385,0.00028265
49.395,-0.00037611
49.405,-0.0010525
49.415,-0.0016987
49.426,-0.0023321
49.436,-0.0029701
49.446,-0.003588
49.456,-0.0042436
49.466,-0.004844
49.476,-0.0054276
49.486,-0.0059913
49.496,-0.0065201
49.506,-0.0070294
49.516,-0.0075279
49.526,-0.0080035
49.536,-0.0084778
49.546,-0.0089049
49.556,-0.0093147
49.566,-0.0096747
49.576,-0.010025
49.586,-0.010323
49.596,-0.010616
49.606,-0.010903
49.616,-0.011202
49.626,-0.011501
49.636,-0.011753
49.646,-0.011973
49.656,-0.012137
49.666,-0.012254
49.676,-0.012324
49.686,-0.012417
49.696,-0.01249
49.706,-0.012497
49.716,-0.012522
49.726,-0.012488
49.736,-0.012416
49.746,-0.012346
49.756,-0.012211
49.766,-0.012048
49.776,-0.011902
49.786,-0.011755
49.796,-0.011518
49.806,-0.01125
49.816,-0.010962
49.827,-0.010576
49.837,-0.010241
49.847,-0.0099051
49.857,-0.0095473
49.867,-0.0090995
49.877,-0.0086367
49.887,-0.0081568
49.897,-0.0076451
49.907,-0.0070251
49.917,-0.0063602
49.927,-0.005711
49.937,-0.005105
49.947,-0.0043994
49.957,-0.0036666
49.967,-0.0028732
49.977,-0.0021133
49.987,-0.0013364
49.997,-0.00054886
50.007,0.00038493
50.017,0.0012493
50.027,0.0020659
50.037,0.0029695
50.047,0.0039434
50.057,0.0048252
50.067,0.005732
50.077,0.0066943
50.087,0.0075496
50.097,0.0077335
50.107,0.0052151
50.117,0.0018093
