0,-0.0014277
0.010014,-0.0015104
0.020028,-0.0016912
0.030043,-0.0019026
0.040057,-0.0020603
0.050071,-0.0021039
0.060085,-0.0021793
0.070099,-0.0023409
0.080113,-0.0024728
0.090128,-0.0026103
0.10014,-0.002756
0.11016,-0.0028848
0.12017,-0.0029715
0.13018,-0.0030964
0.1402,-0.0032511
0.15021,-0.0034057
0.16023,-0.0034848
0.17024,-0.0035174
0.18026,-0.0036045
0.19027,-0.003674
0.20028,-0.0037089
0.2103,-0.0037321
0.22031,-0.0037799
0.23033,-0.0038207
0.24034,-0.003879
0.25035,-0.0038815
0.26037,-0.0038915
0.27038,-0.003888
0.2804,-0.0038716
0.29041,-0.0039309
0.30043,-0.0039425
0.31044,-0.0039811
0.32045,-0.0040274
0.33047,-0.0040897
0.34048,-0.0041364
0.3505,-0.0041379
0.36051,-0.0041506
0.37052,-0.0041565
0.38054,-0.0041899
0.39055,-0.0042152
0.40057,-0.0043167
0.41058,-0.0043944
0.4206,-0.0044578
0.43061,-0.0044848
0.44062,-0.0044771
0.45064,-0.004447
0.46065,-0.004464
0.47067,-0.0044511
0.48068,-0.0044606
0.49069,-0.0044565
0.50071,-0.0044791
0.51072,-0.0044912
0.52074,-0.00455
0.53075,-0.0045973
0.54077,-0.0046219
0.55078,-0.0046548
0.56079,-0.0046998
0.57081,-0.0047551
0.58082,-0.0048041
0.59084,-0.0048313
0.60085,-0.0048846
0.61087,-0.0049486
0.62088,-0.0049917
0.63089,-0.0050349
0.64091,-0.0050496
0.65092,-0.0050557
0.66094,-0.0050467
0.67095,-0.005078
0.68096,-0.005085
0.69098,-0.00511
0.70099,-0.0051513
0.71101,-0.0051839
0.72102,-0.0052544
0.73104,-0.0053072
0.74105,-0.0053505
0.75106,-0.0053667
0.76108,-0.0053593
0.77109,-0.0053901
0.78111,-0.0054
0.79112,-0.0053993
0.80113,-0.0053968
0.81115,-0.0054596
0.82116,-0.0054621
0.83118,-0.0054955
0.84119,-0.0055512
0.85121,-0.0056037
0.86122,-0.0056134
0.87123,-0.0056278
0.88125,-0.0056186
0.89126,-0.0056093
0.90128,-0.0055813
0.91129,-0.0055881
0.9213,-0.0056087
0.93132,-0.0055989
0.94133,-0.0056047
0.95135,-0.005646
0.96136,-0.0056301
0.97138,-0.0056289
0.98139,-0.0056392
0.9914,-0.0056144
1.0014,-0.0056323
1.0114,-0.0056103
1.0214,-0.0055626
1.0315,-0.0055692
1.0415,-0.0055712
1.0515,-0.0055658
1.0615,-0.0055922
1.0715,-0.0055453
1.0815,-0.0055155
1.0915,-0.0055015
1.1016,-0.0054783
1.1116,-0.0055344
1.1216,-0.0055081
1.1316,-0.0055412
1.1416,-0.0055405
1.1516,-0.0055633
1.1616,-0.0055605
1.1717,-0.0055644
1.1817,-0.0055783
1.1917,-0.0055919
1.2017,-0.0056236
1.2117,-0.0056132
1.2217,-0.0055978
1.2317,-0.0055783
1.2418,-0.0055715
1.2518,-0.0056153
1.2618,-0.0056444
1.2718,-0.0056236
1.2818,-0.0056466
1.2918,-0.0056381
1.3018,-0.0056567
1.3119,-0.0056889
1.3219,-0.0056597
1.3319,-0.0056917
1.3419,-0.0056369
1.3519,-0.0056659
1.3619,-0.005641
1.3719,-0.0056438
1.382,-0.0056816
1.392,-0.0057113
1.402,-0.0057096
1.412,-0.0057187
1.422,-0.0057144
1.432,-0.0057161
1.442,-0.0057115
1.4521,-0.0056821
1.4621,-0.0056384
1.4721,-0.0055721
1.4821,-0.0055455
1.4921,-0.0055496
1.5021,-0.0055246
1.5121,-0.0054998
1.5222,-0.0054744
1.5322,-0.0054437
1.5422,-0.005452
1.5522,-0.0054343
1.5622,-0.0054434
1.5722,-0.0054487
1.5822,-0.0054262
1.5923,-0.0054202
1.6023,-0.005422
1.6123,-0.0054272
1.6223,-0.0053723
1.6323,-0.0053247
1.6423,-0.0053449
1.6523,-0.005364
1.6624,-0.0053295
1.6724,-0.0053377
1.6824,-0.0053342
1.6924,-0.0053264
1.7024,-0.0053406
1.7124,-0.0053357
1.7224,-0.0052973
1.7325,-0.0052842
1.7425,-0.0052646
1.7525,-0.0052532
1.7625,-0.0052342
1.7725,-0.005203
1.7825,-0.0051684
1.7925,-0.0051504
1.8026,-0.0051634
1.8126,-0.0051318
1.8226,-0.005104
1.8326,-0.0050845
1.8426,-0.0050761
1.8526,-0.005046
1.8626,-0.0050053
1.8727,-0.0049927
1.8827,-0.0049575
1.8927,-0.0049336
1.9027,-0.0049111
1.9127,-0.0048866
1.9227,-0.0048647
1.9327,-0.0048227
1.9428,-0.0047949
1.9528,-0.0047715
1.9628,-0.0047403
1.9728,-0.0047183
1.9828,-0.0046917
1.9928,-0.004665
2.0028,-0.0046663
2.0129,-0.004681
2.0229,-0.0046982
2.0329,-0.0047096
2.0429,-0.004722
2.0529,-0.0047292
2.0629,-0.0047555
2.0729,-0.0047846
2.0829,-0.0047952
2.093,-0.0048049
2.103,-0.0048068
2.113,-0.0048155
2.123,-0.0048108
2.133,-0.0047853
2.143,-0.0047591
2.153,-0.0047669
2.1631,-0.0047404
2.1731,-0.0047422
2.1831,-0.0047383
2.1931,-0.0047388
2.2031,-0.0047503
2.2131,-0.0047563
2.2231,-0.0047708
2.2332,-0.0047771
2.2432,-0.0047969
2.2532,-0.0047854
2.2632,-0.0047766
2.2732,-0.004768
2.2832,-0.0047788
2.2932,-0.0047911
2.3033,-0.004803
2.3133,-0.0048038
2.3233,-0.0048113
2.3333,-0.0048071
2.3433,-0.0048097
2.3533,-0.0048157
2.3633,-0.0048129
2.3734,-0.0048223
2.3834,-0.0048365
2.3934,-0.0048667
2.4034,-0.0048884
2.4134,-0.0049182
2.4234,-0.0049135
2.4334,-0.0049412
2.4435,-0.0049573
2.4535,-0.0049734
2.4635,-0.0050114
2.4735,-0.0050164
2.4835,-0.005017
2.4935,-0.005032
2.5035,-0.0050406
2.5136,-0.0050491
2.5236,-0.0050816
2.5336,-0.0051097
2.5436,-0.0051295
2.5536,-0.0051452
2.5636,-0.0051779
2.5736,-0.0052104
2.5837,-0.0052168
2.5937,-0.0052196
2.6037,-0.0052191
2.6137,-0.0052155
2.6237,-0.0052065
2.6337,-0.0052246
2.6437,-0.0052247
2.6538,-0.005211
2.6638,-0.0052039
2.6738,-0.0051916
2.6838,-0.0051891
2.6938,-0.0051826
2.7038,-0.0051649
2.7138,-0.0051644
2.7239,-0.0051639
2.7339,-0.0051703
2.7439,-0.0051806
2.7539,-0.0051963
2.7639,-0.0051992
2.7739,-0.0052012
2.7839,-0.0051897
2.794,-0.0052076
2.804,-0.0052001
2.814,-0.0051879
2.824,-0.0051978
2.834,-0.0051875
2.844,-0.0051801
2.854,-0.0051689
2.8641,-0.0051749
2.8741,-0.0051682
2.8841,-0.0051601
2.8941,-0.0051672
2.9041,-0.005169
2.9141,-0.005186
2.9241,-0.0052156
2.9342,-0.0052171
2.9442,-0.0052092
2.9542,-0.0052005
2.9642,-0.005194
2.9742,-0.0052053
2.9842,-0.0051969
2.9942,-0.0051975
3.0043,-0.0051921
3.0143,-0.005186
3.0243,-0.005176
3.0343,-0.0051484
3.0443,-0.0051206
3.0543,-0.0051037
3.0643,-0.0050764
3.0744,-0.0050385
3.0844,-0.0049972
3.0944,-0.0049502
3.1044,-0.0049358
3.1144,-0.0049182
3.1244,-0.0049136
3.1344,-0.004906
3.1445,-0.0048872
3.1545,-0.0048681
3.1645,-0.0048473
3.1745,-0.0047943
3.1845,-0.0047627
3.1945,-0.0047337
3.2045,-0.0046956
3.2146,-0.0046907
3.2246,-0.0046534
3.2346,-0.0046133
3.2446,-0.0045596
3.2546,-0.0045217
3.2646,-0.0044941
3.2746,-0.0044681
3.2847,-0.0044252
3.2947,-0.0043706
3.3047,-0.0043256
3.3147,-0.0042665
3.3247,-0.0042242
3.3347,-0.0041888
3.3447,-0.004153
3.3548,-0.0041116
3.3648,-0.004083
3.3748,-0.0040301
3.3848,-0.0039903
3.3948,-0.0039537
3.4048,-0.0038932
3.4148,-0.0038421
3.4249,-0.003774
3.4349,-0.003708
3.4449,-0.00363
3.4549,-0.0035638
3.4649,-0.0034726
3.4749,-0.0034112
3.4849,-0.0033185
3.4949,-0.00326
3.505,-0.0032099
3.515,-0.0031377
3.525,-0.0030657
3.535,-0.0030015
3.545,-0.0029563
3.555,-0.0028951
3.565,-0.0028263
3.5751,-0.0027601
3.5851,-0.0026964
3.5951,-0.0026275
3.6051,-0.0025585
3.6151,-0.002475
3.6251,-0.0024017
3.6351,-0.002323
3.6452,-0.0022507
3.6552,-0.0021902
3.6652,-0.0020996
3.6752,-0.002007
3.6852,-0.0019077
3.6952,-0.0018213
3.7052,-0.001723
3.7153,-0.0016209
3.7253,-0.001534
3.7353,-0.0014446
3.7453,-0.0013484
3.7553,-0.0012744
3.7653,-0.0011967
3.7753,-0.0011178
3.7854,-0.0010405
3.7954,-0.00097134
3.8054,-0.00089633
3.8154,-0.00081261
3.8254,-0.00072456
3.8354,-0.00063872
3.8454,-0.00055326
3.8555,-0.00046953
3.8655,-0.00037862
3.8755,-0.00029411
3.8855,-0.0002121
3.8955,-0.00013795
3.9055,-4.0876e-005
3.9155,3.4742e-005
3.9256,9.5976e-005
3.9356,0.00016545
3.9456,0.0002499
3.9556,0.00032795
3.9656,0.00041009
3.9756,0.00049021
3.9856,0.00056864
3.9957,0.00063381
4.0057,0.00071365
4.0157,0.00080578
4.0257,0.00090053
4.0357,0.00099003
4.0457,0.0010783
4.0557,0.0011794
4.0658,0.0012673
4.0758,0.001363
4.0858,0.0014411
4.0958,0.0015325
4.1058,0.00163
4.1158,0.001723
4.1258,0.0018218
4.1359,0.0019164
4.1459,0.0020058
4.1559,0.0021019
4.1659,0.0021971
4.1759,0.0022971
4.1859,0.0023907
4.1959,0.0024852
4.206,0.0025789
4.216,0.0026571
4.226,0.0027369
4.236,0.0028189
4.246,0.0029099
4.256,0.0030035
4.266,0.0030891
4.2761,0.0031678
4.2861,0.00324
4.2961,0.0033262
4.3061,0.0034041
4.3161,0.0034883
4.3261,0.0035654
4.3361,0.0036458
4.3462,0.0037299
4.3562,0.003815
4.3662,0.0038972
4.3762,0.0039625
4.3862,0.0040339
4.3962,0.0041025
4.4062,0.0041776
4.4163,0.0042602
4.4263,0.0043533
4.4363,0.0044424
4.4463,0.004532
4.4563,0.0046154
4.4663,0.0046935
4.4763,0.0047662
4.4864,0.0048366
4.4964,0.0049098
4.5064,0.0049752
4.5164,0.0050418
4.5264,0.0051062
4.5364,0.0051734
4.5464,0.0052441
4.5565,0.005318
4.5665,0.0053774
4.5765,0.0054412
4.5865,0.0054947
4.5965,0.0055616
4.6065,0.0056105
4.6165,0.0056575
4.6266,0.0057105
4.6366,0.0057538
4.6466,0.0057939
4.6566,0.0058474
4.6666,0.0058942
4.6766,0.0059517
4.6866,0.0060014
4.6967,0.006064
4.7067,0.0061168
4.7167,0.006155
4.7267,0.0062082
4.7367,0.0062658
4.7467,0.0063346
4.7567,0.0064155
4.7668,0.0064947
4.7768,0.0065709
4.7868,0.0066494
4.7968,0.0067086
4.8068,0.0067787
4.8168,0.0068503
4.8268,0.0069025
4.8368,0.0069555
4.8469,0.0069969
4.8569,0.0070395
4.8669,0.007076
4.8769,0.0071233
4.8869,0.0071896
4.8969,0.0072536
4.9069,0.0073243
4.917,0.0073885
4.927,0.0074616
4.937,0.007523
4.947,0.0075783
4.957,0.0076354
4.967,0.007702
4.977,0.0077583
4.9871,0.007817
4.9971,0.0078722
5.0071,0.0079297
5.0171,0.0079932
5.0271,0.0080477
5.0371,0.0080876
5.0471,0.0081274
5.0572,0.0081672
5.0672,0.0081918
5.0772,0.0082126
5.0872,0.0082405
5.0972,0.0082737
5.1072,0.0083007
5.1172,0.0083426
5.1273,0.0083682
5.1373,0.0084036
5.1473,0.0084435
5.1573,0.0084677
5.1673,0.0084964
5.1773,0.0085551
5.1873,0.0086047
5.1974,0.0086462
5.2074,0.0086843
5.2174,0.0087212
5.2274,0.008744
5.2374,0.0087717
5.2474,0.0088152
5.2574,0.0088638
5.2675,0.0089006
5.2775,0.0089404
5.2875,0.0089738
5.2975,0.0090047
5.3075,0.0090419
5.3175,0.0090854
5.3275,0.0091156
5.3376,0.0091467
5.3476,0.0091707
5.3576,0.0091923
5.3676,0.0092046
5.3776,0.0092205
5.3876,0.0092574
5.3976,0.00929
5.4077,0.0092968
5.4177,0.0093134
5.4277,0.0093384
5.4377,0.0093796
5.4477,0.0094142
5.4577,0.0094411
5.4677,0.0094637
5.4778,0.0094823
5.4878,0.0095153
5.4978,0.0095484
5.5078,0.0095807
5.5178,0.0096206
5.5278,0.0096542
5.5378,0.0096864
5.5479,0.0097162
5.5579,0.0097483
5.5679,0.0097726
5.5779,0.0097996
5.5879,0.0098154
5.5979,0.0098347
5.6079,0.0098698
5.618,0.009891
5.628,0.0099056
5.638,0.0099249
5.648,0.0099379
5.658,0.0099688
5.668,0.0099823
5.678,0.010008
5.6881,0.010038
5.6981,0.010082
5.7081,0.010118
5.7181,0.010147
5.7281,0.010176
5.7381,0.010193
5.7481,0.010217
5.7582,0.010243
5.7682,0.010274
5.7782,0.010295
5.7882,0.010323
5.7982,0.010356
5.8082,0.010384
5.8182,0.010412
5.8283,0.010447
5.8383,0.010475
5.8483,0.010506
5.8583,0.01054
5.8683,0.010568
5.8783,0.010597
5.8883,0.010635
5.8984,0.010661
5.9084,0.01069
5.9184,0.010726
5.9284,0.010771
5.9384,0.010809
5.9484,0.010853
5.9584,0.010887
5.9685,0.010924
5.9785,0.010967
5.9885,0.011014
5.9985,0.011065
6.0085,0.011115
6.0185,0.011172
6.0285,0.011235
6.0386,0.011301
6.0486,0.011356
6.0586,0.011407
6.0686,0.011459
6.0786,0.011512
6.0886,0.011562
6.0986,0.011604
6.1087,0.01165
6.1187,0.011693
6.1287,0.01174
6.1387,0.011791
6.1487,0.011821
6.1587,0.011859
6.1687,0.011901
6.1788,0.011939
6.1888,0.011981
6.1988,0.012026
6.2088,0.012072
6.2188,0.012122
6.2288,0.01218
6.2388,0.012225
6.2488,0.012269
6.2589,0.012304
6.2689,0.012344
6.2789,0.012379
6.2889,0.012407
6.2989,0.012436
6.3089,0.012474
6.3189,0.012517
6.329,0.012559
6.339,0.012599
6.349,0.012642
6.359,0.012683
6.369,0.012724
6.379,0.012767
6.389,0.012827
6.3991,0.012873
6.4091,0.012916
6.4191,0.01297
6.4291,0.013018
6.4391,0.013074
6.4491,0.013123
6.4591,0.013174
6.4692,0.013238
6.4792,0.013301
6.4892,0.013368
6.4992,0.013435
6.5092,0.013505
6.5192,0.01358
6.5292,0.013637
6.5393,0.013692
6.5493,0.013748
6.5593,0.013804
6.5693,0.013878
6.5793,0.013928
6.5893,0.013977
6.5993,0.014034
6.6094,0.014098
6.6194,0.014151
6.6294,0.014199
6.6394,0.014247
6.6494,0.014304
6.6594,0.014353
6.6694,0.014403
6.6795,0.014461
6.6895,0.014508
6.6995,0.01456
6.7095,0.0146
6.7195,0.01464
6.7295,0.01468
6.7395,0.01473
6.7496,0.014783
6.7596,0.014842
6.7696,0.014904
6.7796,0.014971
6.7896,0.015033
6.7996,0.0151
6.8096,0.01516
6.8197,0.015219
6.8297,0.015259
6.8397,0.015302
6.8497,0.015336
6.8597,0.015368
6.8697,0.015405
6.8797,0.015442
6.8898,0.015482
6.8998,0.015505
6.9098,0.015541
6.9198,0.015577
6.9298,0.015601
6.9398,0.015624
6.9498,0.015647
6.9599,0.015674
6.9699,0.0157
6.9799,0.015721
6.9899,0.01575
6.9999,0.015783
7.0099,0.015819
7.0199,0.015849
7.03,0.015887
7.04,0.015923
7.05,0.015952
7.06,0.015977
7.07,0.016002
7.08,0.016028
7.09,0.016051
7.1001,0.016068
7.1101,0.016091
7.1201,0.016103
7.1301,0.01613
7.1401,0.016155
7.1501,0.016171
7.1601,0.016178
7.1702,0.016188
7.1802,0.016206
7.1902,0.016232
7.2002,0.016247
7.2102,0.016256
7.2202,0.016257
7.2302,0.01626
7.2403,0.016267
7.2503,0.016275
7.2603,0.016275
7.2703,0.016279
7.2803,0.016291
7.2903,0.016308
7.3003,0.016331
7.3104,0.016358
7.3204,0.01638
7.3304,0.016399
7.3404,0.016416
7.3504,0.016428
7.3604,0.016443
7.3704,0.016454
7.3805,0.016458
7.3905,0.016466
7.4005,0.01647
7.4105,0.016478
7.4205,0.01648
7.4305,0.016474
7.4405,0.016474
7.4506,0.01647
7.4606,0.01646
7.4706,0.016447
7.4806,0.016436
7.4906,0.016421
7.5006,0.016415
7.5106,0.016403
7.5207,0.016383
7.5307,0.016367
7.5407,0.016358
7.5507,0.01634
7.5607,0.016327
7.5707,0.016316
7.5807,0.016308
7.5907,0.016301
7.6008,0.016301
7.6108,0.0163
7.6208,0.0163
7.6308,0.016295
7.6408,0.016285
7.6508,0.016267
7.6608,0.016256
7.6709,0.016237
7.6809,0.01622
7.6909,0.016202
7.7009,0.01618
7.7109,0.01616
7.7209,0.016133
7.7309,0.016094
7.741,0.016045
7.751,0.016009
7.761,0.015969
7.771,0.01593
7.781,0.015898
7.791,0.015871
7.801,0.015838
7.8111,0.015801
7.8211,0.015778
7.8311,0.015749
7.8411,0.01571
7.8511,0.015678
7.8611,0.015663
7.8711,0.015637
7.8812,0.015607
7.8912,0.015578
7.9012,0.015553
7.9112,0.015519
7.9212,0.01549
7.9312,0.015466
7.9412,0.015448
7.9513,0.015424
7.9613,0.015389
7.9713,0.015355
7.9813,0.015312
7.9913,0.015273
8.0013,0.015229
8.0113,0.015196
8.0214,0.015161
8.0314,0.015117
8.0414,0.015072
8.0514,0.015031
8.0614,0.014994
8.0714,0.014959
8.0814,0.014933
8.0915,0.014907
8.1015,0.014864
8.1115,0.014827
8.1215,0.014784
8.1315,0.014733
8.1415,0.014696
8.1515,0.014657
8.1616,0.014609
8.1716,0.014567
8.1816,0.014528
8.1916,0.014497
8.2016,0.014464
8.2116,0.014438
8.2216,0.014416
8.2317,0.014383
8.2417,0.014346
8.2517,0.014312
8.2617,0.014264
8.2717,0.014215
8.2817,0.014166
8.2917,0.014105
8.3018,0.014046
8.3118,0.013995
8.3218,0.013931
8.3318,0.013869
8.3418,0.013808
8.3518,0.01374
8.3618,0.013676
8.3719,0.013621
8.3819,0.013563
8.3919,0.013503
8.4019,0.013445
8.4119,0.013386
8.4219,0.013323
8.4319,0.013262
8.442,0.013205
8.452,0.013162
8.462,0.013109
8.472,0.013058
8.482,0.013
8.492,0.012935
8.502,0.012864
8.5121,0.012795
8.5221,0.01272
8.5321,0.012648
8.5421,0.012576
8.5521,0.012505
8.5621,0.012425
8.5721,0.012341
8.5822,0.012256
8.5922,0.012168
8.6022,0.012077
8.6122,0.011986
8.6222,0.011893
8.6322,0.011795
8.6422,0.011698
8.6523,0.011605
8.6623,0.011515
8.6723,0.011405
8.6823,0.011301
8.6923,0.011205
8.7023,0.011101
8.7123,0.010997
8.7224,0.010891
8.7324,0.010785
8.7424,0.010687
8.7524,0.010592
8.7624,0.010484
8.7724,0.010376
8.7824,0.010271
8.7925,0.010162
8.8025,0.010041
8.8125,0.0099241
8.8225,0.0098089
8.8325,0.0096922
8.8425,0.0095738
8.8525,0.009464
8.8626,0.0093592
8.8726,0.0092491
8.8826,0.0091316
8.8926,0.0090174
8.9026,0.0089045
8.9126,0.0088061
8.9226,0.0087052
8.9327,0.0086045
8.9427,0.008516
8.9527,0.0084405
8.9627,0.0083692
8.9727,0.0082951
8.9827,0.0082271
8.9927,0.0081602
9.0027,0.008099
9.0128,0.0080453
9.0228,0.0079998
9.0328,0.0079587
9.0428,0.0079224
9.0528,0.0078798
9.0628,0.0078393
9.0728,0.0078077
9.0829,0.0077769
9.0929,0.0077574
9.1029,0.0077409
9.1129,0.0077317
9.1229,0.0077323
9.1329,0.0077398
9.1429,0.0077401
9.153,0.0077547
9.163,0.0077752
9.173,0.0077905
9.183,0.0078073
9.193,0.0078278
9.203,0.0078445
9.213,0.0078747
9.2231,0.007909
9.2331,0.0079455
9.2431,0.0079922
9.2531,0.0080482
9.2631,0.0081018
9.2731,0.0081594
9.2831,0.0082173
9.2932,0.0082907
9.3032,0.0083722
9.3132,0.0084596
9.3232,0.0085556
9.3332,0.008642
9.3432,0.0087291
9.3532,0.0088196
9.3633,0.0089199
9.3733,0.0090192
9.3833,0.0091222
9.3933,0.0092277
9.4033,0.0093411
9.4133,0.0094443
9.4233,0.0095484
9.4334,0.0096497
9.4434,0.0097548
9.4534,0.0098637
9.4634,0.0099876
9.4734,0.010124
9.4834,0.010267
9.4934,0.010403
9.5035,0.010547
9.5135,0.010689
9.5235,0.010825
9.5335,0.010955
9.5435,0.011084
9.5535,0.011204
9.5635,0.01132
9.5736,0.011447
9.5836,0.011574
9.5936,0.011692
9.6036,0.011811
9.6136,0.011922
9.6236,0.012026
9.6336,0.012134
9.6437,0.012242
9.6537,0.01234
9.6637,0.01244
9.6737,0.012542
9.6837,0.012641
9.6937,0.012728
9.7037,0.012819
9.7138,0.012902
9.7238,0.012982
9.7338,0.013064
9.7438,0.013151
9.7538,0.013231
9.7638,0.013305
9.7738,0.013369
9.7839,0.013428
9.7939,0.013479
9.8039,0.013526
9.8139,0.013568
9.8239,0.013605
9.8339,0.013633
9.8439,0.013659
9.854,0.013681
9.864,0.013699
9.874,0.013723
9.884,0.013748
9.894,0.013762
9.904,0.013773
9.914,0.013776
9.9241,0.013779
9.9341,0.013778
9.9441,0.013766
9.9541,0.013756
9.9641,0.013734
9.9741,0.013717
9.9841,0.013693
9.9942,0.013659
10.004,0.013625
10.014,0.013585
10.024,0.013542
10.034,0.013493
10.044,0.013439
10.054,0.013377
10.064,0.013312
10.074,0.013248
10.084,0.013181
10.094,0.013118
10.104,0.01304
10.114,0.012949
10.124,0.012857
10.134,0.012771
10.144,0.012678
10.154,0.012587
10.164,0.012488
10.174,0.012393
10.184,0.012298
10.194,0.012199
10.204,0.012089
10.214,0.011981
10.224,0.011876
10.234,0.011764
10.245,0.011651
10.255,0.011527
10.265,0.011401
10.275,0.011274
10.285,0.011156
10.295,0.011036
10.305,0.010905
10.315,0.01078
10.325,0.010668
10.335,0.010548
10.345,0.010428
10.355,0.0103
10.365,0.010176
10.375,0.01005
10.385,0.0099243
10.395,0.0097948
10.405,0.0096594
10.415,0.0095373
10.425,0.0094023
10.435,0.009256
10.445,0.0091378
10.455,0.0089912
10.465,0.0088789
10.475,0.0087565
10.485,0.0086404
10.495,0.0085227
10.505,0.0084111
10.515,0.0082933
10.525,0.0081618
10.535,0.0080407
10.545,0.0079212
10.555,0.0078089
10.565,0.0076948
10.575,0.0075818
10.585,0.0074644
10.595,0.007359
10.605,0.0072471
10.615,0.0071401
10.625,0.0070492
10.635,0.0069736
10.645,0.0068933
10.655,0.0068323
10.665,0.006775
10.675,0.0067127
10.685,0.0066495
10.695,0.0065916
10.705,0.0065379
10.715,0.006484
10.725,0.0064265
10.735,0.0063743
10.745,0.0063308
10.755,0.0062902
10.765,0.0062485
10.775,0.006205
10.785,0.0061886
10.795,0.0061556
10.805,0.00613
10.815,0.0061011
10.825,0.0060749
10.835,0.0060415
10.845,0.0060202
10.855,0.0060019
10.865,0.0059821
10.875,0.0059717
10.885,0.0059576
10.895,0.0059509
10.905,0.0059555
10.915,0.0059579
10.925,0.0059367
10.935,0.0059176
10.946,0.0059067
10.956,0.0059157
10.966,0.0059182
10.976,0.005924
10.986,0.0059405
10.996,0.0059524
11.006,0.0059624
11.016,0.0059796
11.026,0.0059844
11.036,0.0059993
11.046,0.0060148
11.056,0.0060256
11.066,0.006032
11.076,0.0060309
11.086,0.0060422
11.096,0.0060488
11.106,0.0060604
11.116,0.0060773
11.126,0.0060855
11.136,0.0061031
11.146,0.0061039
11.156,0.0061104
11.166,0.0061384
11.176,0.0061772
11.186,0.0061993
11.196,0.0062311
11.206,0.0062541
11.216,0.0062785
11.226,0.0063053
11.236,0.0063396
11.246,0.0063743
11.256,0.006401
11.266,0.0064201
11.276,0.006429
11.286,0.0064437
11.296,0.0064612
11.306,0.0064892
11.316,0.006518
11.326,0.0065417
11.336,0.0065554
11.346,0.0065773
11.356,0.0065878
11.366,0.006604
11.376,0.0066264
11.386,0.0066535
11.396,0.0066788
11.406,0.0067032
11.416,0.006726
11.426,0.0067509
11.436,0.0067865
11.446,0.0068163
11.456,0.0068484
11.466,0.0068813
11.476,0.0069129
11.486,0.0069537
11.496,0.0069805
11.506,0.0069953
11.516,0.0070016
11.526,0.0070196
11.536,0.0070436
11.546,0.0070686
11.556,0.0070926
11.566,0.0071177
11.576,0.0071445
11.586,0.0071836
11.596,0.0071994
11.606,0.0072101
11.616,0.0072262
11.626,0.0072442
11.636,0.0072647
11.646,0.0072824
11.657,0.0073
11.667,0.0073229
11.677,0.0073285
11.687,0.0073432
11.697,0.0073583
11.707,0.0073583
11.717,0.0073592
11.727,0.0073576
11.737,0.0073475
11.747,0.007335
11.757,0.0073276
11.767,0.0072987
11.777,0.0072812
11.787,0.0072598
11.797,0.0072457
11.807,0.0072123
11.817,0.0071898
11.827,0.0071727
11.837,0.0071561
11.847,0.0071371
11.857,0.0071224
11.867,0.0071014
11.877,0.0070729
11.887,0.0070456
11.897,0.0070272
11.907,0.0070008
11.917,0.0069719
11.927,0.0069469
11.937,0.0069291
11.947,0.0069038
11.957,0.0068902
11.967,0.00687
11.977,0.006849
11.987,0.0068286
11.997,0.006815
12.007,0.0068011
12.017,0.0067594
12.027,0.0067386
12.037,0.0067242
12.047,0.0067016
12.057,0.0066916
12.067,0.0066745
12.077,0.0066499
12.087,0.0066269
12.097,0.0066005
12.107,0.0065695
12.117,0.0065555
12.127,0.0065368
12.137,0.0065092
12.147,0.0064863
12.157,0.0064549
12.167,0.0064248
12.177,0.0064029
12.187,0.0063662
12.197,0.0063056
12.207,0.0062672
12.217,0.0062099
12.227,0.0061547
12.237,0.006077
12.247,0.0060058
12.257,0.0059259
12.267,0.0058554
12.277,0.0057812
12.287,0.0056905
12.297,0.0056046
12.307,0.0055094
12.317,0.0054054
12.327,0.0053007
12.337,0.0051867
12.347,0.0050684
12.358,0.0049439
12.368,0.00482
12.378,0.0046903
12.388,0.0045575
12.398,0.0044121
12.408,0.004255
12.418,0.0040937
12.428,0.0039342
12.438,0.0037645
12.448,0.0035837
12.458,0.0033951
12.468,0.0032143
12.478,0.0030413
12.488,0.0028632
12.498,0.0026834
12.508,0.0024969
12.518,0.0023161
12.528,0.0021333
12.538,0.0019548
12.548,0.0017771
12.558,0.0016088
12.568,0.0014591
12.578,0.0013264
12.588,0.0011943
12.598,0.0010635
12.608,0.00094827
12.618,0.00084663
12.628,0.00075794
12.638,0.00067553
12.648,0.00060826
12.658,0.00056341
12.668,0.00052757
12.678,0.00051277
12.688,0.00051253
12.698,0.00052859
12.708,0.00057506
12.718,0.00064267
12.728,0.00072878
12.738,0.0008322
12.748,0.00096157
12.758,0.0011143
12.768,0.001293
12.778,0.0014945
12.788,0.0017169
12.798,0.0019637
12.808,0.0022363
12.818,0.0025365
12.828,0.0028653
12.838,0.0032238
12.848,0.003604
12.858,0.004013
12.868,0.0044507
12.878,0.0048974
12.888,0.0053593
12.898,0.005841
12.908,0.0063444
12.918,0.0068609
12.928,0.0073914
12.938,0.0079425
12.948,0.0085065
12.958,0.0090799
12.968,0.0096539
12.978,0.010233
12.988,0.010815
12.998,0.011397
13.008,0.011974
13.018,0.012548
13.028,0.013112
13.038,0.013664
13.048,0.014197
13.058,0.014718
13.069,0.015224
13.079,0.015708
13.089,0.016171
13.099,0.016617
13.109,0.017035
13.119,0.017423
13.129,0.017781
13.139,0.018109
13.149,0.018404
13.159,0.018661
13.169,0.018874
13.179,0.019041
13.189,0.01917
13.199,0.019256
13.209,0.019296
13.219,0.01929
13.229,0.019237
13.239,0.019135
13.249,0.018985
13.259,0.018782
13.269,0.018525
13.279,0.018221
13.289,0.017873
13.299,0.017479
13.309,0.017032
13.319,0.01653
13.329,0.015979
13.339,0.015388
13.349,0.014743
13.359,0.014057
13.369,0.013335
13.379,0.01256
13.389,0.011738
13.399,0.010878
13.409,0.0099877
13.419,0.0090702
13.429,0.0081214
13.439,0.0071374
13.449,0.0061226
13.459,0.0050858
13.469,0.004027
13.479,0.0029425
13.489,0.0018283
13.499,0.0007029
13.509,-0.0004394
13.519,-0.0015827
13.529,-0.0027333
13.539,-0.00389
13.549,-0.0050512
13.559,-0.0061999
13.569,-0.0073354
13.579,-0.0084618
13.589,-0.009584
13.599,-0.010698
13.609,-0.011806
13.619,-0.0129
13.629,-0.013973
13.639,-0.015024
13.649,-0.016061
13.659,-0.017078
13.669,-0.018084
13.679,-0.01906
13.689,-0.019999
13.699,-0.020923
13.709,-0.021832
13.719,-0.022707
13.729,-0.023553
13.739,-0.024379
13.749,-0.025169
13.759,-0.025916
13.769,-0.026636
13.78,-0.027329
13.79,-0.027993
13.8,-0.028627
13.81,-0.029234
13.82,-0.029823
13.83,-0.030374
13.84,-0.030901
13.85,-0.031412
13.86,-0.031903
13.87,-0.032377
13.88,-0.032825
13.89,-0.033252
13.9,-0.033656
13.91,-0.034053
13.92,-0.034433
13.93,-0.034791
13.94,-0.035134
13.95,-0.035458
13.96,-0.035768
13.97,-0.036071
13.98,-0.036357
13.99,-0.036631
14,-0.036904
14.01,-0.037163
14.02,-0.037411
14.03,-0.037649
14.04,-0.037884
14.05,-0.038117
14.06,-0.038349
14.07,-0.038573
14.08,-0.038784
14.09,-0.038982
14.1,-0.039175
14.11,-0.039364
14.12,-0.039544
14.13,-0.039711
14.14,-0.039871
14.15,-0.040024
14.16,-0.040176
14.17,-0.040317
14.18,-0.040444
14.19,-0.040555
14.2,-0.040653
14.21,-0.040738
14.22,-0.040809
14.23,-0.040864
14.24,-0.040898
14.25,-0.040919
14.26,-0.040923
14.27,-0.040904
14.28,-0.04086
14.29,-0.040795
14.3,-0.040702
14.31,-0.040575
14.32,-0.040422
14.33,-0.040232
14.34,-0.040017
14.35,-0.039789
14.36,-0.039531
14.37,-0.039239
14.38,-0.038914
14.39,-0.038559
14.4,-0.038186
14.41,-0.037777
14.42,-0.037337
14.43,-0.036865
14.44,-0.036361
14.45,-0.03583
14.46,-0.035267
14.47,-0.034689
14.481,-0.034088
14.491,-0.033467
14.501,-0.032824
14.511,-0.032155
14.521,-0.031472
14.531,-0.030776
14.541,-0.030074
14.551,-0.029357
14.561,-0.028626
14.571,-0.027885
14.581,-0.027135
14.591,-0.026387
14.601,-0.025651
14.611,-0.024927
14.621,-0.024212
14.631,-0.023499
14.641,-0.022804
14.651,-0.022139
14.661,-0.021496
14.671,-0.020873
14.681,-0.020284
14.691,-0.019739
14.701,-0.019234
14.711,-0.018753
14.721,-0.018315
14.731,-0.017939
14.741,-0.017609
14.751,-0.017328
14.761,-0.0171
14.771,-0.01693
14.781,-0.016831
14.791,-0.016799
14.801,-0.016833
14.811,-0.016939
14.821,-0.017116
14.831,-0.01736
14.841,-0.017689
14.851,-0.018101
14.861,-0.018585
14.871,-0.019149
14.881,-0.019804
14.891,-0.020541
14.901,-0.021363
14.911,-0.022269
14.921,-0.023258
14.931,-0.024336
14.941,-0.025499
14.951,-0.026749
14.961,-0.0281
14.971,-0.029544
14.981,-0.031067
14.991,-0.032672
15.001,-0.034378
15.011,-0.036161
15.021,-0.03805
15.031,-0.040029
15.041,-0.042096
15.051,-0.044254
15.061,-0.046486
15.071,-0.04882
15.081,-0.051246
15.091,-0.053736
15.101,-0.056305
15.111,-0.058957
15.121,-0.061692
15.131,-0.064507
15.141,-0.067426
15.151,-0.0704
15.161,-0.07345
15.171,-0.076579
15.181,-0.079792
15.192,-0.083091
15.202,-0.086463
15.212,-0.08991
15.222,-0.093461
15.232,-0.09708
15.242,-0.10079
15.252,-0.10456
15.262,-0.10839
15.272,-0.11229
15.282,-0.11626
15.292,-0.12027
15.302,-0.12433
15.312,-0.12849
15.322,-0.13273
15.332,-0.137
15.342,-0.14133
15.352,-0.14572
15.362,-0.15017
15.372,-0.15468
15.382,-0.15926
15.392,-0.16389
15.402,-0.16854
15.412,-0.17328
15.422,-0.17809
15.432,-0.18293
15.442,-0.18779
15.452,-0.19271
15.462,-0.19766
15.472,-0.20265
15.482,-0.20767
15.492,-0.21271
15.502,-0.21775
15.512,-0.22281
15.522,-0.22794
15.532,-0.23306
15.542,-0.2382
15.552,-0.24335
15.562,-0.24851
15.572,-0.25374
15.582,-0.25891
15.592,-0.2641
15.602,-0.26928
15.612,-0.27444
15.622,-0.27961
15.632,-0.28479
15.642,-0.28998
15.652,-0.29512
15.662,-0.30023
15.672,-0.30531
15.682,-0.31037
15.692,-0.3154
15.702,-0.32038
15.712,-0.32533
15.722,-0.33025
15.732,-0.33513
15.742,-0.34
15.752,-0.34481
15.762,-0.34958
15.772,-0.35432
15.782,-0.35898
15.792,-0.3636
15.802,-0.36819
15.812,-0.37275
15.822,-0.37726
15.832,-0.38174
15.842,-0.38617
15.852,-0.39053
15.862,-0.39483
15.872,-0.3991
15.882,-0.40333
15.893,-0.40749
15.903,-0.41162
15.913,-0.41575
15.923,-0.41987
15.933,-0.42394
15.943,-0.428
15.953,-0.43203
15.963,-0.43603
15.973,-0.44002
15.983,-0.44401
15.993,-0.44799
16.003,-0.45199
16.013,-0.45599
16.023,-0.46
16.033,-0.46403
16.043,-0.46806
16.053,-0.47212
16.063,-0.47623
16.073,-0.48037
16.083,-0.48456
16.093,-0.48878
16.103,-0.49304
16.113,-0.49738
16.123,-0.50182
16.133,-0.50635
16.143,-0.51097
16.153,-0.51567
16.163,-0.52047
16.173,-0.52539
16.183,-0.53045
16.193,-0.53562
16.203,-0.54092
16.213,-0.54635
16.223,-0.55192
16.233,-0.55765
16.243,-0.56353
16.253,-0.56957
16.263,-0.57578
16.273,-0.58212
16.283,-0.5886
16.293,-0.59526
16.303,-0.60216
16.313,-0.60924
16.323,-0.61653
16.333,-0.62406
16.343,-0.63175
16.353,-0.63956
16.363,-0.64758
16.373,-0.65585
16.383,-0.66433
16.393,-0.67293
16.403,-0.68174
16.413,-0.69078
16.423,-0.69997
16.433,-0.70933
16.443,-0.71886
16.453,-0.72856
16.463,-0.73842
16.473,-0.74841
16.483,-0.75859
16.493,-0.76891
16.503,-0.7794
16.513,-0.79003
16.523,-0.80079
16.533,-0.81168
16.543,-0.82265
16.553,-0.83368
16.563,-0.84483
16.573,-0.85604
16.583,-0.86729
16.593,-0.8785
16.604,-0.88964
16.614,-0.90069
16.624,-0.91172
16.634,-0.92277
16.644,-0.93366
16.654,-0.94436
16.664,-0.95485
16.674,-0.96518
16.684,-0.97532
16.694,-0.98524
16.704,-0.99489
16.714,-1.0043
16.724,-1.0134
16.734,-1.022
16.744,-1.0303
16.754,-1.0382
16.764,-1.0457
16.774,-1.0527
16.784,-1.059
16.794,-1.0648
16.804,-1.0699
16.814,-1.0744
16.824,-1.0782
16.834,-1.0813
16.844,-1.0836
16.854,-1.085
16.864,-1.0857
16.874,-1.0854
16.884,-1.0842
16.894,-1.0821
16.904,-1.079
16.914,-1.0748
16.924,-1.0696
16.934,-1.0633
16.944,-1.0558
16.954,-1.0472
16.964,-1.0374
16.974,-1.0264
16.984,-1.0142
16.994,-1.0008
17.004,-0.98614
17.014,-0.97028
17.024,-0.95306
17.034,-0.93457
17.044,-0.91483
17.054,-0.89379
17.064,-0.87136
17.074,-0.84768
17.084,-0.82273
17.094,-0.79641
17.104,-0.76885
17.114,-0.74011
17.124,-0.71012
17.134,-0.67877
17.144,-0.64623
17.154,-0.61265
17.164,-0.57799
17.174,-0.5422
17.184,-0.50555
17.194,-0.46798
17.204,-0.42956
17.214,-0.39047
17.224,-0.3507
17.234,-0.31002
17.244,-0.26869
17.254,-0.22681
17.264,-0.18426
17.274,-0.1412
17.284,-0.097597
17.294,-0.053801
17.305,-0.009615
17.315,0.035218
17.325,0.080308
17.335,0.1255
17.345,0.17075
17.355,0.21618
17.365,0.26147
17.375,0.30631
17.385,0.35106
17.395,0.39529
17.405,0.43902
17.415,0.48244
17.425,0.52539
17.435,0.56784
17.445,0.60978
17.455,0.65097
17.465,0.69137
17.475,0.73111
17.485,0.77001
17.495,0.80817
17.505,0.84543
17.515,0.88174
17.525,0.91703
17.535,0.95153
17.545,0.98469
17.555,1.0167
17.565,1.0475
17.575,1.0773
17.585,1.1059
17.595,1.1332
17.605,1.159
17.615,1.1836
17.625,1.2069
17.635,1.2289
17.645,1.2496
17.655,1.269
17.665,1.2869
17.675,1.3036
17.685,1.3188
17.695,1.3327
17.705,1.3452
17.715,1.3564
17.725,1.3661
17.735,1.3744
17.745,1.3812
17.755,1.3867
17.765,1.3908
17.775,1.3935
17.785,1.3949
17.795,1.3949
17.805,1.3936
17.815,1.3911
17.825,1.3873
17.835,1.3822
17.845,1.3759
17.855,1.3684
17.865,1.3596
17.875,1.3497
17.885,1.3388
17.895,1.3267
17.905,1.3134
17.915,1.2991
17.925,1.2837
17.935,1.2674
17.945,1.2499
17.955,1.2318
17.965,1.2126
17.975,1.1927
17.985,1.172
17.995,1.1507
18.005,1.1287
18.016,1.1059
18.026,1.0828
18.036,1.059
18.046,1.0346
18.056,1.0097
18.066,0.98444
18.076,0.95874
18.086,0.93259
18.096,0.90612
18.106,0.87926
18.116,0.85223
18.126,0.82477
18.136,0.79748
18.146,0.77019
18.156,0.74292
18.166,0.7156
18.176,0.6882
18.186,0.66086
18.196,0.63381
18.206,0.60721
18.216,0.58077
18.226,0.55456
18.236,0.52869
18.246,0.50318
18.256,0.4781
18.266,0.45321
18.276,0.42875
18.286,0.40481
18.296,0.38154
18.306,0.35858
18.316,0.33629
18.326,0.3148
18.336,0.29412
18.346,0.27415
18.356,0.25472
18.366,0.23615
18.376,0.21833
18.386,0.2014
18.396,0.1853
18.406,0.17011
18.416,0.15577
18.426,0.1424
18.436,0.12994
18.446,0.11835
18.456,0.10757
18.466,0.097712
18.476,0.088847
18.486,0.080889
18.496,0.073871
18.506,0.067784
18.516,0.062683
18.526,0.058573
18.536,0.055385
18.546,0.053179
18.556,0.051916
18.566,0.051559
18.576,0.052141
18.586,0.053616
18.596,0.055985
18.606,0.059239
18.616,0.063285
18.626,0.068187
18.636,0.073928
18.646,0.080486
18.656,0.087802
18.666,0.095905
18.676,0.10474
18.686,0.1143
18.696,0.12462
18.706,0.13552
18.717,0.14714
18.727,0.15937
18.737,0.17211
18.747,0.18531
18.757,0.199
18.767,0.21322
18.777,0.22791
18.787,0.24304
18.797,0.25845
18.807,0.27418
18.817,0.29023
18.827,0.30673
18.837,0.32348
18.847,0.34034
18.857,0.3574
18.867,0.37484
18.877,0.3926
18.887,0.41035
18.897,0.42829
18.907,0.44645
18.917,0.46458
18.927,0.48266
18.937,0.50071
18.947,0.51889
18.957,0.53699
18.967,0.55508
18.977,0.57305
18.987,0.59098
18.997,0.60875
19.007,0.62645
19.017,0.64402
19.027,0.66139
19.037,0.67859
19.047,0.69577
19.057,0.71284
19.067,0.72961
19.077,0.74616
19.087,0.76263
19.097,0.77893
19.107,0.795
19.117,0.81074
19.127,0.82633
19.137,0.84163
19.147,0.85668
19.157,0.87136
19.167,0.88577
19.177,0.89992
19.187,0.91381
19.197,0.92736
19.207,0.94058
19.217,0.95352
19.227,0.96628
19.237,0.97882
19.247,0.99095
19.257,1.0028
19.267,1.0143
19.277,1.0257
19.287,1.0366
19.297,1.0472
19.307,1.0575
19.317,1.0674
19.327,1.0771
19.337,1.0864
19.347,1.0953
19.357,1.1039
19.367,1.112
19.377,1.1198
19.387,1.1272
19.397,1.1343
19.407,1.141
19.417,1.1474
19.428,1.1534
19.438,1.159
19.448,1.1642
19.458,1.1691
19.468,1.1736
19.478,1.1777
19.488,1.1813
19.498,1.1846
19.508,1.1876
19.518,1.1901
19.528,1.1922
19.538,1.1939
19.548,1.1952
19.558,1.1962
19.568,1.1967
19.578,1.1968
19.588,1.1965
19.598,1.1958
19.608,1.1947
19.618,1.1932
19.628,1.1913
19.638,1.189
19.648,1.1863
19.658,1.1832
19.668,1.1797
19.678,1.1759
19.688,1.1716
19.698,1.167
19.708,1.1619
19.718,1.1566
19.728,1.1508
19.738,1.1447
19.748,1.1382
19.758,1.1314
19.768,1.1243
19.778,1.1169
19.788,1.1091
19.798,1.1009
19.808,1.0925
19.818,1.0838
19.828,1.0747
19.838,1.0653
19.848,1.0555
19.858,1.0455
19.868,1.0351
19.878,1.0244
19.888,1.0134
19.898,1.0022
19.908,0.99079
19.918,0.97913
19.928,0.96711
19.938,0.95488
19.948,0.94248
19.958,0.92989
19.968,0.91711
19.978,0.90412
19.988,0.89096
19.998,0.87765
20.008,0.86429
20.018,0.85069
20.028,0.83679
20.038,0.82275
20.048,0.80868
20.058,0.79433
20.068,0.77978
20.078,0.76513
20.088,0.75029
20.098,0.73541
20.108,0.72039
20.118,0.70522
20.129,0.68996
20.139,0.67458
20.149,0.65917
20.159,0.64365
20.169,0.62809
20.179,0.61255
20.189,0.597
20.199,0.58135
20.209,0.56556
20.219,0.54979
20.229,0.53404
20.239,0.51828
20.249,0.50245
20.259,0.48655
20.269,0.47061
20.279,0.45463
20.289,0.43872
20.299,0.42277
20.309,0.40684
20.319,0.39092
20.329,0.37509
20.339,0.35927
20.349,0.34344
20.359,0.32761
20.369,0.31184
20.379,0.29622
20.389,0.28058
20.399,0.26484
20.409,0.2492
20.419,0.23368
20.429,0.21824
20.439,0.20278
20.449,0.1872
20.459,0.17165
20.469,0.15614
20.479,0.14065
20.489,0.12513
20.499,0.10967
20.509,0.094368
20.519,0.079159
20.529,0.063914
20.539,0.048707
20.549,0.033534
20.559,0.0184
20.569,0.0034611
20.579,-0.011574
20.589,-0.026483
20.599,-0.041297
20.609,-0.05604
20.619,-0.070791
20.629,-0.085527
20.639,-0.10024
20.649,-0.11489
20.659,-0.12943
20.669,-0.14405
20.679,-0.15871
20.689,-0.17331
20.699,-0.18776
20.709,-0.20221
20.719,-0.21662
20.729,-0.23105
20.739,-0.24542
20.749,-0.25957
20.759,-0.27374
20.769,-0.28784
20.779,-0.3018
20.789,-0.31563
20.799,-0.32941
20.809,-0.34318
20.819,-0.35695
20.829,-0.3706
20.84,-0.38402
20.85,-0.39741
20.86,-0.41074
20.87,-0.42402
20.88,-0.43716
20.89,-0.45017
20.9,-0.46316
20.91,-0.47608
20.92,-0.48886
20.93,-0.50148
20.94,-0.51394
20.95,-0.52624
20.96,-0.53837
20.97,-0.55034
20.98,-0.56217
20.99,-0.57379
21,-0.58536
21.01,-0.59679
21.02,-0.60808
21.03,-0.61912
21.04,-0.62998
21.05,-0.64069
21.06,-0.65128
21.07,-0.66167
21.08,-0.67188
21.09,-0.68196
21.1,-0.69193
21.11,-0.70172
21.12,-0.71129
21.13,-0.72063
21.14,-0.72979
21.15,-0.73877
21.16,-0.74755
21.17,-0.75608
21.18,-0.76441
21.19,-0.77258
21.2,-0.7806
21.21,-0.78841
21.22,-0.796
21.23,-0.80342
21.24,-0.81066
21.25,-0.81773
21.26,-0.82463
21.27,-0.83134
21.28,-0.83784
21.29,-0.84417
21.3,-0.85034
21.31,-0.85629
21.32,-0.86201
21.33,-0.86757
21.34,-0.87293
21.35,-0.87808
21.36,-0.88298
21.37,-0.8877
21.38,-0.89223
21.39,-0.89654
21.4,-0.90061
21.41,-0.9045
21.42,-0.90818
21.43,-0.91167
21.44,-0.91494
21.45,-0.918
21.46,-0.92087
21.47,-0.92351
21.48,-0.92593
21.49,-0.92811
21.5,-0.93007
21.51,-0.93181
21.52,-0.93331
21.53,-0.93457
21.541,-0.93558
21.551,-0.93635
21.561,-0.93686
21.571,-0.93714
21.581,-0.93716
21.591,-0.93693
21.601,-0.93644
21.611,-0.9357
21.621,-0.93469
21.631,-0.93343
21.641,-0.93191
21.651,-0.93011
21.661,-0.92803
21.671,-0.92571
21.681,-0.92313
21.691,-0.92027
21.701,-0.91715
21.711,-0.91376
21.721,-0.91009
21.731,-0.90618
21.741,-0.902
21.751,-0.89756
21.761,-0.89288
21.771,-0.88796
21.781,-0.8828
21.791,-0.87739
21.801,-0.87173
21.811,-0.86584
21.821,-0.85975
21.831,-0.85345
21.841,-0.84691
21.851,-0.84012
21.861,-0.83312
21.871,-0.82591
21.881,-0.81852
21.891,-0.81093
21.901,-0.80313
21.911,-0.79513
21.921,-0.787
21.931,-0.77871
21.941,-0.77026
21.951,-0.76167
21.961,-0.75294
21.971,-0.74414
21.981,-0.73524
21.991,-0.72617
22.001,-0.71705
22.011,-0.70789
22.021,-0.69866
22.031,-0.68929
22.041,-0.67989
22.051,-0.67034
22.061,-0.66075
22.071,-0.65104
22.081,-0.6413
22.091,-0.6315
22.101,-0.62173
22.111,-0.61196
22.121,-0.60211
22.131,-0.59223
22.141,-0.58233
22.151,-0.57243
22.161,-0.56258
22.171,-0.55273
22.181,-0.54293
22.191,-0.53319
22.201,-0.5235
22.211,-0.51386
22.221,-0.50419
22.231,-0.49459
22.241,-0.48505
22.252,-0.47563
22.262,-0.46622
22.272,-0.45677
22.282,-0.44742
22.292,-0.43813
22.302,-0.42893
22.312,-0.41977
22.322,-0.41069
22.332,-0.40163
22.342,-0.39269
22.352,-0.38387
22.362,-0.37512
22.372,-0.36647
22.382,-0.35796
22.392,-0.34961
22.402,-0.3413
22.412,-0.33305
22.422,-0.32489
22.432,-0.31687
22.442,-0.30898
22.452,-0.30119
22.462,-0.29351
22.472,-0.28593
22.482,-0.27847
22.492,-0.27109
22.502,-0.26379
22.512,-0.2566
22.522,-0.24955
22.532,-0.24265
22.542,-0.23586
22.552,-0.22919
22.562,-0.22265
22.572,-0.21627
22.582,-0.21002
22.592,-0.20388
22.602,-0.19783
22.612,-0.1919
22.622,-0.18611
22.632,-0.18048
22.642,-0.17495
22.652,-0.16953
22.662,-0.16422
22.672,-0.15906
22.682,-0.15398
22.692,-0.14896
22.702,-0.14405
22.712,-0.13927
22.722,-0.13461
22.732,-0.13006
22.742,-0.12561
22.752,-0.12125
22.762,-0.11698
22.772,-0.11285
22.782,-0.10882
22.792,-0.10486
22.802,-0.10096
22.812,-0.0972
22.822,-0.093538
22.832,-0.089931
22.842,-0.086387
22.852,-0.082939
22.862,-0.079562
22.872,-0.076232
22.882,-0.072966
22.892,-0.06975
22.902,-0.066593
22.912,-0.063509
22.922,-0.060486
22.932,-0.057491
22.942,-0.054521
22.953,-0.05161
22.963,-0.048761
22.973,-0.045947
22.983,-0.043146
22.993,-0.040385
23.003,-0.037677
23.013,-0.034997
23.023,-0.032322
23.033,-0.029651
23.043,-0.027001
23.053,-0.02439
23.063,-0.02178
23.073,-0.019165
23.083,-0.016548
23.093,-0.01396
23.103,-0.011386
23.113,-0.0088011
23.123,-0.0061941
23.133,-0.0035847
23.143,-0.0010067
23.153,0.0015782
23.163,0.0041716
23.173,0.0067719
23.183,0.0093681
23.193,0.011957
23.203,0.014561
23.213,0.017169
23.223,0.019786
23.233,0.022403
23.243,0.025021
23.253,0.027655
23.263,0.030309
23.273,0.03297
23.283,0.035624
23.293,0.03827
23.303,0.040925
23.313,0.043586
23.323,0.04627
23.333,0.048948
23.343,0.051621
23.353,0.054292
23.363,0.056955
23.373,0.059596
23.383,0.062211
23.393,0.06483
23.403,0.067438
23.413,0.07004
23.423,0.072597
23.433,0.075115
23.443,0.077624
23.453,0.080117
23.463,0.082589
23.473,0.085006
23.483,0.087391
23.493,0.089733
23.503,0.092031
23.513,0.094287
23.523,0.096497
23.533,0.098655
23.543,0.10077
23.553,0.10284
23.563,0.10485
23.573,0.10679
23.583,0.10866
23.593,0.11048
23.603,0.11224
23.613,0.11393
23.623,0.11554
23.633,0.11708
23.643,0.11854
23.653,0.11994
23.664,0.12128
23.674,0.12254
23.684,0.12373
23.694,0.12484
23.704,0.12589
23.714,0.12684
23.724,0.12772
23.734,0.12851
23.744,0.12923
23.754,0.12987
23.764,0.13044
23.774,0.13092
23.784,0.13134
23.794,0.13168
23.804,0.13195
23.814,0.13214
23.824,0.13226
23.834,0.1323
23.844,0.13227
23.854,0.13217
23.864,0.132
23.874,0.13175
23.884,0.13144
23.894,0.13105
23.904,0.13061
23.914,0.13009
23.924,0.1295
23.934,0.12885
23.944,0.12813
23.954,0.12735
23.964,0.12651
23.974,0.12561
23.984,0.12465
23.994,0.12363
24.004,0.12254
24.014,0.12141
24.024,0.12022
24.034,0.11898
24.044,0.11768
24.054,0.11633
24.064,0.11493
24.074,0.11348
24.084,0.11198
24.094,0.11042
24.104,0.1088
24.114,0.10714
24.124,0.10543
24.134,0.10367
24.144,0.10187
24.154,0.10002
24.164,0.09813
24.174,0.096203
24.184,0.094219
24.194,0.092192
24.204,0.090122
24.214,0.088
24.224,0.085833
24.234,0.083625
24.244,0.081403
24.254,0.079139
24.264,0.076832
24.274,0.0745
24.284,0.072134
24.294,0.069705
24.304,0.067247
24.314,0.064755
24.324,0.06225
24.334,0.059705
24.344,0.057136
24.354,0.054537
24.365,0.051908
24.375,0.049251
24.385,0.046583
24.395,0.04391
24.405,0.041198
24.415,0.038464
24.425,0.035723
24.435,0.032987
24.445,0.030232
24.455,0.027458
24.465,0.024689
24.475,0.021921
24.485,0.019142
24.495,0.016365
24.505,0.01358
24.515,0.010803
24.525,0.0080302
24.535,0.0052544
24.545,0.0024868
24.555,-0.0002729
24.565,-0.0030316
24.575,-0.0057728
24.585,-0.0084919
24.595,-0.011187
24.605,-0.013859
24.615,-0.016504
24.625,-0.019127
24.635,-0.021738
24.645,-0.024315
24.655,-0.026858
24.665,-0.029377
24.675,-0.031871
24.685,-0.034324
24.695,-0.03675
24.705,-0.039128
24.715,-0.041459
24.725,-0.043758
24.735,-0.046039
24.745,-0.048266
24.755,-0.050458
24.765,-0.052618
24.775,-0.054738
24.785,-0.056807
24.795,-0.058835
24.805,-0.060805
24.815,-0.062725
24.825,-0.064601
24.835,-0.066442
24.845,-0.06826
24.855,-0.070015
24.865,-0.071733
24.875,-0.073397
24.885,-0.075021
24.895,-0.076608
24.905,-0.078164
24.915,-0.079681
24.925,-0.081173
24.935,-0.08262
24.945,-0.084034
24.955,-0.085417
24.965,-0.086769
24.975,-0.088092
24.985,-0.089387
24.995,-0.090658
25.005,-0.091899
25.015,-0.093117
25.025,-0.09432
25.035,-0.095501
25.045,-0.096652
25.055,-0.097777
25.065,-0.098886
25.076,-0.099986
25.086,-0.10108
25.096,-0.10216
25.106,-0.10323
25.116,-0.1043
25.126,-0.10536
25.136,-0.10642
25.146,-0.10748
25.156,-0.10853
25.166,-0.10958
25.176,-0.11063
25.186,-0.11169
25.196,-0.11275
25.206,-0.11381
25.216,-0.11487
25.226,-0.11593
25.236,-0.117
25.246,-0.11807
25.256,-0.11914
25.266,-0.12022
25.276,-0.12131
25.286,-0.1224
25.296,-0.12351
25.306,-0.12463
25.316,-0.12575
25.326,-0.12688
25.336,-0.128
25.346,-0.12914
25.356,-0.13029
25.366,-0.13145
25.376,-0.13261
25.386,-0.1338
25.396,-0.13498
25.406,-0.13618
25.416,-0.13737
25.426,-0.13856
25.436,-0.13976
25.446,-0.14096
25.456,-0.14216
25.466,-0.14337
25.476,-0.14457
25.486,-0.14579
25.496,-0.147
25.506,-0.14822
25.516,-0.14943
25.526,-0.15065
25.536,-0.15187
25.546,-0.15309
25.556,-0.1543
25.566,-0.1555
25.576,-0.1567
25.586,-0.15789
25.596,-0.15908
25.606,-0.16023
25.616,-0.16139
25.626,-0.16252
25.636,-0.16364
25.646,-0.16473
25.656,-0.16579
25.666,-0.16683
25.676,-0.16786
25.686,-0.16887
25.696,-0.16984
25.706,-0.17078
25.716,-0.1717
25.726,-0.17259
25.736,-0.17345
25.746,-0.17428
25.756,-0.17508
25.766,-0.17585
25.777,-0.17658
25.787,-0.17726
25.797,-0.1779
25.807,-0.1785
25.817,-0.17906
25.827,-0.17957
25.837,-0.18003
25.847,-0.18045
25.857,-0.18081
25.867,-0.18112
25.877,-0.18139
25.887,-0.18161
25.897,-0.18177
25.907,-0.18187
25.917,-0.18192
25.927,-0.18192
25.937,-0.18186
25.947,-0.18174
25.957,-0.18156
25.967,-0.18132
25.977,-0.18104
25.987,-0.1807
25.997,-0.18031
26.007,-0.17986
26.017,-0.17936
26.027,-0.1788
26.037,-0.17819
26.047,-0.17753
26.057,-0.17683
26.067,-0.17605
26.077,-0.17523
26.087,-0.17438
26.097,-0.17348
26.107,-0.17252
26.117,-0.17152
26.127,-0.17047
26.137,-0.16936
26.147,-0.1682
26.157,-0.16699
26.167,-0.16574
26.177,-0.16444
26.187,-0.16311
26.197,-0.16174
26.207,-0.16033
26.217,-0.15889
26.227,-0.15742
26.237,-0.15593
26.247,-0.15441
26.257,-0.15285
26.267,-0.15128
26.277,-0.14968
26.287,-0.14808
26.297,-0.14645
26.307,-0.14481
26.317,-0.14315
26.327,-0.14148
26.337,-0.13981
26.347,-0.13813
26.357,-0.13645
26.367,-0.13476
26.377,-0.13306
26.387,-0.13135
26.397,-0.12965
26.407,-0.12796
26.417,-0.12627
26.427,-0.12457
26.437,-0.12289
26.447,-0.12121
26.457,-0.11954
26.467,-0.11787
26.477,-0.11623
26.488,-0.1146
26.498,-0.113
26.508,-0.11141
26.518,-0.10983
26.528,-0.10826
26.538,-0.10672
26.548,-0.10519
26.558,-0.10368
26.568,-0.10219
26.578,-0.10071
26.588,-0.099246
26.598,-0.097786
26.608,-0.09634
26.618,-0.094917
26.628,-0.09352
26.638,-0.092142
26.648,-0.090783
26.658,-0.08944
26.668,-0.088118
26.678,-0.086808
26.688,-0.085522
26.698,-0.084247
26.708,-0.082977
26.718,-0.081721
26.728,-0.080478
26.738,-0.079241
26.748,-0.078006
26.758,-0.076771
26.768,-0.075544
26.778,-0.07433
26.788,-0.073107
26.798,-0.071892
26.808,-0.070681
26.818,-0.069476
26.828,-0.06827
26.838,-0.067048
26.848,-0.065835
26.858,-0.064624
26.868,-0.063402
26.878,-0.062175
26.888,-0.060929
26.898,-0.059664
26.908,-0.0584
26.918,-0.057131
26.928,-0.055852
26.938,-0.054548
26.948,-0.053215
26.958,-0.051865
26.968,-0.050505
26.978,-0.049122
26.988,-0.04772
26.998,-0.046301
27.008,-0.044866
27.018,-0.043417
27.028,-0.041934
27.038,-0.040439
27.048,-0.038931
27.058,-0.037407
27.068,-0.035864
27.078,-0.034304
27.088,-0.032734
27.098,-0.031156
27.108,-0.029552
27.118,-0.027943
27.128,-0.026331
27.138,-0.024689
27.148,-0.023042
27.158,-0.021385
27.168,-0.019697
27.178,-0.018006
27.189,-0.016326
27.199,-0.014643
27.209,-0.012952
27.219,-0.011244
27.229,-0.0095343
27.239,-0.0078245
27.249,-0.0061093
27.259,-0.0044018
27.269,-0.0026953
27.279,-0.00098464
27.289,0.00071703
27.299,0.0024145
27.309,0.0041049
27.319,0.0057986
27.329,0.0074988
27.339,0.0091751
27.349,0.010837
27.359,0.012505
27.369,0.014152
27.379,0.015774
27.389,0.017383
27.399,0.018967
27.409,0.020535
27.419,0.022093
27.429,0.023633
27.439,0.025142
27.449,0.026629
27.459,0.02808
27.469,0.029506
27.479,0.030894
27.489,0.03224
27.499,0.033558
27.509,0.034857
27.519,0.036125
27.529,0.037351
27.539,0.038547
27.549,0.039715
27.559,0.040851
27.569,0.041949
27.579,0.043012
27.589,0.044036
27.599,0.045028
27.609,0.045985
27.619,0.046898
27.629,0.047767
27.639,0.048596
27.649,0.049386
27.659,0.050132
27.669,0.050836
27.679,0.051503
27.689,0.052127
27.699,0.052714
27.709,0.053258
27.719,0.053762
27.729,0.054227
27.739,0.054657
27.749,0.055047
27.759,0.055396
27.769,0.055712
27.779,0.055981
27.789,0.056209
27.799,0.056402
27.809,0.056557
27.819,0.056668
27.829,0.056743
27.839,0.056778
27.849,0.05678
27.859,0.056749
27.869,0.056677
27.879,0.056569
27.889,0.056424
27.9,0.056244
27.91,0.056032
27.92,0.055779
27.93,0.055498
27.94,0.055194
27.95,0.054867
27.96,0.054509
27.97,0.054126
27.98,0.053713
27.99,0.053264
28,0.052786
28.01,0.052283
28.02,0.05176
28.03,0.051209
28.04,0.050646
28.05,0.050054
28.06,0.049433
28.07,0.048804
28.08,0.048161
28.09,0.047507
28.1,0.046837
28.11,0.046155
28.12,0.045459
28.13,0.04475
28.14,0.044038
28.15,0.04332
28.16,0.042592
28.17,0.041853
28.18,0.041114
28.19,0.04037
28.2,0.039617
28.21,0.038855
28.22,0.038083
28.23,0.037311
28.24,0.036537
28.25,0.035759
28.26,0.034982
28.27,0.03421
28.28,0.03344
28.29,0.032682
28.3,0.03193
28.31,0.031173
28.32,0.030429
28.33,0.029692
28.34,0.028956
28.35,0.028229
28.36,0.027502
28.37,0.026791
28.38,0.02609
28.39,0.025394
28.4,0.024703
28.41,0.024025
28.42,0.023355
28.43,0.022692
28.44,0.022045
28.45,0.021413
28.46,0.020793
28.47,0.020189
28.48,0.019603
28.49,0.019036
28.5,0.018482
28.51,0.017945
28.52,0.017425
28.53,0.016931
28.54,0.016459
28.55,0.016011
28.56,0.01558
28.57,0.015174
28.58,0.014799
28.59,0.014447
28.601,0.014114
28.611,0.013803
28.621,0.013516
28.631,0.013262
28.641,0.013041
28.651,0.012851
28.661,0.012692
28.671,0.012569
28.681,0.012475
28.691,0.012414
28.701,0.012382
28.711,0.012381
28.721,0.012413
28.731,0.012481
28.741,0.012581
28.751,0.012721
28.761,0.012887
28.771,0.013084
28.781,0.013321
28.791,0.013591
28.801,0.013891
28.811,0.014227
28.821,0.0146
28.831,0.015012
28.841,0.015454
28.851,0.015935
28.861,0.016452
28.871,0.017005
28.881,0.017589
28.891,0.0182
28.901,0.018832
28.911,0.019496
28.921,0.020185
28.931,0.020897
28.941,0.021631
28.951,0.022397
28.961,0.023191
28.971,0.023997
28.981,0.02481
28.991,0.02563
29.001,0.026455
29.011,0.027299
29.021,0.028146
29.031,0.028993
29.041,0.029836
29.051,0.030681
29.061,0.031525
29.071,0.03236
29.081,0.03318
29.091,0.03399
29.101,0.034789
29.111,0.035568
29.121,0.036324
29.131,0.037055
29.141,0.037752
29.151,0.038415
29.161,0.039044
29.171,0.039638
29.181,0.040203
29.191,0.040732
29.201,0.041216
29.211,0.041663
29.221,0.042069
29.231,0.042432
29.241,0.042748
29.251,0.043017
29.261,0.043244
29.271,0.043428
29.281,0.043564
29.291,0.043647
29.301,0.043677
29.312,0.043662
29.322,0.043605
29.332,0.043495
29.342,0.043345
29.352,0.043147
29.362,0.042907
29.372,0.042625
29.382,0.042297
29.392,0.041933
29.402,0.041537
29.412,0.041097
29.422,0.040619
29.432,0.040104
29.442,0.039561
29.452,0.038993
29.462,0.038387
29.472,0.03775
29.482,0.03709
29.492,0.036408
29.502,0.035707
29.512,0.034987
29.522,0.03425
29.532,0.033505
29.542,0.032759
29.552,0.032004
29.562,0.031237
29.572,0.030464
29.582,0.029694
29.592,0.028916
29.602,0.028137
29.612,0.027364
29.622,0.026599
29.632,0.025839
29.642,0.025088
29.652,0.02435
29.662,0.023621
29.672,0.0229
29.682,0.022182
29.692,0.021469
29.702,0.020772
29.712,0.020091
29.722,0.019417
29.732,0.018759
29.742,0.018119
29.752,0.017493
29.762,0.016885
29.772,0.016289
29.782,0.015712
29.792,0.01514
29.802,0.014572
29.812,0.014008
29.822,0.013454
29.832,0.012901
29.842,0.012345
29.852,0.011788
29.862,0.011236
29.872,0.010687
29.882,0.010137
29.892,0.0095793
29.902,0.0090258
29.912,0.0084737
29.922,0.007918
29.932,0.0073619
29.942,0.0067986
29.952,0.0062334
29.962,0.0056739
29.972,0.0051024
29.982,0.0045243
29.992,0.0039415
30.002,0.0033501
30.013,0.0027571
30.023,0.0021576
30.033,0.0015531
30.043,0.00093668
30.053,0.00030924
30.063,-0.00031897
30.073,-0.0009504
30.083,-0.0015865
30.093,-0.0022324
30.103,-0.0028772
30.113,-0.0035277
30.123,-0.004177
30.133,-0.0048193
30.143,-0.0054612
30.153,-0.0060945
30.163,-0.0067281
30.173,-0.0073543
30.183,-0.0079895
30.193,-0.0086361
30.203,-0.0092647
30.213,-0.0098815
30.223,-0.010491
30.233,-0.011096
30.243,-0.011696
30.253,-0.012287
30.263,-0.012866
30.273,-0.013428
30.283,-0.013968
30.293,-0.014487
30.303,-0.014986
30.313,-0.015459
30.323,-0.015915
30.333,-0.016353
30.343,-0.016767
30.353,-0.017153
30.363,-0.017513
30.373,-0.01785
30.383,-0.018161
30.393,-0.018449
30.403,-0.018704
30.413,-0.018933
30.423,-0.019137
30.433,-0.01932
30.443,-0.01947
30.453,-0.019587
30.463,-0.019672
30.473,-0.019729
30.483,-0.01976
30.493,-0.019762
30.503,-0.019735
30.513,-0.019677
30.523,-0.019592
30.533,-0.019486
30.543,-0.019361
30.553,-0.019215
30.563,-0.019034
30.573,-0.018834
30.583,-0.018623
30.593,-0.018391
30.603,-0.018138
30.613,-0.017858
30.623,-0.017558
30.633,-0.017232
30.643,-0.016895
30.653,-0.016539
30.663,-0.016163
30.673,-0.015775
30.683,-0.01537
30.693,-0.01495
30.703,-0.014511
30.713,-0.014062
30.724,-0.013607
30.734,-0.013135
30.744,-0.01265
30.754,-0.012156
30.764,-0.011656
30.774,-0.011144
30.784,-0.01062
30.794,-0.010078
30.804,-0.0095224
30.814,-0.0089549
30.824,-0.0083831
30.834,-0.0078071
30.844,-0.0072254
30.854,-0.0066333
30.864,-0.0060362
30.874,-0.0054384
30.884,-0.0048406
30.894,-0.004239
30.904,-0.0036364
30.914,-0.00303
30.924,-0.0024186
30.934,-0.0018076
30.944,-0.0011955
30.954,-0.0005874
30.964,2.6491e-005
30.974,0.00063507
30.984,0.0012388
30.994,0.0018383
31.004,0.002434
31.014,0.0030216
31.024,0.0036002
31.034,0.0041767
31.044,0.0047545
31.054,0.0053287
31.064,0.0058997
31.074,0.0064552
31.084,0.0069941
31.094,0.0075308
31.104,0.0080643
31.114,0.0085873
31.124,0.009103
31.134,0.0096069
31.144,0.01011
31.154,0.01061
31.164,0.011093
31.174,0.01157
31.184,0.012034
31.194,0.01248
31.204,0.012918
31.214,0.013356
31.224,0.013779
31.234,0.014195
31.244,0.014611
31.254,0.015026
31.264,0.015436
31.274,0.015838
31.284,0.016231
31.294,0.016626
31.304,0.017011
31.314,0.017399
31.324,0.017794
31.334,0.018183
31.344,0.018569
31.354,0.018956
31.364,0.01934
31.374,0.019725
31.384,0.020116
31.394,0.02051
31.404,0.020913
31.414,0.021317
31.425,0.021715
31.435,0.022124
31.445,0.022526
31.455,0.022924
31.465,0.023321
31.475,0.023728
31.485,0.024132
31.495,0.024542
31.505,0.024951
31.515,0.025357
31.525,0.025766
31.535,0.026168
31.545,0.026559
31.555,0.026933
31.565,0.027309
31.575,0.02768
31.585,0.028035
31.595,0.02838
31.605,0.028713
31.615,0.029033
31.625,0.02933
31.635,0.029614
31.645,0.029886
31.655,0.030144
31.665,0.030381
31.675,0.030592
31.685,0.030778
31.695,0.030948
31.705,0.031086
31.715,0.031189
31.725,0.03126
31.735,0.031309
31.745,0.031335
31.755,0.031329
31.765,0.031293
31.775,0.031218
31.785,0.031113
31.795,0.030976
31.805,0.030811
31.815,0.030601
31.825,0.030365
31.835,0.030094
31.845,0.02979
31.855,0.029454
31.865,0.029091
31.875,0.028709
31.885,0.028295
31.895,0.027854
31.905,0.027384
31.915,0.026898
31.925,0.026387
31.935,0.025864
31.945,0.025328
31.955,0.024774
31.965,0.02421
31.975,0.02363
31.985,0.023042
31.995,0.022452
32.005,0.021848
32.015,0.021245
32.025,0.020642
32.035,0.020038
32.045,0.019426
32.055,0.018832
32.065,0.018238
32.075,0.017641
32.085,0.017053
32.095,0.016478
32.105,0.015909
32.115,0.015346
32.125,0.014801
32.136,0.014279
32.146,0.013775
32.156,0.013295
32.166,0.012845
32.176,0.012416
32.186,0.011998
32.196,0.011604
32.206,0.011238
32.216,0.010894
32.226,0.010575
32.236,0.010281
32.246,0.010023
32.256,0.0097972
32.266,0.0095958
32.276,0.0094233
32.286,0.0092835
32.296,0.0091699
32.306,0.0090822
32.316,0.0090238
32.326,0.0089973
32.336,0.0090087
32.346,0.0090542
32.356,0.0091274
32.366,0.0092272
32.376,0.0093627
32.386,0.0095228
32.396,0.0097159
32.406,0.0099423
32.416,0.010196
32.426,0.010491
32.436,0.010834
32.446,0.011206
32.456,0.011598
32.466,0.012017
32.476,0.012476
32.486,0.012969
32.496,0.013496
32.506,0.014045
32.516,0.014618
32.526,0.015216
32.536,0.015836
32.546,0.01648
32.556,0.017154
32.566,0.017855
32.576,0.01857
32.586,0.019298
32.596,0.020044
32.606,0.020799
32.616,0.021573
32.626,0.022358
32.636,0.023162
32.646,0.023982
32.656,0.024804
32.666,0.025633
32.676,0.026455
32.686,0.027275
32.696,0.028103
32.706,0.028934
32.716,0.029745
32.726,0.03055
32.736,0.031357
32.746,0.032149
32.756,0.032926
32.766,0.03369
32.776,0.034445
32.786,0.035182
32.796,0.035894
32.806,0.036585
32.816,0.037255
32.826,0.037898
32.837,0.038522
32.847,0.03912
32.857,0.03968
32.867,0.040211
32.877,0.04071
32.887,0.041179
32.897,0.04161
32.907,0.042009
32.917,0.04237
32.927,0.042695
32.937,0.042987
32.947,0.043245
32.957,0.043477
32.967,0.043671
32.977,0.043824
32.987,0.043947
32.997,0.044039
33.007,0.044096
33.017,0.044118
33.027,0.044116
33.037,0.044088
33.047,0.044036
33.057,0.043963
33.067,0.043874
33.077,0.043765
33.087,0.043637
33.097,0.043496
33.107,0.043345
33.117,0.043173
33.127,0.042977
33.137,0.042773
33.147,0.042562
33.157,0.042345
33.167,0.042116
33.177,0.041877
33.187,0.041647
33.197,0.041406
33.207,0.041157
33.217,0.040902
33.227,0.040658
33.237,0.04042
33.247,0.040174
33.257,0.039925
33.267,0.039683
33.277,0.039447
33.287,0.0392
33.297,0.038953
33.307,0.038704
33.317,0.038458
33.327,0.038211
33.337,0.037954
33.347,0.037687
33.357,0.037414
33.367,0.037137
33.377,0.036854
33.387,0.036558
33.397,0.036245
33.407,0.035918
33.417,0.035577
33.427,0.035212
33.437,0.034831
33.447,0.034427
33.457,0.034002
33.467,0.033557
33.477,0.033093
33.487,0.032609
33.497,0.0321
33.507,0.031555
33.517,0.030986
33.527,0.030375
33.537,0.029732
33.548,0.029057
33.558,0.028348
33.568,0.02761
33.578,0.026842
33.588,0.026047
33.598,0.025229
33.608,0.02438
33.618,0.023511
33.628,0.022611
33.638,0.021692
33.648,0.020744
33.658,0.019774
33.668,0.01879
33.678,0.01779
33.688,0.016779
33.698,0.015759
33.708,0.014722
33.718,0.013685
33.728,0.012638
33.738,0.011583
33.748,0.010524
33.758,0.0094719
33.768,0.0084319
33.778,0.0074113
33.788,0.0064085
33.798,0.0054219
33.808,0.004458
33.818,0.0035122
33.828,0.0025902
33.838,0.00171
33.848,0.00086026
33.858,3.7573e-005
33.868,-0.00074744
33.878,-0.0014855
33.888,-0.002179
33.898,-0.0028316
33.908,-0.003437
33.918,-0.0039872
33.928,-0.0044835
33.938,-0.004933
33.948,-0.0053281
33.958,-0.0056565
33.968,-0.0059286
33.978,-0.0061496
33.988,-0.0063182
33.998,-0.0064256
34.008,-0.0064726
34.018,-0.0064702
34.028,-0.0064156
34.038,-0.0063021
34.048,-0.0061218
34.058,-0.0058872
34.068,-0.0056013
34.078,-0.0052652
34.088,-0.0048727
34.098,-0.0044368
34.108,-0.0039483
34.118,-0.0034153
34.128,-0.0028389
34.138,-0.0022103
34.148,-0.0015303
34.158,-0.0008121
34.168,-5.2228e-005
34.178,0.00075222
34.188,0.0015911
34.198,0.0024631
34.208,0.0033715
34.218,0.004313
34.228,0.0052871
34.238,0.0062953
34.249,0.0073413
34.259,0.0084034
34.269,0.0094776
34.279,0.010577
34.289,0.011684
34.299,0.012811
34.309,0.013951
34.319,0.015103
34.329,0.016255
34.339,0.017404
34.349,0.018562
34.359,0.019727
34.369,0.020879
34.379,0.022028
34.389,0.023173
34.399,0.024306
34.409,0.02542
34.419,0.026533
34.429,0.027639
34.439,0.028721
34.449,0.029793
34.459,0.030855
34.469,0.031893
34.479,0.032921
34.489,0.033929
34.499,0.034901
34.509,0.03585
34.519,0.036783
34.529,0.03769
34.539,0.03858
34.549,0.03944
34.559,0.040276
34.569,0.041085
34.579,0.041869
34.589,0.042632
34.599,0.043358
34.609,0.044045
34.619,0.044703
34.629,0.045326
34.639,0.045925
34.649,0.046497
34.659,0.047032
34.669,0.047545
34.679,0.048017
34.689,0.048448
34.699,0.048851
34.709,0.049226
34.719,0.049569
34.729,0.049879
34.739,0.050162
34.749,0.050403
34.759,0.050608
34.769,0.050786
34.779,0.050932
34.789,0.051047
34.799,0.051136
34.809,0.05119
34.819,0.051212
34.829,0.051212
34.839,0.051188
34.849,0.05114
34.859,0.051075
34.869,0.050992
34.879,0.050885
34.889,0.050758
34.899,0.050605
34.909,0.050432
34.919,0.050248
34.929,0.050056
34.939,0.049854
34.949,0.049636
34.96,0.049405
34.97,0.049168
34.98,0.048916
34.99,0.048662
35,0.048397
35.01,0.048128
35.02,0.047845
35.03,0.047559
35.04,0.047265
35.05,0.046959
35.06,0.046648
35.07,0.04633
35.08,0.046012
35.09,0.045688
35.1,0.045363
35.11,0.045031
35.12,0.044697
35.13,0.044355
35.14,0.044009
35.15,0.043654
35.16,0.043289
35.17,0.042925
35.18,0.042551
35.19,0.042174
35.2,0.041798
35.21,0.041434
35.22,0.041065
35.23,0.040686
35.24,0.040306
35.25,0.039925
35.26,0.039544
35.27,0.03916
35.28,0.038772
35.29,0.038374
35.3,0.037963
35.31,0.037544
35.32,0.037118
35.33,0.036682
35.34,0.036243
35.35,0.035803
35.36,0.035361
35.37,0.034905
35.38,0.034445
35.39,0.033975
35.4,0.033501
35.41,0.033014
35.42,0.032524
35.43,0.032031
35.44,0.031514
35.45,0.030994
35.46,0.030473
35.47,0.029948
35.48,0.02942
35.49,0.028889
35.5,0.028357
35.51,0.027824
35.52,0.027287
35.53,0.026743
35.54,0.026183
35.55,0.025634
35.56,0.025087
35.57,0.024534
35.58,0.023983
35.59,0.023441
35.6,0.022905
35.61,0.022359
35.62,0.021826
35.63,0.021306
35.64,0.020792
35.65,0.020295
35.661,0.019809
35.671,0.019332
35.681,0.018861
35.691,0.018396
35.701,0.017945
35.711,0.017511
35.721,0.017091
35.731,0.016682
35.741,0.016284
35.751,0.015909
35.761,0.01555
35.771,0.015204
35.781,0.014878
35.791,0.014563
35.801,0.014255
35.811,0.013964
35.821,0.013681
35.831,0.013418
35.841,0.01317
35.851,0.012934
35.861,0.012718
35.871,0.01251
35.881,0.012319
35.891,0.012136
35.901,0.011976
35.911,0.011827
35.921,0.011699
35.931,0.011587
35.941,0.011495
35.951,0.011415
35.961,0.011346
35.971,0.01129
35.981,0.011251
35.991,0.011227
36.001,0.011214
36.011,0.011212
36.021,0.011224
36.031,0.011256
36.041,0.011305
36.051,0.01138
36.061,0.011469
36.071,0.011573
36.081,0.011698
36.091,0.01183
36.101,0.011976
36.111,0.012142
36.121,0.012326
36.131,0.012524
36.141,0.012739
36.151,0.01297
36.161,0.01321
36.171,0.013456
36.181,0.013721
36.191,0.014001
36.201,0.014302
36.211,0.014618
36.221,0.014945
36.231,0.015279
36.241,0.01563
36.251,0.015995
36.261,0.01637
36.271,0.016753
36.281,0.017146
36.291,0.017549
36.301,0.017965
36.311,0.018393
36.321,0.01882
36.331,0.019257
36.341,0.019698
36.351,0.020141
36.361,0.020586
36.372,0.02103
36.382,0.021474
36.392,0.02191
36.402,0.022352
36.412,0.022793
36.422,0.023233
36.432,0.023663
36.442,0.024094
36.452,0.024514
36.462,0.024926
36.472,0.02532
36.482,0.025705
36.492,0.026086
36.502,0.026468
36.512,0.026834
36.522,0.027184
36.532,0.027523
36.542,0.027848
36.552,0.028161
36.562,0.028468
36.572,0.028756
36.582,0.029023
36.592,0.029272
36.602,0.029509
36.612,0.029735
36.622,0.029951
36.632,0.030148
36.642,0.030335
36.652,0.030512
36.662,0.030684
36.672,0.030855
36.682,0.031019
36.692,0.031161
36.702,0.031293
36.712,0.031421
36.722,0.031535
36.732,0.031639
36.742,0.031732
36.752,0.031825
36.762,0.031911
36.772,0.031984
36.782,0.032049
36.792,0.032122
36.802,0.032188
36.812,0.032239
36.822,0.032283
36.832,0.032322
36.842,0.032352
36.852,0.032373
36.862,0.032385
36.872,0.032387
36.882,0.032369
36.892,0.032339
36.902,0.032292
36.912,0.032221
36.922,0.032129
36.932,0.032009
36.942,0.0319
36.952,0.031778
36.962,0.031635
36.972,0.031476
36.982,0.0313
36.992,0.031109
37.002,0.030906
37.012,0.030682
37.022,0.030442
37.032,0.03017
37.042,0.029875
37.052,0.029556
37.062,0.02921
37.073,0.028843
37.083,0.028438
37.093,0.028015
37.103,0.027574
37.113,0.0271
37.123,0.026597
37.133,0.026057
37.143,0.025488
37.153,0.024889
37.163,0.024246
37.173,0.023573
37.183,0.022873
37.193,0.022146
37.203,0.02138
37.213,0.020583
37.223,0.019753
37.233,0.018893
37.243,0.018006
37.253,0.017087
37.263,0.016143
37.273,0.015166
37.283,0.014161
37.293,0.013135
37.303,0.012096
37.313,0.011037
37.323,0.0099709
37.333,0.0088969
37.343,0.0078164
37.353,0.006731
37.363,0.0056383
37.373,0.0045485
37.383,0.0034643
37.393,0.002391
37.403,0.0013268
37.413,0.00026892
37.423,-0.00077711
37.433,-0.0018099
37.443,-0.0028256
37.453,-0.0038215
37.463,-0.0048005
37.473,-0.0057681
37.483,-0.0067155
37.493,-0.0076421
37.503,-0.0085436
37.513,-0.0094207
37.523,-0.010276
37.533,-0.011131
37.543,-0.011952
37.553,-0.012728
37.563,-0.013466
37.573,-0.014181
37.583,-0.01484
37.593,-0.015478
37.603,-0.016082
37.613,-0.016654
37.623,-0.017184
37.633,-0.017663
37.643,-0.018093
37.653,-0.018487
37.663,-0.018841
37.673,-0.019153
37.683,-0.019436
37.693,-0.01969
37.703,-0.01992
37.713,-0.02012
37.723,-0.020282
37.733,-0.020411
37.743,-0.020514
37.753,-0.020587
37.763,-0.020632
37.773,-0.02065
37.784,-0.020647
37.794,-0.02062
37.804,-0.020571
37.814,-0.020503
37.824,-0.020415
37.834,-0.0203
37.844,-0.020152
37.854,-0.019981
37.864,-0.019787
37.874,-0.01958
37.884,-0.01935
37.894,-0.019105
37.904,-0.018837
37.914,-0.01854
37.924,-0.018232
37.934,-0.017898
37.944,-0.017544
37.954,-0.017171
37.964,-0.016766
37.974,-0.01634
37.984,-0.015901
37.994,-0.015432
38.004,-0.014943
38.014,-0.014435
38.024,-0.013925
38.034,-0.013406
38.044,-0.012876
38.054,-0.012325
38.064,-0.011753
38.074,-0.01117
38.084,-0.010572
38.094,-0.0099605
38.104,-0.009331
38.114,-0.0086837
38.124,-0.0080301
38.134,-0.0073662
38.144,-0.0066881
38.154,-0.0060114
38.164,-0.0053325
38.174,-0.0046518
38.184,-0.0039723
38.194,-0.0032858
38.204,-0.0025944
38.214,-0.0018938
38.224,-0.0011949
38.234,-0.00049833
38.244,0.00020988
38.254,0.00091657
38.264,0.0016136
38.274,0.0022997
38.284,0.0029746
38.294,0.0036449
38.304,0.004307
38.314,0.0049583
38.324,0.0056123
38.334,0.0062632
38.344,0.0069013
38.354,0.0075141
38.364,0.0081223
38.374,0.0087163
38.384,0.009303
38.394,0.0098748
38.404,0.010419
38.414,0.010935
38.424,0.011424
38.434,0.011888
38.444,0.012327
38.454,0.012748
38.464,0.013128
38.474,0.013475
38.485,0.01381
38.495,0.014121
38.505,0.014403
38.515,0.014653
38.525,0.014875
38.535,0.015059
38.545,0.015215
38.555,0.015349
38.565,0.015453
38.575,0.015529
38.585,0.015569
38.595,0.015565
38.605,0.01554
38.615,0.015495
38.625,0.015421
38.635,0.015316
38.645,0.015181
38.655,0.015015
38.665,0.014816
38.675,0.014586
38.685,0.014323
38.695,0.014032
38.705,0.013716
38.715,0.013368
38.725,0.013005
38.735,0.012621
38.745,0.012195
38.755,0.011752
38.765,0.011292
38.775,0.010813
38.785,0.010311
38.795,0.0097876
38.805,0.0092588
38.815,0.0087042
38.825,0.0081358
38.835,0.00755
38.845,0.0069512
38.855,0.0063316
38.865,0.0057134
38.875,0.0050817
38.885,0.004429
38.895,0.0037731
38.905,0.0031097
38.915,0.0024446
38.925,0.001784
38.935,0.0011317
38.945,0.00048037
38.955,-0.00017068
38.965,-0.00082205
38.975,-0.0014735
38.985,-0.0021137
38.995,-0.0027488
39.005,-0.0033667
39.015,-0.0039683
39.025,-0.0045607
39.035,-0.0051274
39.045,-0.0056757
39.055,-0.0062126
39.065,-0.0067311
39.075,-0.0072223
39.085,-0.0076902
39.095,-0.0081339
39.105,-0.00856
39.115,-0.008971
39.125,-0.0093596
39.135,-0.0097152
39.145,-0.010039
39.155,-0.010335
39.165,-0.010593
39.175,-0.010837
39.185,-0.01105
39.196,-0.011229
39.206,-0.01138
39.216,-0.0115
39.226,-0.011577
39.236,-0.011622
39.246,-0.011631
39.256,-0.011606
39.266,-0.011553
39.276,-0.011471
39.286,-0.011364
39.296,-0.011237
39.306,-0.011079
39.316,-0.010886
39.326,-0.010674
39.336,-0.010426
39.346,-0.010153
39.356,-0.0098584
39.366,-0.0095359
39.376,-0.0091903
39.386,-0.0088213
39.396,-0.0084212
39.406,-0.0079948
39.416,-0.0075501
39.426,-0.0070766
39.436,-0.0065824
39.446,-0.006062
39.456,-0.0055235
39.466,-0.0049743
39.476,-0.0044086
39.486,-0.0038321
39.496,-0.0032246
39.506,-0.0026029
39.516,-0.0019606
39.526,-0.0013017
39.536,-0.00061741
39.546,8.0925e-005
39.556,0.0008025
39.566,0.0015479
39.576,0.0022946
39.586,0.0030519
39.596,0.0038208
39.606,0.0046039
39.616,0.0054053
39.626,0.0062316
39.636,0.0070528
39.646,0.0078887
39.656,0.0087378
39.666,0.0095974
39.676,0.010461
39.686,0.011342
39.696,0.012228
39.706,0.013125
39.716,0.014017
39.726,0.014907
39.736,0.015804
39.746,0.016714
39.756,0.017621
39.766,0.018518
39.776,0.019417
39.786,0.020322
39.796,0.02124
39.806,0.022139
39.816,0.023029
39.826,0.023925
39.836,0.02482
39.846,0.025708
39.856,0.026582
39.866,0.02745
39.876,0.028318
39.886,0.02917
39.897,0.030002
39.907,0.030824
39.917,0.031635
39.927,0.032424
39.937,0.033198
39.947,0.033952
39.957,0.034676
39.967,0.03539
39.977,0.036084
39.987,0.036766
39.997,0.037428
40.007,0.038064
40.017,0.038683
40.027,0.039284
40.037,0.039858
40.047,0.040416
40.057,0.040955
40.067,0.041474
40.077,0.041965
40.087,0.042433
40.097,0.042881
40.107,0.043305
40.117,0.043705
40.127,0.044086
40.137,0.044451
40.147,0.044782
40.157,0.045094
40.167,0.045383
40.177,0.045648
40.187,0.045893
40.197,0.046125
40.207,0.046351
40.217,0.046553
40.227,0.046736
40.237,0.046908
40.247,0.047059
40.257,0.04719
40.267,0.047299
40.277,0.047387
40.287,0.047461
40.297,0.047522
40.307,0.047579
40.317,0.047622
40.327,0.047644
40.337,0.047664
40.347,0.047678
40.357,0.047673
40.367,0.047664
40.377,0.047648
40.387,0.047623
40.397,0.047597
40.407,0.047555
40.417,0.047507
40.427,0.047452
40.437,0.047387
40.447,0.047304
40.457,0.04722
40.467,0.047122
40.477,0.047024
40.487,0.046908
40.497,0.046792
40.507,0.046663
40.517,0.04653
40.527,0.046391
40.537,0.046236
40.547,0.046071
40.557,0.045912
40.567,0.045749
40.577,0.045564
40.587,0.045377
40.597,0.045196
40.608,0.045008
40.618,0.044818
40.628,0.044623
40.638,0.04442
40.648,0.044205
40.658,0.043979
40.668,0.043745
40.678,0.043512
40.688,0.043269
40.698,0.043017
40.708,0.042775
40.718,0.042536
40.728,0.042294
40.738,0.042051
40.748,0.041803
40.758,0.041555
40.768,0.041315
40.778,0.041078
40.788,0.04084
40.798,0.04061
40.808,0.040387
40.818,0.040162
40.828,0.039931
40.838,0.03971
40.848,0.039489
40.858,0.039283
40.868,0.039081
40.878,0.038883
40.888,0.038694
40.898,0.038526
40.908,0.038362
40.918,0.03821
40.928,0.038059
40.938,0.037912
40.948,0.037778
40.958,0.037663
40.968,0.037564
40.978,0.037478
40.988,0.037405
40.998,0.037343
41.008,0.037283
41.018,0.03723
41.028,0.037182
41.038,0.037145
41.048,0.037118
41.058,0.037095
41.068,0.037085
41.078,0.037093
41.088,0.037108
41.098,0.03713
41.108,0.037153
41.118,0.037172
41.128,0.037198
41.138,0.037235
41.148,0.037279
41.158,0.037321
41.168,0.037362
41.178,0.037416
41.188,0.037459
41.198,0.037501
41.208,0.037539
41.218,0.037587
41.228,0.037633
41.238,0.037667
41.248,0.037693
41.258,0.037732
41.268,0.037781
41.278,0.03783
41.288,0.037877
41.298,0.037918
41.308,0.037947
41.319,0.037978
41.329,0.038007
41.339,0.038025
41.349,0.038024
41.359,0.03802
41.369,0.038018
41.379,0.038019
41.389,0.038012
41.399,0.038011
41.409,0.038011
41.419,0.038005
41.429,0.037992
41.439,0.03798
41.449,0.037957
41.459,0.037947
41.469,0.037939
41.479,0.037934
41.489,0.037938
41.499,0.037951
41.509,0.037968
41.519,0.038005
41.529,0.038049
41.539,0.038103
41.549,0.038163
41.559,0.038236
41.569,0.038318
41.579,0.038416
41.589,0.038521
41.599,0.038646
41.609,0.03877
41.619,0.038915
41.629,0.039073
41.639,0.03925
41.649,0.03944
41.659,0.039639
41.669,0.039854
41.679,0.040073
41.689,0.040305
41.699,0.040555
41.709,0.040807
41.719,0.041072
41.729,0.041356
41.739,0.041659
41.749,0.041979
41.759,0.042303
41.769,0.042636
41.779,0.042978
41.789,0.043328
41.799,0.043675
41.809,0.044026
41.819,0.044393
41.829,0.044764
41.839,0.045138
41.849,0.045533
41.859,0.04591
41.869,0.046301
41.879,0.046708
41.889,0.047119
41.899,0.047539
41.909,0.047967
41.919,0.048398
41.929,0.048836
41.939,0.049261
41.949,0.049683
41.959,0.050102
41.969,0.050514
41.979,0.050924
41.989,0.051337
41.999,0.051736
42.009,0.052127
42.02,0.05251
42.03,0.052887
42.04,0.053244
42.05,0.053598
42.06,0.053946
42.07,0.054277
42.08,0.054589
42.09,0.054893
42.1,0.055186
42.11,0.05548
42.12,0.055771
42.13,0.056042
42.14,0.056305
42.15,0.056552
42.16,0.056781
42.17,0.057009
42.18,0.057218
42.19,0.057413
42.2,0.05758
42.21,0.057722
42.22,0.057847
42.23,0.057962
42.24,0.058055
42.25,0.058121
42.26,0.058158
42.27,0.058178
42.28,0.05818
42.29,0.058163
42.3,0.058118
42.31,0.058047
42.32,0.057968
42.33,0.057857
42.34,0.057714
42.35,0.057558
42.36,0.057379
42.37,0.057177
42.38,0.05695
42.39,0.056713
42.4,0.056454
42.41,0.056169
42.42,0.055868
42.43,0.055559
42.44,0.055233
42.45,0.054892
42.46,0.054535
42.47,0.054166
42.48,0.053771
42.49,0.053373
42.5,0.052977
42.51,0.052564
42.52,0.052133
42.53,0.051692
42.54,0.051242
42.55,0.050773
42.56,0.050296
42.57,0.0498
42.58,0.049293
42.59,0.048786
42.6,0.048274
42.61,0.047751
42.62,0.047228
42.63,0.046697
42.64,0.046156
42.65,0.045612
42.66,0.045075
42.67,0.044532
42.68,0.043992
42.69,0.043447
42.7,0.042899
42.71,0.042367
42.72,0.041833
42.731,0.041289
42.741,0.040742
42.751,0.040194
42.761,0.039659
42.771,0.039107
42.781,0.038554
42.791,0.038
42.801,0.037453
42.811,0.036898
42.821,0.036339
42.831,0.035785
42.841,0.035233
42.851,0.034678
42.861,0.034126
42.871,0.033566
42.881,0.033004
42.891,0.032442
42.901,0.031871
42.911,0.031311
42.921,0.030742
42.931,0.03018
42.941,0.029617
42.951,0.029057
42.961,0.028515
42.971,0.027977
42.981,0.027452
42.991,0.026953
43.001,0.026469
43.011,0.025989
43.021,0.025509
43.031,0.025047
43.041,0.024598
43.051,0.02416
43.061,0.023733
43.071,0.023323
43.081,0.022924
43.091,0.022551
43.101,0.022194
43.111,0.021878
43.121,0.021595
43.131,0.021335
43.141,0.021098
43.151,0.020887
43.161,0.020717
43.171,0.020578
43.181,0.020475
43.191,0.020409
43.201,0.020374
43.211,0.020383
43.221,0.020419
43.231,0.020496
43.241,0.020607
43.251,0.020755
43.261,0.020945
43.271,0.021166
43.281,0.021417
43.291,0.021709
43.301,0.022035
43.311,0.022395
43.321,0.022776
43.331,0.023192
43.341,0.023635
43.351,0.024108
43.361,0.024618
43.371,0.025142
43.381,0.025675
43.391,0.026223
43.401,0.026782
43.411,0.027361
43.421,0.027964
43.432,0.028585
43.442,0.029216
43.452,0.029867
43.462,0.030525
43.472,0.031192
43.482,0.031872
43.492,0.032546
43.502,0.033221
43.512,0.033886
43.522,0.034558
43.532,0.035214
43.542,0.035853
43.552,0.036501
43.562,0.037138
43.572,0.037742
43.582,0.038327
43.592,0.038896
43.602,0.039438
43.612,0.039951
43.622,0.040461
43.632,0.040962
43.642,0.041426
43.652,0.041852
43.662,0.042254
43.672,0.04263
43.682,0.042966
43.692,0.043271
43.702,0.04356
43.712,0.043826
43.722,0.044062
43.732,0.044261
43.742,0.044435
43.752,0.04457
43.762,0.044675
43.772,0.044734
43.782,0.044765
43.792,0.044767
43.802,0.044738
43.812,0.044667
43.822,0.044563
43.832,0.044418
43.842,0.044238
43.852,0.044031
43.862,0.043789
43.872,0.043503
43.882,0.043188
43.892,0.042815
43.902,0.042407
43.912,0.041976
43.922,0.041514
43.932,0.041016
43.942,0.040482
43.952,0.039909
43.962,0.039325
43.972,0.038719
43.982,0.038079
43.992,0.037408
44.002,0.036709
44.012,0.035987
44.022,0.035237
44.032,0.034452
44.042,0.03364
44.052,0.032806
44.062,0.031935
44.072,0.031033
44.082,0.030113
44.092,0.02918
44.102,0.028217
44.112,0.027223
44.122,0.026214
44.132,0.025194
44.143,0.024146
44.153,0.023085
44.163,0.021998
44.173,0.020904
44.183,0.019793
44.193,0.018678
44.203,0.017554
44.213,0.016422
44.223,0.015273
44.233,0.014126
44.243,0.012996
44.253,0.011857
44.263,0.010707
44.273,0.009567
44.283,0.008421
44.293,0.0072893
44.303,0.0061611
44.313,0.0050573
44.323,0.0039644
44.333,0.0029078
44.343,0.0018508
44.353,0.0008097
44.363,-0.00022645
44.373,-0.001238
44.383,-0.0022081
44.393,-0.0031754
44.403,-0.0041289
44.413,-0.0050545
44.423,-0.0059768
44.433,-0.006869
44.443,-0.0077202
44.453,-0.0085319
44.463,-0.0093122
44.473,-0.010071
44.483,-0.010811
44.493,-0.011526
44.503,-0.012206
44.513,-0.012855
44.523,-0.013492
44.533,-0.014091
44.543,-0.01467
44.553,-0.01523
44.563,-0.015766
44.573,-0.016289
44.583,-0.016775
44.593,-0.017242
44.603,-0.01768
44.613,-0.018104
44.623,-0.018515
44.633,-0.0189
44.643,-0.019263
44.653,-0.019616
44.663,-0.019953
44.673,-0.020286
44.683,-0.020614
44.693,-0.020935
44.703,-0.021233
44.713,-0.021529
44.723,-0.021807
44.733,-0.02208
44.743,-0.02235
44.753,-0.022604
44.763,-0.022848
44.773,-0.02308
44.783,-0.023294
44.793,-0.023519
44.803,-0.023748
44.813,-0.02398
44.823,-0.024208
44.833,-0.024432
44.844,-0.024655
44.854,-0.024886
44.864,-0.025099
44.874,-0.025297
44.884,-0.025497
44.894,-0.025703
44.904,-0.025888
44.914,-0.026072
44.924,-0.026246
44.934,-0.026417
44.944,-0.026579
44.954,-0.026734
44.964,-0.026886
44.974,-0.027042
44.984,-0.02718
44.994,-0.027315
45.004,-0.027434
45.014,-0.027533
45.024,-0.027631
45.034,-0.027707
45.044,-0.027776
45.054,-0.027827
45.064,-0.027883
45.074,-0.027921
45.084,-0.027942
45.094,-0.027949
45.104,-0.027935
45.114,-0.027899
45.124,-0.027864
45.134,-0.02781
45.144,-0.027734
45.154,-0.027644
45.164,-0.027549
45.174,-0.027443
45.184,-0.027321
45.194,-0.027177
45.204,-0.027035
45.214,-0.026889
45.224,-0.026744
45.234,-0.026594
45.244,-0.026438
45.254,-0.026268
45.264,-0.026094
45.274,-0.025914
45.284,-0.025726
45.294,-0.025528
45.304,-0.025339
45.314,-0.025152
45.324,-0.024972
45.334,-0.02481
45.344,-0.024661
45.354,-0.024531
45.364,-0.024421
45.374,-0.024302
45.384,-0.024202
45.394,-0.024104
45.404,-0.024038
45.414,-0.023999
45.424,-0.023975
45.434,-0.023964
45.444,-0.023951
45.454,-0.023953
45.464,-0.023977
45.474,-0.024028
45.484,-0.024108
45.494,-0.024212
45.504,-0.024344
45.514,-0.024476
45.524,-0.024642
45.534,-0.024842
45.544,-0.025076
45.555,-0.025346
45.565,-0.025639
45.575,-0.025965
45.585,-0.026317
45.595,-0.026697
45.605,-0.027111
45.615,-0.027571
45.625,-0.028068
45.635,-0.028585
45.645,-0.029132
45.655,-0.029709
45.665,-0.030322
45.675,-0.030948
45.685,-0.031589
45.695,-0.032245
45.705,-0.03293
45.715,-0.033631
45.725,-0.034351
45.735,-0.035099
45.745,-0.035858
45.755,-0.036632
45.765,-0.037418
45.775,-0.038219
45.785,-0.039034
45.795,-0.039865
45.805,-0.040692
45.815,-0.041519
45.825,-0.042342
45.835,-0.043158
45.845,-0.043984
45.855,-0.044805
45.865,-0.045623
45.875,-0.046444
45.885,-0.047243
45.895,-0.048031
45.905,-0.048797
45.915,-0.049549
45.925,-0.05028
45.935,-0.051004
45.945,-0.051718
45.955,-0.052418
45.965,-0.053105
45.975,-0.053773
45.985,-0.054418
45.995,-0.055041
46.005,-0.055645
46.015,-0.056227
46.025,-0.05679
46.035,-0.057331
46.045,-0.057846
46.055,-0.05833
46.065,-0.058794
46.075,-0.059248
46.085,-0.059689
46.095,-0.060116
46.105,-0.060512
46.115,-0.060886
46.125,-0.06124
46.135,-0.061583
46.145,-0.06192
46.155,-0.06222
46.165,-0.062527
46.175,-0.062833
46.185,-0.063114
46.195,-0.063395
46.205,-0.06366
46.215,-0.063905
46.225,-0.064156
46.235,-0.064397
46.245,-0.064632
46.256,-0.064881
46.266,-0.065136
46.276,-0.065388
46.286,-0.065641
46.296,-0.065928
46.306,-0.066208
46.316,-0.066497
46.326,-0.066779
46.336,-0.067094
46.346,-0.067392
46.356,-0.067698
46.366,-0.068006
46.376,-0.068333
46.386,-0.068669
46.396,-0.069
46.406,-0.069336
46.416,-0.069694
46.426,-0.070067
46.436,-0.070442
46.446,-0.070821
46.456,-0.071224
46.466,-0.071636
46.476,-0.072048
46.486,-0.072469
46.496,-0.07289
46.506,-0.073324
46.516,-0.073726
46.526,-0.074123
46.536,-0.074517
46.546,-0.074901
46.556,-0.075284
46.566,-0.075658
46.576,-0.07603
46.586,-0.076401
46.596,-0.076767
46.606,-0.07713
46.616,-0.077488
46.626,-0.077825
46.636,-0.078144
46.646,-0.078466
46.656,-0.078747
46.666,-0.079
46.676,-0.079229
46.686,-0.079439
46.696,-0.079625
46.706,-0.07978
46.716,-0.079916
46.726,-0.080007
46.736,-0.080068
46.746,-0.080102
46.756,-0.080112
46.766,-0.080098
46.776,-0.080042
46.786,-0.079951
46.796,-0.079825
46.806,-0.079674
46.816,-0.079492
46.826,-0.079292
46.836,-0.079055
46.846,-0.078758
46.856,-0.078434
46.866,-0.078077
46.876,-0.077691
46.886,-0.077288
46.896,-0.076859
46.906,-0.076386
46.916,-0.075871
46.926,-0.075334
46.936,-0.074776
46.946,-0.074175
46.956,-0.073551
46.967,-0.07292
46.977,-0.072274
46.987,-0.071587
46.997,-0.070874
47.007,-0.070145
47.017,-0.069411
47.027,-0.068646
47.037,-0.06786
47.047,-0.067064
47.057,-0.066218
47.067,-0.065372
47.077,-0.064531
47.087,-0.063677
47.097,-0.062808
47.107,-0.061907
47.117,-0.061002
47.127,-0.060077
47.137,-0.059144
47.147,-0.058206
47.157,-0.057272
47.167,-0.056327
47.177,-0.055384
47.187,-0.05444
47.197,-0.053489
47.207,-0.052551
47.217,-0.051612
47.227,-0.050682
47.237,-0.049742
47.247,-0.048804
47.257,-0.047852
47.267,-0.046913
47.277,-0.046009
47.287,-0.045103
47.297,-0.044221
47.307,-0.043346
47.317,-0.042487
47.327,-0.041653
47.337,-0.040829
47.347,-0.040028
47.357,-0.039218
47.367,-0.03842
47.377,-0.037647
47.387,-0.036876
47.397,-0.036135
47.407,-0.035404
47.417,-0.034707
47.427,-0.034037
47.437,-0.03339
47.447,-0.032782
47.457,-0.032176
47.467,-0.031602
47.477,-0.031056
47.487,-0.030549
47.497,-0.030029
47.507,-0.029536
47.517,-0.029046
47.527,-0.028615
47.537,-0.028203
47.547,-0.027826
47.557,-0.027487
47.567,-0.027174
47.577,-0.026909
47.587,-0.026666
47.597,-0.026448
47.607,-0.026269
47.617,-0.026107
47.627,-0.025967
47.637,-0.025848
47.647,-0.025743
47.657,-0.025673
47.668,-0.025616
47.678,-0.025608
47.688,-0.025622
47.698,-0.025659
47.708,-0.025725
47.718,-0.025811
47.728,-0.025905
47.738,-0.02603
47.748,-0.02617
47.758,-0.026319
47.768,-0.026469
47.778,-0.026653
47.788,-0.026849
47.798,-0.027071
47.808,-0.027283
47.818,-0.027519
47.828,-0.027792
47.838,-0.028077
47.848,-0.028374
47.858,-0.028681
47.868,-0.028998
47.878,-0.029337
47.888,-0.029663
47.898,-0.029983
47.908,-0.030301
47.918,-0.030616
47.928,-0.030944
47.938,-0.03128
47.948,-0.031592
47.958,-0.031889
47.968,-0.032198
47.978,-0.032485
47.988,-0.032772
47.998,-0.033067
48.008,-0.033325
48.018,-0.03357
48.028,-0.033821
48.038,-0.034072
48.048,-0.034293
48.058,-0.034506
48.068,-0.034686
48.078,-0.034847
48.088,-0.034997
48.098,-0.035165
48.108,-0.035281
48.118,-0.035367
48.128,-0.035426
48.138,-0.035488
48.148,-0.035516
48.158,-0.035502
48.168,-0.035469
48.178,-0.035399
48.188,-0.035301
48.198,-0.035185
48.208,-0.035066
48.218,-0.034904
48.228,-0.034716
48.238,-0.034486
48.248,-0.034241
48.258,-0.033956
48.268,-0.033642
48.278,-0.033312
48.288,-0.032959
48.298,-0.03257
48.308,-0.032159
48.318,-0.031709
48.328,-0.03123
48.338,-0.030723
48.348,-0.030202
48.358,-0.029632
48.368,-0.029036
48.379,-0.028424
48.389,-0.027782
48.399,-0.027096
48.409,-0.026348
48.419,-0.02559
48.429,-0.024813
48.439,-0.023999
48.449,-0.023205
48.459,-0.022388
48.469,-0.02155
48.479,-0.020667
48.489,-0.019761
48.499,-0.018856
48.509,-0.017915
48.519,-0.016957
48.529,-0.015972
48.539,-0.014962
48.549,-0.013892
48.559,-0.012839
48.569,-0.011801
48.579,-0.010751
48.589,-0.0096875
48.599,-0.0085938
48.609,-0.0074834
48.619,-0.0063715
48.629,-0.0052645
48.639,-0.0041681
48.649,-0.0030392
48.659,-0.0018817
48.669,-0.00073485
48.679,0.00041591
48.689,0.0016103
48.699,0.0027421
48.709,0.0038776
48.719,0.004993
48.729,0.0060886
48.739,0.0071623
48.749,0.0082086
48.759,0.0092733
48.769,0.010301
48.779,0.011301
48.789,0.012301
48.799,0.013273
48.809,0.014211
48.819,0.015111
48.829,0.015967
48.839,0.016784
48.849,0.017537
48.859,0.018255
48.869,0.018946
48.879,0.019616
48.889,0.020236
48.899,0.020852
48.909,0.021423
48.919,0.02193
48.929,0.022382
48.939,0.022792
48.949,0.023155
48.959,0.023482
48.969,0.023747
48.979,0.023965
48.989,0.024145
48.999,0.024286
49.009,0.024367
49.019,0.024415
49.029,0.024426
49.039,0.024369
49.049,0.024267
49.059,0.024074
49.069,0.023829
49.08,0.023569
49.09,0.0233
49.1,0.022928
49.11,0.022529
49.12,0.02206
49.13,0.021566
49.14,0.021048
49.15,0.020502
49.16,0.019878
49.17,0.019247
49.18,0.018564
49.19,0.017863
49.2,0.017137
49.21,0.016404
49.22,0.015644
49.23,0.014805
49.24,0.013996
49.25,0.013201
49.26,0.012382
49.27,0.011531
49.28,0.010621
49.29,0.0097503
49.3,0.0088858
49.31,0.008021
49.32,0.0071374
49.33,0.0062673
49.34,0.0053926
49.35,0.0044929
49.36,0.0036235
49.37,0.0027897
49.38,0.0019781
49.39,0.0011915
49.4,0.00040504
49.41,-0.00040315
49.42,-0.0012006
49.43,-0.0020013
49.44,-0.0027554
49.45,-0.0034467
49.46,-0.0041797
49.47,-0.0048606
49.48,-0.0055001
49.49,-0.0061615
49.5,-0.0067848
49.51,-0.0073819
49.52,-0.0079247
49.53,-0.0083929
49.54,-0.008813
49.55,-0.0092746
49.56,-0.0097143
49.57,-0.010079
49.58,-0.010442
49.59,-0.010785
49.6,-0.011097
49.61,-0.011402
49.62,-0.011688
49.63,-0.011911
49.64,-0.012135
49.65,-0.012284
49.66,-0.012419
49.67,-0.012525
49.68,-0.012592
49.69,-0.012572
49.7,-0.012539
49.71,-0.012478
49.72,-0.012475
49.73,-0.012423
49.74,-0.012313
49.75,-0.012183
49.76,-0.012015
49.77,-0.011823
49.78,-0.011641
49.791,-0.01136
49.801,-0.011
49.811,-0.010631
49.821,-0.010221
49.831,-0.0097613
49.841,-0.0092949
49.851,-0.0087627
49.861,-0.0082765
49.871,-0.0076875
49.881,-0.00701
49.891,-0.0063983
49.901,-0.0055932
49.911,-0.0049485
49.921,-0.0042823
49.931,-0.0037817
49.941,-0.0033066
49.951,-0.0027895
49.961,-0.0022666
49.971,-0.0016658
49.981,-0.0011171
49.991,-0.00051464
50.001,-2.695e-005
50.011,0.00064903
50.021,0.0012422
50.031,0.0013634
50.041,0.0015027
50.051,0.0014441
50.061,-0.00047989
