0,0.00058209
0.0099986,-0.0020808
0.019997,-0.0036551
0.029996,-0.0041176
0.039994,-0.004232
0.049993,-0.0042994
0.059992,-0.0043865
0.06999,-0.0044706
0.079989,-0.0046001
0.089987,-0.0046576
0.099986,-0.0047226
0.10998,-0.0048194
0.11998,-0.004932
0.12998,-0.0050178
0.13998,-0.0051493
0.14998,-0.0052382
0.15998,-0.0052924
0.16998,-0.0053504
0.17997,-0.0053806
0.18997,-0.0054301
0.19997,-0.0055076
0.20997,-0.0056095
0.21997,-0.0057022
0.22997,-0.0057601
0.23997,-0.0058004
0.24996,-0.005856
0.25996,-0.0058745
0.26996,-0.0059086
0.27996,-0.0059621
0.28996,-0.005979
0.29996,-0.0060111
0.30996,-0.0060327
0.31995,-0.0060341
0.32995,-0.00607
0.33995,-0.0061222
0.34995,-0.0061366
0.35995,-0.0061786
0.36995,-0.0062323
0.37995,-0.0062426
0.38994,-0.0062684
0.39994,-0.0062776
0.40994,-0.0063013
0.41994,-0.0063237
0.42994,-0.0063419
0.43994,-0.0063988
0.44994,-0.0064969
0.45993,-0.0065317
0.46993,-0.0065607
0.47993,-0.0065971
0.48993,-0.0066272
0.49993,-0.0066793
0.50993,-0.0067417
0.51993,-0.0068273
0.52993,-0.006891
0.53992,-0.0069519
0.54992,-0.0069837
0.55992,-0.0070214
0.56992,-0.0070653
0.57992,-0.0071361
0.58992,-0.0071584
0.59992,-0.0071675
0.60991,-0.0072169
0.61991,-0.0072591
0.62991,-0.007315
0.63991,-0.0073449
0.64991,-0.0073921
0.65991,-0.0074245
0.66991,-0.007446
0.6799,-0.0075141
0.6899,-0.0075655
0.6999,-0.007616
0.7099,-0.0076589
0.7199,-0.0077052
0.7299,-0.0077188
0.7399,-0.0077352
0.74989,-0.0077487
0.75989,-0.0077469
0.76989,-0.0077609
0.77989,-0.0077677
0.78989,-0.0078119
0.79989,-0.0078665
0.80989,-0.0079088
0.81988,-0.0079631
0.82988,-0.007973
0.83988,-0.0079975
0.84988,-0.008022
0.85988,-0.0080595
0.86988,-0.0080854
0.87988,-0.0081011
0.88987,-0.008085
0.89987,-0.0080806
0.90987,-0.0080598
0.91987,-0.0080598
0.92987,-0.0080832
0.93987,-0.00813
0.94987,-0.0081592
0.95986,-0.0081584
0.96986,-0.0081766
0.97986,-0.0081921
0.98986,-0.0082008
0.99986,-0.008216
1.0099,-0.0082335
1.0199,-0.0082507
1.0299,-0.0082612
1.0399,-0.0082937
1.0499,-0.0083083
1.0599,-0.0083325
1.0698,-0.008335
1.0798,-0.008353
1.0898,-0.0083673
1.0998,-0.0083641
1.1098,-0.0083716
1.1198,-0.0083609
1.1298,-0.0083522
1.1398,-0.0083387
1.1498,-0.0083198
1.1598,-0.0083254
1.1698,-0.0083294
1.1798,-0.0083098
1.1898,-0.0082807
1.1998,-0.008247
1.2098,-0.0082119
1.2198,-0.0081978
1.2298,-0.0081752
1.2398,-0.0081413
1.2498,-0.0081076
1.2598,-0.0080987
1.2698,-0.0080818
1.2798,-0.0080721
1.2898,-0.0080767
1.2998,-0.0080963
1.3098,-0.0081396
1.3198,-0.0081593
1.3298,-0.0081693
1.3398,-0.0081822
1.3498,-0.0081944
1.3598,-0.0081961
1.3698,-0.0081951
1.3798,-0.0081889
1.3898,-0.0081915
1.3998,-0.0081888
1.4098,-0.0082196
1.4198,-0.0082436
1.4298,-0.0082596
1.4398,-0.0082727
1.4498,-0.0082807
1.4598,-0.0082817
1.4698,-0.008268
1.4798,-0.0082599
1.4898,-0.0082406
1.4998,-0.0082267
1.5098,-0.0082252
1.5198,-0.0082163
1.5298,-0.008209
1.5398,-0.0081839
1.5498,-0.0081744
1.5598,-0.0081804
1.5698,-0.0081701
1.5798,-0.0081688
1.5898,-0.008175
1.5998,-0.0081768
1.6098,-0.0081564
1.6198,-0.0081481
1.6298,-0.0081369
1.6398,-0.0081339
1.6498,-0.008135
1.6598,-0.0081337
1.6698,-0.0081433
1.6798,-0.0081614
1.6898,-0.0081677
1.6998,-0.0081862
1.7098,-0.0081935
1.7198,-0.008204
1.7298,-0.0081875
1.7398,-0.0081699
1.7498,-0.0081425
1.7598,-0.0081226
1.7697,-0.008123
1.7797,-0.0081044
1.7897,-0.0080904
1.7997,-0.008075
1.8097,-0.0080511
1.8197,-0.0080309
1.8297,-0.0080204
1.8397,-0.0080094
1.8497,-0.0079809
1.8597,-0.0079611
1.8697,-0.0079385
1.8797,-0.007942
1.8897,-0.0079169
1.8997,-0.0078909
1.9097,-0.0078575
1.9197,-0.007838
1.9297,-0.0078278
1.9397,-0.0078237
1.9497,-0.0078254
1.9597,-0.0078238
1.9697,-0.007818
1.9797,-0.0077992
1.9897,-0.0077865
1.9997,-0.0077613
2.0097,-0.0077462
2.0197,-0.0077542
2.0297,-0.0077403
2.0397,-0.0077301
2.0497,-0.0077174
2.0597,-0.0077051
2.0697,-0.0076775
2.0797,-0.0076589
2.0897,-0.0076323
2.0997,-0.007591
2.1097,-0.0075672
2.1197,-0.0075551
2.1297,-0.0075435
2.1397,-0.0075164
2.1497,-0.0074866
2.1597,-0.0074559
2.1697,-0.0074323
2.1797,-0.0074109
2.1897,-0.0073996
2.1997,-0.0073825
2.2097,-0.0073716
2.2197,-0.0073444
2.2297,-0.007303
2.2397,-0.007266
2.2497,-0.0072213
2.2597,-0.0071714
2.2697,-0.0071191
2.2797,-0.0070857
2.2897,-0.0070589
2.2997,-0.007042
2.3097,-0.0070285
2.3197,-0.0070256
2.3297,-0.0070136
2.3397,-0.0069904
2.3497,-0.0069621
2.3597,-0.0069482
2.3697,-0.00694
2.3797,-0.0069061
2.3897,-0.0068719
2.3997,-0.0068387
2.4097,-0.0068008
2.4197,-0.0067633
2.4297,-0.0067107
2.4397,-0.0066676
2.4497,-0.0066479
2.4597,-0.0066169
2.4697,-0.0065986
2.4796,-0.0065961
2.4896,-0.0065905
2.4996,-0.006593
2.5096,-0.0065888
2.5196,-0.0065679
2.5296,-0.0065482
2.5396,-0.0065185
2.5496,-0.0064954
2.5596,-0.0064846
2.5696,-0.0064662
2.5796,-0.0064343
2.5896,-0.0063959
2.5996,-0.0063494
2.6096,-0.0063081
2.6196,-0.0062751
2.6296,-0.0062427
2.6396,-0.0062192
2.6496,-0.0061942
2.6596,-0.0061563
2.6696,-0.0061246
2.6796,-0.006089
2.6896,-0.0060353
2.6996,-0.0059957
2.7096,-0.0059683
2.7196,-0.0059327
2.7296,-0.0059115
2.7396,-0.0058742
2.7496,-0.0058374
2.7596,-0.0057983
2.7696,-0.0057497
2.7796,-0.0057026
2.7896,-0.005666
2.7996,-0.0056421
2.8096,-0.0056207
2.8196,-0.005591
2.8296,-0.0055605
2.8396,-0.0055347
2.8496,-0.0055055
2.8596,-0.0054609
2.8696,-0.0054165
2.8796,-0.0053895
2.8896,-0.0053516
2.8996,-0.0053161
2.9096,-0.0052844
2.9196,-0.0052398
2.9296,-0.005198
2.9396,-0.0051692
2.9496,-0.0051349
2.9596,-0.0050961
2.9696,-0.0050511
2.9796,-0.0050033
2.9896,-0.0049712
2.9996,-0.0049397
3.0096,-0.0049197
3.0196,-0.0049046
3.0296,-0.0048917
3.0396,-0.0048699
3.0496,-0.0048565
3.0596,-0.0048329
3.0696,-0.0048048
3.0796,-0.0047683
3.0896,-0.0047351
3.0996,-0.0047015
3.1096,-0.0046626
3.1196,-0.0046225
3.1296,-0.0046008
3.1396,-0.0045676
3.1496,-0.0045204
3.1596,-0.0044788
3.1696,-0.0044374
3.1796,-0.0044115
3.1895,-0.0043786
3.1995,-0.0043447
3.2095,-0.0043243
3.2195,-0.0043013
3.2295,-0.0042811
3.2395,-0.0042581
3.2495,-0.0042324
3.2595,-0.0042074
3.2695,-0.0041745
3.2795,-0.0041373
3.2895,-0.0041108
3.2995,-0.0040699
3.3095,-0.0040384
3.3195,-0.0040076
3.3295,-0.0039756
3.3395,-0.0039563
3.3495,-0.0039359
3.3595,-0.0039214
3.3695,-0.003897
3.3795,-0.0038589
3.3895,-0.0038271
3.3995,-0.0038055
3.4095,-0.0037802
3.4195,-0.0037561
3.4295,-0.0037409
3.4395,-0.0037151
3.4495,-0.0036857
3.4595,-0.0036643
3.4695,-0.0036203
3.4795,-0.0035768
3.4895,-0.0035332
3.4995,-0.0034865
3.5095,-0.0034313
3.5195,-0.0033882
3.5295,-0.0033433
3.5395,-0.0033068
3.5495,-0.0032769
3.5595,-0.0032333
3.5695,-0.0032086
3.5795,-0.0031726
3.5895,-0.0031353
3.5995,-0.0031036
3.6095,-0.0030667
3.6195,-0.0030381
3.6295,-0.0029914
3.6395,-0.0029527
3.6495,-0.0029142
3.6595,-0.0028809
3.6695,-0.0028557
3.6795,-0.0028262
3.6895,-0.0027854
3.6995,-0.0027575
3.7095,-0.0027187
3.7195,-0.0027038
3.7295,-0.0026882
3.7395,-0.0026733
3.7495,-0.0026402
3.7595,-0.0026113
3.7695,-0.0025728
3.7795,-0.0025418
3.7895,-0.0025192
3.7995,-0.0024868
3.8095,-0.0024492
3.8195,-0.0024193
3.8295,-0.0023923
3.8395,-0.00236
3.8495,-0.0023197
3.8595,-0.0022678
3.8695,-0.0022155
3.8795,-0.0021753
3.8894,-0.0021165
3.8994,-0.0020683
3.9094,-0.00202
3.9194,-0.0019716
3.9294,-0.001932
3.9394,-0.001878
3.9494,-0.0018393
3.9594,-0.0018048
3.9694,-0.0017649
3.9794,-0.0017185
3.9894,-0.0016747
3.9994,-0.0016376
4.0094,-0.0016076
4.0194,-0.0015725
4.0294,-0.0015418
4.0394,-0.0015127
4.0494,-0.0014837
4.0594,-0.0014634
4.0694,-0.0014308
4.0794,-0.0013964
4.0894,-0.0013558
4.0994,-0.0013301
4.1094,-0.0012929
4.1194,-0.0012569
4.1294,-0.0012314
4.1394,-0.0011974
4.1494,-0.0011649
4.1594,-0.0011369
4.1694,-0.0011115
4.1794,-0.001074
4.1894,-0.0010462
4.1994,-0.0010152
4.2094,-0.00097557
4.2194,-0.00094396
4.2294,-0.00091053
4.2394,-0.00089137
4.2494,-0.00087027
4.2594,-0.00084183
4.2694,-0.0008138
4.2794,-0.00078497
4.2894,-0.00075035
4.2994,-0.00071715
4.3094,-0.00068051
4.3194,-0.0006326
4.3294,-0.00058026
4.3394,-0.00052899
4.3494,-0.00046599
4.3594,-0.00041437
4.3694,-0.00035244
4.3794,-0.00030968
4.3894,-0.00027049
4.3994,-0.00022289
4.4094,-0.00017189
4.4194,-0.00012431
4.4294,-7.7332e-005
4.4394,-4.3667e-005
4.4494,-2.718e-005
4.4594,-1.2986e-005
4.4694,2.017e-005
4.4794,5.7077e-005
4.4894,8.9562e-005
4.4994,0.0001303
4.5094,0.00016986
4.5194,0.00020307
4.5294,0.0002371
4.5394,0.00027152
4.5494,0.00031152
4.5594,0.00035157
4.5694,0.00037788
4.5794,0.00039956
4.5894,0.0004221
4.5993,0.00044986
4.6093,0.0004838
4.6193,0.00052521
4.6293,0.00056228
4.6393,0.00058812
4.6493,0.00061056
4.6593,0.00063616
4.6693,0.00066257
4.6793,0.00068496
4.6893,0.00070729
4.6993,0.00072269
4.7093,0.00073548
4.7193,0.00075361
4.7293,0.00077127
4.7393,0.00079897
4.7493,0.0008243
4.7593,0.00085269
4.7693,0.00087801
4.7793,0.0009042
4.7893,0.00093679
4.7993,0.0009661
4.8093,0.0010001
4.8193,0.0010311
4.8293,0.0010633
4.8393,0.0011056
4.8493,0.0011296
4.8593,0.0011524
4.8693,0.0011665
4.8793,0.0011839
4.8893,0.0012097
4.8993,0.0012392
4.9093,0.0012751
4.9193,0.0012951
4.9293,0.0013192
4.9393,0.0013562
4.9493,0.0013913
4.9593,0.0014354
4.9693,0.0014713
4.9793,0.0015087
4.9893,0.0015504
4.9993,0.0016046
5.0093,0.0016565
5.0193,0.0017032
5.0293,0.0017453
5.0393,0.0018064
5.0493,0.0018525
5.0593,0.0018926
5.0693,0.0019298
5.0793,0.0019753
5.0893,0.0020142
5.0993,0.0020614
5.1093,0.0020971
5.1193,0.0021248
5.1293,0.0021683
5.1393,0.0022075
5.1493,0.0022527
5.1593,0.002288
5.1693,0.0023359
5.1793,0.0023794
5.1893,0.0024181
5.1993,0.0024647
5.2093,0.0025092
5.2193,0.0025649
5.2293,0.002621
5.2393,0.002667
5.2493,0.0027112
5.2593,0.0027584
5.2693,0.002801
5.2793,0.0028448
5.2893,0.0028833
5.2993,0.0029392
5.3092,0.0029933
5.3192,0.0030446
5.3292,0.0031197
5.3392,0.0031608
5.3492,0.0032158
5.3592,0.0032699
5.3692,0.0033043
5.3792,0.0033534
5.3892,0.0034137
5.3992,0.0034768
5.4092,0.0035304
5.4192,0.003594
5.4292,0.0036413
5.4392,0.0037008
5.4492,0.0037437
5.4592,0.0038114
5.4692,0.0038799
5.4792,0.0039378
5.4892,0.003994
5.4992,0.0040432
5.5092,0.0041142
5.5192,0.0041887
5.5292,0.0042504
5.5392,0.0042816
5.5492,0.0043268
5.5592,0.0043851
5.5692,0.0044397
5.5792,0.0044881
5.5892,0.0045405
5.5992,0.0045897
5.6092,0.0046403
5.6192,0.0047069
5.6292,0.0047625
5.6392,0.0048373
5.6492,0.0049112
5.6592,0.0049538
5.6692,0.0050093
5.6792,0.005075
5.6892,0.0051252
5.6992,0.0051691
5.7092,0.0052137
5.7192,0.0052588
5.7292,0.0053042
5.7392,0.0053693
5.7492,0.0054306
5.7592,0.0054809
5.7692,0.0055273
5.7792,0.0055796
5.7892,0.0056245
5.7992,0.0056935
5.8092,0.0057729
5.8192,0.0058364
5.8292,0.0058943
5.8392,0.0059522
5.8492,0.0060094
5.8592,0.0060729
5.8692,0.0061324
5.8792,0.0061801
5.8892,0.0062266
5.8992,0.0062867
5.9092,0.0063194
5.9192,0.0063789
5.9292,0.0064349
5.9392,0.0064665
5.9492,0.0065317
5.9592,0.0065948
5.9692,0.0066449
5.9792,0.0067098
5.9892,0.0067794
5.9992,0.0068217
6.0091,0.0068893
6.0191,0.0069391
6.0291,0.0069909
6.0391,0.0070352
6.0491,0.0071088
6.0591,0.0071705
6.0691,0.007226
6.0791,0.0072781
6.0891,0.0073211
6.0991,0.0073566
6.1091,0.0074102
6.1191,0.0074759
6.1291,0.0075595
6.1391,0.0076028
6.1491,0.007632
6.1591,0.0076989
6.1691,0.007775
6.1791,0.0078364
6.1891,0.0078721
6.1991,0.0079368
6.2091,0.0079998
6.2191,0.0080583
6.2291,0.0081171
6.2391,0.0081688
6.2491,0.0082395
6.2591,0.0083132
6.2691,0.008372
6.2791,0.0084202
6.2891,0.0084671
6.2991,0.0085289
6.3091,0.0085729
6.3191,0.0086258
6.3291,0.0086674
6.3391,0.0087005
6.3491,0.0087425
6.3591,0.0087752
6.3691,0.0088038
6.3791,0.0088397
6.3891,0.0088829
6.3991,0.0089364
6.4091,0.0089862
6.4191,0.0090106
6.4291,0.0090383
6.4391,0.0090762
6.4491,0.0091179
6.4591,0.0091414
6.4691,0.0091645
6.4791,0.0091915
6.4891,0.0092446
6.4991,0.009276
6.5091,0.0093244
6.5191,0.0093702
6.5291,0.009419
6.5391,0.0094656
6.5491,0.0095021
6.5591,0.0095367
6.5691,0.0095653
6.5791,0.0096042
6.5891,0.0096454
6.5991,0.0096906
6.6091,0.0097565
6.6191,0.0097774
6.6291,0.0098051
6.6391,0.0098385
6.6491,0.0098517
6.6591,0.0098963
6.6691,0.0099245
6.6791,0.0099658
6.6891,0.010014
6.6991,0.010038
6.7091,0.010075
6.719,0.010104
6.729,0.010159
6.739,0.010211
6.749,0.010235
6.759,0.010274
6.769,0.010291
6.779,0.010326
6.789,0.010355
6.799,0.010377
6.809,0.010407
6.819,0.010429
6.829,0.010469
6.839,0.010492
6.849,0.010525
6.859,0.010552
6.869,0.01059
6.879,0.010636
6.889,0.010664
6.899,0.010695
6.909,0.010729
6.919,0.010748
6.929,0.010792
6.939,0.010822
6.949,0.010852
6.959,0.010879
6.969,0.010906
6.979,0.010938
6.989,0.010961
6.999,0.010981
7.009,0.011022
7.019,0.011049
7.029,0.011076
7.039,0.011097
7.049,0.011111
7.059,0.011131
7.069,0.011151
7.079,0.011173
7.089,0.011191
7.099,0.011217
7.109,0.01125
7.119,0.011281
7.129,0.011316
7.139,0.01135
7.149,0.01139
7.159,0.011421
7.169,0.011441
7.179,0.011464
7.189,0.011499
7.199,0.011544
7.209,0.011585
7.219,0.01162
7.229,0.011662
7.239,0.011705
7.249,0.011752
7.259,0.011789
7.269,0.011827
7.279,0.011868
7.289,0.011909
7.299,0.01195
7.309,0.011993
7.319,0.012035
7.329,0.012078
7.339,0.012114
7.349,0.012136
7.359,0.012157
7.369,0.012191
7.379,0.012221
7.389,0.012258
7.399,0.012289
7.409,0.012323
7.419,0.012365
7.4289,0.012408
7.4389,0.012453
7.4489,0.012489
7.4589,0.012519
7.4689,0.012549
7.4789,0.012587
7.4889,0.012624
7.4989,0.012659
7.5089,0.012697
7.5189,0.012735
7.5289,0.012784
7.5389,0.012826
7.5489,0.012849
7.5589,0.012882
7.5689,0.012924
7.5789,0.012963
7.5889,0.013
7.5989,0.013037
7.6089,0.013066
7.6189,0.013109
7.6289,0.013152
7.6389,0.013183
7.6489,0.013214
7.6589,0.013263
7.6689,0.013304
7.6789,0.013343
7.6889,0.013372
7.6989,0.013399
7.7089,0.013426
7.7189,0.013453
7.7289,0.013478
7.7389,0.013513
7.7489,0.013543
7.7589,0.01357
7.7689,0.013592
7.7789,0.013612
7.7889,0.013637
7.7989,0.01366
7.8089,0.013684
7.8189,0.013718
7.8289,0.013744
7.8389,0.013764
7.8489,0.013796
7.8589,0.013827
7.8689,0.013848
7.8789,0.013863
7.8889,0.013879
7.8989,0.013904
7.9089,0.013926
7.9189,0.013946
7.9289,0.013967
7.9389,0.013983
7.9489,0.014003
7.9589,0.014028
7.9689,0.014046
7.9789,0.014077
7.9889,0.014108
7.9989,0.014134
8.0089,0.014153
8.0189,0.014167
8.0289,0.014174
8.0389,0.014191
8.0489,0.01421
8.0589,0.014225
8.0689,0.014238
8.0789,0.014257
8.0889,0.014271
8.0989,0.014292
8.1089,0.014296
8.1189,0.014311
8.1289,0.014324
8.1388,0.014327
8.1488,0.014336
8.1588,0.014353
8.1688,0.014369
8.1788,0.014382
8.1888,0.014397
8.1988,0.014408
8.2088,0.014412
8.2188,0.014425
8.2288,0.014439
8.2388,0.014455
8.2488,0.01446
8.2588,0.014469
8.2688,0.014473
8.2788,0.014489
8.2888,0.014493
8.2988,0.014498
8.3088,0.014499
8.3188,0.014508
8.3288,0.014516
8.3388,0.014522
8.3488,0.014532
8.3588,0.014538
8.3688,0.014533
8.3788,0.014531
8.3888,0.014534
8.3988,0.014541
8.4088,0.014544
8.4188,0.014538
8.4288,0.014533
8.4388,0.014527
8.4488,0.014526
8.4588,0.014518
8.4688,0.0145
8.4788,0.014492
8.4888,0.014487
8.4988,0.014483
8.5088,0.014477
8.5188,0.014478
8.5288,0.014476
8.5388,0.014475
8.5488,0.014463
8.5588,0.014442
8.5688,0.014422
8.5788,0.014402
8.5888,0.01437
8.5988,0.014343
8.6088,0.014319
8.6188,0.014292
8.6288,0.014266
8.6388,0.014239
8.6488,0.014214
8.6588,0.014193
8.6688,0.014184
8.6788,0.014169
8.6888,0.014149
8.6988,0.014125
8.7088,0.014095
8.7188,0.014067
8.7288,0.014051
8.7388,0.014041
8.7488,0.014028
8.7588,0.014006
8.7688,0.013976
8.7788,0.013954
8.7888,0.013935
8.7988,0.013911
8.8088,0.013894
8.8188,0.01387
8.8288,0.013849
8.8387,0.01383
8.8487,0.013812
8.8587,0.013784
8.8687,0.013754
8.8787,0.013733
8.8887,0.013709
8.8987,0.013668
8.9087,0.013629
8.9187,0.013589
8.9287,0.013545
8.9387,0.013502
8.9487,0.013463
8.9587,0.013424
8.9687,0.013382
8.9787,0.013329
8.9887,0.013284
8.9987,0.013247
9.0087,0.013209
9.0187,0.013161
9.0287,0.013111
9.0387,0.013069
9.0487,0.013026
9.0587,0.012984
9.0687,0.012934
9.0787,0.012888
9.0887,0.01284
9.0987,0.012803
9.1087,0.012765
9.1187,0.012723
9.1287,0.012676
9.1387,0.012635
9.1487,0.012588
9.1587,0.012541
9.1687,0.012497
9.1787,0.012457
9.1887,0.012421
9.1987,0.012376
9.2087,0.012324
9.2187,0.012269
9.2287,0.012215
9.2387,0.012164
9.2487,0.012117
9.2587,0.012064
9.2687,0.012011
9.2787,0.01196
9.2887,0.01191
9.2987,0.011861
9.3087,0.011812
9.3187,0.011754
9.3287,0.01171
9.3387,0.011669
9.3487,0.011623
9.3587,0.011576
9.3687,0.011538
9.3787,0.011506
9.3887,0.011466
9.3987,0.011414
9.4087,0.011363
9.4187,0.011313
9.4287,0.011258
9.4387,0.011204
9.4487,0.011152
9.4587,0.011096
9.4687,0.011031
9.4787,0.010959
9.4887,0.010888
9.4987,0.010824
9.5087,0.010769
9.5187,0.010709
9.5287,0.010655
9.5387,0.010602
9.5486,0.010549
9.5586,0.010498
9.5686,0.010453
9.5786,0.010404
9.5886,0.010351
9.5986,0.01029
9.6086,0.010226
9.6186,0.010165
9.6286,0.010108
9.6386,0.01005
9.6486,0.0099954
9.6586,0.0099355
9.6686,0.0098738
9.6786,0.0098123
9.6886,0.0097591
9.6986,0.0097027
9.7086,0.0096456
9.7186,0.0095787
9.7286,0.0095129
9.7386,0.0094479
9.7486,0.0093707
9.7586,0.0092967
9.7686,0.0092212
9.7786,0.0091614
9.7886,0.0090943
9.7986,0.0090259
9.8086,0.0089545
9.8186,0.0088837
9.8286,0.0088133
9.8386,0.008732
9.8486,0.0086378
9.8586,0.0085551
9.8686,0.0084855
9.8786,0.0084089
9.8886,0.0083379
9.8986,0.0082746
9.9086,0.008206
9.9186,0.0081371
9.9286,0.008064
9.9386,0.0079884
9.9486,0.0079096
9.9586,0.0078365
9.9686,0.0077636
9.9786,0.0076806
9.9886,0.0076053
9.9986,0.0075218
10.009,0.0074389
10.019,0.0073561
10.029,0.0072735
10.039,0.0071896
10.049,0.0071006
10.059,0.0070084
10.069,0.0069254
10.079,0.0068427
10.089,0.0067617
10.099,0.00669
10.109,0.0066189
10.119,0.0065323
10.129,0.0064413
10.139,0.0063569
10.149,0.0062673
10.159,0.0061667
10.169,0.0060802
10.179,0.0059967
10.189,0.0059103
10.199,0.0058357
10.209,0.0057608
10.219,0.0056817
10.229,0.0056058
10.239,0.0055327
10.249,0.0054626
10.259,0.005385
10.269,0.0053002
10.279,0.0052177
10.289,0.0051364
10.299,0.0050577
10.309,0.0049791
10.319,0.0048963
10.329,0.0048063
10.339,0.0047242
10.349,0.0046416
10.359,0.0045602
10.369,0.0044801
10.379,0.0044017
10.389,0.004329
10.399,0.0042551
10.409,0.0041861
10.419,0.0041209
10.429,0.0040546
10.439,0.0039958
10.449,0.0039415
10.459,0.0038885
10.469,0.0038434
10.479,0.0037973
10.489,0.00374
10.499,0.0036818
10.509,0.0036298
10.519,0.0035798
10.529,0.0035338
10.539,0.0034961
10.549,0.003452
10.559,0.0034032
10.569,0.0033541
10.579,0.0033063
10.589,0.0032668
10.599,0.00323
10.608,0.0031859
10.618,0.0031411
10.628,0.0031042
10.638,0.0030665
10.648,0.0030285
10.658,0.0029934
10.668,0.002952
10.678,0.0029204
10.688,0.0028939
10.698,0.0028618
10.708,0.0028318
10.718,0.0028121
10.728,0.0028004
10.738,0.0027779
10.748,0.0027553
10.758,0.002727
10.768,0.0027041
10.778,0.0026854
10.788,0.0026698
10.798,0.0026528
10.808,0.0026321
10.818,0.0026181
10.828,0.0026091
10.838,0.0026018
10.848,0.0025882
10.858,0.0025682
10.868,0.0025441
10.878,0.002522
10.888,0.0025134
10.898,0.0025133
10.908,0.002503
10.918,0.0024953
10.928,0.0024904
10.938,0.0024855
10.948,0.0024789
10.958,0.0024864
10.968,0.0024949
10.978,0.002504
10.988,0.0025142
10.998,0.0025211
11.008,0.0025196
11.018,0.0025097
11.028,0.0024898
11.038,0.0024745
11.048,0.0024584
11.058,0.0024424
11.068,0.0024286
11.078,0.0024085
11.088,0.0023852
11.098,0.0023621
11.108,0.0023398
11.118,0.0023196
11.128,0.0023069
11.138,0.00231
11.148,0.0023096
11.158,0.0023089
11.168,0.002302
11.178,0.0022991
11.188,0.002294
11.198,0.0022851
11.208,0.0022769
11.218,0.0022688
11.228,0.0022509
11.238,0.0022328
11.248,0.0022172
11.258,0.0022046
11.268,0.0021809
11.278,0.0021475
11.288,0.0021247
11.298,0.0021013
11.308,0.0020659
11.318,0.0020291
11.328,0.0019927
11.338,0.0019654
11.348,0.0019356
11.358,0.001908
11.368,0.0018847
11.378,0.0018558
11.388,0.001829
11.398,0.0018071
11.408,0.0017809
11.418,0.0017521
11.428,0.0017286
11.438,0.0017085
11.448,0.001677
11.458,0.0016475
11.468,0.001626
11.478,0.001603
11.488,0.0015653
11.498,0.0015283
11.508,0.0014847
11.518,0.0014435
11.528,0.0014103
11.538,0.0013845
11.548,0.0013467
11.558,0.0013067
11.568,0.0012716
11.578,0.0012339
11.588,0.0011902
11.598,0.0011465
11.608,0.0010961
11.618,0.0010459
11.628,0.00099927
11.638,0.00096295
11.648,0.00093036
11.658,0.00089428
11.668,0.00085627
11.678,0.00081622
11.688,0.0007768
11.698,0.00073015
11.708,0.00067571
11.718,0.00063012
11.728,0.00057676
11.738,0.00051449
11.748,0.00044511
11.758,0.00037896
11.768,0.0003156
11.778,0.00025145
11.788,0.00019253
11.798,0.00012989
11.808,6.3693e-005
11.818,-1.3465e-006
11.828,-6.8709e-005
11.838,-0.00013834
11.848,-0.00020368
11.858,-0.00027232
11.868,-0.00034459
11.878,-0.00041371
11.888,-0.00049045
11.898,-0.00057666
11.908,-0.00064413
11.918,-0.00070783
11.928,-0.00076656
11.938,-0.000828
11.948,-0.00088931
11.958,-0.00095235
11.968,-0.0010143
11.978,-0.0010727
11.988,-0.0011389
11.998,-0.001199
12.008,-0.0012601
12.018,-0.0013255
12.028,-0.0013928
12.038,-0.0014537
12.048,-0.0015165
12.058,-0.0015797
12.068,-0.0016286
12.078,-0.0016744
12.088,-0.0017258
12.098,-0.0017867
12.108,-0.0018338
12.118,-0.0018928
12.128,-0.0019532
12.138,-0.0020238
12.148,-0.0020802
12.158,-0.0021377
12.168,-0.0021991
12.178,-0.002258
12.188,-0.0023139
12.198,-0.0023715
12.208,-0.0024275
12.218,-0.0024875
12.228,-0.0025474
12.238,-0.0026012
12.248,-0.0026625
12.258,-0.0027206
12.268,-0.0027775
12.278,-0.0028241
12.288,-0.0028756
12.298,-0.0029281
12.308,-0.0029734
12.318,-0.0030263
12.328,-0.0030805
12.338,-0.0031362
12.348,-0.0031801
12.358,-0.0032225
12.368,-0.0032588
12.378,-0.0032936
12.388,-0.0033276
12.398,-0.0033703
12.408,-0.0034067
12.418,-0.003441
12.428,-0.0034789
12.438,-0.0035271
12.448,-0.0035773
12.458,-0.0036303
12.468,-0.0036774
12.478,-0.0037307
12.488,-0.0037823
12.498,-0.003824
12.508,-0.0038648
12.518,-0.0039177
12.528,-0.0039716
12.538,-0.0040235
12.548,-0.0040746
12.558,-0.004135
12.568,-0.0041887
12.578,-0.0042446
12.588,-0.0043121
12.598,-0.0043644
12.608,-0.0044073
12.618,-0.004445
12.628,-0.0044833
12.638,-0.0045104
12.648,-0.0045395
12.658,-0.0045765
12.668,-0.0046182
12.678,-0.0046575
12.688,-0.0046993
12.698,-0.0047425
12.708,-0.0047803
12.718,-0.0048172
12.728,-0.0048592
12.738,-0.0048989
12.748,-0.0049393
12.758,-0.0049723
12.768,-0.0050086
12.778,-0.0050391
12.788,-0.005069
12.798,-0.0050988
12.808,-0.0051237
12.818,-0.0051544
12.828,-0.0051817
12.838,-0.0051983
12.848,-0.0052234
12.858,-0.0052565
12.868,-0.0052893
12.878,-0.0053126
12.888,-0.005337
12.898,-0.0053583
12.908,-0.0053704
12.918,-0.00539
12.928,-0.0054081
12.938,-0.005425
12.948,-0.0054343
12.958,-0.0054519
12.968,-0.005473
12.978,-0.0054892
12.988,-0.0055049
12.998,-0.0055265
13.008,-0.0055392
13.018,-0.0055436
13.028,-0.0055524
13.038,-0.0055606
13.048,-0.0055656
13.058,-0.0055658
13.068,-0.0055662
13.078,-0.0055746
13.088,-0.0055857
13.098,-0.0055918
13.108,-0.0055916
13.118,-0.0055995
13.128,-0.0056094
13.138,-0.0056153
13.148,-0.0056238
13.158,-0.0056319
13.168,-0.0056414
13.178,-0.0056534
13.188,-0.0056692
13.198,-0.0056837
13.208,-0.0056933
13.218,-0.0057039
13.228,-0.0057098
13.238,-0.0057144
13.248,-0.0057164
13.258,-0.0057155
13.268,-0.0057263
13.278,-0.005732
13.288,-0.00573
13.298,-0.0057286
13.308,-0.0057297
13.318,-0.0057276
13.328,-0.0057175
13.338,-0.005711
13.348,-0.0057039
13.358,-0.0056977
13.368,-0.0056821
13.378,-0.0056627
13.388,-0.0056315
13.398,-0.0055977
13.408,-0.0055648
13.418,-0.0055352
13.428,-0.0055006
13.438,-0.0054753
13.448,-0.0054497
13.458,-0.0054192
13.468,-0.0053872
13.478,-0.005361
13.488,-0.0053382
13.498,-0.0053097
13.508,-0.0052697
13.518,-0.0052394
13.528,-0.0052147
13.538,-0.0051901
13.548,-0.0051582
13.558,-0.0051316
13.568,-0.0051103
13.578,-0.0050827
13.588,-0.0050558
13.598,-0.0050251
13.608,-0.0050034
13.618,-0.0049829
13.628,-0.0049629
13.638,-0.0049376
13.648,-0.004902
13.658,-0.0048714
13.668,-0.0048361
13.678,-0.0048041
13.688,-0.0047649
13.698,-0.0047238
13.708,-0.0046925
13.718,-0.0046573
13.728,-0.0046104
13.738,-0.0045656
13.748,-0.0045202
13.758,-0.004482
13.768,-0.0044479
13.778,-0.0044196
13.788,-0.0043931
13.798,-0.0043673
13.808,-0.0043429
13.818,-0.0043141
13.828,-0.0042864
13.838,-0.0042593
13.848,-0.0042292
13.858,-0.0042043
13.868,-0.0041809
13.878,-0.0041535
13.888,-0.0041258
13.898,-0.0040891
13.908,-0.0040586
13.918,-0.0040176
13.928,-0.0039716
13.938,-0.0039261
13.948,-0.003873
13.958,-0.0038156
13.968,-0.0037469
13.978,-0.0036825
13.988,-0.0036233
13.998,-0.0035575
14.008,-0.0034812
14.018,-0.0034051
14.028,-0.0033221
14.038,-0.0032383
14.048,-0.0031503
14.058,-0.003064
14.068,-0.0029706
14.078,-0.0028715
14.088,-0.0027723
14.098,-0.0026671
14.108,-0.0025551
14.118,-0.0024354
14.128,-0.0023008
14.138,-0.0021634
14.148,-0.002029
14.158,-0.0018862
14.168,-0.0017317
14.178,-0.0015756
14.188,-0.0014128
14.198,-0.0012441
14.208,-0.0010682
14.218,-0.0008884
14.228,-0.00069944
14.238,-0.00050249
14.248,-0.00029809
14.258,-8.6886e-005
14.268,0.00012786
14.278,0.00034295
14.288,0.0005637
14.298,0.00079706
14.308,0.0010374
14.318,0.0012813
14.328,0.0015275
14.338,0.0017731
14.348,0.0020118
14.358,0.0022556
14.368,0.0025064
14.378,0.0027722
14.388,0.0030353
14.398,0.0033001
14.408,0.0035555
14.418,0.0038276
14.428,0.0040769
14.438,0.0043182
14.448,0.0045508
14.458,0.00478
14.468,0.0050008
14.478,0.0052186
14.488,0.0054507
14.498,0.0056805
14.508,0.0058915
14.518,0.0060952
14.528,0.0062866
14.538,0.0064559
14.548,0.0066301
14.558,0.0067887
14.568,0.0069376
14.578,0.0070643
14.588,0.0071859
14.598,0.0072956
14.608,0.0073958
14.618,0.0074621
14.628,0.0075147
14.638,0.0075454
14.648,0.0075601
14.658,0.0075542
14.668,0.0075383
14.678,0.0074978
14.688,0.0074428
14.698,0.0073723
14.708,0.0072915
14.718,0.007199
14.728,0.0070924
14.738,0.006975
14.748,0.006841
14.758,0.0066871
14.768,0.006513
14.778,0.0063248
14.788,0.0061263
14.798,0.0059157
14.808,0.0056908
14.818,0.0054472
14.828,0.0051949
14.838,0.0049288
14.848,0.0046556
14.858,0.0043804
14.868,0.0041002
14.878,0.0038121
14.888,0.003514
14.898,0.0032143
14.908,0.0029017
14.918,0.0025877
14.928,0.0022668
14.938,0.0019454
14.948,0.0016163
14.958,0.001281
14.968,0.00095177
14.978,0.00062563
14.988,0.00029533
14.998,-3.5672e-005
15.008,-0.00036914
15.018,-0.00071031
15.028,-0.0010408
15.038,-0.0013604
15.048,-0.001678
15.058,-0.0020011
15.068,-0.0023208
15.078,-0.0026419
15.088,-0.0029535
15.098,-0.0032734
15.108,-0.0035849
15.118,-0.0038943
15.128,-0.0041932
15.138,-0.0044933
15.148,-0.0047989
15.158,-0.0051097
15.168,-0.0054089
15.178,-0.0057073
15.188,-0.0060046
15.198,-0.0062827
15.208,-0.0065759
15.218,-0.0068508
15.228,-0.0071137
15.238,-0.0073736
15.248,-0.0076297
15.258,-0.007892
15.268,-0.0081496
15.278,-0.0084119
15.288,-0.0086775
15.298,-0.008936
15.308,-0.0091812
15.318,-0.0094304
15.328,-0.0096872
15.338,-0.0099378
15.348,-0.010183
15.358,-0.010425
15.368,-0.010672
15.378,-0.010929
15.388,-0.01117
15.398,-0.011403
15.408,-0.011649
15.418,-0.01189
15.428,-0.012128
15.438,-0.012366
15.448,-0.012609
15.458,-0.01285
15.468,-0.013088
15.478,-0.01334
15.488,-0.013596
15.498,-0.013851
15.508,-0.014106
15.518,-0.014348
15.528,-0.014581
15.538,-0.014811
15.548,-0.015043
15.558,-0.015262
15.568,-0.015483
15.578,-0.015703
15.588,-0.015919
15.598,-0.016137
15.608,-0.01635
15.618,-0.016571
15.628,-0.016785
15.638,-0.016981
15.648,-0.017169
15.658,-0.01735
15.668,-0.017526
15.678,-0.017698
15.688,-0.017866
15.698,-0.018034
15.708,-0.018196
15.718,-0.018346
15.728,-0.018483
15.738,-0.018617
15.748,-0.018747
15.758,-0.018867
15.768,-0.018973
15.778,-0.019063
15.788,-0.019152
15.798,-0.019236
15.808,-0.019311
15.818,-0.019375
15.828,-0.019435
15.838,-0.019469
15.848,-0.019492
15.858,-0.019514
15.868,-0.019525
15.878,-0.019526
15.888,-0.019514
15.898,-0.019495
15.908,-0.019467
15.918,-0.019434
15.928,-0.019396
15.938,-0.019344
15.948,-0.019284
15.958,-0.01922
15.968,-0.019149
15.978,-0.01907
15.988,-0.018991
15.998,-0.018914
16.008,-0.018826
16.018,-0.018726
16.028,-0.01863
16.038,-0.018526
16.048,-0.018428
16.058,-0.018334
16.068,-0.018239
16.078,-0.018138
16.088,-0.018044
16.098,-0.017945
16.108,-0.017851
16.118,-0.017763
16.128,-0.017676
16.138,-0.017599
16.148,-0.017527
16.158,-0.017463
16.168,-0.017401
16.178,-0.01735
16.188,-0.017315
16.198,-0.017285
16.208,-0.017269
16.218,-0.017258
16.228,-0.017264
16.238,-0.017281
16.248,-0.017315
16.258,-0.017357
16.268,-0.01742
16.278,-0.017502
16.288,-0.017603
16.298,-0.017717
16.308,-0.017845
16.318,-0.018005
16.328,-0.018178
16.338,-0.018373
16.348,-0.018577
16.358,-0.018799
16.368,-0.01904
16.378,-0.019305
16.388,-0.01959
16.398,-0.019903
16.408,-0.020227
16.418,-0.020557
16.428,-0.020915
16.438,-0.02129
16.448,-0.021696
16.458,-0.022112
16.468,-0.022542
16.478,-0.022993
16.488,-0.023458
16.498,-0.023939
16.508,-0.024439
16.518,-0.024954
16.528,-0.025481
16.538,-0.026037
16.548,-0.026621
16.558,-0.027218
16.568,-0.02784
16.578,-0.02849
16.588,-0.029167
16.598,-0.029851
16.608,-0.030553
16.618,-0.031271
16.628,-0.032008
16.638,-0.032764
16.648,-0.033547
16.658,-0.03434
16.668,-0.035145
16.678,-0.035973
16.688,-0.036826
16.698,-0.037711
16.708,-0.038602
16.718,-0.039501
16.728,-0.04041
16.738,-0.041322
16.748,-0.042247
16.758,-0.043201
16.768,-0.044165
16.778,-0.045124
16.788,-0.046087
16.798,-0.047079
16.808,-0.048089
16.818,-0.049112
16.828,-0.050145
16.838,-0.051195
16.848,-0.052258
16.858,-0.053349
16.868,-0.054442
16.878,-0.055537
16.888,-0.056631
16.898,-0.057741
16.908,-0.058859
16.918,-0.059987
16.928,-0.061112
16.938,-0.062246
16.948,-0.063402
16.958,-0.064555
16.968,-0.065718
16.978,-0.066898
16.988,-0.068069
16.998,-0.069236
17.008,-0.070402
17.018,-0.071577
17.028,-0.072751
17.038,-0.073905
17.048,-0.075049
17.058,-0.076182
17.068,-0.077316
17.078,-0.078442
17.088,-0.079564
17.098,-0.080668
17.108,-0.081757
17.118,-0.082843
17.128,-0.083919
17.138,-0.084983
17.148,-0.086043
17.158,-0.0871
17.168,-0.088143
17.178,-0.089183
17.188,-0.090218
17.198,-0.091242
17.208,-0.092262
17.218,-0.093279
17.228,-0.094267
17.238,-0.095239
17.248,-0.096208
17.258,-0.097163
17.268,-0.098113
17.278,-0.099055
17.288,-0.099995
17.298,-0.10093
17.308,-0.10185
17.318,-0.10277
17.328,-0.10368
17.338,-0.1046
17.348,-0.10551
17.358,-0.1064
17.368,-0.1073
17.378,-0.10819
17.388,-0.10909
17.398,-0.10998
17.408,-0.11087
17.418,-0.11176
17.428,-0.11266
17.438,-0.11357
17.448,-0.11449
17.458,-0.1154
17.468,-0.11631
17.478,-0.11724
17.488,-0.11817
17.498,-0.11911
17.508,-0.12006
17.518,-0.12104
17.528,-0.12203
17.538,-0.12302
17.548,-0.12405
17.558,-0.12509
17.568,-0.12615
17.578,-0.12722
17.588,-0.12832
17.598,-0.12942
17.608,-0.13056
17.618,-0.1317
17.628,-0.13288
17.638,-0.13409
17.648,-0.13532
17.658,-0.13658
17.668,-0.13788
17.677,-0.1392
17.687,-0.14058
17.697,-0.14199
17.707,-0.14347
17.717,-0.14498
17.727,-0.14654
17.737,-0.14819
17.747,-0.14985
17.757,-0.15157
17.767,-0.15338
17.777,-0.15521
17.787,-0.15707
17.797,-0.159
17.807,-0.16097
17.817,-0.163
17.827,-0.16509
17.837,-0.16721
17.847,-0.16933
17.857,-0.17149
17.867,-0.17365
17.877,-0.17584
17.887,-0.17807
17.897,-0.18037
17.907,-0.18268
17.917,-0.18497
17.927,-0.18727
17.937,-0.18958
17.947,-0.1919
17.957,-0.19423
17.967,-0.19655
17.977,-0.1989
17.987,-0.20122
17.997,-0.20355
18.007,-0.20586
18.017,-0.20813
18.027,-0.21036
18.037,-0.21258
18.047,-0.21476
18.057,-0.21689
18.067,-0.21898
18.077,-0.22101
18.087,-0.22297
18.097,-0.22487
18.107,-0.22668
18.117,-0.22842
18.127,-0.23007
18.137,-0.23161
18.147,-0.23304
18.157,-0.23435
18.167,-0.23555
18.177,-0.23661
18.187,-0.23753
18.197,-0.23831
18.207,-0.23891
18.217,-0.23935
18.227,-0.23961
18.237,-0.2397
18.247,-0.2396
18.257,-0.23931
18.267,-0.23881
18.277,-0.23809
18.287,-0.23716
18.297,-0.236
18.307,-0.23461
18.317,-0.23295
18.327,-0.23103
18.337,-0.22884
18.347,-0.22635
18.357,-0.22352
18.367,-0.22037
18.377,-0.21689
18.387,-0.21314
18.397,-0.20907
18.407,-0.20471
18.417,-0.20004
18.427,-0.19501
18.437,-0.18967
18.447,-0.18399
18.457,-0.17803
18.467,-0.17182
18.477,-0.16532
18.487,-0.15851
18.497,-0.15142
18.507,-0.14402
18.517,-0.13633
18.527,-0.12838
18.537,-0.12013
18.547,-0.11161
18.557,-0.10276
18.567,-0.09358
18.577,-0.084151
18.587,-0.074573
18.597,-0.064795
18.607,-0.054828
18.617,-0.044464
18.627,-0.033947
18.637,-0.023199
18.647,-0.012279
18.657,-0.0012372
18.667,0.0099768
18.677,0.021299
18.687,0.032836
18.697,0.044492
18.707,0.056229
18.717,0.067922
18.727,0.079576
18.737,0.091377
18.747,0.10323
18.757,0.11489
18.767,0.12644
18.777,0.13817
18.787,0.14976
18.797,0.16131
18.807,0.17269
18.817,0.18386
18.827,0.19504
18.837,0.20611
18.847,0.21705
18.857,0.22798
18.867,0.23885
18.877,0.24962
18.887,0.26025
18.897,0.27069
18.907,0.28089
18.917,0.29119
18.927,0.3014
18.937,0.31137
18.947,0.32089
18.957,0.33022
18.967,0.3394
18.977,0.34823
18.987,0.35673
18.997,0.36509
19.007,0.37327
19.017,0.38102
19.027,0.38841
19.037,0.39549
19.047,0.40231
19.057,0.40883
19.067,0.41505
19.077,0.42102
19.087,0.42668
19.097,0.43202
19.107,0.43709
19.117,0.44185
19.127,0.44625
19.137,0.45031
19.147,0.45404
19.157,0.4575
19.167,0.46063
19.177,0.46344
19.187,0.46595
19.197,0.4682
19.207,0.47017
19.217,0.47184
19.227,0.47321
19.237,0.47428
19.247,0.47507
19.257,0.47558
19.267,0.4758
19.277,0.47574
19.287,0.47542
19.297,0.47483
19.307,0.47399
19.317,0.47291
19.327,0.47157
19.337,0.46998
19.347,0.46816
19.357,0.46613
19.367,0.46387
19.377,0.46138
19.387,0.45869
19.397,0.45577
19.407,0.45262
19.417,0.44929
19.427,0.44575
19.437,0.44203
19.447,0.43811
19.457,0.43407
19.467,0.42985
19.477,0.42545
19.487,0.42089
19.497,0.41624
19.507,0.41149
19.517,0.4066
19.527,0.40151
19.537,0.39633
19.547,0.39107
19.557,0.38577
19.567,0.38034
19.577,0.37479
19.587,0.36917
19.597,0.3635
19.607,0.35778
19.617,0.35191
19.627,0.34603
19.637,0.34011
19.647,0.33418
19.657,0.32824
19.667,0.32227
19.677,0.31628
19.687,0.31037
19.697,0.30449
19.707,0.29853
19.717,0.2926
19.727,0.28675
19.737,0.28094
19.747,0.27514
19.757,0.26937
19.767,0.26362
19.777,0.25795
19.787,0.25236
19.797,0.24683
19.807,0.24136
19.817,0.23597
19.827,0.23068
19.837,0.22544
19.847,0.22028
19.857,0.2152
19.867,0.21022
19.877,0.2054
19.887,0.20061
19.897,0.19586
19.907,0.19126
19.917,0.18677
19.927,0.1824
19.937,0.17809
19.947,0.17386
19.957,0.1697
19.967,0.16563
19.977,0.16169
19.987,0.15782
19.997,0.15406
20.007,0.15038
20.017,0.14678
20.027,0.14325
20.037,0.13981
20.047,0.13645
20.057,0.13317
20.067,0.12999
20.077,0.12689
20.087,0.12382
20.097,0.12084
20.107,0.11793
20.117,0.11511
20.127,0.1123
20.137,0.10954
20.147,0.10684
20.157,0.10422
20.167,0.10165
20.177,0.099115
20.187,0.096622
20.197,0.09417
20.207,0.091772
20.217,0.089424
20.227,0.08711
20.237,0.08481
20.247,0.082544
20.257,0.080324
20.267,0.078137
20.277,0.075977
20.287,0.073834
20.297,0.071723
20.307,0.069639
20.317,0.06756
20.327,0.065502
20.337,0.063468
20.347,0.06147
20.357,0.059493
20.367,0.057516
20.377,0.055558
20.387,0.05361
20.397,0.051698
20.407,0.049804
20.417,0.047917
20.427,0.046044
20.437,0.044183
20.447,0.042357
20.457,0.040554
20.467,0.03876
20.477,0.036988
20.487,0.035241
20.497,0.033521
20.507,0.031799
20.517,0.030092
20.527,0.028423
20.537,0.026779
20.547,0.02514
20.557,0.02351
20.567,0.021898
20.577,0.0203
20.587,0.018735
20.597,0.01719
20.607,0.015655
20.617,0.014124
20.627,0.012621
20.637,0.011152
20.647,0.009702
20.657,0.0082683
20.667,0.006847
20.677,0.0054437
20.687,0.0040598
20.697,0.0026892
20.707,0.0013247
20.717,-2.3305e-005
20.727,-0.0013406
20.737,-0.0026453
20.747,-0.0039407
20.757,-0.0052119
20.767,-0.0064812
20.777,-0.0077407
20.787,-0.0089965
20.797,-0.010249
20.807,-0.011489
20.817,-0.012714
20.827,-0.013935
20.837,-0.015153
20.847,-0.016375
20.857,-0.017591
20.867,-0.018798
20.877,-0.019998
20.887,-0.021193
20.897,-0.022396
20.907,-0.023597
20.917,-0.024804
20.927,-0.025998
20.937,-0.027192
20.947,-0.028391
20.957,-0.029591
20.967,-0.030786
20.977,-0.031987
20.987,-0.033191
20.997,-0.034394
21.007,-0.035586
21.017,-0.036781
21.027,-0.037984
21.037,-0.039181
21.047,-0.040382
21.057,-0.04159
21.067,-0.042787
21.077,-0.043982
21.087,-0.045172
21.097,-0.046368
21.107,-0.04756
21.117,-0.048739
21.127,-0.049924
21.137,-0.051111
21.147,-0.052296
21.157,-0.053477
21.167,-0.054651
21.177,-0.055815
21.187,-0.056969
21.197,-0.05811
21.207,-0.059248
21.217,-0.060387
21.227,-0.061508
21.237,-0.062613
21.247,-0.063703
21.257,-0.064789
21.267,-0.065867
21.277,-0.066929
21.287,-0.067964
21.297,-0.068978
21.307,-0.069972
21.317,-0.070946
21.327,-0.071898
21.337,-0.072819
21.347,-0.073709
21.357,-0.074569
21.367,-0.075408
21.377,-0.076221
21.387,-0.077
21.397,-0.077739
21.407,-0.078437
21.417,-0.079099
21.427,-0.079722
21.437,-0.080312
21.447,-0.080863
21.457,-0.08138
21.467,-0.081854
21.477,-0.082285
21.487,-0.082681
21.497,-0.083039
21.507,-0.08335
21.517,-0.083619
21.527,-0.083842
21.537,-0.08403
21.547,-0.084171
21.557,-0.084265
21.567,-0.084312
21.577,-0.084307
21.587,-0.084265
21.597,-0.084177
21.607,-0.084041
21.617,-0.083864
21.627,-0.083639
21.637,-0.083362
21.647,-0.083043
21.657,-0.082676
21.667,-0.082271
21.677,-0.081822
21.687,-0.081328
21.697,-0.080784
21.707,-0.080211
21.717,-0.079606
21.727,-0.078959
21.737,-0.078273
21.747,-0.077552
21.757,-0.076799
21.767,-0.076021
21.777,-0.075212
21.787,-0.074382
21.797,-0.073528
21.807,-0.072647
21.817,-0.071752
21.827,-0.070834
21.837,-0.069896
21.847,-0.068945
21.857,-0.067987
21.867,-0.067014
21.877,-0.066029
21.887,-0.065039
21.897,-0.064049
21.907,-0.063052
21.917,-0.062058
21.927,-0.061074
21.937,-0.0601
21.947,-0.059132
21.957,-0.058171
21.967,-0.057224
21.977,-0.056288
21.987,-0.055358
21.997,-0.054449
22.007,-0.053566
22.017,-0.052702
22.027,-0.051848
22.037,-0.051024
22.047,-0.050228
22.057,-0.049445
22.067,-0.048681
22.077,-0.047949
22.087,-0.047251
22.097,-0.046576
22.107,-0.045924
22.117,-0.045304
22.127,-0.044722
22.137,-0.044164
22.147,-0.043637
22.157,-0.043138
22.167,-0.042672
22.177,-0.042238
22.187,-0.041839
22.197,-0.041463
22.207,-0.041113
22.217,-0.040785
22.227,-0.040482
22.237,-0.040215
22.247,-0.03998
22.257,-0.039771
22.267,-0.039582
22.277,-0.039409
22.287,-0.039259
22.297,-0.039134
22.307,-0.03903
22.317,-0.038939
22.327,-0.038871
22.337,-0.03882
22.347,-0.038789
22.357,-0.038773
22.367,-0.038772
22.377,-0.038784
22.387,-0.038808
22.397,-0.038841
22.407,-0.038883
22.417,-0.038927
22.427,-0.03898
22.437,-0.039038
22.447,-0.039097
22.457,-0.039165
22.467,-0.039241
22.477,-0.039323
22.487,-0.039417
22.497,-0.03952
22.507,-0.039628
22.517,-0.039742
22.527,-0.039854
22.537,-0.039963
22.547,-0.040075
22.557,-0.040193
22.567,-0.040314
22.577,-0.040437
22.587,-0.040562
22.597,-0.040688
22.607,-0.040816
22.617,-0.040938
22.627,-0.041062
22.637,-0.041186
22.647,-0.041311
22.657,-0.041438
22.667,-0.041559
22.677,-0.041674
22.687,-0.041788
22.697,-0.041898
22.707,-0.042004
22.717,-0.042103
22.727,-0.042201
22.737,-0.042302
22.747,-0.0424
22.757,-0.042494
22.767,-0.042584
22.777,-0.042661
22.787,-0.042727
22.797,-0.042788
22.807,-0.042839
22.817,-0.04288
22.827,-0.042909
22.837,-0.042921
22.847,-0.042933
22.857,-0.042937
22.867,-0.042919
22.877,-0.042893
22.887,-0.042851
22.897,-0.042797
22.907,-0.042728
22.917,-0.042647
22.927,-0.042557
22.937,-0.042443
22.947,-0.042302
22.957,-0.042153
22.967,-0.041996
22.977,-0.041811
22.987,-0.041599
22.997,-0.041369
23.007,-0.041121
23.017,-0.040851
23.027,-0.040557
23.037,-0.040241
23.047,-0.039904
23.057,-0.039539
23.067,-0.039149
23.077,-0.038747
23.087,-0.038327
23.097,-0.037893
23.107,-0.037443
23.117,-0.036974
23.127,-0.036483
23.137,-0.035984
23.147,-0.03547
23.157,-0.034933
23.167,-0.034377
23.177,-0.033812
23.187,-0.033238
23.197,-0.03265
23.207,-0.032045
23.217,-0.031428
23.227,-0.030792
23.237,-0.030143
23.247,-0.02949
23.257,-0.028842
23.267,-0.028183
23.277,-0.027522
23.287,-0.026864
23.297,-0.026205
23.307,-0.025541
23.317,-0.024876
23.327,-0.024208
23.337,-0.02354
23.347,-0.02288
23.357,-0.022219
23.367,-0.021563
23.377,-0.020914
23.387,-0.02027
23.397,-0.019638
23.407,-0.019017
23.417,-0.018403
23.427,-0.017802
23.437,-0.017202
23.447,-0.01661
23.457,-0.016035
23.467,-0.015474
23.477,-0.014923
23.487,-0.014382
23.497,-0.013856
23.507,-0.013348
23.517,-0.012852
23.527,-0.012369
23.537,-0.011897
23.547,-0.011445
23.557,-0.011007
23.567,-0.010586
23.577,-0.010179
23.587,-0.0097891
23.597,-0.009413
23.607,-0.0090551
23.617,-0.0087201
23.627,-0.0083957
23.637,-0.0080808
23.647,-0.0077792
23.657,-0.0074944
23.667,-0.0072353
23.677,-0.0069864
23.687,-0.0067506
23.697,-0.0065417
23.707,-0.0063479
23.717,-0.0061614
23.727,-0.0059837
23.737,-0.0058254
23.747,-0.0056885
23.757,-0.0055622
23.767,-0.0054404
23.777,-0.0053283
23.787,-0.00523
23.797,-0.0051448
23.807,-0.0050703
23.817,-0.0050084
23.827,-0.0049547
23.837,-0.0049082
23.847,-0.0048762
23.857,-0.0048555
23.867,-0.0048454
23.877,-0.0048413
23.887,-0.0048413
23.897,-0.0048472
23.907,-0.0048617
23.917,-0.0048911
23.927,-0.0049298
23.937,-0.004975
23.947,-0.0050274
23.957,-0.0050911
23.967,-0.0051602
23.977,-0.0052241
23.987,-0.0052886
23.997,-0.0053612
24.007,-0.0054334
24.017,-0.0055125
24.027,-0.0055927
24.037,-0.0056745
24.047,-0.0057542
24.057,-0.0058335
24.067,-0.0059143
24.077,-0.0059971
24.087,-0.0060832
24.097,-0.0061668
24.107,-0.0062539
24.117,-0.0063354
24.127,-0.0064098
24.137,-0.0064859
24.147,-0.006555
24.157,-0.0066224
24.167,-0.0066924
24.177,-0.0067571
24.187,-0.0068207
24.197,-0.0068809
24.207,-0.0069354
24.217,-0.0069899
24.227,-0.0070338
24.237,-0.0070746
24.247,-0.0071191
24.257,-0.0071583
24.267,-0.0072014
24.277,-0.0072455
24.287,-0.0072889
24.297,-0.007327
24.307,-0.0073627
24.317,-0.0073992
24.327,-0.0074336
24.337,-0.0074576
24.347,-0.0074704
24.357,-0.0074757
24.367,-0.0074876
24.377,-0.0074992
24.387,-0.0075067
24.397,-0.0075106
24.407,-0.00752
24.417,-0.0075203
24.427,-0.0075145
24.437,-0.0074976
24.447,-0.0074897
24.457,-0.0074917
24.467,-0.007492
24.477,-0.0074876
24.487,-0.0074743
24.497,-0.0074599
24.507,-0.007458
24.517,-0.0074625
24.527,-0.0074652
24.537,-0.0074693
24.547,-0.0074832
24.557,-0.0075038
24.567,-0.0075216
24.577,-0.0075438
24.587,-0.0075809
24.597,-0.0076254
24.607,-0.0076704
24.617,-0.007726
24.627,-0.0077859
24.637,-0.0078499
24.647,-0.0079171
24.657,-0.0079932
24.667,-0.0080788
24.677,-0.0081788
24.687,-0.0082835
24.697,-0.0083996
24.707,-0.0085348
24.717,-0.0086869
24.727,-0.0088571
24.737,-0.0090353
24.746,-0.0092259
24.756,-0.009438
24.766,-0.0096666
24.776,-0.0099065
24.786,-0.010156
24.796,-0.010425
24.806,-0.010711
24.816,-0.011015
24.826,-0.011338
24.836,-0.011679
24.846,-0.012041
24.856,-0.012421
24.866,-0.012821
24.876,-0.013237
24.886,-0.013671
24.896,-0.014129
24.906,-0.014603
24.916,-0.015093
24.926,-0.015598
24.936,-0.01612
24.946,-0.016658
24.956,-0.017209
24.966,-0.017779
24.976,-0.018361
24.986,-0.018951
24.996,-0.019558
25.006,-0.020171
25.016,-0.020804
25.026,-0.021443
25.036,-0.022096
25.046,-0.02276
25.056,-0.023426
25.066,-0.024102
25.076,-0.024787
25.086,-0.025472
25.096,-0.026164
25.106,-0.026869
25.116,-0.027574
25.126,-0.028278
25.136,-0.028987
25.146,-0.029695
25.156,-0.030405
25.166,-0.031115
25.176,-0.031821
25.186,-0.032508
25.196,-0.033186
25.206,-0.033859
25.216,-0.034516
25.226,-0.035166
25.236,-0.035806
25.246,-0.036427
25.256,-0.037042
25.266,-0.037643
25.276,-0.038231
25.286,-0.038803
25.296,-0.03936
25.306,-0.039904
25.316,-0.040428
25.326,-0.040941
25.336,-0.041439
25.346,-0.041915
25.356,-0.042372
25.366,-0.042801
25.376,-0.043205
25.386,-0.043589
25.396,-0.04395
25.406,-0.044287
25.416,-0.044606
25.426,-0.044902
25.436,-0.045168
25.446,-0.045412
25.456,-0.045642
25.466,-0.045852
25.476,-0.046032
25.486,-0.046186
25.496,-0.046319
25.506,-0.04643
25.516,-0.046517
25.526,-0.046585
25.536,-0.046634
25.546,-0.04667
25.556,-0.046678
25.566,-0.046672
25.576,-0.04665
25.586,-0.04661
25.596,-0.046554
25.606,-0.046482
25.616,-0.04639
25.626,-0.046273
25.636,-0.046142
25.646,-0.045997
25.656,-0.04584
25.666,-0.045671
25.676,-0.045483
25.686,-0.045287
25.696,-0.045079
25.706,-0.044852
25.716,-0.044611
25.726,-0.044355
25.736,-0.044084
25.746,-0.043797
25.756,-0.043496
25.766,-0.043182
25.776,-0.042859
25.786,-0.042527
25.796,-0.042183
25.806,-0.041832
25.816,-0.041478
25.826,-0.041111
25.836,-0.040733
25.846,-0.040343
25.856,-0.039946
25.866,-0.039544
25.876,-0.039134
25.886,-0.038715
25.896,-0.038292
25.906,-0.037862
25.916,-0.037428
25.926,-0.036992
25.936,-0.036556
25.946,-0.03611
25.956,-0.035658
25.966,-0.035204
25.976,-0.034743
25.986,-0.034274
25.996,-0.033794
26.006,-0.033315
26.016,-0.032832
26.026,-0.032347
26.036,-0.031859
26.046,-0.031369
26.056,-0.030882
26.066,-0.030403
26.076,-0.029921
26.086,-0.029436
26.096,-0.028952
26.106,-0.02847
26.116,-0.027988
26.126,-0.027506
26.136,-0.02702
26.146,-0.026533
26.156,-0.026054
26.166,-0.025579
26.176,-0.025106
26.186,-0.024637
26.196,-0.024172
26.206,-0.023729
26.216,-0.023298
26.226,-0.022871
26.236,-0.022458
26.246,-0.022062
26.256,-0.021675
26.266,-0.021294
26.276,-0.020929
26.286,-0.020579
26.296,-0.020244
26.306,-0.019923
26.316,-0.01962
26.326,-0.019327
26.336,-0.019051
26.346,-0.018795
26.356,-0.018554
26.366,-0.018337
26.376,-0.018142
26.386,-0.01796
26.396,-0.01779
26.406,-0.017636
26.416,-0.01751
26.426,-0.017406
26.436,-0.017318
26.446,-0.017251
26.456,-0.017204
26.466,-0.017181
26.476,-0.017174
26.486,-0.017182
26.496,-0.017211
26.506,-0.01725
26.516,-0.017312
26.526,-0.017394
26.536,-0.0175
26.546,-0.017628
26.556,-0.017777
26.566,-0.017951
26.576,-0.018146
26.586,-0.018358
26.596,-0.018586
26.606,-0.018833
26.616,-0.019103
26.626,-0.019395
26.636,-0.019709
26.646,-0.020036
26.656,-0.020384
26.666,-0.02075
26.676,-0.021138
26.686,-0.021543
26.696,-0.021963
26.706,-0.022401
26.716,-0.022849
26.726,-0.023304
26.736,-0.023778
26.746,-0.024269
26.756,-0.024783
26.766,-0.025306
26.776,-0.025837
26.786,-0.02638
26.796,-0.026926
26.806,-0.027482
26.816,-0.028049
26.826,-0.028633
26.836,-0.029233
26.846,-0.02984
26.856,-0.030444
26.866,-0.031055
26.876,-0.031682
26.886,-0.032307
26.896,-0.032931
26.906,-0.033559
26.916,-0.034196
26.926,-0.034838
26.936,-0.035485
26.946,-0.036134
26.956,-0.036777
26.966,-0.037412
26.976,-0.038045
26.986,-0.038676
26.996,-0.039308
27.006,-0.039928
27.016,-0.040541
27.026,-0.041152
27.036,-0.041772
27.046,-0.042389
27.056,-0.042997
27.066,-0.043602
27.076,-0.044195
27.086,-0.04477
27.096,-0.045342
27.106,-0.045901
27.116,-0.046447
27.126,-0.046979
27.136,-0.047492
27.146,-0.047987
27.156,-0.048458
27.166,-0.048915
27.176,-0.049363
27.186,-0.049803
27.196,-0.05022
27.206,-0.05062
27.216,-0.051002
27.226,-0.051364
27.236,-0.051701
27.246,-0.052031
27.256,-0.052344
27.266,-0.052638
27.276,-0.052908
27.286,-0.053154
27.296,-0.053377
27.306,-0.053578
27.316,-0.053753
27.326,-0.053906
27.336,-0.05403
27.346,-0.054139
27.356,-0.054233
27.366,-0.054308
27.376,-0.054358
27.386,-0.054392
27.396,-0.054406
27.406,-0.054405
27.416,-0.054389
27.426,-0.054353
27.436,-0.054297
27.446,-0.054217
27.456,-0.054116
27.466,-0.054007
27.476,-0.053878
27.486,-0.053731
27.496,-0.053568
27.506,-0.0534
27.516,-0.053214
27.526,-0.053014
27.536,-0.052792
27.546,-0.052561
27.556,-0.05232
27.566,-0.052066
27.576,-0.051799
27.586,-0.051519
27.596,-0.051224
27.606,-0.050915
27.616,-0.0506
27.626,-0.050277
27.636,-0.049941
27.646,-0.049594
27.656,-0.049247
27.666,-0.048897
27.676,-0.048556
27.686,-0.04821
27.696,-0.047855
27.706,-0.047497
27.716,-0.047142
27.726,-0.046787
27.736,-0.04643
27.746,-0.046071
27.756,-0.045722
27.766,-0.045375
27.776,-0.045024
27.786,-0.044684
27.796,-0.04435
27.806,-0.044019
27.816,-0.04369
27.826,-0.043362
27.836,-0.043046
27.846,-0.042732
27.856,-0.042422
27.866,-0.042112
27.876,-0.041814
27.886,-0.041524
27.896,-0.04123
27.906,-0.04093
27.916,-0.040636
27.926,-0.040352
27.936,-0.040071
27.946,-0.039788
27.956,-0.039507
27.966,-0.039236
27.976,-0.038965
27.986,-0.038692
27.996,-0.038421
28.006,-0.038157
28.016,-0.037891
28.026,-0.037625
28.036,-0.037356
28.046,-0.037088
28.056,-0.036825
28.066,-0.036562
28.076,-0.036292
28.086,-0.036024
28.096,-0.035762
28.106,-0.035496
28.116,-0.035229
28.126,-0.034959
28.136,-0.034689
28.146,-0.034416
28.156,-0.034132
28.166,-0.033842
28.176,-0.033551
28.186,-0.033256
28.196,-0.032957
28.206,-0.032653
28.216,-0.032343
28.226,-0.032034
28.236,-0.031719
28.246,-0.031394
28.256,-0.031074
28.266,-0.03075
28.276,-0.030416
28.286,-0.030077
28.296,-0.029739
28.306,-0.029401
28.316,-0.029051
28.326,-0.028693
28.336,-0.028333
28.346,-0.027971
28.356,-0.027594
28.366,-0.027215
28.376,-0.026833
28.386,-0.02644
28.396,-0.02605
28.406,-0.025657
28.416,-0.025249
28.426,-0.024838
28.436,-0.024423
28.446,-0.024007
28.456,-0.023586
28.466,-0.023154
28.476,-0.022726
28.486,-0.022295
28.496,-0.02186
28.506,-0.021423
28.516,-0.02099
28.526,-0.020561
28.536,-0.02013
28.546,-0.019699
28.556,-0.019273
28.566,-0.018849
28.576,-0.018431
28.586,-0.018022
28.596,-0.017617
28.606,-0.017212
28.616,-0.016808
28.626,-0.016407
28.636,-0.016014
28.646,-0.015625
28.656,-0.015247
28.666,-0.014875
28.676,-0.014507
28.686,-0.014144
28.696,-0.013788
28.706,-0.013447
28.716,-0.013109
28.726,-0.012776
28.736,-0.012458
28.746,-0.012153
28.756,-0.011853
28.766,-0.01157
28.776,-0.011288
28.786,-0.011019
28.796,-0.010764
28.806,-0.010519
28.816,-0.010296
28.826,-0.010086
28.836,-0.0098932
28.846,-0.009705
28.856,-0.0095234
28.866,-0.0093425
28.876,-0.0091716
28.886,-0.0090162
28.896,-0.0088813
28.906,-0.0087646
28.916,-0.0086585
28.926,-0.0085619
28.936,-0.0084818
28.946,-0.0084103
28.956,-0.0083539
28.966,-0.0083066
28.976,-0.0082756
28.986,-0.0082587
28.996,-0.0082524
29.006,-0.0082638
29.016,-0.008285
29.026,-0.0083082
29.036,-0.008347
29.046,-0.0083998
29.056,-0.0084602
29.066,-0.0085358
29.076,-0.0086275
29.086,-0.0087311
29.096,-0.0088389
29.106,-0.0089556
29.116,-0.0090772
29.126,-0.0092102
29.136,-0.0093536
29.146,-0.0095078
29.156,-0.009667
29.166,-0.0098402
29.176,-0.010021
29.186,-0.010207
29.196,-0.010401
29.206,-0.010606
29.216,-0.010817
29.226,-0.011039
29.236,-0.011267
29.246,-0.011503
29.256,-0.011735
29.266,-0.011974
29.276,-0.012221
29.286,-0.012468
29.296,-0.01273
29.306,-0.013009
29.316,-0.013289
29.326,-0.013565
29.336,-0.01384
29.346,-0.014132
29.356,-0.014424
29.366,-0.014708
29.376,-0.015004
29.386,-0.015304
29.396,-0.015601
29.406,-0.015891
29.416,-0.016187
29.426,-0.016488
29.436,-0.016796
29.446,-0.017107
29.456,-0.017417
29.466,-0.017732
29.476,-0.018042
29.486,-0.018344
29.496,-0.018653
29.506,-0.018973
29.516,-0.019291
29.526,-0.019603
29.536,-0.019904
29.546,-0.020209
29.556,-0.020515
29.566,-0.020817
29.576,-0.021111
29.586,-0.021406
29.596,-0.021702
29.606,-0.021994
29.616,-0.022287
29.626,-0.022571
29.636,-0.022846
29.646,-0.023124
29.656,-0.023396
29.666,-0.023661
29.676,-0.023922
29.686,-0.024175
29.696,-0.024425
29.706,-0.024667
29.716,-0.024906
29.726,-0.025139
29.736,-0.025359
29.746,-0.025575
29.756,-0.025792
29.766,-0.026005
29.776,-0.026208
29.786,-0.026391
29.796,-0.026565
29.806,-0.026743
29.816,-0.02692
29.826,-0.027082
29.836,-0.02723
29.846,-0.027362
29.856,-0.027482
29.866,-0.027599
29.876,-0.027711
29.886,-0.027812
29.896,-0.027902
29.906,-0.027977
29.916,-0.028042
29.926,-0.028091
29.936,-0.028127
29.946,-0.028146
29.956,-0.028151
29.966,-0.028142
29.976,-0.028127
29.986,-0.028104
29.996,-0.028074
30.006,-0.028035
30.016,-0.027976
30.026,-0.027905
30.036,-0.02782
30.046,-0.027723
30.056,-0.027604
30.066,-0.027479
30.076,-0.027339
30.086,-0.027193
30.096,-0.027033
30.106,-0.026854
30.116,-0.026657
30.126,-0.026438
30.136,-0.026211
30.146,-0.02597
30.156,-0.025714
30.166,-0.02544
30.176,-0.02515
30.186,-0.024852
30.196,-0.024541
30.206,-0.024214
30.216,-0.023865
30.226,-0.023503
30.236,-0.023132
30.246,-0.022753
30.256,-0.022362
30.266,-0.021957
30.276,-0.021539
30.286,-0.021114
30.296,-0.020687
30.306,-0.020246
30.316,-0.019791
30.326,-0.019319
30.336,-0.018842
30.346,-0.01836
30.356,-0.01788
30.366,-0.01739
30.376,-0.016897
30.386,-0.016411
30.396,-0.015931
30.406,-0.015446
30.416,-0.014953
30.426,-0.01447
30.436,-0.013995
30.446,-0.013518
30.456,-0.013035
30.466,-0.012563
30.476,-0.0121
30.486,-0.011644
30.496,-0.01119
30.506,-0.010746
30.516,-0.010312
30.526,-0.0098934
30.536,-0.0094886
30.546,-0.0090895
30.556,-0.0086996
30.566,-0.0083107
30.576,-0.0079402
30.586,-0.0075872
30.596,-0.0072437
30.606,-0.0069096
30.616,-0.0065866
30.626,-0.0062846
30.636,-0.0059996
30.646,-0.0057275
30.656,-0.0054717
30.666,-0.0052275
30.676,-0.0049972
30.686,-0.0047801
30.696,-0.004577
30.706,-0.0043868
30.716,-0.0042146
30.726,-0.0040529
30.736,-0.0039058
30.746,-0.0037769
30.756,-0.0036564
30.766,-0.003554
30.776,-0.0034662
30.786,-0.0033893
30.796,-0.003323
30.806,-0.0032762
30.816,-0.0032369
30.826,-0.0032011
30.836,-0.0031774
30.846,-0.0031597
30.856,-0.0031477
30.866,-0.0031389
30.876,-0.0031337
30.886,-0.0031332
30.896,-0.0031463
30.906,-0.0031716
30.916,-0.0032047
30.926,-0.0032264
30.936,-0.0032387
30.946,-0.0032617
30.956,-0.0032944
30.966,-0.0033328
30.976,-0.0033645
30.986,-0.0033973
30.996,-0.0034299
31.006,-0.0034685
31.016,-0.0035101
31.026,-0.0035535
31.036,-0.0035976
31.046,-0.0036418
31.056,-0.0036828
31.066,-0.0037246
31.076,-0.003769
31.086,-0.0038123
31.096,-0.0038566
31.106,-0.0039132
31.116,-0.0039683
31.126,-0.0040215
31.136,-0.0040681
31.146,-0.0041155
31.156,-0.0041656
31.166,-0.0042193
31.176,-0.0042737
31.186,-0.0043298
31.196,-0.0043818
31.206,-0.0044369
31.216,-0.0044942
31.226,-0.0045599
31.236,-0.0046237
31.246,-0.0046871
31.256,-0.0047628
31.266,-0.0048311
31.276,-0.0048989
31.286,-0.0049733
31.296,-0.005064
31.306,-0.0051631
31.316,-0.0052634
31.326,-0.0053612
31.336,-0.0054638
31.346,-0.005571
31.356,-0.0056807
31.366,-0.0057983
31.376,-0.0059206
31.386,-0.0060457
31.396,-0.0061737
31.406,-0.0063015
31.416,-0.0064319
31.426,-0.0065619
31.436,-0.0066993
31.446,-0.0068377
31.456,-0.006974
31.466,-0.007112
31.476,-0.0072468
31.486,-0.0073904
31.496,-0.0075322
31.506,-0.0076802
31.516,-0.0078241
31.526,-0.0079676
31.536,-0.0081061
31.546,-0.0082383
31.556,-0.0083668
31.566,-0.0084936
31.576,-0.0086165
31.586,-0.0087336
31.596,-0.008841
31.606,-0.0089418
31.616,-0.0090394
31.626,-0.0091286
31.636,-0.0092215
31.646,-0.0093004
31.656,-0.0093651
31.666,-0.0094168
31.676,-0.0094628
31.686,-0.0094984
31.696,-0.0095187
31.706,-0.00953
31.716,-0.0095276
31.726,-0.009517
31.736,-0.009494
31.746,-0.0094641
31.756,-0.009416
31.766,-0.0093515
31.776,-0.0092786
31.786,-0.0091974
31.796,-0.0091053
31.806,-0.0090026
31.815,-0.0088904
31.825,-0.0087656
31.835,-0.0086273
31.845,-0.0084751
31.855,-0.0083056
31.865,-0.00813
31.875,-0.0079364
31.885,-0.0077294
31.895,-0.0075067
31.905,-0.0072734
31.915,-0.0070313
31.925,-0.0067745
31.935,-0.0064976
31.945,-0.0061995
31.955,-0.0058899
31.965,-0.0055702
31.975,-0.0052344
31.985,-0.0048843
31.995,-0.00452
32.005,-0.004139
32.015,-0.0037393
32.025,-0.0033297
32.035,-0.0029074
32.045,-0.0024716
32.055,-0.0020294
32.065,-0.0015762
32.075,-0.0011124
32.085,-0.00064413
32.095,-0.00017475
32.105,0.00030343
32.115,0.00078587
32.125,0.0012833
32.135,0.0017913
32.145,0.0022986
32.155,0.0028219
32.165,0.0033465
32.175,0.0038654
32.185,0.004389
32.195,0.0049209
32.205,0.0054582
32.215,0.0059953
32.225,0.0065371
32.235,0.0070881
32.245,0.0076424
32.255,0.0082021
32.265,0.0087535
32.275,0.0093049
32.285,0.0098584
32.295,0.010416
32.305,0.010969
32.315,0.011507
32.325,0.012042
32.335,0.012579
32.345,0.013112
32.355,0.013631
32.365,0.014157
32.375,0.014671
32.385,0.015175
32.395,0.015675
32.405,0.016173
32.415,0.016666
32.425,0.017143
32.435,0.01761
32.445,0.018067
32.455,0.018516
32.465,0.01896
32.475,0.019398
32.485,0.019822
32.495,0.020233
32.505,0.02064
32.515,0.02104
32.525,0.02144
32.535,0.021828
32.545,0.022202
32.555,0.022562
32.565,0.02291
32.575,0.023246
32.585,0.023567
32.595,0.023883
32.605,0.024192
32.615,0.024482
32.625,0.024758
32.635,0.025032
32.645,0.025301
32.655,0.025549
32.665,0.025783
32.675,0.026014
32.685,0.026246
32.695,0.02647
32.705,0.026676
32.715,0.026879
32.725,0.027083
32.735,0.027268
32.745,0.027445
32.755,0.027613
32.765,0.027777
32.775,0.027933
32.785,0.028077
32.795,0.028213
32.805,0.028342
32.815,0.028464
32.825,0.028573
32.835,0.028675
32.845,0.028772
32.855,0.028857
32.865,0.028931
32.875,0.028988
32.885,0.029038
32.895,0.02907
32.905,0.029087
32.915,0.029096
32.925,0.029091
32.935,0.029074
32.945,0.029052
32.955,0.029016
32.965,0.028968
32.975,0.028907
32.985,0.028839
32.995,0.028756
33.005,0.02865
33.015,0.028533
33.025,0.028396
33.035,0.028253
33.045,0.028093
33.055,0.027911
33.065,0.027713
33.075,0.027506
33.085,0.027286
33.095,0.027052
33.105,0.026799
33.115,0.026542
33.125,0.026278
33.135,0.025995
33.145,0.025694
33.155,0.025378
33.165,0.025047
33.175,0.024702
33.185,0.024347
33.195,0.023992
33.205,0.023629
33.215,0.02325
33.225,0.022856
33.235,0.022452
33.245,0.022035
33.255,0.021613
33.265,0.021185
33.275,0.020758
33.285,0.020327
33.295,0.019889
33.305,0.019443
33.315,0.018993
33.325,0.018543
33.335,0.018097
33.345,0.017655
33.355,0.017201
33.365,0.016751
33.375,0.016308
33.385,0.015874
33.395,0.015437
33.405,0.014993
33.415,0.014553
33.425,0.014116
33.435,0.013686
33.445,0.013259
33.455,0.012833
33.465,0.012403
33.475,0.011983
33.485,0.011581
33.495,0.01119
33.505,0.010803
33.515,0.010421
33.525,0.010044
33.535,0.0096791
33.545,0.0093296
33.555,0.0089906
33.565,0.0086593
33.575,0.0083353
33.585,0.0080169
33.595,0.0077024
33.605,0.0074054
33.615,0.0071262
33.625,0.006856
33.635,0.0066013
33.645,0.0063554
33.655,0.0061233
33.665,0.0059036
33.675,0.0056855
33.685,0.0054856
33.695,0.0053002
33.705,0.0051287
33.715,0.004968
33.725,0.0048186
33.735,0.0046872
33.745,0.0045806
33.755,0.0044887
33.765,0.0044049
33.775,0.0043351
33.785,0.0042825
33.795,0.0042406
33.805,0.0042156
33.815,0.0042053
33.825,0.0042048
33.835,0.004215
33.845,0.0042306
33.855,0.0042673
33.865,0.0043148
33.875,0.0043724
33.885,0.0044434
33.895,0.0045254
33.905,0.0046171
33.915,0.0047172
33.925,0.0048215
33.935,0.0049407
33.945,0.005063
33.955,0.0051972
33.965,0.005348
33.975,0.0055109
33.985,0.0056788
33.995,0.0058462
34.005,0.006023
34.015,0.006208
34.025,0.0063973
34.035,0.0065864
34.045,0.0067844
34.055,0.0069885
34.065,0.0071925
34.075,0.0073965
34.085,0.007605
34.095,0.007819
34.105,0.0080382
34.115,0.0082549
34.125,0.0084739
34.135,0.0086949
34.145,0.0089192
34.155,0.0091363
34.165,0.0093466
34.175,0.0095542
34.185,0.0097599
34.195,0.0099574
34.205,0.010153
34.215,0.010346
34.225,0.010534
34.235,0.010723
34.245,0.010908
34.255,0.011089
34.265,0.011264
34.275,0.011437
34.285,0.011594
34.295,0.011757
34.305,0.01192
34.315,0.012082
34.325,0.01224
34.335,0.012396
34.345,0.012557
34.355,0.012722
34.365,0.012893
34.375,0.013057
34.385,0.013225
34.395,0.0134
34.405,0.013576
34.415,0.013753
34.425,0.013927
34.435,0.014101
34.445,0.014285
34.455,0.014471
34.465,0.014669
34.475,0.014863
34.485,0.015059
34.495,0.015253
34.505,0.01545
34.515,0.015658
34.525,0.015872
34.535,0.016098
34.545,0.016326
34.555,0.016558
34.565,0.016792
34.575,0.017034
34.585,0.017278
34.595,0.017525
34.605,0.017783
34.615,0.01803
34.625,0.018275
34.635,0.018527
34.645,0.018785
34.655,0.019044
34.665,0.019297
34.675,0.019557
34.685,0.019818
34.695,0.020073
34.705,0.020323
34.715,0.020563
34.725,0.020802
34.735,0.02104
34.745,0.021259
34.755,0.02147
34.765,0.021677
34.775,0.021879
34.785,0.022069
34.795,0.022253
34.805,0.022439
34.815,0.022609
34.825,0.022763
34.835,0.022906
34.845,0.023039
34.855,0.023156
34.865,0.023257
34.875,0.02335
34.885,0.023429
34.895,0.023493
34.905,0.023549
34.915,0.023597
34.925,0.023631
34.935,0.023653
34.945,0.023659
34.955,0.023649
34.965,0.023625
34.975,0.023591
34.985,0.023549
34.995,0.023494
35.005,0.023421
35.015,0.023342
35.025,0.02326
35.035,0.023169
35.045,0.023066
35.055,0.022948
35.065,0.022815
35.075,0.022681
35.085,0.022541
35.095,0.022401
35.105,0.022254
35.115,0.022112
35.125,0.021972
35.135,0.021833
35.145,0.021706
35.155,0.021584
35.165,0.021465
35.175,0.021341
35.185,0.021221
35.195,0.021102
35.205,0.020985
35.215,0.020875
35.225,0.020767
35.235,0.020677
35.245,0.020595
35.255,0.020516
35.265,0.020445
35.275,0.020388
35.285,0.020348
35.295,0.02031
35.305,0.020285
35.315,0.020276
35.325,0.020275
35.335,0.020285
35.345,0.020308
35.355,0.020338
35.365,0.020382
35.375,0.020433
35.385,0.020486
35.395,0.020555
35.405,0.020638
35.415,0.02073
35.425,0.020833
35.435,0.020944
35.445,0.021071
35.455,0.02121
35.465,0.021362
35.475,0.021523
35.485,0.021683
35.495,0.021844
35.505,0.022022
35.515,0.02221
35.525,0.022408
35.535,0.022616
35.545,0.02283
35.555,0.023051
35.565,0.023275
35.575,0.023496
35.585,0.023716
35.595,0.023944
35.605,0.024179
35.615,0.024421
35.625,0.024654
35.635,0.024887
35.645,0.025123
35.655,0.025355
35.665,0.025583
35.675,0.025814
35.685,0.026039
35.695,0.026263
35.705,0.026496
35.715,0.02672
35.725,0.026935
35.735,0.027141
35.745,0.027345
35.755,0.02755
35.765,0.027748
35.775,0.027945
35.785,0.028139
35.795,0.028323
35.805,0.028496
35.815,0.028662
35.825,0.028818
35.835,0.028967
35.845,0.029107
35.855,0.02924
35.865,0.029383
35.875,0.029508
35.885,0.029621
35.895,0.029721
35.905,0.029807
35.915,0.029883
35.925,0.029951
35.935,0.030009
35.945,0.030053
35.955,0.030081
35.965,0.030101
35.975,0.030112
35.985,0.03011
35.995,0.030097
36.005,0.03007
36.015,0.030027
36.025,0.029984
36.035,0.029934
36.045,0.029878
36.055,0.0298
36.065,0.029717
36.075,0.029632
36.085,0.029532
36.095,0.029408
36.105,0.029282
36.115,0.029156
36.125,0.029016
36.135,0.028865
36.145,0.028709
36.155,0.028541
36.165,0.028362
36.175,0.028174
36.185,0.027974
36.195,0.027778
36.205,0.027567
36.215,0.027345
36.225,0.027123
36.235,0.026899
36.245,0.026676
36.255,0.026435
36.265,0.026193
36.275,0.02595
36.285,0.025704
36.295,0.025441
36.305,0.025165
36.315,0.024886
36.325,0.024615
36.335,0.024336
36.345,0.024047
36.355,0.023754
36.365,0.023462
36.375,0.023174
36.385,0.022879
36.395,0.022578
36.405,0.022272
36.415,0.021964
36.425,0.021654
36.435,0.021336
36.445,0.021017
36.455,0.020693
36.465,0.020364
36.475,0.020038
36.485,0.019712
36.495,0.019387
36.505,0.019051
36.515,0.018721
36.525,0.018391
36.535,0.018047
36.545,0.017697
36.555,0.017349
36.565,0.016997
36.575,0.016641
36.585,0.016284
36.595,0.015929
36.605,0.015567
36.615,0.015192
36.625,0.01481
36.635,0.01443
36.645,0.014043
36.655,0.013644
36.665,0.013242
36.675,0.012837
36.685,0.012425
36.695,0.012017
36.705,0.011608
36.715,0.011197
36.725,0.010783
36.735,0.010369
36.745,0.0099625
36.755,0.009551
36.765,0.009135
36.775,0.0087167
36.785,0.0082976
36.795,0.0078787
36.805,0.0074511
36.815,0.0070288
36.825,0.0066124
36.835,0.006201
36.845,0.0057954
36.855,0.0053928
36.865,0.0049752
36.875,0.0045527
36.885,0.0041343
36.895,0.0037299
36.905,0.0033254
36.915,0.0029263
36.925,0.0025288
36.935,0.0021332
36.945,0.001746
36.955,0.0013611
36.965,0.00098837
36.975,0.00062087
36.985,0.00026047
36.995,-8.9522e-005
37.005,-0.00043218
37.015,-0.0007813
37.025,-0.0011212
37.035,-0.001457
37.045,-0.0017908
37.055,-0.0021131
37.065,-0.0024229
37.075,-0.0027138
37.085,-0.0029962
37.095,-0.0032709
37.105,-0.0035318
37.115,-0.0037871
37.125,-0.0040416
37.135,-0.0042803
37.145,-0.0045065
37.155,-0.0047328
37.165,-0.0049522
37.175,-0.0051583
37.185,-0.0053503
37.195,-0.0055223
37.205,-0.0056872
37.215,-0.0058474
37.225,-0.0059943
37.235,-0.0061202
37.245,-0.0062398
37.255,-0.0063536
37.265,-0.0064588
37.275,-0.0065583
37.285,-0.0066413
37.295,-0.00671
37.305,-0.0067711
37.315,-0.0068352
37.325,-0.0068782
37.335,-0.0069028
37.345,-0.0069245
37.355,-0.0069417
37.365,-0.0069419
37.375,-0.0069375
37.385,-0.0069244
37.395,-0.0068976
37.405,-0.0068702
37.415,-0.0068232
37.425,-0.0067664
37.435,-0.006693
37.445,-0.0066143
37.455,-0.0065209
37.465,-0.0064265
37.475,-0.0063216
37.485,-0.006209
37.495,-0.0060794
37.505,-0.0059414
37.515,-0.0057928
37.525,-0.0056366
37.535,-0.005475
37.545,-0.0052971
37.555,-0.005116
37.565,-0.0049198
37.575,-0.0047234
37.585,-0.0045207
37.595,-0.0043083
37.605,-0.0040872
37.615,-0.0038561
37.625,-0.0036126
37.635,-0.003377
37.645,-0.0031313
37.655,-0.0028762
37.665,-0.0026141
37.675,-0.0023513
37.685,-0.002074
37.695,-0.0017915
37.705,-0.0015021
37.715,-0.0012088
37.725,-0.00090213
37.735,-0.00060094
37.745,-0.00029856
37.755,3.1583e-006
37.765,0.00031322
37.775,0.00063036
37.785,0.00094765
37.795,0.0012624
37.805,0.0015769
37.815,0.0018956
37.825,0.0022177
37.835,0.0025466
37.845,0.0028772
37.855,0.0032126
37.865,0.0035456
37.875,0.0038746
37.885,0.0042028
37.895,0.0045403
37.905,0.0048853
37.915,0.0052377
37.925,0.0055803
37.935,0.0059246
37.945,0.0062611
37.955,0.0066012
37.965,0.0069453
37.975,0.0072907
37.985,0.0076367
37.995,0.0079696
38.005,0.0083078
38.015,0.0086449
38.025,0.0089808
38.035,0.0093204
38.045,0.0096507
38.055,0.0099832
38.065,0.010326
38.075,0.010662
38.085,0.010994
38.095,0.011326
38.105,0.011662
38.115,0.01199
38.125,0.01233
38.135,0.01266
38.145,0.012988
38.155,0.013305
38.165,0.013628
38.175,0.013946
38.185,0.014249
38.195,0.014536
38.205,0.014826
38.215,0.015118
38.225,0.015408
38.235,0.015689
38.245,0.015969
38.255,0.016235
38.265,0.016492
38.275,0.016737
38.285,0.016974
38.295,0.017203
38.305,0.017424
38.315,0.017626
38.325,0.017807
38.335,0.017985
38.345,0.018148
38.355,0.018303
38.365,0.018443
38.375,0.018573
38.385,0.018694
38.395,0.018801
38.405,0.018875
38.415,0.018934
38.425,0.01898
38.435,0.019011
38.445,0.019021
38.455,0.019022
38.465,0.019009
38.475,0.018984
38.485,0.018941
38.495,0.01888
38.505,0.018799
38.515,0.018703
38.525,0.01859
38.535,0.018464
38.545,0.018318
38.555,0.018158
38.565,0.01797
38.575,0.017757
38.585,0.01753
38.595,0.017291
38.605,0.017042
38.615,0.016774
38.625,0.016499
38.635,0.016215
38.645,0.015923
38.655,0.015621
38.665,0.015294
38.675,0.014964
38.685,0.014625
38.695,0.014276
38.705,0.013919
38.715,0.013559
38.725,0.01319
38.735,0.012813
38.745,0.012432
38.755,0.012041
38.765,0.011645
38.775,0.011255
38.785,0.010856
38.795,0.010451
38.805,0.010042
38.815,0.0096207
38.825,0.0091935
38.835,0.0087642
38.845,0.0083322
38.855,0.0078954
38.865,0.0074642
38.875,0.00704
38.884,0.0066122
38.894,0.0061832
38.904,0.0057417
38.914,0.0052937
38.924,0.0048491
38.934,0.0044063
38.944,0.003961
38.954,0.0035201
38.964,0.0030862
38.974,0.002657
38.984,0.0022295
38.994,0.0018067
39.004,0.0013874
39.014,0.00096709
39.024,0.00053607
39.034,0.00010411
39.044,-0.000324
39.054,-0.0007505
39.064,-0.0011867
39.074,-0.0016228
39.084,-0.002048
39.094,-0.0024789
39.104,-0.0029087
39.114,-0.0033391
39.124,-0.0037706
39.134,-0.0042079
39.144,-0.0046494
39.154,-0.005094
39.164,-0.0055289
39.174,-0.0059582
39.184,-0.0063994
39.194,-0.0068479
39.204,-0.0072922
39.214,-0.0077412
39.224,-0.0081898
39.234,-0.0086418
39.244,-0.0090956
39.254,-0.0095494
39.264,-0.010011
39.274,-0.010473
39.284,-0.010926
39.294,-0.011374
39.304,-0.011843
39.314,-0.012321
39.324,-0.012784
39.334,-0.013258
39.344,-0.013739
39.354,-0.014219
39.364,-0.014702
39.374,-0.015195
39.384,-0.015695
39.394,-0.016197
39.404,-0.016687
39.414,-0.017182
39.424,-0.017675
39.434,-0.018174
39.444,-0.018682
39.454,-0.01919
39.464,-0.019709
39.474,-0.020233
39.484,-0.020759
39.494,-0.021285
39.504,-0.021815
39.514,-0.022362
39.524,-0.022915
39.534,-0.023464
39.544,-0.02402
39.554,-0.024583
39.564,-0.025148
39.574,-0.025717
39.584,-0.026295
39.594,-0.026884
39.604,-0.027473
39.614,-0.028073
39.624,-0.028673
39.634,-0.029271
39.644,-0.029874
39.654,-0.030484
39.664,-0.031109
39.674,-0.031749
39.684,-0.032383
39.694,-0.033017
39.704,-0.033655
39.714,-0.034301
39.724,-0.034944
39.734,-0.035594
39.744,-0.03625
39.754,-0.036911
39.764,-0.037575
39.774,-0.038254
39.784,-0.038928
39.794,-0.039612
39.804,-0.040308
39.814,-0.041015
39.824,-0.041723
39.834,-0.042448
39.844,-0.043175
39.854,-0.043901
39.864,-0.044639
39.874,-0.045384
39.884,-0.046125
39.894,-0.046872
39.904,-0.04763
39.914,-0.048387
39.924,-0.049152
39.934,-0.049937
39.944,-0.050711
39.954,-0.051496
39.964,-0.052285
39.974,-0.053091
39.984,-0.053893
39.994,-0.054699
40.004,-0.055508
40.014,-0.056323
40.024,-0.057134
40.034,-0.057948
40.044,-0.05878
40.054,-0.059619
40.064,-0.060463
40.074,-0.061307
40.084,-0.062161
40.094,-0.063013
40.104,-0.063867
40.114,-0.064726
40.124,-0.065582
40.134,-0.066437
40.144,-0.067288
40.154,-0.068136
40.164,-0.06899
40.174,-0.069835
40.184,-0.070669
40.194,-0.071504
40.204,-0.072325
40.214,-0.073143
40.224,-0.073962
40.234,-0.074778
40.244,-0.075588
40.254,-0.076396
40.264,-0.077192
40.274,-0.077978
40.284,-0.07876
40.294,-0.079543
40.304,-0.080319
40.314,-0.08109
40.324,-0.081853
40.334,-0.082603
40.344,-0.083349
40.354,-0.084086
40.364,-0.084819
40.374,-0.085533
40.384,-0.086239
40.394,-0.086944
40.404,-0.087614
40.414,-0.088283
40.424,-0.088959
40.434,-0.089612
40.444,-0.09026
40.454,-0.090891
40.464,-0.091517
40.474,-0.092128
40.484,-0.09274
40.494,-0.093333
40.504,-0.093913
40.514,-0.094482
40.524,-0.095045
40.534,-0.095603
40.544,-0.096151
40.554,-0.096697
40.564,-0.097245
40.574,-0.097789
40.584,-0.098337
40.594,-0.098874
40.604,-0.099416
40.614,-0.099946
40.624,-0.10048
40.634,-0.10101
40.644,-0.10153
40.654,-0.10206
40.664,-0.1026
40.674,-0.10312
40.684,-0.10364
40.694,-0.10415
40.704,-0.10466
40.714,-0.10518
40.724,-0.10569
40.734,-0.10621
40.744,-0.10672
40.754,-0.10725
40.764,-0.10777
40.774,-0.10831
40.784,-0.10885
40.794,-0.1094
40.804,-0.10995
40.814,-0.1105
40.824,-0.11106
40.834,-0.11162
40.844,-0.1122
40.854,-0.11278
40.864,-0.11336
40.874,-0.11395
40.884,-0.11455
40.894,-0.11516
40.904,-0.11579
40.914,-0.11642
40.924,-0.11706
40.934,-0.11773
40.944,-0.1184
40.954,-0.11909
40.964,-0.11977
40.974,-0.12048
40.984,-0.1212
40.994,-0.12192
41.004,-0.12265
41.014,-0.12338
41.024,-0.12412
41.034,-0.12487
41.044,-0.12564
41.054,-0.1264
41.064,-0.12717
41.074,-0.12795
41.084,-0.12873
41.094,-0.12953
41.104,-0.13033
41.114,-0.13115
41.124,-0.13198
41.134,-0.13281
41.144,-0.13365
41.154,-0.13451
41.164,-0.13537
41.174,-0.13622
41.184,-0.13708
41.194,-0.13795
41.204,-0.13884
41.214,-0.13974
41.224,-0.14066
41.234,-0.14157
41.244,-0.1425
41.254,-0.14342
41.264,-0.14435
41.274,-0.14527
41.284,-0.14619
41.294,-0.14711
41.304,-0.14804
41.314,-0.14897
41.324,-0.14987
41.334,-0.15077
41.344,-0.15166
41.354,-0.15254
41.364,-0.15343
41.374,-0.15431
41.384,-0.15519
41.394,-0.15604
41.404,-0.15689
41.414,-0.15771
41.424,-0.15851
41.434,-0.15931
41.444,-0.16008
41.454,-0.16082
41.464,-0.16154
41.474,-0.16223
41.484,-0.1629
41.494,-0.16355
41.504,-0.16419
41.514,-0.1648
41.524,-0.16538
41.534,-0.16594
41.544,-0.16646
41.554,-0.16696
41.564,-0.16743
41.574,-0.16785
41.584,-0.16824
41.594,-0.1686
41.604,-0.1689
41.614,-0.16917
41.624,-0.16939
41.634,-0.16957
41.644,-0.16968
41.654,-0.16976
41.664,-0.16979
41.674,-0.16975
41.684,-0.16967
41.694,-0.16953
41.704,-0.16934
41.714,-0.16909
41.724,-0.16878
41.734,-0.16842
41.744,-0.16801
41.754,-0.16753
41.764,-0.167
41.774,-0.16641
41.784,-0.16576
41.794,-0.16504
41.804,-0.16425
41.814,-0.16338
41.824,-0.16244
41.834,-0.16144
41.844,-0.16035
41.854,-0.15919
41.864,-0.15794
41.874,-0.15662
41.884,-0.15523
41.894,-0.15376
41.904,-0.15221
41.914,-0.15058
41.924,-0.14889
41.934,-0.14711
41.944,-0.14525
41.954,-0.14327
41.964,-0.14122
41.974,-0.13909
41.984,-0.13688
41.994,-0.1346
42.004,-0.13221
42.014,-0.12971
42.024,-0.12711
42.034,-0.12444
42.044,-0.12171
42.054,-0.11887
42.064,-0.11593
42.074,-0.11288
42.084,-0.10976
42.094,-0.10653
42.104,-0.10322
42.114,-0.099785
42.124,-0.096278
42.134,-0.092689
42.144,-0.088997
42.154,-0.085239
42.164,-0.081315
42.174,-0.077331
42.184,-0.07326
42.194,-0.069109
42.204,-0.064881
42.214,-0.060499
42.224,-0.056028
42.234,-0.05147
42.244,-0.046822
42.254,-0.042038
42.264,-0.037166
42.274,-0.032202
42.284,-0.027138
42.294,-0.022002
42.304,-0.01672
42.314,-0.011409
42.324,-0.0059914
42.334,-0.00054965
42.344,0.0049932
42.354,0.010601
42.364,0.016274
42.374,0.022006
42.384,0.027796
42.394,0.033685
42.404,0.039685
42.414,0.045778
42.424,0.051946
42.434,0.058149
42.444,0.064442
42.454,0.070779
42.464,0.07724
42.474,0.083714
42.484,0.090249
42.494,0.096866
42.504,0.10353
42.514,0.11014
42.524,0.11683
42.534,0.12356
42.544,0.13035
42.554,0.13725
42.564,0.14421
42.574,0.15119
42.584,0.15817
42.594,0.16522
42.604,0.17233
42.614,0.17947
42.624,0.18661
42.634,0.19377
42.644,0.20097
42.654,0.20818
42.664,0.21541
42.674,0.22263
42.684,0.22995
42.694,0.23721
42.704,0.24448
42.714,0.25177
42.724,0.25906
42.734,0.26646
42.744,0.27387
42.754,0.28114
42.764,0.28839
42.774,0.29569
42.784,0.30293
42.794,0.31024
42.804,0.31748
42.814,0.32469
42.824,0.33195
42.834,0.33914
42.844,0.34637
42.854,0.35357
42.864,0.36077
42.874,0.36797
42.884,0.37509
42.894,0.38214
42.904,0.38912
42.914,0.39604
42.924,0.40296
42.934,0.40988
42.944,0.4167
42.954,0.42347
42.964,0.43019
42.974,0.43689
42.984,0.44349
42.994,0.45006
43.004,0.45656
43.014,0.46302
43.024,0.46941
43.034,0.47574
43.044,0.48194
43.054,0.48806
43.064,0.49415
43.074,0.50009
43.084,0.50598
43.094,0.51179
43.104,0.51754
43.114,0.52323
43.124,0.52877
43.134,0.53419
43.144,0.53953
43.154,0.54475
43.164,0.54994
43.174,0.55498
43.184,0.55987
43.194,0.56468
43.204,0.56932
43.214,0.57389
43.224,0.57835
43.234,0.58269
43.244,0.58691
43.254,0.59101
43.264,0.59496
43.274,0.59878
43.284,0.60247
43.294,0.60601
43.304,0.60943
43.314,0.61271
43.324,0.61583
43.334,0.61879
43.344,0.62162
43.354,0.62431
43.364,0.62685
43.374,0.62925
43.384,0.63151
43.394,0.63361
43.404,0.63557
43.414,0.63736
43.424,0.639
43.434,0.64046
43.444,0.64174
43.454,0.64286
43.464,0.64382
43.474,0.64462
43.484,0.64523
43.494,0.64568
43.504,0.64596
43.514,0.64607
43.524,0.64601
43.534,0.64577
43.544,0.64537
43.554,0.64479
43.564,0.64403
43.574,0.6431
43.584,0.642
43.594,0.64073
43.604,0.63927
43.614,0.63761
43.624,0.63578
43.634,0.63378
43.644,0.63161
43.654,0.62926
43.664,0.6267
43.674,0.62398
43.684,0.62111
43.694,0.61805
43.704,0.61484
43.714,0.61143
43.724,0.6079
43.734,0.6042
43.744,0.60032
43.754,0.5963
43.764,0.59211
43.774,0.58775
43.784,0.58323
43.794,0.57852
43.804,0.57369
43.814,0.56864
43.824,0.56346
43.834,0.55808
43.844,0.55256
43.854,0.54696
43.864,0.54122
43.874,0.53535
43.884,0.52931
43.894,0.5231
43.904,0.51682
43.914,0.51038
43.924,0.50384
43.934,0.4971
43.944,0.49021
43.954,0.48325
43.964,0.47614
43.974,0.46895
43.984,0.46166
43.994,0.45425
44.004,0.44675
44.014,0.43905
44.024,0.43128
44.034,0.42338
44.044,0.41537
44.054,0.40728
44.064,0.39906
44.074,0.39066
44.084,0.38228
44.094,0.37379
44.104,0.36524
44.114,0.35654
44.124,0.34782
44.134,0.33897
44.144,0.33012
44.154,0.32123
44.164,0.31226
44.174,0.30322
44.184,0.29403
44.194,0.28482
44.204,0.27556
44.214,0.26623
44.224,0.25688
44.234,0.24738
44.244,0.23783
44.254,0.22826
44.264,0.21872
44.274,0.20915
44.284,0.19954
44.294,0.18998
44.304,0.18044
44.314,0.17076
44.324,0.16111
44.334,0.15157
44.344,0.14194
44.354,0.13237
44.364,0.12265
44.374,0.11298
44.384,0.10334
44.394,0.093645
44.404,0.084071
44.414,0.074494
44.424,0.064968
44.434,0.055375
44.444,0.045852
44.454,0.036314
44.464,0.026857
44.474,0.017536
44.484,0.0081563
44.494,-0.0011316
44.504,-0.010396
44.514,-0.019589
44.524,-0.028789
44.534,-0.03787
44.544,-0.046844
44.554,-0.055766
44.564,-0.064636
44.574,-0.073507
44.584,-0.082292
44.594,-0.090888
44.604,-0.09946
44.614,-0.10797
44.624,-0.11642
44.634,-0.12471
44.644,-0.13303
44.654,-0.14127
44.664,-0.14933
44.674,-0.15727
44.684,-0.16514
44.694,-0.17301
44.704,-0.18072
44.714,-0.18826
44.724,-0.19579
44.734,-0.2032
44.744,-0.21049
44.754,-0.21767
44.764,-0.22478
44.774,-0.23179
44.784,-0.23866
44.794,-0.24546
44.804,-0.25209
44.814,-0.25867
44.824,-0.26509
44.834,-0.27139
44.844,-0.27758
44.854,-0.28375
44.864,-0.28981
44.874,-0.29571
44.884,-0.3015
44.894,-0.30715
44.904,-0.31271
44.914,-0.31815
44.924,-0.32345
44.934,-0.32861
44.944,-0.33364
44.954,-0.33863
44.964,-0.34346
44.974,-0.34819
44.984,-0.35285
44.994,-0.35733
45.004,-0.36173
45.014,-0.36598
45.024,-0.37018
45.034,-0.37426
45.044,-0.37818
45.054,-0.382
45.064,-0.38571
45.074,-0.38931
45.084,-0.39278
45.094,-0.39618
45.104,-0.39941
45.114,-0.40255
45.124,-0.40558
45.134,-0.4085
45.144,-0.41129
45.154,-0.414
45.164,-0.41659
45.174,-0.41909
45.184,-0.42146
45.194,-0.4237
45.204,-0.42584
45.214,-0.42789
45.224,-0.42986
45.234,-0.43173
45.244,-0.43347
45.254,-0.4351
45.264,-0.43664
45.274,-0.43809
45.284,-0.43944
45.294,-0.44068
45.304,-0.44183
45.314,-0.44287
45.324,-0.44381
45.334,-0.44465
45.344,-0.44541
45.354,-0.44607
45.364,-0.44665
45.374,-0.44714
45.384,-0.44754
45.394,-0.44783
45.404,-0.44804
45.414,-0.44815
45.424,-0.44817
45.434,-0.44812
45.444,-0.44796
45.454,-0.44773
45.464,-0.4474
45.474,-0.447
45.484,-0.44651
45.494,-0.44594
45.504,-0.44529
45.514,-0.44456
45.524,-0.44376
45.534,-0.44286
45.544,-0.4419
45.554,-0.44085
45.564,-0.43971
45.574,-0.43851
45.584,-0.43721
45.594,-0.43584
45.604,-0.43443
45.614,-0.43291
45.624,-0.43133
45.634,-0.4297
45.644,-0.428
45.654,-0.42621
45.664,-0.42438
45.674,-0.42248
45.684,-0.4205
45.694,-0.41848
45.704,-0.41639
45.714,-0.41423
45.724,-0.412
45.734,-0.40973
45.744,-0.40744
45.754,-0.40507
45.764,-0.40264
45.774,-0.40018
45.784,-0.39768
45.794,-0.39511
45.804,-0.39247
45.814,-0.38983
45.824,-0.38711
45.834,-0.38438
45.844,-0.38157
45.854,-0.37875
45.864,-0.3759
45.874,-0.37301
45.884,-0.37009
45.894,-0.36713
45.904,-0.36414
45.914,-0.36108
45.924,-0.35803
45.934,-0.35496
45.944,-0.35185
45.953,-0.34867
45.963,-0.34553
45.973,-0.34236
45.983,-0.33914
45.993,-0.3359
46.003,-0.33268
46.013,-0.3294
46.023,-0.32611
46.033,-0.3228
46.043,-0.31948
46.053,-0.31614
46.063,-0.31281
46.073,-0.30944
46.083,-0.30606
46.093,-0.30265
46.103,-0.29928
46.113,-0.29588
46.123,-0.29252
46.133,-0.2891
46.143,-0.28569
46.153,-0.28221
46.163,-0.2788
46.173,-0.27536
46.183,-0.27192
46.193,-0.26847
46.203,-0.26499
46.213,-0.26155
46.223,-0.25814
46.233,-0.25469
46.243,-0.25116
46.253,-0.24769
46.263,-0.24417
46.273,-0.24067
46.283,-0.23722
46.293,-0.23374
46.303,-0.23025
46.313,-0.22678
46.323,-0.22334
46.333,-0.21992
46.343,-0.21647
46.353,-0.21301
46.363,-0.20954
46.373,-0.20601
46.383,-0.20252
46.393,-0.1991
46.403,-0.19564
46.413,-0.1922
46.423,-0.18873
46.433,-0.18529
46.443,-0.18187
46.453,-0.17845
46.463,-0.17501
46.473,-0.17156
46.483,-0.1681
46.493,-0.16472
46.503,-0.16136
46.513,-0.15799
46.523,-0.15459
46.533,-0.15127
46.543,-0.1479
46.553,-0.14458
46.563,-0.14124
46.573,-0.13789
46.583,-0.13454
46.593,-0.13121
46.603,-0.12791
46.613,-0.12462
46.623,-0.12137
46.633,-0.11812
46.643,-0.11487
46.653,-0.11162
46.663,-0.10845
46.673,-0.10527
46.683,-0.10208
46.693,-0.098882
46.703,-0.095713
46.713,-0.092587
46.723,-0.089518
46.733,-0.086433
46.743,-0.083381
46.753,-0.080305
46.763,-0.077293
46.773,-0.074343
46.783,-0.071411
46.793,-0.068431
46.803,-0.065514
46.813,-0.062619
46.823,-0.059755
46.833,-0.05695
46.843,-0.054151
46.853,-0.051368
46.863,-0.0486
46.873,-0.045872
46.883,-0.043138
46.893,-0.04045
46.903,-0.037775
46.913,-0.035109
46.923,-0.032485
46.933,-0.029944
46.943,-0.027393
46.953,-0.024874
46.963,-0.022371
46.973,-0.019905
46.983,-0.017519
46.993,-0.015111
47.003,-0.012739
47.013,-0.010379
47.023,-0.0080586
47.033,-0.0057976
47.043,-0.0035506
47.053,-0.0012986
47.063,0.00088076
47.073,0.0030901
47.083,0.0052602
47.093,0.0073748
47.103,0.0095055
47.113,0.011587
47.123,0.013666
47.133,0.015702
47.143,0.017714
47.153,0.019693
47.163,0.021641
47.173,0.023597
47.183,0.025515
47.193,0.027409
47.203,0.029275
47.213,0.031151
47.223,0.033012
47.233,0.034813
47.243,0.036616
47.253,0.038411
47.263,0.040191
47.273,0.041938
47.283,0.043648
47.293,0.045324
47.303,0.047032
47.313,0.04868
47.323,0.050311
47.333,0.051936
47.343,0.053519
47.353,0.055085
47.363,0.05666
47.373,0.058209
47.383,0.05972
47.393,0.061203
47.403,0.062672
47.413,0.064134
47.423,0.065551
47.433,0.066932
47.443,0.068313
47.453,0.06965
47.463,0.070985
47.473,0.072262
47.483,0.073522
47.493,0.074754
47.503,0.075944
47.513,0.077093
47.523,0.078191
47.533,0.079249
47.543,0.080299
47.553,0.0813
47.563,0.082271
47.573,0.083211
47.583,0.084123
47.593,0.08499
47.603,0.085851
47.613,0.086648
47.623,0.087423
47.633,0.088167
47.643,0.088893
47.653,0.089594
47.663,0.090233
47.673,0.090838
47.683,0.091396
47.693,0.091913
47.703,0.092397
47.713,0.092831
47.723,0.093247
47.733,0.093642
47.743,0.093996
47.753,0.094317
47.763,0.094602
47.773,0.09486
47.783,0.095077
47.793,0.095243
47.803,0.095375
47.813,0.095487
47.823,0.09556
47.833,0.095608
47.843,0.095617
47.853,0.095588
47.863,0.095537
47.873,0.095469
47.883,0.09538
47.893,0.095284
47.903,0.095144
47.913,0.094981
47.923,0.094792
47.933,0.094585
47.943,0.094343
47.953,0.094063
47.963,0.093758
47.973,0.093452
47.983,0.093089
47.993,0.09271
48.003,0.092329
48.013,0.091939
48.023,0.091538
48.033,0.091133
48.043,0.090689
48.053,0.090233
48.063,0.089746
48.073,0.089239
48.083,0.088722
48.093,0.088219
48.103,0.087694
48.113,0.0871
48.123,0.086564
48.133,0.085988
48.143,0.085456
48.153,0.084877
48.163,0.084252
48.173,0.083662
48.183,0.083039
48.193,0.08239
48.203,0.081751
48.213,0.08106
48.223,0.080384
48.233,0.079652
48.243,0.078966
48.253,0.078268
48.263,0.077555
48.273,0.076795
48.283,0.076077
48.293,0.075312
48.303,0.074552
48.313,0.073812
48.323,0.073064
48.333,0.072294
48.343,0.071521
48.353,0.070715
48.363,0.069913
48.373,0.069093
48.383,0.06833
48.393,0.067519
48.403,0.0667
48.413,0.065862
48.423,0.064976
48.433,0.064166
48.443,0.063284
48.453,0.062427
48.463,0.061511
48.473,0.060629
48.483,0.059746
48.493,0.058863
48.503,0.05794
48.513,0.057001
48.523,0.05607
48.533,0.055127
48.543,0.054231
48.553,0.053332
48.563,0.052397
48.573,0.051509
48.583,0.050512
48.593,0.049589
48.603,0.048674
48.613,0.047752
48.623,0.046778
48.633,0.045764
48.643,0.044671
48.653,0.043779
48.663,0.042742
48.673,0.041854
48.683,0.040874
48.693,0.03989
48.703,0.038939
48.713,0.037951
48.723,0.037053
48.733,0.036174
48.743,0.03516
48.753,0.034251
48.763,0.033331
48.773,0.032416
48.783,0.03147
48.793,0.030542
48.803,0.029602
48.813,0.02865
48.823,0.027713
48.833,0.02671
48.843,0.025881
48.853,0.024944
48.863,0.024033
48.873,0.023097
48.883,0.022127
48.893,0.021241
48.903,0.020327
48.913,0.019426
48.923,0.01849
48.933,0.017562
48.943,0.01671
48.953,0.015802
48.963,0.014842
48.973,0.013992
48.983,0.013061
48.993,0.012133
49.003,0.011343
49.013,0.010509
49.023,0.0096551
49.033,0.0087208
49.043,0.0078486
49.053,0.0070101
49.063,0.0062038
49.073,0.0053822
49.083,0.0045028
49.093,0.0036186
49.103,0.0028088
49.113,0.0019964
49.123,0.0013361
49.133,0.00053062
49.143,-0.00017022
49.153,-0.00089643
49.163,-0.0016654
49.173,-0.0023203
49.183,-0.0029494
49.193,-0.0036841
49.203,-0.0042906
49.213,-0.0048629
49.223,-0.0055014
49.233,-0.0059821
49.243,-0.0065519
49.253,-0.0071037
49.263,-0.007705
49.273,-0.0082054
49.283,-0.0086368
49.293,-0.0090901
49.303,-0.0094876
49.313,-0.0098649
49.323,-0.01016
49.333,-0.010545
49.343,-0.010922
49.353,-0.011211
49.363,-0.011541
49.373,-0.011784
49.383,-0.012034
49.393,-0.012238
49.403,-0.0124
49.413,-0.012569
49.423,-0.012705
49.433,-0.012895
49.443,-0.013005
49.453,-0.013074
49.463,-0.01312
49.473,-0.013114
49.483,-0.013065
49.493,-0.013053
49.503,-0.01307
49.513,-0.013026
49.523,-0.012991
49.533,-0.012899
49.543,-0.012799
49.553,-0.012653
49.563,-0.012475
49.573,-0.012293
49.583,-0.012092
49.593,-0.011782
49.603,-0.011551
49.613,-0.011277
49.623,-0.010975
49.633,-0.010698
49.643,-0.01031
49.653,-0.0099428
49.663,-0.0095404
49.673,-0.0091294
49.683,-0.0087273
49.693,-0.008275
49.703,-0.007736
49.713,-0.0072251
49.723,-0.0067234
49.733,-0.0062002
49.743,-0.0056683
49.753,-0.0050928
49.763,-0.0044412
49.773,-0.0038538
49.783,-0.0032537
49.793,-0.0026017
49.803,-0.0020099
49.813,-0.0013799
49.823,-0.00068779
49.833,-8.8451e-005
49.843,0.00055071
49.853,0.0012705
49.863,0.0019573
49.873,0.0025452
49.883,0.003217
49.893,0.0039015
49.903,0.0046017
49.913,0.0052526
49.923,0.0058114
49.933,0.006425
49.943,0.0070759
49.953,0.0076889
49.963,0.0079741
49.973,0.0072494
49.983,0.0041043
