0,0.012061
0.009998,0.0060843
0.019996,0.00028836
0.029994,-0.0030459
0.039992,-0.0040662
0.04999,-0.0043244
0.059988,-0.0044561
0.069986,-0.0045549
0.079984,-0.0046584
0.089982,-0.0047482
0.09998,-0.0048657
0.10998,-0.0050186
0.11998,-0.005168
0.12997,-0.0052826
0.13997,-0.0053768
0.14997,-0.0055188
0.15997,-0.005581
0.16997,-0.005684
0.17996,-0.0057955
0.18996,-0.0059384
0.19996,-0.0060335
0.20996,-0.0061625
0.21996,-0.0062304
0.22995,-0.0062962
0.23995,-0.006402
0.24995,-0.0065205
0.25995,-0.0066243
0.26995,-0.006753
0.27995,-0.0068504
0.28994,-0.0069325
0.29994,-0.0070144
0.30994,-0.0070763
0.31994,-0.0071155
0.32994,-0.0071801
0.33993,-0.0072435
0.34993,-0.0072777
0.35993,-0.0073032
0.36993,-0.0073323
0.37993,-0.0073479
0.38992,-0.0073652
0.39992,-0.0074341
0.40992,-0.0074857
0.41992,-0.0075272
0.42992,-0.0075881
0.43991,-0.0076215
0.44991,-0.0077133
0.45991,-0.0077622
0.46991,-0.0078249
0.47991,-0.0078851
0.4899,-0.0079337
0.4999,-0.0079538
0.5099,-0.0079798
0.5199,-0.0080121
0.5299,-0.0080716
0.53989,-0.0081477
0.54989,-0.0081984
0.55989,-0.0082778
0.56989,-0.0083267
0.57989,-0.0083754
0.58988,-0.0084511
0.59988,-0.008539
0.60988,-0.0086091
0.61988,-0.0086695
0.62988,-0.0087037
0.63987,-0.00876
0.64987,-0.0087934
0.65987,-0.0088285
0.66987,-0.0088894
0.67987,-0.008954
0.68986,-0.0090069
0.69986,-0.0090739
0.70986,-0.0091138
0.71986,-0.0091514
0.72986,-0.0091538
0.73986,-0.0091799
0.74985,-0.0092283
0.75985,-0.0092787
0.76985,-0.0093081
0.77985,-0.0093481
0.78985,-0.0093772
0.79984,-0.009393
0.80984,-0.0093936
0.81984,-0.0093891
0.82984,-0.0094284
0.83984,-0.0094507
0.84983,-0.0094782
0.85983,-0.0094998
0.86983,-0.0095414
0.87983,-0.0095688
0.88983,-0.0095718
0.89982,-0.009591
0.90982,-0.0096044
0.91982,-0.0096189
0.92982,-0.0096206
0.93982,-0.0096239
0.94981,-0.0096245
0.95981,-0.0096386
0.96981,-0.0096698
0.97981,-0.0096788
0.98981,-0.009721
0.9998,-0.0097323
1.0098,-0.0097586
1.0198,-0.0098025
1.0298,-0.0098096
1.0398,-0.0098323
1.0498,-0.0098652
1.0598,-0.0098921
1.0698,-0.0099125
1.0798,-0.0099253
1.0898,-0.0099249
1.0998,-0.0099368
1.1098,-0.0099557
1.1198,-0.0099609
1.1298,-0.0099495
1.1398,-0.0099631
1.1498,-0.0099813
1.1598,-0.0099917
1.1698,-0.0099829
1.1798,-0.0099756
1.1898,-0.0099793
1.1998,-0.0099976
1.2098,-0.010024
1.2198,-0.010067
1.2298,-0.010076
1.2398,-0.010088
1.2498,-0.010091
1.2598,-0.010109
1.2698,-0.010101
1.2797,-0.01011
1.2897,-0.010107
1.2997,-0.010091
1.3097,-0.010095
1.3197,-0.010102
1.3297,-0.010133
1.3397,-0.01014
1.3497,-0.010156
1.3597,-0.010155
1.3697,-0.010146
1.3797,-0.010171
1.3897,-0.010176
1.3997,-0.010187
1.4097,-0.010206
1.4197,-0.010199
1.4297,-0.010202
1.4397,-0.010178
1.4497,-0.010152
1.4597,-0.010111
1.4697,-0.010097
1.4797,-0.010086
1.4897,-0.010072
1.4997,-0.010068
1.5097,-0.010068
1.5197,-0.010047
1.5297,-0.010033
1.5397,-0.010029
1.5497,-0.0099991
1.5597,-0.0099908
1.5697,-0.0099686
1.5797,-0.0099608
1.5897,-0.009942
1.5997,-0.0099467
1.6097,-0.0099705
1.6197,-0.0099904
1.6297,-0.010011
1.6397,-0.010009
1.6497,-0.010024
1.6597,-0.010036
1.6697,-0.010022
1.6797,-0.010028
1.6897,-0.010048
1.6997,-0.010065
1.7097,-0.010055
1.7197,-0.010062
1.7297,-0.010061
1.7397,-0.010046
1.7497,-0.01003
1.7597,-0.010011
1.7697,-0.0099884
1.7797,-0.0099861
1.7896,-0.0099737
1.7996,-0.009963
1.8096,-0.00995
1.8196,-0.0099295
1.8296,-0.009906
1.8396,-0.0098846
1.8496,-0.0098981
1.8596,-0.0098981
1.8696,-0.0098983
1.8796,-0.0098923
1.8896,-0.0098975
1.8996,-0.009916
1.9096,-0.0099068
1.9196,-0.0099007
1.9296,-0.0099039
1.9396,-0.0099165
1.9496,-0.0099132
1.9596,-0.009895
1.9696,-0.0098864
1.9796,-0.0098784
1.9896,-0.0098598
1.9996,-0.0098544
2.0096,-0.0098327
2.0196,-0.0098195
2.0296,-0.0098181
2.0396,-0.0098286
2.0496,-0.0098263
2.0596,-0.0098097
2.0696,-0.0097993
2.0796,-0.009788
2.0896,-0.0097607
2.0996,-0.0097293
2.1096,-0.0096987
2.1196,-0.0096689
2.1296,-0.0096224
2.1396,-0.0096046
2.1496,-0.009588
2.1596,-0.0095488
2.1696,-0.0095217
2.1796,-0.009498
2.1896,-0.0094919
2.1996,-0.0094619
2.2096,-0.0094227
2.2196,-0.0093962
2.2296,-0.0093723
2.2396,-0.0093425
2.2496,-0.0093162
2.2596,-0.0092664
2.2696,-0.0092107
2.2796,-0.0091498
2.2896,-0.0090891
2.2995,-0.0090473
2.3095,-0.0089868
2.3195,-0.0089551
2.3295,-0.0089109
2.3395,-0.0088543
2.3495,-0.0088027
2.3595,-0.0087502
2.3695,-0.0087038
2.3795,-0.0086402
2.3895,-0.0085671
2.3995,-0.0084915
2.4095,-0.008424
2.4195,-0.0083591
2.4295,-0.0082915
2.4395,-0.0082287
2.4495,-0.0081649
2.4595,-0.0081001
2.4695,-0.008022
2.4795,-0.0079542
2.4895,-0.0078775
2.4995,-0.007797
2.5095,-0.0077323
2.5195,-0.0076809
2.5295,-0.007621
2.5395,-0.0075659
2.5495,-0.0075117
2.5595,-0.0074426
2.5695,-0.0073768
2.5795,-0.0072991
2.5895,-0.0072344
2.5995,-0.0071628
2.6095,-0.0070871
2.6195,-0.0070123
2.6295,-0.0069257
2.6395,-0.0068367
2.6495,-0.0067642
2.6595,-0.0066822
2.6695,-0.0065993
2.6795,-0.0065117
2.6895,-0.0064289
2.6995,-0.0063309
2.7095,-0.0062459
2.7195,-0.0061726
2.7295,-0.0061102
2.7395,-0.0060478
2.7495,-0.0059941
2.7595,-0.00592
2.7695,-0.0058526
2.7795,-0.005779
2.7895,-0.0057023
2.7995,-0.0056157
2.8094,-0.0055453
2.8194,-0.0054812
2.8294,-0.0054002
2.8394,-0.0053156
2.8494,-0.0052431
2.8594,-0.0051486
2.8694,-0.0050555
2.8794,-0.0049734
2.8894,-0.0048961
2.8994,-0.0048115
2.9094,-0.0047331
2.9194,-0.0046539
2.9294,-0.004591
2.9394,-0.0045001
2.9494,-0.0044326
2.9594,-0.0043638
2.9694,-0.0042969
2.9794,-0.0042411
2.9894,-0.00418
2.9994,-0.0041179
3.0094,-0.0040598
3.0194,-0.0040071
3.0294,-0.0039449
3.0394,-0.0038684
3.0494,-0.0038109
3.0594,-0.0037661
3.0694,-0.0037012
3.0794,-0.0036458
3.0894,-0.0035916
3.0994,-0.0035418
3.1094,-0.0034906
3.1194,-0.0034331
3.1294,-0.0033744
3.1394,-0.0033088
3.1494,-0.0032414
3.1594,-0.0031625
3.1694,-0.0031093
3.1794,-0.0030541
3.1894,-0.0030168
3.1994,-0.0029877
3.2094,-0.0029512
3.2194,-0.0029143
3.2294,-0.0028809
3.2394,-0.0028553
3.2494,-0.0028208
3.2594,-0.0027742
3.2694,-0.0027613
3.2794,-0.0027533
3.2894,-0.0027415
3.2994,-0.0027254
3.3094,-0.002707
3.3194,-0.0027062
3.3293,-0.002685
3.3393,-0.0026701
3.3493,-0.002635
3.3593,-0.0026028
3.3693,-0.0025667
3.3793,-0.002555
3.3893,-0.0025433
3.3993,-0.0025351
3.4093,-0.0025281
3.4193,-0.0025086
3.4293,-0.002501
3.4393,-0.0024907
3.4493,-0.0024647
3.4593,-0.0024455
3.4693,-0.0024323
3.4793,-0.0024208
3.4893,-0.0024173
3.4993,-0.0024164
3.5093,-0.0024128
3.5193,-0.0024212
3.5293,-0.0024411
3.5393,-0.0024411
3.5493,-0.00244
3.5593,-0.0024385
3.5693,-0.0024582
3.5793,-0.0024826
3.5893,-0.0024888
3.5993,-0.0024867
3.6093,-0.0024895
3.6193,-0.00248
3.6293,-0.0024765
3.6393,-0.0024742
3.6493,-0.0024804
3.6593,-0.0025037
3.6693,-0.0025231
3.6793,-0.0025412
3.6893,-0.002563
3.6993,-0.0025864
3.7093,-0.0026094
3.7193,-0.0026396
3.7293,-0.0026811
3.7393,-0.002709
3.7493,-0.0027295
3.7593,-0.0027687
3.7693,-0.0027997
3.7793,-0.0028182
3.7893,-0.0028213
3.7993,-0.0028261
3.8093,-0.0028505
3.8193,-0.0028765
3.8293,-0.0028881
3.8392,-0.0028927
3.8492,-0.0029082
3.8592,-0.0029355
3.8692,-0.0029693
3.8792,-0.0029828
3.8892,-0.0029947
3.8992,-0.0029926
3.9092,-0.0030023
3.9192,-0.0029949
3.9292,-0.0029826
3.9392,-0.0029868
3.9492,-0.0030052
3.9592,-0.0030326
3.9692,-0.0030309
3.9792,-0.0030274
3.9892,-0.0030606
3.9992,-0.0030826
4.0092,-0.003109
4.0192,-0.0031104
4.0292,-0.0031147
4.0392,-0.0031223
4.0492,-0.0031333
4.0592,-0.0031415
4.0692,-0.0031467
4.0792,-0.0031593
4.0892,-0.0031646
4.0992,-0.0031518
4.1092,-0.0031505
4.1192,-0.0031545
4.1292,-0.0031602
4.1392,-0.0031595
4.1492,-0.0031436
4.1592,-0.0031369
4.1692,-0.0031188
4.1792,-0.0031071
4.1892,-0.0030934
4.1992,-0.003091
4.2092,-0.003097
4.2192,-0.0031158
4.2292,-0.0031377
4.2392,-0.003149
4.2492,-0.003146
4.2592,-0.0031449
4.2692,-0.0031381
4.2792,-0.0031261
4.2892,-0.0031042
4.2992,-0.0030788
4.3092,-0.0030574
4.3192,-0.0030216
4.3292,-0.0030025
4.3392,-0.0029857
4.3491,-0.0029757
4.3591,-0.0029623
4.3691,-0.0029498
4.3791,-0.0029395
4.3891,-0.0029361
4.3991,-0.002919
4.4091,-0.0028866
4.4191,-0.0028569
4.4291,-0.0028165
4.4391,-0.0027882
4.4491,-0.0027295
4.4591,-0.0026826
4.4691,-0.0026554
4.4791,-0.0026083
4.4891,-0.0025541
4.4991,-0.0025249
4.5091,-0.0024889
4.5191,-0.0024518
4.5291,-0.0024186
4.5391,-0.0023855
4.5491,-0.0023654
4.5591,-0.0023523
4.5691,-0.0023275
4.5791,-0.0023043
4.5891,-0.0022529
4.5991,-0.0022037
4.6091,-0.0021596
4.6191,-0.0021127
4.6291,-0.0020691
4.6391,-0.0020282
4.6491,-0.0019606
4.6591,-0.0018973
4.6691,-0.0018404
4.6791,-0.0017667
4.6891,-0.0017035
4.6991,-0.0016329
4.7091,-0.0015768
4.7191,-0.0015076
4.7291,-0.0014537
4.7391,-0.0013926
4.7491,-0.001328
4.7591,-0.0012589
4.7691,-0.001186
4.7791,-0.0011273
4.7891,-0.0010735
4.7991,-0.00099799
4.8091,-0.00091618
4.8191,-0.00083114
4.8291,-0.00074808
4.8391,-0.00067589
4.8491,-0.00060893
4.859,-0.0005213
4.869,-0.00044218
4.879,-0.00038745
4.889,-0.00030313
4.899,-0.00023435
4.909,-0.00016146
4.919,-7.642e-005
4.929,-3.1197e-006
4.939,6.8337e-005
4.949,0.00014008
4.959,0.00019922
4.969,0.00026775
4.979,0.0003444
4.989,0.00041585
4.999,0.00047717
5.009,0.00054836
5.019,0.0006158
5.029,0.00072416
5.039,0.00079898
5.049,0.0008779
5.059,0.00097983
5.069,0.0010583
5.079,0.0011411
5.089,0.0012425
5.099,0.0013403
5.109,0.0014463
5.119,0.0015606
5.129,0.0016581
5.139,0.0017586
5.149,0.0018518
5.159,0.0019302
5.169,0.0020373
5.179,0.002123
5.189,0.0021969
5.199,0.0023028
5.209,0.0023945
5.219,0.0024926
5.229,0.0025717
5.239,0.0026421
5.249,0.0027258
5.259,0.0028317
5.269,0.0029423
5.279,0.0030569
5.289,0.003149
5.299,0.003233
5.309,0.003324
5.319,0.0034083
5.329,0.0034988
5.339,0.0035777
5.349,0.0036711
5.359,0.0037869
5.3689,0.0038666
5.3789,0.0039625
5.3889,0.0040615
5.3989,0.0041536
5.4089,0.0042548
5.4189,0.004373
5.4289,0.0044576
5.4389,0.0045569
5.4489,0.0046852
5.4589,0.0048144
5.4689,0.0049266
5.4789,0.0050252
5.4889,0.0051338
5.4989,0.0052343
5.5089,0.0053446
5.5189,0.0054737
5.5289,0.005583
5.5389,0.0057065
5.5489,0.0058131
5.5589,0.0059022
5.5689,0.0059956
5.5789,0.0060928
5.5889,0.00619
5.5989,0.0062876
5.6089,0.0063839
5.6189,0.0064923
5.6289,0.0065852
5.6389,0.0066556
5.6489,0.006755
5.6589,0.0068459
5.6689,0.0069178
5.6789,0.0070196
5.6889,0.0071158
5.6989,0.0072102
5.7089,0.0072966
5.7189,0.0073617
5.7289,0.0074698
5.7389,0.0075395
5.7489,0.0076226
5.7589,0.0077048
5.7689,0.0077945
5.7789,0.0078795
5.7889,0.0079553
5.7989,0.0080335
5.8089,0.0081113
5.8189,0.0081923
5.8289,0.008273
5.8389,0.0083591
5.8489,0.008448
5.8589,0.008536
5.8689,0.0086286
5.8788,0.0087222
5.8888,0.0087899
5.8988,0.0088671
5.9088,0.0089505
5.9188,0.0090281
5.9288,0.0091063
5.9388,0.0091887
5.9488,0.0092554
5.9588,0.009325
5.9688,0.0093947
5.9788,0.0094549
5.9888,0.0095009
5.9988,0.0095561
6.0088,0.0096171
6.0188,0.0096714
6.0288,0.0097211
6.0388,0.0097818
6.0488,0.0098511
6.0588,0.0098917
6.0688,0.0099308
6.0788,0.0099745
6.0888,0.010039
6.0988,0.010075
6.1088,0.010117
6.1188,0.010157
6.1288,0.010198
6.1388,0.010249
6.1488,0.010297
6.1588,0.010353
6.1688,0.010416
6.1788,0.010464
6.1888,0.010515
6.1988,0.010566
6.2088,0.010611
6.2188,0.010647
6.2288,0.010685
6.2388,0.010721
6.2488,0.010762
6.2588,0.010802
6.2688,0.010842
6.2788,0.010884
6.2888,0.010909
6.2988,0.010943
6.3088,0.010974
6.3188,0.011002
6.3288,0.011026
6.3388,0.011061
6.3488,0.011102
6.3588,0.011146
6.3688,0.011185
6.3788,0.01122
6.3887,0.011263
6.3987,0.011293
6.4087,0.011314
6.4187,0.011355
6.4287,0.011397
6.4387,0.011436
6.4487,0.011483
6.4587,0.01153
6.4687,0.011572
6.4787,0.011617
6.4887,0.011661
6.4987,0.011696
6.5087,0.011729
6.5187,0.011763
6.5287,0.01181
6.5387,0.011844
6.5487,0.011869
6.5587,0.011902
6.5687,0.011925
6.5787,0.011939
6.5887,0.011949
6.5987,0.01197
6.6087,0.011983
6.6187,0.011982
6.6287,0.012025
6.6387,0.012042
6.6487,0.012076
6.6587,0.012096
6.6687,0.012118
6.6787,0.012132
6.6887,0.012157
6.6987,0.012191
6.7087,0.012211
6.7187,0.012231
6.7287,0.012262
6.7387,0.012282
6.7487,0.012314
6.7587,0.012363
6.7687,0.012394
6.7787,0.012427
6.7887,0.012469
6.7987,0.012509
6.8087,0.012543
6.8187,0.012569
6.8287,0.012604
6.8387,0.012639
6.8487,0.012668
6.8587,0.012702
6.8687,0.012715
6.8787,0.012753
6.8887,0.012786
6.8986,0.012813
6.9086,0.012844
6.9186,0.012884
6.9286,0.012927
6.9386,0.012973
6.9486,0.013017
6.9586,0.013051
6.9686,0.013096
6.9786,0.013142
6.9886,0.013181
6.9986,0.013222
7.0086,0.013272
7.0186,0.013315
7.0286,0.013361
7.0386,0.013401
7.0486,0.013451
7.0586,0.013495
7.0686,0.013537
7.0786,0.013579
7.0886,0.013623
7.0986,0.013665
7.1086,0.013708
7.1186,0.013748
7.1286,0.013785
7.1386,0.013821
7.1486,0.013854
7.1586,0.013893
7.1686,0.013938
7.1786,0.013982
7.1886,0.014023
7.1986,0.014063
7.2086,0.014103
7.2186,0.014141
7.2286,0.014179
7.2386,0.014225
7.2486,0.014271
7.2586,0.014313
7.2686,0.014364
7.2786,0.014417
7.2886,0.014469
7.2986,0.014524
7.3086,0.014571
7.3186,0.01462
7.3286,0.01468
7.3386,0.014732
7.3486,0.014782
7.3586,0.014833
7.3686,0.014877
7.3786,0.014924
7.3886,0.014963
7.3986,0.015007
7.4085,0.01505
7.4185,0.015078
7.4285,0.015112
7.4385,0.015139
7.4485,0.015165
7.4585,0.015202
7.4685,0.015242
7.4785,0.015286
7.4885,0.015324
7.4985,0.01537
7.5085,0.015409
7.5185,0.015459
7.5285,0.015513
7.5385,0.015557
7.5485,0.0156
7.5585,0.015644
7.5685,0.015697
7.5785,0.015738
7.5885,0.015773
7.5985,0.01582
7.6085,0.015871
7.6185,0.015921
7.6285,0.015955
7.6385,0.01598
7.6485,0.016017
7.6585,0.016051
7.6685,0.016093
7.6785,0.016125
7.6885,0.016153
7.6985,0.016188
7.7085,0.016215
7.7185,0.016242
7.7285,0.016264
7.7385,0.016285
7.7485,0.01631
7.7585,0.016334
7.7685,0.016367
7.7785,0.016401
7.7885,0.016437
7.7985,0.016474
7.8085,0.016509
7.8185,0.016549
7.8285,0.016593
7.8385,0.016636
7.8485,0.01667
7.8585,0.016703
7.8685,0.016745
7.8785,0.016787
7.8885,0.016837
7.8985,0.016877
7.9085,0.016912
7.9184,0.016946
7.9284,0.016979
7.9384,0.017023
7.9484,0.017062
7.9584,0.017097
7.9684,0.017126
7.9784,0.017151
7.9884,0.01719
7.9984,0.017223
8.0084,0.017263
8.0184,0.017309
8.0284,0.017342
8.0384,0.017376
8.0484,0.017409
8.0584,0.017439
8.0684,0.017464
8.0784,0.017492
8.0884,0.017524
8.0984,0.017556
8.1084,0.017584
8.1184,0.017604
8.1284,0.017633
8.1384,0.017659
8.1484,0.017682
8.1584,0.017706
8.1684,0.017725
8.1784,0.017747
8.1884,0.017773
8.1984,0.017797
8.2084,0.017816
8.2184,0.017832
8.2284,0.017846
8.2384,0.017862
8.2484,0.017879
8.2584,0.017882
8.2684,0.017899
8.2784,0.017914
8.2884,0.017927
8.2984,0.017948
8.3084,0.01797
8.3184,0.017996
8.3284,0.018015
8.3384,0.01803
8.3484,0.018048
8.3584,0.018055
8.3684,0.018067
8.3784,0.01808
8.3884,0.018081
8.3984,0.018082
8.4084,0.018091
8.4184,0.018096
8.4283,0.018097
8.4383,0.018101
8.4483,0.018115
8.4583,0.018132
8.4683,0.018145
8.4783,0.018147
8.4883,0.018151
8.4983,0.018157
8.5083,0.018161
8.5183,0.018153
8.5283,0.018147
8.5383,0.018146
8.5483,0.018154
8.5583,0.018158
8.5683,0.018152
8.5783,0.018145
8.5883,0.018145
8.5983,0.018142
8.6083,0.018148
8.6183,0.01815
8.6283,0.018139
8.6383,0.018138
8.6483,0.018132
8.6583,0.018116
8.6683,0.018114
8.6783,0.018115
8.6883,0.018117
8.6983,0.018113
8.7083,0.018119
8.7183,0.018121
8.7283,0.018113
8.7383,0.018096
8.7483,0.018086
8.7583,0.018071
8.7683,0.01805
8.7783,0.018042
8.7883,0.018038
8.7983,0.01803
8.8083,0.018018
8.8183,0.018007
8.8283,0.018006
8.8383,0.017994
8.8483,0.017977
8.8583,0.017964
8.8683,0.017949
8.8783,0.017934
8.8883,0.017915
8.8983,0.017892
8.9083,0.01788
8.9183,0.017875
8.9283,0.017855
8.9382,0.017837
8.9482,0.017813
8.9582,0.017787
8.9682,0.01777
8.9782,0.017758
8.9882,0.017754
8.9982,0.01775
9.0082,0.017743
9.0182,0.017736
9.0282,0.017725
9.0382,0.017713
9.0482,0.017712
9.0582,0.017712
9.0682,0.017712
9.0782,0.017713
9.0882,0.017709
9.0982,0.017701
9.1082,0.017689
9.1182,0.017687
9.1282,0.01768
9.1382,0.01766
9.1482,0.017643
9.1582,0.017622
9.1682,0.017604
9.1782,0.017575
9.1882,0.017554
9.1982,0.017544
9.2082,0.017527
9.2182,0.017521
9.2282,0.017523
9.2382,0.017523
9.2482,0.017514
9.2582,0.017503
9.2682,0.017489
9.2782,0.01747
9.2882,0.017454
9.2982,0.017441
9.3082,0.017433
9.3182,0.01741
9.3282,0.017383
9.3382,0.017347
9.3482,0.017309
9.3582,0.017278
9.3682,0.017245
9.3782,0.017213
9.3882,0.017182
9.3982,0.017156
9.4082,0.017124
9.4182,0.017084
9.4282,0.017033
9.4382,0.016993
9.4481,0.016952
9.4581,0.0169
9.4681,0.016849
9.4781,0.016792
9.4881,0.016731
9.4981,0.016674
9.5081,0.016622
9.5181,0.01658
9.5281,0.01653
9.5381,0.01647
9.5481,0.016405
9.5581,0.01634
9.5681,0.016277
9.5781,0.016206
9.5881,0.016133
9.5981,0.016056
9.6081,0.015974
9.6181,0.015885
9.6281,0.015795
9.6381,0.015699
9.6481,0.015606
9.6581,0.015507
9.6681,0.015405
9.6781,0.015298
9.6881,0.015184
9.6981,0.015073
9.7081,0.014966
9.7181,0.014849
9.7281,0.014723
9.7381,0.0146
9.7481,0.014466
9.7581,0.014337
9.7681,0.014204
9.7781,0.014076
9.7881,0.013932
9.7981,0.013794
9.8081,0.013671
9.8181,0.013545
9.8281,0.013416
9.8381,0.013293
9.8481,0.013177
9.8581,0.013059
9.8681,0.012938
9.8781,0.012821
9.8881,0.012703
9.8981,0.012583
9.9081,0.012468
9.9181,0.012345
9.9281,0.01222
9.9381,0.0121
9.9481,0.011984
9.9581,0.011864
9.968,0.011755
9.978,0.011652
9.988,0.011548
9.998,0.011451
10.008,0.011366
10.018,0.011287
10.028,0.011217
10.038,0.011156
10.048,0.011104
10.058,0.011054
10.068,0.011013
10.078,0.01097
10.088,0.010942
10.098,0.010926
10.108,0.010912
10.118,0.010908
10.128,0.010917
10.138,0.010931
10.148,0.010956
10.158,0.010985
10.168,0.011024
10.178,0.011082
10.188,0.011146
10.198,0.011216
10.208,0.011297
10.218,0.011383
10.228,0.011467
10.238,0.011572
10.248,0.011678
10.258,0.011778
10.268,0.01189
10.278,0.012012
10.288,0.012148
10.298,0.012292
10.308,0.012449
10.318,0.012607
10.328,0.012776
10.338,0.012947
10.348,0.013124
10.358,0.013302
10.368,0.013489
10.378,0.013681
10.388,0.013873
10.398,0.014076
10.408,0.014283
10.418,0.014493
10.428,0.014692
10.438,0.0149
10.448,0.01511
10.458,0.015327
10.468,0.015549
10.478,0.015781
10.488,0.016001
10.498,0.016212
10.508,0.016427
10.518,0.016648
10.528,0.016867
10.538,0.017075
10.548,0.017277
10.558,0.017475
10.568,0.017673
10.578,0.017867
10.588,0.018055
10.598,0.018246
10.608,0.018426
10.618,0.018607
10.628,0.018789
10.638,0.018963
10.648,0.01913
10.658,0.019302
10.668,0.01947
10.678,0.019625
10.688,0.019771
10.698,0.019917
10.708,0.020068
10.718,0.020213
10.728,0.020351
10.738,0.020487
10.748,0.020617
10.758,0.020737
10.768,0.020844
10.778,0.020949
10.788,0.021052
10.798,0.021139
10.808,0.021227
10.818,0.021306
10.828,0.021375
10.838,0.021443
10.848,0.021512
10.858,0.021563
10.868,0.021606
10.878,0.021645
10.888,0.021677
10.898,0.021703
10.908,0.021732
10.918,0.021749
10.928,0.021758
10.938,0.021765
10.948,0.021769
10.958,0.021761
10.968,0.021755
10.978,0.021742
10.988,0.021717
10.998,0.02169
11.008,0.021658
11.018,0.021625
11.028,0.021584
11.038,0.021536
11.048,0.021487
11.058,0.021432
11.068,0.021376
11.078,0.021317
11.088,0.021256
11.098,0.021177
11.108,0.021104
11.118,0.02102
11.128,0.020927
11.138,0.020825
11.148,0.020731
11.158,0.020631
11.168,0.020517
11.178,0.020398
11.188,0.02028
11.198,0.020153
11.208,0.020021
11.218,0.019884
11.228,0.01975
11.238,0.019613
11.248,0.019474
11.258,0.019326
11.268,0.019175
11.278,0.01903
11.288,0.018881
11.298,0.01872
11.308,0.01855
11.318,0.018378
11.328,0.01821
11.338,0.018044
11.348,0.017885
11.358,0.017716
11.368,0.017539
11.378,0.017363
11.388,0.017186
11.398,0.016997
11.408,0.016807
11.418,0.016618
11.428,0.016432
11.438,0.016237
11.448,0.01604
11.458,0.015841
11.468,0.015643
11.478,0.015445
11.488,0.015236
11.498,0.015025
11.508,0.014815
11.518,0.014612
11.528,0.014403
11.538,0.014192
11.548,0.013975
11.558,0.013759
11.568,0.013555
11.578,0.013347
11.588,0.013132
11.598,0.012924
11.608,0.012719
11.618,0.012505
11.628,0.012304
11.638,0.012106
11.648,0.011898
11.658,0.011696
11.668,0.011498
11.678,0.011306
11.688,0.011117
11.698,0.010927
11.708,0.010738
11.718,0.01055
11.728,0.010376
11.738,0.010209
11.748,0.010037
11.758,0.0098502
11.768,0.0096725
11.778,0.0094946
11.788,0.0093144
11.798,0.0091411
11.808,0.0089696
11.818,0.0088046
11.828,0.0086365
11.838,0.0084749
11.848,0.008321
11.858,0.0081699
11.868,0.0080194
11.878,0.0078693
11.888,0.0077264
11.898,0.0075805
11.908,0.0074375
11.918,0.0072961
11.928,0.0071555
11.938,0.0070252
11.948,0.0068983
11.958,0.0067622
11.968,0.0066317
11.978,0.006495
11.988,0.0063671
11.998,0.0062403
12.008,0.0061203
12.018,0.0060035
12.028,0.0058866
12.038,0.0057776
12.048,0.0056652
12.058,0.0055501
12.068,0.0054344
12.078,0.0053202
12.088,0.0051981
12.098,0.0050699
12.108,0.0049557
12.118,0.0048504
12.128,0.004745
12.138,0.0046351
12.148,0.004525
12.158,0.0044115
12.168,0.0043056
12.178,0.0041951
12.188,0.0040895
12.198,0.0039908
12.208,0.0038986
12.218,0.0038087
12.228,0.0037231
12.238,0.0036367
12.248,0.0035515
12.258,0.0034669
12.268,0.0033842
12.278,0.003306
12.288,0.0032292
12.298,0.0031492
12.308,0.0030735
12.318,0.0029935
12.328,0.0029221
12.338,0.0028557
12.348,0.0027874
12.358,0.0027235
12.368,0.002655
12.378,0.0025843
12.388,0.0025222
12.398,0.0024658
12.408,0.0024118
12.418,0.0023603
12.428,0.0023208
12.438,0.0022835
12.448,0.002246
12.458,0.0021994
12.468,0.0021627
12.478,0.0021314
12.488,0.0020914
12.498,0.002054
12.508,0.0020213
12.518,0.0019953
12.528,0.0019705
12.538,0.0019433
12.548,0.0019156
12.558,0.0018901
12.568,0.0018724
12.578,0.0018499
12.588,0.0018302
12.598,0.0018151
12.608,0.0018259
12.618,0.0018304
12.628,0.0018294
12.638,0.0018219
12.648,0.001817
12.658,0.0018139
12.668,0.0018078
12.678,0.0018011
12.688,0.0018002
12.698,0.0018062
12.708,0.0018015
12.718,0.0017845
12.728,0.001786
12.738,0.001795
12.748,0.0018002
12.758,0.0018067
12.767,0.0018168
12.777,0.0018273
12.787,0.0018368
12.797,0.0018479
12.807,0.0018548
12.817,0.0018664
12.827,0.0018834
12.837,0.0018951
12.847,0.0019039
12.857,0.0019199
12.867,0.0019334
12.877,0.0019479
12.887,0.0019674
12.897,0.0019929
12.907,0.0020196
12.917,0.0020564
12.927,0.002102
12.937,0.0021462
12.947,0.0021883
12.957,0.0022407
12.967,0.0022911
12.977,0.002342
12.987,0.0023975
12.997,0.0024552
13.007,0.0025187
13.017,0.0025949
13.027,0.0026748
13.037,0.0027505
13.047,0.0028252
13.057,0.0029011
13.067,0.0029777
13.077,0.0030557
13.087,0.0031365
13.097,0.0032167
13.107,0.0033009
13.117,0.0033863
13.127,0.0034691
13.137,0.0035604
13.147,0.0036579
13.157,0.0037581
13.167,0.0038539
13.177,0.0039469
13.187,0.0040422
13.197,0.0041419
13.207,0.0042484
13.217,0.0043555
13.227,0.0044656
13.237,0.0045727
13.247,0.0046778
13.257,0.0047791
13.267,0.0048702
13.277,0.004965
13.287,0.005055
13.297,0.0051434
13.307,0.0052265
13.317,0.0053082
13.327,0.0053838
13.337,0.0054594
13.347,0.0055348
13.357,0.0056059
13.367,0.0056816
13.377,0.0057554
13.387,0.0058169
13.397,0.0058705
13.407,0.0059327
13.417,0.0059828
13.427,0.006021
13.437,0.0060567
13.447,0.0061037
13.457,0.006146
13.467,0.006191
13.477,0.006222
13.487,0.0062572
13.497,0.0062978
13.507,0.0063427
13.517,0.0063869
13.527,0.0064335
13.537,0.0064834
13.547,0.0065344
13.557,0.0065932
13.567,0.0066582
13.577,0.0067285
13.587,0.0068091
13.597,0.0069014
13.607,0.0069973
13.617,0.0071018
13.627,0.0072089
13.637,0.0073278
13.647,0.0074675
13.657,0.0076261
13.667,0.0077954
13.677,0.0079773
13.687,0.0081761
13.697,0.0084007
13.707,0.0086561
13.717,0.0089272
13.727,0.0092139
13.737,0.0095232
13.747,0.0098596
13.757,0.010223
13.767,0.010606
13.777,0.01101
13.787,0.011441
13.797,0.011906
13.807,0.012394
13.817,0.012916
13.827,0.013463
13.837,0.014028
13.847,0.014617
13.857,0.015234
13.867,0.015876
13.877,0.016546
13.887,0.017224
13.897,0.01793
13.907,0.018655
13.917,0.019392
13.927,0.02015
13.937,0.020927
13.947,0.021712
13.957,0.022508
13.967,0.023296
13.977,0.024091
13.987,0.024894
13.997,0.025682
14.007,0.026459
14.017,0.027214
14.027,0.027959
14.037,0.028686
14.047,0.029383
14.057,0.030052
14.067,0.030696
14.077,0.031311
14.087,0.031887
14.097,0.032412
14.107,0.032883
14.117,0.033308
14.127,0.033688
14.137,0.034014
14.147,0.034277
14.157,0.034474
14.167,0.034613
14.177,0.034679
14.187,0.034676
14.197,0.034596
14.207,0.034435
14.217,0.034198
14.227,0.03388
14.237,0.033481
14.247,0.032993
14.257,0.032432
14.267,0.031784
14.277,0.031049
14.287,0.03022
14.297,0.029316
14.307,0.028325
14.317,0.027228
14.327,0.026041
14.337,0.024766
14.347,0.023422
14.357,0.022017
14.367,0.020536
14.377,0.018956
14.387,0.017316
14.397,0.015605
14.407,0.013838
14.417,0.012015
14.427,0.010128
14.437,0.0081876
14.447,0.0062173
14.457,0.0042054
14.467,0.0021214
14.477,1.7712e-005
14.487,-0.0021133
14.497,-0.0042502
14.507,-0.0064172
14.517,-0.0085864
14.527,-0.010743
14.537,-0.01291
14.547,-0.015148
14.557,-0.017393
14.567,-0.019618
14.577,-0.021836
14.587,-0.024019
14.597,-0.026168
14.607,-0.028295
14.617,-0.030401
14.627,-0.032482
14.637,-0.034524
14.647,-0.036531
14.657,-0.038537
14.667,-0.040475
14.677,-0.042365
14.687,-0.044224
14.697,-0.046041
14.707,-0.047831
14.717,-0.049565
14.727,-0.051221
14.737,-0.052879
14.747,-0.054533
14.757,-0.056052
14.767,-0.057537
14.777,-0.058984
14.787,-0.060349
14.797,-0.061637
14.807,-0.062894
14.817,-0.064115
14.827,-0.06526
14.837,-0.06634
14.847,-0.067372
14.857,-0.068373
14.867,-0.069336
14.877,-0.070262
14.887,-0.071158
14.897,-0.07204
14.907,-0.072891
14.917,-0.073713
14.927,-0.074515
14.937,-0.075298
14.947,-0.076076
14.957,-0.07684
14.967,-0.077587
14.977,-0.078327
14.987,-0.079063
14.997,-0.079789
15.007,-0.080548
15.017,-0.081317
15.027,-0.082072
15.037,-0.082858
15.047,-0.083655
15.057,-0.084435
15.067,-0.085233
15.077,-0.086046
15.087,-0.086861
15.097,-0.087702
15.107,-0.088558
15.117,-0.089396
15.127,-0.090282
15.137,-0.091178
15.147,-0.092092
15.157,-0.093014
15.167,-0.093931
15.177,-0.094838
15.187,-0.095744
15.197,-0.096643
15.207,-0.097535
15.217,-0.098398
15.227,-0.099267
15.237,-0.10011
15.247,-0.10092
15.257,-0.10172
15.267,-0.10251
15.277,-0.10328
15.287,-0.10402
15.297,-0.10473
15.307,-0.10541
15.317,-0.10607
15.327,-0.10668
15.337,-0.10725
15.347,-0.10778
15.357,-0.10826
15.367,-0.10868
15.377,-0.10906
15.387,-0.10936
15.397,-0.10961
15.407,-0.10979
15.417,-0.10992
15.427,-0.10996
15.437,-0.10994
15.447,-0.10984
15.457,-0.10966
15.467,-0.10941
15.477,-0.10909
15.487,-0.10871
15.497,-0.10826
15.507,-0.10774
15.517,-0.10716
15.527,-0.10651
15.537,-0.1058
15.547,-0.10504
15.557,-0.10424
15.567,-0.10338
15.577,-0.10247
15.587,-0.10153
15.597,-0.10056
15.607,-0.099519
15.617,-0.098448
15.627,-0.097363
15.637,-0.096247
15.647,-0.095086
15.657,-0.093928
15.667,-0.092795
15.677,-0.091648
15.687,-0.090494
15.697,-0.089337
15.707,-0.088274
15.717,-0.087196
15.727,-0.086161
15.737,-0.085165
15.747,-0.084194
15.757,-0.083247
15.767,-0.082338
15.777,-0.081489
15.787,-0.080734
15.797,-0.080051
15.807,-0.079433
15.817,-0.078894
15.827,-0.078421
15.837,-0.078034
15.847,-0.077754
15.857,-0.077592
15.867,-0.077529
15.877,-0.077594
15.887,-0.077758
15.897,-0.078041
15.907,-0.078453
15.917,-0.078989
15.927,-0.079659
15.937,-0.080449
15.947,-0.081353
15.957,-0.082372
15.967,-0.083546
15.977,-0.084863
15.987,-0.086316
15.997,-0.087896
16.007,-0.089611
16.017,-0.091443
16.027,-0.093415
16.037,-0.095522
16.047,-0.097728
16.057,-0.10005
16.067,-0.10248
16.077,-0.10501
16.087,-0.10765
16.097,-0.1104
16.107,-0.11328
16.117,-0.11628
16.127,-0.11942
16.137,-0.12266
16.147,-0.12603
16.157,-0.12948
16.167,-0.13309
16.177,-0.13684
16.187,-0.14067
16.197,-0.14463
16.207,-0.14866
16.217,-0.15275
16.227,-0.15693
16.237,-0.1612
16.247,-0.16559
16.257,-0.17004
16.267,-0.17461
16.277,-0.17934
16.287,-0.18412
16.297,-0.18897
16.307,-0.19392
16.317,-0.19895
16.327,-0.20408
16.337,-0.20931
16.347,-0.21468
16.357,-0.22013
16.367,-0.2257
16.377,-0.23133
16.387,-0.23705
16.397,-0.24283
16.407,-0.24873
16.417,-0.2547
16.427,-0.26077
16.437,-0.26696
16.447,-0.27327
16.457,-0.27962
16.467,-0.28599
16.477,-0.2925
16.487,-0.29919
16.497,-0.30601
16.507,-0.31284
16.517,-0.31974
16.527,-0.32663
16.537,-0.33345
16.547,-0.34031
16.557,-0.34724
16.567,-0.35417
16.577,-0.36108
16.587,-0.36801
16.597,-0.37501
16.607,-0.38196
16.617,-0.3889
16.627,-0.39584
16.637,-0.40284
16.647,-0.40979
16.657,-0.41672
16.667,-0.42368
16.677,-0.43061
16.687,-0.43749
16.697,-0.44437
16.707,-0.45119
16.717,-0.458
16.727,-0.46482
16.737,-0.47154
16.747,-0.47822
16.757,-0.48491
16.767,-0.49152
16.777,-0.4981
16.787,-0.50465
16.797,-0.51118
16.807,-0.51771
16.817,-0.52415
16.827,-0.53055
16.837,-0.53692
16.847,-0.54326
16.857,-0.5496
16.867,-0.55596
16.877,-0.56226
16.887,-0.56851
16.897,-0.57474
16.907,-0.58098
16.917,-0.5872
16.927,-0.59335
16.937,-0.5995
16.947,-0.60565
16.957,-0.61179
16.967,-0.61798
16.977,-0.62425
16.987,-0.63049
16.997,-0.63675
17.007,-0.64307
17.017,-0.64945
17.027,-0.6559
17.037,-0.66236
17.047,-0.66884
17.057,-0.67539
17.067,-0.68198
17.077,-0.6887
17.087,-0.69552
17.097,-0.70244
17.107,-0.70948
17.117,-0.71665
17.127,-0.72393
17.137,-0.73136
17.147,-0.73893
17.157,-0.7467
17.167,-0.7546
17.177,-0.76268
17.187,-0.77102
17.197,-0.77958
17.207,-0.78833
17.217,-0.79728
17.227,-0.80646
17.237,-0.81587
17.247,-0.82552
17.257,-0.83534
17.267,-0.8454
17.277,-0.85568
17.287,-0.86625
17.297,-0.87711
17.307,-0.88821
17.317,-0.89956
17.327,-0.91122
17.337,-0.92318
17.347,-0.93536
17.357,-0.94783
17.367,-0.96058
17.377,-0.97368
17.387,-0.98711
17.397,-1.0008
17.407,-1.0147
17.417,-1.0289
17.427,-1.0433
17.437,-1.0579
17.447,-1.0728
17.457,-1.0878
17.467,-1.1031
17.477,-1.1185
17.487,-1.1343
17.497,-1.1503
17.507,-1.1663
17.517,-1.1825
17.527,-1.1989
17.537,-1.2154
17.547,-1.232
17.557,-1.2489
17.567,-1.2658
17.577,-1.2826
17.587,-1.2995
17.597,-1.3163
17.607,-1.3331
17.617,-1.3498
17.627,-1.3664
17.637,-1.3827
17.647,-1.3989
17.657,-1.415
17.667,-1.4307
17.677,-1.446
17.687,-1.4609
17.697,-1.4754
17.707,-1.4895
17.717,-1.5031
17.727,-1.5161
17.737,-1.5284
17.747,-1.54
17.757,-1.5508
17.767,-1.5609
17.777,-1.57
17.787,-1.5782
17.797,-1.5853
17.807,-1.5915
17.817,-1.5965
17.827,-1.6005
17.837,-1.6032
17.847,-1.6046
17.857,-1.6047
17.867,-1.6035
17.876,-1.6008
17.886,-1.5967
17.896,-1.5911
17.906,-1.5838
17.916,-1.575
17.926,-1.5644
17.936,-1.5521
17.946,-1.5381
17.956,-1.5222
17.966,-1.5045
17.976,-1.4849
17.986,-1.4634
17.996,-1.44
18.006,-1.4146
18.016,-1.3871
18.026,-1.3576
18.036,-1.3261
18.046,-1.2926
18.056,-1.257
18.066,-1.2193
18.076,-1.1795
18.086,-1.1374
18.096,-1.0933
18.106,-1.0473
18.116,-0.9993
18.126,-0.94943
18.136,-0.89738
18.146,-0.8436
18.156,-0.78742
18.166,-0.72921
18.176,-0.6692
18.186,-0.60719
18.196,-0.543
18.206,-0.47756
18.216,-0.41054
18.226,-0.3415
18.236,-0.2708
18.246,-0.19906
18.256,-0.12621
18.266,-0.052264
18.276,0.022746
18.286,0.098375
18.296,0.17508
18.306,0.25337
18.316,0.3328
18.326,0.41216
18.336,0.49277
18.346,0.57362
18.356,0.65425
18.366,0.73492
18.376,0.816
18.386,0.89708
18.396,0.97714
18.406,1.0565
18.416,1.1348
18.426,1.213
18.436,1.2907
18.446,1.367
18.456,1.4417
18.466,1.5153
18.476,1.5875
18.486,1.6586
18.496,1.728
18.506,1.7956
18.516,1.8625
18.526,1.9279
18.536,1.9916
18.546,2.0531
18.556,2.1136
18.566,2.1719
18.576,2.228
18.586,2.2825
18.596,2.3354
18.606,2.3865
18.616,2.4354
18.626,2.4825
18.636,2.5277
18.646,2.5709
18.656,2.6118
18.666,2.651
18.676,2.6882
18.686,2.7236
18.696,2.7568
18.706,2.7881
18.716,2.8172
18.726,2.8444
18.736,2.8696
18.746,2.8929
18.756,2.9144
18.766,2.9339
18.776,2.9513
18.786,2.9669
18.796,2.9807
18.806,2.9925
18.816,3.0025
18.826,3.0107
18.836,3.0171
18.846,3.0217
18.856,3.0246
18.866,3.0258
18.876,3.0253
18.886,3.0231
18.896,3.0194
18.906,3.014
18.916,3.0071
18.926,2.9987
18.936,2.9889
18.946,2.9776
18.956,2.965
18.966,2.951
18.976,2.9355
18.986,2.9189
18.996,2.901
19.006,2.882
19.016,2.8617
19.026,2.8404
19.036,2.818
19.046,2.7944
19.056,2.7699
19.066,2.7445
19.076,2.718
19.086,2.6909
19.096,2.6628
19.106,2.6341
19.116,2.6044
19.126,2.574
19.136,2.5431
19.146,2.5116
19.156,2.4792
19.166,2.4462
19.176,2.4127
19.186,2.3789
19.196,2.3446
19.206,2.3096
19.216,2.2744
19.226,2.239
19.236,2.2031
19.246,2.167
19.256,2.1309
19.266,2.0946
19.276,2.0581
19.286,2.0212
19.296,1.9843
19.306,1.9476
19.316,1.9108
19.326,1.8739
19.336,1.8373
19.346,1.8009
19.356,1.7644
19.366,1.7282
19.376,1.6921
19.386,1.6561
19.396,1.62
19.406,1.5842
19.416,1.5487
19.426,1.5137
19.436,1.4789
19.446,1.4446
19.456,1.4105
19.466,1.3767
19.476,1.3433
19.486,1.3103
19.496,1.2775
19.506,1.2451
19.516,1.2133
19.526,1.1818
19.536,1.1506
19.546,1.1199
19.556,1.0898
19.566,1.06
19.576,1.0305
19.586,1.0013
19.596,0.9725
19.606,0.94431
19.616,0.91644
19.626,0.88914
19.636,0.86238
19.646,0.8359
19.656,0.80983
19.666,0.78416
19.676,0.75887
19.686,0.73388
19.696,0.70921
19.706,0.68499
19.716,0.66123
19.726,0.63766
19.736,0.61442
19.746,0.59141
19.756,0.56874
19.766,0.54638
19.776,0.52424
19.786,0.50241
19.796,0.48081
19.806,0.45937
19.816,0.43824
19.826,0.41744
19.836,0.39691
19.846,0.37658
19.856,0.35646
19.866,0.33662
19.876,0.317
19.886,0.29756
19.896,0.27836
19.906,0.25933
19.916,0.24045
19.926,0.22178
19.936,0.20325
19.946,0.18503
19.956,0.16699
19.966,0.14919
19.976,0.13161
19.986,0.11415
19.996,0.096841
20.006,0.079687
20.016,0.062737
20.026,0.046028
20.036,0.0296
20.046,0.013429
20.056,-0.0025541
20.066,-0.018398
20.076,-0.033905
20.086,-0.04916
20.096,-0.064263
20.106,-0.079057
20.116,-0.09362
20.126,-0.10787
20.136,-0.12188
20.146,-0.1356
20.156,-0.14901
20.166,-0.16217
20.176,-0.1751
20.186,-0.1877
20.196,-0.19996
20.206,-0.21193
20.216,-0.22365
20.226,-0.23499
20.236,-0.24598
20.246,-0.25677
20.256,-0.26726
20.266,-0.27748
20.276,-0.28737
20.286,-0.29696
20.296,-0.30626
20.306,-0.31528
20.316,-0.32396
20.326,-0.33241
20.336,-0.34062
20.346,-0.34857
20.356,-0.35629
20.366,-0.36374
20.376,-0.37096
20.386,-0.3779
20.396,-0.38465
20.406,-0.39117
20.416,-0.39746
20.426,-0.40354
20.436,-0.40945
20.446,-0.41519
20.456,-0.42076
20.466,-0.42616
20.476,-0.43139
20.486,-0.43648
20.496,-0.44142
20.506,-0.44619
20.516,-0.45084
20.526,-0.45539
20.536,-0.45985
20.546,-0.46419
20.556,-0.46844
20.566,-0.4726
20.576,-0.4767
20.586,-0.48073
20.596,-0.48465
20.606,-0.4885
20.616,-0.49229
20.626,-0.49603
20.636,-0.49975
20.646,-0.50338
20.656,-0.50696
20.666,-0.51053
20.676,-0.51404
20.686,-0.51753
20.696,-0.52096
20.706,-0.52432
20.716,-0.52766
20.726,-0.53095
20.736,-0.53421
20.746,-0.53743
20.756,-0.5406
20.766,-0.54372
20.776,-0.5468
20.786,-0.54982
20.796,-0.55281
20.806,-0.55573
20.816,-0.55862
20.826,-0.56144
20.836,-0.56419
20.846,-0.56688
20.856,-0.56951
20.866,-0.57207
20.876,-0.57456
20.886,-0.57696
20.896,-0.57926
20.906,-0.58149
20.916,-0.58362
20.926,-0.58565
20.936,-0.58757
20.946,-0.58939
20.956,-0.5911
20.966,-0.59269
20.976,-0.59418
20.986,-0.59552
20.996,-0.59676
21.006,-0.59786
21.016,-0.59882
21.026,-0.59964
21.036,-0.60031
21.046,-0.60084
21.056,-0.60122
21.066,-0.60143
21.076,-0.60148
21.086,-0.60137
21.096,-0.6011
21.106,-0.60066
21.116,-0.60005
21.126,-0.59927
21.136,-0.59832
21.146,-0.59719
21.156,-0.59588
21.166,-0.59439
21.176,-0.59273
21.186,-0.5909
21.196,-0.58887
21.206,-0.58668
21.216,-0.58432
21.226,-0.58179
21.236,-0.57907
21.246,-0.57618
21.256,-0.57313
21.266,-0.56992
21.276,-0.56655
21.286,-0.56302
21.296,-0.55934
21.306,-0.55552
21.316,-0.55154
21.326,-0.54743
21.336,-0.54319
21.346,-0.53881
21.356,-0.53433
21.366,-0.52972
21.376,-0.52502
21.386,-0.52021
21.396,-0.51533
21.406,-0.51036
21.416,-0.50532
21.426,-0.50019
21.436,-0.49499
21.446,-0.48977
21.456,-0.48452
21.466,-0.47925
21.476,-0.47399
21.486,-0.4687
21.496,-0.4634
21.506,-0.45812
21.516,-0.45285
21.526,-0.44759
21.536,-0.44238
21.546,-0.43726
21.556,-0.43216
21.566,-0.42713
21.576,-0.42219
21.586,-0.41731
21.596,-0.41253
21.606,-0.40786
21.616,-0.40325
21.626,-0.39877
21.636,-0.39439
21.646,-0.39014
21.656,-0.38603
21.666,-0.38205
21.676,-0.37821
21.686,-0.3745
21.696,-0.37092
21.706,-0.36747
21.716,-0.36413
21.726,-0.36097
21.736,-0.35796
21.746,-0.35507
21.756,-0.35233
21.766,-0.34971
21.776,-0.34722
21.786,-0.34487
21.796,-0.34264
21.806,-0.34053
21.816,-0.33853
21.826,-0.33664
21.836,-0.33486
21.846,-0.33318
21.856,-0.33159
21.866,-0.3301
21.876,-0.32867
21.886,-0.32733
21.896,-0.32606
21.906,-0.32485
21.916,-0.3237
21.926,-0.3226
21.936,-0.32154
21.946,-0.32053
21.956,-0.31955
21.966,-0.31859
21.976,-0.31766
21.986,-0.31674
21.996,-0.31584
22.006,-0.31494
22.016,-0.31404
22.026,-0.31314
22.036,-0.31222
22.046,-0.3113
22.056,-0.31037
22.066,-0.30942
22.076,-0.30847
22.086,-0.3075
22.096,-0.30651
22.106,-0.30551
22.116,-0.3045
22.126,-0.30347
22.136,-0.30243
22.146,-0.30137
22.156,-0.30032
22.166,-0.29925
22.176,-0.29816
22.186,-0.29707
22.196,-0.29599
22.206,-0.2949
22.216,-0.29381
22.226,-0.29272
22.236,-0.29165
22.246,-0.29058
22.256,-0.28952
22.266,-0.28848
22.276,-0.28747
22.286,-0.28649
22.296,-0.28553
22.306,-0.28459
22.316,-0.28369
22.326,-0.28282
22.336,-0.28199
22.346,-0.28117
22.356,-0.28039
22.366,-0.27964
22.376,-0.27892
22.386,-0.27823
22.396,-0.27757
22.406,-0.27693
22.416,-0.27632
22.426,-0.27573
22.436,-0.27516
22.446,-0.27461
22.456,-0.27408
22.466,-0.27354
22.476,-0.27299
22.486,-0.27243
22.496,-0.27185
22.506,-0.27125
22.516,-0.27062
22.526,-0.26996
22.536,-0.26926
22.546,-0.26852
22.556,-0.26773
22.566,-0.26686
22.576,-0.26592
22.586,-0.26491
22.596,-0.26381
22.606,-0.26262
22.616,-0.26133
22.626,-0.25992
22.636,-0.25841
22.646,-0.25677
22.656,-0.25501
22.666,-0.25311
22.676,-0.25106
22.686,-0.24887
22.696,-0.24653
22.706,-0.24407
22.716,-0.24145
22.726,-0.23867
22.736,-0.23573
22.746,-0.23264
22.756,-0.22939
22.766,-0.22597
22.776,-0.2224
22.786,-0.21867
22.796,-0.21479
22.806,-0.21073
22.816,-0.20654
22.826,-0.20218
22.836,-0.19771
22.846,-0.19308
22.856,-0.18831
22.866,-0.18342
22.876,-0.17839
22.886,-0.17324
22.896,-0.16799
22.906,-0.16267
22.916,-0.15723
22.926,-0.1517
22.936,-0.14608
22.946,-0.14041
22.956,-0.13466
22.966,-0.12885
22.976,-0.123
22.985,-0.11711
22.995,-0.11118
23.005,-0.10523
23.015,-0.099264
23.025,-0.093302
23.035,-0.087327
23.045,-0.08135
23.055,-0.075427
23.065,-0.069538
23.075,-0.063707
23.085,-0.05792
23.095,-0.052165
23.105,-0.046457
23.115,-0.040827
23.125,-0.035255
23.135,-0.029775
23.145,-0.024375
23.155,-0.019075
23.165,-0.013843
23.175,-0.0087063
23.185,-0.0037188
23.195,0.0011783
23.205,0.0059813
23.215,0.01064
23.225,0.015205
23.235,0.019634
23.245,0.023924
23.255,0.028072
23.265,0.032051
23.275,0.035898
23.285,0.0396
23.295,0.043151
23.305,0.046577
23.315,0.049863
23.325,0.05299
23.335,0.055966
23.345,0.058771
23.355,0.061432
23.365,0.063937
23.375,0.066287
23.385,0.068492
23.395,0.070537
23.405,0.072411
23.415,0.074142
23.425,0.075712
23.435,0.077125
23.445,0.078374
23.455,0.079471
23.465,0.080415
23.475,0.081199
23.485,0.081834
23.495,0.082319
23.505,0.08265
23.515,0.082836
23.525,0.082872
23.535,0.082761
23.545,0.082493
23.555,0.082087
23.565,0.081548
23.575,0.080873
23.585,0.080059
23.595,0.079111
23.605,0.078038
23.615,0.076849
23.625,0.075543
23.635,0.074126
23.645,0.072589
23.655,0.070938
23.665,0.069174
23.675,0.067299
23.685,0.065334
23.695,0.06327
23.705,0.061121
23.715,0.058876
23.725,0.05656
23.735,0.054173
23.745,0.051702
23.755,0.049149
23.765,0.046519
23.775,0.043828
23.785,0.041076
23.795,0.038277
23.805,0.035421
23.815,0.032512
23.825,0.029573
23.835,0.026608
23.845,0.02361
23.855,0.020573
23.865,0.01751
23.875,0.014456
23.885,0.011388
23.895,0.0083147
23.905,0.0052247
23.915,0.0021597
23.925,-0.00089046
23.935,-0.0039522
23.945,-0.0069997
23.955,-0.01001
23.965,-0.013012
23.975,-0.01599
23.985,-0.018921
23.995,-0.021786
24.005,-0.024642
24.015,-0.027456
24.025,-0.030223
24.035,-0.032957
24.045,-0.035638
24.055,-0.038262
24.065,-0.040824
24.075,-0.043335
24.085,-0.0458
24.095,-0.048218
24.105,-0.050565
24.115,-0.052838
24.125,-0.05505
24.135,-0.05719
24.145,-0.059246
24.155,-0.06124
24.165,-0.063153
24.175,-0.064983
24.185,-0.066742
24.195,-0.068417
24.205,-0.07002
24.215,-0.071547
24.225,-0.073008
24.235,-0.074387
24.245,-0.075691
24.255,-0.076916
24.265,-0.078062
24.275,-0.07913
24.285,-0.08014
24.295,-0.081087
24.305,-0.08197
24.315,-0.082784
24.325,-0.083537
24.335,-0.08423
24.345,-0.084862
24.355,-0.085442
24.365,-0.085971
24.375,-0.086453
24.385,-0.086894
24.395,-0.087294
24.405,-0.087651
24.415,-0.087972
24.425,-0.088261
24.435,-0.088518
24.445,-0.088753
24.455,-0.088963
24.465,-0.089152
24.475,-0.089325
24.485,-0.089489
24.495,-0.089644
24.505,-0.089794
24.515,-0.089939
24.525,-0.09009
24.535,-0.090245
24.545,-0.090407
24.555,-0.090572
24.565,-0.090753
24.575,-0.090959
24.585,-0.091178
24.595,-0.091409
24.605,-0.09166
24.615,-0.091922
24.625,-0.092211
24.635,-0.092527
24.645,-0.092862
24.655,-0.093226
24.665,-0.093612
24.675,-0.094017
24.685,-0.094439
24.695,-0.094881
24.705,-0.095344
24.715,-0.095827
24.725,-0.096326
24.735,-0.096848
24.745,-0.097386
24.755,-0.097935
24.765,-0.098496
24.775,-0.099072
24.785,-0.09967
24.795,-0.10028
24.805,-0.1009
24.815,-0.10153
24.825,-0.10216
24.835,-0.1028
24.845,-0.10345
24.855,-0.1041
24.865,-0.10475
24.875,-0.1054
24.885,-0.10606
24.895,-0.10671
24.905,-0.10736
24.915,-0.10801
24.925,-0.10866
24.935,-0.10931
24.945,-0.10996
24.955,-0.11061
24.965,-0.11125
24.975,-0.11188
24.985,-0.1125
24.995,-0.11312
25.005,-0.11373
25.015,-0.11435
25.025,-0.11497
25.035,-0.11558
25.045,-0.11619
25.055,-0.11682
25.065,-0.11744
25.075,-0.11806
25.085,-0.11868
25.095,-0.1193
25.105,-0.11993
25.115,-0.12057
25.125,-0.12121
25.135,-0.12186
25.145,-0.12252
25.155,-0.12319
25.165,-0.12387
25.175,-0.12455
25.185,-0.12523
25.195,-0.12593
25.205,-0.12663
25.215,-0.12735
25.225,-0.12807
25.235,-0.1288
25.245,-0.12956
25.255,-0.13031
25.265,-0.13108
25.275,-0.13185
25.285,-0.13264
25.295,-0.13345
25.305,-0.13427
25.315,-0.13512
25.325,-0.13596
25.335,-0.13681
25.345,-0.13767
25.355,-0.13855
25.365,-0.13944
25.375,-0.14034
25.385,-0.14123
25.395,-0.14212
25.405,-0.14303
25.415,-0.14393
25.425,-0.14483
25.435,-0.14572
25.445,-0.14661
25.455,-0.14748
25.465,-0.14834
25.475,-0.1492
25.485,-0.15003
25.495,-0.15084
25.505,-0.15165
25.515,-0.15242
25.525,-0.15317
25.535,-0.15389
25.545,-0.15458
25.555,-0.15524
25.565,-0.15586
25.575,-0.15644
25.585,-0.15699
25.595,-0.15749
25.605,-0.15794
25.615,-0.15833
25.625,-0.15868
25.635,-0.15897
25.645,-0.15921
25.655,-0.1594
25.665,-0.15951
25.675,-0.15957
25.685,-0.15958
25.695,-0.15951
25.705,-0.15938
25.715,-0.15919
25.725,-0.15892
25.735,-0.15857
25.745,-0.15816
25.755,-0.15767
25.765,-0.15711
25.775,-0.15646
25.785,-0.15574
25.795,-0.15495
25.805,-0.15408
25.815,-0.15313
25.825,-0.15211
25.835,-0.151
25.845,-0.14984
25.855,-0.14861
25.865,-0.14731
25.875,-0.14596
25.885,-0.14453
25.895,-0.14305
25.905,-0.14151
25.915,-0.1399
25.925,-0.13824
25.935,-0.13653
25.945,-0.13479
25.955,-0.13299
25.965,-0.13115
25.975,-0.12927
25.985,-0.12736
25.995,-0.12543
26.005,-0.12349
26.015,-0.12152
26.025,-0.11954
26.035,-0.11755
26.045,-0.11554
26.055,-0.11354
26.065,-0.11156
26.075,-0.10959
26.085,-0.10762
26.095,-0.10566
26.105,-0.10371
26.115,-0.10178
26.125,-0.09987
26.135,-0.09798
26.145,-0.096126
26.155,-0.09431
26.165,-0.092526
26.175,-0.090785
26.185,-0.089087
26.195,-0.087446
26.205,-0.08586
26.215,-0.08432
26.225,-0.082825
26.235,-0.081382
26.245,-0.08
26.255,-0.078681
26.265,-0.077404
26.275,-0.076186
26.285,-0.075031
26.295,-0.073935
26.305,-0.072902
26.315,-0.07194
26.325,-0.071046
26.335,-0.070204
26.345,-0.069424
26.355,-0.068702
26.365,-0.068044
26.375,-0.067446
26.385,-0.066902
26.395,-0.066411
26.405,-0.065977
26.415,-0.065595
26.425,-0.065268
26.435,-0.064991
26.445,-0.06476
26.455,-0.064581
26.465,-0.064456
26.475,-0.064374
26.485,-0.064327
26.495,-0.064317
26.505,-0.064342
26.515,-0.064401
26.525,-0.064489
26.535,-0.0646
26.545,-0.064742
26.555,-0.064911
26.565,-0.065103
26.575,-0.065308
26.585,-0.065518
26.595,-0.065752
26.605,-0.065986
26.615,-0.066213
26.625,-0.066439
26.635,-0.066663
26.645,-0.066886
26.655,-0.067103
26.665,-0.067305
26.675,-0.067501
26.685,-0.067681
26.695,-0.067836
26.705,-0.067966
26.715,-0.068077
26.725,-0.068163
26.735,-0.068217
26.745,-0.068235
26.755,-0.06822
26.765,-0.068168
26.775,-0.068074
26.785,-0.067936
26.795,-0.067753
26.805,-0.067533
26.815,-0.067273
26.825,-0.066966
26.835,-0.066611
26.845,-0.066202
26.855,-0.065741
26.865,-0.065234
26.875,-0.064673
26.885,-0.064059
26.895,-0.063399
26.905,-0.062691
26.915,-0.061937
26.925,-0.061137
26.935,-0.060288
26.945,-0.059395
26.955,-0.058463
26.965,-0.057486
26.975,-0.056459
26.985,-0.055395
26.995,-0.05429
27.005,-0.053145
27.015,-0.051966
27.025,-0.050763
27.035,-0.049533
27.045,-0.048275
27.055,-0.046993
27.065,-0.04569
27.075,-0.044372
27.085,-0.04304
27.095,-0.041697
27.105,-0.040335
27.115,-0.038976
27.125,-0.037619
27.135,-0.036262
27.145,-0.034915
27.155,-0.033569
27.165,-0.032232
27.175,-0.030907
27.185,-0.029599
27.195,-0.028314
27.205,-0.027047
27.215,-0.025807
27.225,-0.024609
27.235,-0.023439
27.245,-0.022308
27.255,-0.021208
27.265,-0.020162
27.275,-0.019171
27.285,-0.018222
27.295,-0.017322
27.305,-0.016468
27.315,-0.015665
27.325,-0.014916
27.335,-0.014222
27.345,-0.013578
27.355,-0.012996
27.365,-0.012469
27.375,-0.012003
27.385,-0.011597
27.395,-0.011256
27.405,-0.010971
27.415,-0.010746
27.425,-0.010581
27.435,-0.010471
27.445,-0.010422
27.455,-0.010428
27.465,-0.010488
27.475,-0.010608
27.485,-0.010784
27.495,-0.011005
27.505,-0.011272
27.515,-0.011591
27.525,-0.011949
27.535,-0.012343
27.545,-0.012773
27.555,-0.013236
27.565,-0.013727
27.575,-0.014239
27.585,-0.014773
27.595,-0.015325
27.605,-0.015892
27.615,-0.01647
27.625,-0.017059
27.635,-0.017664
27.645,-0.018265
27.655,-0.018859
27.665,-0.019445
27.675,-0.020026
27.685,-0.02059
27.695,-0.021135
27.705,-0.021661
27.715,-0.022158
27.725,-0.022628
27.735,-0.023068
27.745,-0.023467
27.755,-0.023828
27.765,-0.02415
27.775,-0.024425
27.785,-0.024654
27.795,-0.024829
27.805,-0.024944
27.815,-0.025004
27.825,-0.025002
27.835,-0.024944
27.845,-0.024819
27.855,-0.024633
27.865,-0.024394
27.875,-0.024088
27.885,-0.02371
27.895,-0.023268
27.905,-0.02275
27.915,-0.022171
27.925,-0.021512
27.935,-0.020779
27.945,-0.019988
27.955,-0.01913
27.965,-0.018205
27.975,-0.017211
27.985,-0.016155
27.995,-0.015046
28.005,-0.013889
28.015,-0.012681
28.025,-0.011424
28.035,-0.010116
28.045,-0.0087552
28.055,-0.0073404
28.065,-0.005878
28.075,-0.0043692
28.085,-0.0028314
28.094,-0.0012581
28.104,0.00035852
28.114,0.0020028
28.124,0.0036789
28.134,0.0053768
28.144,0.0071037
28.154,0.0088408
28.164,0.010597
28.174,0.01236
28.184,0.01414
28.194,0.01592
28.204,0.017709
28.214,0.019486
28.224,0.021249
28.234,0.023025
28.244,0.024774
28.254,0.026507
28.264,0.028239
28.274,0.029956
28.284,0.031649
28.294,0.033311
28.304,0.034944
28.314,0.036552
28.324,0.038133
28.334,0.039675
28.344,0.041192
28.354,0.04266
28.364,0.044091
28.374,0.045483
28.384,0.046846
28.394,0.048173
28.404,0.049448
28.414,0.050667
28.424,0.051844
28.434,0.052963
28.444,0.054036
28.454,0.055059
28.464,0.056029
28.474,0.05695
28.484,0.057821
28.494,0.058647
28.504,0.059423
28.514,0.060146
28.524,0.060824
28.534,0.061458
28.544,0.062038
28.554,0.062568
28.564,0.063048
28.574,0.063475
28.584,0.063863
28.594,0.064203
28.604,0.064496
28.614,0.064737
28.624,0.064928
28.634,0.065076
28.644,0.065172
28.654,0.065222
28.664,0.065228
28.674,0.065187
28.684,0.065099
28.694,0.064969
28.704,0.064806
28.714,0.064607
28.724,0.064358
28.734,0.064072
28.744,0.063745
28.754,0.063383
28.764,0.062982
28.774,0.06254
28.784,0.062058
28.794,0.061542
28.804,0.060985
28.814,0.060388
28.824,0.059752
28.834,0.059086
28.844,0.058388
28.854,0.057656
28.864,0.056893
28.874,0.056096
28.884,0.055273
28.894,0.054419
28.904,0.053529
28.914,0.052614
28.924,0.051679
28.934,0.050719
28.944,0.049726
28.954,0.048702
28.964,0.047644
28.974,0.046558
28.984,0.045446
28.994,0.044315
29.004,0.043164
29.014,0.041987
29.024,0.040788
29.034,0.039577
29.044,0.038324
29.054,0.037047
29.064,0.03576
29.074,0.034433
29.084,0.033075
29.094,0.031694
29.104,0.030306
29.114,0.028888
29.124,0.027449
29.134,0.025994
29.144,0.024522
29.154,0.023028
29.164,0.021517
29.174,0.01999
29.184,0.01844
29.194,0.016879
29.204,0.015306
29.214,0.013726
29.224,0.012124
29.234,0.010511
29.244,0.0088953
29.254,0.0072743
29.264,0.0056314
29.274,0.0039812
29.284,0.0023389
29.294,0.00068797
29.304,-0.00097646
29.314,-0.0026354
29.324,-0.0043042
29.334,-0.0059782
29.344,-0.0076606
29.354,-0.0093394
29.364,-0.011007
29.374,-0.01267
29.384,-0.014338
29.394,-0.015992
29.404,-0.017627
29.414,-0.019255
29.424,-0.020859
29.434,-0.022453
29.444,-0.024034
29.454,-0.025591
29.464,-0.027132
29.474,-0.028635
29.484,-0.030103
29.494,-0.031558
29.504,-0.032972
29.514,-0.034341
29.524,-0.03566
29.534,-0.036934
29.544,-0.038173
29.554,-0.039363
29.564,-0.0405
29.574,-0.041593
29.584,-0.042617
29.594,-0.043576
29.604,-0.044476
29.614,-0.045313
29.624,-0.046084
29.634,-0.046778
29.644,-0.047396
29.654,-0.047941
29.664,-0.048412
29.674,-0.048802
29.684,-0.049112
29.694,-0.049333
29.704,-0.049463
29.714,-0.0495
29.724,-0.049453
29.734,-0.049326
29.744,-0.049109
29.754,-0.048795
29.764,-0.048383
29.774,-0.047891
29.784,-0.047305
29.794,-0.046622
29.804,-0.045849
29.814,-0.044984
29.824,-0.044022
29.834,-0.042978
29.844,-0.041852
29.854,-0.040636
29.864,-0.039333
29.874,-0.037957
29.884,-0.036518
29.894,-0.035
29.904,-0.033415
29.914,-0.031763
29.924,-0.030051
29.934,-0.028288
29.944,-0.026458
29.954,-0.024597
29.964,-0.022696
29.974,-0.020761
29.984,-0.018792
29.994,-0.016795
30.004,-0.014789
30.014,-0.012768
30.024,-0.010735
30.034,-0.0086993
30.044,-0.006666
30.054,-0.0046439
30.064,-0.0026515
30.074,-0.00067559
30.084,0.0012673
30.094,0.003183
30.104,0.0050736
30.114,0.0069272
30.124,0.0087256
30.134,0.010464
30.144,0.012142
30.154,0.013749
30.164,0.015293
30.174,0.016773
30.184,0.018177
30.194,0.019501
30.204,0.020753
30.214,0.021922
30.224,0.023014
30.234,0.024011
30.244,0.024913
30.254,0.025732
30.264,0.026453
30.274,0.027087
30.284,0.027642
30.294,0.028118
30.304,0.028508
30.314,0.02881
30.324,0.029031
30.334,0.029177
30.344,0.029253
30.354,0.029254
30.364,0.029195
30.374,0.029074
30.384,0.028887
30.394,0.028643
30.404,0.02835
30.414,0.028018
30.424,0.027642
30.434,0.027233
30.444,0.026781
30.454,0.026303
30.464,0.025805
30.474,0.025293
30.484,0.024771
30.494,0.024243
30.504,0.023715
30.514,0.023184
30.524,0.022661
30.534,0.022158
30.544,0.021671
30.554,0.021204
30.564,0.020768
30.574,0.020364
30.584,0.019989
30.594,0.019645
30.604,0.019341
30.614,0.019075
30.624,0.018853
30.634,0.018666
30.644,0.018515
30.654,0.0184
30.664,0.018338
30.674,0.018319
30.684,0.018335
30.694,0.018392
30.704,0.018489
30.714,0.018624
30.724,0.018796
30.734,0.018997
30.744,0.019218
30.754,0.019471
30.764,0.019742
30.774,0.020028
30.784,0.020335
30.794,0.020655
30.804,0.020989
30.814,0.021323
30.824,0.02166
30.834,0.021997
30.844,0.022327
30.854,0.022651
30.864,0.022966
30.874,0.023256
30.884,0.023518
30.894,0.023761
30.904,0.023971
30.914,0.02414
30.924,0.024269
30.934,0.024353
30.944,0.024395
30.954,0.024392
30.964,0.024349
30.974,0.024267
30.984,0.024129
30.994,0.023937
31.004,0.023692
31.014,0.023393
31.024,0.023038
31.034,0.02262
31.044,0.022156
31.054,0.021643
31.064,0.021076
31.074,0.020457
31.084,0.019787
31.094,0.019068
31.104,0.018299
31.114,0.017496
31.124,0.016651
31.134,0.015749
31.144,0.014811
31.154,0.013846
31.164,0.012846
31.174,0.011811
31.184,0.010758
31.194,0.0096845
31.204,0.0085889
31.214,0.0074887
31.224,0.006379
31.234,0.0052539
31.244,0.0041216
31.254,0.0029958
31.264,0.0018708
31.274,0.00075526
31.284,-0.00034042
31.294,-0.0014222
31.304,-0.0024803
31.314,-0.0035189
31.324,-0.00453
31.334,-0.0055216
31.344,-0.0064827
31.354,-0.0074013
31.364,-0.0082842
31.374,-0.0091291
31.384,-0.0099275
31.394,-0.010686
31.404,-0.011406
31.414,-0.012073
31.424,-0.01269
31.434,-0.013253
31.444,-0.013772
31.454,-0.014234
31.464,-0.014641
31.474,-0.015
31.484,-0.015312
31.494,-0.01557
31.504,-0.015774
31.514,-0.015919
31.524,-0.016015
31.534,-0.016059
31.544,-0.016051
31.554,-0.015992
31.564,-0.015883
31.574,-0.015725
31.584,-0.015514
31.594,-0.015262
31.604,-0.014964
31.614,-0.01462
31.624,-0.014239
31.634,-0.013823
31.644,-0.013371
31.654,-0.012886
31.664,-0.012361
31.674,-0.011804
31.684,-0.011219
31.694,-0.010613
31.704,-0.0099847
31.714,-0.009332
31.724,-0.0086579
31.734,-0.0079621
31.744,-0.0072497
31.754,-0.006523
31.764,-0.0057799
31.774,-0.0050237
31.784,-0.0042613
31.794,-0.0034933
31.804,-0.0027257
31.814,-0.0019547
31.824,-0.0011812
31.834,-0.00041123
31.844,0.00036457
31.854,0.001139
31.864,0.0018998
31.874,0.0026485
31.884,0.0033803
31.894,0.0040987
31.904,0.0048028
31.914,0.005489
31.924,0.0061579
31.934,0.0068033
31.944,0.0074276
31.954,0.0080384
31.964,0.008632
31.974,0.0091987
31.984,0.009742
31.994,0.010261
32.004,0.010755
32.014,0.011223
32.024,0.01166
32.034,0.012084
32.044,0.012488
32.054,0.012863
32.064,0.013207
32.074,0.013516
32.084,0.01381
32.094,0.014092
32.104,0.014355
32.114,0.0146
32.124,0.014825
32.134,0.015035
32.144,0.015227
32.154,0.015411
32.164,0.01558
32.174,0.015735
32.184,0.015887
32.194,0.016043
32.204,0.016194
32.214,0.01635
32.224,0.01651
32.234,0.016679
32.244,0.016856
32.254,0.017042
32.264,0.017243
32.274,0.017453
32.284,0.017675
32.294,0.017918
32.304,0.018179
32.314,0.018462
32.324,0.018775
32.334,0.019115
32.344,0.01948
32.354,0.019874
32.364,0.020296
32.374,0.020748
32.384,0.021232
32.394,0.021741
32.404,0.02227
32.414,0.02283
32.424,0.023421
32.434,0.024036
32.444,0.024677
32.454,0.02534
32.464,0.026021
32.474,0.026719
32.484,0.027427
32.494,0.028143
32.504,0.028858
32.514,0.029576
32.524,0.030304
32.534,0.031034
32.544,0.031755
32.554,0.032462
32.564,0.033159
32.574,0.03384
32.584,0.034501
32.594,0.035145
32.604,0.035754
32.614,0.036331
32.624,0.03687
32.634,0.037371
32.644,0.03783
32.654,0.038236
32.664,0.038588
32.674,0.038885
32.684,0.039127
32.694,0.039304
32.704,0.039409
32.714,0.039451
32.724,0.039429
32.734,0.039341
32.744,0.039185
32.754,0.038959
32.764,0.038663
32.774,0.038294
32.784,0.037847
32.794,0.037332
32.804,0.036744
32.814,0.036083
32.824,0.035349
32.834,0.034544
32.844,0.033677
32.854,0.032741
32.864,0.03174
32.874,0.030684
32.884,0.029571
32.894,0.028406
32.904,0.027185
32.914,0.025932
32.924,0.024644
32.934,0.023325
32.944,0.021969
32.954,0.020585
32.964,0.019179
32.974,0.017744
32.984,0.016289
32.994,0.01482
33.004,0.013353
33.014,0.011893
33.024,0.010431
33.034,0.0089804
33.044,0.0075454
33.054,0.0061281
33.064,0.0047407
33.074,0.0033688
33.084,0.0020227
33.094,0.00071107
33.104,-0.00055892
33.114,-0.0018012
33.124,-0.0030032
33.134,-0.0041589
33.144,-0.0052693
33.154,-0.0063226
33.164,-0.0073071
33.174,-0.008227
33.184,-0.009085
33.194,-0.0098772
33.203,-0.010616
33.213,-0.011283
33.223,-0.011885
33.233,-0.012417
33.243,-0.012876
33.253,-0.013264
33.263,-0.013573
33.273,-0.013806
33.283,-0.013969
33.293,-0.014049
33.303,-0.014053
33.313,-0.013978
33.323,-0.01381
33.333,-0.013567
33.343,-0.013248
33.353,-0.012852
33.363,-0.012382
33.373,-0.011841
33.383,-0.011218
33.393,-0.010515
33.403,-0.0097443
33.413,-0.0089102
33.423,-0.0080032
33.433,-0.0070245
33.443,-0.0059813
33.453,-0.0048631
33.463,-0.0036828
33.473,-0.0024438
33.483,-0.0011511
33.493,0.00020688
33.503,0.0016133
33.513,0.0030552
33.523,0.0045434
33.533,0.0060806
33.543,0.0076638
33.553,0.0092798
33.563,0.010919
33.573,0.012575
33.583,0.014251
33.593,0.015951
33.603,0.017663
33.613,0.019377
33.623,0.021107
33.633,0.022832
33.643,0.024542
33.653,0.026237
33.663,0.027925
33.673,0.02958
33.683,0.031204
33.693,0.032793
33.703,0.034362
33.713,0.035897
33.723,0.03739
33.733,0.038837
33.743,0.04023
33.753,0.041564
33.763,0.042846
33.773,0.044072
33.783,0.045233
33.793,0.046326
33.803,0.047366
33.813,0.048341
33.823,0.049246
33.833,0.050083
33.843,0.050847
33.853,0.051558
33.863,0.052196
33.873,0.052761
33.883,0.053259
33.893,0.053708
33.903,0.054095
33.913,0.054415
33.923,0.054679
33.933,0.054893
33.943,0.055051
33.953,0.055156
33.963,0.055219
33.973,0.055243
33.983,0.055225
33.993,0.05518
34.003,0.055098
34.013,0.054987
34.023,0.054856
34.033,0.054708
34.043,0.054539
34.053,0.054359
34.063,0.054177
34.073,0.053992
34.083,0.053808
34.093,0.053628
34.103,0.053462
34.113,0.053298
34.123,0.053141
34.133,0.053012
34.143,0.052896
34.153,0.052806
34.163,0.052722
34.173,0.052655
34.183,0.052608
34.193,0.052584
34.203,0.052588
34.213,0.052618
34.223,0.05266
34.233,0.052722
34.243,0.052802
34.253,0.052884
34.263,0.052984
34.273,0.053097
34.283,0.053209
34.293,0.053322
34.303,0.053435
34.313,0.053543
34.323,0.05364
34.333,0.053714
34.343,0.053773
34.353,0.053818
34.363,0.05382
34.373,0.053792
34.383,0.053728
34.393,0.053626
34.403,0.053481
34.413,0.053288
34.423,0.053046
34.433,0.052742
34.443,0.052372
34.453,0.051937
34.463,0.051426
34.473,0.050839
34.483,0.050185
34.493,0.049445
34.503,0.048618
34.513,0.047704
34.523,0.046719
34.533,0.045647
34.543,0.044493
34.553,0.043259
34.563,0.041932
34.573,0.040519
34.583,0.039046
34.593,0.037491
34.603,0.035862
34.613,0.034135
34.623,0.03235
34.633,0.030506
34.643,0.028608
34.653,0.026652
34.663,0.024641
34.673,0.022592
34.683,0.020515
34.693,0.01838
34.703,0.01622
34.713,0.014045
34.723,0.01184
34.733,0.0096363
34.743,0.0074232
34.753,0.0052275
34.763,0.0030382
34.773,0.00088615
34.783,-0.0012352
34.793,-0.0033472
34.803,-0.0054151
34.813,-0.0074469
34.823,-0.0094171
34.833,-0.011333
34.843,-0.013188
34.853,-0.014969
34.863,-0.016671
34.873,-0.018295
34.883,-0.019831
34.893,-0.021288
34.903,-0.022652
34.913,-0.023916
34.923,-0.02507
34.933,-0.026121
34.943,-0.027058
34.953,-0.027872
34.963,-0.028573
34.973,-0.029155
34.983,-0.029627
34.993,-0.029979
35.003,-0.030205
35.013,-0.030306
35.023,-0.030292
35.033,-0.030162
35.043,-0.029908
35.053,-0.029537
35.063,-0.029049
35.073,-0.028456
35.083,-0.02775
35.093,-0.026946
35.103,-0.026034
35.113,-0.025025
35.123,-0.023914
35.133,-0.0227
35.143,-0.0214
35.153,-0.020022
35.163,-0.018563
35.173,-0.01703
35.183,-0.015433
35.193,-0.013768
35.203,-0.012035
35.213,-0.01025
35.223,-0.0083962
35.233,-0.0065049
35.243,-0.0045948
35.253,-0.0026515
35.263,-0.00067445
35.273,0.001318
35.283,0.0033437
35.293,0.0053769
35.303,0.0074149
35.313,0.0094402
35.323,0.011464
35.333,0.013476
35.343,0.015472
35.353,0.017463
35.363,0.019416
35.373,0.02135
35.383,0.023253
35.393,0.025122
35.403,0.026957
35.413,0.028744
35.423,0.030486
35.433,0.032181
35.443,0.033823
35.453,0.035422
35.463,0.036971
35.473,0.038462
35.483,0.0399
35.493,0.041278
35.503,0.042588
35.513,0.043815
35.523,0.044991
35.533,0.046118
35.543,0.047184
35.553,0.048179
35.563,0.049105
35.573,0.049968
35.583,0.050771
35.593,0.051524
35.603,0.052215
35.613,0.052847
35.623,0.053426
35.633,0.053951
35.643,0.054418
35.653,0.054831
35.663,0.055199
35.673,0.055526
35.683,0.055807
35.693,0.056046
35.703,0.056253
35.713,0.05642
35.723,0.056553
35.733,0.056655
35.743,0.056736
35.753,0.05679
35.763,0.056821
35.773,0.056836
35.783,0.056844
35.793,0.056834
35.803,0.056807
35.813,0.056779
35.823,0.056747
35.833,0.056708
35.843,0.05667
35.853,0.056625
35.863,0.056581
35.873,0.056543
35.883,0.056516
35.893,0.056497
35.903,0.056486
35.913,0.056487
35.923,0.056495
35.933,0.056517
35.943,0.056555
35.953,0.056606
35.963,0.056674
35.973,0.056751
35.983,0.056847
35.993,0.05696
36.003,0.057086
36.013,0.057236
36.023,0.057389
36.033,0.057561
36.043,0.057747
36.053,0.057937
36.063,0.058132
36.073,0.058347
36.083,0.058571
36.093,0.05879
36.103,0.059007
36.113,0.059234
36.123,0.059465
36.133,0.059689
36.143,0.059907
36.153,0.06011
36.163,0.0603
36.173,0.060471
36.183,0.060634
36.193,0.060786
36.203,0.060913
36.213,0.061013
36.223,0.06109
36.233,0.061139
36.243,0.061164
36.253,0.061152
36.263,0.061104
36.273,0.061027
36.283,0.060911
36.293,0.060752
36.303,0.060553
36.313,0.060311
36.323,0.060028
36.333,0.059696
36.343,0.059314
36.353,0.058868
36.363,0.058365
36.373,0.057816
36.383,0.057214
36.393,0.056562
36.403,0.055857
36.413,0.055102
36.423,0.054287
36.433,0.053435
36.443,0.052543
36.453,0.051596
36.463,0.050597
36.473,0.049565
36.483,0.0485
36.493,0.047386
36.503,0.04623
36.513,0.045032
36.523,0.043789
36.533,0.042528
36.543,0.04124
36.553,0.039912
36.563,0.038564
36.573,0.037198
36.583,0.035813
36.593,0.034421
36.603,0.033032
36.613,0.031629
36.623,0.030212
36.633,0.028811
36.643,0.027419
36.653,0.026017
36.663,0.024607
36.673,0.023203
36.683,0.021813
36.693,0.020441
36.703,0.019078
36.713,0.017727
36.723,0.016393
36.733,0.015094
36.743,0.013803
36.753,0.012552
36.763,0.011341
36.773,0.010163
36.783,0.0090182
36.793,0.0079197
36.803,0.0068652
36.813,0.0058384
36.823,0.0048496
36.833,0.0038897
36.843,0.0029602
36.853,0.0020681
36.863,0.0012253
36.873,0.00042792
36.883,-0.00033258
36.893,-0.0010508
36.903,-0.0017294
36.913,-0.0023564
36.923,-0.0029346
36.933,-0.0034805
36.943,-0.0039845
36.953,-0.0044481
36.963,-0.0048701
36.973,-0.005255
36.983,-0.0055997
36.993,-0.0058969
37.003,-0.0061508
37.013,-0.0063611
37.023,-0.006533
37.033,-0.0066701
37.043,-0.0067684
37.053,-0.00683
37.063,-0.0068564
37.073,-0.0068429
37.083,-0.0067878
37.093,-0.0067012
37.103,-0.0065826
37.113,-0.0064282
37.123,-0.0062441
37.133,-0.0060403
37.143,-0.0058115
37.153,-0.0055461
37.163,-0.0052539
37.173,-0.0049349
37.183,-0.0045786
37.193,-0.0042123
37.203,-0.0038212
37.213,-0.0034116
37.223,-0.0029852
37.233,-0.0025465
37.243,-0.0020969
37.253,-0.0016313
37.263,-0.0011466
37.273,-0.00066056
37.283,-0.0001593
37.293,0.0003499
37.303,0.00086073
37.313,0.0013691
37.323,0.0018803
37.333,0.0023826
37.343,0.0028835
37.353,0.0033821
37.363,0.0038762
37.373,0.0043528
37.383,0.0048276
37.393,0.0053033
37.403,0.0057767
37.413,0.0062347
37.423,0.0066759
37.433,0.0071042
37.443,0.00753
37.453,0.0079378
37.463,0.0083278
37.473,0.0087085
37.483,0.0090776
37.493,0.0094318
37.503,0.009769
37.513,0.010102
37.523,0.010421
37.533,0.010726
37.543,0.011035
37.553,0.011329
37.563,0.011617
37.573,0.011903
37.583,0.012179
37.593,0.012446
37.603,0.012713
37.613,0.012981
37.623,0.013251
37.633,0.013517
37.643,0.013796
37.653,0.014077
37.663,0.014359
37.673,0.014634
37.683,0.014925
37.693,0.015233
37.703,0.01555
37.713,0.015872
37.723,0.016199
37.733,0.016544
37.743,0.016902
37.753,0.017268
37.763,0.017636
37.773,0.018007
37.783,0.018389
37.793,0.018781
37.803,0.019173
37.813,0.019572
37.823,0.019974
37.833,0.020377
37.843,0.020781
37.853,0.021185
37.863,0.021598
37.873,0.022003
37.883,0.022395
37.893,0.022775
37.903,0.023128
37.913,0.023463
37.923,0.023792
37.933,0.024098
37.943,0.024379
37.953,0.024624
37.963,0.024841
37.973,0.025021
37.983,0.025164
37.993,0.025262
38.003,0.025321
38.013,0.02533
38.023,0.02529
38.033,0.025202
38.043,0.025065
38.053,0.024867
38.063,0.024605
38.073,0.024287
38.083,0.023916
38.093,0.023475
38.103,0.022967
38.113,0.022406
38.123,0.021776
38.133,0.021082
38.143,0.020302
38.153,0.019471
38.163,0.018582
38.173,0.017629
38.183,0.016624
38.193,0.015558
38.203,0.014434
38.213,0.013252
38.223,0.012021
38.233,0.010726
38.243,0.0093901
38.253,0.0080049
38.263,0.0065842
38.273,0.005138
38.283,0.0036624
38.293,0.0021613
38.302,0.00063564
38.312,-0.00091313
38.322,-0.0025046
38.332,-0.0040878
38.342,-0.0056654
38.352,-0.0072424
38.362,-0.0088143
38.372,-0.010386
38.382,-0.011935
38.392,-0.013464
38.402,-0.014972
38.412,-0.016458
38.422,-0.017912
38.432,-0.019335
38.442,-0.020735
38.452,-0.022102
38.462,-0.023429
38.472,-0.024711
38.482,-0.025948
38.492,-0.027129
38.502,-0.028265
38.512,-0.029346
38.522,-0.030382
38.532,-0.031353
38.542,-0.032258
38.552,-0.033101
38.562,-0.033886
38.572,-0.0346
38.582,-0.035247
38.592,-0.035833
38.602,-0.036364
38.612,-0.036828
38.622,-0.037216
38.632,-0.037549
38.642,-0.037806
38.652,-0.038007
38.662,-0.038148
38.672,-0.03823
38.682,-0.038257
38.692,-0.038232
38.702,-0.038148
38.712,-0.038011
38.722,-0.037829
38.732,-0.037582
38.742,-0.037281
38.752,-0.036934
38.762,-0.036533
38.772,-0.036081
38.782,-0.035587
38.792,-0.03506
38.802,-0.034489
38.812,-0.033871
38.822,-0.03322
38.832,-0.03253
38.842,-0.031795
38.852,-0.031013
38.862,-0.0302
38.872,-0.029355
38.882,-0.028461
38.892,-0.02753
38.902,-0.026581
38.912,-0.025611
38.922,-0.024624
38.932,-0.023607
38.942,-0.022563
38.952,-0.021503
38.962,-0.020421
38.972,-0.019317
38.982,-0.018189
38.992,-0.017034
39.002,-0.015878
39.012,-0.014708
39.022,-0.013517
39.032,-0.012305
39.042,-0.011091
39.052,-0.0098582
39.062,-0.0086036
39.072,-0.0073597
39.082,-0.0061083
39.092,-0.0048446
39.102,-0.0035777
39.112,-0.002314
39.122,-0.0010539
39.132,0.0002348
39.142,0.0015274
39.152,0.002821
39.162,0.0041126
39.172,0.005419
39.182,0.0067379
39.192,0.0080545
39.202,0.009364
39.212,0.01067
39.222,0.011968
39.232,0.013265
39.242,0.014551
39.252,0.015807
39.262,0.017046
39.272,0.018271
39.282,0.019499
39.292,0.020712
39.302,0.0219
39.312,0.023069
39.322,0.024227
39.332,0.025367
39.342,0.026478
39.352,0.027563
39.362,0.028623
39.372,0.029649
39.382,0.030653
39.392,0.031631
39.402,0.032565
39.412,0.033462
39.422,0.034336
39.432,0.035181
39.442,0.03598
39.452,0.036728
39.462,0.037442
39.472,0.038103
39.482,0.038723
39.492,0.039307
39.502,0.039845
39.512,0.04033
39.522,0.040766
39.532,0.041157
39.542,0.041502
39.552,0.041793
39.562,0.042028
39.572,0.042206
39.582,0.042331
39.592,0.042401
39.602,0.04242
39.612,0.042384
39.622,0.042288
39.632,0.042126
39.642,0.041903
39.652,0.041635
39.662,0.041317
39.672,0.04094
39.682,0.040514
39.692,0.040038
39.702,0.039505
39.712,0.038931
39.722,0.038314
39.732,0.037657
39.742,0.036958
39.752,0.036205
39.762,0.035412
39.772,0.034592
39.782,0.033745
39.792,0.032868
39.802,0.031965
39.812,0.031027
39.822,0.030066
39.832,0.029067
39.842,0.028049
39.852,0.027027
39.862,0.02599
39.872,0.024939
39.882,0.023881
39.892,0.022813
39.902,0.021735
39.912,0.02066
39.922,0.019584
39.932,0.018511
39.942,0.017455
39.952,0.016406
39.962,0.015376
39.972,0.014354
39.982,0.01334
39.992,0.012353
40.002,0.011388
40.012,0.010435
40.022,0.0094963
40.032,0.0085847
40.042,0.0077021
40.052,0.0068481
40.062,0.00602
40.072,0.0052203
40.082,0.0044637
40.092,0.0037439
40.102,0.0030419
40.112,0.0023878
40.122,0.0017684
40.132,0.001174
40.142,0.00060839
40.152,7.7131e-005
40.162,-0.00040397
40.172,-0.00084123
40.182,-0.0012453
40.192,-0.0016219
40.202,-0.0019649
40.212,-0.0022632
40.222,-0.0025229
40.232,-0.0027492
40.242,-0.0029447
40.252,-0.003102
40.262,-0.0032273
40.272,-0.0033198
40.282,-0.0033596
40.292,-0.0033671
40.302,-0.0033489
40.312,-0.0033031
40.322,-0.0032158
40.332,-0.0030962
40.342,-0.0029453
40.352,-0.0027532
40.362,-0.0025281
40.372,-0.0022717
40.382,-0.0019872
40.392,-0.0016817
40.402,-0.0013505
40.412,-0.00098169
40.422,-0.0005793
40.432,-0.00015986
40.442,0.00029976
40.452,0.00079104
40.462,0.0012993
40.472,0.0018361
40.482,0.0023961
40.492,0.0029709
40.502,0.0035807
40.512,0.0042168
40.522,0.0048731
40.532,0.005561
40.542,0.0062783
40.552,0.0070102
40.562,0.0077589
40.572,0.0085331
40.582,0.0093289
40.592,0.010137
40.602,0.010968
40.612,0.011817
40.622,0.012689
40.632,0.013579
40.642,0.01449
40.652,0.015403
40.662,0.016325
40.672,0.01726
40.682,0.018209
40.692,0.019178
40.702,0.020153
40.712,0.021124
40.722,0.0221
40.732,0.023083
40.742,0.024063
40.752,0.025034
40.762,0.02601
40.772,0.026986
40.782,0.027967
40.792,0.028947
40.802,0.029909
40.812,0.030869
40.822,0.031816
40.832,0.032769
40.842,0.033711
40.852,0.034642
40.862,0.035562
40.872,0.036475
40.882,0.037358
40.892,0.038225
40.902,0.039064
40.912,0.039886
40.922,0.040706
40.932,0.041514
40.942,0.042306
40.952,0.043071
40.962,0.043799
40.972,0.044493
40.982,0.045178
40.992,0.045842
41.002,0.046485
41.012,0.047113
41.022,0.047721
41.032,0.048312
41.042,0.048878
41.052,0.049421
41.062,0.049944
41.072,0.050452
41.082,0.050939
41.092,0.051408
41.102,0.05186
41.112,0.052288
41.122,0.052699
41.132,0.053098
41.142,0.053481
41.152,0.053845
41.162,0.054196
41.172,0.054537
41.182,0.054863
41.192,0.055174
41.202,0.055473
41.212,0.055749
41.222,0.056008
41.232,0.056253
41.242,0.056475
41.252,0.056696
41.262,0.0569
41.272,0.057091
41.282,0.057283
41.292,0.057459
41.302,0.057617
41.312,0.057764
41.322,0.057897
41.332,0.058017
41.342,0.058118
41.352,0.058209
41.362,0.05828
41.372,0.058338
41.382,0.058381
41.392,0.058419
41.402,0.058429
41.412,0.058418
41.422,0.058389
41.432,0.058335
41.442,0.058255
41.452,0.058161
41.462,0.058052
41.472,0.057918
41.482,0.057765
41.492,0.057595
41.502,0.057404
41.512,0.057201
41.522,0.056969
41.532,0.056715
41.542,0.056446
41.552,0.056163
41.562,0.055854
41.572,0.055532
41.582,0.055185
41.592,0.054815
41.602,0.054431
41.612,0.05404
41.622,0.053622
41.632,0.053187
41.642,0.052734
41.652,0.05227
41.662,0.051784
41.672,0.051293
41.682,0.050785
41.692,0.050273
41.702,0.04976
41.712,0.049245
41.722,0.048722
41.732,0.048191
41.742,0.04767
41.752,0.047162
41.762,0.046654
41.772,0.046146
41.782,0.045655
41.792,0.045168
41.802,0.044677
41.812,0.044205
41.822,0.043749
41.832,0.043306
41.842,0.042886
41.852,0.042469
41.862,0.042057
41.872,0.041668
41.882,0.041296
41.892,0.040946
41.902,0.040602
41.912,0.04027
41.922,0.039957
41.932,0.039652
41.942,0.039357
41.952,0.039078
41.962,0.038814
41.972,0.038567
41.982,0.038327
41.992,0.038093
42.002,0.03787
42.012,0.037662
42.022,0.037462
42.032,0.037265
42.042,0.037077
42.052,0.036895
42.062,0.036711
42.072,0.036525
42.082,0.036343
42.092,0.036162
42.102,0.035968
42.112,0.035781
42.122,0.035594
42.132,0.035405
42.142,0.035199
42.152,0.034985
42.162,0.034759
42.172,0.03453
42.182,0.034288
42.192,0.034027
42.202,0.033757
42.212,0.033494
42.222,0.033217
42.232,0.032921
42.242,0.032606
42.252,0.032277
42.262,0.031945
42.272,0.031606
42.282,0.031244
42.292,0.03087
42.302,0.030494
42.312,0.030114
42.322,0.029711
42.332,0.029304
42.342,0.0289
42.352,0.028495
42.362,0.028079
42.372,0.02767
42.382,0.027266
42.392,0.026875
42.402,0.026491
42.412,0.026121
42.422,0.025761
42.432,0.025415
42.442,0.025085
42.452,0.024768
42.462,0.024467
42.472,0.024191
42.482,0.023936
42.492,0.023699
42.502,0.023485
42.512,0.02329
42.522,0.023122
42.532,0.022993
42.542,0.022901
42.552,0.022836
42.562,0.022813
42.572,0.022821
42.582,0.02286
42.592,0.022951
42.602,0.02307
42.612,0.023224
42.622,0.023421
42.632,0.023657
42.642,0.023938
42.652,0.024255
42.662,0.024607
42.672,0.02499
42.682,0.025414
42.692,0.025876
42.702,0.026374
42.712,0.026897
42.722,0.027468
42.732,0.02807
42.742,0.028703
42.752,0.029353
42.762,0.03004
42.772,0.030758
42.782,0.031495
42.792,0.032272
42.802,0.033076
42.812,0.033892
42.822,0.034724
42.832,0.035588
42.842,0.036472
42.852,0.037362
42.862,0.03826
42.872,0.039183
42.882,0.040116
42.892,0.041044
42.902,0.041966
42.912,0.042901
42.922,0.043844
42.932,0.044785
42.942,0.045723
42.952,0.046657
42.962,0.047602
42.972,0.048528
42.982,0.049435
42.992,0.050323
43.002,0.051201
43.012,0.052063
43.022,0.052896
43.032,0.053706
43.042,0.054489
43.052,0.055244
43.062,0.055967
43.072,0.056669
43.082,0.057329
43.092,0.05797
43.102,0.058557
43.112,0.059102
43.122,0.059609
43.132,0.060082
43.142,0.060506
43.152,0.060878
43.162,0.061198
43.172,0.061476
43.182,0.061706
43.192,0.061887
43.202,0.062019
43.212,0.062101
43.222,0.062133
43.232,0.062111
43.242,0.062029
43.252,0.061887
43.262,0.061702
43.272,0.061475
43.282,0.061192
43.292,0.060866
43.302,0.0605
43.312,0.0601
43.322,0.059659
43.332,0.059182
43.342,0.058669
43.352,0.058116
43.362,0.057513
43.372,0.056875
43.382,0.056206
43.392,0.055513
43.402,0.054796
43.411,0.054054
43.421,0.053293
43.431,0.052504
43.441,0.0517
43.451,0.050881
43.461,0.050055
43.471,0.049228
43.481,0.048385
43.491,0.047526
43.501,0.046666
43.511,0.045809
43.521,0.044949
43.531,0.044086
43.541,0.043229
43.551,0.042362
43.561,0.041487
43.571,0.040625
43.581,0.039754
43.591,0.038897
43.601,0.038039
43.611,0.037179
43.621,0.036331
43.631,0.035484
43.641,0.034655
43.651,0.033806
43.661,0.032975
43.671,0.032156
43.681,0.03133
43.691,0.030499
43.701,0.029678
43.711,0.02885
43.721,0.02802
43.731,0.027188
43.741,0.026362
43.751,0.02554
43.761,0.024712
43.771,0.023874
43.781,0.023033
43.791,0.022179
43.801,0.021312
43.811,0.020447
43.821,0.01955
43.831,0.018664
43.841,0.017764
43.851,0.016856
43.861,0.015933
43.871,0.015011
43.881,0.01409
43.891,0.013187
43.901,0.012283
43.911,0.011386
43.921,0.010493
43.931,0.0096017
43.941,0.0087134
43.951,0.0078537
43.961,0.0070095
43.971,0.0061875
43.981,0.0053721
43.991,0.0045857
44.001,0.0038311
44.011,0.0031045
44.021,0.0024021
44.031,0.0017474
44.041,0.0011323
44.051,0.00055401
44.061,9.2948e-006
44.071,-0.00048748
44.081,-0.00092293
44.091,-0.0013085
44.101,-0.0016483
44.111,-0.0019303
44.121,-0.0021508
44.131,-0.0023144
44.141,-0.00241
44.151,-0.0024394
44.161,-0.0024072
44.171,-0.0022969
44.181,-0.0021227
44.191,-0.0019005
44.201,-0.0015978
44.211,-0.0012176
44.221,-0.00078133
44.231,-0.00028728
44.241,0.00027147
44.251,0.00087428
44.261,0.0015427
44.271,0.002271
44.281,0.0030559
44.291,0.0038915
44.301,0.0047613
44.311,0.0056912
44.321,0.0066646
44.331,0.0076809
44.341,0.0087273
44.351,0.0098234
44.361,0.010951
44.371,0.012101
44.381,0.01327
44.391,0.014483
44.401,0.0157
44.411,0.016935
44.421,0.018201
44.431,0.019473
44.441,0.020719
44.451,0.021972
44.461,0.023212
44.471,0.024445
44.481,0.025665
44.491,0.026874
44.501,0.028075
44.511,0.029259
44.521,0.030412
44.531,0.031528
44.541,0.032612
44.551,0.033675
44.561,0.034698
44.571,0.035685
44.581,0.036612
44.591,0.037499
44.601,0.038337
44.611,0.039118
44.621,0.039869
44.631,0.040577
44.641,0.041229
44.651,0.041821
44.661,0.042361
44.671,0.042853
44.681,0.043301
44.691,0.0437
44.701,0.044017
44.711,0.044277
44.721,0.044485
44.731,0.044628
44.741,0.044704
44.751,0.044722
44.761,0.044675
44.771,0.044561
44.781,0.044397
44.791,0.04417
44.801,0.043878
44.811,0.04352
44.821,0.043105
44.831,0.042618
44.841,0.042082
44.851,0.04148
44.861,0.040821
44.871,0.040103
44.881,0.039327
44.891,0.038491
44.901,0.037597
44.911,0.036671
44.921,0.035681
44.931,0.034632
44.941,0.033536
44.951,0.032379
44.961,0.031179
44.971,0.029936
44.981,0.028655
44.991,0.027331
45.001,0.025968
45.011,0.024567
45.021,0.023125
45.031,0.021658
45.041,0.020156
45.051,0.018617
45.061,0.017058
45.071,0.015477
45.081,0.013868
45.091,0.01223
45.101,0.010579
45.111,0.0089061
45.121,0.0072353
45.131,0.0055612
45.141,0.0038849
45.151,0.0022026
45.161,0.00050606
45.171,-0.0011653
45.181,-0.0028425
45.191,-0.0044848
45.201,-0.0061072
45.211,-0.0077531
45.221,-0.009386
45.231,-0.010995
45.241,-0.012565
45.251,-0.014109
45.261,-0.015633
45.271,-0.017152
45.281,-0.018649
45.291,-0.020096
45.301,-0.021497
45.311,-0.02286
45.321,-0.024213
45.331,-0.025539
45.341,-0.026832
45.351,-0.028071
45.361,-0.029259
45.371,-0.030394
45.381,-0.031495
45.391,-0.032575
45.401,-0.033625
45.411,-0.034638
45.421,-0.035601
45.431,-0.036536
45.441,-0.037458
45.451,-0.038324
45.461,-0.039164
45.471,-0.039993
45.481,-0.040778
45.491,-0.041546
45.501,-0.042288
45.511,-0.043005
45.521,-0.043707
45.531,-0.044387
45.541,-0.045056
45.551,-0.045713
45.561,-0.046342
45.571,-0.046956
45.581,-0.047552
45.591,-0.048134
45.601,-0.048717
45.611,-0.049295
45.621,-0.049854
45.631,-0.050409
45.641,-0.050959
45.651,-0.051499
45.661,-0.052047
45.671,-0.052584
45.681,-0.053118
45.691,-0.053644
45.701,-0.054188
45.711,-0.054722
45.721,-0.055267
45.731,-0.055814
45.741,-0.056336
45.751,-0.056873
45.761,-0.057421
45.771,-0.057951
45.781,-0.058496
45.791,-0.059006
45.801,-0.059515
45.811,-0.060013
45.821,-0.060482
45.831,-0.060959
45.841,-0.06142
45.851,-0.06185
45.861,-0.06226
45.871,-0.062664
45.881,-0.063056
45.891,-0.063424
45.901,-0.06377
45.911,-0.064094
45.921,-0.064397
45.931,-0.064685
45.941,-0.064923
45.951,-0.065136
45.961,-0.06531
45.971,-0.065442
45.981,-0.06554
45.991,-0.065591
46.001,-0.065603
46.011,-0.065576
46.021,-0.065509
46.031,-0.065394
46.041,-0.065243
46.051,-0.065046
46.061,-0.064801
46.071,-0.064512
46.081,-0.064184
46.091,-0.063822
46.101,-0.063419
46.111,-0.062961
46.121,-0.062458
46.131,-0.061921
46.141,-0.061343
46.151,-0.060714
46.161,-0.060058
46.171,-0.059366
46.181,-0.05865
46.191,-0.057893
46.201,-0.057108
46.211,-0.056303
46.221,-0.05548
46.231,-0.054638
46.241,-0.053768
46.251,-0.052882
46.261,-0.05199
46.271,-0.051081
46.281,-0.050181
46.291,-0.049251
46.301,-0.048337
46.311,-0.047433
46.321,-0.046561
46.331,-0.045686
46.341,-0.044822
46.351,-0.043972
46.361,-0.043166
46.371,-0.042371
46.381,-0.041638
46.391,-0.040955
46.401,-0.040305
46.411,-0.03968
46.421,-0.039095
46.431,-0.038555
46.441,-0.038053
46.451,-0.037617
46.461,-0.037237
46.471,-0.036895
46.481,-0.036612
46.491,-0.036376
46.501,-0.036213
46.511,-0.036107
46.521,-0.036039
46.531,-0.03603
46.541,-0.036092
46.551,-0.036215
46.561,-0.036393
46.571,-0.036642
46.581,-0.036952
46.591,-0.037307
46.601,-0.037718
46.611,-0.03818
46.621,-0.038684
46.631,-0.039221
46.641,-0.039814
46.651,-0.040479
46.661,-0.041171
46.671,-0.041894
46.681,-0.042647
46.691,-0.043432
46.701,-0.044239
46.711,-0.045062
46.721,-0.045886
46.731,-0.046723
46.741,-0.047581
46.751,-0.048425
46.761,-0.049268
46.771,-0.050102
46.781,-0.05092
46.791,-0.051718
46.801,-0.052493
46.811,-0.053263
46.821,-0.054002
46.831,-0.054712
46.841,-0.055402
46.851,-0.056053
46.861,-0.056666
46.871,-0.05722
46.881,-0.057748
46.891,-0.058224
46.901,-0.058679
46.911,-0.059076
46.921,-0.059435
46.931,-0.059755
46.941,-0.060042
46.951,-0.060269
46.961,-0.060452
46.971,-0.0606
46.981,-0.060705
46.991,-0.06076
47.001,-0.06078
47.011,-0.060752
47.021,-0.060695
47.031,-0.060601
47.041,-0.060481
47.051,-0.060318
47.061,-0.060135
47.071,-0.059908
47.081,-0.059687
47.091,-0.059435
47.101,-0.059165
47.111,-0.058894
47.121,-0.058607
47.131,-0.058325
47.141,-0.058056
47.151,-0.05781
47.161,-0.057574
47.171,-0.057349
47.181,-0.057126
47.191,-0.056929
47.201,-0.056761
47.211,-0.056608
47.221,-0.05648
47.231,-0.056377
47.241,-0.056311
47.251,-0.05628
47.261,-0.056301
47.271,-0.056361
47.281,-0.056449
47.291,-0.05659
47.301,-0.056779
47.311,-0.057012
47.321,-0.057287
47.331,-0.057621
47.341,-0.057999
47.351,-0.058408
47.361,-0.058877
47.371,-0.059397
47.381,-0.059927
47.391,-0.060531
47.401,-0.061159
47.411,-0.061823
47.421,-0.062516
47.431,-0.063227
47.441,-0.063968
47.451,-0.064741
47.461,-0.06551
47.471,-0.066311
47.481,-0.067132
47.491,-0.067956
47.501,-0.068763
47.511,-0.069573
47.521,-0.070349
47.531,-0.071118
47.541,-0.071867
47.551,-0.072594
47.561,-0.073306
47.571,-0.074009
47.581,-0.074694
47.591,-0.075326
47.601,-0.075904
47.611,-0.076444
47.621,-0.076933
47.631,-0.077384
47.641,-0.077766
47.651,-0.078092
47.661,-0.078369
47.671,-0.078583
47.681,-0.078722
47.691,-0.078795
47.701,-0.078777
47.711,-0.078691
47.721,-0.078538
47.731,-0.078313
47.741,-0.077995
47.751,-0.077606
47.761,-0.077119
47.771,-0.076563
47.781,-0.075941
47.791,-0.075261
47.801,-0.074495
47.811,-0.073645
47.821,-0.072737
47.831,-0.071742
47.841,-0.070705
47.851,-0.0696
47.861,-0.068419
47.871,-0.067179
47.881,-0.065861
47.891,-0.064457
47.901,-0.063016
47.911,-0.06153
47.921,-0.059993
47.931,-0.05842
47.941,-0.056817
47.951,-0.055157
47.961,-0.053484
47.971,-0.051747
47.981,-0.049962
47.991,-0.048154
48.001,-0.046341
48.011,-0.044511
48.021,-0.04263
48.031,-0.040747
48.041,-0.038872
48.051,-0.037019
48.061,-0.035124
48.071,-0.033229
48.081,-0.031339
48.091,-0.029461
48.101,-0.027623
48.111,-0.025763
48.121,-0.023918
48.131,-0.022097
48.141,-0.020306
48.151,-0.018515
48.161,-0.016748
48.171,-0.015028
48.181,-0.013336
48.191,-0.011693
48.201,-0.010076
48.211,-0.00853
48.221,-0.0069683
48.231,-0.0054493
48.241,-0.0039695
48.251,-0.002536
48.261,-0.0011867
48.271,0.00013976
48.281,0.0014176
48.291,0.002632
48.301,0.0037864
48.311,0.004895
48.321,0.0059589
48.331,0.0069341
48.341,0.0078567
48.351,0.0087463
48.361,0.0095977
48.371,0.010391
48.381,0.011143
48.391,0.011824
48.401,0.01247
48.411,0.013057
48.421,0.013583
48.431,0.01405
48.441,0.014443
48.451,0.014795
48.461,0.015103
48.471,0.015367
48.481,0.015559
48.491,0.015721
48.501,0.015841
48.511,0.015902
48.52,0.015907
48.53,0.015863
48.54,0.015772
48.55,0.015599
48.56,0.015383
48.57,0.015126
48.58,0.01482
48.59,0.014467
48.6,0.014051
48.61,0.013599
48.62,0.013122
48.63,0.012616
48.64,0.012097
48.65,0.011517
48.66,0.01093
48.67,0.010272
48.68,0.0096064
48.69,0.0088952
48.7,0.0081257
48.71,0.007354
48.72,0.006552
48.73,0.0057243
48.74,0.0049317
48.75,0.0041387
48.76,0.0033148
48.77,0.0024746
48.78,0.0016192
48.79,0.00073477
48.8,-0.00014358
48.81,-0.0010201
48.82,-0.0019112
48.83,-0.0028136
48.84,-0.0037241
48.85,-0.0046126
48.86,-0.0054597
48.87,-0.0062558
48.88,-0.0070809
48.89,-0.0078964
48.9,-0.0086961
48.91,-0.0094873
48.92,-0.010272
48.93,-0.011007
48.94,-0.011737
48.95,-0.012429
48.96,-0.013115
48.97,-0.013754
48.98,-0.014382
48.99,-0.014993
49,-0.015535
49.01,-0.016029
49.02,-0.016467
49.03,-0.016877
49.04,-0.017267
49.05,-0.017653
49.06,-0.018011
49.07,-0.018345
49.08,-0.018628
49.09,-0.01888
49.1,-0.019084
49.11,-0.019258
49.12,-0.019384
49.13,-0.019507
49.14,-0.019513
49.15,-0.019552
49.16,-0.019534
49.17,-0.019506
49.18,-0.019398
49.19,-0.019257
49.2,-0.019098
49.21,-0.018872
49.22,-0.018614
49.23,-0.01836
49.24,-0.018016
49.25,-0.017669
49.26,-0.017301
49.27,-0.016847
49.28,-0.016396
49.29,-0.015908
49.3,-0.015359
49.31,-0.014778
49.32,-0.014142
49.33,-0.013477
49.34,-0.012767
49.35,-0.012032
49.36,-0.011274
49.37,-0.010463
49.38,-0.009618
49.39,-0.0087179
49.4,-0.0077844
49.41,-0.0068452
49.42,-0.0058418
49.43,-0.0048486
49.44,-0.0038383
49.45,-0.0027596
49.46,-0.0017093
49.47,-0.00064377
49.48,0.00043665
49.49,0.0016489
49.5,0.0028053
49.51,0.0039962
49.52,0.0052072
49.53,0.0064017
49.54,0.007587
49.55,0.0087649
49.56,0.009947
49.57,0.011252
49.58,0.012517
49.59,0.013771
49.6,0.014942
49.61,0.016134
49.62,0.017255
49.63,0.01838
49.64,0.019529
49.65,0.020651
49.66,0.021683
49.67,0.022696
49.68,0.023688
49.69,0.024617
49.7,0.025486
49.71,0.026328
49.72,0.02712
49.73,0.027806
49.74,0.028459
49.75,0.029032
49.76,0.029476
49.77,0.029808
49.78,0.030034
49.79,0.030206
49.8,0.030316
49.81,0.030382
49.82,0.030443
49.83,0.030304
49.84,0.029992
49.85,0.029582
49.86,0.029045
49.87,0.028462
49.88,0.027744
49.89,0.026916
49.9,0.026028
49.91,0.025063
49.92,0.024004
49.93,0.022784
49.94,0.021454
49.95,0.020065
49.96,0.018433
49.97,0.016753
49.98,0.014985
