0,0.0013349
0.0099916,-0.0024235
0.019983,-0.0037015
0.029975,-0.0040653
0.039967,-0.0041693
0.049958,-0.0041831
0.05995,-0.004221
0.069941,-0.004268
0.079933,-0.0043664
0.089925,-0.004442
0.099916,-0.0045576
0.10991,-0.004633
0.1199,-0.0047139
0.12989,-0.0048141
0.13988,-0.0049735
0.14987,-0.0051218
0.15987,-0.0052252
0.16986,-0.0052825
0.17985,-0.005361
0.18984,-0.0054198
0.19983,-0.0054411
0.20982,-0.0055119
0.21982,-0.0055728
0.22981,-0.0056361
0.2398,-0.0056622
0.24979,-0.0057182
0.25978,-0.0057608
0.26977,-0.0058115
0.27977,-0.0059027
0.28976,-0.0059774
0.29975,-0.0060645
0.30974,-0.0061126
0.31973,-0.0061595
0.32972,-0.0062125
0.33972,-0.0062917
0.34971,-0.0063987
0.3597,-0.0064647
0.36969,-0.0065391
0.37968,-0.00661
0.38967,-0.0066663
0.39967,-0.0067208
0.40966,-0.006794
0.41965,-0.0068897
0.42964,-0.006951
0.43963,-0.0070091
0.44962,-0.0070693
0.45962,-0.0071306
0.46961,-0.0071629
0.4796,-0.0072099
0.48959,-0.0073033
0.49958,-0.0073811
0.50957,-0.007437
0.51956,-0.0075103
0.52956,-0.007551
0.53955,-0.0076153
0.54954,-0.0076677
0.55953,-0.0077612
0.56952,-0.0078381
0.57951,-0.0079059
0.58951,-0.0079789
0.5995,-0.0080631
0.60949,-0.0081337
0.61948,-0.0081994
0.62947,-0.0082724
0.63946,-0.0083476
0.64946,-0.0084129
0.65945,-0.0084746
0.66944,-0.0085396
0.67943,-0.0086091
0.68942,-0.0086728
0.69941,-0.008702
0.70941,-0.0087289
0.7194,-0.0087998
0.72939,-0.0088442
0.73938,-0.0088893
0.74937,-0.0089089
0.75936,-0.0089394
0.76936,-0.0089748
0.77935,-0.0089982
0.78934,-0.0090239
0.79933,-0.0090482
0.80932,-0.0090575
0.81931,-0.0090569
0.82931,-0.0091036
0.8393,-0.0091346
0.84929,-0.0091791
0.85928,-0.009236
0.86927,-0.0092834
0.87926,-0.0093068
0.88926,-0.0093628
0.89925,-0.0093776
0.90924,-0.0094182
0.91923,-0.0094517
0.92922,-0.0094986
0.93921,-0.0095322
0.9492,-0.0095487
0.9592,-0.009585
0.96919,-0.0096026
0.97918,-0.0096115
0.98917,-0.0096299
0.99916,-0.0096685
1.0092,-0.0096787
1.0191,-0.0096885
1.0291,-0.0096771
1.0391,-0.0096807
1.0491,-0.0096757
1.0591,-0.0096665
1.0691,-0.0096627
1.0791,-0.0096504
1.0891,-0.0096273
1.0991,-0.0096168
1.1091,-0.0096043
1.1191,-0.0096353
1.1291,-0.0096622
1.139,-0.0096839
1.149,-0.0097107
1.159,-0.0097257
1.169,-0.0097247
1.179,-0.0097563
1.189,-0.0097814
1.199,-0.0098023
1.209,-0.0098034
1.219,-0.0098068
1.229,-0.0098366
1.239,-0.0098302
1.249,-0.0098279
1.2589,-0.0098348
1.2689,-0.0098486
1.2789,-0.0098453
1.2889,-0.0098619
1.2989,-0.0098365
1.3089,-0.0098153
1.3189,-0.0097761
1.3289,-0.0097478
1.3389,-0.0097002
1.3489,-0.0096768
1.3589,-0.0096808
1.3689,-0.0097009
1.3788,-0.0097101
1.3888,-0.0097299
1.3988,-0.0097438
1.4088,-0.0097549
1.4188,-0.0097765
1.4288,-0.0097843
1.4388,-0.0097603
1.4488,-0.0097405
1.4588,-0.0097024
1.4688,-0.0096928
1.4788,-0.0096976
1.4888,-0.0096941
1.4987,-0.0096976
1.5087,-0.0096958
1.5187,-0.0097114
1.5287,-0.0097259
1.5387,-0.009754
1.5487,-0.0097485
1.5587,-0.0097431
1.5687,-0.0097541
1.5787,-0.0097394
1.5887,-0.0097323
1.5987,-0.0096858
1.6087,-0.0096475
1.6186,-0.009614
1.6286,-0.0096014
1.6386,-0.0095729
1.6486,-0.0095852
1.6586,-0.0095873
1.6686,-0.0095984
1.6786,-0.009585
1.6886,-0.0095847
1.6986,-0.0095945
1.7086,-0.0096037
1.7186,-0.0096048
1.7286,-0.0095918
1.7385,-0.009572
1.7485,-0.0095708
1.7585,-0.0095663
1.7685,-0.0095589
1.7785,-0.0095406
1.7885,-0.009526
1.7985,-0.0095139
1.8085,-0.009496
1.8185,-0.0094994
1.8285,-0.0095225
1.8385,-0.0095273
1.8485,-0.0095143
1.8584,-0.0095034
1.8684,-0.0095199
1.8784,-0.0094915
1.8884,-0.0094811
1.8984,-0.0094744
1.9084,-0.0094777
1.9184,-0.0094675
1.9284,-0.0094588
1.9384,-0.0094387
1.9484,-0.0094506
1.9584,-0.0094603
1.9684,-0.0094509
1.9783,-0.0094455
1.9883,-0.0094491
1.9983,-0.0094346
2.0083,-0.0094084
2.0183,-0.0093894
2.0283,-0.0093894
2.0383,-0.0093654
2.0483,-0.0093516
2.0583,-0.0093455
2.0683,-0.0093297
2.0783,-0.0093368
2.0883,-0.0093269
2.0982,-0.0093108
2.1082,-0.0092982
2.1182,-0.0092915
2.1282,-0.0092769
2.1382,-0.0092816
2.1482,-0.0092444
2.1582,-0.0092279
2.1682,-0.0092224
2.1782,-0.0092066
2.1882,-0.0091999
2.1982,-0.0091959
2.2082,-0.0091773
2.2181,-0.0091863
2.2281,-0.0091528
2.2381,-0.009121
2.2481,-0.009111
2.2581,-0.0090955
2.2681,-0.0091072
2.2781,-0.0091154
2.2881,-0.0091022
2.2981,-0.0090637
2.3081,-0.009038
2.3181,-0.0090105
2.3281,-0.0089825
2.338,-0.0089808
2.348,-0.0089461
2.358,-0.0089709
2.368,-0.0089643
2.378,-0.0089729
2.388,-0.0089584
2.398,-0.0089158
2.408,-0.0088834
2.418,-0.0088574
2.428,-0.0088021
2.438,-0.0087393
2.4479,-0.0087061
2.4579,-0.0086899
2.4679,-0.0086525
2.4779,-0.0085935
2.4879,-0.008572
2.4979,-0.0085549
2.5079,-0.0085457
2.5179,-0.0085498
2.5279,-0.0085592
2.5379,-0.0085526
2.5479,-0.0085081
2.5579,-0.0085022
2.5678,-0.0085026
2.5778,-0.0084926
2.5878,-0.0084535
2.5978,-0.0084203
2.6078,-0.0084128
2.6178,-0.0083795
2.6278,-0.0083402
2.6378,-0.0083043
2.6478,-0.0083064
2.6578,-0.0082838
2.6678,-0.0082361
2.6778,-0.0082032
2.6877,-0.0081585
2.6977,-0.0081209
2.7077,-0.0080547
2.7177,-0.0080134
2.7277,-0.0079525
2.7377,-0.0078844
2.7477,-0.0078167
2.7577,-0.0077435
2.7677,-0.0076867
2.7777,-0.0076181
2.7877,-0.007544
2.7977,-0.0074499
2.8076,-0.0073691
2.8176,-0.0073105
2.8276,-0.007224
2.8376,-0.0071433
2.8476,-0.0070565
2.8576,-0.0069969
2.8676,-0.0069389
2.8776,-0.0068239
2.8876,-0.0067445
2.8976,-0.0066456
2.9076,-0.0065534
2.9176,-0.006484
2.9275,-0.0064232
2.9375,-0.0063546
2.9475,-0.0062827
2.9575,-0.006242
2.9675,-0.0061672
2.9775,-0.0061144
2.9875,-0.006048
2.9975,-0.0059687
3.0075,-0.0058801
3.0175,-0.0058172
3.0275,-0.0057359
3.0375,-0.0056691
3.0474,-0.0056185
3.0574,-0.0055432
3.0674,-0.0054545
3.0774,-0.0054026
3.0874,-0.0053306
3.0974,-0.0052493
3.1074,-0.0052121
3.1174,-0.0051577
3.1274,-0.0051177
3.1374,-0.0050616
3.1474,-0.0050176
3.1574,-0.0049686
3.1673,-0.0048985
3.1773,-0.004821
3.1873,-0.0047602
3.1973,-0.00468
3.2073,-0.0046175
3.2173,-0.0045502
3.2273,-0.0044887
3.2373,-0.0044085
3.2473,-0.0043524
3.2573,-0.0042666
3.2673,-0.0042254
3.2773,-0.0041649
3.2872,-0.0041102
3.2972,-0.0040534
3.3072,-0.0039778
3.3172,-0.0039327
3.3272,-0.0038938
3.3372,-0.003806
3.3472,-0.0037697
3.3572,-0.0037008
3.3672,-0.0036363
3.3772,-0.0035984
3.3872,-0.0035394
3.3972,-0.0034838
3.4071,-0.0034419
3.4171,-0.003398
3.4271,-0.0033636
3.4371,-0.0033149
3.4471,-0.0032667
3.4571,-0.0032381
3.4671,-0.0032157
3.4771,-0.0031963
3.4871,-0.0031706
3.4971,-0.0031227
3.5071,-0.0030807
3.5171,-0.0030303
3.527,-0.0030025
3.537,-0.0029661
3.547,-0.0029221
3.557,-0.0028794
3.567,-0.0028136
3.577,-0.0027916
3.587,-0.0027559
3.597,-0.0027294
3.607,-0.0026756
3.617,-0.0026646
3.627,-0.0026104
3.637,-0.0025599
3.6469,-0.0025345
3.6569,-0.0024902
3.6669,-0.0024809
3.6769,-0.0024305
3.6869,-0.0023904
3.6969,-0.0023471
3.7069,-0.0023067
3.7169,-0.0022557
3.7269,-0.0022245
3.7369,-0.0021964
3.7469,-0.0021706
3.7569,-0.0021501
3.7668,-0.0021058
3.7768,-0.0020697
3.7868,-0.0020344
3.7968,-0.0019878
3.8068,-0.0019725
3.8168,-0.0019358
3.8268,-0.0019069
3.8368,-0.0018791
3.8468,-0.0018599
3.8568,-0.001857
3.8668,-0.0018298
3.8768,-0.0018274
3.8867,-0.0018147
3.8967,-0.0018005
3.9067,-0.001795
3.9167,-0.001772
3.9267,-0.0017522
3.9367,-0.001743
3.9467,-0.0017187
3.9567,-0.0017054
3.9667,-0.0016904
3.9767,-0.0016747
3.9867,-0.0016713
3.9967,-0.0016695
4.0066,-0.0016659
4.0166,-0.0016462
4.0266,-0.0016483
4.0366,-0.0016228
4.0466,-0.0016203
4.0566,-0.0015977
4.0666,-0.0015578
4.0766,-0.0015285
4.0866,-0.0015025
4.0966,-0.0014774
4.1066,-0.0014873
4.1166,-0.0014587
4.1265,-0.0014322
4.1365,-0.0014151
4.1465,-0.001369
4.1565,-0.0013407
4.1665,-0.0012935
4.1765,-0.0012719
4.1865,-0.0012317
4.1965,-0.0012099
4.2065,-0.0011901
4.2165,-0.0011543
4.2265,-0.0011326
4.2365,-0.0011289
4.2464,-0.0011074
4.2564,-0.0010577
4.2664,-0.0010257
4.2764,-0.0010005
4.2864,-0.00099352
4.2964,-0.00096747
4.3064,-0.00094855
4.3164,-0.0009322
4.3264,-0.00090633
4.3364,-0.00090522
4.3464,-0.0009131
4.3564,-0.00090665
4.3663,-0.00089456
4.3763,-0.00087023
4.3863,-0.00084439
4.3963,-0.0008285
4.4063,-0.00080437
4.4163,-0.00078664
4.4263,-0.00077098
4.4363,-0.00074217
4.4463,-0.00071267
4.4563,-0.00069833
4.4663,-0.00068397
4.4763,-0.00066872
4.4862,-0.00064144
4.4962,-0.00062123
4.5062,-0.0005749
4.5162,-0.00056385
4.5262,-0.00052198
4.5362,-0.00051071
4.5462,-0.00046663
4.5562,-0.00043018
4.5662,-0.00041014
4.5762,-0.00037604
4.5862,-0.00034323
4.5962,-0.00031269
4.6061,-0.00030378
4.6161,-0.00028645
4.6261,-0.00027827
4.6361,-0.00024951
4.6461,-0.00022513
4.6561,-0.00020287
4.6661,-0.00016394
4.6761,-0.00013141
4.6861,-8.7348e-005
4.6961,-4.3936e-005
4.7061,-1.2661e-005
4.716,8.8088e-007
4.726,3.6246e-005
4.736,7.3311e-005
4.746,9.2873e-005
4.756,0.00010315
4.766,0.00014114
4.776,0.00018757
4.786,0.0002221
4.796,0.0002823
4.806,0.00032489
4.816,0.00036332
4.826,0.00040472
4.8359,0.00043688
4.8459,0.00049246
4.8559,0.0005365
4.8659,0.00058471
4.8759,0.00062088
4.8859,0.00066203
4.8959,0.00069461
4.9059,0.00073305
4.9159,0.00075382
4.9259,0.0007845
4.9359,0.00083167
4.9459,0.00085601
4.9558,0.00088374
4.9658,0.00094906
4.9758,0.00098728
4.9858,0.0010628
4.9958,0.0011217
5.0058,0.0011812
5.0158,0.0012337
5.0258,0.0012959
5.0358,0.0013371
5.0458,0.0013942
5.0558,0.0014615
5.0658,0.0015154
5.0757,0.001575
5.0857,0.0016364
5.0957,0.0017071
5.1057,0.0017615
5.1157,0.0018152
5.1257,0.0018578
5.1357,0.0019084
5.1457,0.0019446
5.1557,0.0020023
5.1657,0.0020354
5.1757,0.0021008
5.1857,0.002166
5.1956,0.0022332
5.2056,0.0022831
5.2156,0.0023441
5.2256,0.0024352
5.2356,0.0024922
5.2456,0.0025665
5.2556,0.0026464
5.2656,0.0027118
5.2756,0.0027752
5.2856,0.002834
5.2956,0.0028755
5.3056,0.0029608
5.3155,0.0030281
5.3255,0.0030981
5.3355,0.0031957
5.3455,0.0032582
5.3555,0.0033576
5.3655,0.0034303
5.3755,0.0035061
5.3855,0.0035495
5.3955,0.003603
5.4055,0.0036658
5.4155,0.003759
5.4255,0.0038127
5.4354,0.0038619
5.4454,0.0039077
5.4554,0.0039775
5.4654,0.0040625
5.4754,0.0041113
5.4854,0.0041712
5.4954,0.0042376
5.5054,0.004289
5.5154,0.0043586
5.5254,0.004424
5.5354,0.0044978
5.5454,0.0045599
5.5553,0.0046335
5.5653,0.00469
5.5753,0.004783
5.5853,0.0048844
5.5953,0.004942
5.6053,0.0050202
5.6153,0.0050773
5.6253,0.0051302
5.6353,0.0052169
5.6453,0.0052865
5.6553,0.0053392
5.6653,0.0054163
5.6752,0.0054484
5.6852,0.005499
5.6952,0.0055507
5.7052,0.0056107
5.7152,0.0056831
5.7252,0.0057328
5.7352,0.0058231
5.7452,0.005899
5.7552,0.0059716
5.7652,0.0060535
5.7752,0.0061376
5.7852,0.0061896
5.7951,0.0062529
5.8051,0.0063301
5.8151,0.006413
5.8251,0.0064999
5.8351,0.0065399
5.8451,0.0065991
5.8551,0.0066708
5.8651,0.0067364
5.8751,0.0068068
5.8851,0.006878
5.8951,0.0069409
5.9051,0.0070249
5.915,0.0071335
5.925,0.0071963
5.935,0.0072799
5.945,0.0073286
5.955,0.0073871
5.965,0.0074547
5.975,0.0074993
5.985,0.0075387
5.995,0.0076132
6.005,0.0076842
6.015,0.0077407
6.025,0.007781
6.0349,0.0078354
6.0449,0.0079097
6.0549,0.0079356
6.0649,0.0079698
6.0749,0.0080052
6.0849,0.0080592
6.0949,0.0081142
6.1049,0.0081611
6.1149,0.0082133
6.1249,0.0082686
6.1349,0.0083102
6.1449,0.0083706
6.1548,0.0084269
6.1648,0.0084797
6.1748,0.0085427
6.1848,0.0085735
6.1948,0.0086183
6.2048,0.0086731
6.2148,0.0087166
6.2248,0.0087648
6.2348,0.0088115
6.2448,0.0088473
6.2548,0.0088793
6.2648,0.0088993
6.2747,0.00893
6.2847,0.00898
6.2947,0.0090092
6.3047,0.0090462
6.3147,0.0091143
6.3247,0.0091689
6.3347,0.0092424
6.3447,0.0092958
6.3547,0.0093609
6.3647,0.0093837
6.3747,0.0094383
6.3847,0.0094905
6.3946,0.0095523
6.4046,0.009621
6.4146,0.009679
6.4246,0.0097347
6.4346,0.0097935
6.4446,0.0098572
6.4546,0.0099148
6.4646,0.0099482
6.4746,0.0099754
6.4846,0.010016
6.4946,0.010044
6.5046,0.010066
6.5145,0.01011
6.5245,0.01014
6.5345,0.010198
6.5445,0.010251
6.5545,0.010293
6.5645,0.010327
6.5745,0.010366
6.5845,0.010407
6.5945,0.010449
6.6045,0.010488
6.6145,0.010519
6.6245,0.010555
6.6344,0.010602
6.6444,0.010624
6.6544,0.010665
6.6644,0.010694
6.6744,0.010716
6.6844,0.010735
6.6944,0.010762
6.7044,0.010767
6.7144,0.010803
6.7244,0.010823
6.7344,0.01085
6.7444,0.010888
6.7543,0.010916
6.7643,0.010956
6.7743,0.010972
6.7843,0.010989
6.7943,0.011031
6.8043,0.011051
6.8143,0.011087
6.8243,0.011112
6.8343,0.011158
6.8443,0.011204
6.8543,0.011235
6.8643,0.011259
6.8742,0.011295
6.8842,0.011329
6.8942,0.011363
6.9042,0.011414
6.9142,0.011467
6.9242,0.011511
6.9342,0.011545
6.9442,0.01157
6.9542,0.011614
6.9642,0.011639
6.9742,0.011674
6.9842,0.011724
6.9941,0.011763
7.0041,0.011821
7.0141,0.011849
7.0241,0.011886
7.0341,0.011925
7.0441,0.011958
7.0541,0.011991
7.0641,0.01203
7.0741,0.012074
7.0841,0.012111
7.0941,0.012123
7.104,0.012153
7.114,0.012176
7.124,0.012214
7.134,0.012236
7.144,0.012271
7.154,0.012304
7.164,0.012353
7.174,0.012402
7.184,0.012442
7.194,0.01248
7.204,0.012523
7.214,0.012579
7.2239,0.012632
7.2339,0.012683
7.2439,0.01272
7.2539,0.012768
7.2639,0.012808
7.2739,0.012842
7.2839,0.012879
7.2939,0.012903
7.3039,0.012934
7.3139,0.012969
7.3239,0.013014
7.3339,0.013059
7.3438,0.013093
7.3538,0.01315
7.3638,0.01319
7.3738,0.013229
7.3838,0.013289
7.3938,0.013344
7.4038,0.013397
7.4138,0.013451
7.4238,0.013509
7.4338,0.013565
7.4438,0.013628
7.4538,0.013672
7.4637,0.01372
7.4737,0.013772
7.4837,0.013838
7.4937,0.013903
7.5037,0.013961
7.5137,0.014016
7.5237,0.014064
7.5337,0.014111
7.5437,0.014161
7.5537,0.014222
7.5637,0.014275
7.5737,0.014337
7.5836,0.0144
7.5936,0.014465
7.6036,0.014533
7.6136,0.014606
7.6236,0.014662
7.6336,0.014737
7.6436,0.014791
7.6536,0.01484
7.6636,0.014896
7.6736,0.014946
7.6836,0.014992
7.6936,0.01504
7.7035,0.01509
7.7135,0.015128
7.7235,0.01517
7.7335,0.015208
7.7435,0.015257
7.7535,0.01531
7.7635,0.015359
7.7735,0.015401
7.7835,0.015458
7.7935,0.015512
7.8035,0.015553
7.8135,0.015582
7.8234,0.015626
7.8334,0.015677
7.8434,0.015724
7.8534,0.015762
7.8634,0.015798
7.8734,0.015838
7.8834,0.015872
7.8934,0.015906
7.9034,0.015923
7.9134,0.01595
7.9234,0.015974
7.9334,0.016007
7.9433,0.016045
7.9533,0.016084
7.9633,0.016112
7.9733,0.016142
7.9833,0.016178
7.9933,0.016214
8.0033,0.01624
8.0133,0.016258
8.0233,0.016271
8.0333,0.01629
8.0433,0.016315
8.0533,0.016345
8.0632,0.016371
8.0732,0.016392
8.0832,0.016419
8.0932,0.016451
8.1032,0.016476
8.1132,0.0165
8.1232,0.016514
8.1332,0.016529
8.1432,0.016554
8.1532,0.016577
8.1632,0.016601
8.1732,0.016631
8.1831,0.016657
8.1931,0.016677
8.2031,0.016687
8.2131,0.016697
8.2231,0.016704
8.2331,0.016713
8.2431,0.016722
8.2531,0.016718
8.2631,0.016718
8.2731,0.016721
8.2831,0.016714
8.2931,0.016709
8.303,0.0167
8.313,0.016696
8.323,0.016704
8.333,0.016706
8.343,0.016704
8.353,0.016702
8.363,0.016686
8.373,0.016679
8.383,0.016669
8.393,0.016652
8.403,0.016633
8.413,0.016615
8.4229,0.016602
8.4329,0.016584
8.4429,0.016566
8.4529,0.016553
8.4629,0.016535
8.4729,0.016529
8.4829,0.016534
8.4929,0.016531
8.5029,0.016522
8.5129,0.016513
8.5229,0.016496
8.5329,0.01648
8.5428,0.016466
8.5528,0.016452
8.5628,0.016442
8.5728,0.016425
8.5828,0.016407
8.5928,0.016385
8.6028,0.016362
8.6128,0.016342
8.6228,0.016317
8.6328,0.016298
8.6428,0.016272
8.6528,0.016248
8.6627,0.016219
8.6727,0.016183
8.6827,0.016142
8.6927,0.016107
8.7027,0.01607
8.7127,0.016042
8.7227,0.016005
8.7327,0.015971
8.7427,0.015941
8.7527,0.01591
8.7627,0.015864
8.7727,0.01583
8.7826,0.015796
8.7926,0.015758
8.8026,0.015723
8.8126,0.015693
8.8226,0.015652
8.8326,0.015612
8.8426,0.015566
8.8526,0.015513
8.8626,0.015462
8.8726,0.015417
8.8826,0.015371
8.8926,0.015321
8.9025,0.015272
8.9125,0.015214
8.9225,0.015164
8.9325,0.015105
8.9425,0.015056
8.9525,0.015014
8.9625,0.014973
8.9725,0.014924
8.9825,0.014878
8.9925,0.014842
9.0025,0.0148
9.0125,0.014762
9.0224,0.014727
9.0324,0.014688
9.0424,0.014644
9.0524,0.014593
9.0624,0.014544
9.0724,0.014505
9.0824,0.01447
9.0924,0.014428
9.1024,0.014388
9.1124,0.014358
9.1224,0.014325
9.1324,0.014289
9.1423,0.014255
9.1523,0.014226
9.1623,0.014192
9.1723,0.014158
9.1823,0.014116
9.1923,0.014077
9.2023,0.014027
9.2123,0.013986
9.2223,0.013949
9.2323,0.013909
9.2423,0.013867
9.2523,0.013824
9.2622,0.013773
9.2722,0.013718
9.2822,0.013673
9.2922,0.013627
9.3022,0.013585
9.3122,0.013542
9.3222,0.013497
9.3322,0.013457
9.3422,0.013417
9.3522,0.013377
9.3622,0.013352
9.3722,0.01332
9.3821,0.013276
9.3921,0.013229
9.4021,0.013193
9.4121,0.013148
9.4221,0.013106
9.4321,0.013061
9.4421,0.01302
9.4521,0.012976
9.4621,0.012927
9.4721,0.012876
9.4821,0.012828
9.492,0.012786
9.502,0.012739
9.512,0.012707
9.522,0.012671
9.532,0.012626
9.542,0.012579
9.552,0.012518
9.562,0.012459
9.572,0.012403
9.582,0.012353
9.592,0.012303
9.602,0.012256
9.6119,0.012204
9.6219,0.012158
9.6319,0.012107
9.6419,0.012057
9.6519,0.012001
9.6619,0.01193
9.6719,0.011864
9.6819,0.011798
9.6919,0.011735
9.7019,0.011665
9.7119,0.011598
9.7219,0.011527
9.7318,0.011456
9.7418,0.01138
9.7518,0.011306
9.7618,0.011225
9.7718,0.011143
9.7818,0.011065
9.7918,0.010972
9.8018,0.010873
9.8118,0.010778
9.8218,0.010682
9.8318,0.010585
9.8418,0.010492
9.8517,0.010384
9.8617,0.010272
9.8717,0.010174
9.8817,0.010082
9.8917,0.0099799
9.9017,0.0098866
9.9117,0.0097905
9.9217,0.0096842
9.9317,0.0095763
9.9417,0.0094752
9.9517,0.009368
9.9617,0.0092615
9.9716,0.0091538
9.9816,0.0090391
9.9916,0.0089301
10.002,0.0088253
10.012,0.0087233
10.022,0.0086265
10.032,0.008522
10.042,0.0084283
10.052,0.0083301
10.062,0.0082408
10.072,0.0081602
10.082,0.0080701
10.092,0.0079835
10.102,0.0079045
10.112,0.007817
10.122,0.0077227
10.132,0.0076461
10.142,0.0075769
10.151,0.0075061
10.161,0.0074363
10.171,0.0073694
10.181,0.0073034
10.191,0.0072471
10.201,0.0071976
10.211,0.0071483
10.221,0.0071079
10.231,0.0070772
10.241,0.0070503
10.251,0.0070324
10.261,0.0070147
10.271,0.006997
10.281,0.0069866
10.291,0.0069772
10.301,0.0069773
10.311,0.0069906
10.321,0.0069966
10.331,0.0070049
10.341,0.0070166
10.351,0.0070327
10.361,0.0070527
10.371,0.0070713
10.381,0.0070939
10.391,0.0071199
10.401,0.0071526
10.411,0.0071933
10.421,0.0072436
10.431,0.0072968
10.441,0.0073475
10.451,0.0074009
10.461,0.0074648
10.471,0.0075305
10.481,0.0076042
10.491,0.0076805
10.501,0.0077637
10.511,0.0078527
10.521,0.0079446
10.531,0.0080369
10.541,0.0081338
10.551,0.0082237
10.561,0.0083198
10.571,0.0084302
10.581,0.0085385
10.591,0.0086432
10.601,0.0087469
10.611,0.0088564
10.621,0.0089642
10.631,0.0090674
10.641,0.0091692
10.651,0.009261
10.661,0.009349
10.671,0.0094359
10.681,0.0095199
10.691,0.0096053
10.701,0.0096868
10.711,0.0097678
10.721,0.009847
10.731,0.0099226
10.741,0.010006
10.751,0.010085
10.761,0.010153
10.771,0.010211
10.781,0.010275
10.791,0.010336
10.801,0.010402
10.811,0.010462
10.821,0.010526
10.831,0.010586
10.841,0.010636
10.851,0.010684
10.861,0.010729
10.871,0.010769
10.881,0.010795
10.891,0.010827
10.901,0.010867
10.911,0.010896
10.921,0.010919
10.931,0.010945
10.941,0.010985
10.951,0.011016
10.961,0.011038
10.971,0.011056
10.981,0.011077
10.991,0.011087
11.001,0.011094
11.011,0.0111
11.021,0.011093
11.031,0.011088
11.041,0.011081
11.051,0.011072
11.061,0.011055
11.071,0.011039
11.081,0.011022
11.091,0.011006
11.101,0.010986
11.111,0.010966
11.121,0.010945
11.131,0.01093
11.141,0.010909
11.151,0.010878
11.161,0.010839
11.171,0.010799
11.181,0.010764
11.191,0.010737
11.201,0.010702
11.211,0.010656
11.221,0.010601
11.231,0.010547
11.241,0.010482
11.251,0.01042
11.261,0.010355
11.271,0.010287
11.281,0.010224
11.291,0.010163
11.301,0.010092
11.311,0.010025
11.321,0.0099489
11.331,0.0098658
11.341,0.0097867
11.35,0.0096974
11.36,0.0096063
11.37,0.0095149
11.38,0.0094163
11.39,0.0093166
11.4,0.0092246
11.41,0.0091351
11.42,0.009033
11.43,0.0089319
11.44,0.0088254
11.45,0.0087169
11.46,0.0086101
11.47,0.0084865
11.48,0.0083629
11.49,0.0082385
11.5,0.0081238
11.51,0.0080018
11.52,0.0078694
11.53,0.00775
11.54,0.0076321
11.55,0.0075016
11.56,0.0073785
11.57,0.0072598
11.58,0.0071397
11.59,0.0070164
11.6,0.0068874
11.61,0.0067607
11.62,0.006632
11.63,0.0065094
11.64,0.0063845
11.65,0.0062655
11.66,0.0061311
11.67,0.0059899
11.68,0.0058531
11.69,0.0057096
11.7,0.0055655
11.71,0.0054268
11.72,0.0052925
11.73,0.0051565
11.74,0.0050186
11.75,0.0048775
11.76,0.0047407
11.77,0.0046055
11.78,0.0044762
11.79,0.0043433
11.8,0.0042125
11.81,0.0040778
11.82,0.0039477
11.83,0.0038117
11.84,0.0036779
11.85,0.0035374
11.86,0.0034031
11.87,0.0032689
11.88,0.003136
11.89,0.0030022
11.9,0.0028679
11.91,0.0027225
11.92,0.0025796
11.93,0.0024381
11.94,0.0022894
11.95,0.0021375
11.96,0.0019939
11.97,0.0018531
11.98,0.0017009
11.99,0.0015535
12,0.0014108
12.01,0.0012615
12.02,0.0011197
12.03,0.00098004
12.04,0.00084167
12.05,0.00070609
12.06,0.00056352
12.07,0.0004299
12.08,0.00029265
12.09,0.00016269
12.1,2.2307e-005
12.11,-0.00011984
12.12,-0.00025155
12.13,-0.00037957
12.14,-0.00051276
12.15,-0.00064081
12.16,-0.0007766
12.17,-0.00092128
12.18,-0.0010638
12.19,-0.0011956
12.2,-0.0013296
12.21,-0.0014732
12.22,-0.0016146
12.23,-0.0017496
12.24,-0.0018829
12.25,-0.0020126
12.26,-0.0021311
12.27,-0.0022409
12.28,-0.0023516
12.29,-0.0024587
12.3,-0.0025653
12.31,-0.0026833
12.32,-0.002803
12.33,-0.0029258
12.34,-0.0030432
12.35,-0.0031583
12.36,-0.0032575
12.37,-0.0033567
12.38,-0.0034639
12.39,-0.0035747
12.4,-0.0036738
12.41,-0.0037726
12.42,-0.0038787
12.43,-0.0039813
12.44,-0.0040814
12.45,-0.0041806
12.46,-0.0042824
12.47,-0.0043863
12.48,-0.0044827
12.49,-0.0045715
12.5,-0.0046548
12.51,-0.004746
12.52,-0.0048392
12.53,-0.0049299
12.539,-0.0050305
12.549,-0.005125
12.559,-0.0052123
12.569,-0.0052938
12.579,-0.0053734
12.589,-0.0054502
12.599,-0.005521
12.609,-0.0055923
12.619,-0.0056552
12.629,-0.005711
12.639,-0.005768
12.649,-0.0058298
12.659,-0.0058893
12.669,-0.0059499
12.679,-0.0060146
12.689,-0.0060745
12.699,-0.0061281
12.709,-0.0061815
12.719,-0.0062376
12.729,-0.0062865
12.739,-0.006333
12.749,-0.0063838
12.759,-0.0064276
12.769,-0.0064679
12.779,-0.0065085
12.789,-0.0065386
12.799,-0.0065698
12.809,-0.0066012
12.819,-0.0066349
12.829,-0.0066808
12.839,-0.0067284
12.849,-0.0067741
12.859,-0.0068156
12.869,-0.0068494
12.879,-0.0068828
12.889,-0.0069074
12.899,-0.0069312
12.909,-0.006965
12.919,-0.00699
12.929,-0.0070109
12.939,-0.007032
12.949,-0.0070601
12.959,-0.0070904
12.969,-0.0071118
12.979,-0.0071368
12.989,-0.0071725
12.999,-0.0072048
13.009,-0.0072265
13.019,-0.0072361
13.029,-0.0072533
13.039,-0.0072629
13.049,-0.0072636
13.059,-0.0072621
13.069,-0.0072591
13.079,-0.0072552
13.089,-0.0072578
13.099,-0.0072551
13.109,-0.0072425
13.119,-0.0072221
13.129,-0.0072011
13.139,-0.0071798
13.149,-0.0071588
13.159,-0.0071348
13.169,-0.0071085
13.179,-0.0070766
13.189,-0.0070485
13.199,-0.0070167
13.209,-0.0069724
13.219,-0.006929
13.229,-0.0068859
13.239,-0.0068402
13.249,-0.0067949
13.259,-0.006743
13.269,-0.0066872
13.279,-0.0066262
13.289,-0.006575
13.299,-0.0065255
13.309,-0.0064746
13.319,-0.0064248
13.329,-0.0063733
13.339,-0.0063205
13.349,-0.0062652
13.359,-0.0062074
13.369,-0.0061576
13.379,-0.0061095
13.389,-0.0060534
13.399,-0.0059954
13.409,-0.0059379
13.419,-0.0058811
13.429,-0.0058244
13.439,-0.0057739
13.449,-0.0057164
13.459,-0.005641
13.469,-0.0055567
13.479,-0.0054807
13.489,-0.0054103
13.499,-0.005342
13.509,-0.0052734
13.519,-0.0052079
13.529,-0.0051432
13.539,-0.0050714
13.549,-0.004998
13.559,-0.0049196
13.569,-0.0048424
13.579,-0.004751
13.589,-0.0046537
13.599,-0.0045501
13.609,-0.0044516
13.619,-0.0043407
13.629,-0.0042234
13.639,-0.0040978
13.649,-0.0039661
13.659,-0.0038403
13.669,-0.0037078
13.679,-0.0035596
13.689,-0.0034009
13.699,-0.0032334
13.709,-0.0030566
13.719,-0.0028755
13.729,-0.002687
13.738,-0.0024866
13.748,-0.0022771
13.758,-0.0020585
13.768,-0.0018248
13.778,-0.0015792
13.788,-0.0013207
13.798,-0.0010428
13.808,-0.00073726
13.818,-0.00041371
13.828,-7.8572e-005
13.838,0.00027671
13.848,0.00064312
13.858,0.0010311
13.868,0.0014402
13.878,0.0018589
13.888,0.0022974
13.898,0.0027533
13.908,0.0032212
13.918,0.0037062
13.928,0.0042117
13.938,0.0047378
13.948,0.0052858
13.958,0.0058402
13.968,0.0064136
13.978,0.0070042
13.988,0.0076058
13.998,0.008218
14.008,0.0088387
14.018,0.0094728
14.028,0.010115
14.038,0.010763
14.048,0.011418
14.058,0.012073
14.068,0.012727
14.078,0.013378
14.088,0.014034
14.098,0.014681
14.108,0.015313
14.118,0.015938
14.128,0.016555
14.138,0.017157
14.148,0.017736
14.158,0.018308
14.168,0.01886
14.178,0.019384
14.188,0.019873
14.198,0.020333
14.208,0.020767
14.218,0.021171
14.228,0.021541
14.238,0.021878
14.248,0.022178
14.258,0.022439
14.268,0.02265
14.278,0.022812
14.288,0.022924
14.298,0.022989
14.308,0.023004
14.318,0.022968
14.328,0.022872
14.338,0.022728
14.348,0.022527
14.358,0.022268
14.368,0.021954
14.378,0.021576
14.388,0.02114
14.398,0.020641
14.408,0.020075
14.418,0.019461
14.428,0.018795
14.438,0.018077
14.448,0.017309
14.458,0.016488
14.468,0.015629
14.478,0.014721
14.488,0.013749
14.498,0.012723
14.508,0.011666
14.518,0.010579
14.528,0.0094468
14.538,0.0082813
14.548,0.0070959
14.558,0.0058789
14.568,0.0046311
14.578,0.003353
14.588,0.0020493
14.598,0.0007377
14.608,-0.00058674
14.618,-0.0019252
14.628,-0.0032828
14.638,-0.0046565
14.648,-0.006024
14.658,-0.0073842
14.668,-0.0087603
14.678,-0.010142
14.688,-0.011512
14.698,-0.012863
14.708,-0.014211
14.718,-0.015547
14.728,-0.016866
14.738,-0.018166
14.748,-0.019447
14.758,-0.020714
14.768,-0.021966
14.778,-0.023205
14.788,-0.024419
14.798,-0.025604
14.808,-0.026751
14.818,-0.027892
14.828,-0.029004
14.838,-0.030079
14.848,-0.03113
14.858,-0.032153
14.868,-0.033147
14.878,-0.03412
14.888,-0.035061
14.898,-0.035981
14.908,-0.036885
14.918,-0.037765
14.927,-0.038626
14.937,-0.039466
14.947,-0.040287
14.957,-0.041087
14.967,-0.041868
14.977,-0.042634
14.987,-0.043379
14.997,-0.044128
15.007,-0.044865
15.017,-0.045587
15.027,-0.046303
15.037,-0.047015
15.047,-0.047714
15.057,-0.0484
15.067,-0.049085
15.077,-0.049766
15.087,-0.050437
15.097,-0.051111
15.107,-0.051783
15.117,-0.052463
15.127,-0.053151
15.137,-0.053842
15.147,-0.054531
15.157,-0.05523
15.167,-0.055939
15.177,-0.056661
15.187,-0.057386
15.197,-0.058115
15.207,-0.058842
15.217,-0.05957
15.227,-0.060303
15.237,-0.061031
15.247,-0.061754
15.257,-0.062484
15.267,-0.063218
15.277,-0.063964
15.287,-0.064701
15.297,-0.065429
15.307,-0.066149
15.317,-0.066866
15.327,-0.067567
15.337,-0.068256
15.347,-0.068933
15.357,-0.069594
15.367,-0.070237
15.377,-0.070863
15.387,-0.071466
15.397,-0.072038
15.407,-0.072589
15.417,-0.073111
15.427,-0.073604
15.437,-0.074071
15.447,-0.074495
15.457,-0.074885
15.467,-0.075237
15.477,-0.075554
15.487,-0.075822
15.497,-0.076046
15.507,-0.076231
15.517,-0.076388
15.527,-0.076499
15.537,-0.076564
15.547,-0.076585
15.557,-0.076554
15.567,-0.076473
15.577,-0.076343
15.587,-0.076167
15.597,-0.075939
15.607,-0.075665
15.617,-0.07535
15.627,-0.074988
15.637,-0.074575
15.647,-0.074127
15.657,-0.073647
15.667,-0.073128
15.677,-0.072566
15.687,-0.071974
15.697,-0.071354
15.707,-0.070706
15.717,-0.070036
15.727,-0.069335
15.737,-0.068603
15.747,-0.067851
15.757,-0.067084
15.767,-0.066311
15.777,-0.06552
15.787,-0.06472
15.797,-0.063916
15.807,-0.063109
15.817,-0.062307
15.827,-0.061504
15.837,-0.060712
15.847,-0.059933
15.857,-0.059168
15.867,-0.058425
15.877,-0.057703
15.887,-0.056999
15.897,-0.056324
15.907,-0.05568
15.917,-0.055072
15.927,-0.054499
15.937,-0.053965
15.947,-0.053473
15.957,-0.053014
15.967,-0.0526
15.977,-0.052229
15.987,-0.051911
15.997,-0.051649
16.007,-0.051437
16.017,-0.051289
16.027,-0.051193
16.037,-0.051158
16.047,-0.051186
16.057,-0.051265
16.067,-0.051404
16.077,-0.0516
16.087,-0.05186
16.097,-0.052191
16.107,-0.052599
16.117,-0.053068
16.126,-0.053601
16.136,-0.054207
16.146,-0.054878
16.156,-0.055617
16.166,-0.056427
16.176,-0.057309
16.186,-0.058252
16.196,-0.059251
16.206,-0.060317
16.216,-0.061459
16.226,-0.062658
16.236,-0.063936
16.246,-0.065273
16.256,-0.066669
16.266,-0.068136
16.276,-0.069672
16.286,-0.071269
16.296,-0.072933
16.306,-0.074656
16.316,-0.076452
16.326,-0.078327
16.336,-0.080246
16.346,-0.082248
16.356,-0.084313
16.366,-0.086438
16.376,-0.088625
16.386,-0.090886
16.396,-0.093219
16.406,-0.095622
16.416,-0.098091
16.426,-0.10063
16.436,-0.10323
16.446,-0.10587
16.456,-0.10858
16.466,-0.11135
16.476,-0.11419
16.486,-0.11709
16.496,-0.12006
16.506,-0.12308
16.516,-0.12614
16.526,-0.12927
16.536,-0.13246
16.546,-0.13569
16.556,-0.13898
16.566,-0.14231
16.576,-0.1457
16.586,-0.14915
16.596,-0.15265
16.606,-0.15621
16.616,-0.15979
16.626,-0.16341
16.636,-0.16706
16.646,-0.17077
16.656,-0.17449
16.666,-0.17822
16.676,-0.18203
16.686,-0.18585
16.696,-0.18972
16.706,-0.19362
16.716,-0.19753
16.726,-0.20145
16.736,-0.20541
16.746,-0.2094
16.756,-0.2134
16.766,-0.21738
16.776,-0.22139
16.786,-0.22545
16.796,-0.22951
16.806,-0.23354
16.816,-0.23757
16.826,-0.2416
16.836,-0.24564
16.846,-0.24967
16.856,-0.2537
16.866,-0.25771
16.876,-0.26169
16.886,-0.26566
16.896,-0.26962
16.906,-0.27358
16.916,-0.27754
16.926,-0.28148
16.936,-0.28541
16.946,-0.28932
16.956,-0.29321
16.966,-0.29709
16.976,-0.30097
16.986,-0.30484
16.996,-0.30869
17.006,-0.31255
17.016,-0.31641
17.026,-0.32022
17.036,-0.32404
17.046,-0.32785
17.056,-0.33166
17.066,-0.33547
17.076,-0.33927
17.086,-0.34308
17.096,-0.34693
17.106,-0.35077
17.116,-0.35463
17.126,-0.35849
17.136,-0.36237
17.146,-0.36626
17.156,-0.37021
17.166,-0.37418
17.176,-0.37817
17.186,-0.38225
17.196,-0.38638
17.206,-0.39054
17.216,-0.39474
17.226,-0.399
17.236,-0.40334
17.246,-0.40773
17.256,-0.4122
17.266,-0.41672
17.276,-0.42131
17.286,-0.42602
17.296,-0.43082
17.306,-0.43575
17.315,-0.44075
17.325,-0.44583
17.335,-0.45105
17.345,-0.45639
17.355,-0.46184
17.365,-0.46742
17.375,-0.47313
17.385,-0.47894
17.395,-0.48486
17.405,-0.49094
17.415,-0.49718
17.425,-0.50358
17.435,-0.51007
17.445,-0.51667
17.455,-0.52343
17.465,-0.53035
17.475,-0.5374
17.485,-0.54458
17.495,-0.55191
17.505,-0.55937
17.515,-0.56695
17.525,-0.57469
17.535,-0.58256
17.545,-0.59056
17.555,-0.59865
17.565,-0.60683
17.575,-0.61505
17.585,-0.62332
17.595,-0.6317
17.605,-0.64019
17.615,-0.64871
17.625,-0.65726
17.635,-0.66583
17.645,-0.67442
17.655,-0.68299
17.665,-0.69156
17.675,-0.70012
17.685,-0.70866
17.695,-0.71715
17.705,-0.72561
17.715,-0.73405
17.725,-0.7424
17.735,-0.7507
17.745,-0.75894
17.755,-0.76708
17.765,-0.77506
17.775,-0.78297
17.785,-0.79072
17.795,-0.79831
17.805,-0.80571
17.815,-0.81293
17.825,-0.81985
17.835,-0.82644
17.845,-0.83265
17.855,-0.83851
17.865,-0.84404
17.875,-0.84911
17.885,-0.85375
17.895,-0.85781
17.905,-0.86131
17.915,-0.8642
17.925,-0.86649
17.935,-0.86813
17.945,-0.86904
17.955,-0.86917
17.965,-0.86845
17.975,-0.86688
17.985,-0.86448
17.995,-0.86119
18.005,-0.85699
18.015,-0.85185
18.025,-0.84575
18.035,-0.83865
18.045,-0.83042
18.055,-0.82113
18.065,-0.81071
18.075,-0.79922
18.085,-0.78652
18.095,-0.77259
18.105,-0.75734
18.115,-0.74088
18.125,-0.7231
18.135,-0.70396
18.145,-0.68358
18.155,-0.66177
18.165,-0.63873
18.175,-0.61461
18.185,-0.58856
18.195,-0.56146
18.205,-0.53335
18.215,-0.50438
18.225,-0.47375
18.235,-0.44122
18.245,-0.40733
18.255,-0.37352
18.265,-0.33767
18.275,-0.30165
18.285,-0.26458
18.295,-0.22692
18.305,-0.18852
18.315,-0.14958
18.325,-0.10975
18.335,-0.068792
18.345,-0.026889
18.355,0.015475
18.365,0.058276
18.375,0.10157
18.385,0.14557
18.395,0.18973
18.405,0.23483
18.415,0.27994
18.425,0.32509
18.435,0.37049
18.445,0.41622
18.455,0.46219
18.465,0.50801
18.475,0.55375
18.485,0.59956
18.495,0.64547
18.505,0.69098
18.514,0.73612
18.524,0.78095
18.534,0.82544
18.544,0.86954
18.554,0.91338
18.564,0.95672
18.574,0.99928
18.584,1.0414
18.594,1.083
18.604,1.1241
18.614,1.1645
18.624,1.2038
18.634,1.2425
18.644,1.2806
18.654,1.3177
18.664,1.354
18.674,1.3894
18.684,1.4239
18.694,1.4573
18.704,1.4897
18.714,1.5213
18.724,1.5517
18.734,1.5812
18.744,1.6096
18.754,1.6369
18.764,1.6633
18.774,1.6886
18.784,1.7129
18.794,1.7362
18.804,1.7582
18.814,1.7789
18.824,1.7985
18.834,1.8167
18.844,1.834
18.854,1.8504
18.864,1.8658
18.874,1.88
18.884,1.8932
18.894,1.9053
18.904,1.9166
18.914,1.9268
18.924,1.9361
18.934,1.9445
18.944,1.9518
18.954,1.9581
18.964,1.9635
18.974,1.9677
18.984,1.971
18.994,1.9733
19.004,1.9747
19.014,1.9751
19.024,1.9745
19.034,1.9731
19.044,1.9708
19.054,1.9676
19.064,1.9635
19.074,1.9585
19.084,1.9527
19.094,1.946
19.104,1.9386
19.114,1.9304
19.124,1.9214
19.134,1.9117
19.144,1.9012
19.154,1.8901
19.164,1.8782
19.174,1.8656
19.184,1.8523
19.194,1.8385
19.204,1.824
19.214,1.809
19.224,1.7935
19.234,1.7774
19.244,1.7608
19.254,1.7437
19.264,1.726
19.274,1.708
19.284,1.6894
19.294,1.6705
19.304,1.6513
19.314,1.6316
19.324,1.6114
19.334,1.591
19.344,1.5701
19.354,1.549
19.364,1.5278
19.374,1.5061
19.384,1.484
19.394,1.4618
19.404,1.4396
19.414,1.4174
19.424,1.3948
19.434,1.3719
19.444,1.3491
19.454,1.326
19.464,1.3029
19.474,1.2797
19.484,1.2565
19.494,1.233
19.504,1.2093
19.514,1.1856
19.524,1.1619
19.534,1.1383
19.544,1.1147
19.554,1.0911
19.564,1.0675
19.574,1.0439
19.584,1.0203
19.594,0.99679
19.604,0.97339
19.614,0.94998
19.624,0.92674
19.634,0.90368
19.644,0.88065
19.654,0.85768
19.664,0.83493
19.674,0.81232
19.684,0.78985
19.694,0.76738
19.703,0.74493
19.713,0.72255
19.723,0.70034
19.733,0.67826
19.743,0.65631
19.753,0.63454
19.763,0.61278
19.773,0.59119
19.783,0.56975
19.793,0.54828
19.803,0.5269
19.813,0.50565
19.823,0.48461
19.833,0.46354
19.843,0.44258
19.853,0.42174
19.863,0.40107
19.873,0.38048
19.883,0.36011
19.893,0.33968
19.903,0.31935
19.913,0.29911
19.923,0.27892
19.933,0.25899
19.943,0.23919
19.953,0.21934
19.963,0.1995
19.973,0.17989
19.983,0.16045
19.993,0.14121
20.003,0.12209
20.013,0.10305
20.023,0.084
20.033,0.065057
20.043,0.046278
20.053,0.027622
20.063,0.0090944
20.073,-0.0092067
20.083,-0.027414
20.093,-0.04544
20.103,-0.063294
20.113,-0.080972
20.123,-0.098518
20.133,-0.11593
20.143,-0.13324
20.153,-0.15031
20.163,-0.16708
20.173,-0.18367
20.183,-0.20005
20.193,-0.21607
20.203,-0.23186
20.213,-0.24746
20.223,-0.2628
20.233,-0.27788
20.243,-0.29265
20.253,-0.30717
20.263,-0.32134
20.273,-0.33522
20.283,-0.34885
20.293,-0.36218
20.303,-0.37526
20.313,-0.38797
20.323,-0.40042
20.333,-0.41266
20.343,-0.42454
20.353,-0.43611
20.363,-0.44746
20.373,-0.45841
20.383,-0.46902
20.393,-0.47932
20.403,-0.48926
20.413,-0.49893
20.423,-0.50824
20.433,-0.51732
20.443,-0.52617
20.453,-0.53468
20.463,-0.54285
20.473,-0.55078
20.483,-0.55842
20.493,-0.56582
20.503,-0.57287
20.513,-0.57969
20.523,-0.58629
20.533,-0.59259
20.543,-0.59865
20.553,-0.60448
20.563,-0.61007
20.573,-0.61538
20.583,-0.62046
20.593,-0.62534
20.603,-0.63
20.613,-0.63443
20.623,-0.63864
20.633,-0.64265
20.643,-0.64647
20.653,-0.65012
20.663,-0.65357
20.673,-0.65687
20.683,-0.65997
20.693,-0.66289
20.703,-0.66565
20.713,-0.66827
20.723,-0.67073
20.733,-0.67303
20.743,-0.67518
20.753,-0.67719
20.763,-0.67906
20.773,-0.6808
20.783,-0.68241
20.793,-0.68389
20.803,-0.68524
20.813,-0.68646
20.823,-0.68756
20.833,-0.68854
20.843,-0.6894
20.853,-0.69016
20.863,-0.6908
20.873,-0.69132
20.883,-0.69173
20.893,-0.69203
20.902,-0.69222
20.912,-0.69229
20.922,-0.69226
20.932,-0.69213
20.942,-0.69189
20.952,-0.69154
20.962,-0.69108
20.972,-0.69051
20.982,-0.68983
20.992,-0.68904
21.002,-0.68816
21.012,-0.68717
21.022,-0.68607
21.032,-0.68487
21.042,-0.68356
21.052,-0.68215
21.062,-0.68062
21.072,-0.67899
21.082,-0.67724
21.092,-0.67537
21.102,-0.67339
21.112,-0.6713
21.122,-0.66909
21.132,-0.66676
21.142,-0.66432
21.152,-0.66177
21.162,-0.65913
21.172,-0.65637
21.182,-0.65346
21.192,-0.65045
21.202,-0.64731
21.212,-0.64405
21.222,-0.6407
21.232,-0.63723
21.242,-0.63363
21.252,-0.62991
21.262,-0.6261
21.272,-0.62217
21.282,-0.61812
21.292,-0.61394
21.302,-0.60967
21.312,-0.60525
21.322,-0.60073
21.332,-0.59612
21.342,-0.5914
21.352,-0.58659
21.362,-0.58168
21.372,-0.57669
21.382,-0.57159
21.392,-0.56636
21.402,-0.56103
21.412,-0.55563
21.422,-0.55014
21.432,-0.54457
21.442,-0.5389
21.452,-0.53316
21.462,-0.52734
21.472,-0.52149
21.482,-0.51562
21.492,-0.50966
21.502,-0.50361
21.512,-0.49749
21.522,-0.49135
21.532,-0.48521
21.542,-0.47907
21.552,-0.47286
21.562,-0.46669
21.572,-0.4605
21.582,-0.45427
21.592,-0.44806
21.602,-0.44186
21.612,-0.4357
21.622,-0.4295
21.632,-0.42332
21.642,-0.41718
21.652,-0.41108
21.662,-0.405
21.672,-0.39898
21.682,-0.393
21.692,-0.3871
21.702,-0.38124
21.712,-0.37543
21.722,-0.36971
21.732,-0.36406
21.742,-0.35845
21.752,-0.35295
21.762,-0.34752
21.772,-0.34216
21.782,-0.3369
21.792,-0.33177
21.802,-0.32674
21.812,-0.32177
21.822,-0.31688
21.832,-0.3121
21.842,-0.30738
21.852,-0.30277
21.862,-0.29823
21.872,-0.29381
21.882,-0.28949
21.892,-0.28525
21.902,-0.28112
21.912,-0.27709
21.922,-0.27312
21.932,-0.26922
21.942,-0.26541
21.952,-0.26168
21.962,-0.25803
21.972,-0.25443
21.982,-0.25093
21.992,-0.24749
22.002,-0.24409
22.012,-0.24078
22.022,-0.23754
22.032,-0.23432
22.042,-0.23114
22.052,-0.228
22.062,-0.22491
22.072,-0.22189
22.082,-0.21889
22.091,-0.21594
22.101,-0.21301
22.111,-0.21012
22.121,-0.20725
22.131,-0.20443
22.141,-0.20164
22.151,-0.19888
22.161,-0.19614
22.171,-0.19342
22.181,-0.19073
22.191,-0.18806
22.201,-0.18541
22.211,-0.1828
22.221,-0.18021
22.231,-0.17766
22.241,-0.17511
22.251,-0.1726
22.261,-0.17012
22.271,-0.16766
22.281,-0.16524
22.291,-0.16285
22.301,-0.16049
22.311,-0.15817
22.321,-0.15588
22.331,-0.15363
22.341,-0.15144
22.351,-0.14929
22.361,-0.14716
22.371,-0.14508
22.381,-0.14305
22.391,-0.14107
22.401,-0.13915
22.411,-0.13728
22.421,-0.13546
22.431,-0.13368
22.441,-0.13196
22.451,-0.13029
22.461,-0.12866
22.471,-0.12708
22.481,-0.12554
22.491,-0.12406
22.501,-0.12263
22.511,-0.12124
22.521,-0.11991
22.531,-0.11862
22.541,-0.11736
22.551,-0.11614
22.561,-0.11495
22.571,-0.1138
22.581,-0.11266
22.591,-0.11155
22.601,-0.11047
22.611,-0.1094
22.621,-0.10835
22.631,-0.1073
22.641,-0.10626
22.651,-0.10523
22.661,-0.10419
22.671,-0.10313
22.681,-0.10207
22.691,-0.10098
22.701,-0.099861
22.711,-0.098719
22.721,-0.097547
22.731,-0.096326
22.741,-0.095063
22.751,-0.093762
22.761,-0.092416
22.771,-0.091016
22.781,-0.089562
22.791,-0.088048
22.801,-0.086468
22.811,-0.084824
22.821,-0.083121
22.831,-0.081351
22.841,-0.079516
22.851,-0.077605
22.861,-0.075621
22.871,-0.073577
22.881,-0.071456
22.891,-0.069253
22.901,-0.066972
22.911,-0.064618
22.921,-0.062188
22.931,-0.059687
22.941,-0.057128
22.951,-0.054509
22.961,-0.051821
22.971,-0.049077
22.981,-0.046279
22.991,-0.043424
23.001,-0.040499
23.011,-0.037532
23.021,-0.03452
23.031,-0.031483
23.041,-0.028411
23.051,-0.025291
23.061,-0.022157
23.071,-0.018968
23.081,-0.01577
23.091,-0.01255
23.101,-0.0093156
23.111,-0.006057
23.121,-0.0027856
23.131,0.00049179
23.141,0.0037474
23.151,0.007003
23.161,0.010254
23.171,0.013479
23.181,0.016691
23.191,0.019874
23.201,0.023023
23.211,0.02615
23.221,0.029243
23.231,0.032296
23.241,0.035315
23.251,0.038301
23.261,0.041237
23.271,0.044142
23.281,0.046988
23.29,0.049784
23.3,0.05251
23.31,0.055172
23.32,0.057796
23.33,0.060362
23.34,0.062855
23.35,0.06528
23.36,0.067635
23.37,0.069904
23.38,0.072116
23.39,0.074247
23.4,0.076307
23.41,0.07828
23.42,0.08017
23.43,0.081993
23.44,0.083744
23.45,0.085409
23.46,0.08701
23.47,0.088532
23.48,0.089973
23.49,0.091323
23.5,0.092598
23.51,0.093794
23.52,0.09491
23.53,0.09595
23.54,0.096917
23.55,0.097807
23.56,0.098604
23.57,0.099321
23.58,0.099954
23.59,0.10051
23.6,0.10097
23.61,0.10136
23.62,0.10166
23.63,0.10189
23.64,0.10205
23.65,0.10212
23.66,0.10212
23.67,0.10203
23.68,0.10187
23.69,0.10164
23.7,0.10135
23.71,0.10099
23.72,0.10056
23.73,0.10007
23.74,0.099509
23.75,0.098889
23.76,0.098198
23.77,0.097446
23.78,0.096641
23.79,0.095771
23.8,0.094837
23.81,0.093853
23.82,0.092821
23.83,0.091744
23.84,0.090618
23.85,0.089442
23.86,0.088209
23.87,0.086935
23.88,0.08562
23.89,0.084251
23.9,0.08286
23.91,0.081437
23.92,0.079972
23.93,0.078481
23.94,0.076973
23.95,0.075436
23.96,0.073865
23.97,0.072272
23.98,0.07067
23.99,0.069044
24,0.067382
24.01,0.065717
24.02,0.064061
24.03,0.062394
24.04,0.060719
24.05,0.059042
24.06,0.057367
24.07,0.055694
24.08,0.054009
24.09,0.052339
24.1,0.050677
24.11,0.049011
24.12,0.047349
24.13,0.04571
24.14,0.044081
24.15,0.042465
24.16,0.040871
24.17,0.039293
24.18,0.037729
24.19,0.036181
24.2,0.034649
24.21,0.033155
24.22,0.031688
24.23,0.030251
24.24,0.028838
24.25,0.027445
24.26,0.026078
24.27,0.024737
24.28,0.023426
24.29,0.022144
24.3,0.020889
24.31,0.019656
24.32,0.018457
24.33,0.017284
24.34,0.016137
24.35,0.015024
24.36,0.013939
24.37,0.012885
24.38,0.011857
24.39,0.010849
24.4,0.0098611
24.41,0.0088887
24.42,0.0079502
24.43,0.007039
24.44,0.0061418
24.45,0.0052584
24.46,0.0043863
24.47,0.0035203
24.479,0.0026799
24.489,0.001855
24.499,0.0010363
24.509,0.00022594
24.519,-0.00057339
24.529,-0.0013713
24.539,-0.002166
24.549,-0.0029581
24.559,-0.0037419
24.569,-0.0045208
24.579,-0.0053066
24.589,-0.0060929
24.599,-0.0068701
24.609,-0.0076544
24.619,-0.0084498
24.629,-0.0092539
24.639,-0.01006
24.649,-0.010872
24.659,-0.011704
24.669,-0.012547
24.679,-0.01339
24.689,-0.014238
24.699,-0.015099
24.709,-0.015979
24.719,-0.01688
24.729,-0.017794
24.739,-0.018717
24.749,-0.019652
24.759,-0.020592
24.769,-0.021545
24.779,-0.022518
24.789,-0.023513
24.799,-0.024519
24.809,-0.025524
24.819,-0.026527
24.829,-0.027538
24.839,-0.02856
24.849,-0.029588
24.859,-0.030619
24.869,-0.031657
24.879,-0.032698
24.889,-0.033729
24.899,-0.034745
24.909,-0.035762
24.919,-0.03678
24.929,-0.037793
24.939,-0.038809
24.949,-0.039815
24.959,-0.040813
24.969,-0.041801
24.979,-0.042779
24.989,-0.043747
24.999,-0.044711
25.009,-0.045665
25.019,-0.046608
25.029,-0.047529
25.039,-0.048438
25.049,-0.049335
25.059,-0.050221
25.069,-0.051088
25.079,-0.051934
25.089,-0.052765
25.099,-0.053583
25.109,-0.054381
25.119,-0.055159
25.129,-0.055925
25.139,-0.056676
25.149,-0.057421
25.159,-0.058148
25.169,-0.05886
25.179,-0.059562
25.189,-0.060254
25.199,-0.060934
25.209,-0.061606
25.219,-0.062267
25.229,-0.062917
25.239,-0.06356
25.249,-0.064185
25.259,-0.0648
25.269,-0.065409
25.279,-0.066015
25.289,-0.066617
25.299,-0.067206
25.309,-0.067785
25.319,-0.068351
25.329,-0.06891
25.339,-0.069462
25.349,-0.070005
25.359,-0.070545
25.369,-0.071077
25.379,-0.071607
25.389,-0.07214
25.399,-0.072676
25.409,-0.073208
25.419,-0.073735
25.429,-0.074258
25.439,-0.074779
25.449,-0.075302
25.459,-0.075813
25.469,-0.076311
25.479,-0.076804
25.489,-0.077303
25.499,-0.077799
25.509,-0.078286
25.519,-0.078766
25.529,-0.079241
25.539,-0.079708
25.549,-0.08017
25.559,-0.080618
25.569,-0.081053
25.579,-0.081476
25.589,-0.081883
25.599,-0.082266
25.609,-0.082634
25.619,-0.082988
25.629,-0.083331
25.639,-0.083658
25.649,-0.083948
25.659,-0.084209
25.669,-0.084445
25.678,-0.08465
25.688,-0.084832
25.698,-0.08499
25.708,-0.085119
25.718,-0.085214
25.728,-0.08527
25.738,-0.085282
25.748,-0.085254
25.758,-0.085193
25.768,-0.085092
25.778,-0.08495
25.788,-0.084766
25.798,-0.084537
25.808,-0.084263
25.818,-0.083942
25.828,-0.083587
25.838,-0.083183
25.848,-0.082725
25.858,-0.08222
25.868,-0.081671
25.878,-0.081082
25.888,-0.080441
25.898,-0.079752
25.908,-0.079027
25.918,-0.078255
25.928,-0.077441
25.938,-0.076584
25.948,-0.075682
25.958,-0.074735
25.968,-0.073762
25.978,-0.072758
25.988,-0.071717
25.998,-0.070638
26.008,-0.069515
26.018,-0.068369
26.028,-0.067203
26.038,-0.066003
26.048,-0.064775
26.058,-0.063529
26.068,-0.062281
26.078,-0.061025
26.088,-0.059744
26.098,-0.058442
26.108,-0.057138
26.118,-0.055848
26.128,-0.054539
26.138,-0.053213
26.148,-0.051876
26.158,-0.05055
26.168,-0.049245
26.178,-0.047944
26.188,-0.046647
26.198,-0.045354
26.208,-0.044083
26.218,-0.042836
26.228,-0.041606
26.238,-0.040391
26.248,-0.039195
26.258,-0.038026
26.268,-0.036878
26.278,-0.03575
26.288,-0.034652
26.298,-0.03359
26.308,-0.032571
26.318,-0.031589
26.328,-0.030641
26.338,-0.029709
26.348,-0.028812
26.358,-0.027959
26.368,-0.027137
26.378,-0.026355
26.388,-0.025606
26.398,-0.024905
26.408,-0.024231
26.418,-0.023591
26.428,-0.022984
26.438,-0.022418
26.448,-0.021882
26.458,-0.021388
26.468,-0.020934
26.478,-0.020512
26.488,-0.02013
26.498,-0.01978
26.508,-0.019459
26.518,-0.019174
26.528,-0.018918
26.538,-0.018694
26.548,-0.018502
26.558,-0.01833
26.568,-0.01819
26.578,-0.018074
26.588,-0.01798
26.598,-0.01791
26.608,-0.017863
26.618,-0.017835
26.628,-0.017825
26.638,-0.017831
26.648,-0.017855
26.658,-0.017898
26.668,-0.01795
26.678,-0.018012
26.688,-0.018091
26.698,-0.018176
26.708,-0.018265
26.718,-0.018357
26.728,-0.018457
26.738,-0.018561
26.748,-0.018663
26.758,-0.018771
26.768,-0.018876
26.778,-0.018977
26.788,-0.019072
26.798,-0.019155
26.808,-0.019229
26.818,-0.01929
26.828,-0.019337
26.838,-0.019372
26.848,-0.019389
26.858,-0.019394
26.867,-0.019391
26.877,-0.019365
26.887,-0.019319
26.897,-0.01925
26.907,-0.019159
26.917,-0.019047
26.927,-0.01891
26.937,-0.018762
26.947,-0.01859
26.957,-0.018388
26.967,-0.018163
26.977,-0.017923
26.987,-0.017661
26.997,-0.017366
27.007,-0.017036
27.017,-0.01668
27.027,-0.0163
27.037,-0.015893
27.047,-0.015462
27.057,-0.015012
27.067,-0.014542
27.077,-0.014047
27.087,-0.013529
27.097,-0.012984
27.107,-0.012432
27.117,-0.011859
27.127,-0.011263
27.137,-0.01065
27.147,-0.010023
27.157,-0.0093942
27.167,-0.0087491
27.177,-0.0080987
27.187,-0.0074332
27.197,-0.0067595
27.207,-0.0060898
27.217,-0.0054153
27.227,-0.0047352
27.237,-0.0040542
27.247,-0.0033786
27.257,-0.0027034
27.267,-0.0020336
27.277,-0.0013688
27.287,-0.00070904
27.297,-7.1774e-005
27.307,0.00055185
27.317,0.0011663
27.327,0.0017656
27.337,0.0023375
27.347,0.002884
27.357,0.0034008
27.367,0.003898
27.377,0.0043866
27.387,0.0048381
27.397,0.0052605
27.407,0.0056637
27.417,0.0060395
27.427,0.0063931
27.437,0.0067187
27.447,0.0070108
27.457,0.0072618
27.467,0.0074813
27.477,0.0076741
27.487,0.0078371
27.497,0.0079685
27.507,0.0080594
27.517,0.0081168
27.527,0.0081387
27.537,0.0081237
27.547,0.0080804
27.557,0.0080098
27.567,0.0079035
27.577,0.0077701
27.587,0.0076113
27.597,0.007415
27.607,0.0071885
27.617,0.0069453
27.627,0.0066869
27.637,0.0064071
27.647,0.0060962
27.657,0.0057727
27.667,0.005436
27.677,0.0050807
27.687,0.004713
27.697,0.0043306
27.707,0.0039468
27.717,0.0035649
27.727,0.0031718
27.737,0.0027759
27.747,0.0023809
27.757,0.0019931
27.767,0.0016143
27.777,0.0012479
27.787,0.0008934
27.797,0.00054976
27.807,0.00021727
27.817,-9.4889e-005
27.827,-0.00039402
27.837,-0.00066637
27.847,-0.00092003
27.857,-0.0011484
27.867,-0.0013479
27.877,-0.0015161
27.887,-0.0016552
27.897,-0.0017682
27.907,-0.0018491
27.917,-0.0018985
27.927,-0.001914
27.937,-0.0018932
27.947,-0.0018363
27.957,-0.0017406
27.967,-0.0016126
27.977,-0.0014421
27.987,-0.0012308
27.997,-0.00098583
28.007,-0.00069574
28.017,-0.00036407
28.027,9.659e-006
28.037,0.0004294
28.047,0.00088734
28.057,0.0013882
28.066,0.0019222
28.076,0.0024872
28.086,0.0030954
28.096,0.0037455
28.106,0.0044216
28.116,0.0051227
28.126,0.0058557
28.136,0.00661
28.146,0.007389
28.156,0.0081949
28.166,0.0090353
28.176,0.0099049
28.186,0.010796
28.196,0.011705
28.206,0.012632
28.216,0.013578
28.226,0.014538
28.236,0.01551
28.246,0.01649
28.256,0.017469
28.266,0.018453
28.276,0.019454
28.286,0.020459
28.296,0.021453
28.306,0.022442
28.316,0.023427
28.326,0.024402
28.336,0.025377
28.346,0.026341
28.356,0.027296
28.366,0.028238
28.376,0.029169
28.386,0.030096
28.396,0.031009
28.406,0.031888
28.416,0.03275
28.426,0.033599
28.436,0.034425
28.446,0.035227
28.456,0.036008
28.466,0.036759
28.476,0.037477
28.486,0.038174
28.496,0.03885
28.506,0.0395
28.516,0.040118
28.526,0.040698
28.536,0.041243
28.546,0.041769
28.556,0.042262
28.566,0.042725
28.576,0.04316
28.586,0.043563
28.596,0.043934
28.606,0.044267
28.616,0.044569
28.626,0.044842
28.636,0.04508
28.646,0.045287
28.656,0.045468
28.666,0.045612
28.676,0.045725
28.686,0.045807
28.696,0.045857
28.706,0.04588
28.716,0.045876
28.726,0.045844
28.736,0.045776
28.746,0.045681
28.756,0.045551
28.766,0.045386
28.776,0.045195
28.786,0.044983
28.796,0.044743
28.806,0.044472
28.816,0.044175
28.826,0.043856
28.836,0.043511
28.846,0.04314
28.856,0.042742
28.866,0.042317
28.876,0.04187
28.886,0.041394
28.896,0.040894
28.906,0.040373
28.916,0.039835
28.926,0.039281
28.936,0.0387
28.946,0.038099
28.956,0.037479
28.966,0.03684
28.976,0.036186
28.986,0.035508
28.996,0.034809
29.006,0.034103
29.016,0.033384
29.026,0.032636
29.036,0.031862
29.046,0.031071
29.056,0.030267
29.066,0.029456
29.076,0.028631
29.086,0.027788
29.096,0.026931
29.106,0.026068
29.116,0.02519
29.126,0.024294
29.136,0.023383
29.146,0.022445
29.156,0.021504
29.166,0.020554
29.176,0.019591
29.186,0.018609
29.196,0.017609
29.206,0.016598
29.216,0.015572
29.226,0.014528
29.236,0.013471
29.246,0.012408
29.255,0.011321
29.265,0.010214
29.275,0.0091022
29.285,0.0079853
29.295,0.0068575
29.305,0.0057176
29.315,0.004569
29.325,0.0034145
29.335,0.002247
29.345,0.0010727
29.355,-0.00010925
29.365,-0.0013116
29.375,-0.0025138
29.385,-0.0037218
29.395,-0.004931
29.405,-0.0061547
29.415,-0.0073835
29.425,-0.0085922
29.435,-0.0098043
29.445,-0.011039
29.455,-0.012272
29.465,-0.013492
29.475,-0.014722
29.485,-0.015947
29.495,-0.017166
29.505,-0.018378
29.515,-0.019591
29.525,-0.020784
29.535,-0.021965
29.545,-0.02314
29.555,-0.02431
29.565,-0.025468
29.575,-0.026605
29.585,-0.027726
29.595,-0.028841
29.605,-0.029926
29.615,-0.030982
29.625,-0.032017
29.635,-0.033023
29.645,-0.033998
29.655,-0.034943
29.665,-0.035854
29.675,-0.036742
29.685,-0.037598
29.695,-0.038423
29.705,-0.039202
29.715,-0.039936
29.725,-0.040636
29.735,-0.041285
29.745,-0.041884
29.755,-0.04244
29.765,-0.042946
29.775,-0.0434
29.785,-0.043802
29.795,-0.044159
29.805,-0.044458
29.815,-0.044702
29.825,-0.044883
29.835,-0.045013
29.845,-0.045089
29.855,-0.045104
29.865,-0.045064
29.875,-0.044963
29.885,-0.044803
29.895,-0.044587
29.905,-0.044312
29.915,-0.043978
29.925,-0.043587
29.935,-0.04314
29.945,-0.042645
29.955,-0.042101
29.965,-0.041507
29.975,-0.040862
29.985,-0.040159
29.995,-0.03941
30.005,-0.038622
30.015,-0.03779
30.025,-0.036919
30.035,-0.036011
30.045,-0.035058
30.055,-0.034072
30.065,-0.03306
30.075,-0.032035
30.085,-0.030969
30.095,-0.029878
30.105,-0.028766
30.115,-0.027646
30.125,-0.026517
30.135,-0.025381
30.145,-0.024244
30.155,-0.023113
30.165,-0.021978
30.175,-0.020857
30.185,-0.019745
30.195,-0.018649
30.205,-0.017561
30.215,-0.016495
30.225,-0.015444
30.235,-0.014411
30.245,-0.013405
30.255,-0.012436
30.265,-0.011497
30.275,-0.010592
30.285,-0.0097208
30.295,-0.0088879
30.305,-0.0080867
30.315,-0.0073254
30.325,-0.0066047
30.335,-0.0059329
30.345,-0.005304
30.355,-0.0047171
30.365,-0.0041769
30.375,-0.0036846
30.385,-0.0032278
30.395,-0.0028157
30.405,-0.0024397
30.415,-0.002101
30.425,-0.0018004
30.435,-0.0015327
30.445,-0.0013
30.454,-0.0011004
30.464,-0.00093056
30.474,-0.00079215
30.484,-0.00068084
30.494,-0.00059996
30.504,-0.0005401
30.514,-0.00050444
30.524,-0.00048752
30.534,-0.00048531
30.544,-0.00049324
30.554,-0.00050468
30.564,-0.00052694
30.574,-0.0005538
30.584,-0.00058198
30.594,-0.0006104
30.604,-0.00064348
30.614,-0.00068021
30.624,-0.00070601
30.634,-0.00072119
30.644,-0.00073401
30.654,-0.00073701
30.664,-0.00072207
30.674,-0.00069244
30.684,-0.00064866
30.694,-0.00058899
30.704,-0.00050437
30.714,-0.00040006
30.724,-0.0002751
30.734,-0.00012738
30.744,4.8633e-005
30.754,0.00024807
30.764,0.00047592
30.774,0.00072381
30.784,0.00098647
30.794,0.0012663
30.804,0.0015618
30.814,0.0018693
30.824,0.002194
30.834,0.0025347
30.844,0.0028871
30.854,0.0032476
30.864,0.0036129
30.874,0.0039991
30.884,0.0043856
30.894,0.0047746
30.904,0.0051651
30.914,0.0055567
30.924,0.0059484
30.934,0.0063313
30.944,0.0067028
30.954,0.007062
30.964,0.0074047
30.974,0.0077324
30.984,0.008044
30.994,0.0083344
31.004,0.0086039
31.014,0.0088452
31.024,0.0090566
31.034,0.0092474
31.044,0.009417
31.054,0.0095474
31.064,0.0096395
31.074,0.0097148
31.084,0.0097616
31.094,0.0097715
31.104,0.0097434
31.114,0.009682
31.124,0.0095873
31.134,0.0094513
31.144,0.0092814
31.154,0.0090868
31.164,0.0088612
31.174,0.0085954
31.184,0.008299
31.194,0.007965
31.204,0.0075951
31.214,0.0071945
31.224,0.0067684
31.234,0.0063105
31.244,0.0058263
31.254,0.0053131
31.264,0.0047739
31.274,0.0042204
31.284,0.0036359
31.294,0.0030467
31.304,0.0024465
31.314,0.0018323
31.324,0.0012113
31.334,0.00058463
31.344,-5.1197e-005
31.354,-0.00069518
31.364,-0.0013407
31.374,-0.0019832
31.384,-0.0026205
31.394,-0.003257
31.404,-0.0038871
31.414,-0.0045144
31.424,-0.005133
31.434,-0.0057274
31.444,-0.0063133
31.454,-0.0068884
31.464,-0.0074467
31.474,-0.0079848
31.484,-0.0084997
31.494,-0.0090013
31.504,-0.0094795
31.514,-0.0099337
31.524,-0.010357
31.534,-0.010757
31.544,-0.011132
31.554,-0.011483
31.564,-0.011809
31.574,-0.012109
31.584,-0.012381
31.594,-0.012623
31.604,-0.012831
31.614,-0.013014
31.624,-0.01317
31.634,-0.013298
31.643,-0.0134
31.653,-0.013477
31.663,-0.01353
31.673,-0.013556
31.683,-0.013553
31.693,-0.013519
31.703,-0.013468
31.713,-0.013387
31.723,-0.013287
31.733,-0.013167
31.743,-0.013033
31.753,-0.012887
31.763,-0.012722
31.773,-0.012527
31.783,-0.012314
31.793,-0.012091
31.803,-0.01186
31.813,-0.011611
31.823,-0.011352
31.833,-0.011079
31.843,-0.010792
31.853,-0.010489
31.863,-0.010182
31.873,-0.0098724
31.883,-0.0095592
31.893,-0.0092357
31.903,-0.0089098
31.913,-0.0085869
31.923,-0.0082587
31.933,-0.0079251
31.943,-0.0075951
31.953,-0.0072726
31.963,-0.0069442
31.973,-0.006616
31.983,-0.006293
31.993,-0.0059776
32.003,-0.0056694
32.013,-0.0053771
32.023,-0.0050943
32.033,-0.0048159
32.043,-0.0045401
32.053,-0.0042799
32.063,-0.0040321
32.073,-0.0037901
32.083,-0.0035501
32.093,-0.0033256
32.103,-0.0031133
32.113,-0.0029055
32.123,-0.0027083
32.133,-0.0025207
32.143,-0.002341
32.153,-0.0021797
32.163,-0.0020305
32.173,-0.001896
32.183,-0.0017699
32.193,-0.0016528
32.203,-0.0015423
32.213,-0.0014363
32.223,-0.0013338
32.233,-0.001237
32.243,-0.0011491
32.253,-0.0010587
32.263,-0.00096894
32.273,-0.00087474
32.283,-0.00078171
32.293,-0.00067926
32.303,-0.00057096
32.313,-0.00045251
32.323,-0.00033038
32.333,-0.00020628
32.343,-7.378e-005
32.353,6.1392e-005
32.363,0.00020104
32.373,0.00036018
32.383,0.00053393
32.393,0.00071822
32.403,0.00091468
32.413,0.001129
32.423,0.0013527
32.433,0.0016026
32.443,0.0018769
32.453,0.0021633
32.463,0.0024664
32.473,0.0027892
32.483,0.0031324
32.493,0.0034887
32.503,0.0038608
32.513,0.0042494
32.523,0.0046545
32.533,0.0050768
32.543,0.0055116
32.553,0.005959
32.563,0.0064221
32.573,0.0068993
32.583,0.0073898
32.593,0.0078932
32.603,0.0083969
32.613,0.0089067
32.623,0.0094187
32.633,0.0099289
32.643,0.010442
32.653,0.010958
32.663,0.011477
32.673,0.011975
32.683,0.01247
32.693,0.012952
32.703,0.013422
32.713,0.013884
32.723,0.014321
32.733,0.014744
32.743,0.015144
32.753,0.015519
32.763,0.015869
32.773,0.016187
32.783,0.016482
32.793,0.016741
32.803,0.016965
32.813,0.01716
32.823,0.017323
32.833,0.017453
32.842,0.017547
32.852,0.017611
32.862,0.017647
32.872,0.017645
32.882,0.0176
32.892,0.017515
32.902,0.017399
32.912,0.017248
32.922,0.017061
32.932,0.016833
32.942,0.016564
32.952,0.016265
32.962,0.015932
32.972,0.015566
32.982,0.01517
32.992,0.014742
33.002,0.014287
33.012,0.013811
33.022,0.013317
33.032,0.012807
33.042,0.012285
33.052,0.011737
33.062,0.01117
33.072,0.010598
33.082,0.010025
33.092,0.0094429
33.102,0.0088454
33.112,0.0082508
33.122,0.0076653
33.132,0.0070837
33.142,0.0065078
33.152,0.0059345
33.162,0.0053669
33.172,0.0048012
33.182,0.0042586
33.192,0.0037305
33.202,0.0032205
33.212,0.0027216
33.222,0.0022533
33.232,0.0018052
33.242,0.0013793
33.252,0.00097824
33.262,0.00060452
33.272,0.00026178
33.282,-5.2163e-005
33.292,-0.00032588
33.302,-0.00056133
33.312,-0.00076482
33.322,-0.00093827
33.332,-0.0010738
33.342,-0.0011697
33.352,-0.0012268
33.362,-0.0012483
33.372,-0.0012315
33.382,-0.0011788
33.392,-0.0010853
33.402,-0.00094713
33.412,-0.00077055
33.422,-0.00055057
33.432,-0.00029118
33.442,1.2592e-006
33.452,0.00033772
33.462,0.00072057
33.472,0.0011412
33.482,0.001599
33.492,0.0020996
33.502,0.0026322
33.512,0.0031993
33.522,0.0038038
33.532,0.0044481
33.542,0.0051208
33.552,0.0058246
33.562,0.006565
33.572,0.0073369
33.582,0.0081372
33.592,0.0089532
33.602,0.0098065
33.612,0.01068
33.622,0.011572
33.632,0.01248
33.642,0.013404
33.652,0.014346
33.662,0.01529
33.672,0.016257
33.682,0.017223
33.692,0.018185
33.702,0.019156
33.712,0.020139
33.722,0.02113
33.732,0.022108
33.742,0.023076
33.752,0.02404
33.762,0.024995
33.772,0.025939
33.782,0.026858
33.792,0.027746
33.802,0.028606
33.812,0.029457
33.822,0.030292
33.832,0.031089
33.842,0.03185
33.852,0.03259
33.862,0.033295
33.872,0.033962
33.882,0.034594
33.892,0.035191
33.902,0.035753
33.912,0.036277
33.922,0.036762
33.932,0.037212
33.942,0.037624
33.952,0.037999
33.962,0.038337
33.972,0.038641
33.982,0.038907
33.992,0.039136
34.002,0.039327
34.012,0.039489
34.022,0.039621
34.031,0.039718
34.041,0.039776
34.051,0.039805
34.061,0.03981
34.071,0.039802
34.081,0.039768
34.091,0.039719
34.101,0.039648
34.111,0.039553
34.121,0.03945
34.131,0.039335
34.141,0.039218
34.151,0.039091
34.161,0.03896
34.171,0.03883
34.181,0.0387
34.191,0.038573
34.201,0.038452
34.211,0.038348
34.221,0.038241
34.231,0.038143
34.241,0.038046
34.251,0.037957
34.261,0.037882
34.271,0.037812
34.281,0.037755
34.291,0.037702
34.301,0.037661
34.311,0.037637
34.321,0.037618
34.331,0.037612
34.341,0.037612
34.351,0.03762
34.361,0.037635
34.371,0.037651
34.381,0.037665
34.391,0.03768
34.401,0.03769
34.411,0.037694
34.421,0.037687
34.431,0.037677
34.441,0.037664
34.451,0.037645
34.461,0.037591
34.471,0.037516
34.481,0.037423
34.491,0.037311
34.501,0.037168
34.511,0.036995
34.521,0.036786
34.531,0.036543
34.541,0.036264
34.551,0.035954
34.561,0.035601
34.571,0.035205
34.581,0.03477
34.591,0.03429
34.601,0.033756
34.611,0.033182
34.621,0.032563
34.631,0.031905
34.641,0.031193
34.651,0.030447
34.661,0.029649
34.671,0.0288
34.681,0.027912
34.691,0.026985
34.701,0.026011
34.711,0.024989
34.721,0.02393
34.731,0.022836
34.741,0.021701
34.751,0.020533
34.761,0.019334
34.771,0.018105
34.781,0.01684
34.791,0.015556
34.801,0.014259
34.811,0.012961
34.821,0.011634
34.831,0.010296
34.841,0.0089579
34.851,0.0076115
34.861,0.0062664
34.871,0.0049416
34.881,0.0036291
34.891,0.0023312
34.901,0.0010519
34.911,-0.00021656
34.921,-0.0014669
34.931,-0.0026883
34.941,-0.0038624
34.951,-0.0050027
34.961,-0.006101
34.971,-0.0071551
34.981,-0.0081693
34.991,-0.0091392
35.001,-0.010049
35.011,-0.010912
35.021,-0.011729
35.031,-0.012503
35.041,-0.013204
35.051,-0.01385
35.061,-0.014432
35.071,-0.014953
35.081,-0.015417
35.091,-0.01582
35.101,-0.01616
35.111,-0.016439
35.121,-0.016649
35.131,-0.016794
35.141,-0.01688
35.151,-0.016909
35.161,-0.016876
35.171,-0.016775
35.181,-0.01662
35.191,-0.016414
35.201,-0.016151
35.211,-0.015837
35.22,-0.015465
35.23,-0.015041
35.24,-0.01456
35.25,-0.014032
35.26,-0.013465
35.27,-0.012855
35.28,-0.012203
35.29,-0.01151
35.3,-0.010792
35.31,-0.010048
35.32,-0.0092676
35.33,-0.0084633
35.34,-0.0076355
35.35,-0.006789
35.36,-0.0059261
35.37,-0.0050455
35.38,-0.0041569
35.39,-0.0032501
35.4,-0.0023387
35.41,-0.0014292
35.42,-0.00050298
35.43,0.00042017
35.44,0.0013422
35.45,0.0022571
35.46,0.0031646
35.47,0.004058
35.48,0.004935
35.49,0.0058075
35.5,0.0066687
35.51,0.0075158
35.52,0.0083466
35.53,0.0091489
35.54,0.0099285
35.55,0.010693
35.56,0.011438
35.57,0.012161
35.58,0.012846
35.59,0.013511
35.6,0.014154
35.61,0.014756
35.62,0.015328
35.63,0.015878
35.64,0.016403
35.65,0.016905
35.66,0.017384
35.67,0.017827
35.68,0.018251
35.69,0.018655
35.7,0.01903
35.71,0.01938
35.72,0.019702
35.73,0.019999
35.74,0.020282
35.75,0.020545
35.76,0.02078
35.77,0.021002
35.78,0.021205
35.79,0.021392
35.8,0.021564
35.81,0.021718
35.82,0.021861
35.83,0.021998
35.84,0.022118
35.85,0.02223
35.86,0.022341
35.87,0.022443
35.88,0.022542
35.89,0.022638
35.9,0.022733
35.91,0.022821
35.92,0.022919
35.93,0.023028
35.94,0.023132
35.95,0.023232
35.96,0.023333
35.97,0.023447
35.98,0.023565
35.99,0.023694
36,0.023836
36.01,0.02398
36.02,0.024135
36.03,0.0243
36.04,0.02448
36.05,0.024672
36.06,0.024878
36.07,0.025096
36.08,0.025331
36.09,0.025568
36.1,0.025816
36.11,0.026075
36.12,0.026348
36.13,0.026627
36.14,0.026909
36.15,0.0272
36.16,0.027501
36.17,0.027812
36.18,0.028133
36.19,0.028457
36.2,0.028789
36.21,0.029112
36.22,0.029437
36.23,0.029758
36.24,0.030078
36.25,0.030403
36.26,0.030715
36.27,0.031019
36.28,0.031312
36.29,0.031598
36.3,0.03188
36.31,0.032152
36.32,0.032415
36.33,0.032663
36.34,0.032899
36.35,0.033117
36.36,0.033306
36.37,0.033473
36.38,0.033603
36.39,0.033707
36.4,0.033786
36.41,0.033837
36.419,0.033854
36.429,0.03384
36.439,0.033808
36.449,0.033746
36.459,0.033644
36.469,0.033512
36.479,0.033349
36.489,0.033142
36.499,0.032902
36.509,0.032631
36.519,0.032328
36.529,0.031983
36.539,0.031609
36.549,0.0312
36.559,0.030763
36.569,0.030302
36.579,0.029802
36.589,0.029263
36.599,0.028699
36.609,0.028124
36.619,0.027527
36.629,0.026905
36.639,0.026261
36.649,0.025589
36.659,0.024895
36.669,0.024181
36.679,0.02345
36.689,0.022708
36.699,0.02194
36.709,0.021156
36.719,0.020369
36.729,0.019575
36.739,0.01877
36.749,0.017954
36.759,0.017132
36.769,0.01631
36.779,0.015486
36.789,0.014652
36.799,0.013819
36.809,0.012994
36.819,0.012183
36.829,0.011388
36.839,0.010597
36.849,0.0098124
36.859,0.0090372
36.869,0.0082716
36.879,0.0075186
36.889,0.0067807
36.899,0.0060565
36.909,0.0053491
36.919,0.0046598
36.929,0.0039832
36.939,0.0033174
36.949,0.0026692
36.959,0.0020493
36.969,0.0014546
36.979,0.00087434
36.989,0.00032109
36.999,-0.00021547
37.009,-0.00072967
37.019,-0.0012246
37.029,-0.0017086
37.039,-0.0021791
37.049,-0.002626
37.059,-0.0030435
37.069,-0.0034405
37.079,-0.0038185
37.089,-0.0041733
37.099,-0.0045025
37.109,-0.0048027
37.119,-0.005081
37.129,-0.0053412
37.139,-0.0055782
37.149,-0.0057877
37.159,-0.0059812
37.169,-0.0061644
37.179,-0.0063258
37.189,-0.0064601
37.199,-0.0065713
37.209,-0.00666
37.219,-0.0067306
37.229,-0.0067856
37.239,-0.0068237
37.249,-0.0068356
37.259,-0.0068348
37.269,-0.0068214
37.279,-0.0067926
37.289,-0.0067519
37.299,-0.006698
37.309,-0.0066321
37.319,-0.006549
37.329,-0.0064518
37.339,-0.0063378
37.349,-0.0062113
37.359,-0.0060646
37.369,-0.0059073
37.379,-0.0057401
37.389,-0.0055694
37.399,-0.0053906
37.409,-0.0052071
37.419,-0.0050198
37.429,-0.0048256
37.439,-0.0046254
37.449,-0.004423
37.459,-0.0042168
37.469,-0.0040042
37.479,-0.0037861
37.489,-0.0035697
37.499,-0.0033524
37.509,-0.0031295
37.519,-0.0029097
37.529,-0.0026893
37.539,-0.0024744
37.549,-0.0022555
37.559,-0.0020448
37.569,-0.0018359
37.579,-0.0016229
37.589,-0.0014084
37.599,-0.0011928
37.608,-0.0009848
37.618,-0.0007821
37.628,-0.00057992
37.638,-0.00036647
37.648,-0.00015478
37.658,4.8685e-005
37.668,0.000259
37.678,0.00047418
37.688,0.00069315
37.698,0.00091797
37.708,0.0011526
37.718,0.001392
37.728,0.0016422
37.738,0.0018954
37.748,0.0021421
37.758,0.002394
37.768,0.0026575
37.778,0.0029311
37.788,0.0032176
37.798,0.0035067
37.808,0.0038056
37.818,0.004111
37.828,0.0044264
37.838,0.0047472
37.848,0.0050793
37.858,0.0054115
37.868,0.0057451
37.878,0.0060911
37.888,0.0064437
37.898,0.0067991
37.908,0.0071551
37.918,0.0075079
37.928,0.0078587
37.938,0.0082121
37.948,0.0085682
37.958,0.008916
37.968,0.0092587
37.978,0.0095992
37.988,0.0099299
37.998,0.010252
38.008,0.010559
38.018,0.010864
38.028,0.011143
38.038,0.011406
38.048,0.011646
38.058,0.011867
38.068,0.012077
38.078,0.01226
38.088,0.012409
38.098,0.012532
38.108,0.012624
38.118,0.012698
38.128,0.012735
38.138,0.012736
38.148,0.012703
38.158,0.01264
38.168,0.012534
38.178,0.012395
38.188,0.01222
38.198,0.011992
38.208,0.011724
38.218,0.011419
38.228,0.011067
38.238,0.010677
38.248,0.010244
38.258,0.0097673
38.268,0.0092494
38.278,0.0086921
38.288,0.0080962
38.298,0.0074752
38.308,0.0068175
38.318,0.0061233
38.328,0.0053913
38.338,0.0046222
38.348,0.0038255
38.358,0.0029947
38.368,0.0021496
38.378,0.0012926
38.388,0.00040901
38.398,-0.0004868
38.408,-0.0014046
38.418,-0.0023452
38.428,-0.0032935
38.438,-0.0042347
38.448,-0.0051841
38.458,-0.0061257
38.468,-0.0070667
38.478,-0.0080079
38.488,-0.0089536
38.498,-0.0098857
38.508,-0.010822
38.518,-0.011751
38.528,-0.012655
38.538,-0.013535
38.548,-0.014391
38.558,-0.015237
38.568,-0.016063
38.578,-0.016862
38.588,-0.017638
38.598,-0.018394
38.608,-0.019124
38.618,-0.019835
38.628,-0.020513
38.638,-0.021163
38.648,-0.02178
38.658,-0.022362
38.668,-0.022905
38.678,-0.023421
38.688,-0.023908
38.698,-0.024358
38.708,-0.024763
38.718,-0.02514
38.728,-0.025487
38.738,-0.025786
38.748,-0.026049
38.758,-0.026281
38.768,-0.026472
38.778,-0.026628
38.788,-0.026751
38.798,-0.026841
38.807,-0.026898
38.817,-0.026927
38.827,-0.026931
38.837,-0.026906
38.847,-0.026858
38.857,-0.026784
38.867,-0.02668
38.877,-0.026538
38.887,-0.02637
38.897,-0.026176
38.907,-0.025952
38.917,-0.025704
38.927,-0.025434
38.937,-0.025149
38.947,-0.02484
38.957,-0.02451
38.967,-0.024153
38.977,-0.023783
38.987,-0.023397
38.997,-0.022991
39.007,-0.022566
39.017,-0.022119
39.027,-0.021664
39.037,-0.021191
39.047,-0.020697
39.057,-0.020176
39.067,-0.019634
39.077,-0.019078
39.087,-0.018516
39.097,-0.017943
39.107,-0.017363
39.117,-0.016767
39.127,-0.016157
39.137,-0.015532
39.147,-0.014892
39.157,-0.014236
39.167,-0.013578
39.177,-0.012907
39.187,-0.012229
39.197,-0.01155
39.207,-0.010868
39.217,-0.010181
39.227,-0.009493
39.237,-0.0087833
39.247,-0.0080717
39.257,-0.0073666
39.267,-0.0066583
39.277,-0.005936
39.287,-0.0052151
39.297,-0.0044893
39.307,-0.0037609
39.317,-0.0030319
39.327,-0.0022978
39.337,-0.001557
39.347,-0.00081869
39.357,-8.1263e-005
39.367,0.00065424
39.377,0.0013823
39.387,0.0021128
39.397,0.0028469
39.407,0.0035802
39.417,0.00431
39.427,0.0050398
39.437,0.0057498
39.447,0.0064506
39.457,0.0071533
39.467,0.0078408
39.477,0.0085235
39.487,0.0091837
39.497,0.0098388
39.507,0.010472
39.517,0.011099
39.527,0.011701
39.537,0.012282
39.547,0.012837
39.557,0.013368
39.567,0.013881
39.577,0.014384
39.587,0.014857
39.597,0.015309
39.607,0.015736
39.617,0.016125
39.627,0.016493
39.637,0.016824
39.647,0.017127
39.657,0.017407
39.667,0.017662
39.677,0.01789
39.687,0.01809
39.697,0.018255
39.707,0.018395
39.717,0.018509
39.727,0.018588
39.737,0.018633
39.747,0.018644
39.757,0.01863
39.767,0.018582
39.777,0.018507
39.787,0.018402
39.797,0.018264
39.807,0.018094
39.817,0.017897
39.827,0.017674
39.837,0.017426
39.847,0.017151
39.857,0.016851
39.867,0.016527
39.877,0.016182
39.887,0.015811
39.897,0.015417
39.907,0.014996
39.917,0.014564
39.927,0.014119
39.937,0.013654
39.947,0.013171
39.957,0.012679
39.967,0.012183
39.977,0.011681
39.987,0.011173
39.996,0.01067
40.006,0.010153
40.016,0.0096392
40.026,0.009126
40.036,0.0086175
40.046,0.0080983
40.056,0.0075743
40.066,0.0070605
40.076,0.0065513
40.086,0.0060444
40.096,0.0055368
40.106,0.0050458
40.116,0.0045621
40.126,0.0040838
40.136,0.0036158
40.146,0.0031686
40.156,0.0027278
40.166,0.0022901
40.176,0.0018644
40.186,0.0014486
40.196,0.001053
40.206,0.00067043
40.216,0.00030081
40.226,-4.991e-005
40.236,-0.00039338
40.246,-0.00072045
40.256,-0.0010306
40.266,-0.0013229
40.276,-0.0015924
40.286,-0.0018535
40.296,-0.0021037
40.306,-0.0023278
40.316,-0.0025293
40.326,-0.0027177
40.336,-0.0028888
40.346,-0.0030426
40.356,-0.003179
40.366,-0.0032933
40.376,-0.0033835
40.386,-0.0034616
40.396,-0.0035162
40.406,-0.0035525
40.416,-0.0035674
40.426,-0.0035788
40.436,-0.0035737
40.446,-0.0035602
40.456,-0.0035328
40.466,-0.0034904
40.476,-0.0034299
40.486,-0.0033483
40.496,-0.0032498
40.506,-0.0031339
40.516,-0.0030053
40.526,-0.0028616
40.536,-0.0027081
40.546,-0.0025404
40.556,-0.0023454
40.566,-0.0021422
40.576,-0.001918
40.586,-0.0016808
40.596,-0.0014226
40.606,-0.0011497
40.616,-0.00085969
40.626,-0.00056371
40.636,-0.00025085
40.646,7.3576e-005
40.656,0.00042053
40.666,0.0007739
40.676,0.0011429
40.686,0.0015308
40.696,0.001934
40.706,0.0023472
40.716,0.0027695
40.726,0.0031925
40.736,0.0036425
40.746,0.0041082
40.756,0.0045805
40.766,0.0050667
40.776,0.0055584
40.786,0.0060605
40.796,0.0065798
40.806,0.0071058
40.816,0.0076347
40.826,0.0081714
40.836,0.008712
40.846,0.0092548
40.856,0.0098072
40.866,0.010364
40.876,0.010938
40.886,0.01151
40.896,0.012082
40.906,0.012654
40.916,0.013226
40.926,0.013813
40.936,0.014408
40.946,0.014995
40.956,0.015587
40.966,0.016183
40.976,0.016772
40.986,0.017367
40.996,0.017957
41.006,0.018537
41.016,0.01912
41.026,0.019699
41.036,0.020262
41.046,0.020819
41.056,0.02137
41.066,0.021917
41.076,0.022457
41.086,0.022993
41.096,0.023527
41.106,0.024063
41.116,0.02458
41.126,0.025082
41.136,0.025583
41.146,0.026087
41.156,0.026587
41.166,0.027075
41.176,0.027562
41.186,0.02804
41.195,0.028505
41.205,0.028974
41.215,0.029447
41.225,0.029911
41.235,0.030364
41.245,0.030817
41.255,0.031271
41.265,0.031719
41.275,0.032167
41.285,0.032614
41.295,0.033056
41.305,0.033498
41.315,0.033941
41.325,0.034373
41.335,0.034804
41.345,0.035236
41.355,0.035663
41.365,0.036079
41.375,0.036493
41.385,0.036897
41.395,0.037298
41.405,0.037701
41.415,0.038092
41.425,0.038475
41.435,0.038864
41.445,0.039235
41.455,0.039598
41.465,0.039955
41.475,0.040311
41.485,0.040664
41.495,0.041008
41.505,0.04135
41.515,0.041679
41.525,0.041992
41.535,0.042302
41.545,0.042605
41.555,0.042892
41.565,0.043171
41.575,0.043434
41.585,0.043687
41.595,0.04393
41.605,0.044158
41.615,0.044372
41.625,0.044575
41.635,0.044758
41.645,0.044938
41.655,0.045093
41.665,0.045236
41.675,0.045362
41.685,0.045483
41.695,0.045602
41.705,0.0457
41.715,0.045784
41.725,0.045862
41.735,0.045927
41.745,0.045983
41.755,0.046033
41.765,0.046073
41.775,0.046107
41.785,0.046142
41.795,0.046181
41.805,0.046214
41.815,0.046236
41.825,0.04626
41.835,0.046282
41.845,0.046291
41.855,0.04631
41.865,0.046324
41.875,0.046329
41.885,0.046335
41.895,0.04634
41.905,0.046345
41.915,0.046344
41.925,0.046345
41.935,0.04636
41.945,0.046383
41.955,0.046412
41.965,0.046453
41.975,0.046492
41.985,0.046538
41.995,0.046596
42.005,0.046661
42.015,0.04673
42.025,0.046812
42.035,0.046883
42.045,0.046962
42.055,0.047053
42.065,0.047146
42.075,0.047244
42.085,0.04735
42.095,0.047462
42.105,0.047576
42.115,0.047692
42.125,0.047821
42.135,0.047953
42.145,0.048082
42.155,0.04821
42.165,0.048336
42.175,0.048445
42.185,0.048552
42.195,0.048653
42.205,0.048759
42.215,0.048864
42.225,0.048975
42.235,0.049076
42.245,0.049172
42.255,0.049261
42.265,0.049337
42.275,0.049405
42.285,0.049478
42.295,0.049536
42.305,0.04958
42.315,0.049617
42.325,0.049656
42.335,0.049677
42.345,0.049672
42.355,0.049659
42.365,0.049648
42.375,0.049634
42.384,0.049599
42.394,0.049556
42.404,0.049509
42.414,0.049462
42.424,0.049407
42.434,0.049358
42.444,0.0493
42.454,0.049239
42.464,0.049169
42.474,0.049094
42.484,0.049028
42.494,0.048965
42.504,0.048907
42.514,0.048851
42.524,0.048788
42.534,0.048734
42.544,0.04869
42.554,0.048637
42.564,0.048599
42.574,0.048568
42.584,0.048545
42.594,0.048545
42.604,0.048557
42.614,0.048581
42.624,0.048627
42.634,0.048689
42.644,0.048765
42.654,0.048863
42.664,0.048975
42.674,0.049091
42.684,0.049237
42.694,0.049395
42.704,0.049571
42.714,0.049768
42.724,0.049984
42.734,0.050222
42.744,0.05048
42.754,0.05075
42.764,0.05104
42.774,0.051346
42.784,0.051659
42.794,0.052
42.804,0.052363
42.814,0.052729
42.824,0.0531
42.834,0.053499
42.844,0.053913
42.854,0.054327
42.864,0.054737
42.874,0.055166
42.884,0.055611
42.894,0.056073
42.904,0.056541
42.914,0.057008
42.924,0.057487
42.934,0.057975
42.944,0.058471
42.954,0.058954
42.964,0.059442
42.974,0.059933
42.984,0.060421
42.994,0.060903
43.004,0.061375
43.014,0.061846
43.024,0.062316
43.034,0.06276
43.044,0.063183
43.054,0.063591
43.064,0.063994
43.074,0.064374
43.084,0.064731
43.094,0.065083
43.104,0.0654
43.114,0.065702
43.124,0.065991
43.134,0.066243
43.144,0.066463
43.154,0.066671
43.164,0.066857
43.174,0.066998
43.184,0.067117
43.194,0.067209
43.204,0.067266
43.214,0.067279
43.224,0.067265
43.234,0.06722
43.244,0.067129
43.254,0.066998
43.264,0.066832
43.274,0.066626
43.284,0.066377
43.294,0.066091
43.304,0.065757
43.314,0.065388
43.324,0.064976
43.334,0.064519
43.344,0.06402
43.354,0.063475
43.364,0.0629
43.374,0.062289
43.384,0.061642
43.394,0.060959
43.404,0.060246
43.414,0.059498
43.424,0.058706
43.434,0.057882
43.444,0.057024
43.454,0.056127
43.464,0.055207
43.474,0.054252
43.484,0.053266
43.494,0.052244
43.504,0.051206
43.514,0.050152
43.524,0.049066
43.534,0.047956
43.544,0.046852
43.554,0.045733
43.564,0.044601
43.574,0.043433
43.583,0.042246
43.593,0.041027
43.603,0.039811
43.613,0.038585
43.623,0.037363
43.633,0.036126
43.643,0.03489
43.653,0.033644
43.663,0.032381
43.673,0.031113
43.683,0.029835
43.693,0.028547
43.703,0.027244
43.713,0.025931
43.723,0.024616
43.733,0.023267
43.743,0.021932
43.753,0.020569
43.763,0.019217
43.773,0.01786
43.783,0.01649
43.793,0.015114
43.803,0.013751
43.813,0.012379
43.823,0.010991
43.833,0.0096158
43.843,0.0082404
43.853,0.0068406
43.863,0.0054235
43.873,0.0039974
43.883,0.0025678
43.893,0.0011219
43.903,-0.00030822
43.913,-0.0017403
43.923,-0.0031776
43.933,-0.0046358
43.943,-0.0060941
43.953,-0.0075361
43.963,-0.0089922
43.973,-0.010434
43.983,-0.011889
43.993,-0.013358
44.003,-0.014802
44.013,-0.016264
44.023,-0.017726
44.033,-0.019169
44.043,-0.020572
44.053,-0.021971
44.063,-0.023367
44.073,-0.024728
44.083,-0.026075
44.093,-0.027392
44.103,-0.02869
44.113,-0.029961
44.123,-0.031214
44.133,-0.03246
44.143,-0.033674
44.153,-0.03486
44.163,-0.036004
44.173,-0.037104
44.183,-0.038164
44.193,-0.039178
44.203,-0.040155
44.213,-0.041095
44.223,-0.042
44.233,-0.042849
44.243,-0.043635
44.253,-0.044384
44.263,-0.045088
44.273,-0.045755
44.283,-0.046377
44.293,-0.046948
44.303,-0.047462
44.313,-0.047936
44.323,-0.048367
44.333,-0.048735
44.343,-0.049074
44.353,-0.049362
44.363,-0.049589
44.373,-0.049772
44.383,-0.049917
44.393,-0.050021
44.403,-0.050086
44.413,-0.050114
44.423,-0.050094
44.433,-0.050029
44.443,-0.049924
44.453,-0.049793
44.463,-0.049632
44.473,-0.049441
44.483,-0.049223
44.493,-0.048986
44.503,-0.048722
44.513,-0.048435
44.523,-0.048133
44.533,-0.04781
44.543,-0.047466
44.553,-0.047118
44.563,-0.046753
44.573,-0.046367
44.583,-0.045986
44.593,-0.045601
44.603,-0.045217
44.613,-0.044817
44.623,-0.044415
44.633,-0.044011
44.643,-0.043609
44.653,-0.043221
44.663,-0.042842
44.673,-0.042464
44.683,-0.042099
44.693,-0.041732
44.703,-0.041386
44.713,-0.04106
44.723,-0.040738
44.733,-0.040418
44.743,-0.040115
44.753,-0.039817
44.763,-0.039526
44.772,-0.039249
44.782,-0.038996
44.792,-0.038761
44.802,-0.038559
44.812,-0.03838
44.822,-0.038217
44.832,-0.03808
44.842,-0.037959
44.852,-0.037874
44.862,-0.037801
44.872,-0.037746
44.882,-0.037723
44.892,-0.037714
44.902,-0.037719
44.912,-0.037734
44.922,-0.037791
44.932,-0.037885
44.942,-0.038006
44.952,-0.038146
44.962,-0.038328
44.972,-0.038536
44.982,-0.038766
44.992,-0.039023
45.002,-0.039295
45.012,-0.039582
45.022,-0.039884
45.032,-0.040201
45.042,-0.040547
45.052,-0.040905
45.062,-0.041293
45.072,-0.041702
45.082,-0.042124
45.092,-0.04256
45.102,-0.043018
45.112,-0.043491
45.122,-0.04398
45.132,-0.044494
45.142,-0.045013
45.152,-0.045556
45.162,-0.046099
45.172,-0.046656
45.182,-0.047226
45.192,-0.047784
45.202,-0.048343
45.212,-0.048892
45.222,-0.049445
45.232,-0.050007
45.242,-0.050552
45.252,-0.051109
45.262,-0.051682
45.272,-0.052245
45.282,-0.052807
45.292,-0.053361
45.302,-0.053916
45.312,-0.05444
45.322,-0.05496
45.332,-0.055461
45.342,-0.055955
45.352,-0.056435
45.362,-0.0569
45.372,-0.057355
45.382,-0.057791
45.392,-0.058205
45.402,-0.058604
45.412,-0.058999
45.422,-0.059357
45.432,-0.059701
45.442,-0.06002
45.452,-0.060318
45.462,-0.060592
45.472,-0.060862
45.482,-0.061112
45.492,-0.061337
45.502,-0.061537
45.512,-0.06172
45.522,-0.061891
45.532,-0.062051
45.542,-0.062204
45.552,-0.062344
45.562,-0.062481
45.572,-0.062585
45.582,-0.062683
45.592,-0.062754
45.602,-0.062818
45.612,-0.062882
45.622,-0.062926
45.632,-0.062958
45.642,-0.062984
45.652,-0.062974
45.662,-0.062965
45.672,-0.062955
45.682,-0.062933
45.692,-0.062917
45.702,-0.062904
45.712,-0.062897
45.722,-0.062889
45.732,-0.062867
45.742,-0.062854
45.752,-0.062833
45.762,-0.062832
45.772,-0.06283
45.782,-0.062821
45.792,-0.062813
45.802,-0.062815
45.812,-0.062814
45.822,-0.062826
45.832,-0.062837
45.842,-0.062844
45.852,-0.062852
45.862,-0.062861
45.872,-0.06286
45.882,-0.062845
45.892,-0.062821
45.902,-0.06278
45.912,-0.062735
45.922,-0.062689
45.932,-0.062628
45.942,-0.062566
45.952,-0.062493
45.962,-0.062428
45.971,-0.062346
45.981,-0.062245
45.991,-0.06213
46.001,-0.062006
46.011,-0.061862
46.021,-0.061687
46.031,-0.061482
46.041,-0.061273
46.051,-0.061029
46.061,-0.060757
46.071,-0.060451
46.081,-0.060117
46.091,-0.059773
46.101,-0.059405
46.111,-0.05901
46.121,-0.058582
46.131,-0.058122
46.141,-0.057643
46.151,-0.05713
46.161,-0.056593
46.171,-0.056017
46.181,-0.055401
46.191,-0.054777
46.201,-0.054103
46.211,-0.053411
46.221,-0.052699
46.231,-0.05195
46.241,-0.051191
46.251,-0.050406
46.261,-0.049603
46.271,-0.048777
46.281,-0.047924
46.291,-0.047051
46.301,-0.046149
46.311,-0.045255
46.321,-0.044341
46.331,-0.043418
46.341,-0.042493
46.351,-0.04157
46.361,-0.040625
46.371,-0.039667
46.381,-0.038704
46.391,-0.037746
46.401,-0.036787
46.411,-0.035842
46.421,-0.034883
46.431,-0.033953
46.441,-0.033047
46.451,-0.032138
46.461,-0.03124
46.471,-0.030374
46.481,-0.029518
46.491,-0.028675
46.501,-0.027848
46.511,-0.02706
46.521,-0.026272
46.531,-0.025546
46.541,-0.02483
46.551,-0.024148
46.561,-0.02348
46.571,-0.02284
46.581,-0.022238
46.591,-0.02166
46.601,-0.021118
46.611,-0.020612
46.621,-0.020157
46.631,-0.019745
46.641,-0.019374
46.651,-0.019037
46.661,-0.018725
46.671,-0.018435
46.681,-0.01818
46.691,-0.017976
46.701,-0.017797
46.711,-0.017648
46.721,-0.017503
46.731,-0.017399
46.741,-0.017328
46.751,-0.017278
46.761,-0.017257
46.771,-0.017244
46.781,-0.017274
46.791,-0.017324
46.801,-0.017381
46.811,-0.017463
46.821,-0.017555
46.831,-0.017656
46.841,-0.017741
46.851,-0.017826
46.861,-0.017901
46.871,-0.017987
46.881,-0.018081
46.891,-0.018167
46.901,-0.018259
46.911,-0.018335
46.921,-0.01841
46.931,-0.018468
46.941,-0.018506
46.951,-0.018548
46.961,-0.018553
46.971,-0.018561
46.981,-0.018548
46.991,-0.018524
47.001,-0.018497
47.011,-0.018436
47.021,-0.018346
47.031,-0.018226
47.041,-0.0181
47.051,-0.017959
47.061,-0.017811
47.071,-0.017631
47.081,-0.017437
47.091,-0.017218
47.101,-0.016987
47.111,-0.016737
47.121,-0.016474
47.131,-0.016183
47.141,-0.015871
47.151,-0.01554
47.16,-0.015214
47.17,-0.014885
47.18,-0.014561
47.19,-0.01424
47.2,-0.013912
47.21,-0.013581
47.22,-0.013266
47.23,-0.012964
47.24,-0.01267
47.25,-0.012384
47.26,-0.012101
47.27,-0.011812
47.28,-0.011553
47.29,-0.011307
47.3,-0.011088
47.31,-0.010884
47.32,-0.010695
47.33,-0.01053
47.34,-0.010407
47.35,-0.010296
47.36,-0.010237
47.37,-0.010209
47.38,-0.010203
47.39,-0.010225
47.4,-0.010261
47.41,-0.010331
47.42,-0.010436
47.43,-0.010561
47.44,-0.010698
47.45,-0.010864
47.46,-0.011058
47.47,-0.011282
47.48,-0.011528
47.49,-0.01179
47.5,-0.012073
47.51,-0.01238
47.52,-0.012713
47.53,-0.013066
47.54,-0.013433
47.55,-0.013812
47.56,-0.014197
47.57,-0.014593
47.58,-0.014987
47.59,-0.015383
47.6,-0.015778
47.61,-0.01618
47.62,-0.016577
47.63,-0.016973
47.64,-0.017346
47.65,-0.017693
47.66,-0.018047
47.67,-0.018372
47.68,-0.018672
47.69,-0.018942
47.7,-0.019221
47.71,-0.019451
47.72,-0.019651
47.73,-0.019837
47.74,-0.019995
47.75,-0.020104
47.76,-0.02017
47.77,-0.020215
47.78,-0.020235
47.79,-0.020219
47.8,-0.020169
47.81,-0.020071
47.82,-0.019933
47.83,-0.019771
47.84,-0.019581
47.85,-0.019332
47.86,-0.019061
47.87,-0.018723
47.88,-0.018322
47.89,-0.017908
47.9,-0.017451
47.91,-0.016976
47.92,-0.016412
47.93,-0.01582
47.94,-0.015219
47.95,-0.01456
47.96,-0.013856
47.97,-0.013145
47.98,-0.012383
47.99,-0.011609
48,-0.010788
48.01,-0.0099447
48.02,-0.0091079
48.03,-0.0082191
48.04,-0.007314
48.05,-0.0063974
48.06,-0.0054225
48.07,-0.004424
48.08,-0.0034308
48.09,-0.0024273
48.1,-0.0014499
48.11,-0.00045006
48.12,0.00054374
48.13,0.0015826
48.14,0.0026046
48.15,0.0036328
48.16,0.0046631
48.17,0.0057023
48.18,0.0067311
48.19,0.0077385
48.2,0.0087717
48.21,0.0097959
48.22,0.01079
48.23,0.011769
48.24,0.012744
48.25,0.013706
48.26,0.014654
48.27,0.015595
48.28,0.016516
48.29,0.01741
48.3,0.018287
48.31,0.019132
48.32,0.019953
48.33,0.020748
48.34,0.021517
48.35,0.022279
48.359,0.022995
48.369,0.023707
48.379,0.024355
48.389,0.024965
48.399,0.025532
48.409,0.026074
48.419,0.026605
48.429,0.027096
48.439,0.027594
48.449,0.028042
48.459,0.02844
48.469,0.028804
48.479,0.029138
48.489,0.029462
48.499,0.029729
48.509,0.029991
48.519,0.03022
48.529,0.030457
48.539,0.030642
48.549,0.03078
48.559,0.030891
48.569,0.030959
48.579,0.031005
48.589,0.030995
48.599,0.030949
48.609,0.030865
48.619,0.030744
48.629,0.030614
48.639,0.030443
48.649,0.030252
48.659,0.030044
48.669,0.029819
48.679,0.029582
48.689,0.029313
48.699,0.029044
48.709,0.028726
48.719,0.028387
48.729,0.028015
48.739,0.027645
48.749,0.027256
48.759,0.02686
48.769,0.026449
48.779,0.026009
48.789,0.02554
48.799,0.025077
48.809,0.024597
48.819,0.024079
48.829,0.023569
48.839,0.023019
48.849,0.022489
48.859,0.021911
48.869,0.021334
48.879,0.020759
48.889,0.020159
48.899,0.01959
48.909,0.019018
48.919,0.018447
48.929,0.017871
48.939,0.017294
48.949,0.016709
48.959,0.016118
48.969,0.015545
48.979,0.014974
48.989,0.014414
48.999,0.013874
49.009,0.01336
49.019,0.012868
49.029,0.012358
49.039,0.011834
49.049,0.011304
49.059,0.0108
49.069,0.010301
49.079,0.0098186
49.089,0.0093472
49.099,0.0088938
49.109,0.0084781
49.119,0.0080965
49.129,0.0077477
49.139,0.0073788
49.149,0.0070244
49.159,0.0066475
49.169,0.0063049
49.179,0.0059684
49.189,0.0056399
49.199,0.0053497
49.209,0.0050866
49.219,0.0048409
49.229,0.0046395
49.239,0.0044071
49.249,0.0041778
49.259,0.0039967
49.269,0.0038379
49.279,0.0037063
49.289,0.0035809
49.299,0.0034941
49.309,0.0034603
49.319,0.0034238
49.329,0.0034133
49.339,0.0033535
49.349,0.0032919
49.359,0.0032719
49.369,0.0032952
49.379,0.0033487
49.389,0.0034374
49.399,0.0035392
49.409,0.0036272
49.419,0.0037328
49.429,0.0038437
49.439,0.0039441
49.449,0.004098
49.459,0.0042848
49.469,0.0045263
49.479,0.0047782
49.489,0.0050387
49.499,0.0052972
49.509,0.0056171
49.519,0.0059476
49.529,0.0063062
49.539,0.0066532
49.548,0.0069993
49.558,0.0073721
49.568,0.0077719
49.578,0.0081782
49.588,0.0085625
49.598,0.0089851
49.608,0.009386
49.618,0.0097737
49.628,0.010169
49.638,0.010529
49.648,0.010893
49.658,0.011257
49.668,0.011622
49.678,0.012039
49.688,0.012433
49.698,0.012856
49.708,0.013267
49.718,0.013674
49.728,0.014039
49.738,0.014401
49.748,0.014796
49.758,0.015164
49.768,0.01548
49.778,0.015792
49.788,0.01609
49.798,0.016312
49.808,0.016448
49.818,0.016502
49.828,0.016542
49.838,0.016494
49.848,0.016346
49.858,0.016231
49.868,0.016067
49.878,0.015753
49.888,0.015348
49.898,0.014981
49.908,0.014374
49.918,0.013806
49.928,0.012995
49.938,0.011157
49.948,0.0070119
