0,0.0072124
0.020043,0.0017074
0.040087,-1.8888e-005
0.06013,-0.00018767
0.080174,-0.00016995
0.10022,-0.00032877
0.12026,-0.0004078
0.1403,-0.00030575
0.16035,-0.00041702
0.18039,-0.00053716
0.20043,-0.00045917
0.22048,-0.00047543
0.24052,-0.00055298
0.26057,-0.00056342
0.28061,-0.00059694
0.30065,-0.00058544
0.3207,-0.00057798
0.34074,-0.00059608
0.36078,-0.00061468
0.38083,-0.00057984
0.40087,-0.00054955
0.42091,-0.00052805
0.44096,-0.00051806
0.461,-0.00054052
0.48104,-0.00058528
0.50109,-0.00060649
0.52113,-0.00066254
0.54117,-0.00075001
0.56122,-0.00085304
0.58126,-0.00091017
0.6013,-0.00092781
0.62135,-0.00094905
0.64139,-0.0010138
0.66143,-0.0011253
0.68148,-0.0011227
0.70152,-0.00119
0.72157,-0.0012477
0.74161,-0.001296
0.76165,-0.0013124
0.7817,-0.001335
0.80174,-0.0013579
0.82178,-0.0014243
0.84183,-0.001448
0.86187,-0.0014816
0.88191,-0.0015772
0.90196,-0.0016214
0.922,-0.0016261
0.94204,-0.0016334
0.96209,-0.0016626
0.98213,-0.0017361
1.0022,-0.0018094
1.0222,-0.001903
1.0423,-0.0019731
1.0623,-0.0020703
1.0823,-0.0021355
1.1024,-0.0022377
1.1224,-0.0022747
1.1425,-0.0022787
1.1625,-0.0023169
1.1826,-0.0023249
1.2026,-0.0023397
1.2227,-0.0023897
1.2427,-0.0024228
1.2627,-0.002526
1.2828,-0.0026093
1.3028,-0.0026903
1.3229,-0.0027476
1.3429,-0.0027614
1.363,-0.0027849
1.383,-0.0028091
1.403,-0.0028447
1.4231,-0.0029083
1.4431,-0.0029767
1.4632,-0.0030036
1.4832,-0.0030749
1.5033,-0.0030831
1.5233,-0.0030778
1.5433,-0.0030673
1.5634,-0.0031215
1.5834,-0.0031985
1.6035,-0.0032599
1.6235,-0.0032553
1.6436,-0.003234
1.6636,-0.0032566
1.6837,-0.0032764
1.7037,-0.0033261
1.7237,-0.0033871
1.7438,-0.0034495
1.7638,-0.00349
1.7839,-0.0035014
1.8039,-0.0034944
1.824,-0.003546
1.844,-0.0036016
1.864,-0.0036303
1.8841,-0.0036547
1.9041,-0.003649
1.9242,-0.0036781
1.9442,-0.0037039
1.9643,-0.003708
1.9843,-0.0037312
2.0043,-0.0037182
2.0244,-0.0037068
2.0444,-0.0037032
2.0645,-0.003669
2.0845,-0.0036282
2.1046,-0.0035874
2.1246,-0.003549
2.1447,-0.0035442
2.1647,-0.0035155
2.1847,-0.0034887
2.2048,-0.0034795
2.2248,-0.0034339
2.2449,-0.0033999
2.2649,-0.003388
2.285,-0.0033782
2.305,-0.0033549
2.325,-0.0033061
2.3451,-0.0032704
2.3651,-0.0032311
2.3852,-0.0031966
2.4052,-0.0031634
2.4253,-0.00313
2.4453,-0.0030457
2.4653,-0.0029646
2.4854,-0.0028705
2.5054,-0.0027729
2.5255,-0.0026979
2.5455,-0.0026116
2.5656,-0.0025429
2.5856,-0.002472
2.6057,-0.0024108
2.6257,-0.0023495
2.6457,-0.0022803
2.6658,-0.0022104
2.6858,-0.0021452
2.7059,-0.0020336
2.7259,-0.0019451
2.746,-0.0018664
2.766,-0.0017652
2.786,-0.0016649
2.8061,-0.0016023
2.8261,-0.0015588
2.8462,-0.0015118
2.8662,-0.0014555
2.8863,-0.0013698
2.9063,-0.0012752
2.9263,-0.0011929
2.9464,-0.0011457
2.9664,-0.0010689
2.9865,-0.0010119
3.0065,-0.00096055
3.0266,-0.00089514
3.0466,-0.00081345
3.0667,-0.00068296
3.0867,-0.00054427
3.1067,-0.0004063
3.1268,-0.00031441
3.1468,-0.00021137
3.1669,-0.00011767
3.1869,-3.5528e-005
3.207,5.1544e-005
3.227,0.00013835
3.247,0.00022794
3.2671,0.00032451
3.2871,0.00041012
3.3072,0.00047793
3.3272,0.00054918
3.3473,0.00061905
3.3673,0.00068364
3.3873,0.00073174
3.4074,0.00076207
3.4274,0.00079204
3.4475,0.00084125
3.4675,0.00089446
3.4876,0.00096579
3.5076,0.0010318
3.5277,0.0010858
3.5477,0.0011445
3.5677,0.0012101
3.5878,0.0012881
3.6078,0.0013614
3.6279,0.0014402
3.6479,0.0015206
3.668,0.0015907
3.688,0.0016769
3.708,0.0017436
3.7281,0.0017845
3.7481,0.0018196
3.7682,0.0018618
3.7882,0.0019218
3.8083,0.001992
3.8283,0.002063
3.8483,0.0021372
3.8684,0.0022193
3.8884,0.002317
3.9085,0.0024033
3.9285,0.0024783
3.9486,0.0025664
3.9686,0.0026591
3.9887,0.0027383
4.0087,0.0028168
4.0287,0.0028881
4.0488,0.0029533
4.0688,0.0030171
4.0889,0.0031018
4.1089,0.0031892
4.129,0.0032548
4.149,0.0033236
4.169,0.0034108
4.1891,0.0034848
4.2091,0.0035631
4.2292,0.0036406
4.2492,0.0036944
4.2693,0.0037247
4.2893,0.0037652
4.3093,0.0038006
4.3294,0.0038153
4.3494,0.003833
4.3695,0.0038527
4.3895,0.0038736
4.4096,0.0039165
4.4296,0.0039511
4.4497,0.0039886
4.4697,0.0040216
4.4897,0.0040371
4.5098,0.0040672
4.5298,0.0040815
4.5499,0.0041053
4.5699,0.0041067
4.59,0.0040833
4.61,0.0040921
4.63,0.0040907
4.6501,0.0040675
4.6701,0.0040568
4.6902,0.0040687
4.7102,0.0040575
4.7303,0.0040262
4.7503,0.004022
4.7703,0.0040339
4.7904,0.004057
4.8104,0.0040545
4.8305,0.0040259
4.8505,0.0040093
4.8706,0.0039991
4.8906,0.0040011
4.9107,0.0039951
4.9307,0.0039912
4.9507,0.0039903
4.9708,0.0039836
4.9908,0.0039609
5.0109,0.003948
5.0309,0.0039363
5.051,0.003919
5.071,0.0038862
5.091,0.0038652
5.1111,0.003839
5.1311,0.0038146
5.1512,0.0038057
5.1712,0.003793
5.1913,0.0037804
5.2113,0.0037617
5.2313,0.0037272
5.2514,0.0036968
5.2714,0.0036725
5.2915,0.0036592
5.3115,0.003631
5.3316,0.0036076
5.3516,0.0035797
5.3717,0.0035459
5.3917,0.0035043
5.4117,0.0034576
5.4318,0.0034089
5.4518,0.0033713
5.4719,0.0033436
5.4919,0.0033038
5.512,0.0032808
5.532,0.0032424
5.552,0.0032041
5.5721,0.0031589
5.5921,0.0030928
5.6122,0.0030422
5.6322,0.002994
5.6523,0.0029437
5.6723,0.0028946
5.6923,0.0028545
5.7124,0.0028202
5.7324,0.0027843
5.7525,0.0027347
5.7725,0.0026872
5.7926,0.0026502
5.8126,0.0026175
5.8327,0.0025849
5.8527,0.0025433
5.8727,0.0024842
5.8928,0.0023975
5.9128,0.0023179
5.9329,0.0022437
5.9529,0.0021725
5.973,0.0021105
5.993,0.0020521
6.013,0.0019833
6.0331,0.001912
6.0531,0.0018421
6.0732,0.0017895
6.0932,0.0017438
6.1133,0.0017135
6.1333,0.0017069
6.1533,0.0016715
6.1734,0.0016321
6.1934,0.0015986
6.2135,0.0015397
6.2335,0.0014692
6.2536,0.0013958
6.2736,0.0013124
6.2937,0.0012568
6.3137,0.0012123
6.3337,0.00117
6.3538,0.0011449
6.3738,0.0011185
6.3939,0.0010847
6.4139,0.001059
6.434,0.001052
6.454,0.0010429
6.474,0.0010278
6.4941,0.0010093
6.5141,0.0009793
6.5342,0.0009429
6.5542,0.00089849
6.5743,0.00086139
6.5943,0.00081066
6.6143,0.0007518
6.6344,0.00070515
6.6544,0.00064687
6.6745,0.00059473
6.6945,0.00055323
6.7146,0.00050586
6.7346,0.00044724
6.7547,0.00041243
6.7747,0.00038601
6.7947,0.00035974
6.8148,0.00032916
6.8348,0.00029802
6.8549,0.0002764
6.8749,0.00025435
6.895,0.00023167
6.915,0.00021882
6.935,0.00020692
6.9551,0.00019462
6.9751,0.00017361
6.9952,0.0001467
7.0152,0.00011719
7.0353,8.9549e-005
7.0553,7.3853e-005
7.0753,4.0383e-005
7.0954,1.1771e-005
7.1154,9.8521e-006
7.1355,5.0385e-006
7.1555,2.5761e-006
7.1756,-1.5092e-005
7.1956,-4.277e-005
7.2157,-6.0477e-005
7.2357,-7.806e-005
7.2557,-0.00010146
7.2758,-0.000125
7.2958,-0.00014376
7.3159,-0.00014124
7.3359,-0.00011194
7.356,-8.0854e-005
7.376,-5.1476e-005
7.396,-3.3603e-005
7.4161,-1.4045e-005
7.4361,7.5272e-006
7.4562,2.7141e-005
7.4762,3.7786e-005
7.4963,5.4806e-005
7.5163,7.1504e-005
7.5363,8.089e-005
7.5564,8.1519e-005
7.5764,8.7157e-005
7.5965,0.00011853
7.6165,0.00016374
7.6366,0.00019963
7.6566,0.00022879
7.6767,0.000267
7.6967,0.00032928
7.7167,0.00039679
7.7368,0.00046621
7.7568,0.00053589
7.7769,0.00059462
7.7969,0.00064721
7.817,0.00071467
7.837,0.00077427
7.857,0.00081546
7.8771,0.00087468
7.8971,0.00093853
7.9172,0.0010063
7.9372,0.0010756
7.9573,0.0011355
7.9773,0.0012123
7.9973,0.0012988
8.0174,0.0013702
8.0374,0.0014486
8.0575,0.0015304
8.0775,0.0016107
8.0976,0.0016912
8.1176,0.0017824
8.1377,0.00187
8.1577,0.0019764
8.1777,0.0020967
8.1978,0.0022184
8.2178,0.0023138
8.2379,0.0024151
8.2579,0.0025209
8.278,0.002643
8.298,0.0027758
8.318,0.002906
8.3381,0.0030457
8.3581,0.0031793
8.3782,0.0032968
8.3982,0.0033938
8.4183,0.0035026
8.4383,0.0036129
8.4583,0.0037277
8.4784,0.0038419
8.4984,0.0039477
8.5185,0.0040518
8.5385,0.00416
8.5586,0.0042612
8.5786,0.0043647
8.5987,0.0044688
8.6187,0.0045664
8.6387,0.0046467
8.6588,0.0047323
8.6788,0.0048233
8.6989,0.0049291
8.7189,0.0050289
8.739,0.005141
8.759,0.0052501
8.779,0.0053548
8.7991,0.0054467
8.8191,0.0055272
8.8392,0.0055963
8.8592,0.0056687
8.8793,0.005726
8.8993,0.0057734
8.9193,0.0058302
8.9394,0.0058758
8.9594,0.0059175
8.9795,0.0059646
8.9995,0.0060084
9.0196,0.0060497
9.0396,0.0060948
9.0597,0.0061216
9.0797,0.0061363
9.0997,0.0061564
9.1198,0.0061658
9.1398,0.0061668
9.1599,0.0061831
9.1799,0.006194
9.2,0.0062002
9.22,0.0062121
9.24,0.0062297
9.2601,0.0062409
9.2801,0.0062428
9.3002,0.0062483
9.3202,0.0062345
9.3403,0.0062074
9.3603,0.0061701
9.3803,0.0061373
9.4004,0.006115
9.4204,0.0060914
9.4405,0.0060561
9.4605,0.0060131
9.4806,0.0059687
9.5006,0.0059272
9.5206,0.0058894
9.5407,0.0058367
9.5607,0.005781
9.5808,0.0057307
9.6008,0.0056868
9.6209,0.0056328
9.6409,0.0055714
9.661,0.0055041
9.681,0.0054087
9.701,0.0053175
9.7211,0.0052422
9.7411,0.0051647
9.7612,0.0050781
9.7812,0.0049879
9.8013,0.0048605
9.8213,0.004726
9.8413,0.0045995
9.8614,0.0044716
9.8814,0.0043409
9.9015,0.0042227
9.9215,0.0041233
9.9416,0.0040312
9.9616,0.0039292
9.9816,0.0038043
10.002,0.0036736
10.022,0.0035457
10.042,0.0034209
10.062,0.0032837
10.082,0.0031416
10.102,0.0029994
10.122,0.0028701
10.142,0.0027307
10.162,0.0025942
10.182,0.0024741
10.202,0.0023699
10.222,0.0022668
10.242,0.0021385
10.262,0.0020047
10.282,0.0018665
10.302,0.0017342
10.322,0.0015995
10.342,0.001479
10.362,0.0013671
10.383,0.0012573
10.403,0.0011507
10.423,0.001043
10.443,0.00093996
10.463,0.00081153
10.483,0.0006937
10.503,0.00059583
10.523,0.00050956
10.543,0.00042556
10.563,0.00034193
10.583,0.00025982
10.603,0.00016216
10.623,5.6205e-005
10.643,-5.3226e-005
10.663,-0.00015543
10.683,-0.00026084
10.703,-0.00035727
10.723,-0.0004484
10.743,-0.00053741
10.763,-0.00064556
10.783,-0.00075719
10.803,-0.00086108
10.823,-0.00094242
10.844,-0.0010182
10.864,-0.0010898
10.884,-0.0011546
10.904,-0.0012244
10.924,-0.0012974
10.944,-0.0013637
10.964,-0.0014229
10.984,-0.0014645
11.004,-0.0014957
11.024,-0.0015219
11.044,-0.0015439
11.064,-0.0015604
11.084,-0.0015783
11.104,-0.001592
11.124,-0.001622
11.144,-0.0016388
11.164,-0.001648
11.184,-0.0016576
11.204,-0.0016795
11.224,-0.0016797
11.244,-0.0016666
11.264,-0.0016509
11.284,-0.0016312
11.305,-0.0016175
11.325,-0.0016206
11.345,-0.0016292
11.365,-0.0016358
11.385,-0.001645
11.405,-0.0016588
11.425,-0.001666
11.445,-0.0016686
11.465,-0.0016494
11.485,-0.001626
11.505,-0.0016146
11.525,-0.0016118
11.545,-0.0016044
11.565,-0.0015958
11.585,-0.0015882
11.605,-0.0015801
11.625,-0.0015719
11.645,-0.0015555
11.665,-0.00153
11.685,-0.0014965
11.705,-0.0014521
11.725,-0.0014082
11.745,-0.0013734
11.766,-0.001323
11.786,-0.0012459
11.806,-0.001158
11.826,-0.0010805
11.846,-0.00099956
11.866,-0.0009112
11.886,-0.00083387
11.906,-0.00075677
11.926,-0.00068643
11.946,-0.00060643
11.966,-0.00053449
11.986,-0.00044978
12.006,-0.0003609
12.026,-0.00026176
12.046,-0.00016702
12.066,-7.1544e-005
12.086,4.0472e-005
12.106,0.00015877
12.126,0.00028655
12.146,0.00041276
12.166,0.0005469
12.186,0.00067591
12.206,0.0007964
12.227,0.00091913
12.247,0.0010465
12.267,0.0011851
12.287,0.0013173
12.307,0.0014617
12.327,0.0016289
12.347,0.0018037
12.367,0.0019855
12.387,0.0021715
12.407,0.0023748
12.427,0.0025883
12.447,0.0028315
12.467,0.0030846
12.487,0.0033304
12.507,0.0035791
12.527,0.0038332
12.547,0.0040967
12.567,0.0043683
12.587,0.0046564
12.607,0.0049484
12.627,0.0052474
12.647,0.0055462
12.667,0.0058509
12.688,0.0061694
12.708,0.0064922
12.728,0.0068149
12.748,0.0071512
12.768,0.0074998
12.788,0.007853
12.808,0.0081951
12.828,0.0085277
12.848,0.0088397
12.868,0.0091317
12.888,0.0094155
12.908,0.009693
12.928,0.0099595
12.948,0.010202
12.968,0.010416
12.988,0.010605
13.008,0.010745
13.028,0.010861
13.048,0.010928
13.068,0.010945
13.088,0.010921
13.108,0.010872
13.128,0.010778
13.149,0.010625
13.169,0.010416
13.189,0.010141
13.209,0.0098165
13.229,0.0094347
13.249,0.0090014
13.269,0.0085103
13.289,0.0079799
13.309,0.0073968
13.329,0.0067691
13.349,0.0060873
13.369,0.0053611
13.389,0.0045888
13.409,0.0037837
13.429,0.0029284
13.449,0.0020321
13.469,0.001096
13.489,0.00012562
13.509,-0.00086483
13.529,-0.0018636
13.549,-0.0028634
13.569,-0.0038608
13.589,-0.0048538
13.61,-0.005838
13.63,-0.0068132
13.65,-0.0077728
13.67,-0.0087056
13.69,-0.0096059
13.71,-0.010468
13.73,-0.011313
13.75,-0.012113
13.77,-0.012878
13.79,-0.013608
13.81,-0.014322
13.83,-0.015002
13.85,-0.015625
13.87,-0.016199
13.89,-0.01673
13.91,-0.01722
13.93,-0.017669
13.95,-0.018061
13.97,-0.018418
13.99,-0.018739
14.01,-0.019023
14.03,-0.019252
14.05,-0.019443
14.071,-0.019597
14.091,-0.019732
14.111,-0.01984
14.131,-0.019928
14.151,-0.019983
14.171,-0.020004
14.191,-0.020005
14.211,-0.019997
14.231,-0.019974
14.251,-0.019921
14.271,-0.019844
14.291,-0.019745
14.311,-0.019632
14.331,-0.019507
14.351,-0.019358
14.371,-0.01921
14.391,-0.019059
14.411,-0.018902
14.431,-0.018741
14.451,-0.018588
14.471,-0.018414
14.491,-0.018219
14.511,-0.018026
14.532,-0.017843
14.552,-0.017681
14.572,-0.017523
14.592,-0.017377
14.612,-0.017231
14.632,-0.017092
14.652,-0.016954
14.672,-0.016814
14.692,-0.016665
14.712,-0.016515
14.732,-0.016372
14.752,-0.016247
14.772,-0.01612
14.792,-0.016001
14.812,-0.015885
14.832,-0.015781
14.852,-0.015688
14.872,-0.015597
14.892,-0.015513
14.912,-0.015426
14.932,-0.015344
14.952,-0.01526
14.972,-0.01517
14.993,-0.015071
15.013,-0.014967
15.033,-0.01485
15.053,-0.014733
15.073,-0.014616
15.093,-0.014505
15.113,-0.014394
15.133,-0.014271
15.153,-0.014147
15.173,-0.014026
15.193,-0.013904
15.213,-0.013774
15.233,-0.013623
15.253,-0.013479
15.273,-0.01334
15.293,-0.013197
15.313,-0.013042
15.333,-0.012872
15.353,-0.012692
15.373,-0.012509
15.393,-0.012315
15.413,-0.012099
15.433,-0.011869
15.454,-0.011637
15.474,-0.011389
15.494,-0.011117
15.514,-0.010832
15.534,-0.010535
15.554,-0.010235
15.574,-0.0099033
15.594,-0.0095498
15.614,-0.009178
15.634,-0.0087973
15.654,-0.0084014
15.674,-0.0079871
15.694,-0.0075489
15.714,-0.0070767
15.734,-0.0065799
15.754,-0.006056
15.774,-0.0055018
15.794,-0.0049136
15.814,-0.0042974
15.834,-0.0036413
15.854,-0.0029469
15.874,-0.00222
15.894,-0.0014674
15.915,-0.00067389
15.935,0.00016118
15.955,0.0010357
15.975,0.0019553
15.995,0.0029255
16.015,0.0039429
16.035,0.005032
16.055,0.0061854
16.075,0.0074087
16.095,0.008683
16.115,0.010004
16.135,0.011378
16.155,0.012801
16.175,0.014285
16.195,0.015835
16.215,0.017455
16.235,0.019154
16.255,0.02096
16.275,0.02286
16.295,0.02485
16.315,0.0269
16.335,0.029022
16.355,0.031209
16.376,0.033471
16.396,0.03581
16.416,0.038207
16.436,0.040672
16.456,0.043212
16.476,0.045806
16.496,0.048436
16.516,0.051066
16.536,0.053706
16.556,0.056343
16.576,0.05894
16.596,0.061485
16.616,0.063978
16.636,0.066384
16.656,0.068678
16.676,0.070827
16.696,0.072783
16.716,0.074494
16.736,0.075952
16.756,0.077108
16.776,0.077932
16.796,0.078395
16.816,0.078474
16.837,0.078151
16.857,0.077395
16.877,0.076201
16.897,0.074564
16.917,0.072521
16.937,0.070059
16.957,0.067187
16.977,0.063917
16.997,0.060291
17.017,0.056356
17.037,0.052179
17.057,0.04782
17.077,0.043344
17.097,0.038822
17.117,0.034317
17.137,0.029858
17.157,0.025499
17.177,0.021347
17.197,0.017461
17.217,0.013883
17.237,0.010686
17.257,0.0079059
17.277,0.0055789
17.298,0.0037358
17.318,0.0023697
17.338,0.0014705
17.358,0.001036
17.378,0.0010474
17.398,0.0014709
17.418,0.002263
17.438,0.0033908
17.458,0.0047988
17.478,0.0064246
17.498,0.0082179
17.518,0.010086
17.538,0.012001
17.558,0.013895
17.578,0.015713
17.598,0.017427
17.618,0.018952
17.638,0.020271
17.658,0.021374
17.678,0.022229
17.698,0.022807
17.718,0.023074
17.738,0.023072
17.759,0.022773
17.779,0.022203
17.799,0.021379
17.819,0.020337
17.839,0.019118
17.859,0.017796
17.879,0.016405
17.899,0.015014
17.919,0.01365
17.939,0.01246
17.959,0.011397
17.979,0.0106
17.999,0.010112
18.019,0.0099657
18.039,0.0102
18.059,0.010861
18.079,0.011973
18.099,0.013523
18.119,0.015502
18.139,0.017903
18.159,0.020716
18.179,0.023915
18.199,0.027367
18.22,0.031125
18.24,0.035054
18.26,0.039033
18.28,0.042939
18.3,0.046789
18.32,0.050549
18.34,0.054079
18.36,0.057339
18.38,0.06027
18.4,0.062731
18.42,0.06457
18.44,0.065837
18.46,0.066328
18.48,0.065967
18.5,0.064702
18.52,0.062542
18.54,0.059604
18.56,0.055935
18.58,0.051522
18.6,0.046449
18.62,0.040824
18.64,0.034656
18.66,0.028059
18.681,0.021062
18.701,0.013632
18.721,0.0061655
18.741,-0.0015197
18.761,-0.009292
18.781,-0.017006
18.801,-0.024557
18.821,-0.031891
18.841,-0.038912
18.861,-0.045416
18.881,-0.051465
18.901,-0.056964
18.921,-0.061932
18.941,-0.066367
18.961,-0.070278
18.981,-0.073564
19.001,-0.076252
19.021,-0.078403
19.041,-0.080039
19.061,-0.081114
19.081,-0.081672
19.101,-0.081736
19.121,-0.081326
19.142,-0.080447
19.162,-0.079094
19.182,-0.07728
19.202,-0.07501
19.222,-0.07228
19.242,-0.069119
19.262,-0.065517
19.282,-0.061458
19.302,-0.056917
19.322,-0.051897
19.342,-0.046329
19.362,-0.040191
19.382,-0.033417
19.402,-0.026054
19.422,-0.018183
19.442,-0.0097635
19.462,-0.00076308
19.482,0.0088284
19.502,0.019017
19.522,0.029745
19.542,0.041034
19.562,0.052881
19.582,0.065223
19.603,0.078091
19.623,0.091348
19.643,0.10492
19.663,0.11892
19.683,0.13323
19.703,0.14781
19.723,0.16266
19.743,0.17791
19.763,0.19339
19.783,0.2093
19.803,0.22538
19.823,0.24171
19.843,0.25835
19.863,0.27497
19.883,0.29165
19.903,0.30877
19.923,0.32621
19.943,0.34399
19.963,0.36238
19.983,0.38119
20.003,0.40075
20.023,0.42116
20.043,0.44238
20.064,0.46455
20.084,0.48798
20.104,0.51274
20.124,0.53905
20.144,0.56693
20.164,0.5965
20.184,0.62789
20.204,0.66118
20.224,0.69629
20.244,0.73326
20.264,0.77227
20.284,0.81327
20.304,0.85678
20.324,0.9027
20.344,0.95102
20.364,1.0016
20.384,1.0545
20.404,1.1098
20.424,1.1673
20.444,1.2273
20.464,1.2895
20.484,1.3536
20.504,1.4193
20.525,1.4869
20.545,1.5557
20.565,1.6254
20.585,1.6955
20.605,1.7658
20.625,1.8356
20.645,1.9045
20.665,1.9722
20.685,2.0382
20.705,2.1021
20.725,2.1637
20.745,2.2222
20.765,2.2765
20.785,2.3262
20.805,2.3706
20.825,2.4085
20.845,2.4395
20.865,2.4628
20.885,2.4775
20.905,2.4834
20.925,2.4791
20.945,2.4645
20.965,2.4391
20.986,2.4017
21.006,2.3525
21.026,2.2915
21.046,2.2178
21.066,2.1318
21.086,2.0329
21.106,1.9214
21.126,1.7985
21.146,1.6632
21.166,1.5161
21.186,1.3584
21.206,1.1906
21.226,1.0138
21.246,0.8295
21.266,0.63796
21.286,0.44045
21.306,0.23792
21.326,0.031787
21.346,-0.17714
21.366,-0.38807
21.386,-0.59917
21.406,-0.80965
21.426,-1.0174
21.447,-1.2217
21.467,-1.4218
21.487,-1.6164
21.507,-1.8048
21.527,-1.9863
21.547,-2.1605
21.567,-2.3267
21.587,-2.4843
21.607,-2.6324
21.627,-2.7707
21.647,-2.8988
21.667,-3.0164
21.687,-3.1242
21.707,-3.2218
21.727,-3.3092
21.747,-3.3865
21.767,-3.4537
21.787,-3.511
21.807,-3.5586
21.827,-3.5961
21.847,-3.6242
21.867,-3.6431
21.887,-3.653
21.908,-3.6544
21.928,-3.6474
21.948,-3.6324
21.968,-3.6099
21.988,-3.5799
22.008,-3.543
22.028,-3.4998
22.048,-3.4504
22.068,-3.3954
22.088,-3.3352
22.108,-3.27
22.128,-3.2001
22.148,-3.1256
22.168,-3.0469
22.188,-2.9646
22.208,-2.8792
22.228,-2.791
22.248,-2.7003
22.268,-2.608
22.288,-2.5146
22.308,-2.4204
22.328,-2.3252
22.348,-2.2289
22.369,-2.132
22.389,-2.0352
22.409,-1.9385
22.429,-1.8424
22.449,-1.7476
22.469,-1.6544
22.489,-1.5631
22.509,-1.474
22.529,-1.3866
22.549,-1.3012
22.569,-1.2179
22.589,-1.1368
22.609,-1.0579
22.629,-0.98155
22.649,-0.90744
22.669,-0.83566
22.689,-0.76627
22.709,-0.69898
22.729,-0.63396
22.749,-0.57068
22.769,-0.50926
22.789,-0.44955
22.809,-0.39152
22.83,-0.33519
22.85,-0.2807
22.87,-0.22772
22.89,-0.17624
22.91,-0.1263
22.93,-0.077907
22.95,-0.030887
22.97,0.01479
22.99,0.059016
23.01,0.10175
23.03,0.14289
23.05,0.18246
23.07,0.22025
23.09,0.25635
23.11,0.29071
23.13,0.32333
23.15,0.35429
23.17,0.38342
23.19,0.41092
23.21,0.4367
23.23,0.4608
23.25,0.48316
23.27,0.50386
23.291,0.52301
23.311,0.54078
23.331,0.55719
23.351,0.57239
23.371,0.58653
23.391,0.59975
23.411,0.61218
23.431,0.6239
23.451,0.63501
23.471,0.64565
23.491,0.65595
23.511,0.66604
23.531,0.67602
23.551,0.68592
23.571,0.69586
23.591,0.70589
23.611,0.71607
23.631,0.72644
23.651,0.737
23.671,0.74775
23.691,0.75864
23.711,0.76969
23.731,0.78089
23.752,0.79224
23.772,0.80367
23.792,0.81512
23.812,0.8266
23.832,0.838
23.852,0.84929
23.872,0.86037
23.892,0.87113
23.912,0.88149
23.932,0.89142
23.952,0.90085
23.972,0.90974
23.992,0.91796
24.012,0.92544
24.032,0.93212
24.052,0.9379
24.072,0.94273
24.092,0.94653
24.112,0.94924
24.132,0.95082
24.152,0.95123
24.172,0.95038
24.192,0.94828
24.213,0.94485
24.233,0.94009
24.253,0.93401
24.273,0.92658
24.293,0.91784
24.313,0.90784
24.333,0.8966
24.353,0.88414
24.373,0.87053
24.393,0.85579
24.413,0.84007
24.433,0.82343
24.453,0.80603
24.473,0.78793
24.493,0.76924
24.513,0.75014
24.533,0.73078
24.553,0.71121
24.573,0.69159
24.593,0.67196
24.613,0.6525
24.633,0.63324
24.653,0.6143
24.674,0.59585
24.694,0.57787
24.714,0.56046
24.734,0.54367
24.754,0.52749
24.774,0.51193
24.794,0.49696
24.814,0.48256
24.834,0.46866
24.854,0.45526
24.874,0.44234
24.894,0.42987
24.914,0.41773
24.934,0.40591
24.954,0.39435
24.974,0.38295
24.994,0.37162
25.014,0.36035
25.034,0.34906
25.054,0.33772
25.074,0.32636
25.094,0.31498
25.114,0.30357
25.135,0.29216
25.155,0.28083
25.175,0.26956
25.195,0.25839
25.215,0.24737
25.235,0.23655
25.255,0.22601
25.275,0.21578
25.295,0.20595
25.315,0.19655
25.335,0.18766
25.355,0.17927
25.375,0.17138
25.395,0.16404
25.415,0.15717
25.435,0.1508
25.455,0.14488
25.475,0.13936
25.495,0.13424
25.515,0.12942
25.535,0.12483
25.555,0.1204
25.575,0.11602
25.596,0.11159
25.616,0.107
25.636,0.10218
25.656,0.097031
25.676,0.091481
25.696,0.085456
25.716,0.078888
25.736,0.071744
25.756,0.06397
25.776,0.055527
25.796,0.046408
25.816,0.036566
25.836,0.02606
25.856,0.014921
25.876,0.0031306
25.896,-0.0092772
25.916,-0.02218
25.936,-0.035507
25.956,-0.049181
25.976,-0.06317
25.996,-0.077388
26.016,-0.091821
26.036,-0.10634
26.057,-0.12086
26.077,-0.13528
26.097,-0.14959
26.117,-0.16366
26.137,-0.17737
26.157,-0.19064
26.177,-0.2034
26.197,-0.21566
26.217,-0.22728
26.237,-0.23828
26.257,-0.24858
26.277,-0.25808
26.297,-0.26681
26.317,-0.27467
26.337,-0.28162
26.357,-0.28769
26.377,-0.29281
26.397,-0.29698
26.417,-0.30023
26.437,-0.30251
26.457,-0.30384
26.477,-0.30419
26.497,-0.30357
26.518,-0.302
26.538,-0.29948
26.558,-0.29603
26.578,-0.2917
26.598,-0.28653
26.618,-0.28054
26.638,-0.27376
26.658,-0.2662
26.678,-0.25795
26.698,-0.24905
26.718,-0.23955
26.738,-0.22953
26.758,-0.21904
26.778,-0.20811
26.798,-0.19678
26.818,-0.18514
26.838,-0.1732
26.858,-0.16096
26.878,-0.14848
26.898,-0.13584
26.918,-0.12308
26.938,-0.11028
26.958,-0.097464
26.979,-0.084677
26.999,-0.071954
27.019,-0.059311
27.039,-0.046783
27.059,-0.03438
27.079,-0.022142
27.099,-0.010141
27.119,0.0015624
27.139,0.01296
27.159,0.023972
27.179,0.034581
27.199,0.044813
27.219,0.054603
27.239,0.063957
27.259,0.072867
27.279,0.081326
27.299,0.089338
27.319,0.096838
27.339,0.10386
27.359,0.11043
27.379,0.11652
27.399,0.12215
27.419,0.12736
27.44,0.13218
27.46,0.13666
27.48,0.14083
27.5,0.14469
27.52,0.14828
27.54,0.15163
27.56,0.15476
27.58,0.15773
27.6,0.16055
27.62,0.16324
27.64,0.16581
27.66,0.16827
27.68,0.17063
27.7,0.17289
27.72,0.17503
27.74,0.17704
27.76,0.17892
27.78,0.18068
27.8,0.18228
27.82,0.18375
27.84,0.18505
27.86,0.18619
27.88,0.18713
27.901,0.18786
27.921,0.18833
27.941,0.18854
27.961,0.1885
27.981,0.18819
28.001,0.1876
28.021,0.18675
28.041,0.18563
28.061,0.18426
28.081,0.18266
28.101,0.18084
28.121,0.17885
28.141,0.17671
28.161,0.17443
28.181,0.17205
28.201,0.16959
28.221,0.16707
28.241,0.16451
28.261,0.16191
28.281,0.15933
28.301,0.1568
28.321,0.15435
28.341,0.15199
28.362,0.14975
28.382,0.14764
28.402,0.14569
28.422,0.1439
28.442,0.14228
28.462,0.14082
28.482,0.13954
28.502,0.13843
28.522,0.13747
28.542,0.13665
28.562,0.13595
28.582,0.13538
28.602,0.13491
28.622,0.13453
28.642,0.13422
28.662,0.13395
28.682,0.13372
28.702,0.13352
28.722,0.13331
28.742,0.13309
28.762,0.13283
28.782,0.13253
28.802,0.13219
28.823,0.13178
28.843,0.13129
28.863,0.13071
28.883,0.13005
28.903,0.12929
28.923,0.12842
28.943,0.12742
28.963,0.12629
28.983,0.12503
29.003,0.12362
29.023,0.12204
29.043,0.12029
29.063,0.11834
29.083,0.11618
29.103,0.1138
29.123,0.11117
29.143,0.1083
29.163,0.10516
29.183,0.10176
29.203,0.098106
29.223,0.094155
29.243,0.089921
29.263,0.085422
29.284,0.08063
29.304,0.075544
29.324,0.070162
29.344,0.06453
29.364,0.058664
29.384,0.052609
29.404,0.046357
29.424,0.039933
29.444,0.03339
29.464,0.026745
29.484,0.020034
29.504,0.013251
29.524,0.0064662
29.544,-0.00027753
29.564,-0.0069645
29.584,-0.013522
29.604,-0.019939
29.624,-0.02619
29.644,-0.032255
29.664,-0.038133
29.684,-0.043824
29.704,-0.049284
29.724,-0.054535
29.745,-0.059551
29.765,-0.064346
29.785,-0.068904
29.805,-0.07321
29.825,-0.077311
29.845,-0.081231
29.865,-0.084979
29.885,-0.088562
29.905,-0.091984
29.925,-0.095252
29.945,-0.098385
29.965,-0.10138
29.985,-0.10423
30.005,-0.10695
30.025,-0.10954
30.045,-0.112
30.065,-0.11433
30.085,-0.11652
30.105,-0.11856
30.125,-0.12045
30.145,-0.12216
30.165,-0.12367
30.185,-0.12496
30.206,-0.12602
30.226,-0.12684
30.246,-0.1274
30.266,-0.12769
30.286,-0.12768
30.306,-0.12735
30.326,-0.12667
30.346,-0.12566
30.366,-0.12431
30.386,-0.12262
30.406,-0.12061
30.426,-0.11826
30.446,-0.1156
30.466,-0.11263
30.486,-0.10938
30.506,-0.10586
30.526,-0.10212
30.546,-0.09818
30.566,-0.094106
30.586,-0.089902
30.606,-0.085622
30.626,-0.081332
30.646,-0.077071
30.667,-0.072875
30.687,-0.068791
30.707,-0.064866
30.727,-0.06115
30.747,-0.057688
30.767,-0.054502
30.787,-0.051645
30.807,-0.049128
30.827,-0.046995
30.847,-0.045262
30.867,-0.043904
30.887,-0.042958
30.907,-0.042428
30.927,-0.042309
30.947,-0.042622
30.967,-0.043337
30.987,-0.04443
31.007,-0.045875
31.027,-0.047652
31.047,-0.049734
31.067,-0.052115
31.087,-0.054753
31.107,-0.057595
31.128,-0.060597
31.148,-0.063721
31.168,-0.066948
31.188,-0.070226
31.208,-0.073539
31.228,-0.076866
31.248,-0.080193
31.268,-0.083481
31.288,-0.0867
31.308,-0.089823
31.328,-0.092843
31.348,-0.095735
31.368,-0.098453
31.388,-0.101
31.408,-0.10338
31.428,-0.10557
31.448,-0.10755
31.468,-0.10931
31.488,-0.11088
31.508,-0.11227
31.528,-0.11345
31.548,-0.11445
31.568,-0.11525
31.589,-0.11584
31.609,-0.11627
31.629,-0.11654
31.649,-0.11666
31.669,-0.11661
31.689,-0.11641
31.709,-0.11605
31.729,-0.11554
31.749,-0.11488
31.769,-0.11407
31.789,-0.11311
31.809,-0.112
31.829,-0.11073
31.849,-0.10931
31.869,-0.10775
31.889,-0.10603
31.909,-0.10417
31.929,-0.10216
31.949,-0.10002
31.969,-0.097737
31.989,-0.095327
32.009,-0.092768
32.029,-0.090075
32.05,-0.087231
32.07,-0.084227
32.09,-0.081091
32.11,-0.077837
32.13,-0.074475
32.15,-0.071016
32.17,-0.067481
32.19,-0.063871
32.21,-0.060221
32.23,-0.056552
32.25,-0.052868
32.27,-0.049176
32.29,-0.045487
32.31,-0.041853
32.33,-0.038285
32.35,-0.034803
32.37,-0.031427
32.39,-0.028154
32.41,-0.025014
32.43,-0.022021
32.45,-0.019179
32.47,-0.016479
32.49,-0.013965
32.511,-0.011677
32.531,-0.009631
32.551,-0.0078236
32.571,-0.0062712
32.591,-0.0049823
32.611,-0.0039928
32.631,-0.0033083
32.651,-0.0029402
32.671,-0.0028974
32.691,-0.0031865
32.711,-0.0038108
32.731,-0.0047923
32.751,-0.0061342
32.771,-0.0078381
32.791,-0.0099217
32.811,-0.012372
32.831,-0.015202
32.851,-0.018405
32.871,-0.021984
32.891,-0.025913
32.911,-0.030164
32.931,-0.034698
32.951,-0.039474
32.972,-0.044449
32.992,-0.049597
33.012,-0.054866
33.032,-0.0602
33.052,-0.065566
33.072,-0.07091
33.092,-0.076138
33.112,-0.081181
33.132,-0.085976
33.152,-0.090479
33.172,-0.09464
33.192,-0.098419
33.212,-0.10179
33.232,-0.10467
33.252,-0.10705
33.272,-0.10889
33.292,-0.11018
33.312,-0.11089
33.332,-0.11101
33.352,-0.11054
33.372,-0.10955
33.392,-0.10804
33.412,-0.10606
33.433,-0.10365
33.453,-0.1009
33.473,-0.097837
33.493,-0.094518
33.513,-0.091027
33.533,-0.087447
33.553,-0.083841
33.573,-0.080259
33.593,-0.076763
33.613,-0.073385
33.633,-0.07018
33.653,-0.067168
33.673,-0.064414
33.693,-0.061942
33.713,-0.059763
33.733,-0.057869
33.753,-0.056245
33.773,-0.054892
33.793,-0.053787
33.813,-0.05289
33.833,-0.052161
33.853,-0.051554
33.873,-0.051033
33.894,-0.050566
33.914,-0.050088
33.934,-0.049555
33.954,-0.048917
33.974,-0.048138
33.994,-0.047186
34.014,-0.046035
34.034,-0.044673
34.054,-0.043067
34.074,-0.041209
34.094,-0.039087
34.114,-0.0367
34.134,-0.034074
34.154,-0.031222
34.174,-0.02816
34.194,-0.02493
34.214,-0.021563
34.234,-0.018097
34.254,-0.014567
34.274,-0.011052
34.294,-0.0075995
34.314,-0.0042351
34.334,-0.00099939
34.355,0.002056
34.375,0.0048983
34.395,0.0075162
34.415,0.0098887
34.435,0.011958
34.455,0.013702
34.475,0.01511
34.495,0.016176
34.515,0.016893
34.535,0.017244
34.555,0.017226
34.575,0.016843
34.595,0.016087
34.615,0.014976
34.635,0.013521
34.655,0.011754
34.675,0.0096897
34.695,0.0073596
34.715,0.0047792
34.735,0.0019792
34.755,-0.0010311
34.775,-0.0042253
34.795,-0.0075694
34.816,-0.011035
34.836,-0.014574
34.856,-0.018152
34.876,-0.021734
34.896,-0.025293
34.916,-0.028801
34.936,-0.03222
34.956,-0.035524
34.976,-0.038691
34.996,-0.041675
35.016,-0.044442
35.036,-0.046961
35.056,-0.049229
35.076,-0.051222
35.096,-0.052944
35.116,-0.054385
35.136,-0.055566
35.156,-0.056491
35.176,-0.057187
35.196,-0.057666
35.216,-0.057961
35.236,-0.05811
35.256,-0.058136
35.277,-0.058101
35.297,-0.058014
35.317,-0.05792
35.337,-0.05786
35.357,-0.057879
35.377,-0.057997
35.397,-0.058236
35.417,-0.058602
35.437,-0.059112
35.457,-0.059756
35.477,-0.060514
35.497,-0.061387
35.517,-0.062359
35.537,-0.063392
35.557,-0.064449
35.577,-0.065482
35.597,-0.066441
35.617,-0.067271
35.637,-0.067931
35.657,-0.068368
35.677,-0.06853
35.697,-0.06838
35.717,-0.067869
35.738,-0.066935
35.758,-0.065566
35.778,-0.063771
35.798,-0.061518
35.818,-0.058806
35.838,-0.055609
35.858,-0.051952
35.878,-0.047843
35.898,-0.043308
35.918,-0.038391
35.938,-0.033146
35.958,-0.027651
35.978,-0.021917
35.998,-0.01602
36.018,-0.010025
36.038,-0.0039705
36.058,0.0021246
36.078,0.008196
36.098,0.014182
36.118,0.020035
36.138,0.02568
36.158,0.031077
36.178,0.036189
36.199,0.040993
36.219,0.045471
36.239,0.049585
36.259,0.053312
36.279,0.056631
36.299,0.059527
36.319,0.061958
36.339,0.063905
36.359,0.065373
36.379,0.066368
36.399,0.066875
36.419,0.066884
36.439,0.066377
36.459,0.065361
36.479,0.063846
36.499,0.061846
36.519,0.059401
36.539,0.056495
36.559,0.053176
36.579,0.049468
36.599,0.045425
36.619,0.041079
36.639,0.036483
36.66,0.031694
36.68,0.026763
36.7,0.021771
36.72,0.016784
36.74,0.011854
36.76,0.007016
36.78,0.0023272
36.8,-0.0021481
36.82,-0.0063609
36.84,-0.010271
36.86,-0.013859
36.88,-0.01706
36.9,-0.019857
36.92,-0.022276
36.94,-0.024339
36.96,-0.026049
36.98,-0.027424
37,-0.028505
37.02,-0.029329
37.04,-0.029933
37.06,-0.030365
37.08,-0.030701
37.1,-0.030998
37.121,-0.031292
37.141,-0.031636
37.161,-0.032074
37.181,-0.032653
37.201,-0.033387
37.221,-0.034275
37.241,-0.035321
37.261,-0.036519
37.281,-0.037848
37.301,-0.039302
37.321,-0.040865
37.341,-0.042487
37.361,-0.044098
37.381,-0.045629
37.401,-0.047034
37.421,-0.048242
37.441,-0.049201
37.461,-0.049862
37.481,-0.050183
37.501,-0.050096
37.521,-0.049548
37.541,-0.048508
37.561,-0.04696
37.582,-0.044881
37.602,-0.042285
37.622,-0.039169
37.642,-0.035552
37.662,-0.031456
37.682,-0.026914
37.702,-0.021959
37.722,-0.016656
37.742,-0.011123
37.762,-0.0054116
37.782,0.00038772
37.802,0.0061785
37.822,0.011907
37.842,0.017532
37.862,0.023012
37.882,0.028232
37.902,0.03313
37.922,0.037624
37.942,0.041692
37.962,0.045269
37.982,0.04832
38.002,0.050831
38.022,0.052807
38.043,0.054226
38.063,0.055077
38.083,0.055377
38.103,0.055118
38.123,0.054329
38.143,0.053031
38.163,0.051281
38.183,0.049092
38.203,0.046498
38.223,0.043543
38.243,0.040261
38.263,0.036717
38.283,0.033012
38.303,0.029172
38.323,0.02525
38.343,0.02129
38.363,0.017339
38.383,0.013446
38.403,0.0096564
38.423,0.0060033
38.443,0.0025401
38.463,-0.00066796
38.483,-0.0036096
38.504,-0.0062641
38.524,-0.0086177
38.544,-0.010652
38.564,-0.012356
38.584,-0.013729
38.604,-0.014777
38.624,-0.0155
38.644,-0.015906
38.664,-0.016006
38.684,-0.015804
38.704,-0.015329
38.724,-0.014632
38.744,-0.013729
38.764,-0.012657
38.784,-0.011436
38.804,-0.010136
38.824,-0.0088143
38.844,-0.0074998
38.864,-0.0062175
38.884,-0.0049954
38.904,-0.0038549
38.924,-0.0028178
38.944,-0.0019157
38.965,-0.0011788
38.985,-0.00063663
39.005,-0.00029654
39.025,-0.00017068
39.045,-0.00024603
39.065,-0.0005285
39.085,-0.0010082
39.105,-0.0016804
39.125,-0.0025067
39.145,-0.0034734
39.165,-0.004545
39.185,-0.0056763
39.205,-0.0068175
39.225,-0.007948
39.245,-0.0090268
39.265,-0.0099903
39.285,-0.010822
39.305,-0.011502
39.325,-0.011987
39.345,-0.012249
39.365,-0.012256
39.385,-0.012005
39.405,-0.011483
39.426,-0.010686
39.446,-0.0096087
39.466,-0.0082799
39.486,-0.0066964
39.506,-0.0048808
39.526,-0.0028476
39.546,-0.00064337
39.566,0.0017207
39.586,0.0041912
39.606,0.0067141
39.626,0.0092623
39.646,0.011802
39.666,0.014305
39.686,0.016724
39.706,0.019013
39.726,0.021161
39.746,0.02315
39.766,0.024941
39.786,0.026513
39.806,0.027848
39.826,0.028946
39.846,0.029811
39.866,0.030429
39.887,0.030818
39.907,0.030979
39.927,0.030924
39.947,0.030658
39.967,0.030194
39.987,0.029542
40.007,0.028712
40.027,0.027716
40.047,0.026554
40.067,0.02526
40.087,0.023837
40.107,0.022296
40.127,0.020645
40.147,0.018922
40.167,0.017134
40.187,0.015276
40.207,0.013378
40.227,0.011466
40.247,0.0095542
40.267,0.0076588
40.287,0.0058044
40.307,0.0040253
40.327,0.0023414
40.348,0.00077116
40.368,-0.00067913
40.388,-0.0020048
40.408,-0.0032094
40.428,-0.0042571
40.448,-0.0051341
40.468,-0.0058251
40.488,-0.0063375
40.508,-0.0067032
40.528,-0.0069215
40.548,-0.0069889
40.568,-0.0069375
40.588,-0.0067812
40.608,-0.0065468
40.628,-0.0062576
40.648,-0.0059834
40.668,-0.0057194
40.688,-0.0054944
40.708,-0.0053607
40.728,-0.0053421
40.748,-0.005465
40.768,-0.0057332
40.788,-0.0061608
40.809,-0.0067336
40.829,-0.0074574
40.849,-0.0083257
40.869,-0.0093284
40.889,-0.010461
40.909,-0.011672
40.929,-0.012929
40.949,-0.014191
40.969,-0.01541
40.989,-0.01653
41.009,-0.01751
41.029,-0.018303
41.049,-0.018875
41.069,-0.019186
41.089,-0.019175
41.109,-0.018827
41.129,-0.018107
41.149,-0.017
41.169,-0.015491
41.189,-0.013566
41.209,-0.011225
41.229,-0.0084704
41.249,-0.005352
41.27,-0.0019148
41.29,0.0018108
41.31,0.00578
41.33,0.0099734
41.35,0.014365
41.37,0.018894
41.39,0.02348
41.41,0.028074
41.43,0.032653
41.45,0.037164
41.47,0.041574
41.49,0.04585
41.51,0.049949
41.53,0.053828
41.55,0.057467
41.57,0.060806
41.59,0.063825
41.61,0.066534
41.63,0.068948
41.65,0.071039
41.67,0.072792
41.69,0.074235
41.71,0.075362
41.731,0.076153
41.751,0.076614
41.771,0.076776
41.791,0.076656
41.811,0.076241
41.831,0.075514
41.851,0.074474
41.871,0.073158
41.891,0.071599
41.911,0.069802
41.931,0.067779
41.951,0.065534
41.971,0.063073
41.991,0.060422
42.011,0.057617
42.031,0.05466
42.051,0.051581
42.071,0.048391
42.091,0.045088
42.111,0.041691
42.131,0.038231
42.151,0.034718
42.171,0.031175
42.192,0.027626
42.212,0.024076
42.232,0.02052
42.252,0.016968
42.272,0.013443
42.292,0.0099538
42.312,0.0065257
42.332,0.0031918
42.352,-3.5104e-005
42.372,-0.0031665
42.392,-0.0061928
42.412,-0.0090968
42.432,-0.011841
42.452,-0.014405
42.472,-0.016818
42.492,-0.019023
42.512,-0.021018
42.532,-0.022801
42.552,-0.02434
42.572,-0.025587
42.592,-0.026552
42.612,-0.027214
42.632,-0.027564
42.653,-0.027604
42.673,-0.02732
42.693,-0.026702
42.713,-0.025768
42.733,-0.024536
42.753,-0.023028
42.773,-0.021263
42.793,-0.019247
42.813,-0.017003
42.833,-0.01455
42.853,-0.011892
42.873,-0.0091026
42.893,-0.0062426
42.913,-0.0033028
42.933,-0.0002817
42.953,0.002741
42.973,0.0057528
42.993,0.0087584
43.013,0.011702
43.033,0.01453
43.053,0.017245
43.073,0.019837
43.093,0.022265
43.114,0.024524
43.134,0.026622
43.154,0.028565
43.174,0.030321
43.194,0.031883
43.214,0.03326
43.234,0.034446
43.254,0.035428
43.274,0.036219
43.294,0.036825
43.314,0.03722
43.334,0.037427
43.354,0.037462
43.374,0.037336
43.394,0.037063
43.414,0.036608
43.434,0.035984
43.454,0.035168
43.474,0.034162
43.494,0.032989
43.514,0.031626
43.534,0.030065
43.554,0.028314
43.575,0.026375
43.595,0.024263
43.615,0.021984
43.635,0.019543
43.655,0.016957
43.675,0.014236
43.695,0.011399
43.715,0.008464
43.735,0.0054402
43.755,0.0023584
43.775,-0.00076462
43.795,-0.003902
43.815,-0.0070602
43.835,-0.010219
43.855,-0.013326
43.875,-0.016338
43.895,-0.019271
43.915,-0.022088
43.935,-0.024765
43.955,-0.027328
43.975,-0.029755
43.995,-0.032049
44.015,-0.034205
44.036,-0.03622
44.056,-0.038122
44.076,-0.039897
44.096,-0.041579
44.116,-0.043168
44.136,-0.044629
44.156,-0.046007
44.176,-0.047338
44.196,-0.048604
44.216,-0.049819
44.236,-0.050999
44.256,-0.05215
44.276,-0.053245
44.296,-0.054294
44.316,-0.055286
44.336,-0.056213
44.356,-0.057088
44.376,-0.057864
44.396,-0.058547
44.416,-0.059128
44.436,-0.059621
44.456,-0.060004
44.476,-0.060235
44.497,-0.060315
44.517,-0.060221
44.537,-0.059953
44.557,-0.059503
44.577,-0.058877
44.597,-0.058083
44.617,-0.057134
44.637,-0.056015
44.657,-0.054741
44.677,-0.053343
44.697,-0.051807
44.717,-0.050152
44.737,-0.048434
44.757,-0.046641
44.777,-0.044832
44.797,-0.042985
44.817,-0.041147
44.837,-0.039352
44.857,-0.037588
44.877,-0.035871
44.897,-0.034232
44.917,-0.032663
44.937,-0.031198
44.958,-0.029854
44.978,-0.028596
44.998,-0.027434
45.018,-0.026355
45.038,-0.025356
45.058,-0.024446
45.078,-0.02361
45.098,-0.022818
45.118,-0.022094
45.138,-0.021426
45.158,-0.020759
45.178,-0.020075
45.198,-0.019396
45.218,-0.018701
45.238,-0.018004
45.258,-0.017272
45.278,-0.016537
45.298,-0.015798
45.318,-0.015041
45.338,-0.0143
45.358,-0.01358
45.378,-0.012875
45.398,-0.01223
45.419,-0.01163
45.439,-0.011096
45.459,-0.010651
45.479,-0.010284
45.499,-0.01004
45.519,-0.0099097
45.539,-0.0099257
45.559,-0.010053
45.579,-0.010301
45.599,-0.010676
45.619,-0.011191
45.639,-0.011827
45.659,-0.012595
45.679,-0.013504
45.699,-0.014537
45.719,-0.015695
45.739,-0.017
45.759,-0.018434
45.779,-0.019981
45.799,-0.021642
45.819,-0.023434
45.839,-0.025305
45.859,-0.027236
45.88,-0.029215
45.9,-0.03124
45.92,-0.033282
45.94,-0.0353
45.96,-0.037301
45.98,-0.039271
46,-0.041121
46.02,-0.042838
46.04,-0.044409
46.06,-0.045788
46.08,-0.046952
46.1,-0.04789
46.12,-0.048535
46.14,-0.048862
46.16,-0.048851
46.18,-0.048481
46.2,-0.047782
46.22,-0.046718
46.24,-0.045288
46.26,-0.043508
46.28,-0.041335
46.3,-0.038865
46.32,-0.036112
46.341,-0.033118
46.361,-0.029937
46.381,-0.026584
46.401,-0.023146
46.421,-0.019642
46.441,-0.016119
46.461,-0.012618
46.481,-0.0091931
46.501,-0.0058329
46.521,-0.0025757
46.541,0.00057768
46.561,0.0036066
46.581,0.0064832
46.601,0.0092405
46.621,0.0119
46.641,0.014441
46.661,0.01687
46.681,0.019269
46.701,0.021627
46.721,0.023959
46.741,0.0263
46.761,0.028641
46.781,0.031019
46.802,0.033424
46.822,0.035908
46.842,0.038414
46.862,0.040908
46.882,0.04343
46.902,0.045899
46.922,0.048305
46.942,0.050606
46.962,0.052758
46.982,0.054663
47.002,0.056316
47.022,0.05766
47.042,0.058674
47.062,0.059327
47.082,0.059569
47.102,0.059374
47.122,0.058722
47.142,0.057612
47.162,0.056047
47.182,0.054029
47.202,0.05155
47.222,0.048659
47.242,0.045371
47.263,0.041713
47.283,0.037721
47.303,0.03339
47.323,0.028835
47.343,0.024074
47.363,0.019195
47.383,0.014241
47.403,0.0092515
47.423,0.0043163
47.443,-0.00052138
47.463,-0.0052726
47.483,-0.0098487
47.503,-0.014234
47.523,-0.01843
47.543,-0.022387
47.563,-0.026086
47.583,-0.029477
47.603,-0.032517
47.623,-0.035233
47.643,-0.037631
47.663,-0.03968
47.683,-0.041354
47.703,-0.042668
47.724,-0.043602
47.744,-0.044137
47.764,-0.044285
47.784,-0.044046
47.804,-0.043425
47.824,-0.042413
47.844,-0.04103
47.864,-0.039289
47.884,-0.037248
47.904,-0.034837
47.924,-0.032124
47.944,-0.029205
47.964,-0.026052
47.984,-0.022693
48.004,-0.019079
48.024,-0.01533
48.044,-0.011469
48.064,-0.0075839
48.084,-0.0036525
48.104,0.00026185
48.124,0.0040383
48.144,0.0076915
48.164,0.01118
48.185,0.014459
48.205,0.017487
48.225,0.020339
48.245,0.022953
48.265,0.025262
48.285,0.027329
48.305,0.029122
48.325,0.030674
48.345,0.031967
48.365,0.033079
48.385,0.034001
48.405,0.034813
48.425,0.035497
48.445,0.03601
48.465,0.0364
48.485,0.036752
48.505,0.037105
48.525,0.037477
48.545,0.037862
48.565,0.038354
48.585,0.038903
48.605,0.039537
48.625,0.040254
48.646,0.041014
48.666,0.041845
48.686,0.04271
48.706,0.043625
48.726,0.044536
48.746,0.045433
48.766,0.04626
48.786,0.046953
48.806,0.047552
48.826,0.04798
48.846,0.048244
48.866,0.048305
48.886,0.048134
48.906,0.047704
48.926,0.047114
48.946,0.046279
48.966,0.045134
48.986,0.04372
49.006,0.042062
49.026,0.040212
49.046,0.038213
49.066,0.036037
49.086,0.033605
49.107,0.03104
49.127,0.028318
49.147,0.02552
49.167,0.022688
49.187,0.019805
49.207,0.017007
49.227,0.014327
49.247,0.011758
49.267,0.0094426
49.287,0.0072353
49.307,0.0053222
49.327,0.0037154
49.347,0.0024147
49.367,0.0015558
49.387,0.0011393
49.407,0.0011559
49.427,0.001555
49.447,0.0023525
49.467,0.0035912
49.487,0.0052368
49.507,0.0072124
49.527,0.0095652
49.547,0.012188
49.568,0.015111
49.588,0.018253
49.608,0.021619
49.628,0.025016
49.648,0.028328
49.668,0.031493
49.688,0.034485
49.708,0.037156
49.728,0.039521
49.748,0.041469
49.768,0.042974
49.788,0.043914
49.808,0.044341
49.828,0.04431
49.848,0.043728
49.868,0.042553
49.888,0.040871
49.908,0.038831
49.928,0.036435
49.948,0.03387
49.968,0.03101
49.988,0.02783
50.008,0.024685
50.029,0.02143
50.049,0.018215
50.069,0.01498
50.089,0.011265
