0,0.00034929
0.020052,1.7254e-005
0.040104,3.1964e-005
0.060157,-2.8044e-005
0.080209,-9.1013e-006
0.10026,-5.2922e-006
0.12031,-8.0355e-006
0.14037,-2.1198e-005
0.16042,-0.00014722
0.18047,-0.00022824
0.20052,-0.00015307
0.22057,-0.00027306
0.24063,-0.00036411
0.26068,-0.00037265
0.28073,-0.00032305
0.30078,-0.00035487
0.32084,-0.0004482
0.34089,-0.00051725
0.36094,-0.00050681
0.38099,-0.0005395
0.40104,-0.00062826
0.4211,-0.00073795
0.44115,-0.00085064
0.4612,-0.00090166
0.48125,-0.00096654
0.5013,-0.00099123
0.52136,-0.0010186
0.54141,-0.00096857
0.56146,-0.0009425
0.58151,-0.0009844
0.60157,-0.0010862
0.62162,-0.00111
0.64167,-0.0011321
0.66172,-0.0012171
0.68177,-0.0012807
0.70183,-0.0012794
0.72188,-0.0012456
0.74193,-0.0012783
0.76198,-0.0012923
0.78204,-0.0012945
0.80209,-0.0013383
0.82214,-0.0014013
0.84219,-0.0014772
0.86224,-0.0015246
0.8823,-0.0015881
0.90235,-0.0016488
0.9224,-0.001683
0.94245,-0.0017576
0.96251,-0.0018392
0.98256,-0.0019217
1.0026,-0.0020149
1.0227,-0.0020305
1.0427,-0.0020386
1.0628,-0.0021056
1.0828,-0.0021615
1.1029,-0.0021746
1.1229,-0.002168
1.143,-0.002145
1.163,-0.002168
1.1831,-0.0021469
1.2031,-0.0021769
1.2232,-0.002252
1.2432,-0.0023047
1.2633,-0.002354
1.2833,-0.0024217
1.3034,-0.0024996
1.3234,-0.0025031
1.3435,-0.0025602
1.3635,-0.0026207
1.3836,-0.0027071
1.4037,-0.0027094
1.4237,-0.0027312
1.4438,-0.0027787
1.4638,-0.0028438
1.4839,-0.0028751
1.5039,-0.0028933
1.524,-0.0028968
1.544,-0.0028977
1.5641,-0.0029203
1.5841,-0.002961
1.6042,-0.0029501
1.6242,-0.0029392
1.6443,-0.0029077
1.6643,-0.002904
1.6844,-0.0029147
1.7044,-0.0029082
1.7245,-0.0029245
1.7445,-0.0029562
1.7646,-0.00301
1.7846,-0.0030623
1.8047,-0.0031362
1.8248,-0.0031563
1.8448,-0.0031843
1.8649,-0.003207
1.8849,-0.0032419
1.905,-0.0032756
1.925,-0.0032939
1.9451,-0.0033356
1.9651,-0.0033835
1.9852,-0.0034376
2.0052,-0.0034266
2.0253,-0.0034511
2.0453,-0.0034273
2.0654,-0.0034134
2.0854,-0.0034064
2.1055,-0.0034116
2.1255,-0.0034615
2.1456,-0.0034557
2.1656,-0.0034743
2.1857,-0.0034906
2.2057,-0.0034995
2.2258,-0.003482
2.2458,-0.0034644
2.2659,-0.0034519
2.286,-0.0034756
2.306,-0.0035343
2.3261,-0.0035164
2.3461,-0.0034911
2.3662,-0.0034846
2.3862,-0.0034248
2.4063,-0.003373
2.4263,-0.0032995
2.4464,-0.0032583
2.4664,-0.0032225
2.4865,-0.0031929
2.5065,-0.0031491
2.5266,-0.0030933
2.5466,-0.0030358
2.5667,-0.0029818
2.5867,-0.0029455
2.6068,-0.0029029
2.6268,-0.0028573
2.6469,-0.0027843
2.6669,-0.0027226
2.687,-0.002651
2.707,-0.0025762
2.7271,-0.002496
2.7472,-0.002427
2.7672,-0.0023262
2.7873,-0.0022336
2.8073,-0.0021508
2.8274,-0.0020923
2.8474,-0.0020103
2.8675,-0.0019368
2.8875,-0.0018621
2.9076,-0.0017675
2.9276,-0.0016488
2.9477,-0.0015499
2.9677,-0.0014341
2.9878,-0.0013249
3.0078,-0.0012196
3.0279,-0.0011298
3.0479,-0.0010394
3.068,-0.00093343
3.088,-0.00085186
3.1081,-0.0007586
3.1281,-0.00066615
3.1482,-0.00054413
3.1682,-0.00043069
3.1883,-0.00031692
3.2084,-0.00020875
3.2284,-0.00012912
3.2485,-2.0123e-005
3.2685,8.3805e-005
3.2886,0.00017836
3.3086,0.00026446
3.3287,0.0003166
3.3487,0.00037321
3.3688,0.00044752
3.3888,0.00053383
3.4089,0.00061145
3.4289,0.00067644
3.449,0.00075813
3.469,0.00082048
3.4891,0.00090324
3.5091,0.00098042
3.5292,0.001046
3.5492,0.0011129
3.5693,0.0011939
3.5893,0.0012772
3.6094,0.0013721
3.6294,0.0014431
3.6495,0.0015042
3.6696,0.0015652
3.6896,0.0016069
3.7097,0.0016563
3.7297,0.0017157
3.7498,0.0017714
3.7698,0.0018236
3.7899,0.0018632
3.8099,0.0018704
3.83,0.0019111
3.85,0.0019598
3.8701,0.0020106
3.8901,0.0020587
3.9102,0.0021295
3.9302,0.0021979
3.9503,0.0022591
3.9703,0.0023072
3.9904,0.0023772
4.0104,0.002431
4.0305,0.0024723
4.0505,0.0025194
4.0706,0.0025733
4.0906,0.0026405
4.1107,0.0027278
4.1308,0.0028219
4.1508,0.0028995
4.1709,0.0029666
4.1909,0.0030263
4.211,0.0030598
4.231,0.0030999
4.2511,0.003117
4.2711,0.0031296
4.2912,0.0031439
4.3112,0.0031789
4.3313,0.0032126
4.3513,0.0032715
4.3714,0.0033083
4.3914,0.0033558
4.4115,0.0033954
4.4315,0.0034396
4.4516,0.0034826
4.4716,0.0035095
4.4917,0.0035235
4.5117,0.003552
4.5318,0.0035863
4.5518,0.0036248
4.5719,0.003667
4.592,0.0036876
4.612,0.0036795
4.6321,0.0036536
4.6521,0.0036226
4.6722,0.0036034
4.6922,0.0036045
4.7123,0.003602
4.7323,0.0036027
4.7524,0.0036189
4.7724,0.0036365
4.7925,0.0036513
4.8125,0.0036448
4.8326,0.0036428
4.8526,0.003649
4.8727,0.0036557
4.8927,0.0036608
4.9128,0.003648
4.9328,0.0036515
4.9529,0.0036621
4.9729,0.0036601
4.993,0.0036278
5.013,0.0035904
5.0331,0.0035574
5.0532,0.0035119
5.0732,0.0034744
5.0933,0.0034606
5.1133,0.0034477
5.1334,0.003435
5.1534,0.0034356
5.1735,0.0034207
5.1935,0.0033885
5.2136,0.0033518
5.2336,0.0033304
5.2537,0.0033378
5.2737,0.0033491
5.2938,0.0033435
5.3138,0.0033392
5.3339,0.0033242
5.3539,0.0032953
5.374,0.0033018
5.394,0.0032902
5.4141,0.0032698
5.4341,0.0032297
5.4542,0.0031632
5.4743,0.0031075
5.4943,0.0030343
5.5144,0.0029612
5.5344,0.0029001
5.5545,0.0028532
5.5745,0.0028281
5.5946,0.0028007
5.6146,0.0027694
5.6347,0.0027329
5.6547,0.0027057
5.6748,0.0026858
5.6948,0.0026508
5.7149,0.0025955
5.7349,0.0025368
5.755,0.0024741
5.775,0.002401
5.7951,0.0023367
5.8151,0.0022987
5.8352,0.0022644
5.8552,0.0022198
5.8753,0.0021801
5.8953,0.00213
5.9154,0.0020829
5.9355,0.0020565
5.9555,0.0020217
5.9756,0.0019676
5.9956,0.0019101
6.0157,0.0018649
6.0357,0.0018299
6.0558,0.0018001
6.0758,0.0017879
6.0959,0.0017787
6.1159,0.0017451
6.136,0.001714
6.156,0.0016911
6.1761,0.0016604
6.1961,0.0016146
6.2162,0.0015702
6.2362,0.0015348
6.2563,0.0014944
6.2763,0.0014497
6.2964,0.0013969
6.3164,0.0013369
6.3365,0.0012734
6.3565,0.0012218
6.3766,0.0011768
6.3967,0.0011302
6.4167,0.0010929
6.4368,0.0010453
6.4568,0.0010048
6.4769,0.00095464
6.4969,0.00091181
6.517,0.00086822
6.537,0.00079429
6.5571,0.00070934
6.5771,0.00062612
6.5972,0.00055978
6.6172,0.00049516
6.6373,0.00043915
6.6573,0.00040272
6.6774,0.000353
6.6974,0.00030208
6.7175,0.0002619
6.7375,0.00022481
6.7576,0.00018713
6.7776,0.00013396
6.7977,7.089e-005
6.8177,1.6081e-005
6.8378,-1.7028e-005
6.8579,-4.4323e-005
6.8779,-6.2552e-005
6.898,-9.6518e-005
6.918,-0.00013123
6.9381,-0.00014012
6.9581,-0.00015864
6.9782,-0.00018001
6.9982,-0.000206
7.0183,-0.00022783
7.0383,-0.00024844
7.0584,-0.0002573
7.0784,-0.00027714
7.0985,-0.00029307
7.1185,-0.00030368
7.1386,-0.00032045
7.1586,-0.00032743
7.1787,-0.00033749
7.1987,-0.0003368
7.2188,-0.00034168
7.2388,-0.00037732
7.2589,-0.00040759
7.2789,-0.00043954
7.299,-0.00047306
7.3191,-0.00047647
7.3391,-0.00047516
7.3592,-0.00047004
7.3792,-0.00047629
7.3993,-0.00049676
7.4193,-0.00048987
7.4394,-0.00044744
7.4594,-0.00041049
7.4795,-0.00038594
7.4995,-0.00035852
7.5196,-0.00030608
7.5396,-0.00025263
7.5597,-0.00020515
7.5797,-0.0001778
7.5998,-0.00015072
7.6198,-0.00011904
7.6399,-9.4427e-005
7.6599,-6.7101e-005
7.68,-2.9994e-005
7.7,8.3052e-006
7.7201,5.9074e-005
7.7401,0.00011782
7.7602,0.00017761
7.7803,0.00024341
7.8003,0.00031014
7.8204,0.00037322
7.8404,0.00043264
7.8605,0.000474
7.8805,0.00052708
7.9006,0.00058086
7.9206,0.00067767
7.9407,0.00078139
7.9607,0.00088421
7.9808,0.00097738
8.0008,0.0010682
8.0209,0.0011841
8.0409,0.0013066
8.061,0.0014107
8.081,0.0014933
8.1011,0.0015821
8.1211,0.0016837
8.1412,0.0017826
8.1612,0.0018835
8.1813,0.0019886
8.2013,0.0020936
8.2214,0.0021962
8.2415,0.0023039
8.2615,0.0024322
8.2816,0.0025517
8.3016,0.0026681
8.3217,0.0027832
8.3417,0.0029076
8.3618,0.003038
8.3818,0.0031758
8.4019,0.0033074
8.4219,0.003425
8.442,0.003535
8.462,0.0036517
8.4821,0.0037828
8.5021,0.0039057
8.5222,0.0040311
8.5422,0.0041566
8.5623,0.0042769
8.5823,0.0043852
8.6024,0.0044928
8.6224,0.004612
8.6425,0.0047352
8.6625,0.004873
8.6826,0.0050214
8.7027,0.0051608
8.7227,0.0052775
8.7428,0.0053792
8.7628,0.0054764
8.7829,0.0055777
8.8029,0.0056728
8.823,0.0057635
8.843,0.0058522
8.8631,0.0059382
8.8831,0.0060033
8.9032,0.0060696
8.9232,0.0061452
8.9433,0.0062204
8.9633,0.0062815
8.9834,0.0063509
9.0034,0.0064058
9.0235,0.0064502
9.0435,0.0064974
9.0636,0.0065505
9.0836,0.0066032
9.1037,0.0066481
9.1238,0.0066915
9.1438,0.0067331
9.1639,0.0067668
9.1839,0.0068075
9.204,0.0068496
9.224,0.0068882
9.2441,0.0069161
9.2641,0.0069235
9.2842,0.0069123
9.3042,0.0069115
9.3243,0.0069095
9.3443,0.0068992
9.3644,0.0068927
9.3844,0.0068713
9.4045,0.006821
9.4245,0.0067702
9.4446,0.0067332
9.4646,0.0066918
9.4847,0.0066273
9.5047,0.0065576
9.5248,0.0064886
9.5448,0.006414
9.5649,0.0063254
9.585,0.0062391
9.605,0.0061593
9.6251,0.0060753
9.6451,0.0059955
9.6652,0.005901
9.6852,0.0058066
9.7053,0.0057184
9.7253,0.0056311
9.7454,0.0055491
9.7654,0.0054713
9.7855,0.0053846
9.8055,0.0052865
9.8256,0.0051802
9.8456,0.0050606
9.8657,0.0049255
9.8857,0.0048002
9.9058,0.0046741
9.9258,0.0045408
9.9459,0.0043996
9.9659,0.0042688
9.986,0.0041277
10.006,0.0039837
10.026,0.0038435
10.046,0.0037037
10.066,0.0035651
10.086,0.0034425
10.106,0.0033176
10.126,0.0031843
10.146,0.0030455
10.166,0.0029052
10.187,0.0027495
10.207,0.0025976
10.227,0.0024512
10.247,0.0023188
10.267,0.0021783
10.287,0.0020357
10.307,0.0018898
10.327,0.0017393
10.347,0.0015955
10.367,0.0014659
10.387,0.0013424
10.407,0.0012277
10.427,0.0011151
10.447,0.0009872
10.467,0.00086629
10.487,0.00075299
10.507,0.00063654
10.527,0.000509
10.547,0.00037374
10.568,0.00022798
10.588,8.8762e-005
10.608,-3.3024e-005
10.628,-0.00014414
10.648,-0.00024927
10.668,-0.00035239
10.688,-0.00044389
10.708,-0.00052748
10.728,-0.00059362
10.748,-0.00065406
10.768,-0.00071618
10.788,-0.00078392
10.808,-0.00087187
10.828,-0.0009676
10.848,-0.0010624
10.868,-0.0011488
10.888,-0.0012152
10.908,-0.0012713
10.928,-0.0013114
10.949,-0.0013312
10.969,-0.0013373
10.989,-0.0013506
11.009,-0.001378
11.029,-0.0014097
11.049,-0.0014483
11.069,-0.0014793
11.089,-0.0015086
11.109,-0.0015454
11.129,-0.0015812
11.149,-0.0016051
11.169,-0.0016324
11.189,-0.0016691
11.209,-0.0016908
11.229,-0.0017178
11.249,-0.0017428
11.269,-0.0017631
11.289,-0.0017763
11.309,-0.0017839
11.329,-0.0017872
11.35,-0.0017913
11.37,-0.0017968
11.39,-0.0018059
11.41,-0.0018111
11.43,-0.0018071
11.45,-0.0018029
11.47,-0.0018099
11.49,-0.0018308
11.51,-0.0018446
11.53,-0.0018609
11.55,-0.0018592
11.57,-0.0018345
11.59,-0.0018007
11.61,-0.0017728
11.63,-0.001746
11.65,-0.0017121
11.67,-0.0016852
11.69,-0.0016635
11.71,-0.0016422
11.731,-0.0016038
11.751,-0.0015571
11.771,-0.0015052
11.791,-0.0014472
11.811,-0.0013758
11.831,-0.0013003
11.851,-0.0012409
11.871,-0.0011936
11.891,-0.0011469
11.911,-0.0010918
11.931,-0.0010332
11.951,-0.00097133
11.971,-0.00089633
11.991,-0.00081126
12.011,-0.0007206
12.031,-0.00063161
12.051,-0.00054399
12.071,-0.00045384
12.091,-0.00036285
12.112,-0.00025925
12.132,-0.00015478
12.152,-3.7284e-005
12.172,7.6837e-005
12.192,0.00019839
12.212,0.00033506
12.232,0.00049413
12.252,0.00065424
12.272,0.00081789
12.292,0.00098351
12.312,0.0011466
12.332,0.0013164
12.352,0.0014928
12.372,0.0016808
12.392,0.0018773
12.412,0.0020768
12.432,0.0022753
12.452,0.0024768
12.472,0.0026929
12.493,0.0029381
12.513,0.0031997
12.533,0.0034687
12.553,0.0037344
12.573,0.0040106
12.593,0.0042817
12.613,0.0045494
12.633,0.0048104
12.653,0.0050762
12.673,0.0053441
12.693,0.005621
12.713,0.0059106
12.733,0.0061946
12.753,0.0064815
12.773,0.0067861
12.793,0.0071076
12.813,0.007422
12.833,0.0077262
12.853,0.008018
12.874,0.0083039
12.894,0.0085889
12.914,0.0088636
12.934,0.0091316
12.954,0.0093771
12.974,0.0095957
12.994,0.0097825
13.014,0.0099555
13.034,0.010111
13.054,0.01024
13.074,0.010327
13.094,0.010368
13.114,0.010365
13.134,0.010324
13.154,0.010253
13.174,0.010155
13.194,0.010009
13.214,0.0098263
13.234,0.0095975
13.255,0.0093311
13.275,0.0089999
13.295,0.0086247
13.315,0.0081902
13.335,0.0077003
13.355,0.0071573
13.375,0.006573
13.395,0.0059438
13.415,0.0052512
13.435,0.0045194
13.455,0.0037349
13.475,0.0029104
13.495,0.0020512
13.515,0.0011637
13.535,0.00024259
13.555,-0.00070462
13.575,-0.0016835
13.595,-0.0026895
13.615,-0.0037128
13.635,-0.0047506
13.656,-0.0057851
13.676,-0.0068059
13.696,-0.0077954
13.716,-0.0087659
13.736,-0.0097048
13.756,-0.010605
13.776,-0.01147
13.796,-0.012314
13.816,-0.013125
13.836,-0.013896
13.856,-0.014623
13.876,-0.015289
13.896,-0.015901
13.916,-0.016468
13.936,-0.016997
13.956,-0.017483
13.976,-0.017925
13.996,-0.018323
14.016,-0.01867
14.037,-0.018969
14.057,-0.019231
14.077,-0.019446
14.097,-0.019626
14.117,-0.019774
14.137,-0.019877
14.157,-0.019955
14.177,-0.019982
14.197,-0.019975
14.217,-0.01994
14.237,-0.01989
14.257,-0.019823
14.277,-0.019726
14.297,-0.019609
14.317,-0.019461
14.337,-0.019294
14.357,-0.019123
14.377,-0.018942
14.397,-0.01875
14.418,-0.018549
14.438,-0.018355
14.458,-0.01815
14.478,-0.017947
14.498,-0.017748
14.518,-0.017552
14.538,-0.017366
14.558,-0.017182
14.578,-0.017004
14.598,-0.016818
14.618,-0.01663
14.638,-0.016449
14.658,-0.016287
14.678,-0.016138
14.698,-0.015984
14.718,-0.01584
14.738,-0.015698
14.758,-0.015557
14.778,-0.015409
14.799,-0.015264
14.819,-0.015125
14.839,-0.01501
14.859,-0.014913
14.879,-0.014827
14.899,-0.014747
14.919,-0.014666
14.939,-0.014588
14.959,-0.014518
14.979,-0.014445
14.999,-0.014376
15.019,-0.014303
15.039,-0.01424
15.059,-0.014174
15.079,-0.014111
15.099,-0.014066
15.119,-0.014022
15.139,-0.01398
15.159,-0.013919
15.18,-0.013841
15.2,-0.013751
15.22,-0.013652
15.24,-0.013541
15.26,-0.013414
15.28,-0.013271
15.3,-0.013116
15.32,-0.012947
15.34,-0.012761
15.36,-0.012577
15.38,-0.012401
15.4,-0.012218
15.42,-0.012027
15.44,-0.011821
15.46,-0.0116
15.48,-0.011374
15.5,-0.011126
15.52,-0.010874
15.54,-0.010607
15.561,-0.010322
15.581,-0.010008
15.601,-0.0096894
15.621,-0.0093518
15.641,-0.0089894
15.661,-0.0085968
15.681,-0.0081925
15.701,-0.0077896
15.721,-0.0073683
15.741,-0.0069262
15.761,-0.0064593
15.781,-0.0059617
15.801,-0.0054389
15.821,-0.0048928
15.841,-0.0043198
15.861,-0.0036997
15.881,-0.0030432
15.901,-0.002349
15.921,-0.0016195
15.941,-0.00084717
15.962,-2.6004e-005
15.982,0.00084049
16.002,0.0017414
16.022,0.0026877
16.042,0.0037185
16.062,0.0048076
16.082,0.0060086
16.102,0.0072804
16.122,0.0086081
16.142,0.0099978
16.162,0.011443
16.182,0.01296
16.202,0.014525
16.222,0.016149
16.242,0.017835
16.262,0.019593
16.282,0.021436
16.302,0.023375
16.322,0.025361
16.343,0.027394
16.363,0.02946
16.383,0.031548
16.403,0.033681
16.423,0.035838
16.443,0.038012
16.463,0.040198
16.483,0.042382
16.503,0.044562
16.523,0.046751
16.543,0.048937
16.563,0.05112
16.583,0.053286
16.603,0.055412
16.623,0.057484
16.643,0.059506
16.663,0.06148
16.683,0.063373
16.703,0.065166
16.724,0.06686
16.744,0.068441
16.764,0.069893
16.784,0.071195
16.804,0.072316
16.824,0.073244
16.844,0.073954
16.864,0.074416
16.884,0.074606
16.904,0.0745
16.924,0.074089
16.944,0.073366
16.964,0.072309
16.984,0.070907
17.004,0.069156
17.024,0.067066
17.044,0.064644
17.064,0.061906
17.084,0.058855
17.105,0.055514
17.125,0.051924
17.145,0.048115
17.165,0.044152
17.185,0.040069
17.205,0.035918
17.225,0.031767
17.245,0.027673
17.265,0.023679
17.285,0.019862
17.305,0.016273
17.325,0.012942
17.345,0.0099505
17.365,0.0073021
17.385,0.0050432
17.405,0.0032153
17.425,0.0018267
17.445,0.00089785
17.465,0.00044643
17.486,0.00045125
17.506,0.00090371
17.526,0.0017853
17.546,0.0030508
17.566,0.0046607
17.586,0.006573
17.606,0.0087329
17.626,0.011092
17.646,0.013579
17.666,0.016137
17.686,0.018691
17.706,0.021189
17.726,0.023574
17.746,0.025794
17.766,0.027808
17.786,0.029579
17.806,0.031068
17.826,0.032241
17.846,0.033105
17.867,0.033638
17.887,0.033836
17.907,0.033733
17.927,0.033348
17.947,0.032706
17.967,0.031842
17.987,0.030804
18.007,0.029661
18.027,0.02847
18.047,0.027265
18.067,0.026119
18.087,0.025088
18.107,0.024231
18.127,0.023608
18.147,0.023246
18.167,0.023192
18.187,0.023462
18.207,0.02408
18.227,0.025058
18.248,0.02639
18.268,0.028046
18.288,0.030007
18.308,0.03224
18.328,0.034705
18.348,0.037352
18.368,0.040095
18.388,0.042865
18.408,0.045588
18.428,0.048179
18.448,0.050562
18.468,0.05265
18.488,0.054369
18.508,0.055643
18.528,0.056387
18.548,0.056558
18.568,0.056077
18.588,0.054883
18.608,0.052961
18.628,0.050292
18.649,0.046864
18.669,0.042722
18.689,0.037867
18.709,0.032318
18.729,0.026159
18.749,0.019405
18.769,0.01218
18.789,0.0045602
18.809,-0.0033622
18.829,-0.011447
18.849,-0.019586
18.869,-0.02772
18.889,-0.035717
18.909,-0.043507
18.929,-0.05095
18.949,-0.057987
18.969,-0.064514
18.989,-0.070455
19.009,-0.075731
19.03,-0.08033
19.05,-0.084176
19.07,-0.08727
19.09,-0.089595
19.11,-0.091127
19.13,-0.091891
19.15,-0.091917
19.17,-0.091178
19.19,-0.089714
19.21,-0.087536
19.23,-0.084696
19.25,-0.081248
19.27,-0.077225
19.29,-0.072643
19.31,-0.067551
19.33,-0.061957
19.35,-0.055879
19.37,-0.049363
19.39,-0.042395
19.411,-0.03501
19.431,-0.027239
19.451,-0.019082
19.471,-0.01051
19.491,-0.0015577
19.511,0.0078496
19.531,0.017711
19.551,0.028048
19.571,0.038864
19.591,0.050157
19.611,0.061943
19.631,0.074212
19.651,0.08698
19.671,0.10023
19.691,0.114
19.711,0.12828
19.731,0.14313
19.751,0.15852
19.771,0.1744
19.792,0.19074
19.812,0.20753
19.832,0.22477
19.852,0.24245
19.872,0.26057
19.892,0.27915
19.912,0.29822
19.932,0.31781
19.952,0.33791
19.972,0.35848
19.992,0.37954
20.012,0.40111
20.032,0.4233
20.052,0.44608
20.072,0.46961
20.092,0.49398
20.112,0.51931
20.132,0.54571
20.152,0.57327
20.173,0.60213
20.193,0.63219
20.213,0.66376
20.233,0.69683
20.253,0.73156
20.273,0.76799
20.293,0.80623
20.313,0.84646
20.333,0.8887
20.353,0.93299
20.373,0.97936
20.393,1.0277
20.413,1.0779
20.433,1.1301
20.453,1.1839
20.473,1.2394
20.493,1.2965
20.513,1.3553
20.533,1.4155
20.554,1.4767
20.574,1.5385
20.594,1.6006
20.614,1.6627
20.634,1.7244
20.654,1.7857
20.674,1.8458
20.694,1.9046
20.714,1.9618
20.734,2.0169
20.754,2.0696
20.774,2.1193
20.794,2.1654
20.814,2.2074
20.834,2.2447
20.854,2.2768
20.874,2.3034
20.894,2.3236
20.914,2.3372
20.934,2.3436
20.955,2.3419
20.975,2.3319
20.995,2.3128
21.015,2.2843
21.035,2.2461
21.055,2.1975
21.075,2.1383
21.095,2.0681
21.115,1.986
21.135,1.8923
21.155,1.7873
21.175,1.6702
21.195,1.5414
21.215,1.4014
21.235,1.2508
21.255,1.0905
21.275,0.92039
21.295,0.74098
21.315,0.553
21.336,0.35746
21.356,0.15537
21.376,-0.052052
21.396,-0.26408
21.416,-0.47917
21.436,-0.69527
21.456,-0.9115
21.476,-1.1265
21.496,-1.3394
21.516,-1.5488
21.536,-1.7538
21.556,-1.9534
21.576,-2.1457
21.596,-2.3303
21.616,-2.506
21.636,-2.6717
21.656,-2.8271
21.676,-2.9712
21.696,-3.1044
21.717,-3.2263
21.737,-3.336
21.757,-3.4339
21.777,-3.5197
21.797,-3.5932
21.817,-3.6547
21.837,-3.7044
21.857,-3.7423
21.877,-3.7692
21.897,-3.7853
21.917,-3.791
21.937,-3.7869
21.957,-3.7734
21.977,-3.7509
21.997,-3.7198
22.017,-3.6808
22.037,-3.6344
22.057,-3.5812
22.077,-3.5217
22.098,-3.4563
22.118,-3.3857
22.138,-3.3101
22.158,-3.23
22.178,-3.1458
22.198,-3.0581
22.218,-2.9675
22.238,-2.8743
22.258,-2.779
22.278,-2.6818
22.298,-2.5835
22.318,-2.4839
22.338,-2.3835
22.358,-2.2822
22.378,-2.1804
22.398,-2.0787
22.418,-1.9775
22.438,-1.8772
22.458,-1.7779
22.479,-1.6801
22.499,-1.5838
22.519,-1.4892
22.539,-1.3963
22.559,-1.3053
22.579,-1.2163
22.599,-1.1296
22.619,-1.0455
22.639,-0.96408
22.659,-0.88532
22.679,-0.80924
22.699,-0.73604
22.719,-0.66544
22.739,-0.5976
22.759,-0.53227
22.779,-0.46938
22.799,-0.40895
22.819,-0.351
22.839,-0.29559
22.86,-0.24255
22.88,-0.1916
22.9,-0.1425
22.92,-0.095264
22.94,-0.04962
22.96,-0.0055377
22.98,0.037122
23,0.078501
23.02,0.11857
23.04,0.15736
23.06,0.19489
23.08,0.23117
23.1,0.26622
23.12,0.30015
23.14,0.33292
23.16,0.36463
23.18,0.39512
23.2,0.42445
23.22,0.45251
23.24,0.47927
23.261,0.50462
23.281,0.52853
23.301,0.55104
23.321,0.57216
23.341,0.59194
23.361,0.61033
23.381,0.62741
23.401,0.64311
23.421,0.65755
23.441,0.67081
23.461,0.68296
23.481,0.69413
23.501,0.70439
23.521,0.71387
23.541,0.72273
23.561,0.73108
23.581,0.73903
23.601,0.74666
23.621,0.75411
23.642,0.76145
23.662,0.76876
23.682,0.77613
23.702,0.78359
23.722,0.79121
23.742,0.79901
23.762,0.80702
23.782,0.81527
23.802,0.82376
23.822,0.83244
23.842,0.84128
23.862,0.85022
23.882,0.85921
23.902,0.86815
23.922,0.87699
23.942,0.88566
23.962,0.8941
23.982,0.9022
24.002,0.90989
24.023,0.91705
24.043,0.9236
24.063,0.92947
24.083,0.93456
24.103,0.93884
24.123,0.94221
24.143,0.94464
24.163,0.94606
24.183,0.94641
24.203,0.94565
24.223,0.94369
24.243,0.94053
24.263,0.93617
24.283,0.93055
24.303,0.92373
24.323,0.91566
24.343,0.90637
24.363,0.89587
24.383,0.88416
24.404,0.87123
24.424,0.85718
24.444,0.84204
24.464,0.8259
24.484,0.80887
24.504,0.79096
24.524,0.77227
24.544,0.75289
24.564,0.73297
24.584,0.71252
24.604,0.69166
24.624,0.67049
24.644,0.6492
24.664,0.62792
24.684,0.60678
24.704,0.58589
24.724,0.56535
24.744,0.54524
24.764,0.5256
24.785,0.50657
24.805,0.48814
24.825,0.47046
24.845,0.45353
24.865,0.43745
24.885,0.42225
24.905,0.40792
24.925,0.39442
24.945,0.38173
24.965,0.3698
24.985,0.35854
25.005,0.34795
25.025,0.33789
25.045,0.32832
25.065,0.31913
25.085,0.31028
25.105,0.3017
25.125,0.29327
25.145,0.28492
25.166,0.2766
25.186,0.26821
25.206,0.25972
25.226,0.25112
25.246,0.24238
25.266,0.23354
25.286,0.22461
25.306,0.21559
25.326,0.20652
25.346,0.19743
25.366,0.18837
25.386,0.17937
25.406,0.17045
25.426,0.16168
25.446,0.15311
25.466,0.14478
25.486,0.13672
25.506,0.12902
25.526,0.12167
25.547,0.11467
25.567,0.108
25.587,0.10164
25.607,0.095566
25.627,0.089728
25.647,0.084076
25.667,0.078562
25.687,0.073122
25.707,0.067662
25.727,0.062105
25.747,0.056372
25.767,0.050392
25.787,0.044044
25.807,0.037258
25.827,0.029959
25.847,0.022108
25.867,0.013664
25.887,0.0045862
25.907,-0.0051308
25.927,-0.015485
25.948,-0.026458
25.968,-0.038032
25.988,-0.050165
26.008,-0.062894
26.028,-0.076102
26.048,-0.089747
26.068,-0.10368
26.088,-0.11783
26.108,-0.13214
26.128,-0.14647
26.148,-0.16073
26.168,-0.17477
26.188,-0.18856
26.208,-0.20204
26.228,-0.21514
26.248,-0.22774
26.268,-0.23974
26.288,-0.25101
26.308,-0.26154
26.329,-0.27124
26.349,-0.28004
26.369,-0.28793
26.389,-0.29486
26.409,-0.30078
26.429,-0.30571
26.449,-0.30959
26.469,-0.31243
26.489,-0.3142
26.509,-0.31488
26.529,-0.31454
26.549,-0.31316
26.569,-0.31074
26.589,-0.30733
26.609,-0.30294
26.629,-0.29758
26.649,-0.29133
26.669,-0.28416
26.689,-0.27615
26.71,-0.26736
26.73,-0.25788
26.75,-0.24776
26.77,-0.23702
26.79,-0.22571
26.81,-0.21394
26.83,-0.20178
26.85,-0.18925
26.87,-0.17642
26.89,-0.1633
26.91,-0.15005
26.93,-0.13669
26.95,-0.12327
26.97,-0.10985
26.99,-0.096431
27.01,-0.083049
27.03,-0.069734
27.05,-0.056528
27.07,-0.04347
27.091,-0.03061
27.111,-0.017976
27.131,-0.0056621
27.151,0.0063373
27.171,0.017986
27.191,0.029311
27.211,0.040311
27.231,0.05093
27.251,0.061173
27.271,0.070991
27.291,0.080403
27.311,0.089365
27.331,0.097856
27.351,0.10585
27.371,0.11335
27.391,0.12034
27.411,0.12683
27.431,0.13285
27.451,0.13837
27.472,0.14345
27.492,0.14806
27.512,0.15222
27.532,0.15596
27.552,0.15929
27.572,0.16223
27.592,0.16483
27.612,0.16712
27.632,0.16915
27.652,0.17095
27.672,0.17256
27.692,0.17401
27.712,0.17532
27.732,0.17651
27.752,0.17762
27.772,0.17865
27.792,0.17962
27.812,0.18055
27.832,0.18142
27.853,0.18224
27.873,0.183
27.893,0.1837
27.913,0.18433
27.933,0.1849
27.953,0.18538
27.973,0.18574
27.993,0.18598
28.013,0.18606
28.033,0.186
28.053,0.18574
28.073,0.18531
28.093,0.18467
28.113,0.18382
28.133,0.18277
28.153,0.18151
28.173,0.18004
28.193,0.17838
28.213,0.17655
28.233,0.17455
28.254,0.17239
28.274,0.17009
28.294,0.16769
28.314,0.1652
28.334,0.16267
28.354,0.16011
28.374,0.15755
28.394,0.15501
28.414,0.15249
28.434,0.15004
28.454,0.14769
28.474,0.14546
28.494,0.14336
28.514,0.14141
28.534,0.13962
28.554,0.13802
28.574,0.13661
28.594,0.13538
28.614,0.13433
28.635,0.13344
28.655,0.13268
28.675,0.13206
28.695,0.13153
28.715,0.13109
28.735,0.13073
28.755,0.13042
28.775,0.13012
28.795,0.12981
28.815,0.1295
28.835,0.12914
28.855,0.12872
28.875,0.12818
28.895,0.12755
28.915,0.12681
28.935,0.12594
28.955,0.12492
28.975,0.12373
28.995,0.12238
29.016,0.12085
29.036,0.11914
29.056,0.11726
29.076,0.11517
29.096,0.1129
29.116,0.11043
29.136,0.10775
29.156,0.10489
29.176,0.10186
29.196,0.098636
29.216,0.09521
29.236,0.091575
29.256,0.087724
29.276,0.083654
29.296,0.079377
29.316,0.074883
29.336,0.070182
29.356,0.065264
29.376,0.060144
29.397,0.054815
29.417,0.049272
29.437,0.043531
29.457,0.0376
29.477,0.031503
29.497,0.025237
29.517,0.018832
29.537,0.012319
29.557,0.0057308
29.577,-0.00090699
29.597,-0.0075388
29.617,-0.014174
29.637,-0.020778
29.657,-0.027314
29.677,-0.033746
29.697,-0.040046
29.717,-0.046197
29.737,-0.052168
29.757,-0.057951
29.778,-0.063484
29.798,-0.068759
29.818,-0.073759
29.838,-0.078494
29.858,-0.082955
29.878,-0.087139
29.898,-0.091051
29.918,-0.094684
29.938,-0.09806
29.958,-0.10117
29.978,-0.10404
29.998,-0.10669
30.018,-0.10912
30.038,-0.11133
30.058,-0.11337
30.078,-0.11523
30.098,-0.11694
30.118,-0.11848
30.138,-0.11986
30.159,-0.12109
30.179,-0.12217
30.199,-0.1231
30.219,-0.12387
30.239,-0.12449
30.259,-0.12494
30.279,-0.12525
30.299,-0.12539
30.319,-0.12534
30.339,-0.12506
30.359,-0.12457
30.379,-0.12386
30.399,-0.12292
30.419,-0.12172
30.439,-0.12027
30.459,-0.11854
30.479,-0.11652
30.499,-0.11423
30.519,-0.11168
30.539,-0.1089
30.56,-0.10589
30.58,-0.10265
30.6,-0.099214
30.62,-0.095582
30.64,-0.091798
30.66,-0.087889
30.68,-0.083877
30.7,-0.079804
30.72,-0.075713
30.74,-0.071644
30.76,-0.067652
30.78,-0.063792
30.8,-0.060096
30.82,-0.056621
30.84,-0.053388
30.86,-0.05046
30.88,-0.047854
30.9,-0.045596
30.92,-0.043714
30.941,-0.042231
30.961,-0.041167
30.981,-0.040528
31.001,-0.040323
31.021,-0.040548
31.041,-0.041204
31.061,-0.042278
31.081,-0.043755
31.101,-0.045626
31.121,-0.04785
31.141,-0.050388
31.161,-0.053195
31.181,-0.056253
31.201,-0.059519
31.221,-0.062963
31.241,-0.06654
31.261,-0.070209
31.281,-0.073926
31.301,-0.077644
31.322,-0.081331
31.342,-0.084946
31.362,-0.088468
31.382,-0.091865
31.402,-0.095108
31.422,-0.098172
31.442,-0.10106
31.462,-0.10374
31.482,-0.10619
31.502,-0.10839
31.522,-0.11031
31.542,-0.11197
31.562,-0.11335
31.582,-0.11446
31.602,-0.11531
31.622,-0.11591
31.642,-0.11627
31.662,-0.11641
31.682,-0.11632
31.703,-0.11602
31.723,-0.11551
31.743,-0.11484
31.763,-0.11398
31.783,-0.11296
31.803,-0.11179
31.823,-0.11048
31.843,-0.10903
31.863,-0.10743
31.883,-0.10571
31.903,-0.10387
31.923,-0.10193
31.943,-0.099876
31.963,-0.097718
31.983,-0.095474
32.003,-0.09314
32.023,-0.090728
32.043,-0.088238
32.063,-0.085671
32.084,-0.083026
32.104,-0.080298
32.124,-0.07748
32.144,-0.074582
32.164,-0.071601
32.184,-0.068553
32.204,-0.065436
32.224,-0.062236
32.244,-0.058967
32.264,-0.055641
32.284,-0.052275
32.304,-0.048885
32.324,-0.045511
32.344,-0.042151
32.364,-0.038838
32.384,-0.035585
32.404,-0.032402
32.424,-0.02931
32.444,-0.026338
32.465,-0.023492
32.485,-0.020799
32.505,-0.018265
32.525,-0.015913
32.545,-0.013774
32.565,-0.011862
32.585,-0.01019
32.605,-0.0087707
32.625,-0.0075994
32.645,-0.0067025
32.665,-0.006092
32.685,-0.005766
32.705,-0.0057314
32.725,-0.0060077
32.745,-0.0066036
32.765,-0.0075014
32.785,-0.0087096
32.805,-0.010205
32.825,-0.011991
32.846,-0.014066
32.866,-0.016426
32.886,-0.019084
32.906,-0.022004
32.926,-0.025176
32.946,-0.028597
32.966,-0.032264
32.986,-0.036162
33.006,-0.040266
33.026,-0.044584
33.046,-0.049075
33.066,-0.053718
33.086,-0.058451
33.106,-0.063244
33.126,-0.068076
33.146,-0.072898
33.166,-0.077663
33.186,-0.082319
33.206,-0.086833
33.226,-0.091161
33.247,-0.095241
33.267,-0.099025
33.287,-0.10246
33.307,-0.10551
33.327,-0.10812
33.347,-0.11026
33.367,-0.1119
33.387,-0.113
33.407,-0.11354
33.427,-0.11352
33.447,-0.11296
33.467,-0.11185
33.487,-0.11022
33.507,-0.10808
33.527,-0.10545
33.547,-0.10238
33.567,-0.098915
33.587,-0.095105
33.607,-0.091014
33.628,-0.086706
33.648,-0.082257
33.668,-0.077741
33.688,-0.073204
33.708,-0.068715
33.728,-0.064353
33.748,-0.060182
33.768,-0.056242
33.788,-0.052582
33.808,-0.049231
33.828,-0.046224
33.848,-0.043547
33.868,-0.04122
33.888,-0.039237
33.908,-0.037596
33.928,-0.036262
33.948,-0.035198
33.968,-0.034381
33.988,-0.03376
34.009,-0.033286
34.029,-0.032919
34.049,-0.032613
34.069,-0.032304
34.089,-0.03194
34.109,-0.031468
34.129,-0.030857
34.149,-0.030071
34.169,-0.029073
34.189,-0.027864
34.209,-0.026414
34.229,-0.024704
34.249,-0.022742
34.269,-0.020524
34.289,-0.018083
34.309,-0.015434
34.329,-0.012627
34.349,-0.009694
34.369,-0.0066863
34.39,-0.0036466
34.41,-0.00061941
34.43,0.0023422
34.45,0.0051641
34.47,0.007812
34.49,0.010241
34.51,0.01243
34.53,0.014336
34.55,0.015929
34.57,0.017173
34.59,0.01806
34.61,0.018564
34.63,0.018669
34.65,0.018378
34.67,0.017702
34.69,0.016656
34.71,0.015243
34.73,0.013471
34.75,0.011355
34.771,0.008939
34.791,0.0062377
34.811,0.003288
34.831,0.00011901
34.851,-0.0032258
34.871,-0.0067307
34.891,-0.010381
34.911,-0.014137
34.931,-0.017965
34.951,-0.02183
34.971,-0.025698
34.991,-0.029525
35.011,-0.03329
35.031,-0.036963
35.051,-0.040529
35.071,-0.043945
35.091,-0.047189
35.111,-0.050241
35.131,-0.053073
35.152,-0.055654
35.172,-0.057962
35.192,-0.059976
35.212,-0.061698
35.232,-0.063118
35.252,-0.06423
35.272,-0.065056
35.292,-0.065602
35.312,-0.065877
35.332,-0.065892
35.352,-0.065678
35.372,-0.065266
35.392,-0.06469
35.412,-0.063993
35.432,-0.06322
35.452,-0.062401
35.472,-0.061582
35.492,-0.060782
35.512,-0.060026
35.532,-0.059342
35.553,-0.058757
35.573,-0.058274
35.593,-0.057898
35.613,-0.057631
35.633,-0.057471
35.653,-0.05739
35.673,-0.057376
35.693,-0.057379
35.713,-0.057359
35.733,-0.057281
35.753,-0.057111
35.773,-0.056811
35.793,-0.056303
35.813,-0.055555
35.833,-0.05452
35.853,-0.053152
35.873,-0.051399
35.893,-0.049227
35.913,-0.046653
35.934,-0.043627
35.954,-0.040187
35.974,-0.036314
35.994,-0.032018
36.014,-0.027328
36.034,-0.022305
36.054,-0.016966
36.074,-0.011353
36.094,-0.0055485
36.114,0.00037438
36.134,0.0063711
36.154,0.012358
36.174,0.018275
36.194,0.024083
36.214,0.029742
36.234,0.035172
36.254,0.040324
36.274,0.045119
36.294,0.049522
36.315,0.053498
36.335,0.057041
36.355,0.060095
36.375,0.062676
36.395,0.064769
36.415,0.066363
36.435,0.067434
36.455,0.068
36.475,0.068069
36.495,0.067614
36.515,0.066657
36.535,0.06524
36.555,0.063368
36.575,0.06104
36.595,0.058268
36.615,0.055083
36.635,0.051504
36.655,0.047555
36.675,0.0433
36.696,0.038746
36.716,0.033945
36.736,0.028913
36.756,0.023711
36.776,0.018355
36.796,0.012929
36.816,0.0074723
36.836,0.002048
36.856,-0.0032755
36.876,-0.0084328
36.896,-0.013393
36.916,-0.018116
36.936,-0.022536
36.956,-0.026638
36.976,-0.030369
36.996,-0.033699
37.016,-0.036595
37.036,-0.039047
37.056,-0.041038
37.077,-0.042598
37.097,-0.043736
37.117,-0.044484
37.137,-0.044855
37.157,-0.044892
37.177,-0.044648
37.197,-0.044181
37.217,-0.043538
37.237,-0.042758
37.257,-0.041922
37.277,-0.041073
37.297,-0.040249
37.317,-0.039476
37.337,-0.038812
37.357,-0.038282
37.377,-0.037897
37.397,-0.037666
37.417,-0.037594
37.437,-0.037648
37.458,-0.037797
37.478,-0.038017
37.498,-0.038271
37.518,-0.038496
37.538,-0.038638
37.558,-0.038653
37.578,-0.038467
37.598,-0.038061
37.618,-0.037359
37.638,-0.036332
37.658,-0.034933
37.678,-0.033111
37.698,-0.030824
37.718,-0.028096
37.738,-0.024924
37.758,-0.021323
37.778,-0.017283
37.798,-0.012878
37.818,-0.0081195
37.838,-0.003085
37.859,0.0021829
37.879,0.0076055
37.899,0.013113
37.919,0.018613
37.939,0.024055
37.959,0.029346
37.979,0.034396
37.999,0.039118
38.019,0.043467
38.039,0.047396
38.059,0.050832
38.079,0.053722
38.099,0.056063
38.119,0.057821
38.139,0.058968
38.159,0.059495
38.179,0.059426
38.199,0.058752
38.219,0.057491
38.24,0.055668
38.26,0.053335
38.28,0.050518
38.3,0.047277
38.32,0.043655
38.34,0.039714
38.36,0.03551
38.38,0.031101
38.4,0.026554
38.42,0.021916
38.44,0.017281
38.46,0.012709
38.48,0.0082589
38.5,0.0039552
38.52,-0.00014143
38.54,-0.0039954
38.56,-0.0075577
38.58,-0.010817
38.6,-0.013753
38.621,-0.016332
38.641,-0.018527
38.661,-0.020339
38.681,-0.021783
38.701,-0.022837
38.721,-0.023515
38.741,-0.023818
38.761,-0.023771
38.781,-0.023389
38.801,-0.022691
38.821,-0.021729
38.841,-0.020543
38.861,-0.019169
38.881,-0.017629
38.901,-0.015968
38.921,-0.014232
38.941,-0.012461
38.961,-0.010689
38.981,-0.0089445
39.002,-0.0072708
39.022,-0.0056959
39.042,-0.0042612
39.062,-0.0029641
39.082,-0.0018442
39.102,-0.00093012
39.122,-0.00023182
39.142,0.00024683
39.162,0.00051543
39.182,0.00055833
39.202,0.00038981
39.222,1.6246e-005
39.242,-0.00052997
39.262,-0.0012208
39.282,-0.0020477
39.302,-0.0029824
39.322,-0.003989
39.342,-0.0050197
39.362,-0.0060362
39.383,-0.0069985
39.403,-0.0078387
39.423,-0.0085461
39.443,-0.0090774
39.463,-0.0093985
39.483,-0.0094736
39.503,-0.0092956
39.523,-0.0088531
39.543,-0.0081457
39.563,-0.0071498
39.583,-0.0058758
39.603,-0.0043408
39.623,-0.0025649
39.643,-0.00055031
39.663,0.001657
39.683,0.0040189
39.703,0.0064989
39.723,0.0090631
39.743,0.011673
39.764,0.014297
39.784,0.016881
39.804,0.019366
39.824,0.021708
39.844,0.023873
39.864,0.025824
39.884,0.027553
39.904,0.029031
39.924,0.030246
39.944,0.031179
39.964,0.03183
39.984,0.032192
40.004,0.032282
40.024,0.032103
40.044,0.031658
40.064,0.030975
40.084,0.030059
40.104,0.028934
40.124,0.027626
40.145,0.026142
40.165,0.024516
40.185,0.022768
40.205,0.020922
40.225,0.01899
40.245,0.016987
40.265,0.014927
40.285,0.012831
40.305,0.010733
40.325,0.0086524
40.345,0.0065834
40.365,0.0045451
40.385,0.0025565
40.405,0.00064815
40.425,-0.0011736
40.445,-0.0028932
40.465,-0.0045132
40.485,-0.0060141
40.505,-0.0073771
40.525,-0.0086318
40.546,-0.0097419
40.566,-0.010675
40.586,-0.011419
40.606,-0.012005
40.626,-0.012422
40.646,-0.012666
40.666,-0.012756
40.686,-0.01271
40.706,-0.012539
40.726,-0.012258
40.746,-0.011877
40.766,-0.011431
40.786,-0.010935
40.806,-0.010429
40.826,-0.0099439
40.846,-0.0094864
40.866,-0.0090769
40.886,-0.0087566
40.906,-0.0085379
40.927,-0.0084228
40.947,-0.0084265
40.967,-0.0085568
40.987,-0.008807
41.007,-0.0091567
41.027,-0.009592
41.047,-0.010101
41.067,-0.010637
41.087,-0.011161
41.107,-0.011629
41.127,-0.012022
41.147,-0.012303
41.167,-0.012417
41.187,-0.01231
41.207,-0.011944
41.227,-0.011293
41.247,-0.01032
41.267,-0.0089815
41.287,-0.0072705
41.308,-0.0051801
41.328,-0.0027004
41.348,0.00016007
41.368,0.0033805
41.388,0.0069416
41.408,0.0108
41.428,0.01494
41.448,0.019295
41.468,0.023811
41.488,0.028447
41.508,0.033149
41.528,0.037855
41.548,0.042505
41.568,0.047051
41.588,0.05146
41.608,0.055673
41.628,0.05964
41.648,0.063342
41.668,0.066714
41.689,0.069743
41.709,0.072373
41.729,0.074594
41.749,0.076391
41.769,0.077764
41.789,0.078713
41.809,0.079252
41.829,0.079396
41.849,0.079152
41.869,0.078536
41.889,0.07757
41.909,0.076276
41.929,0.074677
41.949,0.072763
41.969,0.070541
41.989,0.06804
42.009,0.065297
42.029,0.062344
42.049,0.059204
42.07,0.055894
42.09,0.052431
42.11,0.048826
42.13,0.045123
42.15,0.041367
42.17,0.037545
42.19,0.033711
42.21,0.029866
42.23,0.026024
42.25,0.022212
42.27,0.018458
42.29,0.014787
42.31,0.011182
42.33,0.0076682
42.35,0.0042755
42.37,0.00099698
42.39,-0.0021643
42.41,-0.0051856
42.43,-0.0080465
42.451,-0.010751
42.471,-0.0133
42.491,-0.015673
42.511,-0.017844
42.531,-0.01984
42.551,-0.02165
42.571,-0.023273
42.591,-0.024682
42.611,-0.02587
42.631,-0.026832
42.651,-0.027568
42.671,-0.028063
42.691,-0.028319
42.711,-0.028312
42.731,-0.028021
42.751,-0.027464
42.771,-0.026634
42.791,-0.02553
42.811,-0.024148
42.831,-0.022484
42.852,-0.020557
42.872,-0.018384
42.892,-0.016
42.912,-0.013418
42.932,-0.01065
42.952,-0.0076936
42.972,-0.0045897
42.992,-0.0013875
43.012,0.0018696
43.032,0.005163
43.052,0.0084414
43.072,0.011679
43.092,0.014857
43.112,0.017919
43.132,0.020857
43.152,0.023657
43.172,0.026249
43.192,0.028608
43.212,0.03075
43.233,0.032681
43.253,0.034365
43.273,0.035781
43.293,0.036939
43.313,0.037853
43.333,0.038512
43.353,0.038906
43.373,0.039043
43.393,0.038964
43.413,0.038644
43.433,0.038096
43.453,0.03736
43.473,0.036429
43.493,0.035308
43.513,0.034015
43.533,0.032563
43.553,0.030959
43.573,0.029212
43.593,0.027336
43.614,0.025307
43.634,0.023171
43.654,0.020915
43.674,0.018513
43.694,0.015977
43.714,0.013346
43.734,0.010615
43.754,0.0078101
43.774,0.0048938
43.794,0.0018984
43.814,-0.0011864
43.834,-0.0043576
43.854,-0.0075566
43.874,-0.010758
43.894,-0.013977
43.914,-0.01719
43.934,-0.020358
43.954,-0.023514
43.974,-0.026587
43.995,-0.029537
44.015,-0.032379
44.035,-0.035091
44.055,-0.037664
44.075,-0.040094
44.095,-0.042364
44.115,-0.044442
44.135,-0.04633
44.155,-0.048034
44.175,-0.049571
44.195,-0.050936
44.215,-0.052148
44.235,-0.05322
44.255,-0.05413
44.275,-0.054897
44.295,-0.055581
44.315,-0.056189
44.335,-0.056694
44.355,-0.057127
44.376,-0.057478
44.396,-0.057759
44.416,-0.057994
44.436,-0.058176
44.456,-0.058318
44.476,-0.058419
44.496,-0.058497
44.516,-0.058528
44.536,-0.058455
44.556,-0.058321
44.576,-0.05813
44.596,-0.057834
44.616,-0.057409
44.636,-0.056861
44.656,-0.056193
44.676,-0.055374
44.696,-0.054419
44.716,-0.053332
44.736,-0.052117
44.757,-0.050762
44.777,-0.049297
44.797,-0.047692
44.817,-0.045977
44.837,-0.044171
44.857,-0.042286
44.877,-0.040334
44.897,-0.038332
44.917,-0.036333
44.937,-0.034319
44.957,-0.032321
44.977,-0.030366
44.997,-0.028504
45.017,-0.026735
45.037,-0.025089
45.057,-0.023554
45.077,-0.022127
45.097,-0.02084
45.117,-0.019697
45.137,-0.018695
45.158,-0.017809
45.178,-0.017032
45.198,-0.016391
45.218,-0.015849
45.238,-0.015389
45.258,-0.015011
45.278,-0.01469
45.298,-0.014374
45.318,-0.014082
45.338,-0.013833
45.358,-0.013588
45.378,-0.013333
45.398,-0.013066
45.418,-0.012795
45.438,-0.012524
45.458,-0.012241
45.478,-0.011973
45.498,-0.011734
45.518,-0.011518
45.539,-0.011356
45.559,-0.011241
45.579,-0.011213
45.599,-0.011272
45.619,-0.011425
45.639,-0.011687
45.659,-0.012039
45.679,-0.012524
45.699,-0.013118
45.719,-0.013805
45.739,-0.014613
45.759,-0.015514
45.779,-0.016527
45.799,-0.017683
45.819,-0.018955
45.839,-0.020295
45.859,-0.021684
45.879,-0.023161
45.899,-0.024707
45.92,-0.026322
45.94,-0.027942
45.96,-0.029567
45.98,-0.0312
46,-0.032859
46.02,-0.034516
46.04,-0.036135
46.06,-0.037672
46.08,-0.03913
46.1,-0.040478
46.12,-0.041708
46.14,-0.042831
46.16,-0.043764
46.18,-0.044507
46.2,-0.045005
46.22,-0.045253
46.24,-0.045233
46.26,-0.044892
46.28,-0.044218
46.301,-0.043202
46.321,-0.041812
46.341,-0.040079
46.361,-0.038
46.381,-0.035547
46.401,-0.032737
46.421,-0.029627
46.441,-0.026209
46.461,-0.022547
46.481,-0.018682
46.501,-0.014637
46.521,-0.010499
46.541,-0.0062779
46.561,-0.0020374
46.581,0.0021776
46.601,0.0062965
46.621,0.010247
46.641,0.014047
46.661,0.017656
46.682,0.02106
46.702,0.024271
46.722,0.027217
46.742,0.029882
46.762,0.032309
46.782,0.034512
46.802,0.036509
46.822,0.038324
46.842,0.040034
46.862,0.041614
46.882,0.043112
46.902,0.044549
46.922,0.045901
46.942,0.047169
46.962,0.048418
46.982,0.049612
47.002,0.050746
47.022,0.051815
47.042,0.052825
47.063,0.053744
47.083,0.054518
47.103,0.055082
47.123,0.055447
47.143,0.055559
47.163,0.055342
47.183,0.054793
47.203,0.053909
47.223,0.052642
47.243,0.050999
47.263,0.048946
47.283,0.046427
47.303,0.043479
47.323,0.040178
47.343,0.036462
47.363,0.03242
47.383,0.028052
47.403,0.023393
47.423,0.018568
47.444,0.013547
47.464,0.0084023
47.484,0.0031964
47.504,-0.0019728
47.524,-0.0070405
47.544,-0.01197
47.564,-0.016729
47.584,-0.021245
47.604,-0.025483
47.624,-0.029384
47.644,-0.032963
47.664,-0.036174
47.684,-0.038987
47.704,-0.041412
47.724,-0.043416
47.744,-0.04494
47.764,-0.046042
47.784,-0.046719
47.804,-0.046954
47.824,-0.046762
47.845,-0.046132
47.865,-0.045123
47.885,-0.04373
47.905,-0.041981
47.925,-0.039866
47.945,-0.037452
47.965,-0.034779
47.985,-0.031808
48.005,-0.028568
48.025,-0.025097
48.045,-0.021451
48.065,-0.017561
48.085,-0.013589
48.105,-0.0095609
48.125,-0.005493
48.145,-0.0013043
48.165,0.0029401
48.185,0.0070679
48.205,0.011098
48.226,0.015019
48.246,0.018841
48.266,0.022455
48.286,0.025797
48.306,0.028911
48.326,0.031793
48.346,0.034377
48.366,0.036626
48.386,0.038612
48.406,0.040256
48.426,0.041551
48.446,0.04259
48.466,0.043428
48.486,0.043982
48.506,0.044278
48.526,0.044426
48.546,0.044374
48.566,0.044184
48.586,0.043874
48.607,0.043441
48.627,0.043009
48.647,0.042618
48.667,0.042313
48.687,0.042039
48.707,0.041851
48.727,0.041748
48.747,0.041763
48.767,0.04183
48.787,0.041952
48.807,0.042141
48.827,0.042391
48.847,0.042659
48.867,0.042955
48.887,0.043219
48.907,0.043418
48.927,0.043513
48.947,0.043501
48.967,0.043357
48.988,0.043071
49.008,0.042569
49.028,0.041907
49.048,0.041046
49.068,0.039938
49.088,0.038635
49.108,0.037094
49.128,0.035353
49.148,0.033463
49.168,0.031319
49.188,0.029073
49.208,0.026733
49.228,0.024244
49.248,0.021756
49.268,0.019244
49.288,0.016765
49.308,0.0143
49.328,0.011925
49.348,0.0096561
49.369,0.0075965
49.389,0.0058228
49.409,0.0043196
49.429,0.0030993
49.449,0.0021789
49.469,0.0015798
49.489,0.0013771
49.509,0.0015208
49.529,0.0021346
49.549,0.0031757
49.569,0.0045476
49.589,0.0062669
49.609,0.008436
49.629,0.010942
49.649,0.013727
49.669,0.016785
49.689,0.020058
49.709,0.023302
49.729,0.026647
49.75,0.029976
49.77,0.033164
49.79,0.036131
49.81,0.038899
49.83,0.041289
49.85,0.04319
49.87,0.044574
49.89,0.045266
49.91,0.045479
49.93,0.044831
49.95,0.043635
49.97,0.041695
49.99,0.039142
50.01,0.036092
50.03,0.032387
50.05,0.028282
50.07,0.023255
50.09,0.017184
50.11,0.0082846
