0,-0.0047961
0.010014,-0.0041048
0.020027,-0.0034884
0.030041,-0.0030759
0.040054,-0.0026093
0.050068,-0.0022294
0.060081,-0.0019649
0.070095,-0.0019427
0.080109,-0.0020203
0.090122,-0.0020863
0.10014,-0.0022575
0.11015,-0.0023577
0.12016,-0.0024841
0.13018,-0.0025478
0.14019,-0.0026934
0.1502,-0.0028063
0.16022,-0.0028265
0.17023,-0.002918
0.18024,-0.0030113
0.19026,-0.0030703
0.20027,-0.0031004
0.21028,-0.0031477
0.2203,-0.0031353
0.23031,-0.0031839
0.24033,-0.0032765
0.25034,-0.0033728
0.26035,-0.0034377
0.27037,-0.0034977
0.28038,-0.0035408
0.29039,-0.0036294
0.30041,-0.0037069
0.31042,-0.0038127
0.32043,-0.0038709
0.33045,-0.0039429
0.34046,-0.0040013
0.35047,-0.0040303
0.36049,-0.0040977
0.3705,-0.004158
0.38052,-0.0041761
0.39053,-0.0041822
0.40054,-0.0041736
0.41056,-0.0041874
0.42057,-0.004221
0.43058,-0.0042507
0.4406,-0.0042642
0.45061,-0.0042897
0.46062,-0.0043181
0.47064,-0.0043572
0.48065,-0.0043903
0.49066,-0.0044573
0.50068,-0.0044978
0.51069,-0.0044945
0.52071,-0.0044754
0.53072,-0.0044783
0.54073,-0.0045094
0.55075,-0.0045428
0.56076,-0.0045966
0.57077,-0.0046278
0.58079,-0.0046459
0.5908,-0.0046757
0.60081,-0.0046988
0.61083,-0.0046653
0.62084,-0.004646
0.63085,-0.0046675
0.64087,-0.004672
0.65088,-0.0046782
0.6609,-0.0047032
0.67091,-0.0047225
0.68092,-0.0047626
0.69094,-0.004832
0.70095,-0.0048821
0.71096,-0.0049535
0.72098,-0.0050137
0.73099,-0.0050531
0.741,-0.0050978
0.75102,-0.0051176
0.76103,-0.0051335
0.77104,-0.0051377
0.78106,-0.0051225
0.79107,-0.0051446
0.80109,-0.005154
0.8111,-0.0051789
0.82111,-0.0051969
0.83113,-0.0052214
0.84114,-0.0052471
0.85115,-0.0052627
0.86117,-0.005245
0.87118,-0.0052588
0.88119,-0.0052799
0.89121,-0.0053081
0.90122,-0.0053095
0.91123,-0.0053213
0.92125,-0.0053322
0.93126,-0.0053667
0.94127,-0.005397
0.95129,-0.0054328
0.9613,-0.0054758
0.97132,-0.0055319
0.98133,-0.0055961
0.99134,-0.005622
1.0014,-0.0056365
1.0114,-0.0056753
1.0214,-0.0056861
1.0314,-0.0056992
1.0414,-0.0056933
1.0514,-0.0056798
1.0614,-0.0056608
1.0715,-0.0056459
1.0815,-0.0056373
1.0915,-0.0056318
1.1015,-0.0056368
1.1115,-0.0056704
1.1215,-0.0056854
1.1315,-0.005714
1.1415,-0.0057526
1.1516,-0.0057637
1.1616,-0.0057755
1.1716,-0.005803
1.1816,-0.0058344
1.1916,-0.0058632
1.2016,-0.0059054
1.2116,-0.0059396
1.2217,-0.0059494
1.2317,-0.0059545
1.2417,-0.0059627
1.2517,-0.0059789
1.2617,-0.0059846
1.2717,-0.0059854
1.2817,-0.0059897
1.2917,-0.0060048
1.3018,-0.0060005
1.3118,-0.0060299
1.3218,-0.0060703
1.3318,-0.0061104
1.3418,-0.0061307
1.3518,-0.0061577
1.3618,-0.0061823
1.3719,-0.0062292
1.3819,-0.0062869
1.3919,-0.0063066
1.4019,-0.0063396
1.4119,-0.0063621
1.4219,-0.0063817
1.4319,-0.0063978
1.442,-0.0064069
1.452,-0.0064085
1.462,-0.006397
1.472,-0.0064004
1.482,-0.0063875
1.492,-0.0063737
1.502,-0.0063725
1.512,-0.00638
1.5221,-0.0063847
1.5321,-0.0063959
1.5421,-0.0064137
1.5521,-0.0064223
1.5621,-0.0064076
1.5721,-0.0063973
1.5821,-0.0063819
1.5922,-0.0063799
1.6022,-0.0063623
1.6122,-0.006362
1.6222,-0.0063418
1.6322,-0.0063154
1.6422,-0.0062768
1.6522,-0.0062484
1.6623,-0.0062422
1.6723,-0.0062424
1.6823,-0.0062438
1.6923,-0.0062455
1.7023,-0.0062385
1.7123,-0.0062159
1.7223,-0.0061774
1.7323,-0.0061397
1.7424,-0.0060864
1.7524,-0.0060314
1.7624,-0.0060055
1.7724,-0.0059683
1.7824,-0.0059444
1.7924,-0.0059033
1.8024,-0.005865
1.8125,-0.0058328
1.8225,-0.0057976
1.8325,-0.0057368
1.8425,-0.0056974
1.8525,-0.0056531
1.8625,-0.0056039
1.8725,-0.0055603
1.8825,-0.005517
1.8926,-0.0054897
1.9026,-0.0054565
1.9126,-0.0054029
1.9226,-0.0053442
1.9326,-0.0053026
1.9426,-0.0052478
1.9526,-0.0052248
1.9627,-0.0051914
1.9727,-0.0051464
1.9827,-0.005121
1.9927,-0.0050802
2.0027,-0.0050418
2.0127,-0.0050187
2.0227,-0.004992
2.0328,-0.004967
2.0428,-0.0049424
2.0528,-0.0049326
2.0628,-0.004912
2.0728,-0.0048976
2.0828,-0.0048789
2.0928,-0.0048581
2.1028,-0.0048653
2.1129,-0.0048736
2.1229,-0.0048566
2.1329,-0.0048335
2.1429,-0.0048331
2.1529,-0.0048317
2.1629,-0.0048131
2.1729,-0.0047892
2.183,-0.0047378
2.193,-0.0046807
2.203,-0.004632
2.213,-0.0045855
2.223,-0.0045387
2.233,-0.0044889
2.243,-0.0044493
2.2531,-0.0044125
2.2631,-0.0043698
2.2731,-0.0043083
2.2831,-0.0042623
2.2931,-0.0042064
2.3031,-0.0041528
2.3131,-0.0040969
2.3231,-0.0040629
2.3332,-0.0040218
2.3432,-0.0039588
2.3532,-0.0038995
2.3632,-0.0038437
2.3732,-0.0037935
2.3832,-0.0037412
2.3932,-0.0037016
2.4033,-0.0036442
2.4133,-0.0035813
2.4233,-0.0035253
2.4333,-0.003474
2.4433,-0.0034351
2.4533,-0.003383
2.4633,-0.0033555
2.4734,-0.0033105
2.4834,-0.0032619
2.4934,-0.0032071
2.5034,-0.0031496
2.5134,-0.003115
2.5234,-0.0030741
2.5334,-0.0030332
2.5434,-0.0029968
2.5535,-0.0029603
2.5635,-0.0029237
2.5735,-0.0028962
2.5835,-0.0028508
2.5935,-0.0028001
2.6035,-0.0027652
2.6135,-0.0027276
2.6236,-0.0026966
2.6336,-0.0026638
2.6436,-0.0026416
2.6536,-0.0026224
2.6636,-0.0026061
2.6736,-0.0025913
2.6836,-0.0025723
2.6936,-0.0025617
2.7037,-0.0025484
2.7137,-0.0025168
2.7237,-0.0024802
2.7337,-0.0024528
2.7437,-0.0024258
2.7537,-0.0024062
2.7637,-0.0023768
2.7738,-0.0023526
2.7838,-0.0023225
2.7938,-0.0023019
2.8038,-0.0022792
2.8138,-0.0022732
2.8238,-0.0022584
2.8338,-0.0022288
2.8439,-0.0022025
2.8539,-0.0021827
2.8639,-0.0021667
2.8739,-0.0021512
2.8839,-0.0021326
2.8939,-0.0021
2.9039,-0.0020779
2.9139,-0.0020486
2.924,-0.0020198
2.934,-0.0019907
2.944,-0.0019593
2.954,-0.0019395
2.964,-0.0019298
2.974,-0.0019165
2.984,-0.0018952
2.9941,-0.0018799
3.0041,-0.0018771
3.0141,-0.0018704
3.0241,-0.001864
3.0341,-0.0018584
3.0441,-0.001851
3.0541,-0.0018323
3.0642,-0.0018022
3.0742,-0.00178
3.0842,-0.0017585
3.0942,-0.00174
3.1042,-0.0017128
3.1142,-0.0016953
3.1242,-0.0016715
3.1342,-0.0016425
3.1443,-0.0016194
3.1543,-0.0016046
3.1643,-0.001583
3.1743,-0.0015571
3.1843,-0.0015387
3.1943,-0.0015218
3.2043,-0.0015057
3.2144,-0.0014978
3.2244,-0.0014794
3.2344,-0.0014526
3.2444,-0.0014346
3.2544,-0.0014038
3.2644,-0.0013858
3.2744,-0.001357
3.2844,-0.0013348
3.2945,-0.0013084
3.3045,-0.0012657
3.3145,-0.0012164
3.3245,-0.0011708
3.3345,-0.0011366
3.3445,-0.0011155
3.3545,-0.0010831
3.3646,-0.0010551
3.3746,-0.0010338
3.3846,-0.0010032
3.3946,-0.00096357
3.4046,-0.00092412
3.4146,-0.00088544
3.4246,-0.000871
3.4347,-0.00084739
3.4447,-0.00081937
3.4547,-0.00079087
3.4647,-0.00076014
3.4747,-0.00072517
3.4847,-0.00068031
3.4947,-0.00065098
3.5047,-0.00061709
3.5148,-0.00058687
3.5248,-0.00055742
3.5348,-0.00052816
3.5448,-0.00049544
3.5548,-0.00046527
3.5648,-0.00043032
3.5748,-0.00040048
3.5849,-0.0003697
3.5949,-0.00033617
3.6049,-0.00031431
3.6149,-0.00028675
3.6249,-0.00024605
3.6349,-0.00021112
3.6449,-0.00018488
3.655,-0.00014748
3.665,-0.00010619
3.675,-7.2044e-005
3.685,-4.9952e-005
3.695,-3.0572e-005
3.705,5.7041e-006
3.715,4.2008e-005
3.725,7.4006e-005
3.7351,0.00011144
3.7451,0.00015915
3.7551,0.00020258
3.7651,0.00024264
3.7751,0.00029669
3.7851,0.00035024
3.7951,0.00039191
3.8052,0.00044581
3.8152,0.00050426
3.8252,0.00054869
3.8352,0.00058515
3.8452,0.00062072
3.8552,0.00067038
3.8652,0.00072239
3.8752,0.00077262
3.8853,0.00081313
3.8953,0.00087562
3.9053,0.00092474
3.9153,0.00098923
3.9253,0.0010432
3.9353,0.0011086
3.9453,0.0011636
3.9554,0.001211
3.9654,0.0012569
3.9754,0.0013115
3.9854,0.0013555
3.9954,0.0014076
4.0054,0.0014702
4.0154,0.0015199
4.0255,0.0015594
4.0355,0.0016152
4.0455,0.0016601
4.0555,0.0017147
4.0655,0.0017598
4.0755,0.0018232
4.0855,0.0018807
4.0955,0.0019636
4.1056,0.0020376
4.1156,0.0021173
4.1256,0.0021846
4.1356,0.0022752
4.1456,0.00233
4.1556,0.0023584
4.1656,0.0024374
4.1757,0.0024919
4.1857,0.0025708
4.1957,0.0026472
4.2057,0.0026897
4.2157,0.0027638
4.2257,0.0028142
4.2357,0.0028989
4.2458,0.0029816
4.2558,0.0030899
4.2658,0.0031782
4.2758,0.0032476
4.2858,0.0033143
4.2958,0.0034041
4.3058,0.003483
4.3158,0.0035594
4.3259,0.0036135
4.3359,0.0036705
4.3459,0.0037506
4.3559,0.003811
4.3659,0.0039057
4.3759,0.0039502
4.3859,0.0040037
4.396,0.0040364
4.406,0.004092
4.416,0.0041529
4.426,0.0042075
4.436,0.0042522
4.446,0.0043095
4.456,0.0043601
4.466,0.0044341
4.4761,0.0044923
4.4861,0.0045775
4.4961,0.0046426
4.5061,0.0047297
4.5161,0.0048045
4.5261,0.0048537
4.5361,0.0049226
4.5462,0.0049856
4.5562,0.0050553
4.5662,0.0051159
4.5762,0.0051858
4.5862,0.0052376
4.5962,0.0053062
4.6062,0.0053712
4.6163,0.0054357
4.6263,0.0054854
4.6363,0.0055528
4.6463,0.0056138
4.6563,0.0056717
4.6663,0.0057486
4.6763,0.0057828
4.6863,0.005846
4.6964,0.0058847
4.7064,0.005936
4.7164,0.0060201
4.7264,0.0060627
4.7364,0.0061186
4.7464,0.0061757
4.7564,0.0062157
4.7665,0.0062714
4.7765,0.0063285
4.7865,0.0063804
4.7965,0.0064486
4.8065,0.0065254
4.8165,0.0065942
4.8265,0.006689
4.8366,0.0067639
4.8466,0.0068429
4.8566,0.0069042
4.8666,0.0069433
4.8766,0.0069957
4.8866,0.0070391
4.8966,0.0070789
4.9066,0.0071165
4.9167,0.0071698
4.9267,0.0072141
4.9367,0.0072553
4.9467,0.0073047
4.9567,0.0073326
4.9667,0.0073735
4.9767,0.0074099
4.9868,0.0074354
4.9968,0.0074506
5.0068,0.0074745
5.0168,0.0075204
5.0268,0.0075615
5.0368,0.007617
5.0468,0.0076635
5.0568,0.007691
5.0669,0.0077232
5.0769,0.007797
5.0869,0.0078491
5.0969,0.0078863
5.1069,0.0079372
5.1169,0.0080044
5.1269,0.0080608
5.137,0.0080924
5.147,0.0081136
5.157,0.0081577
5.167,0.0081869
5.177,0.0082459
5.187,0.0082558
5.197,0.0083058
5.2071,0.008322
5.2171,0.0083545
5.2271,0.0083888
5.2371,0.0084335
5.2471,0.0084573
5.2571,0.0084747
5.2671,0.008487
5.2771,0.0084907
5.2872,0.0085105
5.2972,0.0085006
5.3072,0.0085183
5.3172,0.0085328
5.3272,0.0085395
5.3372,0.0085816
5.3472,0.0085856
5.3573,0.0085942
5.3673,0.0085772
5.3773,0.0085786
5.3873,0.0085981
5.3973,0.008621
5.4073,0.0086373
5.4173,0.0086677
5.4274,0.0086995
5.4374,0.0087211
5.4474,0.0087294
5.4574,0.0087402
5.4674,0.0087748
5.4774,0.0087887
5.4874,0.0088044
5.4974,0.008818
5.5075,0.0088455
5.5175,0.0088696
5.5275,0.0088918
5.5375,0.008927
5.5475,0.0089426
5.5575,0.0089763
5.5675,0.0090048
5.5776,0.0090305
5.5876,0.0090632
5.5976,0.0090955
5.6076,0.009119
5.6176,0.0091566
5.6276,0.009179
5.6376,0.0092005
5.6476,0.0092305
5.6577,0.0092664
5.6677,0.0092814
5.6777,0.0093258
5.6877,0.009364
5.6977,0.009384
5.7077,0.0094164
5.7177,0.0094455
5.7278,0.0094727
5.7378,0.0095215
5.7478,0.0095593
5.7578,0.0095949
5.7678,0.0096223
5.7778,0.0096469
5.7878,0.0096856
5.7979,0.0097217
5.8079,0.0097524
5.8179,0.0097723
5.8279,0.0097847
5.8379,0.009809
5.8479,0.0098221
5.8579,0.009837
5.8679,0.0098491
5.878,0.0098698
5.888,0.0098894
5.898,0.0099035
5.908,0.0099064
5.918,0.0099242
5.928,0.0099399
5.938,0.0099585
5.9481,0.0099784
5.9581,0.0099984
5.9681,0.010016
5.9781,0.010039
5.9881,0.010075
5.9981,0.01009
6.0081,0.010125
6.0182,0.010146
6.0282,0.010184
6.0382,0.01021
6.0482,0.01024
6.0582,0.010266
6.0682,0.010293
6.0782,0.010328
6.0882,0.010372
6.0983,0.010412
6.1083,0.010446
6.1183,0.010483
6.1283,0.010521
6.1383,0.010563
6.1483,0.010595
6.1583,0.010647
6.1684,0.010691
6.1784,0.01072
6.1884,0.010753
6.1984,0.010792
6.2084,0.010837
6.2184,0.010892
6.2284,0.010941
6.2385,0.010985
6.2485,0.011032
6.2585,0.011066
6.2685,0.011114
6.2785,0.011156
6.2885,0.011202
6.2985,0.011247
6.3085,0.011293
6.3186,0.01134
6.3286,0.011376
6.3386,0.011418
6.3486,0.011457
6.3586,0.0115
6.3686,0.011545
6.3786,0.011592
6.3887,0.011633
6.3987,0.011672
6.4087,0.011712
6.4187,0.011746
6.4287,0.011783
6.4387,0.011807
6.4487,0.011839
6.4587,0.011876
6.4688,0.011906
6.4788,0.011938
6.4888,0.011978
6.4988,0.012015
6.5088,0.012054
6.5188,0.012081
6.5288,0.0121
6.5389,0.012121
6.5489,0.012155
6.5589,0.012188
6.5689,0.012228
6.5789,0.012262
6.5889,0.012288
6.5989,0.012314
6.609,0.012334
6.619,0.012353
6.629,0.01236
6.639,0.012374
6.649,0.012398
6.659,0.012419
6.669,0.012453
6.679,0.012491
6.6891,0.012531
6.6991,0.012591
6.7091,0.012643
6.7191,0.012696
6.7291,0.012749
6.7391,0.012794
6.7491,0.012827
6.7592,0.012851
6.7692,0.012876
6.7792,0.012905
6.7892,0.01293
6.7992,0.012975
6.8092,0.013015
6.8192,0.01305
6.8293,0.013086
6.8393,0.013122
6.8493,0.013156
6.8593,0.013196
6.8693,0.013231
6.8793,0.013258
6.8893,0.013283
6.8993,0.013311
6.9094,0.013337
6.9194,0.013363
6.9294,0.013407
6.9394,0.013436
6.9494,0.013461
6.9594,0.013496
6.9694,0.013514
6.9795,0.013524
6.9895,0.013528
6.9995,0.013537
7.0095,0.013544
7.0195,0.013554
7.0295,0.013562
7.0395,0.013569
7.0495,0.013573
7.0596,0.01358
7.0696,0.013581
7.0796,0.013571
7.0896,0.01358
7.0996,0.013587
7.1096,0.013585
7.1196,0.013599
7.1297,0.013612
7.1397,0.013617
7.1497,0.013619
7.1597,0.013623
7.1697,0.013628
7.1797,0.013639
7.1897,0.013639
7.1998,0.013631
7.2098,0.013626
7.2198,0.013623
7.2298,0.013617
7.2398,0.013612
7.2498,0.013609
7.2598,0.013591
7.2698,0.013577
7.2799,0.013566
7.2899,0.013561
7.2999,0.013553
7.3099,0.013545
7.3199,0.013536
7.3299,0.013522
7.3399,0.013497
7.35,0.013478
7.36,0.01346
7.37,0.013443
7.38,0.01343
7.39,0.01342
7.4,0.013404
7.41,0.013398
7.4201,0.013397
7.4301,0.013383
7.4401,0.013367
7.4501,0.013358
7.4601,0.013347
7.4701,0.013335
7.4801,0.01332
7.4901,0.013307
7.5002,0.013291
7.5102,0.013272
7.5202,0.013258
7.5302,0.013244
7.5402,0.013231
7.5502,0.013215
7.5602,0.013204
7.5703,0.01319
7.5803,0.013171
7.5903,0.013141
7.6003,0.013103
7.6103,0.013052
7.6203,0.013002
7.6303,0.012958
7.6403,0.01291
7.6504,0.012856
7.6604,0.012817
7.6704,0.012762
7.6804,0.012708
7.6904,0.012666
7.7004,0.012622
7.7104,0.012585
7.7205,0.012547
7.7305,0.012495
7.7405,0.01245
7.7505,0.0124
7.7605,0.012353
7.7705,0.012314
7.7805,0.012275
7.7906,0.012216
7.8006,0.012156
7.8106,0.012094
7.8206,0.012035
7.8306,0.011993
7.8406,0.011948
7.8506,0.011906
7.8606,0.011862
7.8707,0.011812
7.8807,0.011764
7.8907,0.011711
7.9007,0.011664
7.9107,0.011609
7.9207,0.011547
7.9307,0.011487
7.9408,0.011433
7.9508,0.011382
7.9608,0.011314
7.9708,0.011248
7.9808,0.01119
7.9908,0.011131
8.0008,0.011067
8.0109,0.011003
8.0209,0.010932
8.0309,0.010864
8.0409,0.010815
8.0509,0.010768
8.0609,0.010713
8.0709,0.010655
8.0809,0.010609
8.091,0.01056
8.101,0.010504
8.111,0.010455
8.121,0.010404
8.131,0.010361
8.141,0.010317
8.151,0.010275
8.1611,0.010232
8.1711,0.01019
8.1811,0.010142
8.1911,0.010096
8.2011,0.010046
8.2111,0.0099943
8.2211,0.0099437
8.2311,0.0098857
8.2412,0.0098358
8.2512,0.0097925
8.2612,0.0097476
8.2712,0.0097031
8.2812,0.0096632
8.2912,0.0096314
8.3012,0.0095936
8.3113,0.009553
8.3213,0.0095056
8.3313,0.0094538
8.3413,0.0093988
8.3513,0.0093453
8.3613,0.009297
8.3713,0.009252
8.3814,0.0092017
8.3914,0.0091526
8.4014,0.009093
8.4114,0.0090349
8.4214,0.0089815
8.4314,0.0089251
8.4414,0.0088698
8.4514,0.0088181
8.4615,0.0087574
8.4715,0.0086988
8.4815,0.0086416
8.4915,0.0085807
8.5015,0.0085218
8.5115,0.0084665
8.5215,0.0084105
8.5316,0.0083517
8.5416,0.0082961
8.5516,0.0082385
8.5616,0.0081827
8.5716,0.0081245
8.5816,0.0080699
8.5916,0.008016
8.6017,0.0079518
8.6117,0.0078844
8.6217,0.0078278
8.6317,0.0077606
8.6417,0.007698
8.6517,0.0076263
8.6617,0.0075505
8.6717,0.0074695
8.6818,0.0073968
8.6918,0.007314
8.7018,0.0072279
8.7118,0.0071513
8.7218,0.0070627
8.7318,0.0069782
8.7418,0.0068976
8.7519,0.0068106
8.7619,0.0067225
8.7719,0.0066404
8.7819,0.0065598
8.7919,0.0064775
8.8019,0.0063929
8.8119,0.0063097
8.8219,0.0062333
8.832,0.0061657
8.842,0.0060942
8.852,0.0060114
8.862,0.0059259
8.872,0.0058517
8.882,0.0057762
8.892,0.0056966
8.9021,0.0056134
8.9121,0.0055247
8.9221,0.0054501
8.9321,0.0053682
8.9421,0.0052807
8.9521,0.0051925
8.9621,0.0051059
8.9722,0.0050128
8.9822,0.0049236
8.9922,0.0048369
9.0022,0.0047458
9.0122,0.004657
9.0222,0.0045631
9.0322,0.0044651
9.0422,0.0043746
9.0523,0.0042851
9.0623,0.0042041
9.0723,0.0041278
9.0823,0.004063
9.0923,0.0039958
9.1023,0.0039365
9.1123,0.0038837
9.1224,0.0038248
9.1324,0.0037653
9.1424,0.0037061
9.1524,0.0036607
9.1624,0.0036089
9.1724,0.0035635
9.1824,0.0035225
9.1925,0.0034858
9.2025,0.0034539
9.2125,0.0034325
9.2225,0.0034132
9.2325,0.0033927
9.2425,0.0033693
9.2525,0.0033548
9.2625,0.0033493
9.2726,0.0033491
9.2826,0.0033517
9.2926,0.0033589
9.3026,0.0033746
9.3126,0.0033869
9.3226,0.0033974
9.3326,0.0034147
9.3427,0.0034467
9.3527,0.0034803
9.3627,0.0035143
9.3727,0.0035513
9.3827,0.0035952
9.3927,0.0036309
9.4027,0.0036723
9.4127,0.0037285
9.4228,0.003794
9.4328,0.0038642
9.4428,0.003941
9.4528,0.0040116
9.4628,0.0040828
9.4728,0.0041683
9.4828,0.0042471
9.4929,0.0043237
9.5029,0.0044008
9.5129,0.0044841
9.5229,0.0045776
9.5329,0.0046742
9.5429,0.0047707
9.5529,0.0048616
9.563,0.0049485
9.573,0.0050277
9.583,0.0051117
9.593,0.0051977
9.603,0.0052791
9.613,0.0053627
9.623,0.0054457
9.633,0.0055303
9.6431,0.0056217
9.6531,0.0057185
9.6631,0.0058142
9.6731,0.0059065
9.6831,0.0060042
9.6931,0.0061018
9.7031,0.0061945
9.7132,0.0062919
9.7232,0.006388
9.7332,0.0064747
9.7432,0.0065598
9.7532,0.0066511
9.7632,0.006732
9.7732,0.0068187
9.7833,0.0069114
9.7933,0.006998
9.8033,0.0070779
9.8133,0.0071592
9.8233,0.0072352
9.8333,0.0072982
9.8433,0.0073581
9.8533,0.0074205
9.8634,0.0074743
9.8734,0.0075249
9.8834,0.0075733
9.8934,0.0076274
9.9034,0.0076797
9.9134,0.0077275
9.9234,0.0077746
9.9335,0.0078197
9.9435,0.0078733
9.9535,0.0079292
9.9635,0.0079801
9.9735,0.0080214
9.9835,0.0080634
9.9935,0.0080975
10.004,0.0081359
10.014,0.0081692
10.024,0.0081995
10.034,0.0082269
10.044,0.0082546
10.054,0.0082736
10.064,0.0082818
10.074,0.0082957
10.084,0.0083154
10.094,0.0083334
10.104,0.0083304
10.114,0.0083244
10.124,0.0083236
10.134,0.0083224
10.144,0.008331
10.154,0.0083372
10.164,0.0083247
10.174,0.0083098
10.184,0.0082821
10.194,0.0082495
10.204,0.0082203
10.214,0.008185
10.224,0.0081363
10.234,0.0080812
10.244,0.0080245
10.254,0.007966
10.264,0.0079001
10.274,0.0078409
10.284,0.0077684
10.294,0.0076866
10.304,0.0075984
10.314,0.007513
10.324,0.0074154
10.334,0.0073155
10.344,0.0072181
10.354,0.007106
10.364,0.0069856
10.374,0.006866
10.384,0.0067517
10.394,0.0066405
10.404,0.0065314
10.414,0.0064062
10.424,0.0062765
10.434,0.0061545
10.444,0.0060237
10.454,0.005885
10.464,0.0057475
10.474,0.0055999
10.484,0.0054561
10.494,0.0053202
10.504,0.0051795
10.514,0.0050437
10.524,0.004906
10.534,0.0047626
10.544,0.0046189
10.554,0.0044596
10.564,0.0042895
10.574,0.0041316
10.584,0.0039749
10.594,0.0038074
10.604,0.0036406
10.614,0.0034712
10.624,0.0033101
10.634,0.0031466
10.644,0.002982
10.654,0.0028173
10.664,0.0026431
10.674,0.0024712
10.684,0.0022983
10.694,0.0021268
10.704,0.0019531
10.715,0.0017869
10.725,0.0016146
10.735,0.0014411
10.745,0.0012728
10.755,0.0011051
10.765,0.00093198
10.775,0.00076428
10.785,0.00060076
10.795,0.00043449
10.805,0.0002648
10.815,9.5061e-005
10.825,-6.7735e-005
10.835,-0.00022745
10.845,-0.0003904
10.855,-0.00054808
10.865,-0.00070607
10.875,-0.00086274
10.885,-0.0010209
10.895,-0.0011821
10.905,-0.0013455
10.915,-0.0015049
10.925,-0.0016522
10.935,-0.0018054
10.945,-0.0019669
10.955,-0.0021172
10.965,-0.0022712
10.975,-0.0024338
10.985,-0.0025883
10.995,-0.0027367
11.005,-0.0028957
11.015,-0.0030479
11.025,-0.0031852
11.035,-0.0033292
11.045,-0.0034777
11.055,-0.0036396
11.065,-0.0037935
11.075,-0.0039469
11.085,-0.0040953
11.095,-0.0042308
11.105,-0.0043724
11.115,-0.004521
11.125,-0.0046756
11.135,-0.0048264
11.145,-0.0049691
11.155,-0.0051101
11.165,-0.0052456
11.175,-0.0053842
11.185,-0.0055162
11.195,-0.0056461
11.205,-0.0057835
11.215,-0.0059209
11.225,-0.0060537
11.235,-0.0061815
11.245,-0.0063069
11.255,-0.0064265
11.265,-0.0065478
11.275,-0.0066703
11.285,-0.0068009
11.295,-0.006924
11.305,-0.0070498
11.315,-0.0071783
11.325,-0.0073068
11.335,-0.0074306
11.345,-0.0075512
11.355,-0.007664
11.365,-0.0077754
11.375,-0.0078877
11.385,-0.0079927
11.395,-0.0080914
11.405,-0.0081944
11.415,-0.0082977
11.425,-0.0084013
11.435,-0.0085021
11.446,-0.0085974
11.456,-0.0086923
11.466,-0.0087912
11.476,-0.0088929
11.486,-0.0089868
11.496,-0.009085
11.506,-0.0091767
11.516,-0.0092528
11.526,-0.0093352
11.536,-0.0094192
11.546,-0.0095011
11.556,-0.0095806
11.566,-0.0096581
11.576,-0.0097358
11.586,-0.00981
11.596,-0.0098852
11.606,-0.0099566
11.616,-0.01002
11.626,-0.01008
11.636,-0.010146
11.646,-0.010211
11.656,-0.010267
11.666,-0.010326
11.676,-0.010387
11.686,-0.010444
11.696,-0.0105
11.706,-0.01056
11.716,-0.01062
11.726,-0.010679
11.736,-0.010732
11.746,-0.01078
11.756,-0.010825
11.766,-0.010872
11.776,-0.01091
11.786,-0.010949
11.796,-0.010989
11.806,-0.011029
11.816,-0.01107
11.826,-0.011106
11.836,-0.011144
11.846,-0.011181
11.856,-0.011214
11.866,-0.011241
11.876,-0.011272
11.886,-0.011306
11.896,-0.011341
11.906,-0.011372
11.916,-0.011405
11.926,-0.01144
11.936,-0.011479
11.946,-0.011513
11.956,-0.011542
11.966,-0.011576
11.976,-0.011607
11.986,-0.011635
11.996,-0.011655
12.006,-0.011679
12.016,-0.011693
12.026,-0.011712
12.036,-0.011732
12.046,-0.011745
12.056,-0.011746
12.066,-0.011758
12.076,-0.01177
12.086,-0.011773
12.096,-0.011774
12.106,-0.011782
12.116,-0.011789
12.126,-0.011798
12.136,-0.011803
12.146,-0.011816
12.156,-0.01183
12.166,-0.011839
12.176,-0.011842
12.187,-0.011853
12.197,-0.01187
12.207,-0.011877
12.217,-0.011882
12.227,-0.011885
12.237,-0.011891
12.247,-0.011889
12.257,-0.011887
12.267,-0.011882
12.277,-0.011875
12.287,-0.011871
12.297,-0.011859
12.307,-0.011838
12.317,-0.011819
12.327,-0.011806
12.337,-0.011791
12.347,-0.01177
12.357,-0.011746
12.367,-0.011723
12.377,-0.011698
12.387,-0.011674
12.397,-0.011647
12.407,-0.011625
12.417,-0.011598
12.427,-0.011569
12.437,-0.011543
12.447,-0.011514
12.457,-0.011485
12.467,-0.011451
12.477,-0.011419
12.487,-0.011381
12.497,-0.011337
12.507,-0.011301
12.517,-0.01126
12.527,-0.01122
12.537,-0.011184
12.547,-0.01115
12.557,-0.011104
12.567,-0.011046
12.577,-0.010991
12.587,-0.010928
12.597,-0.01086
12.607,-0.010796
12.617,-0.010713
12.627,-0.010627
12.637,-0.010545
12.647,-0.010471
12.657,-0.010384
12.667,-0.010292
12.677,-0.010194
12.687,-0.010088
12.697,-0.0099714
12.707,-0.0098509
12.717,-0.0097228
12.727,-0.0095839
12.737,-0.0094327
12.747,-0.0092763
12.757,-0.0091096
12.767,-0.0089277
12.777,-0.0087406
12.787,-0.0085415
12.797,-0.0083326
12.807,-0.0081127
12.817,-0.0078892
12.827,-0.0076491
12.837,-0.007395
12.847,-0.0071316
12.857,-0.006852
12.867,-0.0065517
12.877,-0.0062382
12.887,-0.0059037
12.897,-0.0055579
12.907,-0.0052006
12.917,-0.0048275
12.928,-0.0044387
12.938,-0.0040269
12.948,-0.0036059
12.958,-0.0031624
12.968,-0.0026971
12.978,-0.0022145
12.988,-0.0017166
12.998,-0.0011966
13.008,-0.00065645
13.018,-0.00010029
13.028,0.00047098
13.038,0.0010542
13.048,0.0016492
13.058,0.002257
13.068,0.0028875
13.078,0.0035321
13.088,0.0041758
13.098,0.0048277
13.108,0.0054981
13.118,0.0061766
13.128,0.0068552
13.138,0.0075379
13.148,0.0082201
13.158,0.0089052
13.168,0.0095805
13.178,0.010255
13.188,0.010925
13.198,0.011577
13.208,0.012224
13.218,0.012866
13.228,0.01349
13.238,0.014083
13.248,0.014654
13.258,0.015219
13.268,0.015768
13.278,0.01628
13.288,0.016776
13.298,0.017219
13.308,0.017702
13.318,0.018089
13.328,0.018374
13.338,0.01868
13.348,0.018906
13.358,0.019093
13.368,0.019223
13.378,0.019306
13.388,0.019328
13.398,0.01931
13.408,0.019254
13.418,0.019155
13.428,0.018996
13.438,0.018784
13.448,0.018514
13.458,0.018194
13.468,0.017817
13.478,0.017389
13.488,0.016916
13.498,0.016381
13.508,0.0158
13.518,0.015163
13.528,0.014498
13.538,0.013786
13.548,0.013035
13.558,0.012239
13.568,0.011413
13.578,0.01055
13.588,0.0096416
13.598,0.0087111
13.608,0.0077643
13.618,0.0067917
13.628,0.00578
13.638,0.0047407
13.648,0.0036761
13.659,0.0025968
13.669,0.0015014
13.679,0.00038827
13.689,-0.00073944
13.699,-0.00188
13.709,-0.0030166
13.719,-0.0041637
13.729,-0.005314
13.739,-0.0064839
13.749,-0.0076504
13.759,-0.008805
13.769,-0.0099568
13.779,-0.01111
13.789,-0.012261
13.799,-0.013391
13.809,-0.014516
13.819,-0.015635
13.829,-0.016752
13.839,-0.017869
13.849,-0.018969
13.859,-0.02004
13.869,-0.021093
13.879,-0.022138
13.889,-0.023163
13.899,-0.02416
13.909,-0.025136
13.919,-0.0261
13.929,-0.027039
13.939,-0.027954
13.949,-0.028837
13.959,-0.029683
13.969,-0.030503
13.979,-0.031299
13.989,-0.032079
13.999,-0.032853
14.009,-0.033603
14.019,-0.03434
14.029,-0.035064
14.039,-0.035769
14.049,-0.036457
14.059,-0.037137
14.069,-0.037806
14.079,-0.038474
14.089,-0.039137
14.099,-0.039793
14.109,-0.040436
14.119,-0.041083
14.129,-0.041728
14.139,-0.042373
14.149,-0.043012
14.159,-0.043652
14.169,-0.044306
14.179,-0.044963
14.189,-0.045619
14.199,-0.04628
14.209,-0.046943
14.219,-0.047606
14.229,-0.048279
14.239,-0.048951
14.249,-0.049631
14.259,-0.050323
14.269,-0.051024
14.279,-0.051732
14.289,-0.05244
14.299,-0.053146
14.309,-0.053849
14.319,-0.05455
14.329,-0.055253
14.339,-0.055944
14.349,-0.05662
14.359,-0.057294
14.369,-0.057958
14.379,-0.058611
14.389,-0.059257
14.4,-0.059885
14.41,-0.060488
14.42,-0.06108
14.43,-0.061655
14.44,-0.062215
14.45,-0.062761
14.46,-0.063289
14.47,-0.063784
14.48,-0.064247
14.49,-0.064695
14.5,-0.065121
14.51,-0.065522
14.52,-0.065879
14.53,-0.066201
14.54,-0.066488
14.55,-0.066743
14.56,-0.066967
14.57,-0.06716
14.58,-0.067315
14.59,-0.067426
14.6,-0.067501
14.61,-0.067538
14.62,-0.06754
14.63,-0.067501
14.64,-0.067426
14.65,-0.067316
14.66,-0.067174
14.67,-0.066997
14.68,-0.066783
14.69,-0.066546
14.7,-0.066271
14.71,-0.06596
14.72,-0.065626
14.73,-0.065271
14.74,-0.064887
14.75,-0.064475
14.76,-0.064046
14.77,-0.063595
14.78,-0.063131
14.79,-0.062661
14.8,-0.062176
14.81,-0.061672
14.82,-0.061154
14.83,-0.060633
14.84,-0.06012
14.85,-0.059617
14.86,-0.059106
14.87,-0.0586
14.88,-0.058101
14.89,-0.057617
14.9,-0.057143
14.91,-0.056698
14.92,-0.056272
14.93,-0.055867
14.94,-0.055496
14.95,-0.055153
14.96,-0.054834
14.97,-0.054548
14.98,-0.054298
14.99,-0.054082
15,-0.053904
15.01,-0.053768
15.02,-0.053669
15.03,-0.053613
15.04,-0.053605
15.05,-0.05364
15.06,-0.053722
15.07,-0.053851
15.08,-0.054024
15.09,-0.054246
15.1,-0.054517
15.11,-0.054829
15.12,-0.0552
15.13,-0.055626
15.141,-0.056113
15.151,-0.056646
15.161,-0.057231
15.171,-0.057867
15.181,-0.058555
15.191,-0.059294
15.201,-0.060089
15.211,-0.060943
15.221,-0.061841
15.231,-0.062786
15.241,-0.06378
15.251,-0.064838
15.261,-0.065947
15.271,-0.067103
15.281,-0.068314
15.291,-0.069584
15.301,-0.070913
15.311,-0.072302
15.321,-0.07375
15.331,-0.075241
15.341,-0.076782
15.351,-0.078399
15.361,-0.080063
15.371,-0.08178
15.381,-0.083527
15.391,-0.085331
15.401,-0.087189
15.411,-0.089113
15.421,-0.091094
15.431,-0.093135
15.441,-0.095229
15.451,-0.097372
15.461,-0.099574
15.471,-0.10185
15.481,-0.10418
15.491,-0.10657
15.501,-0.10902
15.511,-0.11153
15.521,-0.11409
15.531,-0.11671
15.541,-0.11941
15.551,-0.12214
15.561,-0.12494
15.571,-0.1278
15.581,-0.13071
15.591,-0.13366
15.601,-0.13671
15.611,-0.13983
15.621,-0.14298
15.631,-0.14618
15.641,-0.1495
15.651,-0.15286
15.661,-0.15625
15.671,-0.15968
15.681,-0.16314
15.691,-0.16664
15.701,-0.17024
15.711,-0.17389
15.721,-0.17754
15.731,-0.18123
15.741,-0.18498
15.751,-0.1888
15.761,-0.19263
15.771,-0.19643
15.781,-0.20027
15.791,-0.20416
15.801,-0.20809
15.811,-0.21204
15.821,-0.216
15.831,-0.22
15.841,-0.224
15.851,-0.228
15.861,-0.23201
15.871,-0.23603
15.882,-0.24006
15.892,-0.24407
15.902,-0.24807
15.912,-0.25209
15.922,-0.25614
15.932,-0.26016
15.942,-0.26416
15.952,-0.26813
15.962,-0.27211
15.972,-0.27608
15.982,-0.27999
15.992,-0.28387
16.002,-0.28777
16.012,-0.29165
16.022,-0.29546
16.032,-0.29925
16.042,-0.30302
16.052,-0.30679
16.062,-0.31052
16.072,-0.31419
16.082,-0.31784
16.092,-0.32146
16.102,-0.32509
16.112,-0.32868
16.122,-0.33222
16.132,-0.33572
16.142,-0.33923
16.152,-0.34278
16.162,-0.34626
16.172,-0.34972
16.182,-0.35317
16.192,-0.3566
16.202,-0.36005
16.212,-0.36352
16.222,-0.36696
16.232,-0.37039
16.242,-0.37384
16.252,-0.37731
16.262,-0.38082
16.272,-0.38434
16.282,-0.3879
16.292,-0.39143
16.302,-0.39503
16.312,-0.39865
16.322,-0.40234
16.332,-0.40606
16.342,-0.40977
16.352,-0.41355
16.362,-0.41743
16.372,-0.42137
16.382,-0.42537
16.392,-0.42939
16.402,-0.43353
16.412,-0.43775
16.422,-0.44208
16.432,-0.44651
16.442,-0.451
16.452,-0.45559
16.462,-0.46032
16.472,-0.46514
16.482,-0.47006
16.492,-0.47506
16.502,-0.48023
16.512,-0.48552
16.522,-0.49086
16.532,-0.49628
16.542,-0.50187
16.552,-0.50759
16.562,-0.51343
16.572,-0.51937
16.582,-0.52538
16.592,-0.53152
16.602,-0.53779
16.613,-0.54418
16.623,-0.55067
16.633,-0.55724
16.643,-0.56392
16.653,-0.57076
16.663,-0.57769
16.673,-0.58466
16.683,-0.59169
16.693,-0.59875
16.703,-0.60581
16.713,-0.61293
16.723,-0.62018
16.733,-0.6274
16.743,-0.63457
16.753,-0.64179
16.763,-0.64904
16.773,-0.65627
16.783,-0.66342
16.793,-0.67048
16.803,-0.67747
16.813,-0.68443
16.823,-0.69128
16.833,-0.69801
16.843,-0.70451
16.853,-0.71082
16.863,-0.71697
16.873,-0.72286
16.883,-0.72846
16.893,-0.73377
16.903,-0.7388
16.913,-0.74347
16.923,-0.74777
16.933,-0.75169
16.943,-0.75517
16.953,-0.75822
16.963,-0.76076
16.973,-0.76279
16.983,-0.76428
16.993,-0.7652
17.003,-0.76551
17.013,-0.76518
17.023,-0.76417
17.033,-0.76246
17.043,-0.76003
17.053,-0.75683
17.063,-0.75285
17.073,-0.74804
17.083,-0.74236
17.093,-0.73583
17.103,-0.72848
17.113,-0.72018
17.123,-0.71084
17.133,-0.70052
17.143,-0.6893
17.153,-0.67706
17.163,-0.66371
17.173,-0.64915
17.183,-0.63359
17.193,-0.61705
17.203,-0.59954
17.213,-0.58093
17.223,-0.56109
17.233,-0.54011
17.243,-0.51821
17.253,-0.49533
17.263,-0.47121
17.273,-0.44581
17.283,-0.41938
17.293,-0.39206
17.303,-0.36391
17.313,-0.33462
17.323,-0.30423
17.333,-0.2728
17.343,-0.2404
17.354,-0.20721
17.364,-0.17317
17.374,-0.13836
17.384,-0.10241
17.394,-0.065485
17.404,-0.028006
17.414,0.010131
17.424,0.048836
17.434,0.088426
17.444,0.12887
17.454,0.16971
17.464,0.21105
17.474,0.25272
17.484,0.2949
17.494,0.33749
17.504,0.38031
17.514,0.42323
17.524,0.46665
17.534,0.5103
17.544,0.55381
17.554,0.59698
17.564,0.64011
17.574,0.68361
17.584,0.72707
17.594,0.77034
17.604,0.81315
17.614,0.8555
17.624,0.89756
17.634,0.9395
17.644,0.98127
17.654,1.0225
17.664,1.0628
17.674,1.1032
17.684,1.1433
17.694,1.1826
17.704,1.221
17.714,1.2589
17.724,1.2958
17.734,1.332
17.744,1.3677
17.754,1.4027
17.764,1.4366
17.774,1.4698
17.784,1.5022
17.794,1.5338
17.804,1.5648
17.814,1.5945
17.824,1.6231
17.834,1.6508
17.844,1.6776
17.854,1.7036
17.864,1.7286
17.874,1.7524
17.884,1.7749
17.894,1.7967
17.904,1.8175
17.914,1.8371
17.924,1.8555
17.934,1.8728
17.944,1.8892
17.954,1.9046
17.964,1.9189
17.974,1.9321
17.984,1.9443
17.994,1.9555
18.004,1.9657
18.014,1.9748
18.024,1.983
18.034,1.9901
18.044,1.9962
18.054,2.0014
18.064,2.0055
18.074,2.0087
18.084,2.0109
18.095,2.0121
18.105,2.0124
18.115,2.0117
18.125,2.0101
18.135,2.0075
18.145,2.004
18.155,1.9996
18.165,1.9942
18.175,1.9879
18.185,1.9806
18.195,1.9724
18.205,1.9633
18.215,1.9532
18.225,1.9423
18.235,1.9305
18.245,1.9179
18.255,1.9045
18.265,1.8902
18.275,1.8752
18.285,1.8597
18.295,1.8435
18.305,1.8264
18.315,1.8086
18.325,1.7903
18.335,1.7713
18.345,1.7518
18.355,1.7318
18.365,1.711
18.375,1.6896
18.385,1.6678
18.395,1.6454
18.405,1.6227
18.415,1.5992
18.425,1.5751
18.435,1.5506
18.445,1.5256
18.455,1.5003
18.465,1.4744
18.475,1.4483
18.485,1.4219
18.495,1.395
18.505,1.3678
18.515,1.3399
18.525,1.3121
18.535,1.2839
18.545,1.2555
18.555,1.2272
18.565,1.1987
18.575,1.17
18.585,1.1413
18.595,1.1126
18.605,1.0838
18.615,1.055
18.625,1.026
18.635,0.99683
18.645,0.96769
18.655,0.93866
18.665,0.90974
18.675,0.88069
18.685,0.85185
18.695,0.82348
18.705,0.79516
18.715,0.76662
18.725,0.73823
18.735,0.70991
18.745,0.68193
18.755,0.65416
18.765,0.62668
18.775,0.59928
18.785,0.57182
18.795,0.54477
18.805,0.51793
18.815,0.4913
18.825,0.46467
18.836,0.43819
18.846,0.4122
18.856,0.3866
18.866,0.36132
18.876,0.33615
18.886,0.31122
18.896,0.28658
18.906,0.26207
18.916,0.23798
18.926,0.2141
18.936,0.19048
18.946,0.16701
18.956,0.14394
18.966,0.12114
18.976,0.098721
18.986,0.076525
18.996,0.054619
19.006,0.032909
19.016,0.011509
19.026,-0.0094783
19.036,-0.030189
19.046,-0.050591
19.056,-0.070678
19.066,-0.090334
19.076,-0.10978
19.086,-0.12884
19.096,-0.14768
19.106,-0.1661
19.116,-0.1841
19.126,-0.20176
19.136,-0.21917
19.146,-0.23631
19.156,-0.25312
19.166,-0.26947
19.176,-0.28546
19.186,-0.30129
19.196,-0.31683
19.206,-0.33202
19.216,-0.34676
19.226,-0.36116
19.236,-0.3754
19.246,-0.38933
19.256,-0.40284
19.266,-0.41585
19.276,-0.42854
19.286,-0.4409
19.296,-0.45288
19.306,-0.46452
19.316,-0.47584
19.326,-0.4868
19.336,-0.4974
19.346,-0.50766
19.356,-0.51762
19.366,-0.52728
19.376,-0.53652
19.386,-0.54538
19.396,-0.55399
19.406,-0.5623
19.416,-0.57031
19.426,-0.57805
19.436,-0.58537
19.446,-0.59232
19.456,-0.59898
19.466,-0.60541
19.476,-0.61151
19.486,-0.61733
19.496,-0.62286
19.506,-0.62815
19.516,-0.63314
19.526,-0.63788
19.536,-0.64235
19.546,-0.64656
19.556,-0.65051
19.567,-0.65423
19.577,-0.65773
19.587,-0.66098
19.597,-0.664
19.607,-0.66681
19.617,-0.66941
19.627,-0.67179
19.637,-0.67395
19.647,-0.67591
19.657,-0.67767
19.667,-0.67924
19.677,-0.68064
19.687,-0.68185
19.697,-0.68289
19.707,-0.68378
19.717,-0.68451
19.727,-0.68509
19.737,-0.68553
19.747,-0.68583
19.757,-0.68599
19.767,-0.68603
19.777,-0.68596
19.787,-0.68576
19.797,-0.68545
19.807,-0.68503
19.817,-0.68451
19.827,-0.6839
19.837,-0.68319
19.847,-0.68238
19.857,-0.68149
19.867,-0.68052
19.877,-0.67947
19.887,-0.67834
19.897,-0.67713
19.907,-0.67586
19.917,-0.67452
19.927,-0.6731
19.937,-0.67161
19.947,-0.67005
19.957,-0.66842
19.967,-0.66672
19.977,-0.66498
19.987,-0.66318
19.997,-0.66132
20.007,-0.65941
20.017,-0.65743
20.027,-0.65539
20.037,-0.65329
20.047,-0.65114
20.057,-0.64894
20.067,-0.64668
20.077,-0.64436
20.087,-0.64198
20.097,-0.63955
20.107,-0.63706
20.117,-0.63451
20.127,-0.63193
20.137,-0.62927
20.147,-0.62656
20.157,-0.6238
20.167,-0.62099
20.177,-0.6181
20.187,-0.61513
20.197,-0.61212
20.207,-0.60904
20.217,-0.60589
20.227,-0.60269
20.237,-0.59945
20.247,-0.59612
20.257,-0.59269
20.267,-0.58923
20.277,-0.58571
20.287,-0.58214
20.297,-0.5785
20.308,-0.57477
20.318,-0.57098
20.328,-0.56715
20.338,-0.56329
20.348,-0.55935
20.358,-0.5553
20.368,-0.55116
20.378,-0.54699
20.388,-0.54277
20.398,-0.53847
20.408,-0.5341
20.418,-0.52962
20.428,-0.5251
20.438,-0.52055
20.448,-0.51593
20.458,-0.51123
20.468,-0.50649
20.478,-0.50167
20.488,-0.49678
20.498,-0.49186
20.508,-0.48691
20.518,-0.48191
20.528,-0.47686
20.538,-0.47178
20.548,-0.46664
20.558,-0.46145
20.568,-0.45621
20.578,-0.45093
20.588,-0.44565
20.598,-0.44033
20.608,-0.43497
20.618,-0.4296
20.628,-0.42422
20.638,-0.4188
20.648,-0.41337
20.658,-0.40797
20.668,-0.40259
20.678,-0.39719
20.688,-0.39179
20.698,-0.38642
20.708,-0.38108
20.718,-0.37574
20.728,-0.3704
20.738,-0.36512
20.748,-0.35986
20.758,-0.35463
20.768,-0.34942
20.778,-0.34424
20.788,-0.33908
20.798,-0.33397
20.808,-0.32893
20.818,-0.32394
20.828,-0.31895
20.838,-0.31397
20.848,-0.30911
20.858,-0.30433
20.868,-0.29965
20.878,-0.29499
20.888,-0.29043
20.898,-0.28593
20.908,-0.2815
20.918,-0.2771
20.928,-0.27277
20.938,-0.26848
20.948,-0.26426
20.958,-0.26011
20.968,-0.25605
20.978,-0.25203
20.988,-0.24807
20.998,-0.24419
21.008,-0.24035
21.018,-0.23657
21.028,-0.23287
21.038,-0.22921
21.049,-0.22563
21.059,-0.2221
21.069,-0.21864
21.079,-0.21522
21.089,-0.21185
21.099,-0.20852
21.109,-0.20524
21.119,-0.20199
21.129,-0.19878
21.139,-0.1956
21.149,-0.19246
21.159,-0.18935
21.169,-0.18626
21.179,-0.18322
21.189,-0.18023
21.199,-0.17726
21.209,-0.17428
21.219,-0.17134
21.229,-0.16844
21.239,-0.16556
21.249,-0.1627
21.259,-0.15987
21.269,-0.15707
21.279,-0.15433
21.289,-0.15161
21.299,-0.14892
21.309,-0.14624
21.319,-0.14357
21.329,-0.14093
21.339,-0.13834
21.349,-0.13575
21.359,-0.13319
21.369,-0.13065
21.379,-0.12816
21.389,-0.1257
21.399,-0.12327
21.409,-0.12089
21.419,-0.11856
21.429,-0.11627
21.439,-0.11402
21.449,-0.11181
21.459,-0.10963
21.469,-0.10752
21.479,-0.10543
21.489,-0.1034
21.499,-0.10141
21.509,-0.099477
21.519,-0.097598
21.529,-0.095754
21.539,-0.093965
21.549,-0.092226
21.559,-0.090543
21.569,-0.088903
21.579,-0.08731
21.589,-0.085767
21.599,-0.084265
21.609,-0.082821
21.619,-0.081421
21.629,-0.080062
21.639,-0.078738
21.649,-0.077447
21.659,-0.076202
21.669,-0.07499
21.679,-0.073805
21.689,-0.072644
21.699,-0.071505
21.709,-0.070385
21.719,-0.069284
21.729,-0.068193
21.739,-0.067101
21.749,-0.066014
21.759,-0.064943
21.769,-0.06388
21.78,-0.062795
21.79,-0.061684
21.8,-0.060565
21.81,-0.059442
21.82,-0.058302
21.83,-0.057133
21.84,-0.055943
21.85,-0.054719
21.86,-0.053463
21.87,-0.052179
21.88,-0.050847
21.89,-0.049468
21.9,-0.048036
21.91,-0.046556
21.92,-0.04504
21.93,-0.043472
21.94,-0.041855
21.95,-0.040187
21.96,-0.03846
21.97,-0.036693
21.98,-0.034875
21.99,-0.033001
22,-0.031064
22.01,-0.029064
22.02,-0.02701
22.03,-0.02492
22.04,-0.022796
22.05,-0.020629
22.06,-0.018403
22.07,-0.016125
22.08,-0.013823
22.09,-0.011485
22.1,-0.0091047
22.11,-0.00669
22.12,-0.0042401
22.13,-0.0017613
22.14,0.00073977
22.15,0.0032724
22.16,0.0058334
22.17,0.0084275
22.18,0.011039
22.19,0.013659
22.2,0.016301
22.21,0.018945
22.22,0.021598
22.23,0.024265
22.24,0.026935
22.25,0.029583
22.26,0.032215
22.27,0.03485
22.28,0.037479
22.29,0.040087
22.3,0.042654
22.31,0.045214
22.32,0.047758
22.33,0.050268
22.34,0.052762
22.35,0.055221
22.36,0.057642
22.37,0.060011
22.38,0.062336
22.39,0.064648
22.4,0.066932
22.41,0.069142
22.42,0.071314
22.43,0.073471
22.44,0.075578
22.45,0.077624
22.46,0.079604
22.47,0.081513
22.48,0.083364
22.49,0.085155
22.5,0.086912
22.51,0.088609
22.521,0.090233
22.531,0.091803
22.541,0.093321
22.551,0.094773
22.561,0.096156
22.571,0.097464
22.581,0.098706
22.591,0.099882
22.601,0.10098
22.611,0.10202
22.621,0.10298
22.631,0.10388
22.641,0.1047
22.651,0.10546
22.661,0.10613
22.671,0.10673
22.681,0.10725
22.691,0.1077
22.701,0.10808
22.711,0.10838
22.721,0.10861
22.731,0.10877
22.741,0.10885
22.751,0.10887
22.761,0.10882
22.771,0.10869
22.781,0.10849
22.791,0.10821
22.801,0.10787
22.811,0.10745
22.821,0.10697
22.831,0.10642
22.841,0.1058
22.851,0.10512
22.861,0.10437
22.871,0.10356
22.881,0.1027
22.891,0.10178
22.901,0.10081
22.911,0.099782
22.921,0.098701
22.931,0.097556
22.941,0.096362
22.951,0.095129
22.961,0.093836
22.971,0.092476
22.981,0.091076
22.991,0.089638
23.001,0.088174
23.011,0.086674
23.021,0.085137
23.031,0.083567
23.041,0.081968
23.051,0.080345
23.061,0.078693
23.071,0.077005
23.081,0.075285
23.091,0.073539
23.101,0.071787
23.111,0.070015
23.121,0.068217
23.131,0.066403
23.141,0.064573
23.151,0.06273
23.161,0.060881
23.171,0.059022
23.181,0.057164
23.191,0.055282
23.201,0.053407
23.211,0.051534
23.221,0.049662
23.231,0.047795
23.241,0.04594
23.251,0.04409
23.262,0.042252
23.272,0.040418
23.282,0.038584
23.292,0.036763
23.302,0.034955
23.312,0.033149
23.322,0.031352
23.332,0.029572
23.342,0.027797
23.352,0.026024
23.362,0.024285
23.372,0.022571
23.382,0.020873
23.392,0.019185
23.402,0.017507
23.412,0.015848
23.422,0.014233
23.432,0.012655
23.442,0.01109
23.452,0.0095505
23.462,0.0080318
23.472,0.0065351
23.482,0.0050627
23.492,0.0036176
23.502,0.0021904
23.512,0.0007811
23.522,-0.00060814
23.532,-0.0019665
23.542,-0.0032958
23.552,-0.0046001
23.562,-0.0058893
23.572,-0.0071603
23.582,-0.0084039
23.592,-0.0096196
23.602,-0.010813
23.612,-0.012003
23.622,-0.013181
23.632,-0.014345
23.642,-0.015484
23.652,-0.01659
23.662,-0.017679
23.672,-0.018751
23.682,-0.019813
23.692,-0.020854
23.702,-0.02189
23.712,-0.022898
23.722,-0.023885
23.732,-0.024869
23.742,-0.025836
23.752,-0.026791
23.762,-0.027735
23.772,-0.028668
23.782,-0.02959
23.792,-0.030494
23.802,-0.031384
23.812,-0.032272
23.822,-0.033155
23.832,-0.034028
23.842,-0.034882
23.852,-0.035726
23.862,-0.036561
23.872,-0.037378
23.882,-0.03819
23.892,-0.038996
23.902,-0.03979
23.912,-0.040563
23.922,-0.041323
23.932,-0.042069
23.942,-0.042801
23.952,-0.043529
23.962,-0.044244
23.972,-0.044945
23.982,-0.045627
23.992,-0.0463
24.003,-0.046957
24.013,-0.047602
24.023,-0.048234
24.033,-0.04885
24.043,-0.049454
24.053,-0.050049
24.063,-0.050636
24.073,-0.051195
24.083,-0.051724
24.093,-0.052233
24.103,-0.052733
24.113,-0.053226
24.123,-0.053704
24.133,-0.054167
24.143,-0.054617
24.153,-0.055053
24.163,-0.055483
24.173,-0.055899
24.183,-0.056287
24.193,-0.056656
24.203,-0.057018
24.213,-0.057372
24.223,-0.057714
24.233,-0.058039
24.243,-0.058353
24.253,-0.058654
24.263,-0.058953
24.273,-0.059244
24.283,-0.059531
24.293,-0.059803
24.303,-0.060064
24.313,-0.060318
24.323,-0.060571
24.333,-0.060818
24.343,-0.061057
24.353,-0.061286
24.363,-0.061515
24.373,-0.061741
24.383,-0.061957
24.393,-0.062183
24.403,-0.062404
24.413,-0.06262
24.423,-0.062842
24.433,-0.063057
24.443,-0.06327
24.453,-0.063481
24.463,-0.06369
24.473,-0.063897
24.483,-0.064099
24.493,-0.0643
24.503,-0.064498
24.513,-0.064693
24.523,-0.064892
24.533,-0.065092
24.543,-0.065286
24.553,-0.065483
24.563,-0.065672
24.573,-0.065859
24.583,-0.066046
24.593,-0.066236
24.603,-0.066424
24.613,-0.066606
24.623,-0.06678
24.633,-0.066952
24.643,-0.067119
24.653,-0.067286
24.663,-0.067446
24.673,-0.067592
24.683,-0.067723
24.693,-0.067845
24.703,-0.06796
24.713,-0.068063
24.723,-0.06815
24.734,-0.068224
24.744,-0.068285
24.754,-0.068328
24.764,-0.068353
24.774,-0.068362
24.784,-0.06836
24.794,-0.068341
24.804,-0.068304
24.814,-0.068242
24.824,-0.06816
24.834,-0.068057
24.844,-0.06793
24.854,-0.067788
24.864,-0.067621
24.874,-0.067424
24.884,-0.067208
24.894,-0.066967
24.904,-0.066704
24.914,-0.066416
24.924,-0.066103
24.934,-0.065755
24.944,-0.065381
24.954,-0.064989
24.964,-0.064572
24.974,-0.064126
24.984,-0.063663
24.994,-0.063171
25.004,-0.062649
25.014,-0.062098
25.024,-0.061525
25.034,-0.060938
25.044,-0.060334
25.054,-0.059713
25.064,-0.059061
25.074,-0.058382
25.084,-0.057683
25.094,-0.056973
25.104,-0.056247
25.114,-0.0555
25.124,-0.054732
25.134,-0.053945
25.144,-0.05315
25.154,-0.052351
25.164,-0.051537
25.174,-0.050714
25.184,-0.04988
25.194,-0.049036
25.204,-0.048192
25.214,-0.047348
25.224,-0.046506
25.234,-0.045658
25.244,-0.044811
25.254,-0.043963
25.264,-0.043126
25.274,-0.042306
25.284,-0.041482
25.294,-0.040658
25.304,-0.039831
25.314,-0.039011
25.324,-0.038215
25.334,-0.037442
25.344,-0.036674
25.354,-0.035915
25.364,-0.035181
25.374,-0.034465
25.384,-0.033759
25.394,-0.033069
25.404,-0.032403
25.414,-0.031769
25.424,-0.031152
25.434,-0.030557
25.444,-0.029985
25.454,-0.02944
25.464,-0.028922
25.475,-0.02843
25.485,-0.027961
25.495,-0.027509
25.505,-0.027089
25.515,-0.026694
25.525,-0.026329
25.535,-0.025981
25.545,-0.025655
25.555,-0.025362
25.565,-0.025098
25.575,-0.02486
25.585,-0.024651
25.595,-0.024477
25.605,-0.024321
25.615,-0.024181
25.625,-0.024066
25.635,-0.023979
25.645,-0.023913
25.655,-0.023866
25.665,-0.023843
25.675,-0.023835
25.685,-0.023848
25.695,-0.023877
25.705,-0.023928
25.715,-0.023994
25.725,-0.024076
25.735,-0.024166
25.745,-0.024265
25.755,-0.024365
25.765,-0.024474
25.775,-0.024603
25.785,-0.024734
25.795,-0.024852
25.805,-0.024976
25.815,-0.025101
25.825,-0.02523
25.835,-0.02536
25.845,-0.025485
25.855,-0.025607
25.865,-0.025719
25.875,-0.025825
25.885,-0.025925
25.895,-0.026009
25.905,-0.026079
25.915,-0.026139
25.925,-0.026175
25.935,-0.026197
25.945,-0.026202
25.955,-0.026189
25.965,-0.026152
25.975,-0.026089
25.985,-0.026001
25.995,-0.025885
26.005,-0.025745
26.015,-0.025569
26.025,-0.025373
26.035,-0.02515
26.045,-0.0249
26.055,-0.024619
26.065,-0.024309
26.075,-0.023974
26.085,-0.023619
26.095,-0.023234
26.105,-0.022817
26.115,-0.022374
26.125,-0.021901
26.135,-0.021407
26.145,-0.020876
26.155,-0.020322
26.165,-0.019742
26.175,-0.019144
26.185,-0.018522
26.195,-0.017881
26.205,-0.017223
26.216,-0.016534
26.226,-0.01583
26.236,-0.015111
26.246,-0.014388
26.256,-0.013649
26.266,-0.012899
26.276,-0.012136
26.286,-0.01136
26.296,-0.010574
26.306,-0.0097793
26.316,-0.0089882
26.326,-0.0081976
26.336,-0.0074012
26.346,-0.0066086
26.356,-0.0058207
26.366,-0.0050419
26.376,-0.0042711
26.386,-0.0035059
26.396,-0.0027565
26.406,-0.0020145
26.416,-0.0012959
26.426,-0.00058884
26.436,0.00010952
26.446,0.00078791
26.456,0.0014474
26.466,0.0020887
26.476,0.0027168
26.486,0.0033249
26.496,0.0039011
26.506,0.0044538
26.516,0.0049879
26.526,0.0054987
26.536,0.0059815
26.546,0.0064406
26.556,0.0068805
26.566,0.0072853
26.576,0.007667
26.586,0.0080242
26.596,0.0083549
26.606,0.0086497
26.616,0.0089083
26.626,0.0091415
26.636,0.0093454
26.646,0.0095204
26.656,0.00967
26.666,0.0097929
26.676,0.0098847
26.686,0.0099491
26.696,0.0099802
26.706,0.0099872
26.716,0.0099717
26.726,0.0099384
26.736,0.0098905
26.746,0.0098148
26.756,0.009727
26.766,0.0096204
26.776,0.0094878
26.786,0.0093368
26.796,0.0091778
26.806,0.0090044
26.816,0.0088059
26.826,0.0085951
26.836,0.0083698
26.846,0.0081334
26.856,0.0078874
26.866,0.0076346
26.876,0.0073846
26.886,0.0071358
26.896,0.0068912
26.906,0.0066442
26.916,0.0063947
26.926,0.0061485
26.936,0.0058963
26.947,0.0056495
26.957,0.0054119
26.967,0.0051808
26.977,0.004967
26.987,0.004763
26.997,0.004571
27.007,0.004391
27.017,0.0042164
27.027,0.004057
27.037,0.0039199
27.047,0.0037934
27.057,0.0036874
27.067,0.0036002
27.077,0.0035281
27.087,0.0034858
27.097,0.0034674
27.107,0.00347
27.117,0.0034955
27.127,0.003541
27.137,0.0036087
27.147,0.0037046
27.157,0.0038208
27.167,0.0039641
27.177,0.0041235
27.187,0.0043062
27.197,0.0045137
27.207,0.0047437
27.217,0.005
27.227,0.0052767
27.237,0.0055801
27.247,0.005902
27.257,0.0062348
27.267,0.0065878
27.277,0.006969
27.287,0.0073691
27.297,0.0077891
27.307,0.00822
27.317,0.0086648
27.327,0.0091215
27.337,0.0095949
27.347,0.010087
27.357,0.010598
27.367,0.011117
27.377,0.011645
27.387,0.01219
27.397,0.012736
27.407,0.013296
27.417,0.013865
27.427,0.014426
27.437,0.014999
27.447,0.015577
27.457,0.016161
27.467,0.016744
27.477,0.017318
27.487,0.01789
27.497,0.018464
27.507,0.019033
27.517,0.019596
27.527,0.020153
27.537,0.020706
27.547,0.021252
27.557,0.021787
27.567,0.022323
27.577,0.022839
27.587,0.023346
27.597,0.023834
27.607,0.024312
27.617,0.024781
27.627,0.025238
27.637,0.025678
27.647,0.026099
27.657,0.026505
27.667,0.026891
27.677,0.027259
27.688,0.027609
27.698,0.027946
27.708,0.028264
27.718,0.028557
27.728,0.028822
27.738,0.029058
27.748,0.029279
27.758,0.029483
27.768,0.029663
27.778,0.029819
27.788,0.029944
27.798,0.030053
27.808,0.030142
27.818,0.030213
27.828,0.030264
27.838,0.030296
27.848,0.030307
27.858,0.030294
27.868,0.030263
27.878,0.03021
27.888,0.030135
27.898,0.03004
27.908,0.029924
27.918,0.029787
27.928,0.029629
27.938,0.029449
27.948,0.029245
27.958,0.029027
27.968,0.028794
27.978,0.028549
27.988,0.028285
27.998,0.028001
28.008,0.027705
28.018,0.027389
28.028,0.027065
28.038,0.026722
28.048,0.026358
28.058,0.025984
28.068,0.025595
28.078,0.025189
28.088,0.02478
28.098,0.024357
28.108,0.023925
28.118,0.023482
28.128,0.023024
28.138,0.022555
28.148,0.022082
28.158,0.021605
28.168,0.021107
28.178,0.020599
28.188,0.020084
28.198,0.019561
28.208,0.019027
28.218,0.018484
28.228,0.017941
28.238,0.017384
28.248,0.016805
28.258,0.016213
28.268,0.015615
28.278,0.015006
28.288,0.014388
28.298,0.013763
28.308,0.013134
28.318,0.012497
28.328,0.01185
28.338,0.011191
28.348,0.01052
28.358,0.0098431
28.368,0.0091553
28.378,0.0084541
28.388,0.0077558
28.398,0.0070569
28.408,0.0063569
28.418,0.0056518
28.429,0.0049389
28.439,0.0042155
28.449,0.0034828
28.459,0.0027437
28.469,0.0019947
28.479,0.0012417
28.489,0.00048218
28.499,-0.00027589
28.509,-0.0010403
28.519,-0.0018143
28.529,-0.0025895
28.539,-0.0033616
28.549,-0.004126
28.559,-0.0048815
28.569,-0.0056377
28.579,-0.0064045
28.589,-0.0071767
28.599,-0.0079341
28.609,-0.0086822
28.619,-0.0094329
28.629,-0.010176
28.639,-0.010918
28.649,-0.011656
28.659,-0.012399
28.669,-0.013138
28.679,-0.013862
28.689,-0.014584
28.699,-0.0153
28.709,-0.01601
28.719,-0.016698
28.729,-0.017365
28.739,-0.018008
28.749,-0.018637
28.759,-0.019253
28.769,-0.019856
28.779,-0.020449
28.789,-0.021021
28.799,-0.021575
28.809,-0.022097
28.819,-0.022595
28.829,-0.023068
28.839,-0.023515
28.849,-0.023939
28.859,-0.024335
28.869,-0.024695
28.879,-0.025022
28.889,-0.025322
28.899,-0.025603
28.909,-0.025856
28.919,-0.026079
28.929,-0.026262
28.939,-0.026419
28.949,-0.026551
28.959,-0.026647
28.969,-0.026712
28.979,-0.026743
28.989,-0.026742
28.999,-0.026713
29.009,-0.026642
29.019,-0.026524
29.029,-0.026366
29.039,-0.026173
29.049,-0.02595
29.059,-0.025685
29.069,-0.025381
29.079,-0.025051
29.089,-0.024684
29.099,-0.024276
29.109,-0.023834
29.119,-0.02335
29.129,-0.022842
29.139,-0.022322
29.149,-0.021772
29.159,-0.021184
29.17,-0.020572
29.18,-0.019939
29.19,-0.019282
29.2,-0.018605
29.21,-0.017904
29.22,-0.017191
29.23,-0.016467
29.24,-0.015738
29.25,-0.015
29.26,-0.014266
29.27,-0.013529
29.28,-0.01279
29.29,-0.012058
29.3,-0.011325
29.31,-0.010587
29.32,-0.009856
29.33,-0.0091408
29.34,-0.0084327
29.35,-0.0077394
29.36,-0.0070518
29.37,-0.0063784
29.38,-0.005721
29.39,-0.0050841
29.4,-0.0044673
29.41,-0.0038782
29.42,-0.0033086
29.43,-0.002765
29.44,-0.0022448
29.45,-0.0017444
29.46,-0.0012783
29.47,-0.00084553
29.48,-0.00044156
29.49,-7.2048e-005
29.5,0.00026583
29.51,0.00057838
29.52,0.00087304
29.53,0.0011377
29.54,0.0013658
29.55,0.0015632
29.56,0.0017346
29.57,0.0018751
29.58,0.0019853
29.59,0.0020697
29.6,0.002122
29.61,0.0021582
29.62,0.0021796
29.63,0.0021723
29.64,0.0021397
29.65,0.0020887
29.66,0.0020272
29.67,0.0019519
29.68,0.0018536
29.69,0.0017464
29.7,0.0016373
29.71,0.0015242
29.72,0.0014072
29.73,0.0012835
29.74,0.0011566
29.75,0.0010293
29.76,0.00089708
29.77,0.00076558
29.78,0.0006421
29.79,0.00052596
29.8,0.00042446
29.81,0.00033346
29.82,0.00024488
29.83,0.0001564
29.84,8.3081e-005
29.85,2.3182e-005
29.86,-3.0893e-005
29.87,-6.4104e-005
29.88,-8.4807e-005
29.89,-9.4629e-005
29.901,-9.4353e-005
29.911,-8.2403e-005
29.921,-5.9149e-005
29.931,-2.9166e-005
29.941,2.2677e-005
29.951,8.2157e-005
29.961,0.00015094
29.971,0.00022284
29.981,0.0003047
29.991,0.00039108
30.001,0.00048042
30.011,0.00057139
30.021,0.00067099
30.031,0.00076889
30.041,0.00086722
30.051,0.00096126
30.061,0.0010536
30.071,0.0011482
30.081,0.0012331
30.091,0.0013126
30.101,0.0013833
30.111,0.0014468
30.121,0.0015038
30.131,0.0015428
30.141,0.0015719
30.151,0.0015912
30.161,0.0015983
30.171,0.0015826
30.181,0.0015433
30.191,0.0014882
30.201,0.0014139
30.211,0.0013207
30.221,0.0012106
30.231,0.0010751
30.241,0.0009245
30.251,0.00075811
30.261,0.00056478
30.271,0.00034918
30.281,0.00011605
30.291,-0.00012627
30.301,-0.0003884
30.311,-0.00067075
30.321,-0.00096734
30.331,-0.001277
30.341,-0.0016062
30.351,-0.0019539
30.361,-0.0023173
30.371,-0.002689
30.381,-0.0030733
30.391,-0.0034752
30.401,-0.0038809
30.411,-0.0042867
30.421,-0.004699
30.431,-0.0051205
30.441,-0.0055475
30.451,-0.0059699
30.461,-0.0063877
30.471,-0.006808
30.481,-0.0072235
30.491,-0.0076272
30.501,-0.0080221
30.511,-0.0084119
30.521,-0.0087922
30.531,-0.0091616
30.541,-0.0095237
30.551,-0.0098749
30.561,-0.010211
30.571,-0.010535
30.581,-0.010846
30.591,-0.011146
30.601,-0.011425
30.611,-0.011676
30.621,-0.011914
30.631,-0.012134
30.642,-0.012341
30.652,-0.012528
30.662,-0.012694
30.672,-0.012827
30.682,-0.012936
30.692,-0.013022
30.702,-0.013085
30.712,-0.013125
30.722,-0.013145
30.732,-0.013142
30.742,-0.01312
30.752,-0.013076
30.762,-0.013016
30.772,-0.012935
30.782,-0.01283
30.792,-0.012711
30.802,-0.012572
30.812,-0.012416
30.822,-0.012241
30.832,-0.012043
30.842,-0.011814
30.852,-0.011564
30.862,-0.011302
30.872,-0.011015
30.882,-0.010705
30.892,-0.010368
30.902,-0.010018
30.912,-0.0096605
30.922,-0.0092868
30.932,-0.0088751
30.942,-0.008447
30.952,-0.0080086
30.962,-0.0075625
30.972,-0.0070942
30.982,-0.0066237
30.992,-0.0061463
31.002,-0.0056778
31.012,-0.0051878
31.022,-0.0047096
31.032,-0.0042123
31.042,-0.0037233
31.052,-0.003229
31.062,-0.0027415
31.072,-0.0022476
31.082,-0.0017598
31.092,-0.0012894
31.102,-0.00082997
31.112,-0.00038425
31.122,5.941e-005
31.132,0.00049523
31.142,0.0009238
31.152,0.001355
31.162,0.0017844
31.172,0.0022027
31.182,0.0026069
31.192,0.0029945
31.202,0.0033713
31.212,0.0037411
31.222,0.0041101
31.232,0.0044664
31.242,0.004813
31.252,0.0051468
31.262,0.0054728
31.272,0.0057944
31.282,0.0061088
31.292,0.006411
31.302,0.0067005
31.312,0.0069804
31.322,0.0072551
31.332,0.0075194
31.342,0.0077708
31.352,0.0080159
31.362,0.0082526
31.372,0.0084798
31.383,0.008705
31.393,0.0089299
31.403,0.0091526
31.413,0.0093636
31.423,0.0095739
31.433,0.0097791
31.443,0.009987
31.453,0.010197
31.463,0.010406
31.473,0.010612
31.483,0.01082
31.493,0.011028
31.503,0.011227
31.513,0.011424
31.523,0.01163
31.533,0.011846
31.543,0.012071
31.553,0.012303
31.563,0.01254
31.573,0.012778
31.583,0.013029
31.593,0.013294
31.603,0.013563
31.613,0.013842
31.623,0.014121
31.633,0.01441
31.643,0.014702
31.653,0.015004
31.663,0.015316
31.673,0.015634
31.683,0.015954
31.693,0.016278
31.703,0.0166
31.713,0.016919
31.723,0.017247
31.733,0.017576
31.743,0.017901
31.753,0.018221
31.763,0.01853
31.773,0.018837
31.783,0.019141
31.793,0.019441
31.803,0.019729
31.813,0.02
31.823,0.020258
31.833,0.020503
31.843,0.020734
31.853,0.020951
31.863,0.021143
31.873,0.021318
31.883,0.021477
31.893,0.021609
31.903,0.02172
31.913,0.02181
31.923,0.02187
31.933,0.021899
31.943,0.021897
31.953,0.021874
31.963,0.02182
31.973,0.021729
31.983,0.021603
31.993,0.021455
32.003,0.021276
32.013,0.021066
32.023,0.020825
32.033,0.020552
32.043,0.020256
32.053,0.019934
32.063,0.019587
32.073,0.019216
32.083,0.018829
32.093,0.018409
32.103,0.017958
32.113,0.017491
32.124,0.017004
32.134,0.016493
32.144,0.015964
32.154,0.015425
32.164,0.014872
32.174,0.014305
32.184,0.013722
32.194,0.013151
32.204,0.012569
32.214,0.011979
32.224,0.011388
32.234,0.010792
32.244,0.010195
32.254,0.0096016
32.264,0.0090066
32.274,0.0084234
32.284,0.0078477
32.294,0.0072773
32.304,0.0067123
32.314,0.0061712
32.324,0.005647
32.334,0.0051357
32.344,0.0046241
32.354,0.0041215
32.364,0.003639
32.374,0.0031808
32.384,0.0027405
32.394,0.0023203
32.404,0.0019286
32.414,0.0015528
32.424,0.0011885
32.434,0.00084614
32.444,0.00053025
32.454,0.00023469
32.464,-3.2157e-005
32.474,-0.00027119
32.484,-0.00048583
32.494,-0.00067503
32.504,-0.00084494
32.514,-0.00099181
32.524,-0.0011059
32.534,-0.001192
32.544,-0.001255
32.554,-0.0012879
32.564,-0.0012971
32.574,-0.0012651
32.584,-0.0012114
32.594,-0.0011279
32.604,-0.0010134
32.614,-0.00087412
32.624,-0.0007152
32.634,-0.000534
32.644,-0.00033181
32.654,-0.00010706
32.664,0.00014555
32.674,0.000428
32.684,0.00072409
32.694,0.001041
32.704,0.001381
32.714,0.0017516
32.724,0.0021389
32.734,0.0025445
32.744,0.0029811
32.754,0.0034301
32.764,0.0038961
32.774,0.0043761
32.784,0.0048733
32.794,0.005382
32.804,0.0059019
32.814,0.0064378
32.824,0.0069906
32.834,0.0075511
32.844,0.0081146
32.855,0.0086879
32.865,0.009256
32.875,0.0098318
32.885,0.010414
32.895,0.010996
32.905,0.011576
32.915,0.012149
32.925,0.012726
32.935,0.013291
32.945,0.013838
32.955,0.014375
32.965,0.014903
32.975,0.015414
32.985,0.01591
32.995,0.016389
33.005,0.016856
33.015,0.017296
33.025,0.017724
33.035,0.018131
33.045,0.018517
33.055,0.018884
33.065,0.019228
33.075,0.019554
33.085,0.019843
33.095,0.020108
33.105,0.020347
33.115,0.020573
33.125,0.020779
33.135,0.020963
33.145,0.021125
33.155,0.021273
33.165,0.021405
33.175,0.021512
33.185,0.021594
33.195,0.021663
33.205,0.02172
33.215,0.021766
33.225,0.021803
33.235,0.02183
33.245,0.021846
33.255,0.021849
33.265,0.021849
33.275,0.021839
33.285,0.021831
33.295,0.021825
33.305,0.021816
33.315,0.021808
33.325,0.021797
33.335,0.021799
33.345,0.02181
33.355,0.021834
33.365,0.021857
33.375,0.021879
33.385,0.021916
33.395,0.021963
33.405,0.022021
33.415,0.022088
33.425,0.022162
33.435,0.022239
33.445,0.022324
33.455,0.022425
33.465,0.022534
33.475,0.022642
33.485,0.022756
33.495,0.022875
33.505,0.022996
33.515,0.023112
33.525,0.023226
33.535,0.023338
33.545,0.023447
33.555,0.023554
33.565,0.023638
33.575,0.023712
33.585,0.023782
33.596,0.023841
33.606,0.023891
33.616,0.023931
33.626,0.023943
33.636,0.023939
33.646,0.023917
33.656,0.023867
33.666,0.023783
33.676,0.023669
33.686,0.023534
33.696,0.023365
33.706,0.023162
33.716,0.022927
33.726,0.02266
33.736,0.022356
33.746,0.022013
33.756,0.021646
33.766,0.021248
33.776,0.020807
33.786,0.020335
33.796,0.019824
33.806,0.019288
33.816,0.018724
33.826,0.018127
33.836,0.017489
33.846,0.016828
33.856,0.016145
33.866,0.015436
33.876,0.014696
33.886,0.013934
33.896,0.013152
33.906,0.012352
33.916,0.011535
33.926,0.010708
33.936,0.0098628
33.946,0.0090052
33.956,0.0081353
33.966,0.0072624
33.976,0.0063871
33.986,0.0055186
33.996,0.0046556
34.006,0.0037969
34.016,0.0029496
34.026,0.0021076
34.036,0.0012807
34.046,0.00046577
34.056,-0.00032398
34.066,-0.0010917
34.076,-0.0018383
34.086,-0.0025559
34.096,-0.0032422
34.106,-0.0038933
34.116,-0.0045112
34.126,-0.0050956
34.136,-0.0056524
34.146,-0.0061753
34.156,-0.0066573
34.166,-0.0071037
34.176,-0.0075138
34.186,-0.0078822
34.196,-0.0081965
34.206,-0.008469
34.216,-0.0086951
34.226,-0.0088805
34.236,-0.0090254
34.246,-0.0091196
34.256,-0.0091637
34.266,-0.0091601
34.276,-0.0091152
34.286,-0.0090158
34.296,-0.0088678
34.306,-0.008673
34.316,-0.0084392
34.326,-0.008168
34.337,-0.0078476
34.347,-0.0074816
34.357,-0.0070782
34.367,-0.0066281
34.377,-0.0061369
34.387,-0.0056017
34.397,-0.0050316
34.407,-0.0044292
34.417,-0.0038013
34.427,-0.0031499
34.437,-0.0024636
34.447,-0.0017524
34.457,-0.001013
34.467,-0.00025257
34.477,0.00053538
34.487,0.0013541
34.497,0.0021856
34.507,0.003032
34.517,0.003888
34.527,0.0047478
34.537,0.0056222
34.547,0.0065053
34.557,0.0073994
34.567,0.0083043
34.577,0.0092165
34.587,0.010133
34.597,0.011049
34.607,0.01196
34.617,0.012866
34.627,0.01377
34.637,0.014674
34.647,0.015572
34.657,0.016464
34.667,0.017346
34.677,0.018214
34.687,0.01907
34.697,0.019903
34.707,0.020724
34.717,0.021535
34.727,0.022328
34.737,0.023097
34.747,0.023839
34.757,0.024564
34.767,0.025252
34.777,0.02592
34.787,0.026577
34.797,0.027214
34.807,0.027827
34.817,0.028422
34.827,0.028999
34.837,0.029545
34.847,0.030073
34.857,0.030573
34.867,0.031049
34.877,0.031505
34.887,0.031942
34.897,0.032362
34.907,0.032756
34.917,0.033131
34.927,0.033502
34.937,0.033843
34.947,0.034177
34.957,0.034497
34.967,0.034793
34.977,0.03507
34.987,0.035325
34.997,0.035571
35.007,0.035805
35.017,0.03603
35.027,0.036236
35.037,0.036432
35.047,0.036618
35.057,0.036799
35.068,0.036965
35.078,0.037126
35.088,0.037279
35.098,0.037425
35.108,0.037565
35.118,0.037704
35.128,0.037839
35.138,0.037973
35.148,0.038095
35.158,0.038212
35.168,0.038333
35.178,0.03845
35.188,0.03856
35.198,0.038673
35.208,0.038791
35.218,0.038908
35.228,0.039019
35.238,0.039128
35.248,0.039231
35.258,0.039338
35.268,0.039439
35.278,0.039542
35.288,0.039648
35.298,0.039746
35.308,0.03985
35.318,0.039956
35.328,0.040054
35.338,0.040154
35.348,0.040244
35.358,0.040319
35.368,0.040391
35.378,0.040453
35.388,0.040508
35.398,0.040548
35.408,0.040573
35.418,0.040585
35.428,0.040581
35.438,0.040559
35.448,0.04052
35.458,0.040475
35.468,0.040413
35.478,0.040341
35.488,0.040245
35.498,0.040129
35.508,0.039992
35.518,0.039835
35.528,0.039655
35.538,0.039447
35.548,0.039215
35.558,0.038957
35.568,0.038669
35.578,0.038361
35.588,0.038029
35.598,0.037668
35.608,0.037295
35.618,0.036894
35.628,0.036465
35.638,0.036008
35.648,0.035526
35.658,0.035032
35.668,0.034507
35.678,0.033956
35.688,0.033388
35.698,0.032803
35.708,0.032191
35.718,0.031563
35.728,0.030921
35.738,0.030258
35.748,0.029583
35.758,0.028904
35.768,0.028208
35.778,0.027502
35.788,0.026773
35.798,0.026035
35.809,0.025289
35.819,0.024533
35.829,0.023774
35.839,0.023011
35.849,0.02224
35.859,0.021463
35.869,0.020679
35.879,0.019902
35.889,0.019128
35.899,0.018355
35.909,0.017579
35.919,0.016808
35.929,0.016044
35.939,0.015282
35.949,0.014524
35.959,0.013772
35.969,0.013036
35.979,0.012315
35.989,0.01161
35.999,0.010916
36.009,0.010223
36.019,0.0095361
36.029,0.0088684
36.039,0.0082111
36.049,0.0075646
36.059,0.0069292
36.069,0.0063113
36.079,0.0057077
36.089,0.0051134
36.099,0.0045322
36.109,0.0039679
36.119,0.0034171
36.129,0.0028835
36.139,0.002351
36.149,0.001821
36.159,0.0013073
36.169,0.00080233
36.179,0.00031705
36.189,-0.00015607
36.199,-0.00061402
36.209,-0.0010571
36.219,-0.0014893
36.229,-0.0019017
36.239,-0.002299
36.249,-0.0026903
36.259,-0.0030646
36.269,-0.00342
36.279,-0.0037617
36.289,-0.0040832
36.299,-0.0043857
36.309,-0.0046692
36.319,-0.0049446
36.329,-0.0052115
36.339,-0.005475
36.349,-0.0057281
36.359,-0.0059555
36.369,-0.006165
36.379,-0.0063625
36.389,-0.0065369
36.399,-0.0066966
36.409,-0.0068371
36.419,-0.0069643
36.429,-0.0070778
36.439,-0.0071813
36.449,-0.0072677
36.459,-0.007339
36.469,-0.0074043
36.479,-0.0074612
36.489,-0.007512
36.499,-0.0075496
36.509,-0.007575
36.519,-0.0075933
36.529,-0.0076029
36.539,-0.0075972
36.55,-0.0075838
36.56,-0.0075678
36.57,-0.0075451
36.58,-0.0075216
36.59,-0.0074949
36.6,-0.0074673
36.61,-0.0074315
36.62,-0.0073975
36.63,-0.0073574
36.64,-0.0073032
36.65,-0.0072492
36.66,-0.0072002
36.67,-0.007151
36.68,-0.0071067
36.69,-0.0070691
36.7,-0.0070219
36.71,-0.006972
36.72,-0.0069195
36.73,-0.0068657
36.74,-0.0068091
36.75,-0.0067601
36.76,-0.0067145
36.77,-0.0066558
36.78,-0.0065932
36.79,-0.0065363
36.8,-0.0064839
36.81,-0.0064319
36.82,-0.0063763
36.83,-0.0063236
36.84,-0.0062708
36.85,-0.0061963
36.86,-0.006119
36.87,-0.0060585
36.88,-0.0059895
36.89,-0.0059021
36.9,-0.0058044
36.91,-0.0057065
36.92,-0.0055997
36.93,-0.0054802
36.94,-0.0053599
36.95,-0.0052323
36.96,-0.0050955
36.97,-0.0049551
36.98,-0.0048112
36.99,-0.0046568
37,-0.0044909
37.01,-0.0043117
37.02,-0.0041248
37.03,-0.0039216
37.04,-0.003703
37.05,-0.0034768
37.06,-0.0032465
37.07,-0.003011
37.08,-0.0027646
37.09,-0.0025098
37.1,-0.0022571
37.11,-0.0020048
37.12,-0.0017452
37.13,-0.0014848
37.14,-0.0012218
37.15,-0.00095655
37.16,-0.00069427
37.17,-0.00043736
37.18,-0.00018488
37.19,5.7563e-005
37.2,0.00029499
37.21,0.00052031
37.22,0.00073666
37.23,0.00093993
37.24,0.0011339
37.25,0.0013086
37.26,0.0014675
37.27,0.0016106
37.28,0.0017285
37.291,0.0018349
37.301,0.0019203
37.311,0.0019803
37.321,0.0020069
37.331,0.0020052
37.341,0.0019864
37.351,0.0019471
37.361,0.0018866
37.371,0.0017868
37.381,0.0016683
37.391,0.0015203
37.401,0.001342
37.411,0.0011377
37.421,0.00090661
37.431,0.00065367
37.441,0.0003687
37.451,5.6948e-005
37.461,-0.00028196
37.471,-0.00064793
37.481,-0.0010279
37.491,-0.0014313
37.501,-0.0018568
37.511,-0.0023018
37.521,-0.002755
37.531,-0.0032234
37.541,-0.0036937
37.551,-0.0041866
37.561,-0.0046953
37.571,-0.0052148
37.581,-0.0057432
37.591,-0.0062803
37.601,-0.0068225
37.611,-0.0073673
37.621,-0.007911
37.631,-0.0084542
37.641,-0.0089901
37.651,-0.0095223
37.661,-0.010057
37.671,-0.010584
37.681,-0.011102
37.691,-0.011616
37.701,-0.012116
37.711,-0.012604
37.721,-0.013078
37.731,-0.013542
37.741,-0.013998
37.751,-0.014437
37.761,-0.014867
37.771,-0.015285
37.781,-0.015684
37.791,-0.016055
37.801,-0.016408
37.811,-0.016745
37.821,-0.017062
37.831,-0.017357
37.841,-0.017635
37.851,-0.017888
37.861,-0.018119
37.871,-0.018335
37.881,-0.01853
37.891,-0.018704
37.901,-0.018862
37.911,-0.019002
37.921,-0.019124
37.931,-0.019228
37.941,-0.019309
37.951,-0.019369
37.961,-0.019404
37.971,-0.019424
37.981,-0.019429
37.991,-0.019418
38.001,-0.0194
38.011,-0.019365
38.022,-0.01932
38.032,-0.019266
38.042,-0.019192
38.052,-0.019092
38.062,-0.018981
38.072,-0.018873
38.082,-0.018744
38.092,-0.018587
38.102,-0.018426
38.112,-0.018243
38.122,-0.018046
38.132,-0.017838
38.142,-0.017621
38.152,-0.017388
38.162,-0.017135
38.172,-0.016871
38.182,-0.016583
38.192,-0.016272
38.202,-0.015956
38.212,-0.015641
38.222,-0.015312
38.232,-0.014973
38.242,-0.014628
38.252,-0.014274
38.262,-0.013908
38.272,-0.013531
38.282,-0.013144
38.292,-0.012747
38.302,-0.012339
38.312,-0.011922
38.322,-0.011499
38.332,-0.011066
38.342,-0.010618
38.352,-0.010169
38.362,-0.0097124
38.372,-0.0092493
38.382,-0.0087835
38.392,-0.0083022
38.402,-0.0078115
38.412,-0.0073247
38.422,-0.0068286
38.432,-0.0063209
38.442,-0.0058148
38.452,-0.0053083
38.462,-0.0047995
38.472,-0.004291
38.482,-0.0037833
38.492,-0.0032684
38.502,-0.0027507
38.512,-0.0022331
38.522,-0.0017086
38.532,-0.0011892
38.542,-0.00066775
38.552,-0.00015037
38.562,0.00035954
38.572,0.00086978
38.582,0.0013742
38.592,0.0018737
38.602,0.0023718
38.612,0.0028577
38.622,0.0033364
38.632,0.003807
38.642,0.0042725
38.652,0.0047274
38.662,0.0051866
38.672,0.0056436
38.682,0.0060908
38.692,0.0065256
38.702,0.0069565
38.712,0.0073845
38.722,0.0078014
38.732,0.0082056
38.742,0.0085907
38.752,0.0089645
38.763,0.0093294
38.773,0.0096738
38.783,0.010004
38.793,0.010322
38.803,0.010631
38.813,0.010921
38.823,0.011202
38.833,0.01147
38.843,0.011724
38.853,0.01197
38.863,0.012191
38.873,0.012388
38.883,0.01257
38.893,0.012743
38.903,0.012891
38.913,0.01302
38.923,0.013134
38.933,0.013236
38.943,0.013318
38.953,0.013381
38.963,0.013428
38.973,0.013457
38.983,0.013458
38.993,0.013432
39.003,0.013398
39.013,0.013342
39.023,0.01327
39.033,0.013175
39.043,0.013069
39.053,0.012947
39.063,0.012822
39.073,0.012693
39.083,0.012548
39.093,0.012388
39.103,0.012202
39.113,0.012003
39.123,0.011796
39.133,0.011575
39.143,0.011354
39.153,0.011122
39.163,0.010883
39.173,0.010637
39.183,0.010376
39.193,0.010113
39.203,0.0098584
39.213,0.0095986
39.223,0.0093396
39.233,0.0090771
39.243,0.0088146
39.253,0.0085531
39.263,0.0082893
39.273,0.0080247
39.283,0.0077583
39.293,0.0075046
39.303,0.0072607
39.313,0.0070215
39.323,0.0067919
39.333,0.0065651
39.343,0.0063443
39.353,0.0061397
39.363,0.005948
39.373,0.0057694
39.383,0.0056007
39.393,0.0054471
39.403,0.005289
39.413,0.0051374
39.423,0.005003
39.433,0.0048773
39.443,0.004766
39.453,0.0046679
39.463,0.0045777
39.473,0.0044986
39.483,0.0044283
39.493,0.0043742
39.504,0.0043377
39.514,0.0043049
39.524,0.004276
39.534,0.004268
39.544,0.0042713
39.554,0.0042892
39.564,0.0043228
39.574,0.0043683
39.584,0.0044175
39.594,0.0044802
39.604,0.0045646
39.614,0.004668
39.624,0.004779
39.634,0.0049039
39.644,0.0050396
39.654,0.0051808
39.664,0.0053405
39.674,0.0055218
39.684,0.0057004
39.694,0.0058925
39.704,0.0061041
39.714,0.0063233
39.724,0.0065525
39.734,0.0068006
39.744,0.0070565
39.754,0.0073209
39.764,0.0075947
39.774,0.0078781
39.784,0.0081753
39.794,0.0084909
39.804,0.0088242
39.814,0.0091679
39.824,0.0095248
39.834,0.0098902
39.844,0.010272
39.854,0.01066
39.864,0.011053
39.874,0.011461
39.884,0.011881
39.894,0.012312
39.904,0.012754
39.914,0.013213
39.924,0.013689
39.934,0.014165
39.944,0.014643
39.954,0.01513
39.964,0.015631
39.974,0.016142
39.984,0.016659
39.994,0.017169
40.004,0.017682
40.014,0.018205
40.024,0.018738
40.034,0.019265
40.044,0.019802
40.054,0.02035
40.064,0.020901
40.074,0.021452
40.084,0.022003
40.094,0.022549
40.104,0.023108
40.114,0.023665
40.124,0.024225
40.134,0.024787
40.144,0.025346
40.154,0.025898
40.164,0.026449
40.174,0.026997
40.184,0.02754
40.194,0.028071
40.204,0.028593
40.214,0.029113
40.224,0.02962
40.234,0.030128
40.245,0.030635
40.255,0.03114
40.265,0.031635
40.275,0.032121
40.285,0.032595
40.295,0.03306
40.305,0.033521
40.315,0.033962
40.325,0.034398
40.335,0.034824
40.345,0.035247
40.355,0.035683
40.365,0.036105
40.375,0.036523
40.385,0.036933
40.395,0.037321
40.405,0.037702
40.415,0.038073
40.425,0.03843
40.435,0.038782
40.445,0.039127
40.455,0.039465
40.465,0.039795
40.475,0.040116
40.485,0.040437
40.495,0.040756
40.505,0.041061
40.515,0.041364
40.525,0.041664
40.535,0.041943
40.545,0.042219
40.555,0.042494
40.565,0.042762
40.575,0.043019
40.585,0.043263
40.595,0.043513
40.605,0.043755
40.615,0.043988
40.625,0.044214
40.635,0.044426
40.645,0.044623
40.655,0.044812
40.665,0.04499
40.675,0.045164
40.685,0.045322
40.695,0.045464
40.705,0.045602
40.715,0.04573
40.725,0.04584
40.735,0.045936
40.745,0.046012
40.755,0.046086
40.765,0.046152
40.775,0.046195
40.785,0.04622
40.795,0.046238
40.805,0.046243
40.815,0.046242
40.825,0.046234
40.835,0.046207
40.845,0.046169
40.855,0.046123
40.865,0.046067
40.875,0.046002
40.885,0.045929
40.895,0.045847
40.905,0.045759
40.915,0.045666
40.925,0.045559
40.935,0.045445
40.945,0.045321
40.955,0.045201
40.965,0.045072
40.976,0.044939
40.986,0.044803
40.996,0.044663
41.006,0.044522
41.016,0.044386
41.026,0.044253
41.036,0.04412
41.046,0.043988
41.056,0.043863
41.066,0.043749
41.076,0.043631
41.086,0.043518
41.096,0.043422
41.106,0.043336
41.116,0.043259
41.126,0.043192
41.136,0.043125
41.146,0.043068
41.156,0.043021
41.166,0.042987
41.176,0.042954
41.186,0.042926
41.196,0.042911
41.206,0.042908
41.216,0.042909
41.226,0.042919
41.236,0.042938
41.246,0.042968
41.256,0.043011
41.266,0.043061
41.276,0.043112
41.286,0.043171
41.296,0.043238
41.306,0.043303
41.316,0.043361
41.326,0.043425
41.336,0.043501
41.346,0.043579
41.356,0.043668
41.366,0.043767
41.376,0.043871
41.386,0.043979
41.396,0.044098
41.406,0.044211
41.416,0.044323
41.426,0.044431
41.436,0.044551
41.446,0.044673
41.456,0.044793
41.466,0.044912
41.476,0.045032
41.486,0.045152
41.496,0.045261
41.506,0.045364
41.516,0.045468
41.526,0.045574
41.536,0.04568
41.546,0.04578
41.556,0.04588
41.566,0.045985
41.576,0.046099
41.586,0.046221
41.596,0.04635
41.606,0.046477
41.616,0.046609
41.626,0.046756
41.636,0.046905
41.646,0.047065
41.656,0.047234
41.666,0.047393
41.676,0.04756
41.686,0.04774
41.696,0.047929
41.706,0.048119
41.717,0.048316
41.727,0.04852
41.737,0.048739
41.747,0.048964
41.757,0.049195
41.767,0.049449
41.777,0.049698
41.787,0.049958
41.797,0.050239
41.807,0.050539
41.817,0.050841
41.827,0.051157
41.837,0.051487
41.847,0.051822
41.857,0.052167
41.867,0.052521
41.877,0.052881
41.887,0.053252
41.897,0.053646
41.907,0.054048
41.917,0.054469
41.927,0.054894
41.937,0.055322
41.947,0.055746
41.957,0.056179
41.967,0.056611
41.977,0.057056
41.987,0.057513
41.997,0.057963
42.007,0.05842
42.017,0.058883
42.027,0.059335
42.037,0.059781
42.047,0.060235
42.057,0.060686
42.067,0.06114
42.077,0.061589
42.087,0.062016
42.097,0.062431
42.107,0.062835
42.117,0.063228
42.127,0.063611
42.137,0.063983
42.147,0.064357
42.157,0.064714
42.167,0.065061
42.177,0.065383
42.187,0.065692
42.197,0.065987
42.207,0.06629
42.217,0.066563
42.227,0.066814
42.237,0.06705
42.247,0.067256
42.257,0.067437
42.267,0.067594
42.277,0.067721
42.287,0.067821
42.297,0.067898
42.307,0.06794
42.317,0.067959
42.327,0.067946
42.337,0.067908
42.347,0.067836
42.357,0.067714
42.367,0.067562
42.377,0.067382
42.387,0.067167
42.397,0.066917
42.407,0.066645
42.417,0.066346
42.427,0.066004
42.437,0.065625
42.447,0.065206
42.458,0.064758
42.468,0.064268
42.478,0.063736
42.488,0.063177
42.498,0.062572
42.508,0.061925
42.518,0.061259
42.528,0.060549
42.538,0.059809
42.548,0.059037
42.558,0.05822
42.568,0.057381
42.578,0.056516
42.588,0.055592
42.598,0.054642
42.608,0.053655
42.618,0.052631
42.628,0.051589
42.638,0.050527
42.648,0.049442
42.658,0.048342
42.668,0.047206
42.678,0.04603
42.688,0.044841
42.698,0.043624
42.708,0.042375
42.718,0.041127
42.728,0.039874
42.738,0.038591
42.748,0.03729
42.758,0.035987
42.768,0.034673
42.778,0.033374
42.788,0.032028
42.798,0.030708
42.808,0.029357
42.818,0.027976
42.828,0.026606
42.838,0.025226
42.848,0.023833
42.858,0.02245
42.868,0.021063
42.878,0.019667
42.888,0.018272
42.898,0.016854
42.908,0.015416
42.918,0.013986
42.928,0.01254
42.938,0.011101
42.948,0.0096707
42.958,0.0082423
42.968,0.0067911
42.978,0.0053659
42.988,0.0039422
42.998,0.002498
43.008,0.0010698
43.018,-0.00035842
43.028,-0.0017865
43.038,-0.0032392
43.048,-0.0046957
43.058,-0.0061639
43.068,-0.0076271
43.078,-0.0090992
43.088,-0.010572
43.098,-0.012045
43.108,-0.013509
43.118,-0.014974
43.128,-0.016429
43.138,-0.017882
43.148,-0.019351
43.158,-0.020809
43.168,-0.022259
43.178,-0.023701
43.189,-0.025138
43.199,-0.026572
43.209,-0.027995
43.219,-0.029419
43.229,-0.03083
43.239,-0.032212
43.249,-0.033585
43.259,-0.034949
43.269,-0.03629
43.279,-0.037613
43.289,-0.038912
43.299,-0.040187
43.309,-0.041448
43.319,-0.042663
43.329,-0.043856
43.339,-0.045023
43.349,-0.04616
43.359,-0.04726
43.369,-0.048325
43.379,-0.049353
43.389,-0.050332
43.399,-0.051277
43.409,-0.05218
43.419,-0.053041
43.429,-0.053859
43.439,-0.054636
43.449,-0.055392
43.459,-0.05611
43.469,-0.056774
43.479,-0.057412
43.489,-0.058012
43.499,-0.058556
43.509,-0.059052
43.519,-0.059519
43.529,-0.05995
43.539,-0.060334
43.549,-0.060687
43.559,-0.060996
43.569,-0.061263
43.579,-0.061504
43.589,-0.061683
43.599,-0.061836
43.609,-0.061956
43.619,-0.06203
43.629,-0.062082
43.639,-0.062117
43.649,-0.06212
43.659,-0.062095
43.669,-0.062045
43.679,-0.061969
43.689,-0.061883
43.699,-0.061776
43.709,-0.061649
43.719,-0.061502
43.729,-0.061338
43.739,-0.061146
43.749,-0.060939
43.759,-0.060729
43.769,-0.060505
43.779,-0.060265
43.789,-0.060018
43.799,-0.059762
43.809,-0.059493
43.819,-0.059223
43.829,-0.05894
43.839,-0.058648
43.849,-0.058366
43.859,-0.058075
43.869,-0.057807
43.879,-0.05756
43.889,-0.057309
43.899,-0.057054
43.909,-0.056805
43.919,-0.056562
43.93,-0.056323
43.94,-0.056096
43.95,-0.05588
43.96,-0.055664
43.97,-0.05546
43.98,-0.055266
43.99,-0.055079
44,-0.054889
44.01,-0.054708
44.02,-0.054545
44.03,-0.054394
44.04,-0.054258
44.05,-0.054145
44.06,-0.05403
44.07,-0.053917
44.08,-0.053809
44.09,-0.053708
44.1,-0.053631
44.11,-0.053571
44.12,-0.053526
44.13,-0.053492
44.14,-0.053487
44.15,-0.053494
44.16,-0.053514
44.17,-0.053537
44.18,-0.05358
44.19,-0.053639
44.2,-0.053722
44.21,-0.05382
44.22,-0.053939
44.23,-0.054074
44.24,-0.054228
44.25,-0.054389
44.26,-0.054559
44.27,-0.054739
44.28,-0.054938
44.29,-0.055142
44.3,-0.055354
44.31,-0.055567
44.32,-0.05579
44.33,-0.056031
44.34,-0.056277
44.35,-0.056536
44.36,-0.056798
44.37,-0.057078
44.38,-0.057355
44.39,-0.05763
44.4,-0.057916
44.41,-0.058205
44.42,-0.058499
44.43,-0.058795
44.44,-0.059083
44.45,-0.05937
44.46,-0.059655
44.47,-0.059922
44.48,-0.060198
44.49,-0.06048
44.5,-0.060743
44.51,-0.061002
44.52,-0.061256
44.53,-0.061489
44.54,-0.061713
44.55,-0.06192
44.56,-0.062121
44.57,-0.062327
44.58,-0.062512
44.59,-0.062694
44.6,-0.062859
44.61,-0.063014
44.62,-0.063153
44.63,-0.063286
44.64,-0.063416
44.65,-0.063526
44.66,-0.063632
44.671,-0.063726
44.681,-0.063798
44.691,-0.063855
44.701,-0.063906
44.711,-0.063943
44.721,-0.063969
44.731,-0.06399
44.741,-0.063989
44.751,-0.063975
44.761,-0.063958
44.771,-0.063923
44.781,-0.063878
44.791,-0.063823
44.801,-0.063764
44.811,-0.06372
44.821,-0.063663
44.831,-0.063602
44.841,-0.063531
44.851,-0.063459
44.861,-0.063381
44.871,-0.063301
44.881,-0.063219
44.891,-0.063131
44.901,-0.063049
44.911,-0.062961
44.921,-0.062869
44.931,-0.06278
44.941,-0.062679
44.951,-0.062567
44.961,-0.062462
44.971,-0.062354
44.981,-0.062242
44.991,-0.062112
45.001,-0.061979
45.011,-0.061837
45.021,-0.061684
45.031,-0.06152
45.041,-0.061348
45.051,-0.061161
45.061,-0.06098
45.071,-0.060784
45.081,-0.060594
45.091,-0.060386
45.101,-0.06016
45.111,-0.059935
45.121,-0.059688
45.131,-0.059429
45.141,-0.059146
45.151,-0.058867
45.161,-0.058565
45.171,-0.058263
45.181,-0.057939
45.191,-0.057603
45.201,-0.05725
45.211,-0.056867
45.221,-0.056461
45.231,-0.056046
45.241,-0.055615
45.251,-0.055156
45.261,-0.054676
45.271,-0.054178
45.281,-0.053658
45.291,-0.053115
45.301,-0.052552
45.311,-0.051978
45.321,-0.051377
45.331,-0.05074
45.341,-0.050087
45.351,-0.049409
45.361,-0.048707
45.371,-0.04799
45.381,-0.047273
45.391,-0.046541
45.401,-0.045782
45.412,-0.045017
45.422,-0.044249
45.432,-0.043464
45.442,-0.042657
45.452,-0.041833
45.462,-0.040999
45.472,-0.040144
45.482,-0.039289
45.492,-0.038429
45.502,-0.037558
45.512,-0.036685
45.522,-0.03582
45.532,-0.034936
45.542,-0.034053
45.552,-0.033164
45.562,-0.03228
45.572,-0.0314
45.582,-0.030524
45.592,-0.029649
45.602,-0.028776
45.612,-0.02792
45.622,-0.027069
45.632,-0.026234
45.642,-0.025424
45.652,-0.024621
45.662,-0.023845
45.672,-0.023087
45.682,-0.022353
45.692,-0.021638
45.702,-0.020938
45.712,-0.020262
45.722,-0.019603
45.732,-0.018969
45.742,-0.01837
45.752,-0.017788
45.762,-0.017226
45.772,-0.016673
45.782,-0.016141
45.792,-0.015652
45.802,-0.015184
45.812,-0.014749
45.822,-0.014358
45.832,-0.013981
45.842,-0.013607
45.852,-0.013287
45.862,-0.012985
45.872,-0.012695
45.882,-0.012447
45.892,-0.012223
45.902,-0.012015
45.912,-0.011832
45.922,-0.01168
45.932,-0.011545
45.942,-0.011427
45.952,-0.011316
45.962,-0.011212
45.972,-0.011129
45.982,-0.011055
45.992,-0.010995
46.002,-0.010949
46.012,-0.010905
46.022,-0.010867
46.032,-0.010827
46.042,-0.010787
46.052,-0.010753
46.062,-0.010719
46.072,-0.010681
46.082,-0.010645
46.092,-0.010616
46.102,-0.010582
46.112,-0.010535
46.122,-0.010472
46.132,-0.010397
46.143,-0.010312
46.153,-0.010213
46.163,-0.010101
46.173,-0.0099937
46.183,-0.0098649
46.193,-0.0097277
46.203,-0.0095748
46.213,-0.0093999
46.223,-0.0092259
46.233,-0.0090487
46.243,-0.0088615
46.253,-0.0086601
46.263,-0.0084607
46.273,-0.0082453
46.283,-0.0080019
46.293,-0.0077509
46.303,-0.0075031
46.313,-0.0072446
46.323,-0.0069856
46.333,-0.0067467
46.343,-0.0065019
46.353,-0.0062676
46.363,-0.0060216
46.373,-0.0057837
46.383,-0.0055343
46.393,-0.0052921
46.403,-0.0050539
46.413,-0.0048231
46.423,-0.0046131
46.433,-0.0044105
46.443,-0.0042103
46.453,-0.0040141
46.463,-0.0038433
46.473,-0.0036923
46.483,-0.0035611
46.493,-0.003434
46.503,-0.0033278
46.513,-0.0032298
46.523,-0.0031613
46.533,-0.003118
46.543,-0.0030945
46.553,-0.0030859
46.563,-0.0030921
46.573,-0.0031134
46.583,-0.0031388
46.593,-0.0031975
46.603,-0.0032665
46.613,-0.0033573
46.623,-0.0034679
46.633,-0.0035899
46.643,-0.0037574
46.653,-0.0039347
46.663,-0.0041218
46.673,-0.0043204
46.683,-0.0045467
46.693,-0.0047941
46.703,-0.0050329
46.713,-0.0052709
46.723,-0.0055304
46.733,-0.0058006
46.743,-0.0060637
46.753,-0.006324
46.763,-0.0065871
46.773,-0.0068477
46.783,-0.007125
46.793,-0.0073938
46.803,-0.0076574
46.813,-0.0079107
46.823,-0.008147
46.833,-0.0083947
46.843,-0.0086353
46.853,-0.008852
46.863,-0.0090592
46.873,-0.0092471
46.884,-0.009412
46.894,-0.0095596
46.904,-0.009675
46.914,-0.0097838
46.924,-0.0098634
46.934,-0.0099204
46.944,-0.0099508
46.954,-0.0099545
46.964,-0.0099317
46.974,-0.0098833
46.984,-0.0098084
46.994,-0.0097192
47.004,-0.0095916
47.014,-0.0094408
47.024,-0.0092676
47.034,-0.009072
47.044,-0.0088356
47.054,-0.0085866
47.064,-0.008313
47.074,-0.0079953
47.084,-0.0076578
47.094,-0.0072755
47.104,-0.0068794
47.114,-0.0064519
47.124,-0.0060044
47.134,-0.0055339
47.144,-0.0050563
47.154,-0.0045621
47.164,-0.004051
47.174,-0.0034997
47.184,-0.002932
47.194,-0.0023408
47.204,-0.0017262
47.214,-0.0011019
47.224,-0.00047451
47.234,0.00015538
47.244,0.0007948
47.254,0.001454
47.264,0.0021432
47.274,0.0028389
47.284,0.0035628
47.294,0.0042874
47.304,0.005022
47.314,0.0057373
47.324,0.0064581
47.334,0.0071864
47.344,0.0079228
47.354,0.0086652
47.364,0.0093964
47.374,0.010115
47.384,0.010822
47.394,0.011513
47.404,0.012177
47.414,0.012826
47.424,0.013475
47.434,0.014107
47.444,0.014754
47.454,0.0154
47.464,0.016034
47.474,0.016646
47.484,0.01723
47.494,0.017815
47.504,0.018388
47.514,0.018935
47.524,0.019481
47.534,0.020001
47.544,0.020514
47.554,0.020999
47.564,0.02148
47.574,0.021948
47.584,0.022387
47.594,0.022807
47.604,0.023209
47.614,0.023603
47.625,0.023975
47.635,0.024324
47.645,0.024639
47.655,0.024934
47.665,0.025194
47.675,0.02543
47.685,0.025671
47.695,0.025895
47.705,0.026096
47.715,0.026287
47.725,0.026445
47.735,0.02661
47.745,0.02676
47.755,0.026899
47.765,0.027007
47.775,0.027085
47.785,0.027131
47.795,0.027155
47.805,0.027159
47.815,0.027167
47.825,0.027149
47.835,0.027099
47.845,0.027024
47.855,0.026928
47.865,0.02683
47.875,0.026713
47.885,0.026582
47.895,0.026451
47.905,0.026302
47.915,0.026127
47.925,0.025932
47.935,0.025743
47.945,0.025525
47.955,0.02531
47.965,0.025094
47.975,0.024858
47.985,0.024589
47.995,0.024315
48.005,0.024022
48.015,0.02371
48.025,0.02338
48.035,0.023036
48.045,0.0227
48.055,0.022375
48.065,0.022031
48.075,0.021677
48.085,0.021303
48.095,0.020914
48.105,0.020537
48.115,0.020157
48.125,0.019762
48.135,0.019351
48.145,0.01895
48.155,0.018537
48.165,0.018128
48.175,0.01773
48.185,0.017322
48.195,0.016911
48.205,0.016486
48.215,0.016065
48.225,0.015669
48.235,0.015287
48.245,0.014891
48.255,0.014494
48.265,0.014117
48.275,0.013735
48.285,0.013323
48.295,0.012915
48.305,0.012524
48.315,0.012159
48.325,0.011788
48.335,0.011411
48.345,0.011046
48.355,0.010669
48.366,0.010287
48.376,0.009928
48.386,0.0096125
48.396,0.0093011
48.406,0.0090034
48.416,0.0086857
48.426,0.0083926
48.436,0.0080941
48.446,0.007818
48.456,0.007558
48.466,0.0073199
48.476,0.0071031
48.486,0.0068999
48.496,0.0067055
48.506,0.0065378
48.516,0.0063584
48.526,0.0062315
48.536,0.0061084
48.546,0.0060029
48.556,0.0059268
48.566,0.0058476
48.576,0.0057794
48.586,0.0057351
48.596,0.0057318
48.606,0.0057368
48.616,0.0057382
48.626,0.0057964
48.636,0.005854
48.646,0.0059319
48.656,0.0060321
48.666,0.0061643
48.676,0.0063127
48.686,0.0064674
48.696,0.0066474
48.706,0.0068402
48.716,0.0070818
48.726,0.0073445
48.736,0.0076346
48.746,0.0079412
48.756,0.0082772
48.766,0.0086325
48.776,0.0089767
48.786,0.009335
48.796,0.0097122
48.806,0.010098
48.816,0.010482
48.826,0.01086
48.836,0.011277
48.846,0.011704
48.856,0.012127
48.866,0.012554
48.876,0.013025
48.886,0.013488
48.896,0.013927
48.906,0.014368
48.916,0.014803
48.926,0.015216
48.936,0.015673
48.946,0.016108
48.956,0.016531
48.966,0.016919
48.976,0.017287
48.986,0.017635
48.996,0.018001
49.006,0.018336
49.016,0.018653
49.026,0.018984
49.036,0.019282
49.046,0.01956
49.056,0.019814
49.066,0.020022
49.076,0.020218
49.086,0.020342
49.097,0.020448
49.107,0.020521
49.117,0.020562
49.127,0.020585
49.137,0.020568
49.147,0.020516
49.157,0.020464
49.167,0.020358
49.177,0.020182
49.187,0.019946
49.197,0.019703
49.207,0.019461
49.217,0.019164
49.227,0.018838
49.237,0.018511
49.247,0.018162
49.257,0.01777
49.267,0.017353
49.277,0.016924
49.287,0.016445
49.297,0.015935
49.307,0.015388
49.317,0.014858
49.327,0.014308
49.337,0.013749
49.347,0.013197
49.357,0.012639
49.367,0.012043
49.377,0.011422
49.387,0.01075
49.397,0.01008
49.407,0.0094037
49.417,0.0087344
49.427,0.008052
49.437,0.0073667
49.447,0.0066681
49.457,0.0059302
49.467,0.0051928
49.477,0.0044652
49.487,0.0037426
49.497,0.0030196
49.507,0.0023822
49.517,0.0017092
49.527,0.0010601
49.537,0.00037553
49.547,-0.00027829
49.557,-0.00094439
49.567,-0.0016101
49.577,-0.0022928
49.587,-0.0029129
49.597,-0.0035291
49.607,-0.0041358
49.617,-0.0047443
49.627,-0.0053473
49.637,-0.0059369
49.647,-0.0065296
49.657,-0.0070819
49.667,-0.0076137
49.677,-0.0080942
49.687,-0.0085662
49.697,-0.0090389
49.707,-0.0095251
49.717,-0.0099975
49.727,-0.010414
49.737,-0.010864
49.747,-0.011274
49.757,-0.011651
49.767,-0.011996
49.777,-0.012308
49.787,-0.012582
49.797,-0.012859
49.807,-0.013074
49.817,-0.013338
49.827,-0.013625
49.838,-0.013862
49.848,-0.014087
49.858,-0.014278
49.868,-0.014401
49.878,-0.014427
49.888,-0.014458
49.898,-0.014492
49.908,-0.014523
49.918,-0.014515
49.928,-0.014515
49.938,-0.014466
49.948,-0.01434
49.958,-0.014225
49.968,-0.014041
49.978,-0.013861
49.988,-0.013629
49.998,-0.013371
50.008,-0.012998
50.018,-0.012353
50.028,-0.011093
50.038,-0.0091183
50.048,-0.0070115
50.058,-0.00575
