0,-0.00094616
0.010018,-0.0013078
0.020036,-0.0013914
0.030054,-0.0014381
0.040071,-0.0015826
0.050089,-0.0017668
0.060107,-0.0018497
0.070125,-0.0019094
0.080143,-0.0019568
0.090161,-0.0020529
0.10018,-0.0021489
0.1102,-0.0022952
0.12021,-0.0024311
0.13023,-0.0025432
0.14025,-0.0025836
0.15027,-0.0026128
0.16029,-0.0026815
0.1703,-0.002693
0.18032,-0.0026919
0.19034,-0.0027327
0.20036,-0.0028171
0.21037,-0.0029132
0.22039,-0.0030048
0.23041,-0.0030792
0.24043,-0.0031336
0.25045,-0.003205
0.26046,-0.0032764
0.27048,-0.0033116
0.2805,-0.0033145
0.29052,-0.0033082
0.30054,-0.0033188
0.31055,-0.0033517
0.32057,-0.0034232
0.33059,-0.0034934
0.34061,-0.003581
0.35062,-0.0036529
0.36064,-0.0037079
0.37066,-0.0037387
0.38068,-0.00379
0.3907,-0.003809
0.40071,-0.0038639
0.41073,-0.0039013
0.42075,-0.0039478
0.43077,-0.0040131
0.44079,-0.0040653
0.4508,-0.0041285
0.46082,-0.0041967
0.47084,-0.0042778
0.48086,-0.004328
0.49087,-0.0043953
0.50089,-0.0044556
0.51091,-0.0044948
0.52093,-0.0045519
0.53095,-0.0046313
0.54096,-0.004686
0.55098,-0.0047225
0.561,-0.0047344
0.57102,-0.0047461
0.58103,-0.0048184
0.59105,-0.0048833
0.60107,-0.004923
0.61109,-0.0049509
0.62111,-0.0049841
0.63112,-0.0049817
0.64114,-0.0050007
0.65116,-0.0050218
0.66118,-0.0050216
0.6712,-0.0050508
0.68121,-0.005089
0.69123,-0.0050712
0.70125,-0.0050755
0.71127,-0.0050724
0.72128,-0.0050743
0.7313,-0.0050738
0.74132,-0.005078
0.75134,-0.0050806
0.76136,-0.0050692
0.77137,-0.0050924
0.78139,-0.005114
0.79141,-0.0051286
0.80143,-0.0051755
0.81145,-0.0052172
0.82146,-0.0052527
0.83148,-0.0052747
0.8415,-0.0052822
0.85152,-0.0052816
0.86153,-0.0052552
0.87155,-0.0052351
0.88157,-0.0052224
0.89159,-0.0052162
0.90161,-0.0052337
0.91162,-0.0052578
0.92164,-0.0053002
0.93166,-0.0053338
0.94168,-0.0053482
0.9517,-0.005357
0.96171,-0.0053535
0.97173,-0.0053544
0.98175,-0.0053535
0.99177,-0.0053711
1.0018,-0.0053859
1.0118,-0.0053958
1.0218,-0.0054201
1.0318,-0.0054293
1.0419,-0.0054428
1.0519,-0.0054313
1.0619,-0.0054192
1.0719,-0.0054241
1.0819,-0.0054173
1.0919,-0.0053948
1.102,-0.0053856
1.112,-0.0053966
1.122,-0.0053947
1.132,-0.0054118
1.142,-0.0054287
1.1521,-0.0054592
1.1621,-0.0054771
1.1721,-0.0055014
1.1821,-0.0054863
1.1921,-0.0054672
1.2021,-0.0054883
1.2122,-0.0054898
1.2222,-0.0054984
1.2322,-0.0055118
1.2422,-0.0055399
1.2522,-0.0055589
1.2622,-0.0055616
1.2723,-0.0055623
1.2823,-0.0055576
1.2923,-0.0055623
1.3023,-0.0055562
1.3123,-0.0055515
1.3224,-0.0055565
1.3324,-0.0055664
1.3424,-0.0055619
1.3524,-0.0055511
1.3624,-0.0055404
1.3724,-0.0055173
1.3825,-0.0055028
1.3925,-0.0055074
1.4025,-0.0055009
1.4125,-0.0055056
1.4225,-0.0055114
1.4326,-0.0054887
1.4426,-0.0054612
1.4526,-0.0054272
1.4626,-0.0054002
1.4726,-0.0053568
1.4826,-0.0053197
1.4927,-0.0052768
1.5027,-0.0052275
1.5127,-0.0051604
1.5227,-0.0051325
1.5327,-0.0051003
1.5427,-0.0050693
1.5528,-0.0050495
1.5628,-0.0050074
1.5728,-0.0049836
1.5828,-0.0049832
1.5928,-0.0049978
1.6029,-0.0049934
1.6129,-0.0049648
1.6229,-0.0049355
1.6329,-0.0049127
1.6429,-0.0049027
1.6529,-0.0048894
1.663,-0.0048889
1.673,-0.0048928
1.683,-0.0048786
1.693,-0.0048508
1.703,-0.0048203
1.7131,-0.0047956
1.7231,-0.0047843
1.7331,-0.0047778
1.7431,-0.0047572
1.7531,-0.0047445
1.7631,-0.0047036
1.7732,-0.00467
1.7832,-0.0046466
1.7932,-0.0046352
1.8032,-0.0046281
1.8132,-0.004611
1.8232,-0.0045915
1.8333,-0.0045891
1.8433,-0.0045724
1.8533,-0.0045435
1.8633,-0.0045133
1.8733,-0.0044761
1.8834,-0.0044541
1.8934,-0.0044499
1.9034,-0.0044368
1.9134,-0.0044224
1.9234,-0.0044061
1.9334,-0.0043954
1.9435,-0.0043931
1.9535,-0.0043725
1.9635,-0.0043567
1.9735,-0.0043369
1.9835,-0.0043228
1.9936,-0.0043112
2.0036,-0.0042885
2.0136,-0.004268
2.0236,-0.004257
2.0336,-0.0042461
2.0436,-0.0042151
2.0537,-0.0041792
2.0637,-0.0041506
2.0737,-0.0041196
2.0837,-0.0040915
2.0937,-0.0040819
2.1037,-0.0040702
2.1138,-0.0040553
2.1238,-0.0040415
2.1338,-0.0040246
2.1438,-0.0040163
2.1538,-0.0040065
2.1639,-0.0039978
2.1739,-0.0039859
2.1839,-0.0039892
2.1939,-0.0039761
2.2039,-0.0039797
2.2139,-0.0039745
2.224,-0.0039522
2.234,-0.0039327
2.244,-0.0039161
2.254,-0.0038858
2.264,-0.0038613
2.2741,-0.0038611
2.2841,-0.0038552
2.2941,-0.0038593
2.3041,-0.0038563
2.3141,-0.0038629
2.3241,-0.0038636
2.3342,-0.0038557
2.3442,-0.0038573
2.3542,-0.0038447
2.3642,-0.0038328
2.3742,-0.0038173
2.3842,-0.003804
2.3943,-0.0037979
2.4043,-0.0037734
2.4143,-0.0037288
2.4243,-0.0036921
2.4343,-0.0036832
2.4444,-0.0036858
2.4544,-0.003671
2.4644,-0.0036535
2.4744,-0.0036449
2.4844,-0.0036255
2.4944,-0.0036235
2.5045,-0.003606
2.5145,-0.0035831
2.5245,-0.0035671
2.5345,-0.0035492
2.5445,-0.00355
2.5546,-0.0035307
2.5646,-0.0035285
2.5746,-0.0035381
2.5846,-0.0035239
2.5946,-0.0035074
2.6046,-0.0034878
2.6147,-0.0034774
2.6247,-0.003475
2.6347,-0.00345
2.6447,-0.0034292
2.6547,-0.0034256
2.6647,-0.0034023
2.6748,-0.0033895
2.6848,-0.0033723
2.6948,-0.0033533
2.7048,-0.0033334
2.7148,-0.0033302
2.7249,-0.003321
2.7349,-0.0033113
2.7449,-0.0032917
2.7549,-0.0032659
2.7649,-0.0032451
2.7749,-0.0032126
2.785,-0.0031698
2.795,-0.0031542
2.805,-0.0031527
2.815,-0.0031463
2.825,-0.0031416
2.835,-0.0031418
2.8451,-0.0031268
2.8551,-0.0031254
2.8651,-0.0031532
2.8751,-0.0031537
2.8851,-0.0031638
2.8952,-0.0031401
2.9052,-0.0031129
2.9152,-0.0031074
2.9252,-0.0030708
2.9352,-0.0030231
2.9452,-0.003025
2.9553,-0.0029976
2.9653,-0.0029855
2.9753,-0.0029714
2.9853,-0.0029429
2.9953,-0.0029145
3.0054,-0.0028631
3.0154,-0.0028197
3.0254,-0.0027908
3.0354,-0.0027587
3.0454,-0.0027194
3.0554,-0.0026961
3.0655,-0.0026841
3.0755,-0.0026699
3.0855,-0.0026709
3.0955,-0.0026609
3.1055,-0.002649
3.1155,-0.0026371
3.1256,-0.0026093
3.1356,-0.0025812
3.1456,-0.002584
3.1556,-0.0025868
3.1656,-0.0025455
3.1757,-0.0025203
3.1857,-0.0024919
3.1957,-0.0024525
3.2057,-0.0024332
3.2157,-0.0023922
3.2257,-0.002366
3.2358,-0.002312
3.2458,-0.0023061
3.2558,-0.0022534
3.2658,-0.0022413
3.2758,-0.0022335
3.2859,-0.0021971
3.2959,-0.0021558
3.3059,-0.0020929
3.3159,-0.0020497
3.3259,-0.0020059
3.3359,-0.0019582
3.346,-0.0019006
3.356,-0.0018623
3.366,-0.0017981
3.376,-0.0017739
3.386,-0.001707
3.396,-0.0016494
3.4061,-0.0015807
3.4161,-0.0014873
3.4261,-0.0014416
3.4361,-0.0013909
3.4461,-0.001334
3.4562,-0.0012894
3.4662,-0.001253
3.4762,-0.0012095
3.4862,-0.0011238
3.4962,-0.0010787
3.5062,-0.0010317
3.5163,-0.00095722
3.5263,-0.00094443
3.5363,-0.0009238
3.5463,-0.00084623
3.5563,-0.00083044
3.5664,-0.00076366
3.5764,-0.00070066
3.5864,-0.00063749
3.5964,-0.00058473
3.6064,-0.00051536
3.6164,-0.00043413
3.6265,-0.00034046
3.6365,-0.00024579
3.6465,-0.000175
3.6565,-0.00011728
3.6665,-5.8832e-005
3.6765,1.2427e-005
3.6866,7.0396e-005
3.6966,0.00013513
3.7066,0.00021923
3.7166,0.00029719
3.7266,0.00037964
3.7367,0.00044331
3.7467,0.00054746
3.7567,0.00063839
3.7667,0.00072493
3.7767,0.00081534
3.7867,0.00089627
3.7968,0.00096599
3.8068,0.001047
3.8168,0.0011342
3.8268,0.0012264
3.8368,0.0013185
3.8469,0.0013908
3.8569,0.0014427
3.8669,0.0015226
3.8769,0.0015688
3.8869,0.0016471
3.8969,0.001727
3.907,0.001803
3.917,0.0018685
3.927,0.0019346
3.937,0.0020111
3.947,0.0020865
3.957,0.0021532
3.9671,0.002216
3.9771,0.0022813
3.9871,0.0023484
3.9971,0.0024081
4.0071,0.00248
4.0172,0.0025322
4.0272,0.0025872
4.0372,0.0026489
4.0472,0.0027182
4.0572,0.0027687
4.0672,0.0028298
4.0773,0.002888
4.0873,0.0029495
4.0973,0.0030183
4.1073,0.0030948
4.1173,0.0031486
4.1274,0.0032215
4.1374,0.0032923
4.1474,0.0033618
4.1574,0.0034372
4.1674,0.0035094
4.1774,0.0035733
4.1875,0.0036305
4.1975,0.0036954
4.2075,0.0037457
4.2175,0.0038094
4.2275,0.0038767
4.2375,0.0039413
4.2476,0.0039889
4.2576,0.0040287
4.2676,0.0040947
4.2776,0.0041491
4.2876,0.0042118
4.2977,0.0042718
4.3077,0.0043218
4.3177,0.0043745
4.3277,0.0044385
4.3377,0.0044882
4.3477,0.0045478
4.3578,0.0045861
4.3678,0.0046459
4.3778,0.0047178
4.3878,0.0047638
4.3978,0.0048006
4.4079,0.0048331
4.4179,0.0049052
4.4279,0.0049698
4.4379,0.005041
4.4479,0.005109
4.4579,0.005158
4.468,0.0052022
4.478,0.005247
4.488,0.0052943
4.498,0.0053298
4.508,0.0053663
4.518,0.0054067
4.5281,0.0054632
4.5381,0.0055146
4.5481,0.0055737
4.5581,0.0056279
4.5681,0.0056884
4.5782,0.0057412
4.5882,0.0057998
4.5982,0.0058485
4.6082,0.0058909
4.6182,0.005949
4.6282,0.0060022
4.6383,0.0060479
4.6483,0.0060932
4.6583,0.0061349
4.6683,0.0061634
4.6783,0.0062001
4.6884,0.0062448
4.6984,0.0062783
4.7084,0.0063168
4.7184,0.006357
4.7284,0.0063887
4.7384,0.0064247
4.7485,0.0064519
4.7585,0.006483
4.7685,0.0065101
4.7785,0.0065471
4.7885,0.0065868
4.7985,0.006629
4.8086,0.006674
4.8186,0.0067304
4.8286,0.0067836
4.8386,0.0068538
4.8486,0.0068987
4.8587,0.0069396
4.8687,0.0069924
4.8787,0.0070551
4.8887,0.0070975
4.8987,0.0071397
4.9087,0.0071799
4.9188,0.0072314
4.9288,0.0072659
4.9388,0.0073282
4.9488,0.0073734
4.9588,0.0074297
4.9689,0.0074733
4.9789,0.0075089
4.9889,0.0075827
4.9989,0.0076316
5.0089,0.0076531
5.0189,0.007692
5.029,0.0077594
5.039,0.0077738
5.049,0.0078074
5.059,0.007843
5.069,0.0078607
5.079,0.007898
5.0891,0.0079406
5.0991,0.0079771
5.1091,0.0080223
5.1191,0.0080437
5.1291,0.0080795
5.1392,0.0081274
5.1492,0.0081383
5.1592,0.0081725
5.1692,0.0082237
5.1792,0.0082667
5.1892,0.0083123
5.1993,0.0083316
5.2093,0.0083525
5.2193,0.00839
5.2293,0.0084136
5.2393,0.0084367
5.2494,0.0084676
5.2594,0.0084995
5.2694,0.0085431
5.2794,0.0085881
5.2894,0.0086348
5.2994,0.00868
5.3095,0.0086976
5.3195,0.008746
5.3295,0.0087999
5.3395,0.0088545
5.3495,0.0089101
5.3595,0.0089513
5.3696,0.0089921
5.3796,0.0090436
5.3896,0.009069
5.3996,0.00913
5.4096,0.0091572
5.4197,0.0091891
5.4297,0.0092132
5.4397,0.0092283
5.4497,0.0092066
5.4597,0.0092083
5.4697,0.0092167
5.4798,0.0092502
5.4898,0.0092643
5.4998,0.0092875
5.5098,0.0093143
5.5198,0.0093493
5.5299,0.0093676
5.5399,0.0094079
5.5499,0.0094434
5.5599,0.0094746
5.5699,0.0095221
5.5799,0.009551
5.59,0.009586
5.6,0.0095998
5.61,0.0096218
5.62,0.0096675
5.63,0.0097148
5.64,0.0097623
5.6501,0.0098066
5.6601,0.0098732
5.6701,0.0099267
5.6801,0.0099716
5.6901,0.010004
5.7002,0.010028
5.7102,0.010065
5.7202,0.010102
5.7302,0.010138
5.7402,0.010167
5.7502,0.01021
5.7603,0.010245
5.7703,0.010285
5.7803,0.010347
5.7903,0.010405
5.8003,0.010458
5.8103,0.010533
5.8204,0.010586
5.8304,0.010628
5.8404,0.010658
5.8504,0.010699
5.8604,0.010744
5.8705,0.010783
5.8805,0.010828
5.8905,0.010867
5.9005,0.010898
5.9105,0.010949
5.9205,0.010982
5.9306,0.011012
5.9406,0.011067
5.9506,0.011099
5.9606,0.011117
5.9706,0.011126
5.9807,0.011141
5.9907,0.011165
6.0007,0.011185
6.0107,0.01121
6.0207,0.011223
6.0307,0.011244
6.0408,0.011253
6.0508,0.011256
6.0608,0.011265
6.0708,0.011274
6.0808,0.011296
6.0908,0.011316
6.1009,0.011341
6.1109,0.011364
6.1209,0.011388
6.1309,0.011431
6.1409,0.011475
6.151,0.011504
6.161,0.011524
6.171,0.011557
6.181,0.011595
6.191,0.01164
6.201,0.011685
6.2111,0.01172
6.2211,0.011753
6.2311,0.011784
6.2411,0.011815
6.2511,0.011859
6.2612,0.011888
6.2712,0.011902
6.2812,0.011917
6.2912,0.011928
6.3012,0.011944
6.3112,0.011971
6.3213,0.012001
6.3313,0.012025
6.3413,0.012052
6.3513,0.012082
6.3613,0.012118
6.3713,0.012158
6.3814,0.012185
6.3914,0.012226
6.4014,0.012273
6.4114,0.012322
6.4214,0.012358
6.4315,0.012381
6.4415,0.012417
6.4515,0.012451
6.4615,0.012502
6.4715,0.012549
6.4815,0.012593
6.4916,0.012635
6.5016,0.012674
6.5116,0.012707
6.5216,0.01273
6.5316,0.012751
6.5417,0.012771
6.5517,0.012788
6.5617,0.01279
6.5717,0.012795
6.5817,0.012796
6.5917,0.012806
6.6018,0.012815
6.6118,0.012828
6.6218,0.01285
6.6318,0.012874
6.6418,0.012903
6.6518,0.012934
6.6619,0.012965
6.6719,0.013008
6.6819,0.013034
6.6919,0.013054
6.7019,0.013065
6.712,0.013076
6.722,0.013099
6.732,0.013128
6.742,0.013151
6.752,0.013171
6.762,0.013186
6.7721,0.013204
6.7821,0.013224
6.7921,0.013244
6.8021,0.013256
6.8121,0.013267
6.8222,0.013281
6.8322,0.013291
6.8422,0.013298
6.8522,0.013297
6.8622,0.013298
6.8722,0.013297
6.8823,0.013313
6.8923,0.013325
6.9023,0.013339
6.9123,0.01336
6.9223,0.013369
6.9323,0.013375
6.9424,0.013402
6.9524,0.013412
6.9624,0.013415
6.9724,0.013423
6.9824,0.013435
6.9925,0.013444
7.0025,0.013446
7.0125,0.013462
7.0225,0.013489
7.0325,0.013516
7.0425,0.013514
7.0526,0.013516
7.0626,0.013507
7.0726,0.013506
7.0826,0.0135
7.0926,0.013496
7.1027,0.013496
7.1127,0.013499
7.1227,0.013509
7.1327,0.013498
7.1427,0.013526
7.1527,0.01354
7.1628,0.013534
7.1728,0.013519
7.1828,0.013513
7.1928,0.013506
7.2028,0.013499
7.2128,0.013494
7.2229,0.013488
7.2329,0.013494
7.2429,0.013479
7.2529,0.01347
7.2629,0.013476
7.273,0.013471
7.283,0.013465
7.293,0.013469
7.303,0.013469
7.313,0.013448
7.323,0.013431
7.3331,0.013413
7.3431,0.013391
7.3531,0.013371
7.3631,0.01336
7.3731,0.013338
7.3832,0.013324
7.3932,0.013312
7.4032,0.013298
7.4132,0.013274
7.4232,0.013248
7.4332,0.013212
7.4433,0.01319
7.4533,0.013176
7.4633,0.013162
7.4733,0.013145
7.4833,0.01312
7.4933,0.0131
7.5034,0.013073
7.5134,0.013045
7.5234,0.013015
7.5334,0.012997
7.5434,0.012979
7.5535,0.012949
7.5635,0.012918
7.5735,0.012902
7.5835,0.01288
7.5935,0.012856
7.6035,0.01283
7.6136,0.012801
7.6236,0.012773
7.6336,0.012736
7.6436,0.012699
7.6536,0.012659
7.6637,0.012616
7.6737,0.012578
7.6837,0.012543
7.6937,0.012502
7.7037,0.01246
7.7137,0.01241
7.7238,0.012364
7.7338,0.012325
7.7438,0.012285
7.7538,0.012248
7.7638,0.012221
7.7738,0.012181
7.7839,0.012149
7.7939,0.012123
7.8039,0.012098
7.8139,0.012075
7.8239,0.012047
7.834,0.012022
7.844,0.011987
7.854,0.011953
7.864,0.01192
7.874,0.011896
7.884,0.011855
7.8941,0.011805
7.9041,0.011761
7.9141,0.011717
7.9241,0.011685
7.9341,0.011658
7.9442,0.011615
7.9542,0.011572
7.9642,0.011533
7.9742,0.011489
7.9842,0.011437
7.9942,0.011391
8.0043,0.011353
8.0143,0.011301
8.0243,0.01125
8.0343,0.011203
8.0443,0.011156
8.0543,0.011114
8.0644,0.011067
8.0744,0.011013
8.0844,0.010951
8.0944,0.010886
8.1044,0.010833
8.1145,0.010779
8.1245,0.010727
8.1345,0.010677
8.1445,0.010621
8.1545,0.010573
8.1645,0.010537
8.1746,0.010483
8.1846,0.010424
8.1946,0.010374
8.2046,0.010321
8.2146,0.010267
8.2247,0.010211
8.2347,0.010139
8.2447,0.01007
8.2547,0.01
8.2647,0.0099334
8.2747,0.0098618
8.2848,0.0097857
8.2948,0.0097169
8.3048,0.0096425
8.3148,0.0095615
8.3248,0.0094815
8.3348,0.009406
8.3449,0.0093305
8.3549,0.0092547
8.3649,0.0091897
8.3749,0.0091266
8.3849,0.0090449
8.395,0.0089658
8.405,0.0088984
8.415,0.0088085
8.425,0.0087226
8.435,0.008635
8.445,0.0085399
8.4551,0.0084489
8.4651,0.0083555
8.4751,0.0082573
8.4851,0.0081758
8.4951,0.0080905
8.5051,0.0080017
8.5152,0.0079074
8.5252,0.0077988
8.5352,0.0076974
8.5452,0.0076138
8.5552,0.0075166
8.5653,0.007403
8.5753,0.0072993
8.5853,0.0072322
8.5953,0.0071468
8.6053,0.0070533
8.6153,0.0069422
8.6254,0.0068525
8.6354,0.0067623
8.6454,0.006644
8.6554,0.0065609
8.6654,0.0064499
8.6755,0.0063511
8.6855,0.0062644
8.6955,0.006176
8.7055,0.0060716
8.7155,0.0059763
8.7255,0.0058849
8.7356,0.0058053
8.7456,0.0057281
8.7556,0.0056474
8.7656,0.0055668
8.7756,0.005491
8.7856,0.0054248
8.7957,0.0053588
8.8057,0.0053044
8.8157,0.0052513
8.8257,0.0052
8.8357,0.0051477
8.8458,0.005105
8.8558,0.0050594
8.8658,0.0050134
8.8758,0.0049752
8.8858,0.0049437
8.8958,0.0049275
8.9059,0.0049044
8.9159,0.0048876
8.9259,0.0048708
8.9359,0.0048676
8.9459,0.0048663
8.956,0.004877
8.966,0.0048887
8.976,0.0049101
8.986,0.0049318
8.996,0.004947
9.006,0.004972
9.0161,0.005002
9.0261,0.0050298
9.0361,0.0050717
9.0461,0.0051197
9.0561,0.0051716
9.0661,0.0052236
9.0762,0.0052856
9.0862,0.0053496
9.0962,0.0054217
9.1062,0.0054864
9.1162,0.0055605
9.1263,0.0056311
9.1363,0.0057123
9.1463,0.0057939
9.1563,0.0058694
9.1663,0.0059412
9.1763,0.0060201
9.1864,0.0061006
9.1964,0.0061879
9.2064,0.0062813
9.2164,0.0063825
9.2264,0.0064851
9.2365,0.0065659
9.2465,0.0066605
9.2565,0.0067575
9.2665,0.0068523
9.2765,0.0069425
9.2865,0.0070382
9.2966,0.0071262
9.3066,0.007206
9.3166,0.0072908
9.3266,0.0073844
9.3366,0.007466
9.3466,0.0075435
9.3567,0.0076289
9.3667,0.0077026
9.3767,0.0077842
9.3867,0.0078675
9.3967,0.0079502
9.4068,0.0080253
9.4168,0.0080943
9.4268,0.0081672
9.4368,0.0082352
9.4468,0.0082973
9.4568,0.0083645
9.4669,0.0084323
9.4769,0.0084937
9.4869,0.0085561
9.4969,0.0086138
9.5069,0.0086718
9.517,0.0087298
9.527,0.0087756
9.537,0.0088258
9.547,0.0088753
9.557,0.008908
9.567,0.0089376
9.5771,0.0089674
9.5871,0.0089892
9.5971,0.0090198
9.6071,0.0090485
9.6171,0.0090775
9.6271,0.0090993
9.6372,0.0091239
9.6472,0.009136
9.6572,0.0091391
9.6672,0.0091386
9.6772,0.0091408
9.6873,0.0091422
9.6973,0.0091471
9.7073,0.0091526
9.7173,0.0091511
9.7273,0.0091333
9.7373,0.0091217
9.7474,0.0091026
9.7574,0.0090766
9.7674,0.0090395
9.7774,0.0089985
9.7874,0.0089616
9.7975,0.0089305
9.8075,0.00889
9.8175,0.0088407
9.8275,0.0087884
9.8375,0.0087276
9.8475,0.0086639
9.8576,0.0086039
9.8676,0.0085422
9.8776,0.0084723
9.8876,0.0084002
9.8976,0.0083361
9.9076,0.008263
9.9177,0.0081847
9.9277,0.008108
9.9377,0.0080303
9.9477,0.0079382
9.9577,0.0078391
9.9678,0.0077421
9.9778,0.0076483
9.9878,0.0075481
9.9978,0.0074484
10.008,0.007344
10.018,0.007231
10.028,0.0071293
10.038,0.0070282
10.048,0.0069245
10.058,0.0068151
10.068,0.0066974
10.078,0.0065796
10.088,0.0064549
10.098,0.0063341
10.108,0.0062088
10.118,0.0060871
10.128,0.0059655
10.138,0.0058377
10.148,0.0057096
10.158,0.0055813
10.168,0.0054522
10.178,0.0053159
10.188,0.0051736
10.198,0.00504
10.208,0.0049028
10.218,0.0047662
10.228,0.0046312
10.238,0.0045
10.248,0.0043621
10.258,0.0042149
10.268,0.0040669
10.278,0.0039223
10.288,0.0037774
10.298,0.0036301
10.308,0.0034887
10.318,0.0033489
10.328,0.0031887
10.338,0.0030335
10.348,0.0028843
10.358,0.0027372
10.368,0.0025853
10.378,0.0024356
10.389,0.0022816
10.399,0.0021287
10.409,0.0019748
10.419,0.0018158
10.429,0.0016555
10.439,0.0014872
10.449,0.0013285
10.459,0.0011714
10.469,0.0010118
10.479,0.0008521
10.489,0.00069341
10.499,0.00053876
10.509,0.00038181
10.519,0.00022655
10.529,6.9631e-005
10.539,-8.0856e-005
10.549,-0.00023437
10.559,-0.00039063
10.569,-0.00054424
10.579,-0.00068689
10.589,-0.00082433
10.599,-0.00096079
10.609,-0.0010995
10.619,-0.0012533
10.629,-0.0014059
10.639,-0.0015518
10.649,-0.0017058
10.659,-0.0018531
10.669,-0.002011
10.679,-0.002163
10.689,-0.0023076
10.699,-0.0024429
10.709,-0.0025784
10.719,-0.0027277
10.729,-0.0028818
10.739,-0.0030392
10.749,-0.0031873
10.759,-0.0033293
10.769,-0.0034706
10.779,-0.0036126
10.789,-0.0037519
10.799,-0.0038914
10.809,-0.0040316
10.819,-0.0041586
10.829,-0.0042793
10.839,-0.0044045
10.849,-0.0045295
10.859,-0.0046565
10.869,-0.0047801
10.879,-0.0049037
10.889,-0.0050249
10.899,-0.0051388
10.909,-0.0052557
10.919,-0.0053733
10.929,-0.0054804
10.939,-0.0055888
10.95,-0.0057041
10.96,-0.0058267
10.97,-0.0059504
10.98,-0.0060758
10.99,-0.0061871
11,-0.0063003
11.01,-0.0064097
11.02,-0.0065221
11.03,-0.0066315
11.04,-0.0067365
11.05,-0.0068396
11.06,-0.0069402
11.07,-0.0070342
11.08,-0.0071282
11.09,-0.007221
11.1,-0.0073143
11.11,-0.0074098
11.12,-0.0075144
11.13,-0.007608
11.14,-0.007693
11.15,-0.0077803
11.16,-0.00787
11.17,-0.0079615
11.18,-0.0080396
11.19,-0.00811
11.2,-0.0081782
11.21,-0.0082473
11.22,-0.0083171
11.23,-0.0083909
11.24,-0.0084677
11.25,-0.0085331
11.26,-0.008595
11.27,-0.0086524
11.28,-0.008706
11.29,-0.0087516
11.3,-0.0088005
11.31,-0.0088412
11.32,-0.0088844
11.33,-0.0089328
11.34,-0.0089761
11.35,-0.0090108
11.36,-0.0090454
11.37,-0.009078
11.38,-0.0091165
11.39,-0.0091561
11.4,-0.0091975
11.41,-0.0092351
11.42,-0.0092728
11.43,-0.0093048
11.44,-0.0093375
11.45,-0.0093689
11.46,-0.0094011
11.47,-0.0094319
11.48,-0.0094582
11.49,-0.0094807
11.5,-0.0095068
11.511,-0.009526
11.521,-0.0095476
11.531,-0.009565
11.541,-0.0095844
11.551,-0.0095992
11.561,-0.009606
11.571,-0.0096119
11.581,-0.0096117
11.591,-0.0096006
11.601,-0.0095839
11.611,-0.0095683
11.621,-0.0095559
11.631,-0.0095406
11.641,-0.0095331
11.651,-0.0095157
11.661,-0.0095053
11.671,-0.0094953
11.681,-0.0094705
11.691,-0.009443
11.701,-0.0094085
11.711,-0.0093764
11.721,-0.0093492
11.731,-0.0093235
11.741,-0.0092931
11.751,-0.0092583
11.761,-0.0092248
11.771,-0.0091947
11.781,-0.0091553
11.791,-0.0091107
11.801,-0.0090689
11.811,-0.0090169
11.821,-0.0089513
11.831,-0.0088923
11.841,-0.0088413
11.851,-0.0087849
11.861,-0.0087286
11.871,-0.0086756
11.881,-0.0086167
11.891,-0.0085581
11.901,-0.0085069
11.911,-0.0084473
11.921,-0.0083853
11.931,-0.0083254
11.941,-0.0082633
11.951,-0.0081987
11.961,-0.0081342
11.971,-0.0080722
11.981,-0.0080143
11.991,-0.0079616
12.001,-0.007906
12.011,-0.0078465
12.021,-0.0077957
12.031,-0.0077461
12.041,-0.0077002
12.051,-0.0076513
12.061,-0.007605
12.072,-0.0075614
12.082,-0.0075224
12.092,-0.007478
12.102,-0.0074484
12.112,-0.0074377
12.122,-0.007428
12.132,-0.0074146
12.142,-0.0074082
12.152,-0.0074177
12.162,-0.007428
12.172,-0.0074447
12.182,-0.0074702
12.192,-0.0074983
12.202,-0.0075289
12.212,-0.0075594
12.222,-0.0075973
12.232,-0.0076342
12.242,-0.0076677
12.252,-0.007705
12.262,-0.0077489
12.272,-0.0077979
12.282,-0.00784
12.292,-0.0078815
12.302,-0.0079286
12.312,-0.0079654
12.322,-0.0079915
12.332,-0.0080093
12.342,-0.0080221
12.352,-0.0080295
12.362,-0.0080323
12.372,-0.0080319
12.382,-0.0080197
12.392,-0.007994
12.402,-0.0079527
12.412,-0.0079046
12.422,-0.0078432
12.432,-0.0077635
12.442,-0.0076687
12.452,-0.0075521
12.462,-0.0074187
12.472,-0.0072643
12.482,-0.0070852
12.492,-0.0068823
12.502,-0.0066642
12.512,-0.006421
12.522,-0.0061525
12.532,-0.0058468
12.542,-0.0055204
12.552,-0.0051688
12.562,-0.0047867
12.572,-0.0043822
12.582,-0.0039421
12.592,-0.0034767
12.602,-0.0029935
12.612,-0.0024788
12.622,-0.0019469
12.633,-0.0013895
12.643,-0.00080372
12.653,-0.00020349
12.663,0.00041218
12.673,0.0010569
12.683,0.0017142
12.693,0.0023867
12.703,0.0030797
12.713,0.00378
12.723,0.0044777
12.733,0.0051814
12.743,0.0059055
12.753,0.0066323
12.763,0.0073582
12.773,0.0080891
12.783,0.0088101
12.793,0.0095152
12.803,0.010217
12.813,0.010912
12.823,0.01159
12.833,0.012252
12.843,0.012903
12.853,0.013535
12.863,0.014139
12.873,0.014716
12.883,0.015261
12.893,0.015781
12.903,0.016273
12.913,0.016715
12.923,0.017117
12.933,0.017479
12.943,0.017803
12.953,0.01808
12.963,0.018317
12.973,0.018524
12.983,0.018681
12.993,0.018795
13.003,0.018864
13.013,0.018893
13.023,0.018862
13.033,0.018787
13.043,0.018657
13.053,0.018476
13.063,0.018237
13.073,0.017948
13.083,0.017602
13.093,0.017202
13.103,0.016755
13.113,0.016259
13.123,0.015714
13.133,0.015124
13.143,0.014502
13.153,0.013825
13.163,0.013099
13.173,0.012328
13.183,0.011525
13.194,0.010685
13.204,0.0098124
13.214,0.008896
13.224,0.0079332
13.234,0.0069404
13.244,0.0059279
13.254,0.0048844
13.264,0.0038106
13.274,0.0027154
13.284,0.0016252
13.294,0.00052686
13.304,-0.00061089
13.314,-0.0017633
13.324,-0.0029454
13.334,-0.0041271
13.344,-0.0053641
13.354,-0.0065545
13.364,-0.0077651
13.374,-0.0090074
13.384,-0.010261
13.394,-0.011533
13.404,-0.01275
13.414,-0.013942
13.424,-0.015143
13.434,-0.016389
13.444,-0.017639
13.454,-0.018858
13.464,-0.020111
13.474,-0.02131
13.484,-0.022498
13.494,-0.023687
13.504,-0.024859
13.514,-0.026058
13.524,-0.027174
13.534,-0.028316
13.544,-0.029498
13.554,-0.030614
13.564,-0.031678
13.574,-0.032779
13.584,-0.033933
13.594,-0.035064
13.604,-0.036178
13.614,-0.03726
13.624,-0.038417
13.634,-0.039529
13.644,-0.040632
13.654,-0.041777
13.664,-0.042873
13.674,-0.043921
13.684,-0.044982
13.694,-0.045988
13.704,-0.046973
13.714,-0.048003
13.724,-0.049069
13.734,-0.050073
13.744,-0.051101
13.755,-0.05215
13.765,-0.053164
13.775,-0.054175
13.785,-0.055207
13.795,-0.056248
13.805,-0.057291
13.815,-0.058327
13.825,-0.059365
13.835,-0.060403
13.845,-0.061432
13.855,-0.062472
13.865,-0.063517
13.875,-0.06457
13.885,-0.065611
13.895,-0.066654
13.905,-0.067683
13.915,-0.068707
13.925,-0.069718
13.935,-0.070717
13.945,-0.071708
13.955,-0.07269
13.965,-0.073653
13.975,-0.074608
13.985,-0.075538
13.995,-0.076459
14.005,-0.077356
14.015,-0.078223
14.025,-0.079055
14.035,-0.079855
14.045,-0.080634
14.055,-0.081387
14.065,-0.082106
14.075,-0.08279
14.085,-0.083431
14.095,-0.084025
14.105,-0.084587
14.115,-0.08511
14.125,-0.085585
14.135,-0.086008
14.145,-0.086382
14.155,-0.086715
14.165,-0.086998
14.175,-0.087221
14.185,-0.087392
14.195,-0.087515
14.205,-0.087576
14.215,-0.087596
14.225,-0.087552
14.235,-0.087458
14.245,-0.087307
14.255,-0.087101
14.265,-0.086832
14.275,-0.086513
14.285,-0.086136
14.295,-0.085698
14.305,-0.085207
14.315,-0.08466
14.326,-0.084064
14.336,-0.083418
14.346,-0.082724
14.356,-0.081983
14.366,-0.081193
14.376,-0.080365
14.386,-0.079512
14.396,-0.078623
14.406,-0.077703
14.416,-0.07675
14.426,-0.075767
14.436,-0.074749
14.446,-0.073719
14.456,-0.072665
14.466,-0.071591
14.476,-0.070508
14.486,-0.069413
14.496,-0.068313
14.506,-0.067216
14.516,-0.06612
14.526,-0.06504
14.536,-0.063974
14.546,-0.062912
14.556,-0.061868
14.566,-0.060843
14.576,-0.059836
14.586,-0.058855
14.596,-0.057886
14.606,-0.056948
14.616,-0.056054
14.626,-0.055192
14.636,-0.054357
14.646,-0.053557
14.656,-0.052795
14.666,-0.052073
14.676,-0.0514
14.686,-0.050783
14.696,-0.050207
14.706,-0.049676
14.716,-0.049195
14.726,-0.048768
14.736,-0.0484
14.746,-0.048092
14.756,-0.047834
14.766,-0.047636
14.776,-0.047489
14.786,-0.047405
14.796,-0.047384
14.806,-0.047429
14.816,-0.047535
14.826,-0.047715
14.836,-0.047962
14.846,-0.048272
14.856,-0.048645
14.866,-0.049098
14.876,-0.049614
14.887,-0.050193
14.897,-0.050844
14.907,-0.05157
14.917,-0.052366
14.927,-0.053231
14.937,-0.054166
14.947,-0.055178
14.957,-0.056259
14.967,-0.057416
14.977,-0.058646
14.987,-0.059962
14.997,-0.061364
15.007,-0.062842
15.017,-0.064391
15.027,-0.066021
15.037,-0.067723
15.047,-0.069506
15.057,-0.071378
15.067,-0.073315
15.077,-0.075331
15.087,-0.07743
15.097,-0.079614
15.107,-0.081868
15.117,-0.084179
15.127,-0.086553
15.137,-0.089008
15.147,-0.091547
15.157,-0.094176
15.167,-0.096865
15.177,-0.099626
15.187,-0.10246
15.197,-0.10537
15.207,-0.10833
15.217,-0.11136
15.227,-0.11446
15.237,-0.11761
15.247,-0.1208
15.257,-0.12409
15.267,-0.12743
15.277,-0.13081
15.287,-0.13425
15.297,-0.13774
15.307,-0.14126
15.317,-0.14483
15.327,-0.14846
15.337,-0.15213
15.347,-0.15583
15.357,-0.15955
15.367,-0.16332
15.377,-0.16712
15.387,-0.17095
15.397,-0.17478
15.407,-0.17865
15.417,-0.18253
15.427,-0.18641
15.437,-0.19027
15.448,-0.19416
15.458,-0.19804
15.468,-0.20191
15.478,-0.20577
15.488,-0.20965
15.498,-0.21352
15.508,-0.21738
15.518,-0.22119
15.528,-0.22497
15.538,-0.22875
15.548,-0.23252
15.558,-0.23625
15.568,-0.23998
15.578,-0.2437
15.588,-0.24742
15.598,-0.25112
15.608,-0.2548
15.618,-0.25844
15.628,-0.26204
15.638,-0.26561
15.648,-0.26916
15.658,-0.27268
15.668,-0.27618
15.678,-0.27967
15.688,-0.28313
15.698,-0.28656
15.708,-0.28993
15.718,-0.29328
15.728,-0.29659
15.738,-0.29989
15.748,-0.30314
15.758,-0.30639
15.768,-0.30961
15.778,-0.31284
15.788,-0.31604
15.798,-0.31923
15.808,-0.32239
15.818,-0.32553
15.828,-0.32868
15.838,-0.33182
15.848,-0.33497
15.858,-0.33814
15.868,-0.34132
15.878,-0.34451
15.888,-0.34777
15.898,-0.35106
15.908,-0.35442
15.918,-0.35783
15.928,-0.36128
15.938,-0.36481
15.948,-0.36842
15.958,-0.37209
15.968,-0.37581
15.978,-0.37959
15.988,-0.3835
15.998,-0.38752
16.009,-0.39161
16.019,-0.39577
16.029,-0.40003
16.039,-0.40438
16.049,-0.40885
16.059,-0.41338
16.069,-0.41801
16.079,-0.42274
16.089,-0.42761
16.099,-0.43262
16.109,-0.4377
16.119,-0.44295
16.129,-0.44833
16.139,-0.45385
16.149,-0.45947
16.159,-0.46521
16.169,-0.47118
16.179,-0.47732
16.189,-0.48358
16.199,-0.49003
16.209,-0.49662
16.219,-0.50337
16.229,-0.51025
16.239,-0.51728
16.249,-0.52442
16.259,-0.53174
16.269,-0.53926
16.279,-0.54692
16.289,-0.55465
16.299,-0.56254
16.309,-0.5706
16.319,-0.57875
16.329,-0.587
16.339,-0.59534
16.349,-0.60375
16.359,-0.61228
16.369,-0.62089
16.379,-0.62952
16.389,-0.6382
16.399,-0.64684
16.409,-0.6555
16.419,-0.66417
16.429,-0.67282
16.439,-0.68141
16.449,-0.68997
16.459,-0.69847
16.469,-0.70682
16.479,-0.71505
16.489,-0.72315
16.499,-0.73111
16.509,-0.73884
16.519,-0.74633
16.529,-0.75358
16.539,-0.76054
16.549,-0.76711
16.559,-0.77331
16.57,-0.77917
16.58,-0.78457
16.59,-0.78951
16.6,-0.79397
16.61,-0.79791
16.62,-0.8013
16.63,-0.80407
16.64,-0.80619
16.65,-0.80765
16.66,-0.80842
16.67,-0.80847
16.68,-0.80774
16.69,-0.80622
16.7,-0.80387
16.71,-0.80064
16.72,-0.79652
16.73,-0.79148
16.74,-0.78549
16.75,-0.77853
16.76,-0.77057
16.77,-0.76156
16.78,-0.75149
16.79,-0.74031
16.8,-0.72797
16.81,-0.71449
16.82,-0.69992
16.83,-0.68411
16.84,-0.66715
16.85,-0.64899
16.86,-0.62956
16.87,-0.60913
16.88,-0.58754
16.89,-0.56457
16.9,-0.54049
16.91,-0.51549
16.92,-0.48925
16.93,-0.46177
16.94,-0.43334
16.95,-0.40403
16.96,-0.37365
16.97,-0.34214
16.98,-0.30981
16.99,-0.27662
17,-0.24223
17.01,-0.20677
17.02,-0.17089
17.03,-0.13402
17.04,-0.096051
17.05,-0.057372
17.06,-0.017986
17.07,0.022043
17.08,0.062454
17.09,0.10305
17.1,0.14473
17.11,0.18702
17.12,0.22968
17.131,0.27246
17.141,0.31548
17.151,0.35858
17.161,0.40149
17.171,0.44439
17.181,0.48796
17.191,0.53148
17.201,0.5749
17.211,0.61833
17.221,0.6618
17.231,0.70525
17.241,0.74848
17.251,0.79176
17.261,0.83462
17.271,0.87725
17.281,0.91998
17.291,0.9625
17.301,1.0048
17.311,1.0468
17.321,1.088
17.331,1.1291
17.341,1.1696
17.351,1.2095
17.361,1.249
17.371,1.2874
17.381,1.325
17.391,1.3616
17.401,1.3975
17.411,1.4324
17.421,1.4667
17.431,1.5
17.441,1.5322
17.451,1.5632
17.461,1.5929
17.471,1.6217
17.481,1.6497
17.491,1.6765
17.501,1.7022
17.511,1.7269
17.521,1.7505
17.531,1.7728
17.541,1.794
17.551,1.8143
17.561,1.8334
17.571,1.8513
17.581,1.8681
17.591,1.884
17.601,1.8987
17.611,1.9123
17.621,1.9248
17.631,1.9364
17.641,1.9468
17.651,1.9561
17.661,1.9643
17.671,1.9713
17.681,1.9773
17.692,1.9823
17.702,1.9862
17.712,1.989
17.722,1.9908
17.732,1.9916
17.742,1.9913
17.752,1.9901
17.762,1.9878
17.772,1.9845
17.782,1.9803
17.792,1.9752
17.802,1.9691
17.812,1.9621
17.822,1.9541
17.832,1.9453
17.842,1.9356
17.852,1.9251
17.862,1.9138
17.872,1.9017
17.882,1.8889
17.892,1.8752
17.902,1.8608
17.912,1.8456
17.922,1.8297
17.932,1.8132
17.942,1.7961
17.952,1.7781
17.962,1.7595
17.972,1.7405
17.982,1.7208
17.992,1.7005
18.002,1.6796
18.012,1.6583
18.022,1.6365
18.032,1.614
18.042,1.5913
18.052,1.5681
18.062,1.5445
18.072,1.5206
18.082,1.4964
18.092,1.472
18.102,1.4472
18.112,1.4223
18.122,1.3973
18.132,1.3721
18.142,1.3464
18.152,1.3207
18.162,1.2949
18.172,1.2691
18.182,1.2433
18.192,1.2174
18.202,1.1917
18.212,1.1656
18.222,1.1395
18.232,1.1135
18.242,1.0875
18.253,1.0615
18.263,1.0357
18.273,1.01
18.283,0.98421
18.293,0.95846
18.303,0.93292
18.313,0.90734
18.323,0.88141
18.333,0.85545
18.343,0.82941
18.353,0.80306
18.363,0.77627
18.373,0.74939
18.383,0.72248
18.393,0.69538
18.403,0.66799
18.413,0.64082
18.423,0.61385
18.433,0.58705
18.443,0.56026
18.453,0.53406
18.463,0.50797
18.473,0.48195
18.483,0.45621
18.493,0.43098
18.503,0.40604
18.513,0.38132
18.523,0.35676
18.533,0.33264
18.543,0.30896
18.553,0.28547
18.563,0.26223
18.573,0.23933
18.583,0.21679
18.593,0.19439
18.603,0.17233
18.613,0.15057
18.623,0.12911
18.633,0.1079
18.643,0.087004
18.653,0.066342
18.663,0.045771
18.673,0.025605
18.683,0.0057575
18.693,-0.014011
18.703,-0.033582
18.713,-0.052798
18.723,-0.071676
18.733,-0.090394
18.743,-0.10901
18.753,-0.1274
18.763,-0.14555
18.773,-0.16346
18.783,-0.18117
18.793,-0.19851
18.803,-0.21557
18.814,-0.23232
18.824,-0.24875
18.834,-0.26499
18.844,-0.28082
18.854,-0.29625
18.864,-0.31129
18.874,-0.32598
18.884,-0.34032
18.894,-0.35425
18.904,-0.36789
18.914,-0.38113
18.924,-0.39408
18.934,-0.40667
18.944,-0.41891
18.954,-0.43083
18.964,-0.44247
18.974,-0.45377
18.984,-0.46478
18.994,-0.47541
19.004,-0.48566
19.014,-0.49557
19.024,-0.50511
19.034,-0.51429
19.044,-0.52312
19.054,-0.53168
19.064,-0.53991
19.074,-0.54777
19.084,-0.55536
19.094,-0.56261
19.104,-0.56956
19.114,-0.57621
19.124,-0.58258
19.134,-0.58867
19.144,-0.59447
19.154,-0.6
19.164,-0.60526
19.174,-0.61029
19.184,-0.61509
19.194,-0.61955
19.204,-0.62376
19.214,-0.6277
19.224,-0.63139
19.234,-0.63484
19.244,-0.63803
19.254,-0.64099
19.264,-0.64375
19.274,-0.64629
19.284,-0.6486
19.294,-0.65073
19.304,-0.65265
19.314,-0.65436
19.324,-0.65589
19.334,-0.65724
19.344,-0.65843
19.354,-0.65946
19.364,-0.66032
19.375,-0.66101
19.385,-0.66156
19.395,-0.66196
19.405,-0.66223
19.415,-0.66236
19.425,-0.66236
19.435,-0.66224
19.445,-0.66199
19.455,-0.66162
19.465,-0.66114
19.475,-0.66055
19.485,-0.65986
19.495,-0.65907
19.505,-0.65818
19.515,-0.6572
19.525,-0.65614
19.535,-0.65498
19.545,-0.65373
19.555,-0.65241
19.565,-0.65101
19.575,-0.64954
19.585,-0.64799
19.595,-0.64637
19.605,-0.64469
19.615,-0.64294
19.625,-0.64112
19.635,-0.63925
19.645,-0.6373
19.655,-0.6353
19.665,-0.63324
19.675,-0.63114
19.685,-0.62898
19.695,-0.62672
19.705,-0.62442
19.715,-0.62206
19.725,-0.61965
19.735,-0.61718
19.745,-0.61465
19.755,-0.61207
19.765,-0.60944
19.775,-0.60675
19.785,-0.604
19.795,-0.60118
19.805,-0.59828
19.815,-0.59532
19.825,-0.59231
19.835,-0.58925
19.845,-0.58612
19.855,-0.58293
19.865,-0.57968
19.875,-0.57636
19.885,-0.57297
19.895,-0.56953
19.905,-0.56601
19.915,-0.56243
19.925,-0.55879
19.936,-0.55509
19.946,-0.5513
19.956,-0.54749
19.966,-0.5436
19.976,-0.53963
19.986,-0.53559
19.996,-0.53148
20.006,-0.5273
20.016,-0.52308
20.026,-0.51878
20.036,-0.5144
20.046,-0.50997
20.056,-0.50546
20.066,-0.5009
20.076,-0.49629
20.086,-0.49162
20.096,-0.4869
20.106,-0.48213
20.116,-0.47731
20.126,-0.47244
20.136,-0.46751
20.146,-0.46256
20.156,-0.45755
20.166,-0.45252
20.176,-0.44745
20.186,-0.44235
20.196,-0.43723
20.206,-0.43207
20.216,-0.4269
20.226,-0.4217
20.236,-0.41646
20.246,-0.41123
20.256,-0.40601
20.266,-0.40083
20.276,-0.39564
20.286,-0.39051
20.296,-0.38539
20.306,-0.38025
20.316,-0.37516
20.326,-0.37005
20.336,-0.36498
20.346,-0.35993
20.356,-0.35493
20.366,-0.34999
20.376,-0.34511
20.386,-0.34027
20.396,-0.33548
20.406,-0.33073
20.416,-0.32602
20.426,-0.32136
20.436,-0.31677
20.446,-0.31225
20.456,-0.30778
20.466,-0.30341
20.476,-0.29912
20.486,-0.29492
20.497,-0.29078
20.507,-0.2867
20.517,-0.28269
20.527,-0.27877
20.537,-0.27492
20.547,-0.27115
20.557,-0.26743
20.567,-0.2638
20.577,-0.26023
20.587,-0.25675
20.597,-0.25334
20.607,-0.24998
20.617,-0.24665
20.627,-0.2434
20.637,-0.24021
20.647,-0.23708
20.657,-0.234
20.667,-0.231
20.677,-0.22805
20.687,-0.22513
20.697,-0.22228
20.707,-0.21948
20.717,-0.21671
20.727,-0.21397
20.737,-0.21129
20.747,-0.20864
20.757,-0.20601
20.767,-0.2034
20.777,-0.20082
20.787,-0.1983
20.797,-0.1958
20.807,-0.19332
20.817,-0.1909
20.827,-0.18849
20.837,-0.18608
20.847,-0.1837
20.857,-0.18134
20.867,-0.17901
20.877,-0.17669
20.887,-0.17442
20.897,-0.17216
20.907,-0.16992
20.917,-0.16772
20.927,-0.16556
20.937,-0.16341
20.947,-0.16128
20.957,-0.15915
20.967,-0.15707
20.977,-0.15501
20.987,-0.15296
20.997,-0.15094
21.007,-0.14896
21.017,-0.14702
21.027,-0.1451
21.037,-0.14321
21.047,-0.14135
21.058,-0.13952
21.068,-0.13774
21.078,-0.13599
21.088,-0.13428
21.098,-0.13262
21.108,-0.13098
21.118,-0.1294
21.128,-0.12785
21.138,-0.12635
21.148,-0.12488
21.158,-0.12345
21.168,-0.12206
21.178,-0.1207
21.188,-0.11939
21.198,-0.11811
21.208,-0.11687
21.218,-0.11565
21.228,-0.11447
21.238,-0.11334
21.248,-0.11223
21.258,-0.11113
21.268,-0.11005
21.278,-0.10899
21.288,-0.10794
21.298,-0.10691
21.308,-0.10589
21.318,-0.10488
21.328,-0.10388
21.338,-0.10288
21.348,-0.10188
21.358,-0.10087
21.368,-0.099847
21.378,-0.098809
21.388,-0.097753
21.398,-0.09668
21.408,-0.095581
21.418,-0.094454
21.428,-0.093307
21.438,-0.092128
21.448,-0.090904
21.458,-0.089646
21.468,-0.088347
21.478,-0.087002
21.488,-0.08561
21.498,-0.084173
21.508,-0.08269
21.518,-0.081145
21.528,-0.079534
21.538,-0.077872
21.548,-0.076158
21.558,-0.07439
21.568,-0.072548
21.578,-0.070644
21.588,-0.068666
21.598,-0.066613
21.608,-0.064506
21.619,-0.062339
21.629,-0.0601
21.639,-0.057782
21.649,-0.055416
21.659,-0.052994
21.669,-0.050506
21.679,-0.047923
21.689,-0.045285
21.699,-0.04261
21.709,-0.039864
21.719,-0.037067
21.729,-0.034221
21.739,-0.031342
21.749,-0.028411
21.759,-0.025424
21.769,-0.02241
21.779,-0.019357
21.789,-0.016252
21.799,-0.013133
21.809,-0.0099862
21.819,-0.0068024
21.829,-0.0035816
21.839,-0.00033138
21.849,0.0029146
21.859,0.0061894
21.869,0.0094697
21.879,0.012756
21.889,0.016027
21.899,0.019323
21.909,0.022639
21.919,0.025949
21.929,0.029229
21.939,0.032496
21.949,0.035756
21.959,0.039002
21.969,0.042207
21.979,0.045378
21.989,0.048526
21.999,0.051638
22.009,0.054724
22.019,0.057778
22.029,0.06079
22.039,0.06378
22.049,0.066724
22.059,0.069615
22.069,0.072444
22.079,0.075225
22.089,0.077955
22.099,0.080631
22.109,0.083247
22.119,0.085805
22.129,0.088293
22.139,0.090719
22.149,0.09306
22.159,0.095332
22.169,0.097536
22.18,0.099663
22.19,0.10172
22.2,0.10369
22.21,0.10558
22.22,0.10739
22.23,0.10914
22.24,0.11081
22.25,0.1124
22.26,0.1139
22.27,0.11531
22.28,0.11663
22.29,0.11788
22.3,0.11904
22.31,0.1201
22.32,0.12107
22.33,0.12196
22.34,0.12276
22.35,0.12346
22.36,0.12408
22.37,0.12461
22.38,0.12506
22.39,0.12541
22.4,0.12567
22.41,0.12585
22.42,0.12594
22.43,0.12594
22.44,0.12586
22.45,0.12569
22.46,0.12544
22.47,0.1251
22.48,0.12468
22.49,0.12418
22.5,0.1236
22.51,0.12294
22.52,0.1222
22.53,0.12138
22.54,0.12049
22.55,0.11954
22.56,0.1185
22.57,0.11739
22.58,0.11621
22.59,0.11497
22.6,0.11367
22.61,0.11231
22.62,0.11088
22.63,0.10939
22.64,0.10784
22.65,0.10622
22.66,0.10456
22.67,0.10284
22.68,0.10108
22.69,0.099278
22.7,0.097436
22.71,0.095532
22.72,0.093586
22.73,0.091616
22.741,0.089625
22.751,0.087603
22.761,0.08554
22.771,0.083456
22.781,0.08135
22.791,0.079211
22.801,0.077054
22.811,0.074881
22.821,0.072695
22.831,0.0705
22.841,0.068287
22.851,0.066065
22.861,0.063843
22.871,0.061602
22.881,0.059367
22.891,0.05715
22.901,0.054916
22.911,0.052673
22.921,0.050449
22.931,0.048223
22.941,0.04603
22.951,0.043856
22.961,0.041714
22.971,0.039588
22.981,0.037463
22.991,0.03536
23.001,0.033277
23.011,0.031234
23.021,0.029229
23.031,0.02724
23.041,0.025256
23.051,0.023296
23.061,0.02137
23.071,0.019487
23.081,0.017634
23.091,0.015803
23.101,0.014006
23.111,0.012237
23.121,0.010501
23.131,0.0087985
23.141,0.0071488
23.151,0.0055201
23.161,0.0039216
23.171,0.0023624
23.181,0.00084468
23.191,-0.00064199
23.201,-0.0021048
23.211,-0.00353
23.221,-0.0049318
23.231,-0.0063066
23.241,-0.0076499
23.251,-0.0089616
23.261,-0.01025
23.271,-0.011505
23.281,-0.012738
23.291,-0.013951
23.302,-0.015141
23.312,-0.016315
23.322,-0.017465
23.332,-0.018599
23.342,-0.019718
23.352,-0.020807
23.362,-0.021868
23.372,-0.022924
23.382,-0.023964
23.392,-0.024986
23.402,-0.025997
23.412,-0.026999
23.422,-0.027983
23.432,-0.028961
23.442,-0.029927
23.452,-0.03088
23.462,-0.031827
23.472,-0.032756
23.482,-0.033671
23.492,-0.034571
23.502,-0.035454
23.512,-0.03633
23.522,-0.037206
23.532,-0.038069
23.542,-0.038906
23.552,-0.039727
23.562,-0.040543
23.572,-0.04135
23.582,-0.042145
23.592,-0.042928
23.602,-0.043693
23.612,-0.044438
23.622,-0.045175
23.632,-0.045904
23.642,-0.046631
23.652,-0.047335
23.662,-0.048029
23.672,-0.048702
23.682,-0.049357
23.692,-0.050001
23.702,-0.050629
23.712,-0.051237
23.722,-0.051833
23.732,-0.052412
23.742,-0.052975
23.752,-0.053519
23.762,-0.054052
23.772,-0.054566
23.782,-0.055062
23.792,-0.055548
23.802,-0.056027
23.812,-0.056492
23.822,-0.056937
23.832,-0.057375
23.842,-0.057801
23.852,-0.058215
23.863,-0.058622
23.873,-0.059026
23.883,-0.059421
23.893,-0.059797
23.903,-0.06017
23.913,-0.060536
23.923,-0.060895
23.933,-0.061249
23.943,-0.061602
23.953,-0.061954
23.963,-0.062299
23.973,-0.062628
23.983,-0.062957
23.993,-0.063282
24.003,-0.063607
24.013,-0.063924
24.023,-0.064241
24.033,-0.064564
24.043,-0.06489
24.053,-0.065208
24.063,-0.065518
24.073,-0.06582
24.083,-0.066129
24.093,-0.066438
24.103,-0.066741
24.113,-0.067047
24.123,-0.067356
24.133,-0.067664
24.143,-0.067972
24.153,-0.068275
24.163,-0.068583
24.173,-0.068897
24.183,-0.069205
24.193,-0.069508
24.203,-0.069799
24.213,-0.070087
24.223,-0.070375
24.233,-0.070671
24.243,-0.070967
24.253,-0.071252
24.263,-0.071532
24.273,-0.071806
24.283,-0.072073
24.293,-0.072335
24.303,-0.072592
24.313,-0.072834
24.323,-0.07307
24.333,-0.073304
24.343,-0.073536
24.353,-0.073746
24.363,-0.07394
24.373,-0.074132
24.383,-0.074308
24.393,-0.074475
24.403,-0.074636
24.413,-0.074782
24.424,-0.074913
24.434,-0.075024
24.444,-0.075114
24.454,-0.075192
24.464,-0.075254
24.474,-0.075296
24.484,-0.075321
24.494,-0.075321
24.504,-0.075304
24.514,-0.075262
24.524,-0.075191
24.534,-0.07509
24.544,-0.074959
24.554,-0.074799
24.564,-0.074622
24.574,-0.074418
24.584,-0.074183
24.594,-0.073919
24.604,-0.073626
24.614,-0.073306
24.624,-0.072953
24.634,-0.072562
24.644,-0.072136
24.654,-0.071681
24.664,-0.071196
24.674,-0.070673
24.684,-0.070118
24.694,-0.069523
24.704,-0.068901
24.714,-0.06825
24.724,-0.067555
24.734,-0.06682
24.744,-0.066041
24.754,-0.065228
24.764,-0.064397
24.774,-0.063538
24.784,-0.062645
24.794,-0.06172
24.804,-0.06076
24.814,-0.059775
24.824,-0.058762
24.834,-0.057716
24.844,-0.056649
24.854,-0.055556
24.864,-0.054445
24.874,-0.053322
24.884,-0.052171
24.894,-0.051008
24.904,-0.049838
24.914,-0.048633
24.924,-0.047422
24.934,-0.046199
24.944,-0.04496
24.954,-0.043722
24.964,-0.042485
24.974,-0.041255
24.985,-0.04002
24.995,-0.038784
25.005,-0.037555
25.015,-0.036327
25.025,-0.035105
25.035,-0.033894
25.045,-0.032698
25.055,-0.031519
25.065,-0.03036
25.075,-0.029219
25.085,-0.028109
25.095,-0.027029
25.105,-0.025981
25.115,-0.024953
25.125,-0.023953
25.135,-0.022972
25.145,-0.022031
25.155,-0.021125
25.165,-0.020259
25.175,-0.019428
25.185,-0.018628
25.195,-0.017868
25.205,-0.01715
25.215,-0.016466
25.225,-0.015828
25.235,-0.015237
25.245,-0.014689
25.255,-0.014176
25.265,-0.013694
25.275,-0.013253
25.285,-0.012844
25.295,-0.012472
25.305,-0.012137
25.315,-0.011843
25.325,-0.01159
25.335,-0.011373
25.345,-0.011186
25.355,-0.011039
25.365,-0.010925
25.375,-0.010841
25.385,-0.010792
25.395,-0.010765
25.405,-0.010764
25.415,-0.010791
25.425,-0.010836
25.435,-0.010899
25.445,-0.010988
25.455,-0.011094
25.465,-0.011217
25.475,-0.011352
25.485,-0.011496
25.495,-0.011646
25.505,-0.01181
25.515,-0.011987
25.525,-0.012175
25.535,-0.01236
25.546,-0.012546
25.556,-0.012741
25.566,-0.012937
25.576,-0.013128
25.586,-0.013317
25.596,-0.013503
25.606,-0.013684
25.616,-0.013854
25.626,-0.014016
25.636,-0.014171
25.646,-0.014309
25.656,-0.014441
25.666,-0.014556
25.676,-0.01465
25.686,-0.014729
25.696,-0.014787
25.706,-0.014832
25.716,-0.014857
25.726,-0.014864
25.736,-0.01485
25.746,-0.014816
25.756,-0.014767
25.766,-0.0147
25.776,-0.014614
25.786,-0.014515
25.796,-0.014402
25.806,-0.014264
25.816,-0.014106
25.826,-0.01394
25.836,-0.013762
25.846,-0.013567
25.856,-0.01335
25.866,-0.013115
25.876,-0.012867
25.886,-0.012605
25.896,-0.012326
25.906,-0.012036
25.916,-0.011727
25.926,-0.011403
25.936,-0.011072
25.946,-0.010735
25.956,-0.010387
25.966,-0.010027
25.976,-0.0096619
25.986,-0.0092895
25.996,-0.0089109
26.006,-0.0085346
26.016,-0.0081495
26.026,-0.0077657
26.036,-0.0073804
26.046,-0.00699
26.056,-0.0066029
26.066,-0.0062141
26.076,-0.0058366
26.086,-0.0054674
26.096,-0.0050884
26.107,-0.0047128
26.117,-0.0043387
26.127,-0.0039784
26.137,-0.0036292
26.147,-0.0032869
26.157,-0.0029535
26.167,-0.0026328
26.177,-0.0023254
26.187,-0.0020261
26.197,-0.0017308
26.207,-0.0014506
26.217,-0.0011741
26.227,-0.0009018
26.237,-0.00064327
26.247,-0.00039635
26.257,-0.00016567
26.267,6.0922e-005
26.277,0.00027133
26.287,0.00046947
26.297,0.00065767
26.307,0.00083738
26.317,0.0010064
26.327,0.0011652
26.337,0.0013184
26.347,0.0014658
26.357,0.0016153
26.367,0.0017559
26.377,0.001889
26.387,0.0020074
26.397,0.0021202
26.407,0.0022288
26.417,0.0023316
26.427,0.0024285
26.437,0.0025123
26.447,0.0025967
26.457,0.0026789
26.467,0.0027557
26.477,0.0028311
26.487,0.0029084
26.497,0.002998
26.507,0.0030828
26.517,0.0031694
26.527,0.0032621
26.537,0.0033604
26.547,0.0034565
26.557,0.0035583
26.567,0.0036673
26.577,0.0037873
26.587,0.0039098
26.597,0.0040394
26.607,0.0041801
26.617,0.0043319
26.627,0.0044964
26.637,0.0046645
26.647,0.0048417
26.657,0.0050278
26.668,0.0052282
26.678,0.005448
26.688,0.0056748
26.698,0.00591
26.708,0.0061557
26.718,0.0064167
26.728,0.0067012
26.738,0.0070029
26.748,0.0073191
26.758,0.0076511
26.768,0.0079964
26.778,0.0083527
26.788,0.0087262
26.798,0.0091154
26.808,0.0095231
26.818,0.0099454
26.828,0.010383
26.838,0.010838
26.848,0.011303
26.858,0.011789
26.868,0.012284
26.878,0.012788
26.888,0.013306
26.898,0.013829
26.908,0.014362
26.918,0.014897
26.928,0.015441
26.938,0.016002
26.948,0.016573
26.958,0.017158
26.968,0.01774
26.978,0.018327
26.988,0.018919
26.998,0.019514
27.008,0.020106
27.018,0.020702
27.028,0.021304
27.038,0.021907
27.048,0.022513
27.058,0.023114
27.068,0.023707
27.078,0.024291
27.088,0.02488
27.098,0.025459
27.108,0.026034
27.118,0.026606
27.128,0.027174
27.138,0.02774
27.148,0.028301
27.158,0.028858
27.168,0.029402
27.178,0.029926
27.188,0.030433
27.198,0.030936
27.208,0.031424
27.218,0.031894
27.229,0.032348
27.239,0.032787
27.249,0.033202
27.259,0.033589
27.269,0.03396
27.279,0.034314
27.289,0.034649
27.299,0.034958
27.309,0.035252
27.319,0.035532
27.329,0.0358
27.339,0.036041
27.349,0.036264
27.359,0.036466
27.369,0.036645
27.379,0.036801
27.389,0.036935
27.399,0.037051
27.409,0.037146
27.419,0.037216
27.429,0.037265
27.439,0.037286
27.449,0.037284
27.459,0.037259
27.469,0.037215
27.479,0.037155
27.489,0.037075
27.499,0.036971
27.509,0.03685
27.519,0.036707
27.529,0.036545
27.539,0.036373
27.549,0.036182
27.559,0.035975
27.569,0.035739
27.579,0.035485
27.589,0.035215
27.599,0.034927
27.609,0.034618
27.619,0.034287
27.629,0.033933
27.639,0.033567
27.649,0.03318
27.659,0.032779
27.669,0.032362
27.679,0.031926
27.689,0.031475
27.699,0.03101
27.709,0.030516
27.719,0.030003
27.729,0.029482
27.739,0.028942
27.749,0.028376
27.759,0.027788
27.769,0.027191
27.779,0.02659
27.79,0.025976
27.8,0.025343
27.81,0.0247
27.82,0.024047
27.83,0.023376
27.84,0.022698
27.85,0.022013
27.86,0.021304
27.87,0.020583
27.88,0.019854
27.89,0.019129
27.9,0.018395
27.91,0.017649
27.92,0.016895
27.93,0.016131
27.94,0.015355
27.95,0.014575
27.96,0.013784
27.97,0.012982
27.98,0.01218
27.99,0.011361
28,0.01053
28.01,0.0096949
28.02,0.0088476
28.03,0.0079898
28.04,0.0071123
28.05,0.0062283
28.06,0.0053399
28.07,0.0044487
28.08,0.0035515
28.09,0.0026459
28.1,0.0017259
28.11,0.00080249
28.12,-0.00012345
28.13,-0.0010625
28.14,-0.0020102
28.15,-0.0029595
28.16,-0.0039132
28.17,-0.0048789
28.18,-0.0058538
28.19,-0.0068248
28.2,-0.0078004
28.21,-0.0087854
28.22,-0.0097696
28.23,-0.010754
28.24,-0.011745
28.25,-0.012739
28.26,-0.013721
28.27,-0.0147
28.28,-0.015689
28.29,-0.016674
28.3,-0.017662
28.31,-0.018638
28.32,-0.019601
28.33,-0.020553
28.34,-0.021494
28.35,-0.022432
28.361,-0.023365
28.371,-0.024286
28.381,-0.025194
28.391,-0.026094
28.401,-0.026981
28.411,-0.027847
28.421,-0.028705
28.431,-0.029539
28.441,-0.030352
28.451,-0.031139
28.461,-0.031908
28.471,-0.032649
28.481,-0.03336
28.491,-0.034044
28.501,-0.034698
28.511,-0.035315
28.521,-0.035895
28.531,-0.036445
28.541,-0.036955
28.551,-0.037427
28.561,-0.037869
28.571,-0.038277
28.581,-0.038642
28.591,-0.038962
28.601,-0.039236
28.611,-0.039466
28.621,-0.039653
28.631,-0.039797
28.641,-0.0399
28.651,-0.039951
28.661,-0.039963
28.671,-0.039934
28.681,-0.039862
28.691,-0.039743
28.701,-0.039569
28.711,-0.039359
28.721,-0.039104
28.731,-0.038807
28.741,-0.038466
28.751,-0.038081
28.761,-0.037658
28.771,-0.037206
28.781,-0.036721
28.791,-0.036189
28.801,-0.035624
28.811,-0.03503
28.821,-0.034415
28.831,-0.033773
28.841,-0.033107
28.851,-0.03242
28.861,-0.031711
28.871,-0.030986
28.881,-0.030245
28.891,-0.029486
28.901,-0.028718
28.911,-0.027943
28.922,-0.027162
28.932,-0.026376
28.942,-0.025597
28.952,-0.024825
28.962,-0.02406
28.972,-0.023293
28.982,-0.022544
28.992,-0.021809
29.002,-0.02108
29.012,-0.020358
29.022,-0.019656
29.032,-0.018974
29.042,-0.01831
29.052,-0.017661
29.062,-0.017045
29.072,-0.016458
29.082,-0.015885
29.092,-0.015329
29.102,-0.014808
29.112,-0.014315
29.122,-0.013855
29.132,-0.013422
29.142,-0.013021
29.152,-0.012658
29.162,-0.012317
29.172,-0.012
29.182,-0.011707
29.192,-0.011432
29.202,-0.011185
29.212,-0.010966
29.222,-0.010776
29.232,-0.010607
29.242,-0.010455
29.252,-0.01032
29.262,-0.010201
29.272,-0.010091
29.282,-0.0099954
29.292,-0.0099134
29.302,-0.0098443
29.312,-0.0097913
29.322,-0.0097379
29.332,-0.0096795
29.342,-0.0096319
29.352,-0.009586
29.362,-0.0095388
29.372,-0.0094914
29.382,-0.0094378
29.392,-0.0093835
29.402,-0.0093254
29.412,-0.0092665
29.422,-0.0091945
29.432,-0.00912
29.442,-0.009043
29.452,-0.0089507
29.462,-0.0088485
29.472,-0.0087369
29.483,-0.0086119
29.493,-0.0084688
29.503,-0.0083089
29.513,-0.0081409
29.523,-0.0079672
29.533,-0.0077846
29.543,-0.0075873
29.553,-0.0073865
29.563,-0.0071772
29.573,-0.0069556
29.583,-0.0067299
29.593,-0.0064976
29.603,-0.0062646
29.613,-0.0060355
29.623,-0.0058008
29.633,-0.0055618
29.643,-0.0053244
29.653,-0.0050869
29.663,-0.0048529
29.673,-0.0046249
29.683,-0.0043961
29.693,-0.0041733
29.703,-0.0039668
29.713,-0.003768
29.723,-0.0035747
29.733,-0.0033948
29.743,-0.0032297
29.753,-0.0030838
29.763,-0.0029539
29.773,-0.0028476
29.783,-0.002759
29.793,-0.002693
29.803,-0.0026469
29.813,-0.0026169
29.823,-0.0026035
29.833,-0.0026118
29.843,-0.0026527
29.853,-0.0027032
29.863,-0.0027698
29.873,-0.0028618
29.883,-0.0029845
29.893,-0.003123
29.903,-0.003276
29.913,-0.0034426
29.923,-0.0036346
29.933,-0.0038463
29.943,-0.0040803
29.953,-0.0043297
29.963,-0.0045918
29.973,-0.0048646
29.983,-0.0051508
29.993,-0.0054509
30.003,-0.0057593
30.013,-0.0060946
30.023,-0.0064382
30.033,-0.0067909
30.044,-0.0071478
30.054,-0.0075069
30.064,-0.0078726
30.074,-0.0082415
30.084,-0.0086091
30.094,-0.0089807
30.104,-0.0093473
30.114,-0.0097123
30.124,-0.010073
30.134,-0.010432
30.144,-0.01079
30.154,-0.011139
30.164,-0.011486
30.174,-0.011828
30.184,-0.012158
30.194,-0.012474
30.204,-0.012778
30.214,-0.013072
30.224,-0.013357
30.234,-0.01363
30.244,-0.013872
30.254,-0.014092
30.264,-0.014294
30.274,-0.014476
30.284,-0.014635
30.294,-0.014759
30.304,-0.014862
30.314,-0.014951
30.324,-0.015023
30.334,-0.015071
30.344,-0.015105
30.354,-0.015114
30.364,-0.015094
30.374,-0.015053
30.384,-0.014991
30.394,-0.01491
30.404,-0.014803
30.414,-0.014678
30.424,-0.014534
30.434,-0.014362
30.444,-0.014167
30.454,-0.013957
30.464,-0.013727
30.474,-0.013478
30.484,-0.013201
30.494,-0.0129
30.504,-0.012586
30.514,-0.012259
30.524,-0.01191
30.534,-0.011548
30.544,-0.011182
30.554,-0.0108
30.564,-0.010412
30.574,-0.01
30.584,-0.0095724
30.594,-0.0091426
30.605,-0.0086991
30.615,-0.0082484
30.625,-0.0077853
30.635,-0.0073169
30.645,-0.0068445
30.655,-0.0063658
30.665,-0.0058852
30.675,-0.0054099
30.685,-0.0049347
30.695,-0.0044565
30.705,-0.0039832
30.715,-0.0035151
30.725,-0.003048
30.735,-0.0025918
30.745,-0.002139
30.755,-0.0017042
30.765,-0.0012822
30.775,-0.0008663
30.785,-0.00046447
30.795,-7.8915e-005
30.805,0.00030453
30.815,0.00067503
30.825,0.0010401
30.835,0.0013992
30.845,0.0017392
30.855,0.0020605
30.865,0.0023613
30.875,0.0026483
30.885,0.0029222
30.895,0.0031872
30.905,0.0034359
30.915,0.0036748
30.925,0.0039
30.935,0.0041118
30.945,0.0043125
30.955,0.0045025
30.965,0.0046831
30.975,0.0048521
30.985,0.0050093
30.995,0.0051588
31.005,0.0052992
31.015,0.005433
31.025,0.0055611
31.035,0.0056864
31.045,0.0058049
31.055,0.0059233
31.065,0.0060435
31.075,0.0061751
31.085,0.006305
31.095,0.0064387
31.105,0.0065767
31.115,0.0067249
31.125,0.006879
31.135,0.0070413
31.145,0.0072115
31.155,0.0073891
31.166,0.0075814
31.176,0.0077831
31.186,0.0080028
31.196,0.0082268
31.206,0.0084582
31.216,0.0087121
31.226,0.0089842
31.236,0.0092603
31.246,0.009542
31.256,0.0098329
31.266,0.010144
31.276,0.010462
31.286,0.010777
31.296,0.011107
31.306,0.011452
31.316,0.011804
31.326,0.012156
31.336,0.012509
31.346,0.012871
31.356,0.013239
31.366,0.013605
31.376,0.013972
31.386,0.014344
31.396,0.014711
31.406,0.015069
31.416,0.015422
31.426,0.015777
31.436,0.016134
31.446,0.016469
31.456,0.016786
31.466,0.017086
31.476,0.017371
31.486,0.017642
31.496,0.017899
31.506,0.018135
31.516,0.018346
31.526,0.018546
31.536,0.018727
31.546,0.018885
31.556,0.019013
31.566,0.019117
31.576,0.019203
31.586,0.019263
31.596,0.019294
31.606,0.019306
31.616,0.019296
31.626,0.019256
31.636,0.019192
31.646,0.019099
31.656,0.018981
31.666,0.01884
31.676,0.018685
31.686,0.018508
31.696,0.018298
31.706,0.018068
31.716,0.017821
31.727,0.017546
31.737,0.017248
31.747,0.016933
31.757,0.016603
31.767,0.016256
31.777,0.015895
31.787,0.015529
31.797,0.01515
31.807,0.014758
31.817,0.014347
31.827,0.013924
31.837,0.013484
31.847,0.013041
31.857,0.012589
31.867,0.012125
31.877,0.011657
31.887,0.011191
31.897,0.010731
31.907,0.010276
31.917,0.00982
31.927,0.0093638
31.937,0.0089104
31.947,0.0084717
31.957,0.008048
31.967,0.0076269
31.977,0.0072206
31.987,0.0068268
31.997,0.0064427
32.007,0.0060642
32.017,0.0057063
32.027,0.0053659
32.037,0.005046
32.047,0.0047401
32.057,0.0044526
32.067,0.004186
32.077,0.0039377
32.087,0.0037124
32.097,0.0035126
32.107,0.0033325
32.117,0.0031755
32.127,0.0030441
32.137,0.0029448
32.147,0.0028724
32.157,0.0028208
32.167,0.0027917
32.177,0.0027982
32.187,0.0028338
32.197,0.0028982
32.207,0.0029869
32.217,0.0031081
32.227,0.0032615
32.237,0.0034412
32.247,0.0036531
32.257,0.003894
32.267,0.0041619
32.277,0.0044503
32.288,0.0047609
32.298,0.0051074
32.308,0.0054813
32.318,0.0058789
32.328,0.0062966
32.338,0.006741
32.348,0.0072085
32.358,0.0077031
32.368,0.0082215
32.378,0.0087626
32.388,0.0093245
32.398,0.0098981
32.408,0.010486
32.418,0.011089
32.428,0.0117
32.438,0.01232
32.448,0.01296
32.458,0.013614
32.468,0.014262
32.478,0.01492
32.488,0.015575
32.498,0.01623
32.508,0.016876
32.518,0.017511
32.528,0.018143
32.538,0.01876
32.548,0.019371
32.558,0.019971
32.568,0.020557
32.578,0.021119
32.588,0.021667
32.598,0.022198
32.608,0.022715
32.618,0.023201
32.628,0.023665
32.638,0.024117
32.648,0.024546
32.658,0.024958
32.668,0.025352
32.678,0.02573
32.688,0.026086
32.698,0.02642
32.708,0.026734
32.718,0.027028
32.728,0.027287
32.738,0.027524
32.748,0.027743
32.758,0.02794
32.768,0.028118
32.778,0.028274
32.788,0.028408
32.798,0.028523
32.808,0.028621
32.818,0.028707
32.828,0.028778
32.838,0.028841
32.849,0.028892
32.859,0.028926
32.869,0.028956
32.879,0.028975
32.889,0.028975
32.899,0.02897
32.909,0.028968
32.919,0.028967
32.929,0.028964
32.939,0.028959
32.949,0.028953
32.959,0.028946
32.969,0.02895
32.979,0.028962
32.989,0.028982
32.999,0.029004
33.009,0.029031
33.019,0.029064
33.029,0.029097
33.039,0.029142
33.049,0.029186
33.059,0.029236
33.069,0.029303
33.079,0.029382
33.089,0.029459
33.099,0.02954
33.109,0.029631
33.119,0.029725
33.129,0.029824
33.139,0.029916
33.149,0.030004
33.159,0.030097
33.169,0.030182
33.179,0.030258
33.189,0.03033
33.199,0.03039
33.209,0.030434
33.219,0.030465
33.229,0.030483
33.239,0.03048
33.249,0.030458
33.259,0.030413
33.269,0.030349
33.279,0.03026
33.289,0.030147
33.299,0.030004
33.309,0.029837
33.319,0.029645
33.329,0.029419
33.339,0.029158
33.349,0.02886
33.359,0.028527
33.369,0.028158
33.379,0.027756
33.389,0.027321
33.399,0.02685
33.41,0.026339
33.42,0.025793
33.43,0.025226
33.44,0.024624
33.45,0.023994
33.46,0.023329
33.47,0.022626
33.48,0.021898
33.49,0.021147
33.5,0.020359
33.51,0.019539
33.52,0.018694
33.53,0.017835
33.54,0.016962
33.55,0.016067
33.56,0.015162
33.57,0.014248
33.58,0.013306
33.59,0.012352
33.6,0.011393
33.61,0.010436
33.62,0.0094615
33.63,0.0084776
33.64,0.0075077
33.65,0.0065439
33.66,0.0055957
33.67,0.0046648
33.68,0.0037433
33.69,0.0028419
33.7,0.0019582
33.71,0.0010851
33.72,0.00023284
33.73,-0.00059174
33.74,-0.0013835
33.75,-0.0021471
33.76,-0.0028732
33.77,-0.0035683
33.78,-0.004238
33.79,-0.0048696
33.8,-0.0054548
33.81,-0.0059988
33.82,-0.0065058
33.83,-0.0069746
33.84,-0.0074001
33.85,-0.0077813
33.86,-0.0081231
33.87,-0.0084245
33.88,-0.0086753
33.89,-0.0088727
33.9,-0.009031
33.91,-0.0091524
33.92,-0.0092214
33.93,-0.0092363
33.94,-0.0092029
33.95,-0.0091346
33.96,-0.0090205
33.971,-0.0088587
33.981,-0.0086441
33.991,-0.0083898
34.001,-0.0081018
34.011,-0.007774
34.021,-0.0074039
34.031,-0.0069982
34.041,-0.0065563
34.051,-0.0060748
34.061,-0.00556
34.071,-0.0050218
34.081,-0.0044552
34.091,-0.0038625
34.101,-0.0032415
34.111,-0.0025988
34.121,-0.0019364
34.131,-0.0012629
34.141,-0.00056153
34.151,0.00014859
34.161,0.00087333
34.171,0.0016058
34.181,0.0023441
34.191,0.0030951
34.201,0.0038587
34.211,0.0046238
34.221,0.0053904
34.231,0.0061536
34.241,0.0069191
34.251,0.0076864
34.261,0.0084439
34.271,0.0091874
34.281,0.0099271
34.291,0.010667
34.301,0.011384
34.311,0.012073
34.321,0.01275
34.331,0.01342
34.341,0.014075
34.351,0.014708
34.361,0.015331
34.371,0.015933
34.381,0.016506
34.391,0.017056
34.401,0.017591
34.411,0.018105
34.421,0.018606
34.431,0.01909
34.441,0.019554
34.451,0.019996
34.461,0.020416
34.471,0.02082
34.481,0.0212
34.491,0.021558
34.501,0.021903
34.511,0.022222
34.521,0.022527
34.532,0.022812
34.542,0.023083
34.552,0.023335
34.562,0.023579
34.572,0.02381
34.582,0.024032
34.592,0.024241
34.602,0.02444
34.612,0.024633
34.622,0.024811
34.632,0.024987
34.642,0.025151
34.652,0.025312
34.662,0.025465
34.672,0.025614
34.682,0.025758
34.692,0.025896
34.702,0.026035
34.712,0.026171
34.722,0.026306
34.732,0.026449
34.742,0.026598
34.752,0.026754
34.762,0.026917
34.772,0.027084
34.782,0.02725
34.792,0.027418
34.802,0.027596
34.812,0.027774
34.822,0.027962
34.832,0.028157
34.842,0.028362
34.852,0.028568
34.862,0.028778
34.872,0.028993
34.882,0.029217
34.892,0.029454
34.902,0.029692
34.912,0.029937
34.922,0.03018
34.932,0.030423
34.942,0.030672
34.952,0.030916
34.962,0.03116
34.972,0.031395
34.982,0.031632
34.992,0.031868
35.002,0.032097
35.012,0.032317
35.022,0.032533
35.032,0.032733
35.042,0.032926
35.052,0.033107
35.062,0.03328
35.072,0.033433
35.082,0.033576
35.093,0.033709
35.103,0.033819
35.113,0.03391
35.123,0.033975
35.133,0.034023
35.143,0.034051
35.153,0.034059
35.163,0.034058
35.173,0.034029
35.183,0.033979
35.193,0.033907
35.203,0.033808
35.213,0.033694
35.223,0.03355
35.233,0.033383
35.243,0.033199
35.253,0.032993
35.263,0.032759
35.273,0.032503
35.283,0.032217
35.293,0.03191
35.303,0.031571
35.313,0.031214
35.323,0.030833
35.333,0.03043
35.343,0.030007
35.353,0.029568
35.363,0.029108
35.373,0.028627
35.383,0.028133
35.393,0.027625
35.403,0.027104
35.413,0.026566
35.423,0.02602
35.433,0.025466
35.443,0.024901
35.453,0.024329
35.463,0.023749
35.473,0.023161
35.483,0.02257
35.493,0.02198
35.503,0.021374
35.513,0.020763
35.523,0.020158
35.533,0.019556
35.543,0.018947
35.553,0.018341
35.563,0.017737
35.573,0.017141
35.583,0.016543
35.593,0.015946
35.603,0.015354
35.613,0.014765
35.623,0.014181
35.633,0.013606
35.643,0.013033
35.654,0.012474
35.664,0.011918
35.674,0.011372
35.684,0.010833
35.694,0.010302
35.704,0.0097892
35.714,0.0092911
35.724,0.008801
35.734,0.0083251
35.744,0.0078666
35.754,0.0074224
35.764,0.0069836
35.774,0.0065527
35.784,0.0061381
35.794,0.0057282
35.804,0.0053408
35.814,0.0049663
35.824,0.0046108
35.834,0.0042735
35.844,0.0039471
35.854,0.0036345
35.864,0.003341
35.874,0.0030639
35.884,0.0027946
35.894,0.0025357
35.904,0.0022907
35.914,0.0020572
35.924,0.0018385
35.934,0.0016435
35.944,0.0014529
35.954,0.0012677
35.964,0.0010986
35.974,0.00094753
35.984,0.0008067
35.994,0.00067331
36.004,0.00055478
36.014,0.00045171
36.024,0.00036677
36.034,0.00028778
36.044,0.00021763
36.054,0.00016074
36.064,0.00012638
36.074,9.6856e-005
36.084,7.8436e-005
36.094,7.4854e-005
36.104,7.4777e-005
36.114,7.9516e-005
36.124,0.00010052
36.134,0.0001321
36.144,0.00016686
36.154,0.00020407
36.164,0.0002458
36.174,0.00029178
36.184,0.00033701
36.194,0.00039311
36.204,0.00045241
36.215,0.00050964
36.225,0.00056718
36.235,0.00062553
36.245,0.00067397
36.255,0.00072328
36.265,0.0007829
36.275,0.00083282
36.285,0.00089124
36.295,0.00094723
36.305,0.0010008
36.315,0.0010482
36.325,0.0010927
36.335,0.0011393
36.345,0.0011925
36.355,0.0012578
36.365,0.0013153
36.375,0.0013775
36.385,0.0014388
36.395,0.0014932
36.405,0.0015457
36.415,0.0016045
36.425,0.001664
36.435,0.0017285
36.445,0.0017968
36.455,0.0018668
36.465,0.0019466
36.475,0.0020302
36.485,0.0021206
36.495,0.0022149
36.505,0.0023234
36.515,0.002439
36.525,0.0025688
36.535,0.0027003
36.545,0.0028379
36.555,0.0029788
36.565,0.0031298
36.575,0.0032932
36.585,0.0034675
36.595,0.0036508
36.605,0.0038408
36.615,0.0040421
36.625,0.004249
36.635,0.0044595
36.645,0.00468
36.655,0.0048975
36.665,0.0051204
36.675,0.00534
36.685,0.0055599
36.695,0.0057847
36.705,0.0060155
36.715,0.006246
36.725,0.0064675
36.735,0.0066856
36.745,0.0069045
36.755,0.0071251
36.765,0.0073392
36.776,0.0075442
36.786,0.007739
36.796,0.0079231
36.806,0.0081034
36.816,0.0082706
36.826,0.0084125
36.836,0.0085386
36.846,0.0086415
36.856,0.0087236
36.866,0.0087759
36.876,0.0088101
36.886,0.0088252
36.896,0.0088162
36.906,0.0087804
36.916,0.0087098
36.926,0.0086185
36.936,0.0084928
36.946,0.0083415
36.956,0.0081536
36.966,0.0079344
36.976,0.0076895
36.986,0.0074095
36.996,0.0070954
37.006,0.0067487
37.016,0.0063709
37.026,0.0059614
37.036,0.0055216
37.046,0.0050529
37.056,0.0045555
37.066,0.0040377
37.076,0.0034898
37.086,0.0029148
37.096,0.0023126
37.106,0.0016846
37.116,0.001023
37.126,0.00034451
37.136,-0.00035058
37.146,-0.0010599
37.156,-0.0017898
37.166,-0.0025343
37.176,-0.0032951
37.186,-0.0040578
37.196,-0.0048322
37.206,-0.0056202
37.216,-0.0064184
37.226,-0.0072145
37.236,-0.0080069
37.246,-0.0088097
37.256,-0.0096097
37.266,-0.010407
37.276,-0.011199
37.286,-0.011991
37.296,-0.012772
37.306,-0.013546
37.316,-0.014312
37.326,-0.015059
37.337,-0.015792
37.347,-0.016514
37.357,-0.017211
37.367,-0.017885
37.377,-0.018547
37.387,-0.019187
37.397,-0.019803
37.407,-0.020401
37.417,-0.020976
37.427,-0.021514
37.437,-0.022029
37.447,-0.022517
37.457,-0.022976
37.467,-0.023407
37.477,-0.02382
37.487,-0.024208
37.497,-0.024571
37.507,-0.024911
37.517,-0.02522
37.527,-0.025499
37.537,-0.025749
37.547,-0.025974
37.557,-0.02617
37.567,-0.026335
37.577,-0.026473
37.587,-0.026589
37.597,-0.026666
37.607,-0.026712
37.617,-0.026737
37.627,-0.026741
37.637,-0.02672
37.647,-0.026673
37.657,-0.026603
37.667,-0.026501
37.677,-0.026377
37.687,-0.02624
37.697,-0.026066
37.707,-0.025868
37.717,-0.025652
37.727,-0.025423
37.737,-0.025166
37.747,-0.024894
37.757,-0.024595
37.767,-0.024272
37.777,-0.023936
37.787,-0.023581
37.797,-0.023194
37.807,-0.022788
37.817,-0.022374
37.827,-0.021951
37.837,-0.021508
37.847,-0.021043
37.857,-0.020569
37.867,-0.020089
37.877,-0.01959
37.887,-0.019072
37.898,-0.018538
37.908,-0.017999
37.918,-0.017458
37.928,-0.016908
37.938,-0.016336
37.948,-0.015744
37.958,-0.015155
37.968,-0.014553
37.978,-0.013932
37.988,-0.013312
37.998,-0.012697
38.008,-0.012064
38.018,-0.01143
38.028,-0.010796
38.038,-0.010153
38.048,-0.0094951
38.058,-0.008848
38.068,-0.0081914
38.078,-0.0075309
38.088,-0.0068743
38.098,-0.0062116
38.108,-0.005553
38.118,-0.0048907
38.128,-0.0042206
38.138,-0.0035543
38.148,-0.0028785
38.158,-0.0022048
38.168,-0.0015321
38.178,-0.00087794
38.188,-0.00021231
38.198,0.00044712
38.208,0.0010945
38.218,0.0017372
38.228,0.0023803
38.238,0.0030144
38.248,0.0036337
38.258,0.0042464
38.268,0.004855
38.278,0.005455
38.288,0.0060408
38.298,0.0066148
38.308,0.0071844
38.318,0.0077354
38.328,0.0082667
38.338,0.0087985
38.348,0.0093095
38.358,0.0097979
38.368,0.010268
38.378,0.010729
38.388,0.011159
38.398,0.011578
38.408,0.011975
38.418,0.012355
38.428,0.012713
38.438,0.013039
38.448,0.013341
38.459,0.01363
38.469,0.013898
38.479,0.014141
38.489,0.014369
38.499,0.014576
38.509,0.014759
38.519,0.014917
38.529,0.015055
38.539,0.015167
38.549,0.015262
38.559,0.015339
38.569,0.015386
38.579,0.015403
38.589,0.015398
38.599,0.015384
38.609,0.015337
38.619,0.01526
38.629,0.015167
38.639,0.01506
38.649,0.014926
38.659,0.01476
38.669,0.014573
38.679,0.014369
38.689,0.014152
38.699,0.013918
38.709,0.013664
38.719,0.013388
38.729,0.013104
38.739,0.012814
38.749,0.01251
38.759,0.012186
38.769,0.011836
38.779,0.011485
38.789,0.011119
38.799,0.01074
38.809,0.010359
38.819,0.0099742
38.829,0.0095831
38.839,0.0091808
38.849,0.0087686
38.859,0.0083491
38.869,0.0079377
38.879,0.0075278
38.889,0.0071214
38.899,0.0067182
38.909,0.0063135
38.919,0.005907
38.929,0.0055135
38.939,0.0051206
38.949,0.0047257
38.959,0.0043387
38.969,0.0039651
38.979,0.0035955
38.989,0.0032283
38.999,0.0028645
39.009,0.0025114
39.02,0.0021639
39.03,0.0018311
39.04,0.0015247
39.05,0.001234
39.06,0.00095729
39.07,0.00069278
39.08,0.00044079
39.09,0.00020505
39.1,-1.4224e-005
39.11,-0.00022552
39.12,-0.00042302
39.13,-0.00060532
39.14,-0.0007771
39.15,-0.00093506
39.16,-0.0010802
39.17,-0.0012121
39.18,-0.0013173
39.19,-0.0014051
39.2,-0.0014814
39.21,-0.0015337
39.22,-0.0015724
39.23,-0.0015937
39.24,-0.0015951
39.25,-0.0015841
39.26,-0.001551
39.27,-0.0015108
39.28,-0.0014566
39.29,-0.0013805
39.3,-0.0012865
39.31,-0.0011848
39.32,-0.0010584
39.33,-0.000906
39.34,-0.00075021
39.35,-0.00058262
39.36,-0.00039324
39.37,-0.00018557
39.38,3.3948e-005
39.39,0.00026947
39.4,0.00052021
39.41,0.00078551
39.42,0.0010648
39.43,0.0013626
39.44,0.0016734
39.45,0.0019948
39.46,0.0023312
39.47,0.002679
39.48,0.0030422
39.49,0.0034185
39.5,0.0038084
39.51,0.004216
39.52,0.0046301
39.53,0.0050609
39.54,0.0055077
39.55,0.0059699
39.56,0.0064417
39.57,0.0069265
39.581,0.0074251
39.591,0.0079282
39.601,0.0084368
39.611,0.00896
39.621,0.0094789
39.631,0.009998
39.641,0.010529
39.651,0.011066
39.661,0.01161
39.671,0.012158
39.681,0.012717
39.691,0.013277
39.701,0.01384
39.711,0.014406
39.721,0.014968
39.731,0.01554
39.741,0.016115
39.751,0.016692
39.761,0.017268
39.771,0.017849
39.781,0.018423
39.791,0.018993
39.801,0.019567
39.811,0.020147
39.821,0.02073
39.831,0.021317
39.841,0.0219
39.851,0.022474
39.861,0.02305
39.871,0.023616
39.881,0.024171
39.891,0.024736
39.901,0.025299
39.911,0.025852
39.921,0.026406
39.931,0.026952
39.941,0.027483
39.951,0.028015
39.961,0.028532
39.971,0.029054
39.981,0.029572
39.991,0.030086
40.001,0.03059
40.011,0.031092
40.021,0.03159
40.031,0.03209
40.041,0.032585
40.051,0.033076
40.061,0.033568
40.071,0.034062
40.081,0.034552
40.091,0.03503
40.101,0.035501
40.111,0.035963
40.121,0.036419
40.131,0.036864
40.142,0.037306
40.152,0.037738
40.162,0.038168
40.172,0.038598
40.182,0.039013
40.192,0.039424
40.202,0.039825
40.212,0.040218
40.222,0.040616
40.232,0.041002
40.242,0.041378
40.252,0.041756
40.262,0.04213
40.272,0.042489
40.282,0.042836
40.292,0.043158
40.302,0.043478
40.312,0.043798
40.322,0.044108
40.332,0.044414
40.342,0.044712
40.352,0.044997
40.362,0.045266
40.372,0.045513
40.382,0.04574
40.392,0.045961
40.402,0.046176
40.412,0.046383
40.422,0.046575
40.432,0.046755
40.442,0.046923
40.452,0.047078
40.462,0.047218
40.472,0.047358
40.482,0.047488
40.492,0.047607
40.502,0.047711
40.512,0.047804
40.522,0.047885
40.532,0.047951
40.542,0.048008
40.552,0.048044
40.562,0.048067
40.572,0.048085
40.582,0.048092
40.592,0.048081
40.602,0.048062
40.612,0.048042
40.622,0.048025
40.632,0.048007
40.642,0.047974
40.652,0.047939
40.662,0.047902
40.672,0.04787
40.682,0.047837
40.692,0.047805
40.703,0.047778
40.713,0.047748
40.723,0.047718
40.733,0.047687
40.743,0.047656
40.753,0.047637
40.763,0.047621
40.773,0.047606
40.783,0.047593
40.793,0.047589
40.803,0.047593
40.813,0.047618
40.823,0.047647
40.833,0.047681
40.843,0.047724
40.853,0.047775
40.863,0.04784
40.873,0.047908
40.883,0.047978
40.893,0.048053
40.903,0.048132
40.913,0.048208
40.923,0.048297
40.933,0.048393
40.943,0.048483
40.953,0.04859
40.963,0.048695
40.973,0.048798
40.983,0.04891
40.993,0.049023
41.003,0.049137
41.013,0.049262
41.023,0.049382
41.033,0.049497
41.043,0.04961
41.053,0.049729
41.063,0.049833
41.073,0.049941
41.083,0.050047
41.093,0.050142
41.103,0.050238
41.113,0.050336
41.123,0.050419
41.133,0.050499
41.143,0.050579
41.153,0.050657
41.163,0.050736
41.173,0.050805
41.183,0.050873
41.193,0.050936
41.203,0.05099
41.213,0.051033
41.223,0.051071
41.233,0.051111
41.243,0.051155
41.253,0.051194
41.264,0.05123
41.274,0.051249
41.284,0.051272
41.294,0.051309
41.304,0.051337
41.314,0.051363
41.324,0.051399
41.334,0.051439
41.344,0.051486
41.354,0.051539
41.364,0.051587
41.374,0.051647
41.384,0.051701
41.394,0.051767
41.404,0.051837
41.414,0.051918
41.424,0.052012
41.434,0.05211
41.444,0.052213
41.454,0.052338
41.464,0.052472
41.474,0.052616
41.484,0.052762
41.494,0.05293
41.504,0.053111
41.514,0.053301
41.524,0.053506
41.534,0.053724
41.544,0.053954
41.554,0.054209
41.564,0.054476
41.574,0.054763
41.584,0.055059
41.594,0.055369
41.604,0.0557
41.614,0.056041
41.624,0.056376
41.634,0.056717
41.644,0.057073
41.654,0.057432
41.664,0.057794
41.674,0.058164
41.684,0.058537
41.694,0.058921
41.704,0.059316
41.714,0.059719
41.724,0.060125
41.734,0.060529
41.744,0.060944
41.754,0.061362
41.764,0.061785
41.774,0.062215
41.784,0.062633
41.794,0.063044
41.804,0.063447
41.814,0.063827
41.825,0.0642
41.835,0.064568
41.845,0.064921
41.855,0.065266
41.865,0.065598
41.875,0.065913
41.885,0.066212
41.895,0.066491
41.905,0.066746
41.915,0.066976
41.925,0.067191
41.935,0.067388
41.945,0.067566
41.955,0.06772
41.965,0.067847
41.975,0.067955
41.985,0.068047
41.995,0.068108
42.005,0.068138
42.015,0.068132
42.025,0.068107
42.035,0.068049
42.045,0.067964
42.055,0.067845
42.065,0.067681
42.075,0.067482
42.085,0.067252
42.095,0.06699
42.105,0.066687
42.115,0.066349
42.125,0.065993
42.135,0.065604
42.145,0.065186
42.155,0.064744
42.165,0.064252
42.175,0.063713
42.185,0.063163
42.195,0.06258
42.205,0.061981
42.215,0.06135
42.225,0.060685
42.235,0.060003
42.245,0.059297
42.255,0.058561
42.265,0.057804
42.275,0.057003
42.285,0.056187
42.295,0.055361
42.305,0.054495
42.315,0.053603
42.325,0.052692
42.335,0.05176
42.345,0.050816
42.355,0.04985
42.365,0.048864
42.375,0.047861
42.385,0.04683
42.396,0.045791
42.406,0.044723
42.416,0.043634
42.426,0.042549
42.436,0.041434
42.446,0.040287
42.456,0.03913
42.466,0.037953
42.476,0.036741
42.486,0.035515
42.496,0.03433
42.506,0.033065
42.516,0.031855
42.526,0.030578
42.536,0.029246
42.546,0.027986
42.556,0.026774
42.566,0.025307
42.576,0.024086
42.586,0.022579
42.596,0.021329
42.606,0.019912
42.616,0.018445
42.626,0.016957
42.636,0.015667
42.646,0.014153
42.656,0.012565
42.666,0.010993
42.676,0.009537
42.686,0.0079993
42.696,0.0064653
42.706,0.0049134
42.716,0.0034494
42.726,0.0019705
42.736,0.00036711
42.746,-0.0010835
42.756,-0.0025083
42.766,-0.0040107
42.776,-0.0054736
42.786,-0.0069355
42.796,-0.0083632
42.806,-0.0098447
42.816,-0.011319
42.826,-0.012823
42.836,-0.014275
42.846,-0.015674
42.856,-0.0171
42.866,-0.018538
42.876,-0.019948
42.886,-0.021318
42.896,-0.022676
42.906,-0.024038
42.916,-0.025383
42.926,-0.026692
42.936,-0.028002
42.946,-0.029258
42.957,-0.0305
42.967,-0.031712
42.977,-0.032887
42.987,-0.034045
42.997,-0.035188
43.007,-0.036311
43.017,-0.037408
43.027,-0.038469
43.037,-0.039518
43.047,-0.040545
43.057,-0.041543
43.067,-0.042536
43.077,-0.043493
43.087,-0.044431
43.097,-0.04533
43.107,-0.046175
43.117,-0.046988
43.127,-0.047749
43.137,-0.048481
43.147,-0.049187
43.157,-0.049854
43.167,-0.050478
43.177,-0.051066
43.187,-0.051626
43.197,-0.05215
43.207,-0.052636
43.217,-0.053093
43.227,-0.05351
43.237,-0.053894
43.247,-0.054258
43.257,-0.054586
43.267,-0.054878
43.277,-0.055149
43.287,-0.055382
43.297,-0.055588
43.307,-0.055769
43.317,-0.05593
43.327,-0.056065
43.337,-0.056175
43.347,-0.056259
43.357,-0.05632
43.367,-0.056355
43.377,-0.056384
43.387,-0.056405
43.397,-0.056408
43.407,-0.05639
43.417,-0.056354
43.427,-0.056311
43.437,-0.056258
43.447,-0.056191
43.457,-0.056116
43.467,-0.056043
43.477,-0.055956
43.487,-0.055867
43.497,-0.055773
43.507,-0.055681
43.518,-0.055578
43.528,-0.055476
43.538,-0.055379
43.548,-0.055299
43.558,-0.05522
43.568,-0.055133
43.578,-0.055046
43.588,-0.054978
43.598,-0.054913
43.608,-0.054841
43.618,-0.054765
43.628,-0.054722
43.638,-0.054684
43.648,-0.054649
43.658,-0.054616
43.668,-0.054598
43.678,-0.054591
43.688,-0.054593
43.698,-0.054607
43.708,-0.054644
43.718,-0.054692
43.728,-0.054759
43.738,-0.054829
43.748,-0.054921
43.758,-0.055036
43.768,-0.055149
43.778,-0.055276
43.788,-0.055433
43.798,-0.055607
43.808,-0.055795
43.818,-0.055982
43.828,-0.05618
43.838,-0.056391
43.848,-0.056627
43.858,-0.056866
43.868,-0.05711
43.878,-0.057363
43.888,-0.057626
43.898,-0.057901
43.908,-0.058197
43.918,-0.05849
43.928,-0.058793
43.938,-0.059097
43.948,-0.059409
43.958,-0.059724
43.968,-0.060046
43.978,-0.060378
43.988,-0.060704
43.998,-0.061045
44.008,-0.061392
44.018,-0.061731
44.028,-0.062085
44.038,-0.062422
44.048,-0.062751
44.058,-0.063096
44.068,-0.063428
44.079,-0.063757
44.089,-0.064088
44.099,-0.064426
44.109,-0.064756
44.119,-0.06508
44.129,-0.065397
44.139,-0.065704
44.149,-0.06601
44.159,-0.066296
44.169,-0.066568
44.179,-0.066818
44.189,-0.067064
44.199,-0.067297
44.209,-0.067527
44.219,-0.067753
44.229,-0.06796
44.239,-0.068159
44.249,-0.068354
44.259,-0.068532
44.269,-0.068699
44.279,-0.068848
44.289,-0.068997
44.299,-0.069146
44.309,-0.069267
44.319,-0.06938
44.329,-0.069475
44.339,-0.069568
44.349,-0.069633
44.359,-0.069686
44.369,-0.069738
44.379,-0.069781
44.389,-0.069805
44.399,-0.069835
44.409,-0.069854
44.419,-0.069858
44.429,-0.069847
44.439,-0.069833
44.449,-0.069823
44.459,-0.069788
44.469,-0.06975
44.479,-0.069707
44.489,-0.069664
44.499,-0.069618
44.509,-0.069573
44.519,-0.069522
44.529,-0.069449
44.539,-0.069371
44.549,-0.069287
44.559,-0.069199
44.569,-0.069108
44.579,-0.069004
44.589,-0.068883
44.599,-0.068756
44.609,-0.068619
44.619,-0.068485
44.629,-0.068343
44.64,-0.068204
44.65,-0.068059
44.66,-0.067904
44.67,-0.067751
44.68,-0.067605
44.69,-0.067448
44.7,-0.067299
44.71,-0.067119
44.72,-0.066932
44.73,-0.06675
44.74,-0.066549
44.75,-0.066342
44.76,-0.066126
44.77,-0.065889
44.78,-0.06564
44.79,-0.065378
44.8,-0.065107
44.81,-0.064819
44.82,-0.064525
44.83,-0.064221
44.84,-0.063902
44.85,-0.063567
44.86,-0.063225
44.87,-0.062854
44.88,-0.062443
44.89,-0.062031
44.9,-0.06159
44.91,-0.061123
44.92,-0.060639
44.93,-0.060129
44.94,-0.059596
44.95,-0.059055
44.96,-0.058501
44.97,-0.057926
44.98,-0.057334
44.99,-0.056727
45,-0.056089
45.01,-0.055429
45.02,-0.054762
45.03,-0.054057
45.04,-0.05335
45.05,-0.052613
45.06,-0.051866
45.07,-0.051097
45.08,-0.0503
45.09,-0.049489
45.1,-0.048653
45.11,-0.04781
45.12,-0.046979
45.13,-0.046115
45.14,-0.045241
45.15,-0.044342
45.16,-0.04345
45.17,-0.042556
45.18,-0.041666
45.19,-0.040774
45.201,-0.039878
45.211,-0.038974
45.221,-0.038051
45.231,-0.037127
45.241,-0.036237
45.251,-0.035336
45.261,-0.034437
45.271,-0.033564
45.281,-0.032699
45.291,-0.031839
45.301,-0.030974
45.311,-0.03013
45.321,-0.029307
45.331,-0.028483
45.341,-0.027689
45.351,-0.026914
45.361,-0.026156
45.371,-0.025418
45.381,-0.024718
45.391,-0.024034
45.401,-0.023372
45.411,-0.022744
45.421,-0.022151
45.431,-0.021584
45.441,-0.021034
45.451,-0.020506
45.461,-0.019999
45.471,-0.019498
45.481,-0.019027
45.491,-0.018586
45.501,-0.018174
45.511,-0.017791
45.521,-0.01743
45.531,-0.017102
45.541,-0.016786
45.551,-0.016486
45.561,-0.016207
45.571,-0.015955
45.581,-0.015729
45.591,-0.015527
45.601,-0.015332
45.611,-0.015149
45.621,-0.014976
45.631,-0.014814
45.641,-0.01466
45.651,-0.014525
45.661,-0.014407
45.671,-0.014294
45.681,-0.01417
45.691,-0.014041
45.701,-0.013907
45.711,-0.01377
45.721,-0.01364
45.731,-0.013528
45.741,-0.013385
45.751,-0.013222
45.762,-0.01306
45.772,-0.012896
45.782,-0.012727
45.792,-0.012554
45.802,-0.012355
45.812,-0.012136
45.822,-0.011908
45.832,-0.011681
45.842,-0.011435
45.852,-0.011175
45.862,-0.010923
45.872,-0.010658
45.882,-0.010371
45.892,-0.010086
45.902,-0.0098034
45.912,-0.0095068
45.922,-0.0092002
45.932,-0.0088915
45.942,-0.0085746
45.952,-0.0082661
45.962,-0.0079561
45.972,-0.0076505
45.982,-0.0073286
45.992,-0.007016
46.002,-0.006685
46.012,-0.0063632
46.022,-0.006037
46.032,-0.0057212
46.042,-0.00541
46.052,-0.0051102
46.062,-0.0048222
46.072,-0.0045582
46.082,-0.0043075
46.092,-0.0040769
46.102,-0.0038572
46.112,-0.0036514
46.122,-0.0034592
46.132,-0.0032805
46.142,-0.0031224
46.152,-0.0029912
46.162,-0.0028843
46.172,-0.0028009
46.182,-0.0027478
46.192,-0.0027107
46.202,-0.0026979
46.212,-0.0026951
46.222,-0.002706
46.232,-0.0027468
46.242,-0.0028165
46.252,-0.0029104
46.262,-0.003025
46.272,-0.0031474
46.282,-0.0032902
46.292,-0.0034485
46.302,-0.0036339
46.312,-0.0038375
46.323,-0.0040829
46.333,-0.0043345
46.343,-0.0046206
46.353,-0.0049131
46.363,-0.0052123
46.373,-0.0055239
46.383,-0.0058298
46.393,-0.0061435
46.403,-0.0064539
46.413,-0.0067784
46.423,-0.0071049
46.433,-0.0074238
46.443,-0.0077394
46.453,-0.0080377
46.463,-0.0083405
46.473,-0.00865
46.483,-0.0089418
46.493,-0.0092387
46.503,-0.0095171
46.513,-0.0097813
46.523,-0.010028
46.533,-0.010267
46.543,-0.010463
46.553,-0.010627
46.563,-0.010786
46.573,-0.010934
46.583,-0.011058
46.593,-0.011143
46.603,-0.011196
46.613,-0.011224
46.623,-0.011234
46.633,-0.01122
46.643,-0.011185
46.653,-0.011106
46.663,-0.011009
46.673,-0.010878
46.683,-0.010721
46.693,-0.010523
46.703,-0.0103
46.713,-0.010051
46.723,-0.0097713
46.733,-0.0094754
46.743,-0.0091326
46.753,-0.008788
46.763,-0.0084054
46.773,-0.0080027
46.783,-0.007578
46.793,-0.0071276
46.803,-0.0066521
46.813,-0.0061708
46.823,-0.0056627
46.833,-0.0051048
46.843,-0.0045185
46.853,-0.0039004
46.863,-0.0032682
46.873,-0.0026186
46.884,-0.0019535
46.894,-0.0012854
46.904,-0.00060062
46.914,0.00010309
46.924,0.0008298
46.934,0.0015537
46.944,0.0022878
46.954,0.0030256
46.964,0.003783
46.974,0.0045299
46.984,0.0052809
46.994,0.0060447
47.004,0.0068053
47.014,0.0075631
47.024,0.0083164
47.034,0.0090743
47.044,0.0098187
47.054,0.010554
47.064,0.011283
47.074,0.011998
47.084,0.012711
47.094,0.013414
47.104,0.01413
47.114,0.014836
47.124,0.015519
47.134,0.01619
47.144,0.016843
47.154,0.017476
47.164,0.018097
47.174,0.018706
47.184,0.019274
47.194,0.019843
47.204,0.020393
47.214,0.020928
47.224,0.02144
47.234,0.021953
47.244,0.022452
47.254,0.022935
47.264,0.023423
47.274,0.023879
47.284,0.024314
47.294,0.024746
47.304,0.025148
47.314,0.025518
47.324,0.025867
47.334,0.026192
47.344,0.026499
47.354,0.026796
47.364,0.027067
47.374,0.027316
47.384,0.02756
47.394,0.027797
47.404,0.028002
47.414,0.028178
47.424,0.028341
47.434,0.02847
47.445,0.028593
47.455,0.028696
47.465,0.028798
47.475,0.028858
47.485,0.028892
47.495,0.02893
47.505,0.028932
47.515,0.028919
47.525,0.028911
47.535,0.028878
47.545,0.028807
47.555,0.028728
47.565,0.028637
47.575,0.028527
47.585,0.028374
47.595,0.028213
47.605,0.028008
47.615,0.027814
47.625,0.027602
47.635,0.027388
47.645,0.027172
47.655,0.026941
47.665,0.026678
47.675,0.026409
47.685,0.026127
47.695,0.02584
47.705,0.025533
47.715,0.025205
47.725,0.024866
47.735,0.02452
47.745,0.024178
47.755,0.023818
47.765,0.023456
47.775,0.023094
47.785,0.022716
47.795,0.022345
47.805,0.021947
47.815,0.021534
47.825,0.021133
47.835,0.020726
47.845,0.020314
47.855,0.019863
47.865,0.01942
47.875,0.01898
47.885,0.01856
47.895,0.018133
47.905,0.01771
47.915,0.017292
47.925,0.016892
47.935,0.016483
47.945,0.016086
47.955,0.015669
47.965,0.015234
47.975,0.014812
47.985,0.014386
47.995,0.013947
48.006,0.013552
48.016,0.013156
48.026,0.012786
48.036,0.012425
48.046,0.012055
48.056,0.011695
48.066,0.011358
48.076,0.011025
48.086,0.010709
48.096,0.010396
48.106,0.010121
48.116,0.0098323
48.126,0.0095401
48.136,0.0092625
48.146,0.0089895
48.156,0.008729
48.166,0.0084703
48.176,0.0082324
48.186,0.0080107
48.196,0.0078054
48.206,0.0076152
48.216,0.0074456
48.226,0.0072918
48.236,0.0071572
48.246,0.0070518
48.256,0.0069412
48.266,0.0068671
48.276,0.0067979
48.286,0.0067497
48.296,0.0067108
48.306,0.0066849
48.316,0.0066747
48.326,0.0066806
48.336,0.0067225
48.346,0.0067655
48.356,0.0068058
48.366,0.0068984
48.376,0.0070268
48.386,0.0071751
48.396,0.0073457
48.406,0.0075425
48.416,0.0077459
48.426,0.0079734
48.436,0.0082314
48.446,0.0085256
48.456,0.0087996
48.466,0.0091183
48.476,0.0094659
48.486,0.009819
48.496,0.010206
48.506,0.010603
48.516,0.011028
48.526,0.011453
48.536,0.011894
48.546,0.012305
48.556,0.012738
48.567,0.013176
48.577,0.013616
48.587,0.014051
48.597,0.014478
48.607,0.014899
48.617,0.015347
48.627,0.015786
48.637,0.016229
48.647,0.016629
48.657,0.017038
48.667,0.017452
48.677,0.017845
48.687,0.018211
48.697,0.018564
48.707,0.018896
48.717,0.019192
48.727,0.019479
48.737,0.01975
48.747,0.019997
48.757,0.020215
48.767,0.020398
48.777,0.020543
48.787,0.020664
48.797,0.020759
48.807,0.020809
48.817,0.020829
48.827,0.020839
48.837,0.020831
48.847,0.02076
48.857,0.020637
48.867,0.020503
48.877,0.020354
48.887,0.020165
48.897,0.019956
48.907,0.019721
48.917,0.019442
48.927,0.019184
48.937,0.01886
48.947,0.018479
48.957,0.018082
48.967,0.017689
48.977,0.017266
48.987,0.016815
48.997,0.016324
49.007,0.01584
49.017,0.015301
49.027,0.014754
49.037,0.0142
49.047,0.01367
49.057,0.013083
49.067,0.01251
49.077,0.011935
49.087,0.011361
49.097,0.010744
49.107,0.010156
49.117,0.0095427
49.128,0.008918
49.138,0.0083364
49.148,0.0077434
49.158,0.0071379
49.168,0.0065182
49.178,0.0058767
49.188,0.0052469
49.198,0.0046064
49.208,0.0039625
49.218,0.0033409
49.228,0.0027312
49.238,0.0020827
49.248,0.0014903
49.258,0.00091596
49.268,0.00034306
49.278,-0.00024868
49.288,-0.00086863
49.298,-0.0014712
49.308,-0.0020407
49.318,-0.0025818
49.328,-0.0031215
49.338,-0.0035814
49.348,-0.0040806
49.358,-0.0045683
49.368,-0.0050224
49.378,-0.0054854
49.388,-0.0059461
49.398,-0.0063984
49.408,-0.0068424
49.418,-0.0072922
49.428,-0.0076633
49.438,-0.0080245
49.448,-0.008377
49.458,-0.0087538
49.468,-0.0091483
49.478,-0.0095162
49.488,-0.009883
49.498,-0.010211
49.508,-0.010495
49.518,-0.010755
49.528,-0.01103
49.538,-0.011292
49.548,-0.011513
49.558,-0.011738
49.568,-0.011975
49.578,-0.012178
49.588,-0.012408
49.598,-0.012609
49.608,-0.012778
49.618,-0.01298
49.628,-0.013116
49.638,-0.013185
49.648,-0.013232
49.658,-0.013235
49.668,-0.013282
49.678,-0.013296
49.689,-0.013313
49.699,-0.013306
49.709,-0.013289
49.719,-0.013206
49.729,-0.013095
49.739,-0.013007
49.749,-0.012884
49.759,-0.012735
49.769,-0.012567
49.779,-0.012392
49.789,-0.012189
49.799,-0.011939
49.809,-0.011655
49.819,-0.011344
49.829,-0.011014
49.839,-0.010669
49.849,-0.010205
49.859,-0.0097692
49.869,-0.0093821
49.879,-0.0089497
49.889,-0.0084468
49.899,-0.0079428
49.909,-0.0074214
49.919,-0.0068835
49.929,-0.0063601
49.939,-0.0057547
49.949,-0.0050447
49.959,-0.0043241
49.969,-0.003701
49.979,-0.0028976
49.989,-0.0023877
49.999,-0.0019151
50.009,-0.0015721
50.019,-0.0011138
50.029,-0.00087078
50.039,-0.00073168
50.049,-0.00068184
50.059,-0.00052568
50.069,-0.00064752
50.079,-0.00078383
