0,-0.00029107
0.010021,-0.00054893
0.020042,-0.00081626
0.030064,-0.0010397
0.040085,-0.0012119
0.050106,-0.0013903
0.060127,-0.001564
0.070149,-0.0017656
0.08017,-0.0019264
0.090191,-0.002012
0.10021,-0.0020979
0.11023,-0.0023061
0.12025,-0.0025316
0.13028,-0.0026469
0.1403,-0.0028121
0.15032,-0.0030384
0.16034,-0.0030986
0.17036,-0.0031043
0.18038,-0.0031497
0.1904,-0.0031868
0.20042,-0.0033062
0.21045,-0.0034328
0.22047,-0.0035109
0.23049,-0.0035238
0.24051,-0.0035649
0.25053,-0.0036601
0.26055,-0.0037729
0.27057,-0.0038487
0.28059,-0.0038968
0.29062,-0.0039334
0.30064,-0.0039547
0.31066,-0.0040165
0.32068,-0.004028
0.3307,-0.0040719
0.34072,-0.004152
0.35074,-0.0041968
0.36076,-0.0042306
0.37079,-0.0042829
0.38081,-0.0043244
0.39083,-0.0044083
0.40085,-0.004469
0.41087,-0.0044766
0.42089,-0.0044881
0.43091,-0.0045221
0.44093,-0.0045556
0.45096,-0.0045877
0.46098,-0.0046319
0.471,-0.0046753
0.48102,-0.0047569
0.49104,-0.0048279
0.50106,-0.0048595
0.51108,-0.0048925
0.5211,-0.004893
0.53113,-0.004922
0.54115,-0.0049486
0.55117,-0.0049588
0.56119,-0.0049864
0.57121,-0.0050023
0.58123,-0.0049917
0.59125,-0.0049691
0.60127,-0.0050165
0.6113,-0.0050716
0.62132,-0.0050978
0.63134,-0.0051162
0.64136,-0.0051588
0.65138,-0.0051909
0.6614,-0.0052231
0.67142,-0.0052547
0.68144,-0.0052971
0.69147,-0.005311
0.70149,-0.0053565
0.71151,-0.0054094
0.72153,-0.0054117
0.73155,-0.0054576
0.74157,-0.0055032
0.75159,-0.0054922
0.76161,-0.0055066
0.77164,-0.0055215
0.78166,-0.0055134
0.79168,-0.0055094
0.8017,-0.0055123
0.81172,-0.0055213
0.82174,-0.0055481
0.83176,-0.0055717
0.84178,-0.0055814
0.85181,-0.0056069
0.86183,-0.0056245
0.87185,-0.0056196
0.88187,-0.0056599
0.89189,-0.0056697
0.90191,-0.0057105
0.91193,-0.0057309
0.92195,-0.0057609
0.93198,-0.005783
0.942,-0.0057967
0.95202,-0.0057991
0.96204,-0.0058196
0.97206,-0.0058252
0.98208,-0.0058117
0.9921,-0.0057937
1.0021,-0.0057577
1.0121,-0.0057273
1.0222,-0.0057202
1.0322,-0.005716
1.0422,-0.0057253
1.0522,-0.0057487
1.0623,-0.0057414
1.0723,-0.0057423
1.0823,-0.005768
1.0923,-0.0057679
1.1023,-0.0057493
1.1124,-0.0057606
1.1224,-0.0057734
1.1324,-0.0057922
1.1424,-0.0058209
1.1524,-0.0058387
1.1625,-0.0058797
1.1725,-0.0058943
1.1825,-0.0059034
1.1925,-0.0059226
1.2025,-0.0059387
1.2126,-0.0059432
1.2226,-0.0059594
1.2326,-0.0059667
1.2426,-0.0059515
1.2527,-0.005951
1.2627,-0.0059699
1.2727,-0.0059631
1.2827,-0.005959
1.2927,-0.005955
1.3028,-0.0059469
1.3128,-0.0059645
1.3228,-0.005994
1.3328,-0.0059828
1.3428,-0.0059673
1.3529,-0.0059834
1.3629,-0.0059985
1.3729,-0.0060279
1.3829,-0.0060345
1.393,-0.0060416
1.403,-0.0060567
1.413,-0.0060736
1.423,-0.00611
1.433,-0.0061291
1.4431,-0.0061137
1.4531,-0.0061083
1.4631,-0.0061148
1.4731,-0.0061162
1.4831,-0.0061143
1.4932,-0.0060907
1.5032,-0.0060637
1.5132,-0.0060259
1.5232,-0.0059984
1.5333,-0.0059879
1.5433,-0.005986
1.5533,-0.0059875
1.5633,-0.005971
1.5733,-0.0059447
1.5834,-0.0059408
1.5934,-0.005931
1.6034,-0.0059158
1.6134,-0.005887
1.6234,-0.005866
1.6335,-0.0058469
1.6435,-0.0058379
1.6535,-0.005822
1.6635,-0.0058227
1.6735,-0.0058202
1.6836,-0.0057652
1.6936,-0.0057319
1.7036,-0.0057132
1.7136,-0.0056839
1.7237,-0.005666
1.7337,-0.0056637
1.7437,-0.0056877
1.7537,-0.0056819
1.7637,-0.005682
1.7738,-0.0056729
1.7838,-0.0056334
1.7938,-0.0056137
1.8038,-0.0055918
1.8138,-0.0055584
1.8239,-0.0055472
1.8339,-0.0055119
1.8439,-0.0054854
1.8539,-0.0054615
1.864,-0.0054336
1.874,-0.005404
1.884,-0.0053755
1.894,-0.0053768
1.904,-0.0053758
1.9141,-0.0053659
1.9241,-0.0053573
1.9341,-0.0053276
1.9441,-0.0052934
1.9541,-0.0052728
1.9642,-0.0052384
1.9742,-0.0051926
1.9842,-0.0051455
1.9942,-0.0051072
2.0042,-0.0050999
2.0143,-0.005101
2.0243,-0.0050823
2.0343,-0.0050622
2.0443,-0.0050389
2.0544,-0.0050123
2.0644,-0.0049913
2.0744,-0.0049702
2.0844,-0.004936
2.0944,-0.0048789
2.1045,-0.0048373
2.1145,-0.0047833
2.1245,-0.0047384
2.1345,-0.0047036
2.1445,-0.0046833
2.1546,-0.0046537
2.1646,-0.0046287
2.1746,-0.0046082
2.1846,-0.0045743
2.1947,-0.0045315
2.2047,-0.0044901
2.2147,-0.0044598
2.2247,-0.0044196
2.2347,-0.0043946
2.2448,-0.0043667
2.2548,-0.0043502
2.2648,-0.0043074
2.2748,-0.0042779
2.2848,-0.0042597
2.2949,-0.004222
2.3049,-0.0041923
2.3149,-0.0041624
2.3249,-0.0041406
2.335,-0.0041133
2.345,-0.0040795
2.355,-0.0040461
2.365,-0.0040119
2.375,-0.0039665
2.3851,-0.0039256
2.3951,-0.003874
2.4051,-0.0038344
2.4151,-0.0037886
2.4251,-0.0037437
2.4352,-0.0037083
2.4452,-0.0036687
2.4552,-0.0036381
2.4652,-0.0036108
2.4752,-0.0035973
2.4853,-0.0035777
2.4953,-0.0035631
2.5053,-0.0035289
2.5153,-0.0034913
2.5254,-0.0034515
2.5354,-0.0034094
2.5454,-0.0033692
2.5554,-0.003349
2.5654,-0.0033022
2.5755,-0.0032583
2.5855,-0.0032185
2.5955,-0.003182
2.6055,-0.0031369
2.6155,-0.0030981
2.6256,-0.0030573
2.6356,-0.003002
2.6456,-0.0029663
2.6556,-0.0029329
2.6657,-0.0028935
2.6757,-0.0028491
2.6857,-0.0027944
2.6957,-0.0027631
2.7057,-0.002723
2.7158,-0.0026784
2.7258,-0.0026308
2.7358,-0.0025775
2.7458,-0.0025277
2.7558,-0.0024881
2.7659,-0.0024557
2.7759,-0.0024282
2.7859,-0.0023935
2.7959,-0.0023723
2.8059,-0.002343
2.816,-0.0023139
2.826,-0.0022902
2.836,-0.0022743
2.846,-0.0022536
2.8561,-0.0022073
2.8661,-0.0021646
2.8761,-0.0021176
2.8861,-0.0020833
2.8961,-0.0020442
2.9062,-0.0020042
2.9162,-0.0019698
2.9262,-0.0019277
2.9362,-0.0018927
2.9462,-0.0018594
2.9563,-0.0018166
2.9663,-0.001782
2.9763,-0.001754
2.9863,-0.0017246
2.9964,-0.0016968
3.0064,-0.0016662
3.0164,-0.0016376
3.0264,-0.0016064
3.0364,-0.0015773
3.0465,-0.0015373
3.0565,-0.0015101
3.0665,-0.0014712
3.0765,-0.0014522
3.0865,-0.0014317
3.0966,-0.0014163
3.1066,-0.0014008
3.1166,-0.0013842
3.1266,-0.0013599
3.1367,-0.0013313
3.1467,-0.0012896
3.1567,-0.0012455
3.1667,-0.0012018
3.1767,-0.0011512
3.1868,-0.0011269
3.1968,-0.0010909
3.2068,-0.0010507
3.2168,-0.001018
3.2268,-0.00098695
3.2369,-0.00094245
3.2469,-0.00090167
3.2569,-0.00086348
3.2669,-0.00084115
3.2769,-0.00082117
3.287,-0.00080724
3.297,-0.00078194
3.307,-0.00077539
3.317,-0.00076708
3.3271,-0.00075635
3.3371,-0.0007411
3.3471,-0.00071518
3.3571,-0.00068655
3.3671,-0.00066224
3.3772,-0.00064214
3.3872,-0.000628
3.3972,-0.00060406
3.4072,-0.00057964
3.4172,-0.00055885
3.4273,-0.00053089
3.4373,-0.00051801
3.4473,-0.0004937
3.4573,-0.00047655
3.4674,-0.00047068
3.4774,-0.00045712
3.4874,-0.00044645
3.4974,-0.00043361
3.5074,-0.00041622
3.5175,-0.00038932
3.5275,-0.00035936
3.5375,-0.00033061
3.5475,-0.00030567
3.5575,-0.00028742
3.5676,-0.0002687
3.5776,-0.00024912
3.5876,-0.00022635
3.5976,-0.00020321
3.6076,-0.00018094
3.6177,-0.00014264
3.6277,-0.00010929
3.6377,-8.2074e-005
3.6477,-5.456e-005
3.6578,-1.6911e-005
3.6678,1.0969e-005
3.6778,5.2368e-005
3.6878,8.176e-005
3.6978,0.00010842
3.7079,0.00013965
3.7179,0.00016334
3.7279,0.00018114
3.7379,0.00019142
3.7479,0.00020703
3.758,0.00021447
3.768,0.00022739
3.778,0.00023985
3.788,0.000254
3.7981,0.00027088
3.8081,0.00028813
3.8181,0.00030525
3.8281,0.00031487
3.8381,0.00031496
3.8482,0.00033097
3.8582,0.00036565
3.8682,0.00039535
3.8782,0.00042749
3.8882,0.00046361
3.8983,0.00050044
3.9083,0.0005421
3.9183,0.0005644
3.9283,0.00059982
3.9384,0.00064761
3.9484,0.00068372
3.9584,0.00070835
3.9684,0.00074113
3.9784,0.00077537
3.9885,0.00079684
3.9985,0.00083292
4.0085,0.00086931
4.0185,0.00092416
4.0285,0.00096203
4.0386,0.00099824
4.0486,0.0010416
4.0586,0.0010922
4.0686,0.0011346
4.0786,0.0011979
4.0887,0.0012558
4.0987,0.0013083
4.1087,0.001356
4.1187,0.0014301
4.1288,0.0014967
4.1388,0.0015684
4.1488,0.0016307
4.1588,0.0017291
4.1688,0.0017724
4.1789,0.0018438
4.1889,0.0018998
4.1989,0.0019852
4.2089,0.0020378
4.2189,0.0020946
4.229,0.0021545
4.239,0.0022054
4.249,0.0022821
4.259,0.0023375
4.2691,0.0024209
4.2791,0.002488
4.2891,0.0025591
4.2991,0.0026595
4.3091,0.0027031
4.3192,0.0027855
4.3292,0.0028751
4.3392,0.0029421
4.3492,0.00301
4.3592,0.0030882
4.3693,0.0031829
4.3793,0.0032788
4.3893,0.0033673
4.3993,0.003451
4.4093,0.0035223
4.4194,0.0036192
4.4294,0.0036976
4.4394,0.0038062
4.4494,0.0038939
4.4595,0.0039692
4.4695,0.0040478
4.4795,0.0041254
4.4895,0.0041996
4.4995,0.004288
4.5096,0.0043405
4.5196,0.0044083
4.5296,0.0044765
4.5396,0.0045297
4.5496,0.0046062
4.5597,0.0046945
4.5697,0.0047633
4.5797,0.0048378
4.5897,0.004903
4.5998,0.0049692
4.6098,0.0050303
4.6198,0.0050891
4.6298,0.0051607
4.6398,0.0052385
4.6499,0.0053085
4.6599,0.0053752
4.6699,0.0054271
4.6799,0.0054733
4.6899,0.0055317
4.7,0.0056183
4.71,0.0056798
4.72,0.0057443
4.73,0.0058181
4.7401,0.005902
4.7501,0.0059914
4.7601,0.0060762
4.7701,0.0061559
4.7801,0.0062315
4.7902,0.0063014
4.8002,0.0063595
4.8102,0.0064249
4.8202,0.0064893
4.8302,0.0065463
4.8403,0.0066069
4.8503,0.0066815
4.8603,0.0067564
4.8703,0.0068068
4.8803,0.0068594
4.8904,0.0068996
4.9004,0.0069405
4.9104,0.0069914
4.9204,0.0070574
4.9305,0.0071193
4.9405,0.0071666
4.9505,0.0072494
4.9605,0.0073126
4.9705,0.0073846
4.9806,0.0074551
4.9906,0.0075253
5.0006,0.0075996
5.0106,0.0076642
5.0206,0.0077247
5.0307,0.0077892
5.0407,0.0078507
5.0507,0.0079027
5.0607,0.0079596
5.0708,0.0080001
5.0808,0.0080497
5.0908,0.0080902
5.1008,0.0081372
5.1108,0.008171
5.1209,0.0081931
5.1309,0.0082254
5.1409,0.0082517
5.1509,0.0082919
5.1609,0.0083431
5.171,0.0083652
5.181,0.0083888
5.191,0.0084149
5.201,0.0084502
5.211,0.0084817
5.2211,0.008507
5.2311,0.0085466
5.2411,0.0085677
5.2511,0.0086065
5.2612,0.0086212
5.2712,0.0086269
5.2812,0.0086251
5.2912,0.008637
5.3012,0.0086501
5.3113,0.0086718
5.3213,0.0086836
5.3313,0.0086957
5.3413,0.008709
5.3513,0.0087154
5.3614,0.0087424
5.3714,0.008762
5.3814,0.0087959
5.3914,0.0088157
5.4015,0.0088286
5.4115,0.0088517
5.4215,0.0088636
5.4315,0.0088935
5.4415,0.0088986
5.4516,0.0089173
5.4616,0.0089307
5.4716,0.0089453
5.4816,0.0089633
5.4916,0.0089769
5.5017,0.008999
5.5117,0.0090252
5.5217,0.0090315
5.5317,0.0090451
5.5418,0.0090827
5.5518,0.0091193
5.5618,0.009135
5.5718,0.0091586
5.5818,0.0091691
5.5919,0.0091706
5.6019,0.0091936
5.6119,0.0092012
5.6219,0.0092143
5.6319,0.0092259
5.642,0.0092423
5.652,0.009265
5.662,0.0092885
5.672,0.009309
5.682,0.0093429
5.6921,0.0093665
5.7021,0.0094161
5.7121,0.0094581
5.7221,0.009487
5.7322,0.0095249
5.7422,0.009567
5.7522,0.0095972
5.7622,0.0096281
5.7722,0.0096574
5.7823,0.0096949
5.7923,0.0097134
5.8023,0.0097375
5.8123,0.009757
5.8223,0.0097669
5.8324,0.0097912
5.8424,0.0098052
5.8524,0.0098258
5.8624,0.0098385
5.8725,0.0098454
5.8825,0.0098613
5.8925,0.0098712
5.9025,0.0098995
5.9125,0.0099344
5.9226,0.0099639
5.9326,0.009988
5.9426,0.010024
5.9526,0.010064
5.9626,0.010099
5.9727,0.010152
5.9827,0.010199
5.9927,0.01024
6.0027,0.010271
6.0127,0.010296
6.0228,0.010328
6.0328,0.010355
6.0428,0.010386
6.0528,0.010424
6.0629,0.010448
6.0729,0.010486
6.0829,0.010522
6.0929,0.010569
6.1029,0.010609
6.113,0.010648
6.123,0.010689
6.133,0.010745
6.143,0.010793
6.153,0.010847
6.1631,0.010901
6.1731,0.010958
6.1831,0.011013
6.1931,0.011084
6.2032,0.011149
6.2132,0.011208
6.2232,0.011277
6.2332,0.011334
6.2432,0.011393
6.2533,0.01145
6.2633,0.011512
6.2733,0.011576
6.2833,0.011623
6.2933,0.011669
6.3034,0.011717
6.3134,0.011764
6.3234,0.011819
6.3334,0.011871
6.3435,0.011905
6.3535,0.011954
6.3635,0.012009
6.3735,0.012064
6.3835,0.012116
6.3936,0.012175
6.4036,0.012229
6.4136,0.01227
6.4236,0.012316
6.4336,0.012368
6.4437,0.012421
6.4537,0.012476
6.4637,0.012533
6.4737,0.012593
6.4837,0.01265
6.4938,0.012705
6.5038,0.012769
6.5138,0.012835
6.5238,0.01291
6.5339,0.012982
6.5439,0.013046
6.5539,0.013117
6.5639,0.013178
6.5739,0.013232
6.584,0.013292
6.594,0.013352
6.604,0.013408
6.614,0.013456
6.624,0.013509
6.6341,0.013556
6.6441,0.013611
6.6541,0.013668
6.6641,0.013721
6.6742,0.013758
6.6842,0.013801
6.6942,0.013837
6.7042,0.013857
6.7142,0.01389
6.7243,0.013913
6.7343,0.013921
6.7443,0.013947
6.7543,0.013968
6.7643,0.013997
6.7744,0.014027
6.7844,0.014051
6.7944,0.014072
6.8044,0.014109
6.8144,0.014142
6.8245,0.01418
6.8345,0.014225
6.8445,0.014279
6.8545,0.014333
6.8646,0.014371
6.8746,0.014412
6.8846,0.014447
6.8946,0.014487
6.9046,0.014521
6.9147,0.014547
6.9247,0.014561
6.9347,0.014579
6.9447,0.014599
6.9547,0.014615
6.9648,0.014628
6.9748,0.014643
6.9848,0.014653
6.9948,0.014657
7.0049,0.014657
7.0149,0.014666
7.0249,0.014683
7.0349,0.014698
7.0449,0.01471
7.055,0.01472
7.065,0.014729
7.075,0.014745
7.085,0.014762
7.095,0.014783
7.1051,0.014784
7.1151,0.014786
7.1251,0.014784
7.1351,0.01477
7.1452,0.014767
7.1552,0.01475
7.1652,0.014728
7.1752,0.014713
7.1852,0.014677
7.1953,0.014658
7.2053,0.01463
7.2153,0.014605
7.2253,0.014572
7.2353,0.014546
7.2454,0.014511
7.2554,0.014471
7.2654,0.014428
7.2754,0.014395
7.2854,0.014361
7.2955,0.01433
7.3055,0.01429
7.3155,0.014257
7.3255,0.014222
7.3356,0.014192
7.3456,0.014175
7.3556,0.014153
7.3656,0.014128
7.3756,0.014091
7.3857,0.014054
7.3957,0.014012
7.4057,0.013979
7.4157,0.013956
7.4257,0.013928
7.4358,0.013884
7.4458,0.013846
7.4558,0.013819
7.4658,0.013781
7.4759,0.013731
7.4859,0.013684
7.4959,0.013642
7.5059,0.013599
7.5159,0.013542
7.526,0.013491
7.536,0.013437
7.546,0.013389
7.556,0.013334
7.566,0.013291
7.5761,0.013254
7.5861,0.013225
7.5961,0.013192
7.6061,0.013162
7.6161,0.01312
7.6262,0.013089
7.6362,0.01306
7.6462,0.01303
7.6562,0.012994
7.6663,0.012959
7.6763,0.012929
7.6863,0.012896
7.6963,0.012859
7.7063,0.012821
7.7164,0.012787
7.7264,0.012739
7.7364,0.012686
7.7464,0.01264
7.7564,0.012588
7.7665,0.012537
7.7765,0.012486
7.7865,0.012433
7.7965,0.012388
7.8066,0.012346
7.8166,0.012311
7.8266,0.012272
7.8366,0.012222
7.8466,0.012175
7.8567,0.012137
7.8667,0.012098
7.8767,0.01205
7.8867,0.012003
7.8967,0.011959
7.9068,0.011916
7.9168,0.011872
7.9268,0.011829
7.9368,0.01179
7.9469,0.011752
7.9569,0.011716
7.9669,0.011686
7.9769,0.011655
7.9869,0.011613
7.997,0.011577
8.007,0.011539
8.017,0.011504
8.027,0.01147
8.037,0.011434
8.0471,0.011398
8.0571,0.011354
8.0671,0.011306
8.0771,0.011263
8.0871,0.011218
8.0972,0.01118
8.1072,0.011152
8.1172,0.011117
8.1272,0.011076
8.1373,0.011031
8.1473,0.010986
8.1573,0.010941
8.1673,0.010904
8.1773,0.010858
8.1874,0.010812
8.1974,0.010763
8.2074,0.010716
8.2174,0.010664
8.2274,0.010626
8.2375,0.010584
8.2475,0.010537
8.2575,0.010488
8.2675,0.010433
8.2776,0.01039
8.2876,0.010347
8.2976,0.010291
8.3076,0.010232
8.3176,0.010169
8.3277,0.010105
8.3377,0.010053
8.3477,0.010009
8.3577,0.0099591
8.3677,0.0099128
8.3778,0.0098628
8.3878,0.0098086
8.3978,0.0097588
8.4078,0.009712
8.4178,0.0096692
8.4279,0.0096207
8.4379,0.0095677
8.4479,0.0095086
8.4579,0.009449
8.468,0.0093847
8.478,0.0093183
8.488,0.0092429
8.498,0.0091644
8.508,0.0090934
8.5181,0.0090175
8.5281,0.0089361
8.5381,0.0088529
8.5481,0.0087634
8.5581,0.0086769
8.5682,0.0085934
8.5782,0.0085131
8.5882,0.0084287
8.5982,0.0083359
8.6083,0.008234
8.6183,0.0081343
8.6283,0.0080387
8.6383,0.0079445
8.6483,0.0078538
8.6584,0.0077639
8.6684,0.007672
8.6784,0.0075825
8.6884,0.0074788
8.6984,0.0073651
8.7085,0.0072611
8.7185,0.0071615
8.7285,0.0070708
8.7385,0.0069859
8.7486,0.0068925
8.7586,0.0067924
8.7686,0.0066943
8.7786,0.0065941
8.7886,0.0064969
8.7987,0.0064037
8.8087,0.0063082
8.8187,0.0062106
8.8287,0.0061095
8.8387,0.0059996
8.8488,0.0058867
8.8588,0.0057897
8.8688,0.0056972
8.8788,0.0056141
8.8888,0.0055367
8.8989,0.0054651
8.9089,0.005393
8.9189,0.0053196
8.9289,0.0052611
8.939,0.0052082
8.949,0.0051531
8.959,0.0051056
8.969,0.0050724
8.979,0.0050577
8.9891,0.0050328
8.9991,0.0050196
9.0091,0.0050054
9.0191,0.0049867
9.0291,0.0049711
9.0392,0.0049546
9.0492,0.004935
9.0592,0.0049314
9.0692,0.0049372
9.0793,0.0049509
9.0893,0.0049714
9.0993,0.0049894
9.1093,0.0050029
9.1193,0.0050177
9.1294,0.0050282
9.1394,0.0050362
9.1494,0.0050607
9.1594,0.005093
9.1694,0.0051334
9.1795,0.0051852
9.1895,0.0052459
9.1995,0.005312
9.2095,0.0053843
9.2195,0.0054556
9.2296,0.0055268
9.2396,0.0056118
9.2496,0.0056977
9.2596,0.0057872
9.2697,0.0058776
9.2797,0.0059715
9.2897,0.0060685
9.2997,0.0061708
9.3097,0.0062829
9.3198,0.0063912
9.3298,0.0064972
9.3398,0.006598
9.3498,0.0066896
9.3598,0.0067815
9.3699,0.0068713
9.3799,0.0069646
9.3899,0.0070493
9.3999,0.0071359
9.41,0.007217
9.42,0.0073071
9.43,0.0073928
9.44,0.0074728
9.45,0.0075393
9.4601,0.007607
9.4701,0.0076699
9.4801,0.0077374
9.4901,0.0077996
9.5001,0.0078564
9.5102,0.0079228
9.5202,0.0079892
9.5302,0.0080595
9.5402,0.0081332
9.5503,0.0082046
9.5603,0.0082677
9.5703,0.0083207
9.5803,0.0083746
9.5903,0.0084277
9.6004,0.0084746
9.6104,0.0085173
9.6204,0.0085663
9.6304,0.0086119
9.6404,0.0086487
9.6505,0.0086901
9.6605,0.0087214
9.6705,0.0087453
9.6805,0.0087559
9.6905,0.0087686
9.7006,0.0087823
9.7106,0.0088075
9.7206,0.0088265
9.7306,0.0088442
9.7407,0.0088578
9.7507,0.008868
9.7607,0.0088753
9.7707,0.0088795
9.7807,0.0088765
9.7908,0.0088722
9.8008,0.0088753
9.8108,0.0088766
9.8208,0.0088659
9.8308,0.0088511
9.8409,0.0088404
9.8509,0.0088204
9.8609,0.0088038
9.8709,0.0087898
9.881,0.0087717
9.891,0.0087498
9.901,0.00873
9.911,0.0087062
9.921,0.0086827
9.9311,0.0086578
9.9411,0.0086309
9.9511,0.0086001
9.9611,0.0085575
9.9711,0.0085186
9.9812,0.0084725
9.9912,0.008424
10.001,0.0083716
10.011,0.0083201
10.021,0.0082643
10.031,0.0082045
10.041,0.0081443
10.051,0.0080752
10.061,0.008
10.071,0.0079219
10.081,0.0078352
10.091,0.007747
10.101,0.0076602
10.111,0.0075756
10.121,0.0074884
10.131,0.0073863
10.142,0.0072796
10.152,0.0071744
10.162,0.0070767
10.172,0.006981
10.182,0.0068863
10.192,0.0067801
10.202,0.006668
10.212,0.0065544
10.222,0.0064393
10.232,0.0063254
10.242,0.0062028
10.252,0.0060787
10.262,0.0059473
10.272,0.0058208
10.282,0.0056901
10.292,0.0055537
10.302,0.0054146
10.312,0.0052777
10.322,0.0051419
10.332,0.0050039
10.342,0.0048667
10.352,0.0047226
10.362,0.0045876
10.372,0.0044614
10.382,0.0043207
10.392,0.0041729
10.402,0.0040199
10.412,0.003875
10.422,0.0037244
10.432,0.0035687
10.442,0.0034206
10.452,0.0032652
10.462,0.0031072
10.472,0.002954
10.482,0.0028012
10.492,0.0026437
10.502,0.0024887
10.512,0.0023364
10.522,0.002188
10.532,0.002036
10.542,0.001882
10.552,0.0017265
10.562,0.0015737
10.572,0.0014107
10.582,0.00125
10.592,0.0010894
10.602,0.00093119
10.613,0.00077141
10.623,0.00061579
10.633,0.0004569
10.643,0.00030209
10.653,0.00014859
10.663,-4.268e-006
10.673,-0.00016452
10.683,-0.00032514
10.693,-0.00047843
10.703,-0.00063164
10.713,-0.00078326
10.723,-0.000934
10.733,-0.0010862
10.743,-0.00124
10.753,-0.0013941
10.763,-0.0015477
10.773,-0.001703
10.783,-0.0018627
10.793,-0.0020219
10.803,-0.0021698
10.813,-0.0023242
10.823,-0.0024756
10.833,-0.0026183
10.843,-0.0027688
10.853,-0.0029141
10.863,-0.0030592
10.873,-0.0032057
10.883,-0.0033529
10.893,-0.0034975
10.903,-0.0036373
10.913,-0.0037732
10.923,-0.0039202
10.933,-0.004068
10.943,-0.0042067
10.953,-0.0043441
10.963,-0.0044858
10.973,-0.004622
10.983,-0.0047681
10.993,-0.0049163
11.003,-0.0050582
11.013,-0.0052048
11.023,-0.005345
11.033,-0.0054734
11.043,-0.0055955
11.053,-0.0057238
11.063,-0.0058551
11.073,-0.0059822
11.084,-0.0061027
11.094,-0.0062157
11.104,-0.0063241
11.114,-0.006426
11.124,-0.0065361
11.134,-0.0066528
11.144,-0.0067667
11.154,-0.0068746
11.164,-0.0069859
11.174,-0.0070842
11.184,-0.0071827
11.194,-0.0072942
11.204,-0.0074026
11.214,-0.0075013
11.224,-0.0075969
11.234,-0.0076891
11.244,-0.0077827
11.254,-0.0078711
11.264,-0.0079654
11.274,-0.0080562
11.284,-0.0081444
11.294,-0.0082363
11.304,-0.0083205
11.314,-0.0084003
11.324,-0.0084718
11.334,-0.0085409
11.344,-0.0086083
11.354,-0.0086748
11.364,-0.0087459
11.374,-0.0088184
11.384,-0.008885
11.394,-0.0089406
11.404,-0.0090022
11.414,-0.0090614
11.424,-0.0091169
11.434,-0.0091628
11.444,-0.0092087
11.454,-0.0092585
11.464,-0.0093047
11.474,-0.0093554
11.484,-0.0094043
11.494,-0.0094447
11.504,-0.0094928
11.514,-0.0095479
11.524,-0.0095985
11.534,-0.0096353
11.544,-0.0096674
11.555,-0.0097019
11.565,-0.0097364
11.575,-0.0097629
11.585,-0.0097903
11.595,-0.0098177
11.605,-0.0098535
11.615,-0.0098883
11.625,-0.0099284
11.635,-0.0099585
11.645,-0.0099859
11.655,-0.010018
11.665,-0.010043
11.675,-0.01006
11.685,-0.010075
11.695,-0.010091
11.705,-0.010105
11.715,-0.010121
11.725,-0.01013
11.735,-0.010146
11.745,-0.010164
11.755,-0.010175
11.765,-0.01019
11.775,-0.010202
11.785,-0.010205
11.795,-0.010203
11.805,-0.010201
11.815,-0.010193
11.825,-0.010183
11.835,-0.010183
11.845,-0.010177
11.855,-0.010165
11.865,-0.010156
11.875,-0.010135
11.885,-0.010109
11.895,-0.010089
11.905,-0.010072
11.915,-0.010042
11.925,-0.01001
11.935,-0.009981
11.945,-0.0099455
11.955,-0.0099051
11.965,-0.0098576
11.975,-0.0098114
11.985,-0.0097608
11.995,-0.0097075
12.005,-0.0096546
12.015,-0.0095942
12.025,-0.0095365
12.036,-0.009478
12.046,-0.0094182
12.056,-0.0093556
12.066,-0.0092932
12.076,-0.0092163
12.086,-0.0091397
12.096,-0.0090681
12.106,-0.0089863
12.116,-0.0089039
12.126,-0.0088253
12.136,-0.0087353
12.146,-0.0086444
12.156,-0.0085446
12.166,-0.0084453
12.176,-0.00835
12.186,-0.0082606
12.196,-0.0081689
12.206,-0.0080775
12.216,-0.0080005
12.226,-0.0079164
12.236,-0.0078214
12.246,-0.0077295
12.256,-0.0076312
12.266,-0.0075381
12.276,-0.0074521
12.286,-0.0073596
12.296,-0.0072571
12.306,-0.0071518
12.316,-0.0070542
12.326,-0.0069551
12.336,-0.0068462
12.346,-0.0067453
12.356,-0.0066396
12.366,-0.0065313
12.376,-0.0064172
12.386,-0.0063037
12.396,-0.0061816
12.406,-0.0060455
12.416,-0.0059075
12.426,-0.0057747
12.436,-0.005634
12.446,-0.005493
12.456,-0.0053468
12.466,-0.0052027
12.476,-0.005051
12.486,-0.0048939
12.496,-0.0047259
12.507,-0.0045491
12.517,-0.0043634
12.527,-0.0041706
12.537,-0.003965
12.547,-0.0037416
12.557,-0.0035112
12.567,-0.0032705
12.577,-0.0030163
12.587,-0.0027437
12.597,-0.0024604
12.607,-0.0021613
12.617,-0.0018549
12.627,-0.0015413
12.637,-0.0012094
12.647,-0.00085259
12.657,-0.00047792
12.667,-8.3545e-005
12.677,0.00032583
12.687,0.00074715
12.697,0.0011844
12.707,0.0016454
12.717,0.0021219
12.727,0.0026069
12.737,0.0031115
12.747,0.0036352
12.757,0.0041796
12.767,0.0047411
12.777,0.0053153
12.787,0.0059032
12.797,0.0064993
12.807,0.0071038
12.817,0.0077217
12.827,0.0083491
12.837,0.008981
12.847,0.0096326
12.857,0.010297
12.867,0.01096
12.877,0.011618
12.887,0.01227
12.897,0.012914
12.907,0.013559
12.917,0.014196
12.927,0.014814
12.937,0.015422
12.947,0.016009
12.957,0.016575
12.967,0.017108
12.978,0.017619
12.988,0.018093
12.998,0.018531
13.008,0.018932
13.018,0.01929
13.028,0.019604
13.038,0.019877
13.048,0.020098
13.058,0.020288
13.068,0.020428
13.078,0.020501
13.088,0.020519
13.098,0.020474
13.108,0.020369
13.118,0.020208
13.128,0.019992
13.138,0.019715
13.148,0.019378
13.158,0.018986
13.168,0.018531
13.178,0.018022
13.188,0.017449
13.198,0.016807
13.208,0.016099
13.218,0.015329
13.228,0.014499
13.238,0.013613
13.248,0.012674
13.258,0.01168
13.268,0.010623
13.278,0.0095178
13.288,0.0083789
13.298,0.0071938
13.308,0.0059697
13.318,0.0047107
13.328,0.003402
13.338,0.0020563
13.348,0.00068234
13.358,-0.00072023
13.368,-0.0021526
13.378,-0.0036182
13.388,-0.0051058
13.398,-0.0066115
13.408,-0.0081166
13.418,-0.0096336
13.428,-0.011166
13.438,-0.012713
13.449,-0.01426
13.459,-0.015801
13.469,-0.01734
13.479,-0.018858
13.489,-0.020368
13.499,-0.02188
13.509,-0.023354
13.519,-0.024799
13.529,-0.026234
13.539,-0.027637
13.549,-0.02901
13.559,-0.030365
13.569,-0.031685
13.579,-0.032974
13.589,-0.034232
13.599,-0.035471
13.609,-0.036676
13.619,-0.037852
13.629,-0.038996
13.639,-0.040111
13.649,-0.04118
13.659,-0.042194
13.669,-0.04318
13.679,-0.04414
13.689,-0.045072
13.699,-0.045975
13.709,-0.046838
13.719,-0.047665
13.729,-0.048471
13.739,-0.049242
13.749,-0.049985
13.759,-0.050705
13.769,-0.0514
13.779,-0.052071
13.789,-0.052723
13.799,-0.053363
13.809,-0.053981
13.819,-0.054591
13.829,-0.055179
13.839,-0.055765
13.849,-0.056353
13.859,-0.056933
13.869,-0.057498
13.879,-0.058061
13.889,-0.058615
13.899,-0.059171
13.909,-0.059732
13.92,-0.060302
13.93,-0.06087
13.94,-0.061443
13.95,-0.062014
13.96,-0.062585
13.97,-0.063166
13.98,-0.063754
13.99,-0.064349
14,-0.064944
14.01,-0.065553
14.02,-0.066164
14.03,-0.066777
14.04,-0.067389
14.05,-0.067999
14.06,-0.068603
14.07,-0.069202
14.08,-0.069795
14.09,-0.070379
14.1,-0.070951
14.11,-0.071521
14.12,-0.07209
14.13,-0.07263
14.14,-0.073147
14.15,-0.073653
14.16,-0.074157
14.17,-0.074636
14.18,-0.075083
14.19,-0.0755
14.2,-0.075894
14.21,-0.076259
14.22,-0.076591
14.23,-0.076888
14.24,-0.077147
14.25,-0.077364
14.26,-0.077539
14.27,-0.07767
14.28,-0.077762
14.29,-0.077808
14.3,-0.077792
14.31,-0.077723
14.32,-0.077598
14.33,-0.077429
14.34,-0.077209
14.35,-0.076931
14.36,-0.07659
14.37,-0.076191
14.38,-0.075746
14.391,-0.075259
14.401,-0.074721
14.411,-0.074129
14.421,-0.07348
14.431,-0.072788
14.441,-0.07206
14.451,-0.071282
14.461,-0.070456
14.471,-0.069584
14.481,-0.068679
14.491,-0.067729
14.501,-0.066751
14.511,-0.065741
14.521,-0.064711
14.531,-0.063657
14.541,-0.062577
14.551,-0.061479
14.561,-0.060367
14.571,-0.059243
14.581,-0.058107
14.591,-0.056971
14.601,-0.055841
14.611,-0.054712
14.621,-0.053605
14.631,-0.052503
14.641,-0.051422
14.651,-0.050359
14.661,-0.049315
14.671,-0.048295
14.681,-0.047304
14.691,-0.046358
14.701,-0.045445
14.711,-0.044568
14.721,-0.043735
14.731,-0.042961
14.741,-0.04224
14.751,-0.041573
14.761,-0.040964
14.771,-0.040418
14.781,-0.03994
14.791,-0.039517
14.801,-0.039165
14.811,-0.038875
14.821,-0.038658
14.831,-0.038514
14.841,-0.038441
14.851,-0.038441
14.862,-0.038524
14.872,-0.038692
14.882,-0.038936
14.892,-0.03926
14.902,-0.039661
14.912,-0.040143
14.922,-0.040695
14.932,-0.041328
14.942,-0.042036
14.952,-0.042821
14.962,-0.043694
14.972,-0.044641
14.982,-0.045676
14.992,-0.046787
15.002,-0.047965
15.012,-0.049224
15.022,-0.050564
15.032,-0.051972
15.042,-0.053461
15.052,-0.055021
15.062,-0.056656
15.072,-0.058368
15.082,-0.06016
15.092,-0.062022
15.102,-0.063944
15.112,-0.065942
15.122,-0.068015
15.132,-0.070142
15.142,-0.072336
15.152,-0.074585
15.162,-0.076912
15.172,-0.079311
15.182,-0.081776
15.192,-0.084308
15.202,-0.086913
15.212,-0.089602
15.222,-0.092337
15.232,-0.095105
15.242,-0.097945
15.252,-0.10086
15.262,-0.10385
15.272,-0.1069
15.282,-0.11001
15.292,-0.11316
15.302,-0.11636
15.312,-0.11963
15.322,-0.12294
15.333,-0.12629
15.343,-0.12969
15.353,-0.13313
15.363,-0.13663
15.373,-0.14019
15.383,-0.1438
15.393,-0.14744
15.403,-0.15112
15.413,-0.15484
15.423,-0.15861
15.433,-0.16243
15.443,-0.16627
15.453,-0.17015
15.463,-0.17405
15.473,-0.17799
15.483,-0.18196
15.493,-0.18591
15.503,-0.18989
15.513,-0.19389
15.523,-0.1979
15.533,-0.20191
15.543,-0.20591
15.553,-0.20993
15.563,-0.21396
15.573,-0.218
15.583,-0.22206
15.593,-0.22608
15.603,-0.23012
15.613,-0.23417
15.623,-0.23818
15.633,-0.24218
15.643,-0.24616
15.653,-0.25014
15.663,-0.2541
15.673,-0.25802
15.683,-0.2619
15.693,-0.26576
15.703,-0.26961
15.713,-0.27344
15.723,-0.27724
15.733,-0.28098
15.743,-0.28469
15.753,-0.28839
15.763,-0.29205
15.773,-0.29569
15.783,-0.29931
15.793,-0.3029
15.804,-0.30648
15.814,-0.31001
15.824,-0.31353
15.834,-0.31702
15.844,-0.32049
15.854,-0.32391
15.864,-0.32731
15.874,-0.3307
15.884,-0.33408
15.894,-0.33743
15.904,-0.34078
15.914,-0.34414
15.924,-0.3475
15.934,-0.35087
15.944,-0.35423
15.954,-0.35758
15.964,-0.36097
15.974,-0.36441
15.984,-0.36785
15.994,-0.37133
16.004,-0.37485
16.014,-0.37844
16.024,-0.38202
16.034,-0.38563
16.044,-0.38931
16.054,-0.39305
16.064,-0.39683
16.074,-0.40066
16.084,-0.40459
16.094,-0.40859
16.104,-0.4127
16.114,-0.41688
16.124,-0.42113
16.134,-0.42549
16.144,-0.42994
16.154,-0.43449
16.164,-0.43919
16.174,-0.44401
16.184,-0.44897
16.194,-0.45403
16.204,-0.45922
16.214,-0.46456
16.224,-0.47002
16.234,-0.4756
16.244,-0.48129
16.254,-0.48709
16.264,-0.49302
16.275,-0.49911
16.285,-0.50535
16.295,-0.51171
16.305,-0.51824
16.315,-0.5249
16.325,-0.53167
16.335,-0.53858
16.345,-0.54564
16.355,-0.55282
16.365,-0.56013
16.375,-0.56756
16.385,-0.57509
16.395,-0.5827
16.405,-0.59047
16.415,-0.59837
16.425,-0.60629
16.435,-0.61426
16.445,-0.62232
16.455,-0.63047
16.465,-0.63861
16.475,-0.64686
16.485,-0.65513
16.495,-0.66341
16.505,-0.6717
16.515,-0.68002
16.525,-0.68829
16.535,-0.69648
16.545,-0.70458
16.555,-0.71261
16.565,-0.72054
16.575,-0.72831
16.585,-0.73591
16.595,-0.74334
16.605,-0.75052
16.615,-0.75741
16.625,-0.76407
16.635,-0.77046
16.645,-0.77649
16.655,-0.78217
16.665,-0.78743
16.675,-0.79231
16.685,-0.79674
16.695,-0.80069
16.705,-0.80414
16.715,-0.80707
16.725,-0.80939
16.735,-0.81107
16.746,-0.81209
16.756,-0.81242
16.766,-0.81202
16.776,-0.81085
16.786,-0.80889
16.796,-0.80608
16.806,-0.80241
16.816,-0.79785
16.826,-0.79234
16.836,-0.78587
16.846,-0.77845
16.856,-0.76997
16.866,-0.76052
16.876,-0.74989
16.886,-0.73818
16.896,-0.72536
16.906,-0.71142
16.916,-0.69627
16.926,-0.67986
16.936,-0.66242
16.946,-0.64364
16.956,-0.62365
16.966,-0.60255
16.976,-0.58027
16.986,-0.55669
16.996,-0.5319
17.006,-0.50596
17.016,-0.47888
17.026,-0.45052
17.036,-0.42097
17.046,-0.39044
17.056,-0.35882
17.066,-0.32606
17.076,-0.29203
17.086,-0.25683
17.096,-0.22069
17.106,-0.1835
17.116,-0.14549
17.126,-0.10622
17.136,-0.066578
17.146,-0.025817
17.156,0.015843
17.166,0.057882
17.176,0.10056
17.186,0.1443
17.196,0.18831
17.206,0.23289
17.217,0.27773
17.227,0.32313
17.237,0.36906
17.247,0.41449
17.257,0.46022
17.267,0.50631
17.277,0.55216
17.287,0.59827
17.297,0.64422
17.307,0.69018
17.317,0.73638
17.327,0.78201
17.337,0.82747
17.347,0.87261
17.357,0.91744
17.367,0.96175
17.377,1.0053
17.387,1.0483
17.397,1.0909
17.407,1.1329
17.417,1.1739
17.427,1.2143
17.437,1.2541
17.447,1.2929
17.457,1.3308
17.467,1.368
17.477,1.4042
17.487,1.4395
17.497,1.4739
17.507,1.5073
17.517,1.5396
17.527,1.5709
17.537,1.6011
17.547,1.6303
17.557,1.6582
17.567,1.685
17.577,1.7106
17.587,1.7351
17.597,1.7585
17.607,1.7808
17.617,1.8019
17.627,1.8219
17.637,1.8409
17.647,1.8585
17.657,1.875
17.667,1.8905
17.677,1.9049
17.688,1.918
17.698,1.9301
17.708,1.9411
17.718,1.951
17.728,1.9598
17.738,1.9675
17.748,1.9741
17.758,1.9796
17.768,1.9841
17.778,1.9876
17.788,1.99
17.798,1.9914
17.808,1.9919
17.818,1.9914
17.828,1.9899
17.838,1.9875
17.848,1.9842
17.858,1.9799
17.868,1.9748
17.878,1.9688
17.888,1.9619
17.898,1.9541
17.908,1.9456
17.918,1.9362
17.928,1.926
17.938,1.9151
17.948,1.9034
17.958,1.8909
17.968,1.8777
17.978,1.8639
17.988,1.8493
17.998,1.8342
18.008,1.8184
18.018,1.8019
18.028,1.7848
18.038,1.767
18.048,1.7486
18.058,1.7298
18.068,1.7104
18.078,1.6905
18.088,1.6701
18.098,1.6492
18.108,1.6278
18.118,1.606
18.128,1.5838
18.138,1.5612
18.148,1.538
18.159,1.5147
18.169,1.491
18.179,1.467
18.189,1.4426
18.199,1.418
18.209,1.3932
18.219,1.368
18.229,1.3424
18.239,1.3168
18.249,1.291
18.259,1.2649
18.269,1.2386
18.279,1.2121
18.289,1.1858
18.299,1.1593
18.309,1.1329
18.319,1.1062
18.329,1.0795
18.339,1.0528
18.349,1.0261
18.359,0.99926
18.369,0.97254
18.379,0.94585
18.389,0.91921
18.399,0.89254
18.409,0.86597
18.419,0.83954
18.429,0.81316
18.439,0.78679
18.449,0.76068
18.459,0.73467
18.469,0.70865
18.479,0.6829
18.489,0.65733
18.499,0.63177
18.509,0.60631
18.519,0.58138
18.529,0.55657
18.539,0.53182
18.549,0.50718
18.559,0.4829
18.569,0.4589
18.579,0.43502
18.589,0.41128
18.599,0.38792
18.609,0.36486
18.619,0.34185
18.63,0.31904
18.64,0.29646
18.65,0.27416
18.66,0.25206
18.67,0.23018
18.68,0.2085
18.69,0.18714
18.7,0.16609
18.71,0.14518
18.72,0.12447
18.73,0.10395
18.74,0.083658
18.75,0.063693
18.76,0.043984
18.77,0.024477
18.78,0.0052017
18.79,-0.013894
18.8,-0.032636
18.81,-0.05112
18.82,-0.069386
18.83,-0.087391
18.84,-0.10517
18.85,-0.12268
18.86,-0.13993
18.87,-0.15695
18.88,-0.17375
18.89,-0.19018
18.9,-0.20641
18.91,-0.22231
18.92,-0.23798
18.93,-0.25336
18.94,-0.26846
18.95,-0.28331
18.96,-0.29785
18.97,-0.31198
18.98,-0.32588
18.99,-0.33955
19,-0.35296
19.01,-0.36596
19.02,-0.37865
19.03,-0.39111
19.04,-0.40321
19.05,-0.41498
19.06,-0.42643
19.07,-0.43765
19.08,-0.4485
19.09,-0.45901
19.101,-0.46921
19.111,-0.47913
19.121,-0.48861
19.131,-0.4978
19.141,-0.50673
19.151,-0.51529
19.161,-0.52348
19.171,-0.53137
19.181,-0.53898
19.191,-0.54625
19.201,-0.55319
19.211,-0.5598
19.221,-0.56613
19.231,-0.57216
19.241,-0.57787
19.251,-0.58333
19.261,-0.58848
19.271,-0.59336
19.281,-0.59795
19.291,-0.60228
19.301,-0.60636
19.311,-0.6102
19.321,-0.61377
19.331,-0.61709
19.341,-0.62017
19.351,-0.62301
19.361,-0.62565
19.371,-0.62808
19.381,-0.63029
19.391,-0.63231
19.401,-0.63414
19.411,-0.6358
19.421,-0.63728
19.431,-0.63859
19.441,-0.63975
19.451,-0.64076
19.461,-0.64162
19.471,-0.64234
19.481,-0.64294
19.491,-0.64341
19.501,-0.64377
19.511,-0.64402
19.521,-0.64417
19.531,-0.64422
19.541,-0.64417
19.551,-0.64403
19.561,-0.6438
19.572,-0.64349
19.582,-0.6431
19.592,-0.64264
19.602,-0.64212
19.612,-0.64153
19.622,-0.64089
19.632,-0.64019
19.642,-0.63944
19.652,-0.63864
19.662,-0.63779
19.672,-0.63688
19.682,-0.63593
19.692,-0.63493
19.702,-0.63388
19.712,-0.63279
19.722,-0.63166
19.732,-0.63049
19.742,-0.62928
19.752,-0.62803
19.762,-0.62673
19.772,-0.62539
19.782,-0.624
19.792,-0.62257
19.802,-0.6211
19.812,-0.61959
19.822,-0.61804
19.832,-0.61644
19.842,-0.61478
19.852,-0.61308
19.862,-0.61135
19.872,-0.60956
19.882,-0.60772
19.892,-0.60582
19.902,-0.60388
19.912,-0.6019
19.922,-0.59985
19.932,-0.59774
19.942,-0.59555
19.952,-0.59332
19.962,-0.59103
19.972,-0.58868
19.982,-0.58627
19.992,-0.5838
20.002,-0.58127
20.012,-0.57865
20.022,-0.57596
20.032,-0.57323
20.042,-0.5704
20.053,-0.56751
20.063,-0.56455
20.073,-0.56152
20.083,-0.55841
20.093,-0.55523
20.103,-0.55198
20.113,-0.54865
20.123,-0.54523
20.133,-0.54175
20.143,-0.53817
20.153,-0.5345
20.163,-0.53079
20.173,-0.527
20.183,-0.52312
20.193,-0.51916
20.203,-0.51513
20.213,-0.51106
20.223,-0.5069
20.233,-0.50264
20.243,-0.49833
20.253,-0.49396
20.263,-0.48953
20.273,-0.48504
20.283,-0.48048
20.293,-0.47588
20.303,-0.4712
20.313,-0.46646
20.323,-0.4617
20.333,-0.45691
20.343,-0.45208
20.353,-0.44717
20.363,-0.44224
20.373,-0.43728
20.383,-0.43232
20.393,-0.42734
20.403,-0.42234
20.413,-0.41733
20.423,-0.41232
20.433,-0.4073
20.443,-0.40226
20.453,-0.39722
20.463,-0.3922
20.473,-0.38723
20.483,-0.38226
20.493,-0.3773
20.503,-0.37234
20.513,-0.36743
20.524,-0.36257
20.534,-0.35771
20.544,-0.3529
20.554,-0.34815
20.564,-0.34345
20.574,-0.33877
20.584,-0.33415
20.594,-0.3296
20.604,-0.32512
20.614,-0.32069
20.624,-0.31633
20.634,-0.31201
20.644,-0.30776
20.654,-0.30358
20.664,-0.29949
20.674,-0.29546
20.684,-0.29146
20.694,-0.28757
20.704,-0.28376
20.714,-0.28
20.724,-0.27627
20.734,-0.27263
20.744,-0.26905
20.754,-0.26553
20.764,-0.26208
20.774,-0.25866
20.784,-0.25532
20.794,-0.25205
20.804,-0.24881
20.814,-0.24562
20.824,-0.24247
20.834,-0.23936
20.844,-0.2363
20.854,-0.23328
20.864,-0.23029
20.874,-0.22732
20.884,-0.22439
20.894,-0.22149
20.904,-0.2186
20.914,-0.21573
20.924,-0.2129
20.934,-0.21008
20.944,-0.20728
20.954,-0.20449
20.964,-0.20169
20.974,-0.19892
20.984,-0.19616
20.995,-0.19341
21.005,-0.19065
21.015,-0.18791
21.025,-0.18519
21.035,-0.18249
21.045,-0.1798
21.055,-0.1771
21.065,-0.17441
21.075,-0.17175
21.085,-0.16911
21.095,-0.16646
21.105,-0.16382
21.115,-0.16121
21.125,-0.15863
21.135,-0.15607
21.145,-0.15351
21.155,-0.15098
21.165,-0.14848
21.175,-0.14601
21.185,-0.14358
21.195,-0.14118
21.205,-0.13881
21.215,-0.13646
21.225,-0.13416
21.235,-0.13191
21.245,-0.12968
21.255,-0.12748
21.265,-0.12536
21.275,-0.12328
21.285,-0.12123
21.295,-0.11922
21.305,-0.11726
21.315,-0.11536
21.325,-0.11351
21.335,-0.11169
21.345,-0.10993
21.355,-0.10821
21.365,-0.10654
21.375,-0.1049
21.385,-0.10329
21.395,-0.10174
21.405,-0.10024
21.415,-0.09876
21.425,-0.097299
21.435,-0.095856
21.445,-0.094459
21.455,-0.093073
21.466,-0.091723
21.476,-0.090376
21.486,-0.089037
21.496,-0.087702
21.506,-0.086375
21.516,-0.085037
21.526,-0.083687
21.536,-0.082326
21.546,-0.080957
21.556,-0.07957
21.566,-0.078143
21.576,-0.076688
21.586,-0.075223
21.596,-0.073727
21.606,-0.072185
21.616,-0.070581
21.626,-0.06893
21.636,-0.06724
21.646,-0.065492
21.656,-0.063686
21.666,-0.061811
21.676,-0.059891
21.686,-0.057912
21.696,-0.055876
21.706,-0.053745
21.716,-0.051544
21.726,-0.04929
21.736,-0.046975
21.746,-0.044584
21.756,-0.042106
21.766,-0.039592
21.776,-0.037026
21.786,-0.034384
21.796,-0.031669
21.806,-0.028886
21.816,-0.026062
21.826,-0.02319
21.836,-0.020266
21.846,-0.017273
21.856,-0.014226
21.866,-0.011166
21.876,-0.0080768
21.886,-0.0049472
21.896,-0.0017581
21.906,0.0014747
21.916,0.004707
21.926,0.0079674
21.937,0.011245
21.947,0.014551
21.957,0.017868
21.967,0.021195
21.977,0.024501
21.987,0.027817
21.997,0.031132
22.007,0.034421
22.017,0.037684
22.027,0.040917
22.037,0.044172
22.047,0.047418
22.057,0.0506
22.067,0.053754
22.077,0.056858
22.087,0.059949
22.097,0.062987
22.107,0.065962
22.117,0.06888
22.127,0.071767
22.137,0.074609
22.147,0.077392
22.157,0.080096
22.167,0.082754
22.177,0.08537
22.187,0.087899
22.197,0.090355
22.207,0.09274
22.217,0.095059
22.227,0.097313
22.237,0.099489
22.247,0.10159
22.257,0.1036
22.267,0.10555
22.277,0.10743
22.287,0.10922
22.297,0.11091
22.307,0.11253
22.317,0.11407
22.327,0.11553
22.337,0.1169
22.347,0.11817
22.357,0.11938
22.367,0.12051
22.377,0.12154
22.387,0.12249
22.397,0.12335
22.408,0.12413
22.418,0.12484
22.428,0.12546
22.438,0.126
22.448,0.12646
22.458,0.12684
22.468,0.12714
22.478,0.12736
22.488,0.12749
22.498,0.12754
22.508,0.12752
22.518,0.12741
22.528,0.12724
22.538,0.12698
22.548,0.12666
22.558,0.12626
22.568,0.12579
22.578,0.12525
22.588,0.12465
22.598,0.12397
22.608,0.12323
22.618,0.12242
22.628,0.12156
22.638,0.12063
22.648,0.11963
22.658,0.11859
22.668,0.11749
22.678,0.11633
22.688,0.11512
22.698,0.11386
22.708,0.11254
22.718,0.1112
22.728,0.1098
22.738,0.10836
22.748,0.10688
22.758,0.10535
22.768,0.10379
22.778,0.1022
22.788,0.10057
22.798,0.098908
22.808,0.097215
22.818,0.09549
22.828,0.093746
22.838,0.091989
22.848,0.090214
22.858,0.088418
22.868,0.0866
22.879,0.084763
22.889,0.082905
22.899,0.081034
22.909,0.079165
22.919,0.077283
22.929,0.075394
22.939,0.073511
22.949,0.071616
22.959,0.069721
22.969,0.067827
22.979,0.065928
22.989,0.064033
22.999,0.062147
23.009,0.060269
23.019,0.0584
23.029,0.056522
23.039,0.054654
23.049,0.0528
23.059,0.050967
23.069,0.049143
23.079,0.047335
23.089,0.045562
23.099,0.043801
23.109,0.042051
23.119,0.040325
23.129,0.038615
23.139,0.036946
23.149,0.035286
23.159,0.033639
23.169,0.032016
23.179,0.030414
23.189,0.028856
23.199,0.027312
23.209,0.025776
23.219,0.024275
23.229,0.022798
23.239,0.021348
23.249,0.019924
23.259,0.01852
23.269,0.017148
23.279,0.015813
23.289,0.014498
23.299,0.013219
23.309,0.011956
23.319,0.010708
23.329,0.0094897
23.339,0.0082897
23.35,0.0070994
23.36,0.0059307
23.37,0.0047836
23.38,0.0036654
23.39,0.0025589
23.4,0.0014559
23.41,0.00037777
23.42,-0.00069236
23.43,-0.0017548
23.44,-0.0028034
23.45,-0.0038498
23.46,-0.0048839
23.47,-0.0059033
23.48,-0.0069168
23.49,-0.0079269
23.5,-0.0089336
23.51,-0.0099375
23.52,-0.010938
23.53,-0.011938
23.54,-0.012932
23.55,-0.013922
23.56,-0.014912
23.57,-0.0159
23.58,-0.016894
23.59,-0.017884
23.6,-0.018877
23.61,-0.019874
23.62,-0.020877
23.63,-0.02188
23.64,-0.022886
23.65,-0.023883
23.66,-0.024883
23.67,-0.02589
23.68,-0.026898
23.69,-0.027903
23.7,-0.028903
23.71,-0.029907
23.72,-0.030909
23.73,-0.031901
23.74,-0.032897
23.75,-0.033898
23.76,-0.034892
23.77,-0.035888
23.78,-0.036877
23.79,-0.037854
23.8,-0.038832
23.81,-0.039804
23.821,-0.040767
23.831,-0.041716
23.841,-0.042661
23.851,-0.0436
23.861,-0.04453
23.871,-0.045443
23.881,-0.046345
23.891,-0.047242
23.901,-0.048131
23.911,-0.048999
23.921,-0.049857
23.931,-0.050711
23.941,-0.051552
23.951,-0.052387
23.961,-0.053216
23.971,-0.054034
23.981,-0.054852
23.991,-0.055654
24.001,-0.056439
24.011,-0.057212
24.021,-0.057973
24.031,-0.058727
24.041,-0.059472
24.051,-0.060207
24.061,-0.060942
24.071,-0.061671
24.081,-0.062398
24.091,-0.063124
24.101,-0.063845
24.111,-0.064563
24.121,-0.065276
24.131,-0.065985
24.141,-0.066696
24.151,-0.067403
24.161,-0.068102
24.171,-0.068803
24.181,-0.069505
24.191,-0.070208
24.201,-0.070905
24.211,-0.0716
24.221,-0.072291
24.231,-0.072986
24.241,-0.073687
24.251,-0.074389
24.261,-0.075089
24.271,-0.075792
24.281,-0.076491
24.292,-0.077187
24.302,-0.077885
24.312,-0.07858
24.322,-0.079272
24.332,-0.079958
24.342,-0.080636
24.352,-0.081311
24.362,-0.081978
24.372,-0.082641
24.382,-0.083296
24.392,-0.083944
24.402,-0.084578
24.412,-0.085199
24.422,-0.08581
24.432,-0.086411
24.442,-0.086996
24.452,-0.08756
24.462,-0.088098
24.472,-0.088615
24.482,-0.089113
24.492,-0.089581
24.502,-0.090017
24.512,-0.090436
24.522,-0.090824
24.532,-0.09118
24.542,-0.091503
24.552,-0.091802
24.562,-0.092063
24.572,-0.092284
24.582,-0.092464
24.592,-0.092608
24.602,-0.092716
24.612,-0.092777
24.622,-0.092804
24.632,-0.092782
24.642,-0.092712
24.652,-0.092589
24.662,-0.092424
24.672,-0.092212
24.682,-0.091955
24.692,-0.091659
24.702,-0.091307
24.712,-0.090909
24.722,-0.09047
24.732,-0.089986
24.742,-0.089456
24.752,-0.08887
24.763,-0.088246
24.773,-0.087582
24.783,-0.086871
24.793,-0.086119
24.803,-0.085332
24.813,-0.084507
24.823,-0.083635
24.833,-0.08273
24.843,-0.081785
24.853,-0.080801
24.863,-0.079784
24.873,-0.078736
24.883,-0.077667
24.893,-0.076566
24.903,-0.075436
24.913,-0.07429
24.923,-0.073126
24.933,-0.071948
24.943,-0.070758
24.953,-0.06956
24.963,-0.068351
24.973,-0.067129
24.983,-0.065908
24.993,-0.064688
25.003,-0.063466
25.013,-0.062245
25.023,-0.061029
25.033,-0.059829
25.043,-0.058627
25.053,-0.057429
25.063,-0.056247
25.073,-0.055077
25.083,-0.053934
25.093,-0.052814
25.103,-0.051703
25.113,-0.050606
25.123,-0.049532
25.133,-0.048483
25.143,-0.047465
25.153,-0.04648
25.163,-0.045521
25.173,-0.044583
25.183,-0.043676
25.193,-0.042788
25.203,-0.041942
25.213,-0.041132
25.223,-0.04034
25.234,-0.039576
25.244,-0.038837
25.254,-0.038125
25.264,-0.03744
25.274,-0.036775
25.284,-0.036148
25.294,-0.035549
25.304,-0.03498
25.314,-0.034444
25.324,-0.033922
25.334,-0.033431
25.344,-0.032969
25.354,-0.032526
25.364,-0.032112
25.374,-0.031712
25.384,-0.031339
25.394,-0.030988
25.404,-0.030656
25.414,-0.030341
25.424,-0.030046
25.434,-0.02977
25.444,-0.029512
25.454,-0.02926
25.464,-0.029016
25.474,-0.028791
25.484,-0.028575
25.494,-0.028372
25.504,-0.028174
25.514,-0.027987
25.524,-0.027808
25.534,-0.027638
25.544,-0.027469
25.554,-0.027303
25.564,-0.027148
25.574,-0.026994
25.584,-0.026831
25.594,-0.026663
25.604,-0.026491
25.614,-0.026313
25.624,-0.026132
25.634,-0.025938
25.644,-0.025742
25.654,-0.025533
25.664,-0.025315
25.674,-0.025094
25.684,-0.024861
25.694,-0.024609
25.705,-0.02434
25.715,-0.024051
25.725,-0.02375
25.735,-0.023451
25.745,-0.023136
25.755,-0.022802
25.765,-0.022453
25.775,-0.022093
25.785,-0.021715
25.795,-0.021319
25.805,-0.020896
25.815,-0.020448
25.825,-0.019987
25.835,-0.019508
25.845,-0.019001
25.855,-0.01847
25.865,-0.017927
25.875,-0.017368
25.885,-0.016786
25.895,-0.016175
25.905,-0.015538
25.915,-0.014887
25.925,-0.014214
25.935,-0.013525
25.945,-0.012814
25.955,-0.012087
25.965,-0.011339
25.975,-0.010569
25.985,-0.0097844
25.995,-0.0089959
26.005,-0.0081821
26.015,-0.0073457
26.025,-0.0064925
26.035,-0.0056362
26.045,-0.0047699
26.055,-0.0038855
26.065,-0.0029989
26.075,-0.0021147
26.085,-0.0012271
26.095,-0.00033324
26.105,0.00056123
26.115,0.0014574
26.125,0.002349
26.135,0.0032384
26.145,0.004128
26.155,0.0050089
26.165,0.0058881
26.176,0.006754
26.186,0.0076182
26.196,0.008468
26.206,0.0093018
26.216,0.010127
26.226,0.010939
26.236,0.011736
26.246,0.012504
26.256,0.013259
26.266,0.013999
26.276,0.014715
26.286,0.015396
26.296,0.016057
26.306,0.016695
26.316,0.017307
26.326,0.017887
26.336,0.01844
26.346,0.01897
26.356,0.019469
26.366,0.019932
26.376,0.020358
26.386,0.020762
26.396,0.021134
26.406,0.021473
26.416,0.021784
26.426,0.022063
26.436,0.022317
26.446,0.022548
26.456,0.022749
26.466,0.022926
26.476,0.023072
26.486,0.023185
26.496,0.023267
26.506,0.02332
26.516,0.023351
26.526,0.023361
26.536,0.023346
26.546,0.023315
26.556,0.023262
26.566,0.023186
26.576,0.023094
26.586,0.022983
26.596,0.022849
26.606,0.022702
26.616,0.022545
26.626,0.022385
26.636,0.022219
26.647,0.022048
26.657,0.021865
26.667,0.021686
26.677,0.021506
26.687,0.021327
26.697,0.021144
26.707,0.020962
26.717,0.020786
26.727,0.020621
26.737,0.020464
26.747,0.020321
26.757,0.020191
26.767,0.020073
26.777,0.019977
26.787,0.019899
26.797,0.019833
26.807,0.019781
26.817,0.019751
26.827,0.019748
26.837,0.019766
26.847,0.019802
26.857,0.019857
26.867,0.019944
26.877,0.020053
26.887,0.020176
26.897,0.020319
26.907,0.020484
26.917,0.02066
26.927,0.020862
26.937,0.021086
26.947,0.021324
26.957,0.021579
26.967,0.021847
26.977,0.022128
26.987,0.022427
26.997,0.022735
27.007,0.023057
27.017,0.023391
27.027,0.023731
27.037,0.024085
27.047,0.02445
27.057,0.024823
27.067,0.025203
27.077,0.025582
27.087,0.025958
27.097,0.026343
27.107,0.026724
27.118,0.02711
27.128,0.027494
27.138,0.027879
27.148,0.028261
27.158,0.028634
27.168,0.028997
27.178,0.029356
27.188,0.029711
27.198,0.030056
27.208,0.03039
27.218,0.030719
27.228,0.031035
27.238,0.031335
27.248,0.031621
27.258,0.031888
27.268,0.032151
27.278,0.032404
27.288,0.032643
27.298,0.03286
27.308,0.033064
27.318,0.033247
27.328,0.03341
27.338,0.033561
27.348,0.033689
27.358,0.033805
27.368,0.033907
27.378,0.03399
27.388,0.034054
27.398,0.034092
27.408,0.034106
27.418,0.034108
27.428,0.034097
27.438,0.034065
27.448,0.034019
27.458,0.033945
27.468,0.03386
27.478,0.033764
27.488,0.033662
27.498,0.033536
27.508,0.033382
27.518,0.033214
27.528,0.033029
27.538,0.03283
27.548,0.032617
27.558,0.032386
27.568,0.032134
27.578,0.031872
27.589,0.031599
27.599,0.031307
27.609,0.030997
27.619,0.030675
27.629,0.030345
27.639,0.030009
27.649,0.029661
27.659,0.0293
27.669,0.028924
27.679,0.028527
27.689,0.028126
27.699,0.027722
27.709,0.027303
27.719,0.026886
27.729,0.026456
27.739,0.026017
27.749,0.025563
27.759,0.025095
27.769,0.02462
27.779,0.024138
27.789,0.023645
27.799,0.023142
27.809,0.022628
27.819,0.022102
27.829,0.021574
27.839,0.021032
27.849,0.020476
27.859,0.019915
27.869,0.019348
27.879,0.018762
27.889,0.018163
27.899,0.017553
27.909,0.016935
27.919,0.016308
27.929,0.01567
27.939,0.01502
27.949,0.014362
27.959,0.013699
27.969,0.013029
27.979,0.01235
27.989,0.011661
27.999,0.010954
28.009,0.010242
28.019,0.0095198
28.029,0.0087886
28.039,0.0080476
28.049,0.0073056
28.059,0.0065578
28.07,0.0057986
28.08,0.0050233
28.09,0.004244
28.1,0.0034579
28.11,0.0026709
28.12,0.0018716
28.13,0.0010604
28.14,0.00024475
28.15,-0.000574
28.16,-0.0013981
28.17,-0.0022272
28.18,-0.0030628
28.19,-0.0039092
28.2,-0.0047699
28.21,-0.0056398
28.22,-0.0065151
28.23,-0.0073821
28.24,-0.0082507
28.25,-0.0091373
28.26,-0.010036
28.27,-0.010942
28.28,-0.01186
28.29,-0.012778
28.3,-0.013695
28.31,-0.014609
28.32,-0.015519
28.33,-0.016431
28.34,-0.017345
28.35,-0.01825
28.36,-0.019164
28.37,-0.020088
28.38,-0.021009
28.39,-0.021921
28.4,-0.022824
28.41,-0.023732
28.42,-0.024636
28.43,-0.025519
28.44,-0.026394
28.45,-0.027265
28.46,-0.028124
28.47,-0.028967
28.48,-0.029789
28.49,-0.030599
28.5,-0.031402
28.51,-0.032189
28.52,-0.032961
28.53,-0.033713
28.541,-0.034446
28.551,-0.035151
28.561,-0.035828
28.571,-0.03648
28.581,-0.037109
28.591,-0.037711
28.601,-0.038282
28.611,-0.038823
28.621,-0.039321
28.631,-0.039788
28.641,-0.040228
28.651,-0.040631
28.661,-0.040984
28.671,-0.0413
28.681,-0.041586
28.691,-0.041824
28.701,-0.042016
28.711,-0.04217
28.721,-0.042279
28.731,-0.042347
28.741,-0.042373
28.751,-0.042358
28.761,-0.042299
28.771,-0.042191
28.781,-0.042036
28.791,-0.04183
28.801,-0.041583
28.811,-0.041292
28.821,-0.040956
28.831,-0.040574
28.841,-0.040149
28.851,-0.039676
28.861,-0.039161
28.871,-0.038606
28.881,-0.03802
28.891,-0.037397
28.901,-0.03673
28.911,-0.036025
28.921,-0.035289
28.931,-0.034523
28.941,-0.033729
28.951,-0.032909
28.961,-0.032071
28.971,-0.031223
28.981,-0.030361
28.991,-0.029487
29.001,-0.028603
29.012,-0.027713
29.022,-0.026803
29.032,-0.025891
29.042,-0.024975
29.052,-0.024064
29.062,-0.023152
29.072,-0.022247
29.082,-0.02135
29.092,-0.020459
29.102,-0.019591
29.112,-0.018739
29.122,-0.017907
29.132,-0.017098
29.142,-0.0163
29.152,-0.015525
29.162,-0.014775
29.172,-0.014045
29.182,-0.013341
29.192,-0.012663
29.202,-0.012021
29.212,-0.011421
29.222,-0.01085
29.232,-0.010296
29.242,-0.0097692
29.252,-0.009279
29.262,-0.0088269
29.272,-0.0084112
29.282,-0.0080364
29.292,-0.0076866
29.302,-0.0073557
29.312,-0.0070514
29.322,-0.0067747
29.332,-0.0065226
29.342,-0.0062917
29.352,-0.0060877
29.362,-0.0058993
29.372,-0.0057242
29.382,-0.0055655
29.392,-0.0054254
29.402,-0.0052935
29.412,-0.0051766
29.422,-0.0050687
29.432,-0.0049677
29.442,-0.004869
29.452,-0.0047721
29.462,-0.0046723
29.472,-0.0045711
29.483,-0.0044658
29.493,-0.0043523
29.503,-0.0042287
29.513,-0.0040864
29.523,-0.0039334
29.533,-0.0037693
29.543,-0.0035871
29.553,-0.0034009
29.563,-0.0031983
29.573,-0.0029712
29.583,-0.0027216
29.593,-0.0024592
29.603,-0.002188
29.613,-0.0018943
29.623,-0.0015778
29.633,-0.0012341
29.643,-0.00086434
29.653,-0.00046876
29.663,-5.52e-005
29.673,0.00036096
29.683,0.00079533
29.693,0.0012461
29.703,0.0017033
29.713,0.0021725
29.723,0.0026601
29.733,0.0031627
29.743,0.0036693
29.753,0.0041748
29.763,0.0046792
29.773,0.0051823
29.783,0.0056836
29.793,0.0061779
29.803,0.0066718
29.813,0.007154
29.823,0.0076191
29.833,0.0080722
29.843,0.008508
29.853,0.0089271
29.863,0.0093417
29.873,0.0097387
29.883,0.010109
29.893,0.010451
29.903,0.010769
29.913,0.011065
29.923,0.011329
29.933,0.011564
29.943,0.011769
29.954,0.01194
29.964,0.012082
29.974,0.012188
29.984,0.012255
29.994,0.012287
30.004,0.01229
30.014,0.012264
30.024,0.012206
30.034,0.012113
30.044,0.011987
30.054,0.011833
30.064,0.011643
30.074,0.011422
30.084,0.01117
30.094,0.010888
30.104,0.010575
30.114,0.01023
30.124,0.0098631
30.134,0.0094602
30.144,0.009036
30.154,0.0085999
30.164,0.008141
30.174,0.0076679
30.184,0.007178
30.194,0.0066795
30.204,0.0061632
30.214,0.0056433
30.224,0.0051237
30.234,0.0045951
30.244,0.004067
30.254,0.0035407
30.264,0.0030134
30.274,0.0024926
30.284,0.001968
30.294,0.0014341
30.304,0.00090844
30.314,0.00039344
30.324,-0.0001122
30.334,-0.00060878
30.344,-0.0010995
30.354,-0.0015736
30.364,-0.0020357
30.374,-0.0024842
30.384,-0.0029195
30.394,-0.0033389
30.404,-0.0037414
30.414,-0.0041211
30.425,-0.0044841
30.435,-0.0048329
30.445,-0.0051644
30.455,-0.0054798
30.465,-0.00577
30.475,-0.0060399
30.485,-0.0062978
30.495,-0.0065398
30.505,-0.0067635
30.515,-0.0069712
30.525,-0.0071618
30.535,-0.0073339
30.545,-0.0074829
30.555,-0.0076099
30.565,-0.0077298
30.575,-0.0078303
30.585,-0.0079086
30.595,-0.0079729
30.605,-0.0080318
30.615,-0.0080781
30.625,-0.0081068
30.635,-0.0081181
30.645,-0.0081128
30.655,-0.0081028
30.665,-0.0080823
30.675,-0.0080434
30.685,-0.0079904
30.695,-0.0079269
30.705,-0.0078607
30.715,-0.007789
30.725,-0.0077051
30.735,-0.0076174
30.745,-0.0075221
30.755,-0.0074248
30.765,-0.0073238
30.775,-0.0072119
30.785,-0.0070979
30.795,-0.0069848
30.805,-0.0068698
30.815,-0.006763
30.825,-0.0066568
30.835,-0.0065483
30.845,-0.0064401
30.855,-0.0063464
30.865,-0.0062585
30.875,-0.0061732
30.885,-0.0060984
30.896,-0.0060259
30.906,-0.0059544
30.916,-0.0058881
30.926,-0.0058334
30.936,-0.0057953
30.946,-0.0057581
30.956,-0.0057199
30.966,-0.0056889
30.976,-0.0056627
30.986,-0.0056541
30.996,-0.0056593
31.006,-0.0056679
31.016,-0.0056854
31.026,-0.0057127
31.036,-0.0057468
31.046,-0.0057863
31.056,-0.0058362
31.066,-0.005898
31.076,-0.0059593
31.086,-0.0060169
31.096,-0.0060785
31.106,-0.00614
31.116,-0.0062145
31.126,-0.0062898
31.136,-0.0063548
31.146,-0.0064072
31.156,-0.0064573
31.166,-0.0064972
31.176,-0.0065347
31.186,-0.0065471
31.196,-0.0065489
31.206,-0.0065471
31.216,-0.006531
31.226,-0.0065037
31.236,-0.006457
31.246,-0.0063875
31.256,-0.0063098
31.266,-0.0062084
31.276,-0.0060893
31.286,-0.0059589
31.296,-0.0058068
31.306,-0.0056373
31.316,-0.005444
31.326,-0.0052222
31.336,-0.0049846
31.346,-0.0047316
31.356,-0.004469
31.367,-0.0041885
31.377,-0.0038895
31.387,-0.0035713
31.397,-0.0032351
31.407,-0.0028765
31.417,-0.002498
31.427,-0.0021083
31.437,-0.0016941
31.447,-0.0012665
31.457,-0.00082306
31.467,-0.00036045
31.477,0.00011081
31.487,0.00059546
31.497,0.0010913
31.507,0.0016021
31.517,0.0021212
31.527,0.0026407
31.537,0.0031639
31.547,0.0036895
31.557,0.0042155
31.567,0.0047289
31.577,0.0052284
31.587,0.0057183
31.597,0.0061971
31.607,0.0066527
31.617,0.0070958
31.627,0.0075222
31.637,0.0079322
31.647,0.0083214
31.657,0.0086756
31.667,0.0090004
31.677,0.0093001
31.687,0.0095762
31.697,0.0098215
31.707,0.010047
31.717,0.010242
31.727,0.010399
31.737,0.010518
31.747,0.010603
31.757,0.010663
31.767,0.010694
31.777,0.010697
31.787,0.010666
31.797,0.010599
31.807,0.010509
31.817,0.010383
31.827,0.010224
31.838,0.010043
31.848,0.0098312
31.858,0.0095866
31.868,0.0093133
31.878,0.009018
31.888,0.0087127
31.898,0.0083752
31.908,0.0080253
31.918,0.0076605
31.928,0.0072875
31.938,0.0069057
31.948,0.0065165
31.958,0.0061148
31.968,0.0057192
31.978,0.0053245
31.988,0.0049272
31.998,0.0045274
32.008,0.0041278
32.018,0.0037354
32.028,0.003346
32.038,0.0029595
32.048,0.002592
32.058,0.00223
32.068,0.0018816
32.078,0.0015529
32.088,0.0012448
32.098,0.00095645
32.108,0.000693
32.118,0.00044827
32.128,0.00022661
32.138,3.3261e-005
32.148,-0.00013677
32.158,-0.00028261
32.168,-0.00039716
32.178,-0.00047745
32.188,-0.00053226
32.198,-0.00056756
32.208,-0.00057775
32.218,-0.00054948
32.228,-0.0004898
32.238,-0.00040693
32.248,-0.00029346
32.258,-0.00015627
32.268,1.2606e-005
32.278,0.00020455
32.288,0.00043111
32.298,0.00067894
32.309,0.00096202
32.319,0.0012651
32.329,0.0015979
32.339,0.0019656
32.349,0.0023601
32.359,0.0027761
32.369,0.0032251
32.379,0.0036965
32.389,0.0042012
32.399,0.0047324
32.409,0.0053095
32.419,0.0059019
32.429,0.0064886
32.439,0.0070976
32.449,0.007733
32.459,0.0083867
32.469,0.0090628
32.479,0.0097737
32.489,0.010498
32.499,0.011241
32.509,0.012002
32.519,0.012777
32.529,0.013557
32.539,0.014336
32.549,0.015121
32.559,0.015915
32.569,0.016704
32.579,0.017501
32.589,0.018292
32.599,0.01907
32.609,0.019821
32.619,0.020579
32.629,0.021325
32.639,0.022054
32.649,0.022783
32.659,0.023484
32.669,0.024157
32.679,0.024804
32.689,0.025425
32.699,0.02603
32.709,0.026597
32.719,0.027144
32.729,0.027656
32.739,0.028137
32.749,0.028584
32.759,0.028992
32.769,0.02937
32.78,0.029709
32.79,0.030024
32.8,0.030313
32.81,0.03056
32.82,0.03077
32.83,0.030952
32.84,0.031109
32.85,0.03123
32.86,0.031317
32.87,0.031375
32.88,0.031405
32.89,0.031411
32.9,0.031389
32.91,0.031338
32.92,0.031263
32.93,0.031176
32.94,0.031065
32.95,0.030934
32.96,0.030785
32.97,0.03062
32.98,0.030445
32.99,0.030259
33,0.030071
33.01,0.029874
33.02,0.029675
33.03,0.029473
33.04,0.029273
33.05,0.029073
33.06,0.028876
33.07,0.028685
33.08,0.028499
33.09,0.028328
33.1,0.028163
33.11,0.028019
33.12,0.02789
33.13,0.027777
33.14,0.027677
33.15,0.027586
33.16,0.027517
33.17,0.027467
33.18,0.027432
33.19,0.027415
33.2,0.027416
33.21,0.02743
33.22,0.027459
33.23,0.027499
33.24,0.027556
33.251,0.027626
33.261,0.027704
33.271,0.027787
33.281,0.027872
33.291,0.027965
33.301,0.028062
33.311,0.028161
33.321,0.028256
33.331,0.028346
33.341,0.028424
33.351,0.028496
33.361,0.028558
33.371,0.028602
33.381,0.028628
33.391,0.028634
33.401,0.028617
33.411,0.028573
33.421,0.028499
33.431,0.028394
33.441,0.028253
33.451,0.028079
33.461,0.027876
33.471,0.027621
33.481,0.027321
33.491,0.026975
33.501,0.026601
33.511,0.026182
33.521,0.02571
33.531,0.025187
33.541,0.024623
33.551,0.024023
33.561,0.023377
33.571,0.02268
33.581,0.021949
33.591,0.021178
33.601,0.020376
33.611,0.019539
33.621,0.018672
33.631,0.017778
33.641,0.016855
33.651,0.015912
33.661,0.014958
33.671,0.013991
33.681,0.013012
33.691,0.012004
33.701,0.01098
33.711,0.0099519
33.722,0.0089126
33.732,0.0078615
33.742,0.0068122
33.752,0.0057824
33.762,0.0047526
33.772,0.0037218
33.782,0.0027137
33.792,0.0017323
33.802,0.00076774
33.812,-0.00017012
33.822,-0.0010899
33.832,-0.0019768
33.842,-0.0028374
33.852,-0.0036551
33.862,-0.0044247
33.872,-0.0051481
33.882,-0.0058325
33.892,-0.0064769
33.902,-0.007075
33.912,-0.007636
33.922,-0.0081499
33.932,-0.0086084
33.942,-0.0090206
33.952,-0.0093715
33.962,-0.0096718
33.972,-0.0099176
33.982,-0.010113
33.992,-0.010261
34.002,-0.010338
34.012,-0.010364
34.022,-0.010331
34.032,-0.010249
34.042,-0.010101
34.052,-0.0099023
34.062,-0.0096566
34.072,-0.0093629
34.082,-0.009025
34.092,-0.008635
34.102,-0.0082081
34.112,-0.0077304
34.122,-0.0072095
34.132,-0.0066487
34.142,-0.0060415
34.152,-0.0054059
34.162,-0.0047374
34.172,-0.0040564
34.182,-0.003339
34.193,-0.0025965
34.203,-0.0018301
34.213,-0.0010473
34.223,-0.00024296
34.233,0.00057927
34.243,0.0014196
34.253,0.002276
34.263,0.003132
34.273,0.0039936
34.283,0.0048682
34.293,0.005741
34.303,0.0066089
34.313,0.0074824
34.323,0.0083553
34.333,0.0092383
34.343,0.010112
34.353,0.010972
34.363,0.011831
34.373,0.012692
34.383,0.013532
34.393,0.014348
34.403,0.015139
34.413,0.015924
34.423,0.016686
34.433,0.017429
34.443,0.018152
34.453,0.018845
34.463,0.019502
34.473,0.020135
34.483,0.020754
34.493,0.021352
34.503,0.02192
34.513,0.022466
34.523,0.022981
34.533,0.023477
34.543,0.023945
34.553,0.024385
34.563,0.024802
34.573,0.025192
34.583,0.025562
34.593,0.025909
34.603,0.026229
34.613,0.026524
34.623,0.026805
34.633,0.027063
34.643,0.027301
34.653,0.027534
34.664,0.027749
34.674,0.027946
34.684,0.028133
34.694,0.028305
34.704,0.028462
34.714,0.028602
34.724,0.028729
34.734,0.028852
34.744,0.028963
34.754,0.02907
34.764,0.029171
34.774,0.029274
34.784,0.029382
34.794,0.029483
34.804,0.029591
34.814,0.029699
34.824,0.029808
34.834,0.029923
34.844,0.030036
34.854,0.030163
34.864,0.030298
34.874,0.030432
34.884,0.03058
34.894,0.030739
34.904,0.030909
34.914,0.031086
34.924,0.031273
34.934,0.031473
34.944,0.031687
34.954,0.031915
34.964,0.03215
34.974,0.032395
34.984,0.032646
34.994,0.0329
35.004,0.033151
35.014,0.033426
35.024,0.033707
35.034,0.033993
35.044,0.034289
35.054,0.034591
35.064,0.034886
35.074,0.03518
35.084,0.035483
35.094,0.035779
35.104,0.036076
35.114,0.03637
35.124,0.036654
35.135,0.03693
35.145,0.037202
35.155,0.037461
35.165,0.037716
35.175,0.037956
35.185,0.038178
35.195,0.038381
35.205,0.038569
35.215,0.038746
35.225,0.038895
35.235,0.039025
35.245,0.039132
35.255,0.039209
35.265,0.039266
35.275,0.039291
35.285,0.039276
35.295,0.039238
35.305,0.039174
35.315,0.03907
35.325,0.03893
35.335,0.038758
35.345,0.038554
35.355,0.038313
35.365,0.038036
35.375,0.037727
35.385,0.037385
35.395,0.037007
35.405,0.036598
35.415,0.036163
35.425,0.0357
35.435,0.035208
35.445,0.034681
35.455,0.03413
35.465,0.033551
35.475,0.032936
35.485,0.032299
35.495,0.03165
35.505,0.030979
35.515,0.030281
35.525,0.029564
35.535,0.028842
35.545,0.028105
35.555,0.027351
35.565,0.02659
35.575,0.025821
35.585,0.025045
35.595,0.024264
35.606,0.023477
35.616,0.02268
35.626,0.021872
35.636,0.02108
35.646,0.020288
35.656,0.019488
35.666,0.018697
35.676,0.017916
35.686,0.017144
35.696,0.016375
35.706,0.015614
35.716,0.014864
35.726,0.014129
35.736,0.01341
35.746,0.012698
35.756,0.011997
35.766,0.011312
35.776,0.010647
35.786,0.0099944
35.796,0.0093511
35.806,0.008722
35.816,0.0081181
35.826,0.0075306
35.836,0.0069563
35.846,0.006397
35.856,0.0058616
35.866,0.0053468
35.876,0.0048409
35.886,0.0043526
35.896,0.0038936
35.906,0.0034467
35.916,0.0030135
35.926,0.0026053
35.936,0.0022137
35.946,0.0018403
35.956,0.0014802
35.966,0.0011373
35.976,0.00081423
35.986,0.00051022
35.996,0.00021712
36.006,-5.5636e-005
36.016,-0.00030834
36.026,-0.00053416
36.036,-0.00074664
36.046,-0.00094437
36.056,-0.0011291
36.066,-0.0012957
36.076,-0.0014499
36.087,-0.0015942
36.097,-0.0017312
36.107,-0.0018516
36.117,-0.0019559
36.127,-0.0020498
36.137,-0.0021325
36.147,-0.0021977
36.157,-0.0022482
36.167,-0.0022863
36.177,-0.0023066
36.187,-0.0023136
36.197,-0.0023115
36.207,-0.0022969
36.217,-0.0022662
36.227,-0.0022318
36.237,-0.0021878
36.247,-0.0021404
36.257,-0.0020872
36.267,-0.0020247
36.277,-0.0019476
36.287,-0.0018666
36.297,-0.0017918
36.307,-0.0017135
36.317,-0.0016291
36.327,-0.0015497
36.337,-0.0014726
36.347,-0.001392
36.357,-0.0013115
36.367,-0.0012392
36.377,-0.0011697
36.387,-0.0010981
36.397,-0.0010307
36.407,-0.00097212
36.417,-0.00091684
36.427,-0.00085908
36.437,-0.00080999
36.447,-0.00076662
36.457,-0.00071629
36.467,-0.0006716
36.477,-0.00062908
36.487,-0.00059159
36.497,-0.00054831
36.507,-0.00051557
36.517,-0.00048404
36.527,-0.00045152
36.537,-0.00041903
36.547,-0.00038689
36.558,-0.00034602
36.568,-0.00030344
36.578,-0.00026133
36.588,-0.00020822
36.598,-0.00015034
36.608,-8.5449e-005
36.618,-1.3988e-005
36.628,6.3685e-005
36.638,0.0001492
36.648,0.00024062
36.658,0.00033919
36.668,0.00044691
36.678,0.00056119
36.688,0.00068076
36.698,0.0008058
36.708,0.00093874
36.718,0.001094
36.728,0.0012642
36.738,0.0014513
36.748,0.0016473
36.758,0.0018468
36.768,0.0020645
36.778,0.0022897
36.788,0.0025186
36.798,0.0027559
36.808,0.0030032
36.818,0.0032521
36.828,0.0035023
36.838,0.0037568
36.848,0.0040105
36.858,0.0042617
36.868,0.0045141
36.878,0.0047632
36.888,0.0050093
36.898,0.0052503
36.908,0.0054774
36.918,0.0057051
36.928,0.0059239
36.938,0.0061239
36.948,0.0063156
36.958,0.006489
36.968,0.0066408
36.978,0.006771
36.988,0.006885
36.998,0.0069734
37.008,0.007028
37.018,0.0070545
37.029,0.0070472
37.039,0.0070088
37.049,0.0069439
37.059,0.0068387
37.069,0.0066942
37.079,0.0065184
37.089,0.0063094
37.099,0.0060706
37.109,0.0057988
37.119,0.0054798
37.129,0.0051256
37.139,0.0047348
37.149,0.0043135
37.159,0.0038529
37.169,0.0033666
37.179,0.0028599
37.189,0.0023169
37.199,0.0017455
37.209,0.001138
37.219,0.00051104
37.229,-0.00013134
37.239,-0.0007999
37.249,-0.0014853
37.259,-0.0021937
37.269,-0.0029255
37.279,-0.0036684
37.289,-0.0044199
37.299,-0.0051728
37.309,-0.0059437
37.319,-0.0067267
37.329,-0.0075137
37.339,-0.0082942
37.349,-0.0090732
37.359,-0.0098554
37.369,-0.010643
37.379,-0.01142
37.389,-0.012182
37.399,-0.012933
37.409,-0.01368
37.419,-0.01441
37.429,-0.015129
37.439,-0.015828
37.449,-0.016509
37.459,-0.017166
37.469,-0.017801
37.479,-0.018419
37.489,-0.019003
37.5,-0.019557
37.51,-0.020085
37.52,-0.020587
37.53,-0.021074
37.54,-0.021529
37.55,-0.021951
37.56,-0.022336
37.57,-0.022689
37.58,-0.023009
37.59,-0.023306
37.6,-0.023573
37.61,-0.023808
37.62,-0.024007
37.63,-0.024187
37.64,-0.024331
37.65,-0.024445
37.66,-0.024515
37.67,-0.024562
37.68,-0.024585
37.69,-0.024586
37.7,-0.024562
37.71,-0.024509
37.72,-0.024431
37.73,-0.024319
37.74,-0.024184
37.75,-0.024038
37.76,-0.023875
37.77,-0.023684
37.78,-0.023473
37.79,-0.02324
37.8,-0.02299
37.81,-0.022716
37.82,-0.022422
37.83,-0.022114
37.84,-0.021791
37.85,-0.021457
37.86,-0.021101
37.87,-0.020721
37.88,-0.020317
37.89,-0.019906
37.9,-0.01948
37.91,-0.01904
37.92,-0.01858
37.93,-0.018105
37.94,-0.017626
37.95,-0.017124
37.96,-0.016618
37.971,-0.016107
37.981,-0.01558
37.991,-0.015035
38.001,-0.014476
38.011,-0.013914
38.021,-0.013353
38.031,-0.012776
38.041,-0.01219
38.051,-0.011597
38.061,-0.010995
38.071,-0.010384
38.081,-0.0097717
38.091,-0.0091629
38.101,-0.008542
38.111,-0.0079166
38.121,-0.007289
38.131,-0.006665
38.141,-0.0060382
38.151,-0.0054026
38.161,-0.0047715
38.171,-0.0041336
38.181,-0.003494
38.191,-0.0028565
38.201,-0.00222
38.211,-0.0015895
38.221,-0.00096101
38.231,-0.00034052
38.241,0.00028337
38.251,0.0009111
38.261,0.0015392
38.271,0.0021712
38.281,0.0027966
38.291,0.0034025
38.301,0.004003
38.311,0.0046035
38.321,0.0052056
38.331,0.0057937
38.341,0.0063602
38.351,0.006925
38.361,0.0074696
38.371,0.0079948
38.381,0.0085134
38.391,0.0090219
38.401,0.0095091
38.411,0.0099776
38.421,0.010439
38.431,0.010883
38.442,0.011316
38.452,0.011734
38.462,0.012129
38.472,0.012506
38.482,0.01287
38.492,0.013222
38.502,0.013545
38.512,0.013858
38.522,0.014154
38.532,0.014426
38.542,0.014676
38.552,0.014912
38.562,0.015113
38.572,0.015295
38.582,0.015456
38.592,0.015589
38.602,0.015698
38.612,0.01579
38.622,0.015849
38.632,0.015893
38.642,0.015915
38.652,0.01592
38.662,0.015892
38.672,0.015844
38.682,0.015775
38.692,0.015679
38.702,0.015557
38.712,0.015416
38.722,0.015255
38.732,0.015067
38.742,0.014861
38.752,0.014633
38.762,0.014375
38.772,0.014097
38.782,0.013805
38.792,0.013496
38.802,0.013167
38.812,0.012818
38.822,0.012453
38.832,0.012082
38.842,0.011698
38.852,0.011304
38.862,0.010908
38.872,0.01049
38.882,0.010071
38.892,0.0096481
38.902,0.009209
38.913,0.0087631
38.923,0.0083177
38.933,0.007881
38.943,0.0074439
38.953,0.006998
38.963,0.006542
38.973,0.006081
38.983,0.0056326
38.993,0.0051807
39.003,0.0047226
39.013,0.0042734
39.023,0.0038382
39.033,0.0034038
39.043,0.0029838
39.053,0.0025721
39.063,0.0021645
39.073,0.0017759
39.083,0.0013959
39.093,0.0010291
39.103,0.00066555
39.113,0.00031495
39.123,-1.6398e-005
39.133,-0.00033036
39.143,-0.00063055
39.153,-0.00090742
39.163,-0.0011797
39.173,-0.0014346
39.183,-0.0016748
39.193,-0.0018915
39.203,-0.0020985
39.213,-0.0022926
39.223,-0.0024717
39.233,-0.002637
39.243,-0.0027824
39.253,-0.002912
39.263,-0.0030271
39.273,-0.0031268
39.283,-0.0032089
39.293,-0.0032814
39.303,-0.0033377
39.313,-0.0033832
39.323,-0.0034184
39.333,-0.0034261
39.343,-0.0034173
39.353,-0.0033917
39.363,-0.003352
39.373,-0.0032925
39.384,-0.003224
39.394,-0.0031384
39.404,-0.0030323
39.414,-0.0029091
39.424,-0.0027686
39.434,-0.0026092
39.444,-0.002432
39.454,-0.002253
39.464,-0.0020645
39.474,-0.0018525
39.484,-0.0016199
39.494,-0.001381
39.504,-0.0011283
39.514,-0.00086149
39.524,-0.0005874
39.534,-0.00028248
39.544,4.0161e-005
39.554,0.00036754
39.564,0.00071266
39.574,0.001072
39.584,0.0014512
39.594,0.0018328
39.604,0.002235
39.614,0.0026533
39.624,0.0030835
39.634,0.0035266
39.644,0.0039977
39.654,0.0044816
39.664,0.0049766
39.674,0.0054917
39.684,0.0060066
39.694,0.006528
39.704,0.0070565
39.714,0.0075904
39.724,0.0081265
39.734,0.0086761
39.744,0.0092262
39.754,0.0097845
39.764,0.010345
39.774,0.010913
39.784,0.011494
39.794,0.012081
39.804,0.01266
39.814,0.013239
39.824,0.013826
39.834,0.01441
39.844,0.014996
39.855,0.015592
39.865,0.016176
39.875,0.016758
39.885,0.017338
39.895,0.017915
39.905,0.018486
39.915,0.019057
39.925,0.019639
39.935,0.020204
39.945,0.020771
39.955,0.021331
39.965,0.021878
39.975,0.022413
39.985,0.022954
39.995,0.023488
40.005,0.02402
40.015,0.024548
40.025,0.02506
40.035,0.025563
40.045,0.026052
40.055,0.026526
40.065,0.026993
40.075,0.027455
40.085,0.027918
40.095,0.028366
40.105,0.028807
40.115,0.029252
40.125,0.029691
40.135,0.030119
40.145,0.030531
40.155,0.030934
40.165,0.03134
40.175,0.031742
40.185,0.032135
40.195,0.03253
40.205,0.032918
40.215,0.033301
40.225,0.033698
40.235,0.034086
40.245,0.03446
40.255,0.034826
40.265,0.035197
40.275,0.03556
40.285,0.035917
40.295,0.036281
40.305,0.036635
40.315,0.036993
40.326,0.03735
40.336,0.037714
40.346,0.038062
40.356,0.038411
40.366,0.038762
40.376,0.039108
40.386,0.039442
40.396,0.039774
40.406,0.040092
40.416,0.040399
40.426,0.040695
40.436,0.040987
40.446,0.041271
40.456,0.041543
40.466,0.041812
40.476,0.042076
40.486,0.042326
40.496,0.042553
40.506,0.042772
40.516,0.042981
40.526,0.043174
40.536,0.043351
40.546,0.043517
40.556,0.04367
40.566,0.043818
40.576,0.043952
40.586,0.04407
40.596,0.044185
40.606,0.044284
40.616,0.044365
40.626,0.044444
40.636,0.044511
40.646,0.044568
40.656,0.044619
40.666,0.044656
40.676,0.04467
40.686,0.044688
40.696,0.04469
40.706,0.044689
40.716,0.044685
40.726,0.044669
40.736,0.044639
40.746,0.044611
40.756,0.044587
40.766,0.044559
40.776,0.044538
40.786,0.044506
40.797,0.044475
40.807,0.044446
40.817,0.044421
40.827,0.044407
40.837,0.044398
40.847,0.044387
40.857,0.044374
40.867,0.044368
40.877,0.044372
40.887,0.044382
40.897,0.044403
40.907,0.044435
40.917,0.044475
40.927,0.044523
40.937,0.044573
40.947,0.044629
40.957,0.04469
40.967,0.044752
40.977,0.044826
40.987,0.044911
40.997,0.045007
41.007,0.045106
41.017,0.04521
41.027,0.045317
41.037,0.045433
41.047,0.04554
41.057,0.04565
41.067,0.045769
41.077,0.045899
41.087,0.046042
41.097,0.04619
41.107,0.046336
41.117,0.046494
41.127,0.046644
41.137,0.046796
41.147,0.046938
41.157,0.047077
41.167,0.047213
41.177,0.047351
41.187,0.047485
41.197,0.047621
41.207,0.047748
41.217,0.047874
41.227,0.047998
41.237,0.048115
41.247,0.048225
41.257,0.04834
41.268,0.048441
41.278,0.048541
41.288,0.048628
41.298,0.048693
41.308,0.04875
41.318,0.048804
41.328,0.048865
41.338,0.048924
41.348,0.04899
41.358,0.04905
41.368,0.049108
41.378,0.049169
41.388,0.049228
41.398,0.049287
41.408,0.049347
41.418,0.049412
41.428,0.049483
41.438,0.049552
41.448,0.049627
41.458,0.049705
41.468,0.049795
41.478,0.049893
41.488,0.049997
41.498,0.050117
41.508,0.05026
41.518,0.050413
41.528,0.050564
41.538,0.050732
41.548,0.050925
41.558,0.051124
41.568,0.051336
41.578,0.051561
41.588,0.051792
41.598,0.052038
41.608,0.052305
41.618,0.052576
41.628,0.052861
41.638,0.053167
41.648,0.053489
41.658,0.053827
41.668,0.054182
41.678,0.054548
41.688,0.054926
41.698,0.055312
41.708,0.055725
41.718,0.056154
41.728,0.056581
41.739,0.05701
41.749,0.057456
41.759,0.057917
41.769,0.058375
41.779,0.058836
41.789,0.059312
41.799,0.059799
41.809,0.060288
41.819,0.060776
41.829,0.061268
41.839,0.061765
41.849,0.062251
41.859,0.062723
41.869,0.06318
41.879,0.063651
41.889,0.06412
41.899,0.064581
41.909,0.06502
41.919,0.065449
41.929,0.065868
41.939,0.066287
41.949,0.066687
41.959,0.067068
41.969,0.067439
41.979,0.067796
41.989,0.068128
41.999,0.068445
42.009,0.068745
42.019,0.069021
42.029,0.069288
42.039,0.069537
42.049,0.06976
42.059,0.06997
42.069,0.070145
42.079,0.070289
42.089,0.070397
42.099,0.070485
42.109,0.070549
42.119,0.070586
42.129,0.070586
42.139,0.070548
42.149,0.070472
42.159,0.07036
42.169,0.070203
42.179,0.070019
42.189,0.069795
42.199,0.069547
42.21,0.069265
42.22,0.068951
42.23,0.068598
42.24,0.068204
42.25,0.067784
42.26,0.067325
42.27,0.06683
42.28,0.066306
42.29,0.065766
42.3,0.065189
42.31,0.064584
42.32,0.06393
42.33,0.063252
42.34,0.062547
42.35,0.061813
42.36,0.061042
42.37,0.060269
42.38,0.059466
42.39,0.058621
42.4,0.057749
42.41,0.056857
42.42,0.05593
42.43,0.054978
42.44,0.05402
42.45,0.053035
42.46,0.052042
42.47,0.051034
42.48,0.049998
42.49,0.048958
42.5,0.047902
42.51,0.046839
42.52,0.045759
42.53,0.044672
42.54,0.043582
42.55,0.042492
42.56,0.041387
42.57,0.040258
42.58,0.039133
42.59,0.038004
42.6,0.036871
42.61,0.035726
42.62,0.034573
42.63,0.033418
42.64,0.032265
42.65,0.0311
42.66,0.029911
42.67,0.028737
42.681,0.027552
42.691,0.026337
42.701,0.025124
42.711,0.023902
42.721,0.022667
42.731,0.02141
42.741,0.020159
42.751,0.018899
42.761,0.01765
42.771,0.016392
42.781,0.015115
42.791,0.013827
42.801,0.012523
42.811,0.011213
42.821,0.0099088
42.831,0.0085943
42.841,0.0072777
42.851,0.0059536
42.861,0.0046073
42.871,0.0032486
42.881,0.0018857
42.891,0.00051238
42.901,-0.00083945
42.911,-0.0021953
42.921,-0.0035516
42.931,-0.0049137
42.941,-0.0062814
42.951,-0.0076586
42.961,-0.0090077
42.971,-0.010375
42.981,-0.011717
42.991,-0.013054
43.001,-0.014372
43.011,-0.01568
43.021,-0.016992
43.031,-0.018298
43.041,-0.019568
43.051,-0.020819
43.061,-0.022044
43.071,-0.023255
43.081,-0.024435
43.091,-0.025602
43.101,-0.02673
43.111,-0.02782
43.121,-0.02889
43.131,-0.029912
43.141,-0.030907
43.152,-0.031876
43.162,-0.032806
43.172,-0.033705
43.182,-0.034583
43.192,-0.035419
43.202,-0.036225
43.212,-0.036983
43.222,-0.037706
43.232,-0.038407
43.242,-0.03906
43.252,-0.039672
43.262,-0.040255
43.272,-0.040794
43.282,-0.041307
43.292,-0.041793
43.302,-0.042247
43.312,-0.042668
43.322,-0.043056
43.332,-0.043406
43.342,-0.043722
43.352,-0.044004
43.362,-0.044251
43.372,-0.044462
43.382,-0.044654
43.392,-0.044824
43.402,-0.044982
43.412,-0.045112
43.422,-0.045216
43.432,-0.04532
43.442,-0.045402
43.452,-0.045458
43.462,-0.045514
43.472,-0.045562
43.482,-0.045613
43.492,-0.045651
43.502,-0.045685
43.512,-0.045711
43.522,-0.045735
43.532,-0.045769
43.542,-0.045799
43.552,-0.045839
43.562,-0.045887
43.572,-0.045932
43.582,-0.045966
43.592,-0.046014
43.602,-0.046066
43.612,-0.046119
43.623,-0.046177
43.633,-0.046242
43.643,-0.046316
43.653,-0.046415
43.663,-0.046534
43.673,-0.046659
43.683,-0.046784
43.693,-0.046919
43.703,-0.047072
43.713,-0.047235
43.723,-0.047411
43.733,-0.047605
43.743,-0.047821
43.753,-0.04806
43.763,-0.048293
43.773,-0.048547
43.783,-0.048827
43.793,-0.049123
43.803,-0.049431
43.813,-0.049761
43.823,-0.050097
43.833,-0.050442
43.843,-0.050818
43.853,-0.051209
43.863,-0.051596
43.873,-0.052006
43.883,-0.052437
43.893,-0.05286
43.903,-0.053292
43.913,-0.053739
43.923,-0.054196
43.933,-0.054663
43.943,-0.055147
43.953,-0.055645
43.963,-0.056144
43.973,-0.056647
43.983,-0.05717
43.993,-0.057709
44.003,-0.058266
44.013,-0.058826
44.023,-0.059382
44.033,-0.059953
44.043,-0.06052
44.053,-0.061077
44.063,-0.06164
44.073,-0.062195
44.083,-0.062757
44.093,-0.063297
44.104,-0.063837
44.114,-0.06438
44.124,-0.064914
44.134,-0.065447
44.144,-0.065986
44.154,-0.066502
44.164,-0.06702
44.174,-0.067534
44.184,-0.068037
44.194,-0.068547
44.204,-0.069039
44.214,-0.069512
44.224,-0.069967
44.234,-0.070426
44.244,-0.070873
44.254,-0.071289
44.264,-0.071695
44.274,-0.072068
44.284,-0.072417
44.294,-0.072741
44.304,-0.073041
44.314,-0.073325
44.324,-0.07359
44.334,-0.073834
44.344,-0.074046
44.354,-0.07424
44.364,-0.074413
44.374,-0.074562
44.384,-0.074708
44.394,-0.074825
44.404,-0.074914
44.414,-0.074986
44.424,-0.07504
44.434,-0.075078
44.444,-0.075095
44.454,-0.075099
44.464,-0.075086
44.474,-0.075058
44.484,-0.075011
44.494,-0.074972
44.504,-0.074918
44.514,-0.07484
44.524,-0.074752
44.534,-0.074659
44.544,-0.074572
44.554,-0.074476
44.564,-0.074363
44.575,-0.074248
44.585,-0.074127
44.595,-0.07399
44.605,-0.073854
44.615,-0.073722
44.625,-0.073584
44.635,-0.07344
44.645,-0.073294
44.655,-0.073152
44.665,-0.07302
44.675,-0.072888
44.685,-0.072749
44.695,-0.072612
44.705,-0.07247
44.715,-0.072329
44.725,-0.072182
44.735,-0.072037
44.745,-0.071896
44.755,-0.071757
44.765,-0.071615
44.775,-0.071476
44.785,-0.071311
44.795,-0.071142
44.805,-0.070966
44.815,-0.070787
44.825,-0.070597
44.835,-0.070387
44.845,-0.070166
44.855,-0.069945
44.865,-0.069719
44.875,-0.069485
44.885,-0.069232
44.895,-0.068977
44.905,-0.068711
44.915,-0.068423
44.925,-0.068117
44.935,-0.067796
44.945,-0.067455
44.955,-0.067082
44.965,-0.0667
44.975,-0.066277
44.985,-0.065825
44.995,-0.065362
45.005,-0.064879
45.015,-0.064383
45.025,-0.063846
45.035,-0.063285
45.046,-0.062695
45.056,-0.062094
45.066,-0.061462
45.076,-0.06081
45.086,-0.060118
45.096,-0.059399
45.106,-0.05868
45.116,-0.057937
45.126,-0.057162
45.136,-0.056359
45.146,-0.055537
45.156,-0.054702
45.166,-0.053842
45.176,-0.052973
45.186,-0.052092
45.196,-0.051165
45.206,-0.050236
45.216,-0.049318
45.226,-0.048369
45.236,-0.047416
45.246,-0.046427
45.256,-0.045418
45.266,-0.04442
45.276,-0.043434
45.286,-0.042433
45.296,-0.041408
45.306,-0.040413
45.316,-0.039428
45.326,-0.03845
45.336,-0.037468
45.346,-0.036497
45.356,-0.03554
45.366,-0.034585
45.376,-0.033672
45.386,-0.03278
45.396,-0.031911
45.406,-0.031058
45.416,-0.030231
45.426,-0.029422
45.436,-0.028626
45.446,-0.027849
45.456,-0.027103
45.466,-0.026402
45.476,-0.025724
45.486,-0.025074
45.496,-0.024461
45.506,-0.023886
45.517,-0.023333
45.527,-0.022813
45.537,-0.022335
45.547,-0.02189
45.557,-0.021469
45.567,-0.021072
45.577,-0.020706
45.587,-0.020365
45.597,-0.020064
45.607,-0.019794
45.617,-0.019538
45.627,-0.01931
45.637,-0.019094
45.647,-0.018917
45.657,-0.01876
45.667,-0.018622
45.677,-0.018483
45.687,-0.018378
45.697,-0.01828
45.707,-0.018194
45.717,-0.018139
45.727,-0.018099
45.737,-0.018061
45.747,-0.018033
45.757,-0.018005
45.767,-0.017973
45.777,-0.017957
45.787,-0.017927
45.797,-0.017872
45.807,-0.017823
45.817,-0.01777
45.827,-0.017694
45.837,-0.017616
45.847,-0.017536
45.857,-0.017444
45.867,-0.017344
45.877,-0.01723
45.887,-0.017089
45.897,-0.016921
45.907,-0.016736
45.917,-0.016528
45.927,-0.016301
45.937,-0.016064
45.947,-0.015823
45.957,-0.01556
45.967,-0.015286
45.977,-0.014993
45.988,-0.014678
45.998,-0.014352
46.008,-0.014004
46.018,-0.013649
46.028,-0.01327
46.038,-0.01289
46.048,-0.012493
46.058,-0.012098
46.068,-0.011706
46.078,-0.0113
46.088,-0.010906
46.098,-0.010517
46.108,-0.010125
46.118,-0.0097221
46.128,-0.009345
46.138,-0.0089612
46.148,-0.0085948
46.158,-0.0082549
46.168,-0.0079183
46.178,-0.0075897
46.188,-0.0072928
46.198,-0.0070093
46.208,-0.0067502
46.218,-0.0065267
46.228,-0.0063094
46.238,-0.0061219
46.248,-0.0059583
46.258,-0.0058136
46.268,-0.0057021
46.278,-0.0056059
46.288,-0.005521
46.298,-0.0054716
46.308,-0.0054574
46.318,-0.0054673
46.328,-0.0055141
46.338,-0.005589
46.348,-0.0056908
46.358,-0.005816
46.368,-0.0059859
46.378,-0.0061779
46.388,-0.0063882
46.398,-0.0066336
46.408,-0.0068979
46.418,-0.0071853
46.428,-0.0074925
46.438,-0.0078061
46.448,-0.0081438
46.459,-0.0084916
46.469,-0.0088361
46.479,-0.0091848
46.489,-0.0095434
46.499,-0.0098911
46.509,-0.01025
46.519,-0.010608
46.529,-0.010962
46.539,-0.011303
46.549,-0.011629
46.559,-0.011955
46.569,-0.012275
46.579,-0.012602
46.589,-0.012895
46.599,-0.01319
46.609,-0.013452
46.619,-0.013695
46.629,-0.013905
46.639,-0.014094
46.649,-0.014259
46.659,-0.014386
46.669,-0.014476
46.679,-0.014528
46.689,-0.014549
46.699,-0.01455
46.709,-0.014522
46.719,-0.014442
46.729,-0.014344
46.739,-0.014206
46.749,-0.014022
46.759,-0.013799
46.769,-0.013535
46.779,-0.013245
46.789,-0.012927
46.799,-0.012565
46.809,-0.012153
46.819,-0.011721
46.829,-0.011263
46.839,-0.010766
46.849,-0.010235
46.859,-0.0096982
46.869,-0.0091345
46.879,-0.0085155
46.889,-0.0078478
46.899,-0.0071887
46.909,-0.0065062
46.919,-0.0057965
46.93,-0.005057
46.94,-0.0042989
46.95,-0.0035241
46.96,-0.0027326
46.97,-0.0019366
46.98,-0.0011189
46.99,-0.00029599
47,0.00053498
47.01,0.0013751
47.02,0.0022272
47.03,0.0030679
47.04,0.0039084
47.05,0.0047541
47.06,0.0055965
47.07,0.0064412
47.08,0.0072966
47.09,0.0081659
47.1,0.0090052
47.11,0.0098229
47.12,0.010635
47.13,0.011447
47.14,0.012242
47.15,0.01302
47.16,0.013798
47.17,0.014546
47.18,0.015288
47.19,0.015995
47.2,0.016688
47.21,0.017365
47.22,0.01802
47.23,0.018647
47.24,0.019252
47.25,0.019852
47.26,0.020414
47.27,0.02097
47.28,0.021509
47.29,0.022012
47.3,0.022506
47.31,0.022989
47.32,0.023439
47.33,0.023858
47.34,0.02427
47.35,0.024656
47.36,0.025021
47.37,0.025357
47.38,0.025678
47.39,0.025963
47.401,0.026238
47.411,0.026497
47.421,0.026742
47.431,0.026969
47.441,0.027175
47.451,0.027357
47.461,0.027516
47.471,0.02766
47.481,0.027786
47.491,0.027905
47.501,0.027998
47.511,0.02805
47.521,0.028101
47.531,0.028131
47.541,0.02814
47.551,0.028138
47.561,0.028134
47.571,0.028103
47.581,0.028033
47.591,0.027947
47.601,0.027859
47.611,0.027763
47.621,0.027648
47.631,0.027527
47.641,0.027384
47.651,0.027243
47.661,0.0271
47.671,0.026929
47.681,0.026743
47.691,0.026551
47.701,0.026331
47.711,0.026088
47.721,0.025838
47.731,0.025586
47.741,0.025335
47.751,0.025086
47.761,0.024837
47.771,0.024599
47.781,0.024328
47.791,0.024065
47.801,0.023811
47.811,0.023504
47.821,0.023191
47.831,0.022874
47.841,0.022563
47.851,0.022225
47.861,0.021879
47.872,0.021531
47.882,0.02119
47.892,0.020834
47.902,0.020481
47.912,0.020131
47.922,0.019775
47.932,0.019427
47.942,0.019091
47.952,0.018774
47.962,0.018432
47.972,0.018099
47.982,0.017773
47.992,0.01743
48.002,0.017063
48.012,0.01671
48.022,0.01636
48.032,0.016018
48.042,0.015679
48.052,0.015352
48.062,0.015062
48.072,0.014755
48.082,0.014443
48.092,0.014135
48.102,0.013815
48.112,0.013508
48.122,0.0132
48.132,0.012901
48.142,0.012601
48.152,0.012299
48.162,0.011991
48.172,0.011684
48.182,0.011393
48.192,0.01113
48.202,0.010878
48.212,0.010633
48.222,0.010401
48.232,0.01019
48.242,0.0099874
48.252,0.0097812
48.262,0.009593
48.272,0.0094007
48.282,0.0092301
48.292,0.0090778
48.302,0.0089585
48.312,0.0088553
48.322,0.0087679
48.332,0.0086947
48.343,0.0086574
48.353,0.0086475
48.363,0.0086563
48.373,0.0086812
48.383,0.0087333
48.393,0.0088019
48.403,0.0089086
48.413,0.0090339
48.423,0.0091369
48.433,0.0092835
48.443,0.0094767
48.453,0.0096655
48.463,0.009877
48.473,0.010116
48.483,0.010397
48.493,0.010698
48.503,0.010971
48.513,0.011287
48.523,0.011639
48.533,0.012008
48.543,0.0124
48.553,0.012788
48.563,0.013174
48.573,0.013581
48.583,0.014003
48.593,0.014434
48.603,0.014872
48.613,0.01532
48.623,0.015787
48.633,0.01626
48.643,0.016725
48.653,0.017188
48.663,0.017668
48.673,0.018128
48.683,0.01857
48.693,0.01901
48.703,0.019423
48.713,0.019849
48.723,0.02026
48.733,0.020667
48.743,0.021073
48.753,0.021449
48.763,0.021789
48.773,0.022122
48.783,0.022387
48.793,0.022668
48.803,0.022938
48.814,0.023156
48.824,0.023323
48.834,0.023473
48.844,0.023601
48.854,0.023687
48.864,0.023751
48.874,0.023766
48.884,0.023751
48.894,0.023704
48.904,0.023638
48.914,0.023511
48.924,0.023324
48.934,0.023122
48.944,0.022872
48.954,0.0226
48.964,0.022295
48.974,0.021937
48.984,0.02153
48.994,0.021072
49.004,0.020614
49.014,0.020105
49.024,0.019596
49.034,0.019042
49.044,0.018452
49.054,0.017873
49.064,0.017273
49.074,0.016677
49.084,0.016052
49.094,0.0154
49.104,0.014692
49.114,0.013972
49.124,0.013294
49.134,0.012547
49.144,0.011817
49.154,0.011094
49.164,0.010346
49.174,0.0095928
49.184,0.0088428
49.194,0.0080715
49.204,0.0072537
49.214,0.0064891
49.224,0.0057329
49.234,0.0049951
49.244,0.0042737
49.254,0.0035274
49.264,0.0027324
49.274,0.0019697
49.285,0.0012283
49.295,0.000515
49.305,-0.00018683
49.315,-0.00090271
49.325,-0.0015902
49.335,-0.0022197
49.345,-0.0028583
49.355,-0.0034734
49.365,-0.0040749
49.375,-0.0046566
49.385,-0.0052513
49.395,-0.005803
49.405,-0.0063575
49.415,-0.0069347
49.425,-0.0074479
49.435,-0.0079636
49.445,-0.0084401
49.455,-0.0089122
49.465,-0.0093576
49.475,-0.0097524
49.485,-0.010197
49.495,-0.010638
49.505,-0.011039
49.515,-0.011428
49.525,-0.01177
49.535,-0.012072
49.545,-0.01238
49.555,-0.012657
49.565,-0.012915
49.575,-0.013172
49.585,-0.01341
49.595,-0.013657
49.605,-0.013856
49.615,-0.014044
49.625,-0.014241
49.635,-0.014392
49.645,-0.014522
49.655,-0.014671
49.665,-0.014813
49.675,-0.014941
49.685,-0.015083
49.695,-0.015174
49.705,-0.015228
49.715,-0.015239
49.725,-0.015231
49.735,-0.01525
49.745,-0.015261
49.756,-0.015227
49.766,-0.015146
49.776,-0.015017
49.786,-0.014872
49.796,-0.01474
49.806,-0.014582
49.816,-0.014377
49.826,-0.014152
49.836,-0.013915
49.846,-0.013649
49.856,-0.013373
49.866,-0.013068
49.876,-0.012714
49.886,-0.012367
49.896,-0.012003
49.906,-0.011573
49.916,-0.011104
49.926,-0.010635
49.936,-0.010132
49.946,-0.0096141
49.956,-0.0090738
49.966,-0.0085557
49.976,-0.0079781
49.986,-0.0072651
49.996,-0.0065109
50.006,-0.0058517
50.016,-0.005084
50.026,-0.0043404
50.036,-0.0036303
50.046,-0.0028858
50.056,-0.0021242
50.066,-0.001429
50.076,-0.00090813
50.086,-0.00032635
50.096,-0.00035158
