0,0.00193
0.010024,0.0010709
0.020047,0.00040431
0.030071,-2.949e-005
0.040095,-0.00035347
0.050118,-0.00048925
0.060142,-0.00065663
0.070166,-0.00086403
0.080189,-0.00095184
0.090213,-0.00095482
0.10024,-0.00099816
0.11026,-0.0011156
0.12028,-0.001104
0.13031,-0.0011728
0.14033,-0.0012502
0.15035,-0.0013802
0.16038,-0.0014957
0.1704,-0.0015992
0.18043,-0.0016795
0.19045,-0.0018012
0.20047,-0.0019064
0.2105,-0.0020293
0.22052,-0.0021261
0.23054,-0.0022087
0.24057,-0.0022328
0.25059,-0.0022922
0.26062,-0.0024106
0.27064,-0.002465
0.28066,-0.0025231
0.29069,-0.0025734
0.30071,-0.0026021
0.31073,-0.0025931
0.32076,-0.0026648
0.33078,-0.0027271
0.3408,-0.00282
0.35083,-0.0029158
0.36085,-0.0029906
0.37088,-0.0030362
0.3809,-0.0030661
0.39092,-0.0030838
0.40095,-0.0031252
0.41097,-0.0031396
0.42099,-0.0031809
0.43102,-0.0032113
0.44104,-0.0032726
0.45106,-0.0033084
0.46109,-0.0033321
0.47111,-0.0033605
0.48114,-0.0033619
0.49116,-0.0033891
0.50118,-0.0034217
0.51121,-0.0034452
0.52123,-0.0034239
0.53125,-0.0034597
0.54128,-0.0034763
0.5513,-0.0034849
0.56132,-0.0034854
0.57135,-0.0035277
0.58137,-0.0035497
0.5914,-0.0035723
0.60142,-0.0035663
0.61144,-0.0035504
0.62147,-0.0035628
0.63149,-0.0035886
0.64151,-0.0036188
0.65154,-0.0036301
0.66156,-0.0036582
0.67158,-0.0036758
0.68161,-0.0037256
0.69163,-0.0037457
0.70166,-0.0037775
0.71168,-0.0038006
0.7217,-0.0038128
0.73173,-0.0038489
0.74175,-0.0038796
0.75177,-0.0038828
0.7618,-0.0038898
0.77182,-0.003914
0.78185,-0.0039317
0.79187,-0.0039091
0.80189,-0.0038901
0.81192,-0.0038686
0.82194,-0.0038236
0.83196,-0.0038122
0.84199,-0.0038246
0.85201,-0.0038522
0.86203,-0.0038595
0.87206,-0.0038748
0.88208,-0.0038839
0.89211,-0.0038627
0.90213,-0.0038559
0.91215,-0.0038682
0.92218,-0.0038701
0.9322,-0.003909
0.94222,-0.00397
0.95225,-0.0040012
0.96227,-0.004021
0.97229,-0.004021
0.98232,-0.0040507
0.99234,-0.0040846
1.0024,-0.0040712
1.0124,-0.0040487
1.0224,-0.0040297
1.0324,-0.0040104
1.0425,-0.0040034
1.0525,-0.0039972
1.0625,-0.003972
1.0725,-0.0039729
1.0826,-0.0039835
1.0926,-0.004035
1.1026,-0.0040606
1.1126,-0.0040781
1.1226,-0.0040989
1.1327,-0.0041035
1.1427,-0.0040891
1.1527,-0.0040676
1.1627,-0.0040315
1.1728,-0.004012
1.1828,-0.0040132
1.1928,-0.0040204
1.2028,-0.0040407
1.2129,-0.0040653
1.2229,-0.0040693
1.2329,-0.0040743
1.2429,-0.0040684
1.253,-0.0040758
1.263,-0.0040855
1.273,-0.0040842
1.283,-0.004092
1.2931,-0.0041119
1.3031,-0.0041238
1.3131,-0.004125
1.3231,-0.0041379
1.3331,-0.0041317
1.3432,-0.0041096
1.3532,-0.0041133
1.3632,-0.0041253
1.3732,-0.004132
1.3833,-0.004135
1.3933,-0.0041224
1.4033,-0.004119
1.4133,-0.0041078
1.4234,-0.004086
1.4334,-0.00408
1.4434,-0.0040385
1.4534,-0.0039969
1.4635,-0.0040105
1.4735,-0.0039948
1.4835,-0.0039939
1.4935,-0.0039724
1.5035,-0.0039359
1.5136,-0.0039004
1.5236,-0.0038597
1.5336,-0.0038354
1.5436,-0.0038259
1.5537,-0.0038036
1.5637,-0.0038036
1.5737,-0.0038088
1.5837,-0.0037699
1.5938,-0.0037388
1.6038,-0.0037247
1.6138,-0.0037229
1.6238,-0.0037197
1.6339,-0.0037183
1.6439,-0.0037282
1.6539,-0.0037313
1.6639,-0.0037241
1.674,-0.0037057
1.684,-0.0036833
1.694,-0.0036846
1.704,-0.0036642
1.714,-0.0036845
1.7241,-0.0036904
1.7341,-0.0036923
1.7441,-0.0036905
1.7541,-0.0036886
1.7642,-0.0036873
1.7742,-0.0036584
1.7842,-0.0036501
1.7942,-0.0036273
1.8043,-0.0035934
1.8143,-0.0035744
1.8243,-0.0035599
1.8343,-0.0035432
1.8444,-0.0035314
1.8544,-0.0035237
1.8644,-0.0035096
1.8744,-0.0035057
1.8844,-0.0035196
1.8945,-0.0035374
1.9045,-0.0035518
1.9145,-0.0035541
1.9245,-0.0035631
1.9346,-0.0035795
1.9446,-0.0035899
1.9546,-0.0035855
1.9646,-0.0035703
1.9747,-0.0035652
1.9847,-0.0035452
1.9947,-0.0035505
2.0047,-0.0035502
2.0148,-0.0035522
2.0248,-0.003556
2.0348,-0.003543
2.0448,-0.0035434
2.0548,-0.0035433
2.0649,-0.0035338
2.0749,-0.0035262
2.0849,-0.0035183
2.0949,-0.0035181
2.105,-0.0035091
2.115,-0.0035045
2.125,-0.0035122
2.135,-0.0035127
2.1451,-0.0035098
2.1551,-0.003512
2.1651,-0.0035155
2.1751,-0.0035048
2.1852,-0.0035023
2.1952,-0.0035018
2.2052,-0.0035068
2.2152,-0.0035182
2.2253,-0.0034984
2.2353,-0.0034888
2.2453,-0.0034602
2.2553,-0.0034346
2.2653,-0.0034352
2.2754,-0.0034109
2.2854,-0.0033891
2.2954,-0.0033674
2.3054,-0.0033411
2.3155,-0.0033284
2.3255,-0.0033236
2.3355,-0.0033212
2.3455,-0.0033376
2.3556,-0.0033691
2.3656,-0.0033839
2.3756,-0.0034029
2.3856,-0.0034033
2.3957,-0.0034131
2.4057,-0.0034349
2.4157,-0.0034472
2.4257,-0.0034426
2.4357,-0.0034361
2.4458,-0.0034192
2.4558,-0.0033975
2.4658,-0.0033826
2.4758,-0.0033494
2.4859,-0.0033299
2.4959,-0.0033322
2.5059,-0.003349
2.5159,-0.0033738
2.526,-0.0034067
2.536,-0.0034262
2.546,-0.0034316
2.556,-0.0034508
2.5661,-0.0034622
2.5761,-0.0034692
2.5861,-0.0034758
2.5961,-0.0034777
2.6062,-0.0034534
2.6162,-0.003435
2.6262,-0.003413
2.6362,-0.0034021
2.6462,-0.0033983
2.6563,-0.0033902
2.6663,-0.0033818
2.6763,-0.003382
2.6863,-0.0033943
2.6964,-0.0034238
2.7064,-0.0034361
2.7164,-0.0034512
2.7264,-0.0034588
2.7365,-0.0034587
2.7465,-0.0034512
2.7565,-0.0034502
2.7665,-0.0034299
2.7766,-0.003417
2.7866,-0.0034079
2.7966,-0.0033811
2.8066,-0.0033654
2.8166,-0.0033484
2.8267,-0.0033303
2.8367,-0.0033251
2.8467,-0.003323
2.8567,-0.0033062
2.8668,-0.0032992
2.8768,-0.0032822
2.8868,-0.0032724
2.8968,-0.0032727
2.9069,-0.0032459
2.9169,-0.0032389
2.9269,-0.0032332
2.9369,-0.0032272
2.947,-0.0032072
2.957,-0.0031764
2.967,-0.0031577
2.977,-0.0031354
2.987,-0.0031548
2.9971,-0.0031309
3.0071,-0.0031301
3.0171,-0.0031185
3.0271,-0.0030741
3.0372,-0.0030675
3.0472,-0.0030604
3.0572,-0.0030255
3.0672,-0.0030165
3.0773,-0.0029977
3.0873,-0.002987
3.0973,-0.0029619
3.1073,-0.002957
3.1174,-0.0029296
3.1274,-0.0028906
3.1374,-0.0028573
3.1474,-0.0028405
3.1575,-0.0027904
3.1675,-0.0027725
3.1775,-0.0027234
3.1875,-0.0026629
3.1975,-0.0026067
3.2076,-0.002535
3.2176,-0.0025138
3.2276,-0.0024707
3.2376,-0.0024237
3.2477,-0.0023972
3.2577,-0.0024089
3.2677,-0.0023694
3.2777,-0.0022867
3.2878,-0.0022551
3.2978,-0.0021821
3.3078,-0.0021208
3.3178,-0.0020784
3.3279,-0.0020291
3.3379,-0.0020175
3.3479,-0.0019559
3.3579,-0.0019397
3.3679,-0.0018962
3.378,-0.0018618
3.388,-0.0018464
3.398,-0.001774
3.408,-0.0017241
3.4181,-0.0016799
3.4281,-0.0016039
3.4381,-0.0015398
3.4481,-0.0014915
3.4582,-0.0014136
3.4682,-0.0013562
3.4782,-0.0013105
3.4882,-0.0012587
3.4983,-0.0012134
3.5083,-0.0011589
3.5183,-0.0011024
3.5283,-0.0010458
3.5384,-0.0009767
3.5484,-0.00091525
3.5584,-0.00083904
3.5684,-0.00074974
3.5784,-0.00065766
3.5885,-0.0005672
3.5985,-0.00047048
3.6085,-0.00040479
3.6185,-0.000351
3.6286,-0.0002816
3.6386,-0.00022486
3.6486,-0.00016957
3.6586,-0.00010916
3.6687,-3.063e-005
3.6787,1.4525e-005
3.6887,7.3179e-005
3.6987,0.00011204
3.7088,0.00014212
3.7188,0.00021571
3.7288,0.00025368
3.7388,0.00028918
3.7488,0.00036264
3.7589,0.00040307
3.7689,0.00045498
3.7789,0.00049839
3.7889,0.00055052
3.799,0.00062152
3.809,0.00069081
3.819,0.00073769
3.829,0.00080553
3.8391,0.00089113
3.8491,0.00094197
3.8591,0.0010212
3.8691,0.0010663
3.8792,0.0011111
3.8892,0.0011852
3.8992,0.0011946
3.9092,0.0012395
3.9192,0.0012841
3.9293,0.0013295
3.9393,0.0013678
3.9493,0.0013966
3.9593,0.0014411
3.9694,0.0014572
3.9794,0.0015186
3.9894,0.0015576
3.9994,0.0016139
4.0095,0.001685
4.0195,0.0017523
4.0295,0.0018089
4.0395,0.0018583
4.0496,0.001919
4.0596,0.0019824
4.0696,0.0020781
4.0796,0.0021372
4.0897,0.0021998
4.0997,0.0022395
4.1097,0.0022846
4.1197,0.0023224
4.1297,0.0023702
4.1398,0.0023914
4.1498,0.0024241
4.1598,0.0024565
4.1698,0.0024903
4.1799,0.0025436
4.1899,0.0025907
4.1999,0.0026533
4.2099,0.0027153
4.22,0.0027753
4.23,0.0028423
4.24,0.0029064
4.25,0.0029789
4.2601,0.0030676
4.2701,0.0031354
4.2801,0.0032054
4.2901,0.0032773
4.3001,0.0033426
4.3102,0.0034072
4.3202,0.0034721
4.3302,0.0035372
4.3402,0.0036174
4.3503,0.0036705
4.3603,0.003717
4.3703,0.0037593
4.3803,0.0038066
4.3904,0.0038749
4.4004,0.0039228
4.4104,0.0039861
4.4204,0.0040536
4.4305,0.0040985
4.4405,0.0041511
4.4505,0.0042207
4.4605,0.0042722
4.4705,0.0043536
4.4806,0.0044139
4.4906,0.0044703
4.5006,0.0045439
4.5106,0.0046018
4.5207,0.0046578
4.5307,0.0047112
4.5407,0.0047768
4.5507,0.0048244
4.5608,0.0048757
4.5708,0.0049237
4.5808,0.004952
4.5908,0.0049939
4.6009,0.0050271
4.6109,0.0050485
4.6209,0.0050704
4.6309,0.0051162
4.641,0.0051595
4.651,0.0051851
4.661,0.0052132
4.671,0.0052584
4.681,0.0052914
4.6911,0.0053189
4.7011,0.0053688
4.7111,0.0054113
4.7211,0.0054657
4.7312,0.0055198
4.7412,0.0055671
4.7512,0.0056152
4.7612,0.0056528
4.7713,0.0057056
4.7813,0.0057607
4.7913,0.0057994
4.8013,0.0058568
4.8114,0.0059093
4.8214,0.0059512
4.8314,0.0059797
4.8414,0.0060218
4.8514,0.0060632
4.8615,0.0061093
4.8715,0.0061561
4.8815,0.0061976
4.8915,0.0062457
4.9016,0.0062959
4.9116,0.0063535
4.9216,0.0064259
4.9316,0.0064991
4.9417,0.0065605
4.9517,0.0066126
4.9617,0.0066437
4.9717,0.0066913
4.9818,0.0067374
4.9918,0.0067673
5.0018,0.0067957
5.0118,0.0068344
5.0219,0.0068813
5.0319,0.0069186
5.0419,0.0069799
5.0519,0.0070145
5.0619,0.0070756
5.072,0.0071004
5.082,0.0071354
5.092,0.00717
5.102,0.0072205
5.1121,0.0072645
5.1221,0.0073048
5.1321,0.0073199
5.1421,0.007344
5.1522,0.0073745
5.1622,0.0074019
5.1722,0.0074157
5.1822,0.0074383
5.1923,0.0074725
5.2023,0.0075005
5.2123,0.0075354
5.2223,0.0075668
5.2323,0.0075938
5.2424,0.007643
5.2524,0.0076812
5.2624,0.0077201
5.2724,0.007767
5.2825,0.0078039
5.2925,0.0078424
5.3025,0.0078861
5.3125,0.0079127
5.3226,0.0079343
5.3326,0.0079611
5.3426,0.0079929
5.3526,0.0080223
5.3627,0.0080512
5.3727,0.008088
5.3827,0.008124
5.3927,0.0081625
5.4027,0.0081914
5.4128,0.0082215
5.4228,0.008257
5.4328,0.0083018
5.4428,0.0083395
5.4529,0.0083828
5.4629,0.0084214
5.4729,0.0084601
5.4829,0.0084991
5.493,0.0085402
5.503,0.0085701
5.513,0.0085872
5.523,0.008599
5.5331,0.0086079
5.5431,0.0086456
5.5531,0.0086546
5.5631,0.0086722
5.5732,0.0086781
5.5832,0.0086909
5.5932,0.0086832
5.6032,0.0086681
5.6132,0.0086819
5.6233,0.0087247
5.6333,0.0087519
5.6433,0.0087798
5.6533,0.0088077
5.6634,0.0088324
5.6734,0.0088493
5.6834,0.0088723
5.6934,0.0088946
5.7035,0.0089295
5.7135,0.008954
5.7235,0.0089601
5.7335,0.0089893
5.7436,0.0090026
5.7536,0.0090165
5.7636,0.0090318
5.7736,0.0090479
5.7836,0.0090584
5.7937,0.0090747
5.8037,0.0090902
5.8137,0.0090982
5.8237,0.0091045
5.8338,0.0091133
5.8438,0.0091223
5.8538,0.0091439
5.8638,0.0091613
5.8739,0.0091887
5.8839,0.0092097
5.8939,0.0092341
5.9039,0.0092678
5.914,0.0093185
5.924,0.0093492
5.934,0.0093726
5.944,0.0093996
5.9541,0.0094139
5.9641,0.0094387
5.9741,0.0094748
5.9841,0.0095054
5.9941,0.0095307
6.0042,0.0095639
6.0142,0.0095902
6.0242,0.0096082
6.0342,0.0096435
6.0443,0.009665
6.0543,0.009678
6.0643,0.0097024
6.0743,0.0097164
6.0844,0.0097444
6.0944,0.0097693
6.1044,0.0097999
6.1144,0.0098284
6.1245,0.0098564
6.1345,0.0098784
6.1445,0.0099113
6.1545,0.0099387
6.1645,0.009967
6.1746,0.0099897
6.1846,0.010014
6.1946,0.010037
6.2046,0.010055
6.2147,0.010073
6.2247,0.010086
6.2347,0.010102
6.2447,0.01013
6.2548,0.010144
6.2648,0.010154
6.2748,0.010194
6.2848,0.010209
6.2949,0.010215
6.3049,0.010229
6.3149,0.010242
6.3249,0.010265
6.3349,0.010286
6.345,0.010309
6.355,0.010327
6.365,0.010347
6.375,0.010361
6.3851,0.010375
6.3951,0.010385
6.4051,0.010395
6.4151,0.010394
6.4252,0.01041
6.4352,0.010424
6.4452,0.010447
6.4552,0.010457
6.4653,0.010472
6.4753,0.010489
6.4853,0.010522
6.4953,0.010559
6.5054,0.01059
6.5154,0.010633
6.5254,0.010668
6.5354,0.01071
6.5454,0.01073
6.5555,0.010753
6.5655,0.010774
6.5755,0.010798
6.5855,0.010826
6.5956,0.010857
6.6056,0.010881
6.6156,0.010919
6.6256,0.010946
6.6357,0.010972
6.6457,0.011007
6.6557,0.011036
6.6657,0.011057
6.6758,0.011083
6.6858,0.01112
6.6958,0.011141
6.7058,0.011176
6.7158,0.011206
6.7259,0.011245
6.7359,0.011296
6.7459,0.011344
6.7559,0.011376
6.766,0.011401
6.776,0.011423
6.786,0.011446
6.796,0.011468
6.8061,0.011497
6.8161,0.011527
6.8261,0.01156
6.8361,0.01158
6.8462,0.0116
6.8562,0.011617
6.8662,0.011635
6.8762,0.01166
6.8863,0.01168
6.8963,0.011699
6.9063,0.011733
6.9163,0.011764
6.9263,0.011789
6.9364,0.011801
6.9464,0.011812
6.9564,0.011825
6.9664,0.011832
6.9765,0.011838
6.9865,0.011841
6.9965,0.011851
7.0065,0.011868
7.0166,0.011883
7.0266,0.011882
7.0366,0.011879
7.0466,0.011885
7.0567,0.011883
7.0667,0.011887
7.0767,0.011899
7.0867,0.011905
7.0967,0.011919
7.1068,0.011928
7.1168,0.011925
7.1268,0.01194
7.1368,0.011954
7.1469,0.011971
7.1569,0.011975
7.1669,0.011975
7.1769,0.011972
7.187,0.011979
7.197,0.011995
7.207,0.012009
7.217,0.012021
7.2271,0.012034
7.2371,0.012041
7.2471,0.012067
7.2571,0.012064
7.2671,0.012081
7.2772,0.012087
7.2872,0.012097
7.2972,0.012096
7.3072,0.012091
7.3173,0.012088
7.3273,0.012085
7.3373,0.012074
7.3473,0.012064
7.3574,0.012069
7.3674,0.012075
7.3774,0.012079
7.3874,0.012086
7.3975,0.012087
7.4075,0.012078
7.4175,0.01206
7.4275,0.012045
7.4376,0.012029
7.4476,0.01201
7.4576,0.011997
7.4676,0.011976
7.4776,0.011955
7.4877,0.011928
7.4977,0.011895
7.5077,0.011869
7.5177,0.011841
7.5278,0.011812
7.5378,0.011795
7.5478,0.011776
7.5578,0.011748
7.5679,0.011734
7.5779,0.011715
7.5879,0.01169
7.5979,0.011665
7.608,0.01164
7.618,0.011618
7.628,0.011582
7.638,0.011533
7.648,0.011492
7.6581,0.011451
7.6681,0.011414
7.6781,0.011379
7.6881,0.011347
7.6982,0.01131
7.7082,0.011275
7.7182,0.011239
7.7282,0.011191
7.7383,0.011146
7.7483,0.011115
7.7583,0.011078
7.7683,0.011045
7.7784,0.011
7.7884,0.010957
7.7984,0.010915
7.8084,0.010878
7.8185,0.010837
7.8285,0.010786
7.8385,0.010733
7.8485,0.010682
7.8585,0.010639
7.8686,0.01059
7.8786,0.01054
7.8886,0.010488
7.8986,0.010436
7.9087,0.010392
7.9187,0.010344
7.9287,0.010301
7.9387,0.010253
7.9488,0.010204
7.9588,0.010168
7.9688,0.010133
7.9788,0.010103
7.9889,0.01007
7.9989,0.010039
8.0089,0.010004
8.0189,0.0099639
8.0289,0.0099255
8.039,0.0098851
8.049,0.009848
8.059,0.009816
8.069,0.0097824
8.0791,0.0097404
8.0891,0.0097113
8.0991,0.0096867
8.1091,0.0096577
8.1192,0.0096117
8.1292,0.0095598
8.1392,0.0095092
8.1492,0.009455
8.1593,0.0093971
8.1693,0.0093406
8.1793,0.0092757
8.1893,0.0092028
8.1993,0.009132
8.2094,0.009061
8.2194,0.008982
8.2294,0.0089122
8.2394,0.0088467
8.2495,0.0087682
8.2595,0.0086861
8.2695,0.0086124
8.2795,0.0085408
8.2896,0.008473
8.2996,0.008404
8.3096,0.0083349
8.3196,0.0082755
8.3297,0.008205
8.3397,0.0081342
8.3497,0.0080607
8.3597,0.0079872
8.3698,0.007915
8.3798,0.0078454
8.3898,0.0077741
8.3998,0.0077069
8.4098,0.0076332
8.4199,0.0075514
8.4299,0.007473
8.4399,0.007397
8.4499,0.007328
8.46,0.0072578
8.47,0.0072015
8.48,0.0071433
8.49,0.0070794
8.5001,0.0070095
8.5101,0.0069422
8.5201,0.0068663
8.5301,0.0067858
8.5402,0.0067095
8.5502,0.0066297
8.5602,0.0065639
8.5702,0.0064925
8.5802,0.0064179
8.5903,0.0063555
8.6003,0.006302
8.6103,0.0062294
8.6203,0.0061624
8.6304,0.0060894
8.6404,0.0060241
8.6504,0.0059617
8.6604,0.0058945
8.6705,0.0058293
8.6805,0.0057628
8.6905,0.0057009
8.7005,0.0056313
8.7106,0.0055523
8.7206,0.0054825
8.7306,0.005402
8.7406,0.0053261
8.7507,0.0052454
8.7607,0.0051631
8.7707,0.0050876
8.7807,0.0050069
8.7907,0.0049226
8.8008,0.0048391
8.8108,0.004754
8.8208,0.0046679
8.8308,0.0045738
8.8409,0.0044789
8.8509,0.0043954
8.8609,0.0043158
8.8709,0.0042306
8.881,0.0041467
8.891,0.0040693
8.901,0.0039904
8.911,0.0039135
8.9211,0.0038364
8.9311,0.0037568
8.9411,0.0036834
8.9511,0.0036078
8.9611,0.0035345
8.9712,0.0034595
8.9812,0.0033802
8.9912,0.0033122
9.0012,0.0032401
9.0113,0.0031654
9.0213,0.0031014
9.0313,0.0030439
9.0413,0.0029841
9.0514,0.0029179
9.0614,0.0028448
9.0714,0.0027797
9.0814,0.0027208
9.0915,0.0026612
9.1015,0.0025994
9.1115,0.002538
9.1215,0.0024736
9.1315,0.0024103
9.1416,0.0023522
9.1516,0.0022997
9.1616,0.0022343
9.1716,0.0021748
9.1817,0.002117
9.1917,0.0020643
9.2017,0.0020037
9.2117,0.0019359
9.2218,0.0018725
9.2318,0.0018189
9.2418,0.0017611
9.2518,0.0017051
9.2619,0.0016437
9.2719,0.0015867
9.2819,0.0015384
9.2919,0.0014907
9.302,0.0014445
9.312,0.0013923
9.322,0.0013416
9.332,0.0012877
9.342,0.0012306
9.3521,0.0011738
9.3621,0.0011218
9.3721,0.0010713
9.3821,0.001023
9.3922,0.00097422
9.4022,0.00093679
9.4122,0.00089938
9.4222,0.00085399
9.4323,0.00080937
9.4423,0.00076671
9.4523,0.00071419
9.4623,0.00067765
9.4724,0.00065204
9.4824,0.00062601
9.4924,0.00060305
9.5024,0.00057914
9.5124,0.0005582
9.5225,0.00054555
9.5325,0.00053489
9.5425,0.00053159
9.5525,0.00052324
9.5626,0.0005092
9.5726,0.00050214
9.5826,0.00049074
9.5926,0.00047644
9.6027,0.00047027
9.6127,0.0004683
9.6227,0.00045999
9.6327,0.00045384
9.6428,0.00044327
9.6528,0.00043181
9.6628,0.00042279
9.6728,0.00041587
9.6829,0.00041941
9.6929,0.00041852
9.7029,0.00041459
9.7129,0.0004132
9.7229,0.00042052
9.733,0.00042045
9.743,0.00041981
9.753,0.00042325
9.763,0.00042601
9.7731,0.00042555
9.7831,0.0004297
9.7931,0.00043579
9.8031,0.00043914
9.8132,0.0004381
9.8232,0.00044212
9.8332,0.00044712
9.8432,0.00044573
9.8533,0.00044427
9.8633,0.0004445
9.8733,0.00044299
9.8833,0.00044104
9.8933,0.0004413
9.9034,0.00043414
9.9134,0.00043996
9.9234,0.00044733
9.9334,0.0004412
9.9435,0.0004354
9.9535,0.00043468
9.9635,0.00043388
9.9735,0.00042287
9.9836,0.00040036
9.9936,0.00037224
10.004,0.00034992
10.014,0.00032422
10.024,0.00030089
10.034,0.00028319
10.044,0.0002704
10.054,0.00025369
10.064,0.00023967
10.074,0.00022595
10.084,0.00021226
10.094,0.00019698
10.104,0.00018207
10.114,0.00016339
10.124,0.000154
10.134,0.0001417
10.144,0.000133
10.154,0.00011531
10.164,9.4139e-005
10.174,7.8384e-005
10.184,6.626e-005
10.194,4.4176e-005
10.204,2.0453e-005
10.214,-8.6417e-007
10.224,-1.7965e-005
10.234,-4.5738e-005
10.244,-7.9844e-005
10.254,-0.00010755
10.264,-0.00013948
10.274,-0.00017203
10.284,-0.00019933
10.294,-0.00022543
10.304,-0.00026361
10.314,-0.00031473
10.324,-0.00036283
10.334,-0.00041211
10.344,-0.00046133
10.354,-0.00051779
10.364,-0.00058092
10.374,-0.00063282
10.385,-0.00068678
10.395,-0.00074428
10.405,-0.00079211
10.415,-0.00083908
10.425,-0.0008889
10.435,-0.0009333
10.445,-0.0009874
10.455,-0.0010452
10.465,-0.0010975
10.475,-0.001148
10.485,-0.0012037
10.495,-0.0012575
10.505,-0.0013093
10.515,-0.001354
10.525,-0.0014085
10.535,-0.0014748
10.545,-0.0015325
10.555,-0.0015974
10.565,-0.0016623
10.575,-0.0017256
10.585,-0.0017817
10.595,-0.0018422
10.605,-0.0019079
10.615,-0.0019683
10.625,-0.0020222
10.635,-0.0020801
10.645,-0.0021427
10.655,-0.0022032
10.665,-0.0022613
10.675,-0.0023185
10.685,-0.0023744
10.695,-0.0024241
10.705,-0.0024743
10.715,-0.0025345
10.725,-0.0025925
10.735,-0.0026453
10.745,-0.0027107
10.755,-0.0027714
10.765,-0.0028391
10.775,-0.0029039
10.785,-0.0029703
10.795,-0.0030292
10.805,-0.0031052
10.816,-0.0031714
10.826,-0.0032333
10.836,-0.0032901
10.846,-0.0033436
10.856,-0.0034072
10.866,-0.0034647
10.876,-0.0035339
10.886,-0.0035939
10.896,-0.0036509
10.906,-0.0037094
10.916,-0.0037793
10.926,-0.0038397
10.936,-0.0038983
10.946,-0.0039613
10.956,-0.0040144
10.966,-0.0040657
10.976,-0.004123
10.986,-0.0041792
10.996,-0.0042408
11.006,-0.0043015
11.016,-0.0043496
11.026,-0.0044034
11.036,-0.0044591
11.046,-0.0045188
11.056,-0.0045738
11.066,-0.0046388
11.076,-0.0047038
11.086,-0.0047643
11.096,-0.0048181
11.106,-0.0048778
11.116,-0.0049316
11.126,-0.0049858
11.136,-0.0050363
11.146,-0.0050858
11.156,-0.0051306
11.166,-0.0051732
11.176,-0.0052107
11.186,-0.0052451
11.196,-0.0052883
11.206,-0.0053336
11.216,-0.0053678
11.226,-0.0053998
11.237,-0.0054276
11.247,-0.0054571
11.257,-0.0054847
11.267,-0.0055151
11.277,-0.0055398
11.287,-0.0055702
11.297,-0.0056084
11.307,-0.0056464
11.317,-0.0056733
11.327,-0.005705
11.337,-0.0057448
11.347,-0.0057802
11.357,-0.0058182
11.367,-0.0058569
11.377,-0.0058965
11.387,-0.0059393
11.397,-0.0059846
11.407,-0.0060274
11.417,-0.0060673
11.427,-0.0060992
11.437,-0.0061264
11.447,-0.0061508
11.457,-0.0061787
11.467,-0.006207
11.477,-0.0062343
11.487,-0.0062633
11.497,-0.0062907
11.507,-0.0063177
11.517,-0.006353
11.527,-0.0063855
11.537,-0.0064142
11.547,-0.006447
11.557,-0.0064786
11.567,-0.0065069
11.577,-0.0065314
11.587,-0.0065597
11.597,-0.0065876
11.607,-0.0066161
11.617,-0.0066417
11.627,-0.0066679
11.637,-0.0066918
11.647,-0.0067149
11.658,-0.0067343
11.668,-0.0067506
11.678,-0.0067644
11.688,-0.0067771
11.698,-0.0067858
11.708,-0.0067971
11.718,-0.00681
11.728,-0.0068219
11.738,-0.0068332
11.748,-0.0068437
11.758,-0.0068501
11.768,-0.0068522
11.778,-0.0068559
11.788,-0.0068547
11.798,-0.0068496
11.808,-0.006855
11.818,-0.0068593
11.828,-0.006861
11.838,-0.0068633
11.848,-0.00687
11.858,-0.0068739
11.868,-0.0068776
11.878,-0.0068823
11.888,-0.0068878
11.898,-0.0068964
11.908,-0.0069109
11.918,-0.0069221
11.928,-0.0069316
11.938,-0.0069439
11.948,-0.0069542
11.958,-0.0069629
11.968,-0.0069589
11.978,-0.0069571
11.988,-0.0069539
11.998,-0.006954
12.008,-0.0069527
12.018,-0.0069468
12.028,-0.006943
12.038,-0.006934
12.048,-0.0069232
12.058,-0.0069208
12.068,-0.0069092
12.079,-0.0068964
12.089,-0.0068957
12.099,-0.0068894
12.109,-0.0068751
12.119,-0.0068619
12.129,-0.0068512
12.139,-0.0068359
12.149,-0.0068141
12.159,-0.0067986
12.169,-0.0067812
12.179,-0.0067605
12.189,-0.0067391
12.199,-0.0067256
12.209,-0.006715
12.219,-0.0067031
12.229,-0.006689
12.239,-0.0066685
12.249,-0.006644
12.259,-0.0066304
12.269,-0.0066258
12.279,-0.0066144
12.289,-0.0066068
12.299,-0.0066019
12.309,-0.0065943
12.319,-0.0065931
12.329,-0.0065867
12.339,-0.0065796
12.349,-0.0065763
12.359,-0.0065698
12.369,-0.0065577
12.379,-0.0065513
12.389,-0.0065498
12.399,-0.0065459
12.409,-0.0065407
12.419,-0.0065362
12.429,-0.0065289
12.439,-0.0065188
12.449,-0.0064971
12.459,-0.006488
12.469,-0.0064815
12.479,-0.0064685
12.489,-0.0064591
12.499,-0.0064579
12.51,-0.0064439
12.52,-0.0064313
12.53,-0.0064296
12.54,-0.0064117
12.55,-0.0063946
12.56,-0.0063919
12.57,-0.0063927
12.58,-0.0063956
12.59,-0.0063913
12.6,-0.0063902
12.61,-0.0063793
12.62,-0.0063723
12.63,-0.0063702
12.64,-0.0063746
12.65,-0.0063809
12.66,-0.0063793
12.67,-0.0063826
12.68,-0.006391
12.69,-0.0064004
12.7,-0.0064009
12.71,-0.0063977
12.72,-0.0064005
12.73,-0.0064062
12.74,-0.0064066
12.75,-0.0064023
12.76,-0.0063954
12.77,-0.0063851
12.78,-0.0063737
12.79,-0.0063617
12.8,-0.0063454
12.81,-0.0063252
12.82,-0.0063041
12.83,-0.0062798
12.84,-0.0062601
12.85,-0.006234
12.86,-0.006205
12.87,-0.0061774
12.88,-0.0061483
12.89,-0.0061107
12.9,-0.0060655
12.91,-0.0060215
12.92,-0.0059834
12.931,-0.005935
12.941,-0.0058802
12.951,-0.0058296
12.961,-0.0057822
12.971,-0.0057218
12.981,-0.0056616
12.991,-0.005586
13.001,-0.0055066
13.011,-0.0054229
13.021,-0.0053414
13.031,-0.0052499
13.041,-0.0051507
13.051,-0.0050499
13.061,-0.0049492
13.071,-0.0048355
13.081,-0.0047152
13.091,-0.0045954
13.101,-0.004469
13.111,-0.0043304
13.121,-0.004182
13.131,-0.0040288
13.141,-0.0038691
13.151,-0.0036986
13.161,-0.0035256
13.171,-0.0033488
13.181,-0.0031686
13.191,-0.0029763
13.201,-0.0027834
13.211,-0.0025897
13.221,-0.0023981
13.231,-0.0022065
13.241,-0.0020093
13.251,-0.0018085
13.261,-0.0016066
13.271,-0.0013881
13.281,-0.0011609
13.291,-0.00093997
13.301,-0.00072592
13.311,-0.00050294
13.321,-0.00027055
13.331,-4.8922e-005
13.341,0.00016663
13.352,0.00038307
13.362,0.00059928
13.372,0.0008063
13.382,0.0010031
13.392,0.0011967
13.402,0.0013908
13.412,0.0015743
13.422,0.0017448
13.432,0.0019042
13.442,0.0020526
13.452,0.0021816
13.462,0.0022985
13.472,0.0024011
13.482,0.0024959
13.492,0.0025946
13.502,0.0026833
13.512,0.0027568
13.522,0.0028127
13.532,0.002855
13.542,0.0028852
13.552,0.0028995
13.562,0.0029044
13.572,0.0029005
13.582,0.0028767
13.592,0.0028387
13.602,0.0027889
13.612,0.0027196
13.622,0.002631
13.632,0.0025334
13.642,0.00242
13.652,0.0022899
13.662,0.0021413
13.672,0.0019846
13.682,0.0018105
13.692,0.0016251
13.702,0.0014354
13.712,0.0012352
13.722,0.0010298
13.732,0.00081447
13.742,0.00058359
13.752,0.00034563
13.762,9.2678e-005
13.773,-0.00017316
13.783,-0.0004395
13.793,-0.00070314
13.803,-0.00096597
13.813,-0.0012328
13.823,-0.0015043
13.833,-0.0017871
13.843,-0.0020792
13.853,-0.0023717
13.863,-0.0026676
13.873,-0.00297
13.883,-0.0032726
13.893,-0.0035711
13.903,-0.0038662
13.913,-0.004159
13.923,-0.0044483
13.933,-0.0047315
13.943,-0.0050146
13.953,-0.005292
13.963,-0.0055605
13.973,-0.0058293
13.983,-0.0061014
13.993,-0.0063719
14.003,-0.006647
14.013,-0.006921
14.023,-0.0071855
14.033,-0.0074374
14.043,-0.0076842
14.053,-0.0079301
14.063,-0.0081685
14.073,-0.0084006
14.083,-0.0086218
14.093,-0.0088366
14.103,-0.0090416
14.113,-0.0092486
14.123,-0.0094568
14.133,-0.0096514
14.143,-0.009845
14.153,-0.010043
14.163,-0.010246
14.173,-0.010444
14.183,-0.010638
14.193,-0.010832
14.204,-0.011032
14.214,-0.011226
14.224,-0.01141
14.234,-0.011594
14.244,-0.011773
14.254,-0.011958
14.264,-0.012147
14.274,-0.012335
14.284,-0.012519
14.294,-0.012704
14.304,-0.012887
14.314,-0.01307
14.324,-0.013255
14.334,-0.013449
14.344,-0.013643
14.354,-0.013839
14.364,-0.014045
14.374,-0.014245
14.384,-0.014443
14.394,-0.014637
14.404,-0.014837
14.414,-0.015042
14.424,-0.01525
14.434,-0.015458
14.444,-0.015669
14.454,-0.015885
14.464,-0.016097
14.474,-0.016303
14.484,-0.016506
14.494,-0.016702
14.504,-0.016896
14.514,-0.017093
14.524,-0.017281
14.534,-0.017456
14.544,-0.017621
14.554,-0.01778
14.564,-0.017926
14.574,-0.018066
14.584,-0.0182
14.594,-0.018323
14.604,-0.018434
14.614,-0.018531
14.625,-0.018616
14.635,-0.018702
14.645,-0.018776
14.655,-0.018837
14.665,-0.018885
14.675,-0.018926
14.685,-0.018962
14.695,-0.018975
14.705,-0.018977
14.715,-0.018966
14.725,-0.018939
14.735,-0.018901
14.745,-0.018856
14.755,-0.018797
14.765,-0.018727
14.775,-0.018643
14.785,-0.018551
14.795,-0.018439
14.805,-0.018319
14.815,-0.018192
14.825,-0.018057
14.835,-0.017911
14.845,-0.017755
14.855,-0.017594
14.865,-0.017418
14.875,-0.017242
14.885,-0.017059
14.895,-0.016872
14.905,-0.01667
14.915,-0.01647
14.925,-0.01626
14.935,-0.016038
14.945,-0.015819
14.955,-0.015589
14.965,-0.01536
14.975,-0.015147
14.985,-0.014936
14.995,-0.014717
15.005,-0.014507
15.015,-0.014302
15.025,-0.014105
15.035,-0.013909
15.046,-0.013717
15.056,-0.013536
15.066,-0.013362
15.076,-0.013199
15.086,-0.013055
15.096,-0.012929
15.106,-0.012812
15.116,-0.012707
15.126,-0.012609
15.136,-0.012518
15.146,-0.012448
15.156,-0.012397
15.166,-0.012369
15.176,-0.012345
15.186,-0.012336
15.196,-0.012347
15.206,-0.012375
15.216,-0.012429
15.226,-0.012496
15.236,-0.01258
15.246,-0.012685
15.256,-0.012815
15.266,-0.012959
15.276,-0.013113
15.286,-0.013287
15.296,-0.013486
15.306,-0.013701
15.316,-0.013942
15.326,-0.014199
15.336,-0.014479
15.346,-0.014783
15.356,-0.015111
15.366,-0.015447
15.376,-0.015799
15.386,-0.016179
15.396,-0.016583
15.406,-0.017009
15.416,-0.017449
15.426,-0.01791
15.436,-0.018397
15.446,-0.018896
15.456,-0.019417
15.466,-0.019956
15.477,-0.020512
15.487,-0.021097
15.497,-0.021703
15.507,-0.02232
15.517,-0.022949
15.527,-0.023607
15.537,-0.024287
15.547,-0.024981
15.557,-0.025702
15.567,-0.026446
15.577,-0.027206
15.587,-0.02798
15.597,-0.028782
15.607,-0.029603
15.617,-0.030448
15.627,-0.031307
15.637,-0.032175
15.647,-0.033062
15.657,-0.033958
15.667,-0.034866
15.677,-0.035788
15.687,-0.036726
15.697,-0.037686
15.707,-0.038665
15.717,-0.039659
15.727,-0.040663
15.737,-0.041684
15.747,-0.04272
15.757,-0.043757
15.767,-0.044806
15.777,-0.04588
15.787,-0.046973
15.797,-0.048092
15.807,-0.049212
15.817,-0.050339
15.827,-0.051475
15.837,-0.052608
15.847,-0.053765
15.857,-0.054937
15.867,-0.056118
15.877,-0.057306
15.887,-0.05851
15.898,-0.059725
15.908,-0.060939
15.918,-0.062142
15.928,-0.06335
15.938,-0.064559
15.948,-0.065781
15.958,-0.067013
15.968,-0.068229
15.978,-0.069425
15.988,-0.070641
15.998,-0.071848
16.008,-0.073047
16.018,-0.074242
16.028,-0.075439
16.038,-0.076635
16.048,-0.077828
16.058,-0.079012
16.068,-0.080195
16.078,-0.081362
16.088,-0.082517
16.098,-0.083664
16.108,-0.084811
16.118,-0.085952
16.128,-0.087082
16.138,-0.088206
16.148,-0.089331
16.158,-0.090447
16.168,-0.091554
16.178,-0.092661
16.188,-0.093757
16.198,-0.094854
16.208,-0.095939
16.218,-0.09702
16.228,-0.098104
16.238,-0.099181
16.248,-0.10024
16.258,-0.1013
16.268,-0.10236
16.278,-0.10341
16.288,-0.10446
16.298,-0.10552
16.308,-0.10657
16.319,-0.10762
16.329,-0.10867
16.339,-0.10973
16.349,-0.11078
16.359,-0.11185
16.369,-0.11292
16.379,-0.114
16.389,-0.11508
16.399,-0.11617
16.409,-0.11728
16.419,-0.1184
16.429,-0.11953
16.439,-0.12068
16.449,-0.12186
16.459,-0.12306
16.469,-0.12427
16.479,-0.1255
16.489,-0.12675
16.499,-0.12802
16.509,-0.12931
16.519,-0.13063
16.529,-0.13197
16.539,-0.13333
16.549,-0.13472
16.559,-0.13614
16.569,-0.13761
16.579,-0.13909
16.589,-0.1406
16.599,-0.14215
16.609,-0.14372
16.619,-0.14535
16.629,-0.147
16.639,-0.14869
16.649,-0.15042
16.659,-0.15219
16.669,-0.15401
16.679,-0.15584
16.689,-0.15771
16.699,-0.15962
16.709,-0.16157
16.719,-0.16355
16.729,-0.16556
16.74,-0.16761
16.75,-0.16971
16.76,-0.17185
16.77,-0.17399
16.78,-0.17617
16.79,-0.17839
16.8,-0.18063
16.81,-0.18289
16.82,-0.18517
16.83,-0.18748
16.84,-0.18981
16.85,-0.19215
16.86,-0.19451
16.87,-0.19688
16.88,-0.19924
16.89,-0.20161
16.9,-0.20397
16.91,-0.20633
16.92,-0.20867
16.93,-0.21099
16.94,-0.21327
16.95,-0.21555
16.96,-0.21784
16.97,-0.22009
16.98,-0.22227
16.99,-0.22441
17,-0.22649
17.01,-0.22851
17.02,-0.23045
17.03,-0.2323
17.04,-0.23407
17.05,-0.23576
17.06,-0.23733
17.07,-0.23878
17.08,-0.2401
17.09,-0.24128
17.1,-0.24231
17.11,-0.24319
17.12,-0.24391
17.13,-0.24445
17.14,-0.24481
17.15,-0.24497
17.16,-0.24494
17.171,-0.2447
17.181,-0.24423
17.191,-0.24355
17.201,-0.24263
17.211,-0.24145
17.221,-0.24004
17.231,-0.23837
17.241,-0.23644
17.251,-0.23423
17.261,-0.23174
17.271,-0.22897
17.281,-0.22591
17.291,-0.22257
17.301,-0.21888
17.311,-0.21488
17.321,-0.21057
17.331,-0.20599
17.341,-0.20111
17.351,-0.19591
17.361,-0.19039
17.371,-0.18449
17.381,-0.17827
17.391,-0.17176
17.401,-0.16498
17.411,-0.15784
17.421,-0.15041
17.431,-0.14266
17.441,-0.1347
17.451,-0.1265
17.461,-0.11797
17.471,-0.10907
17.481,-0.099917
17.491,-0.090561
17.501,-0.081011
17.511,-0.071129
17.521,-0.061014
17.531,-0.050708
17.541,-0.040235
17.551,-0.029626
17.561,-0.018757
17.571,-0.0076821
17.581,0.0035661
17.592,0.014991
17.602,0.026471
17.612,0.038041
17.622,0.049751
17.632,0.061592
17.642,0.073518
17.652,0.085467
17.662,0.097438
17.672,0.10944
17.682,0.12147
17.692,0.13352
17.702,0.14548
17.712,0.15744
17.722,0.16934
17.732,0.18115
17.742,0.19288
17.752,0.20456
17.762,0.21604
17.772,0.2275
17.782,0.23878
17.792,0.2499
17.802,0.26084
17.812,0.27162
17.822,0.2823
17.832,0.29281
17.842,0.30307
17.852,0.31305
17.862,0.3228
17.872,0.33231
17.882,0.3416
17.892,0.35069
17.902,0.3595
17.912,0.36806
17.922,0.37635
17.932,0.38439
17.942,0.39209
17.952,0.39947
17.962,0.40654
17.972,0.41334
17.982,0.41986
17.992,0.42609
18.002,0.43201
18.013,0.43762
18.023,0.44298
18.033,0.44803
18.043,0.45276
18.053,0.45717
18.063,0.46126
18.073,0.46507
18.083,0.46857
18.093,0.47182
18.103,0.4748
18.113,0.47748
18.123,0.47985
18.133,0.48194
18.143,0.48373
18.153,0.48526
18.163,0.48651
18.173,0.48749
18.183,0.48819
18.193,0.48863
18.203,0.4888
18.213,0.48871
18.223,0.48838
18.233,0.48778
18.243,0.48695
18.253,0.48587
18.263,0.48455
18.273,0.48302
18.283,0.48125
18.293,0.47924
18.303,0.47703
18.313,0.47462
18.323,0.47202
18.333,0.46921
18.343,0.46618
18.353,0.46299
18.363,0.45964
18.373,0.45613
18.383,0.45245
18.393,0.44861
18.403,0.4446
18.413,0.44046
18.423,0.43617
18.434,0.43174
18.444,0.42718
18.454,0.42251
18.464,0.41771
18.474,0.41284
18.484,0.40786
18.494,0.40277
18.504,0.39755
18.514,0.3923
18.524,0.38695
18.534,0.38152
18.544,0.37605
18.554,0.37053
18.564,0.36493
18.574,0.35928
18.584,0.35359
18.594,0.34792
18.604,0.34224
18.614,0.33649
18.624,0.3307
18.634,0.32497
18.644,0.31923
18.654,0.3135
18.664,0.30774
18.674,0.30199
18.684,0.29628
18.694,0.2906
18.704,0.28491
18.714,0.27922
18.724,0.2736
18.734,0.26805
18.744,0.26254
18.754,0.257
18.764,0.25149
18.774,0.24606
18.784,0.24073
18.794,0.23543
18.804,0.23014
18.814,0.22493
18.824,0.21983
18.834,0.21477
18.844,0.20979
18.854,0.20483
18.865,0.19994
18.875,0.19513
18.885,0.19039
18.895,0.18573
18.905,0.18114
18.915,0.17665
18.925,0.17224
18.935,0.16785
18.945,0.16351
18.955,0.15926
18.965,0.1551
18.975,0.15103
18.985,0.14699
18.995,0.14303
19.005,0.13918
19.015,0.13535
19.025,0.13156
19.035,0.12782
19.045,0.12415
19.055,0.12057
19.065,0.117
19.075,0.11348
19.085,0.11003
19.095,0.10665
19.105,0.1033
19.115,0.10003
19.125,0.096806
19.135,0.093595
19.145,0.090445
19.155,0.087351
19.165,0.08428
19.175,0.081244
19.185,0.07828
19.195,0.075363
19.205,0.072468
19.215,0.069609
19.225,0.06678
19.235,0.064027
19.245,0.061293
19.255,0.058592
19.265,0.055928
19.275,0.053289
19.286,0.050697
19.296,0.048149
19.306,0.045634
19.316,0.043154
19.326,0.040694
19.336,0.038262
19.346,0.035858
19.356,0.033499
19.366,0.03117
19.376,0.028883
19.386,0.026627
19.396,0.024392
19.406,0.022185
19.416,0.02002
19.426,0.017882
19.436,0.015785
19.446,0.01371
19.456,0.011665
19.466,0.0096544
19.476,0.0076797
19.486,0.0057366
19.496,0.0038379
19.506,0.0019657
19.516,0.00014201
19.526,-0.0016528
19.536,-0.0034241
19.546,-0.0051655
19.556,-0.0068826
19.566,-0.0085682
19.576,-0.010216
19.586,-0.011839
19.596,-0.013438
19.606,-0.015002
19.616,-0.016535
19.626,-0.018041
19.636,-0.019535
19.646,-0.020986
19.656,-0.022414
19.666,-0.02383
19.676,-0.025223
19.686,-0.026588
19.696,-0.027926
19.707,-0.029251
19.717,-0.030549
19.727,-0.031829
19.737,-0.033097
19.747,-0.034355
19.757,-0.035601
19.767,-0.036822
19.777,-0.038022
19.787,-0.039189
19.797,-0.040352
19.807,-0.041508
19.817,-0.042651
19.827,-0.043777
19.837,-0.044891
19.847,-0.046001
19.857,-0.047101
19.867,-0.048193
19.877,-0.049278
19.887,-0.050339
19.897,-0.051383
19.907,-0.052422
19.917,-0.053466
19.927,-0.054498
19.937,-0.055516
19.947,-0.056525
19.957,-0.057528
19.967,-0.058518
19.977,-0.059508
19.987,-0.06049
19.997,-0.061456
20.007,-0.062406
20.017,-0.063346
20.027,-0.064271
20.037,-0.065186
20.047,-0.066091
20.057,-0.06698
20.067,-0.067858
20.077,-0.06873
20.087,-0.069583
20.097,-0.070414
20.107,-0.07123
20.117,-0.072033
20.127,-0.072818
20.138,-0.073582
20.148,-0.074335
20.158,-0.07507
20.168,-0.075778
20.178,-0.076472
20.188,-0.077144
20.198,-0.077808
20.208,-0.078452
20.218,-0.079077
20.228,-0.079682
20.238,-0.080252
20.248,-0.080798
20.258,-0.081329
20.268,-0.081843
20.278,-0.082339
20.288,-0.082821
20.298,-0.083269
20.308,-0.083691
20.318,-0.084099
20.328,-0.084485
20.338,-0.08485
20.348,-0.085187
20.358,-0.085498
20.368,-0.085789
20.378,-0.086049
20.388,-0.086289
20.398,-0.086504
20.408,-0.086685
20.418,-0.086837
20.428,-0.086964
20.438,-0.087065
20.448,-0.087138
20.458,-0.087187
20.468,-0.087211
20.478,-0.087212
20.488,-0.087188
20.498,-0.087131
20.508,-0.087053
20.518,-0.086949
20.528,-0.086815
20.538,-0.08666
20.548,-0.086481
20.559,-0.086277
20.569,-0.086043
20.579,-0.08578
20.589,-0.085504
20.599,-0.085195
20.609,-0.084855
20.619,-0.084502
20.629,-0.084115
20.639,-0.083707
20.649,-0.083277
20.659,-0.082833
20.669,-0.08237
20.679,-0.081884
20.689,-0.081373
20.699,-0.080845
20.709,-0.080296
20.719,-0.079728
20.729,-0.079147
20.739,-0.07855
20.749,-0.077939
20.759,-0.077313
20.769,-0.076671
20.779,-0.076014
20.789,-0.075348
20.799,-0.074668
20.809,-0.073973
20.819,-0.07326
20.829,-0.072532
20.839,-0.071804
20.849,-0.071074
20.859,-0.070334
20.869,-0.069578
20.879,-0.068821
20.889,-0.068072
20.899,-0.067316
20.909,-0.066545
20.919,-0.065777
20.929,-0.065017
20.939,-0.06425
20.949,-0.063481
20.959,-0.06271
20.969,-0.061938
20.98,-0.061172
20.99,-0.060414
21,-0.059663
21.01,-0.058922
21.02,-0.058175
21.03,-0.057438
21.04,-0.056708
21.05,-0.055986
21.06,-0.055273
21.07,-0.054571
21.08,-0.053887
21.09,-0.053203
21.1,-0.052529
21.11,-0.051866
21.12,-0.051211
21.13,-0.05056
21.14,-0.04992
21.15,-0.049298
21.16,-0.04869
21.17,-0.048091
21.18,-0.0475
21.19,-0.046913
21.2,-0.046336
21.21,-0.045764
21.22,-0.045208
21.23,-0.044662
21.24,-0.044126
21.25,-0.043593
21.26,-0.043077
21.27,-0.042569
21.28,-0.042069
21.29,-0.041588
21.3,-0.04112
21.31,-0.040662
21.32,-0.040213
21.33,-0.039772
21.34,-0.039339
21.35,-0.038922
21.36,-0.038517
21.37,-0.038122
21.38,-0.037739
21.39,-0.037368
21.401,-0.037011
21.411,-0.036667
21.421,-0.036333
21.431,-0.036014
21.441,-0.035708
21.451,-0.035412
21.461,-0.035128
21.471,-0.034859
21.481,-0.034608
21.491,-0.034377
21.501,-0.034158
21.511,-0.033953
21.521,-0.033767
21.531,-0.0336
21.541,-0.033454
21.551,-0.03333
21.561,-0.033231
21.571,-0.033153
21.581,-0.033091
21.591,-0.033053
21.601,-0.033036
21.611,-0.033037
21.621,-0.033061
21.631,-0.033104
21.641,-0.033164
21.651,-0.033241
21.661,-0.033336
21.671,-0.033456
21.681,-0.03359
21.691,-0.033742
21.701,-0.033912
21.711,-0.034101
21.721,-0.034304
21.731,-0.034519
21.741,-0.034755
21.751,-0.034997
21.761,-0.035251
21.771,-0.035515
21.781,-0.035787
21.791,-0.036075
21.801,-0.036379
21.811,-0.036688
21.821,-0.037003
21.832,-0.037316
21.842,-0.03763
21.852,-0.037945
21.862,-0.038253
21.872,-0.038561
21.882,-0.038867
21.892,-0.039162
21.902,-0.039446
21.912,-0.039711
21.922,-0.039962
21.932,-0.040192
21.942,-0.040408
21.952,-0.040599
21.962,-0.040765
21.972,-0.04091
21.982,-0.041032
21.992,-0.041128
22.002,-0.041193
22.012,-0.041223
22.022,-0.041228
22.032,-0.041196
22.042,-0.041127
22.052,-0.041019
22.062,-0.040883
22.072,-0.040714
22.082,-0.040509
22.092,-0.040264
22.102,-0.039974
22.112,-0.039647
22.122,-0.039277
22.132,-0.03887
22.142,-0.038426
22.152,-0.037942
22.162,-0.037417
22.172,-0.03686
22.182,-0.036259
22.192,-0.035624
22.202,-0.034941
22.212,-0.034224
22.222,-0.033476
22.232,-0.032686
22.242,-0.031859
22.253,-0.030996
22.263,-0.030106
22.273,-0.029188
22.283,-0.028241
22.293,-0.027276
22.303,-0.026282
22.313,-0.025259
22.323,-0.024211
22.333,-0.023142
22.343,-0.022052
22.353,-0.020943
22.363,-0.019813
22.373,-0.018666
22.383,-0.017516
22.393,-0.016345
22.403,-0.015155
22.413,-0.01396
22.423,-0.01275
22.433,-0.011538
22.443,-0.01032
22.453,-0.0090943
22.463,-0.0078679
22.473,-0.0066286
22.483,-0.0053996
22.493,-0.0041766
22.503,-0.0029601
22.513,-0.0017491
22.523,-0.00053796
22.533,0.00066789
22.543,0.0018509
22.553,0.0030176
22.563,0.0041789
22.573,0.0053292
22.583,0.0064656
22.593,0.0075846
22.603,0.0086789
22.613,0.0097575
22.623,0.010811
22.633,0.011843
22.643,0.012858
22.653,0.013854
22.663,0.01482
22.674,0.015761
22.684,0.016674
22.694,0.017556
22.704,0.01841
22.714,0.019232
22.724,0.020023
22.734,0.020781
22.744,0.021519
22.754,0.022232
22.764,0.022907
22.774,0.023549
22.784,0.024156
22.794,0.024731
22.804,0.025267
22.814,0.025759
22.824,0.026211
22.834,0.026632
22.844,0.027018
22.854,0.02737
22.864,0.02768
22.874,0.027951
22.884,0.028187
22.894,0.028389
22.904,0.028554
22.914,0.028672
22.924,0.028753
22.934,0.028789
22.944,0.02879
22.954,0.028768
22.964,0.028708
22.974,0.028607
22.984,0.02847
22.994,0.028304
23.004,0.028106
23.014,0.027874
23.024,0.027602
23.034,0.027289
23.044,0.026936
23.054,0.026544
23.064,0.026121
23.074,0.025671
23.084,0.025191
23.095,0.024684
23.105,0.024143
23.115,0.023564
23.125,0.022962
23.135,0.022334
23.145,0.021681
23.155,0.021
23.165,0.020301
23.175,0.019585
23.185,0.018842
23.195,0.01808
23.205,0.017306
23.215,0.016511
23.225,0.015702
23.235,0.014875
23.245,0.014042
23.255,0.013195
23.265,0.012324
23.275,0.011439
23.285,0.010546
23.295,0.0096536
23.305,0.0087519
23.315,0.0078291
23.325,0.006906
23.335,0.0059766
23.345,0.0050455
23.355,0.0041158
23.365,0.003183
23.375,0.0022515
23.385,0.0013095
23.395,0.00035768
23.405,-0.00060154
23.415,-0.0015558
23.425,-0.0025018
23.435,-0.0034515
23.445,-0.0044056
23.455,-0.0053506
23.465,-0.0062906
23.475,-0.0072331
23.485,-0.0081659
23.495,-0.009099
23.505,-0.010031
23.515,-0.01095
23.526,-0.011867
23.536,-0.012778
23.546,-0.013673
23.556,-0.014566
23.566,-0.015451
23.576,-0.016333
23.586,-0.017206
23.596,-0.018073
23.606,-0.018937
23.616,-0.019794
23.626,-0.020632
23.636,-0.021473
23.646,-0.022306
23.656,-0.023133
23.666,-0.023957
23.676,-0.024767
23.686,-0.025562
23.696,-0.026361
23.706,-0.027154
23.716,-0.02794
23.726,-0.028727
23.736,-0.029508
23.746,-0.030289
23.756,-0.031053
23.766,-0.031807
23.776,-0.032549
23.786,-0.033287
23.796,-0.034016
23.806,-0.03474
23.816,-0.035472
23.826,-0.036199
23.836,-0.036907
23.846,-0.037613
23.856,-0.038321
23.866,-0.039023
23.876,-0.039713
23.886,-0.040394
23.896,-0.041076
23.906,-0.04175
23.916,-0.042426
23.926,-0.043104
23.936,-0.043778
23.947,-0.04444
23.957,-0.045095
23.967,-0.045747
23.977,-0.046395
23.987,-0.047033
23.997,-0.047663
24.007,-0.048293
24.017,-0.048921
24.027,-0.049547
24.037,-0.050163
24.047,-0.050778
24.057,-0.051389
24.067,-0.051996
24.077,-0.052592
24.087,-0.053182
24.097,-0.053769
24.107,-0.054353
24.117,-0.054936
24.127,-0.055507
24.137,-0.056068
24.147,-0.056613
24.157,-0.057143
24.167,-0.057666
24.177,-0.05818
24.187,-0.058689
24.197,-0.059185
24.207,-0.059665
24.217,-0.060135
24.227,-0.060588
24.237,-0.061033
24.247,-0.061461
24.257,-0.061878
24.267,-0.062277
24.277,-0.062662
24.287,-0.063039
24.297,-0.063396
24.307,-0.063737
24.317,-0.064069
24.327,-0.064375
24.337,-0.064656
24.347,-0.064925
24.357,-0.065177
24.368,-0.065415
24.378,-0.065626
24.388,-0.065817
24.398,-0.065994
24.408,-0.066144
24.418,-0.066271
24.428,-0.066382
24.438,-0.066478
24.448,-0.066554
24.458,-0.066607
24.468,-0.066646
24.478,-0.066672
24.488,-0.066677
24.498,-0.066665
24.508,-0.066637
24.518,-0.066588
24.528,-0.066523
24.538,-0.066445
24.548,-0.066353
24.558,-0.066256
24.568,-0.066141
24.578,-0.066011
24.588,-0.065872
24.598,-0.065718
24.608,-0.065547
24.618,-0.065356
24.628,-0.065154
24.638,-0.064945
24.648,-0.064715
24.658,-0.064478
24.668,-0.064235
24.678,-0.063985
24.688,-0.063731
24.698,-0.063458
24.708,-0.06317
24.718,-0.062873
24.728,-0.062563
24.738,-0.062249
24.748,-0.06193
24.758,-0.061604
24.768,-0.061276
24.778,-0.060932
24.788,-0.060576
24.799,-0.060219
24.809,-0.059859
24.819,-0.059491
24.829,-0.05911
24.839,-0.058726
24.849,-0.058338
24.859,-0.057939
24.869,-0.057539
24.879,-0.057131
24.889,-0.056713
24.899,-0.056281
24.909,-0.055836
24.919,-0.055383
24.929,-0.05492
24.939,-0.054459
24.949,-0.053997
24.959,-0.053521
24.969,-0.053039
24.979,-0.052546
24.989,-0.052048
24.999,-0.051544
25.009,-0.051029
25.019,-0.050501
25.029,-0.049975
25.039,-0.049448
25.049,-0.048908
25.059,-0.048361
25.069,-0.047806
25.079,-0.047254
25.089,-0.046694
25.099,-0.046122
25.109,-0.045543
25.119,-0.044963
25.129,-0.044388
25.139,-0.043808
25.149,-0.043229
25.159,-0.042647
25.169,-0.042058
25.179,-0.041458
25.189,-0.040851
25.199,-0.040244
25.209,-0.039625
25.22,-0.039004
25.23,-0.038385
25.24,-0.037766
25.25,-0.037143
25.26,-0.036511
25.27,-0.035874
25.28,-0.035238
25.29,-0.0346
25.3,-0.033957
25.31,-0.033318
25.32,-0.032693
25.33,-0.032072
25.34,-0.031447
25.35,-0.030828
25.36,-0.030218
25.37,-0.029606
25.38,-0.028998
25.39,-0.028391
25.4,-0.02779
25.41,-0.027191
25.42,-0.026593
25.43,-0.026007
25.44,-0.025434
25.45,-0.024878
25.46,-0.024324
25.47,-0.02377
25.48,-0.023222
25.49,-0.022686
25.5,-0.022159
25.51,-0.021633
25.52,-0.021118
25.53,-0.020599
25.54,-0.020082
25.55,-0.019572
25.56,-0.019079
25.57,-0.018598
25.58,-0.018126
25.59,-0.01766
25.6,-0.0172
25.61,-0.01675
25.62,-0.016303
25.63,-0.01587
25.641,-0.015447
25.651,-0.015033
25.661,-0.014627
25.671,-0.014229
25.681,-0.013843
25.691,-0.01347
25.701,-0.013102
25.711,-0.012737
25.721,-0.012384
25.731,-0.012047
25.741,-0.01172
25.751,-0.011392
25.761,-0.011074
25.771,-0.010758
25.781,-0.010461
25.791,-0.010168
25.801,-0.0098792
25.811,-0.0096033
25.821,-0.0093377
25.831,-0.0090891
25.841,-0.00885
25.851,-0.0086185
25.861,-0.0083933
25.871,-0.0081814
25.881,-0.0079759
25.891,-0.007785
25.901,-0.007606
25.911,-0.007433
25.921,-0.0072674
25.931,-0.0071122
25.941,-0.0069661
25.951,-0.006827
25.961,-0.006688
25.971,-0.0065548
25.981,-0.0064311
25.991,-0.0063137
26.001,-0.006203
26.011,-0.0061013
26.021,-0.0060052
26.031,-0.0059114
26.041,-0.0058294
26.051,-0.0057492
26.062,-0.0056789
26.072,-0.0056115
26.082,-0.0055634
26.092,-0.0055241
26.102,-0.0054869
26.112,-0.0054592
26.122,-0.0054371
26.132,-0.0054207
26.142,-0.0054131
26.152,-0.0054223
26.162,-0.0054385
26.172,-0.0054619
26.182,-0.0054958
26.192,-0.0055311
26.202,-0.0055719
26.212,-0.0056236
26.222,-0.0056904
26.232,-0.0057661
26.242,-0.0058493
26.252,-0.005947
26.262,-0.006051
26.272,-0.0061595
26.282,-0.0062768
26.292,-0.0064086
26.302,-0.0065494
26.312,-0.0066889
26.322,-0.0068409
26.332,-0.0070075
26.342,-0.0071851
26.352,-0.0073677
26.362,-0.0075566
26.372,-0.0077563
26.382,-0.0079667
26.392,-0.0081918
26.402,-0.0084255
26.412,-0.0086646
26.422,-0.0089134
26.432,-0.0091746
26.442,-0.0094471
26.452,-0.0097245
26.462,-0.010009
26.472,-0.010315
26.482,-0.010631
26.493,-0.010954
26.503,-0.011293
26.513,-0.011638
26.523,-0.011999
26.533,-0.012371
26.543,-0.012758
26.553,-0.01316
26.563,-0.013571
26.573,-0.013987
26.583,-0.01442
26.593,-0.014866
26.603,-0.015324
26.613,-0.015796
26.623,-0.016271
26.633,-0.016746
26.643,-0.017234
26.653,-0.017736
26.663,-0.018248
26.673,-0.018756
26.683,-0.019271
26.693,-0.019797
26.703,-0.020325
26.713,-0.02086
26.723,-0.021404
26.733,-0.02196
26.743,-0.02252
26.753,-0.023086
26.763,-0.023657
26.773,-0.024231
26.783,-0.024803
26.793,-0.025371
26.803,-0.025949
26.813,-0.026538
26.823,-0.027126
26.833,-0.027709
26.843,-0.028292
26.853,-0.028876
26.863,-0.029453
26.873,-0.030035
26.883,-0.030621
26.893,-0.031203
26.903,-0.031782
26.914,-0.032352
26.924,-0.03291
26.934,-0.033471
26.944,-0.034028
26.954,-0.034576
26.964,-0.035128
26.974,-0.035675
26.984,-0.036212
26.994,-0.036737
27.004,-0.037251
27.014,-0.037759
27.024,-0.038261
27.034,-0.038748
27.044,-0.03922
27.054,-0.039686
27.064,-0.040138
27.074,-0.040576
27.084,-0.04101
27.094,-0.041432
27.104,-0.041845
27.114,-0.042248
27.124,-0.042639
27.134,-0.043016
27.144,-0.043373
27.154,-0.043717
27.164,-0.044056
27.174,-0.044386
27.184,-0.044699
27.194,-0.044989
27.204,-0.04527
27.214,-0.045536
27.224,-0.045789
27.234,-0.046024
27.244,-0.046244
27.254,-0.046449
27.264,-0.04664
27.274,-0.046824
27.284,-0.047
27.294,-0.047158
27.304,-0.047303
27.314,-0.047436
27.324,-0.04756
27.335,-0.047675
27.345,-0.047772
27.355,-0.047863
27.365,-0.047945
27.375,-0.048015
27.385,-0.048068
27.395,-0.04811
27.405,-0.048143
27.415,-0.048168
27.425,-0.048188
27.435,-0.048198
27.445,-0.048197
27.455,-0.048185
27.465,-0.048167
27.475,-0.048138
27.485,-0.048106
27.495,-0.048066
27.505,-0.048024
27.515,-0.047976
27.525,-0.047916
27.535,-0.047852
27.545,-0.047784
27.555,-0.047708
27.565,-0.04763
27.575,-0.047543
27.585,-0.04745
27.595,-0.047359
27.605,-0.047264
27.615,-0.04716
27.625,-0.047056
27.635,-0.046954
27.645,-0.046847
27.655,-0.046734
27.665,-0.04662
27.675,-0.046502
27.685,-0.046389
27.695,-0.046276
27.705,-0.046155
27.715,-0.046031
27.725,-0.045912
27.735,-0.045794
27.745,-0.045674
27.755,-0.045551
27.766,-0.045429
27.776,-0.045306
27.786,-0.045185
27.796,-0.045064
27.806,-0.044941
27.816,-0.044815
27.826,-0.04469
27.836,-0.044561
27.846,-0.044428
27.856,-0.044295
27.866,-0.044155
27.876,-0.044016
27.886,-0.043876
27.896,-0.04374
27.906,-0.043602
27.916,-0.043449
27.926,-0.043294
27.936,-0.043135
27.946,-0.042966
27.956,-0.04279
27.966,-0.042614
27.976,-0.042431
27.986,-0.042245
27.996,-0.042045
28.006,-0.041844
28.016,-0.041632
28.026,-0.041413
28.036,-0.041183
28.046,-0.040951
28.056,-0.040713
28.066,-0.040472
28.076,-0.040219
28.086,-0.039963
28.096,-0.039704
28.106,-0.039439
28.116,-0.039176
28.126,-0.038905
28.136,-0.038625
28.146,-0.038341
28.156,-0.038046
28.166,-0.037736
28.176,-0.037415
28.187,-0.037093
28.197,-0.036766
28.207,-0.036428
28.217,-0.036075
28.227,-0.035718
28.237,-0.035351
28.247,-0.03497
28.257,-0.034585
28.267,-0.034192
28.277,-0.033787
28.287,-0.033372
28.297,-0.032948
28.307,-0.032514
28.317,-0.03207
28.327,-0.031622
28.337,-0.031168
28.347,-0.03071
28.357,-0.030241
28.367,-0.029776
28.377,-0.029313
28.387,-0.02885
28.397,-0.028375
28.407,-0.027898
28.417,-0.027427
28.427,-0.026951
28.437,-0.026467
28.447,-0.025985
28.457,-0.025504
28.467,-0.025034
28.477,-0.02456
28.487,-0.024077
28.497,-0.023603
28.507,-0.023134
28.517,-0.022673
28.527,-0.022221
28.537,-0.021777
28.547,-0.021332
28.557,-0.020879
28.567,-0.020432
28.577,-0.020006
28.587,-0.01958
28.597,-0.019163
28.608,-0.018749
28.618,-0.018334
28.628,-0.017937
28.638,-0.017543
28.648,-0.017158
28.658,-0.01678
28.668,-0.016405
28.678,-0.016042
28.688,-0.015687
28.698,-0.015334
28.708,-0.014985
28.718,-0.014641
28.728,-0.014302
28.738,-0.01398
28.748,-0.013671
28.758,-0.013373
28.768,-0.013081
28.778,-0.012794
28.788,-0.012512
28.798,-0.012245
28.808,-0.01199
28.818,-0.011745
28.828,-0.01151
28.838,-0.011287
28.848,-0.011072
28.858,-0.010857
28.868,-0.010648
28.878,-0.01045
28.888,-0.010263
28.898,-0.01008
28.908,-0.0098998
28.918,-0.0097245
28.928,-0.0095495
28.938,-0.0093754
28.948,-0.0092074
28.958,-0.0090488
28.968,-0.0088921
28.978,-0.0087346
28.988,-0.0085732
28.998,-0.0084164
29.008,-0.0082639
29.018,-0.0081097
29.029,-0.0079581
29.039,-0.0078096
29.049,-0.0076656
29.059,-0.0075211
29.069,-0.0073801
29.079,-0.007235
29.089,-0.0070807
29.099,-0.0069306
29.109,-0.0067847
29.119,-0.0066284
29.129,-0.0064754
29.139,-0.006322
29.149,-0.0061687
29.159,-0.0060087
29.169,-0.0058438
29.179,-0.0056826
29.189,-0.0055131
29.199,-0.0053381
29.209,-0.0051558
29.219,-0.0049721
29.229,-0.0047843
29.239,-0.0045922
29.249,-0.0043853
29.259,-0.0041734
29.269,-0.0039639
29.279,-0.0037512
29.289,-0.0035334
29.299,-0.0033052
29.309,-0.0030722
29.319,-0.0028424
29.329,-0.0026154
29.339,-0.0023881
29.349,-0.0021512
29.359,-0.0019116
29.369,-0.0016728
29.379,-0.0014362
29.389,-0.0011983
29.399,-0.00096189
29.409,-0.00072205
29.419,-0.00048087
29.429,-0.00023663
29.439,5.9658e-006
29.449,0.00024747
29.46,0.00048728
29.47,0.00072578
29.48,0.0009628
29.49,0.0011953
29.5,0.0014198
29.51,0.0016285
29.52,0.0018295
29.53,0.0020325
29.54,0.0022347
29.55,0.002433
29.56,0.0026224
29.57,0.0028035
29.58,0.0029759
29.59,0.0031421
29.6,0.0032974
29.61,0.0034392
29.62,0.0035671
29.63,0.0036859
29.64,0.0037958
29.65,0.0038919
29.66,0.0039708
29.67,0.0040443
29.68,0.004107
29.69,0.004161
29.7,0.0041952
29.71,0.0042256
29.72,0.0042503
29.73,0.004256
29.74,0.0042576
29.75,0.0042486
29.76,0.0042314
29.77,0.0041978
29.78,0.0041548
29.79,0.0041089
29.8,0.0040489
29.81,0.003986
29.82,0.0039162
29.83,0.0038353
29.84,0.0037429
29.85,0.0036465
29.86,0.0035527
29.87,0.0034516
29.881,0.0033509
29.891,0.0032402
29.901,0.0031278
29.911,0.0030179
29.921,0.0029019
29.931,0.0027736
29.941,0.002652
29.951,0.0025283
29.961,0.0024042
29.971,0.0022767
29.981,0.0021438
29.991,0.0020173
30.001,0.0018942
30.011,0.0017628
30.021,0.0016302
30.031,0.0015083
30.041,0.0013843
30.051,0.0012536
30.061,0.0011309
30.071,0.0010104
30.081,0.00089022
30.091,0.00077201
30.101,0.00065496
30.111,0.00053839
30.121,0.00042238
30.131,0.00030177
30.141,0.00018251
30.151,5.6164e-005
30.161,-7.3701e-005
30.171,-0.00020051
30.181,-0.00032595
30.191,-0.00045398
30.201,-0.00058364
30.211,-0.00071268
30.221,-0.0008428
30.231,-0.00097542
30.241,-0.0011181
30.251,-0.0012666
30.261,-0.0014108
30.271,-0.0015614
30.281,-0.0017175
30.291,-0.0018857
30.302,-0.0020592
30.312,-0.0022453
30.322,-0.0024396
30.332,-0.0026412
30.342,-0.0028417
30.352,-0.0030451
30.362,-0.0032645
30.372,-0.0034829
30.382,-0.003703
30.392,-0.0039271
30.402,-0.0041675
30.412,-0.0044174
30.422,-0.0046736
30.432,-0.0049327
30.442,-0.0051953
30.452,-0.0054713
30.462,-0.0057551
30.472,-0.0060382
30.482,-0.006325
30.492,-0.0066206
30.502,-0.0069251
30.512,-0.0072334
30.522,-0.0075404
30.532,-0.0078484
30.542,-0.0081624
30.552,-0.0084768
30.562,-0.0087984
30.572,-0.0091183
30.582,-0.0094405
30.592,-0.009765
30.602,-0.010086
30.612,-0.010396
30.622,-0.010709
30.632,-0.011023
30.642,-0.011327
30.652,-0.011625
30.662,-0.011917
30.672,-0.012205
30.682,-0.012484
30.692,-0.012754
30.702,-0.013019
30.712,-0.01327
30.723,-0.01351
30.733,-0.013742
30.743,-0.013967
30.753,-0.014174
30.763,-0.01436
30.773,-0.014536
30.783,-0.014702
30.793,-0.014853
30.803,-0.014994
30.813,-0.015115
30.823,-0.015214
30.833,-0.015302
30.843,-0.015379
30.853,-0.015446
30.863,-0.015499
30.873,-0.015539
30.883,-0.015563
30.893,-0.015571
30.903,-0.015567
30.913,-0.015553
30.923,-0.015524
30.933,-0.015477
30.943,-0.015409
30.953,-0.015336
30.963,-0.015253
30.973,-0.015149
30.983,-0.015027
30.993,-0.014884
31.003,-0.014729
31.013,-0.014557
31.023,-0.01437
31.033,-0.014169
31.043,-0.013956
31.053,-0.013736
31.063,-0.013502
31.073,-0.013252
31.083,-0.012985
31.093,-0.012713
31.103,-0.012431
31.113,-0.012136
31.123,-0.011828
31.133,-0.011509
31.143,-0.011173
31.154,-0.010832
31.164,-0.010486
31.174,-0.010133
31.184,-0.009763
31.194,-0.0093768
31.204,-0.0089818
31.214,-0.0085811
31.224,-0.0081899
31.234,-0.0077831
31.244,-0.0073625
31.254,-0.0069419
31.264,-0.0065189
31.274,-0.0060951
31.284,-0.0056608
31.294,-0.0052159
31.304,-0.0047684
31.314,-0.0043166
31.324,-0.003863
31.334,-0.0034042
31.344,-0.0029386
31.354,-0.0024687
31.364,-0.0019986
31.374,-0.0015296
31.384,-0.0010646
31.394,-0.00059893
31.404,-0.0001316
31.414,0.00033945
31.424,0.00080963
31.434,0.0012636
31.444,0.001719
31.454,0.002181
31.464,0.0026425
31.474,0.0030971
31.484,0.003551
31.494,0.0040109
31.504,0.0044637
31.514,0.004913
31.524,0.0053513
31.534,0.0057878
31.544,0.0062157
31.554,0.0066405
31.564,0.0070636
31.575,0.0074824
31.585,0.0079002
31.595,0.0083185
31.605,0.0087447
31.615,0.0091704
31.625,0.0095889
31.635,0.010013
31.645,0.01044
31.655,0.010869
31.665,0.011288
31.675,0.011701
31.685,0.012112
31.695,0.012533
31.705,0.012956
31.715,0.013372
31.725,0.013791
31.735,0.014209
31.745,0.014636
31.755,0.015059
31.765,0.01548
31.775,0.015896
31.785,0.016314
31.795,0.016731
31.805,0.017153
31.815,0.017581
31.825,0.018012
31.835,0.018437
31.845,0.018856
31.855,0.019278
31.865,0.019699
31.875,0.020116
31.885,0.020528
31.895,0.02094
31.905,0.02136
31.915,0.021783
31.925,0.022203
31.935,0.022622
31.945,0.023042
31.955,0.023457
31.965,0.023872
31.975,0.024285
31.985,0.024699
31.996,0.025111
32.006,0.025524
32.016,0.025932
32.026,0.026338
32.036,0.026738
32.046,0.027133
32.056,0.027509
32.066,0.02787
32.076,0.028228
32.086,0.028575
32.096,0.028922
32.106,0.029251
32.116,0.029565
32.126,0.029883
32.136,0.030191
32.146,0.03049
32.156,0.030783
32.166,0.031073
32.176,0.031352
32.186,0.031618
32.196,0.031877
32.206,0.032125
32.216,0.032365
32.226,0.032589
32.236,0.032812
32.246,0.033026
32.256,0.033226
32.266,0.033412
32.276,0.033586
32.286,0.033747
32.296,0.033897
32.306,0.034039
32.316,0.034173
32.326,0.034313
32.336,0.034447
32.346,0.034564
32.356,0.034675
32.366,0.034784
32.376,0.034886
32.386,0.034979
32.396,0.03507
32.406,0.035152
32.416,0.035223
32.427,0.035292
32.437,0.035359
32.447,0.035423
32.457,0.035491
32.467,0.035556
32.477,0.035614
32.487,0.035669
32.497,0.035719
32.507,0.03577
32.517,0.035821
32.527,0.035873
32.537,0.035925
32.547,0.035972
32.557,0.036026
32.567,0.036077
32.577,0.036131
32.587,0.036187
32.597,0.036243
32.607,0.036299
32.617,0.036357
32.627,0.03642
32.637,0.036484
32.647,0.036546
32.657,0.036606
32.667,0.036666
32.677,0.036729
32.687,0.036791
32.697,0.036857
32.707,0.036922
32.717,0.036974
32.727,0.037028
32.737,0.03708
32.747,0.037126
32.757,0.037169
32.767,0.03721
32.777,0.037253
32.787,0.037289
32.797,0.037321
32.807,0.037351
32.817,0.03737
32.827,0.037384
32.837,0.037399
32.848,0.037403
32.858,0.037406
32.868,0.037406
32.878,0.0374
32.888,0.037386
32.898,0.037371
32.908,0.037354
32.918,0.037333
32.928,0.037305
32.938,0.037273
32.948,0.037238
32.958,0.037198
32.968,0.037149
32.978,0.037091
32.988,0.037021
32.998,0.036943
33.008,0.036851
33.018,0.03675
33.028,0.036638
33.038,0.036521
33.048,0.036397
33.058,0.036264
33.068,0.036113
33.078,0.035945
33.088,0.035768
33.098,0.035575
33.108,0.035364
33.118,0.03514
33.128,0.034905
33.138,0.034659
33.148,0.034384
33.158,0.034094
33.168,0.033793
33.178,0.03348
33.188,0.033151
33.198,0.03281
33.208,0.032453
33.218,0.032071
33.228,0.031677
33.238,0.031273
33.248,0.030848
33.258,0.030402
33.269,0.029948
33.279,0.029482
33.289,0.028999
33.299,0.028499
33.309,0.027986
33.319,0.027476
33.329,0.026949
33.339,0.026417
33.349,0.025873
33.359,0.025321
33.369,0.024765
33.379,0.024189
33.389,0.023603
33.399,0.02301
33.409,0.022412
33.419,0.021816
33.429,0.021212
33.439,0.020605
33.449,0.02
33.459,0.019393
33.469,0.018774
33.479,0.018154
33.489,0.017533
33.499,0.016914
33.509,0.016294
33.519,0.015685
33.529,0.015079
33.539,0.014474
33.549,0.013876
33.559,0.013285
33.569,0.012707
33.579,0.012139
33.589,0.011583
33.599,0.011039
33.609,0.0105
33.619,0.0099652
33.629,0.0094432
33.639,0.0089389
33.649,0.0084484
33.659,0.0079648
33.669,0.0075008
33.679,0.0070523
33.69,0.0066016
33.7,0.0061592
33.71,0.0057319
33.72,0.0053252
33.73,0.0049228
33.74,0.0045262
33.75,0.004142
33.76,0.0037648
33.77,0.0033965
33.78,0.0030372
33.79,0.0026871
33.8,0.0023517
33.81,0.0020174
33.82,0.0016946
33.83,0.0013768
33.84,0.0010534
33.85,0.00073727
33.86,0.00043105
33.87,0.00013388
33.88,-0.00016077
33.89,-0.00043937
33.9,-0.00071628
33.91,-0.0010044
33.92,-0.001288
33.93,-0.00156
33.94,-0.0018332
33.95,-0.0021033
33.96,-0.0023719
33.97,-0.0026277
33.98,-0.0028806
33.99,-0.0031327
34,-0.0033788
34.01,-0.0036268
34.02,-0.0038749
34.03,-0.0041168
34.04,-0.0043605
34.05,-0.0046077
34.06,-0.0048467
34.07,-0.0050736
34.08,-0.0052919
34.09,-0.0055081
34.1,-0.0057241
34.11,-0.0059405
34.121,-0.0061387
34.131,-0.0063304
34.141,-0.0065202
34.151,-0.0066958
34.161,-0.0068644
34.171,-0.0070241
34.181,-0.0071785
34.191,-0.0073247
34.201,-0.0074619
34.211,-0.0075842
34.221,-0.0076878
34.231,-0.0077855
34.241,-0.0078733
34.251,-0.0079408
34.261,-0.0079817
34.271,-0.0080104
34.281,-0.0080291
34.291,-0.0080257
34.301,-0.0080031
34.311,-0.0079637
34.321,-0.0079157
34.331,-0.0078534
34.341,-0.0077613
34.351,-0.0076529
34.361,-0.0075326
34.371,-0.0073962
34.381,-0.0072377
34.391,-0.007051
34.401,-0.0068481
34.411,-0.0066277
34.421,-0.006393
34.431,-0.0061474
34.441,-0.005881
34.451,-0.005598
34.461,-0.0053058
34.471,-0.0049934
34.481,-0.0046627
34.491,-0.0043124
34.501,-0.0039507
34.511,-0.0035689
34.521,-0.0031791
34.531,-0.0027797
34.542,-0.0023666
34.552,-0.0019398
34.562,-0.0015071
34.572,-0.0010609
34.582,-0.00060292
34.592,-0.00014346
34.602,0.00031929
34.612,0.00079623
34.622,0.0012834
34.632,0.0017755
34.642,0.0022641
34.652,0.0027532
34.662,0.0032451
34.672,0.0037374
34.682,0.0042366
34.692,0.0047442
34.702,0.005259
34.712,0.0057674
34.722,0.0062641
34.732,0.0067649
34.742,0.0072656
34.752,0.0077672
34.762,0.0082668
34.772,0.0087626
34.782,0.0092575
34.792,0.009754
34.802,0.010251
34.812,0.010736
34.822,0.011225
34.832,0.011711
34.842,0.012186
34.852,0.012656
34.862,0.013126
34.872,0.013603
34.882,0.014062
34.892,0.014516
34.902,0.014968
34.912,0.01541
34.922,0.015837
34.932,0.016256
34.942,0.016669
34.952,0.017067
34.963,0.017462
34.973,0.017846
34.983,0.018216
34.993,0.018563
35.003,0.018894
35.013,0.01922
35.023,0.019534
35.033,0.019851
35.043,0.020157
35.053,0.020451
35.063,0.020735
35.073,0.021016
35.083,0.021297
35.093,0.021566
35.103,0.021821
35.113,0.022065
35.123,0.022302
35.133,0.022533
35.143,0.022765
35.153,0.022984
35.163,0.023198
35.173,0.023405
35.183,0.023598
35.193,0.023785
35.203,0.023969
35.213,0.024133
35.223,0.024293
35.233,0.024448
35.243,0.024596
35.253,0.024741
35.263,0.024887
35.273,0.025022
35.283,0.025151
35.293,0.025278
35.303,0.025402
35.313,0.025531
35.323,0.025652
35.333,0.025771
35.343,0.025876
35.353,0.02598
35.363,0.026087
35.373,0.026193
35.384,0.026299
35.394,0.026404
35.404,0.026509
35.414,0.026609
35.424,0.026701
35.434,0.026796
35.444,0.02688
35.454,0.026962
35.464,0.027048
35.474,0.027136
35.484,0.027217
35.494,0.027287
35.504,0.027361
35.514,0.027439
35.524,0.027517
35.534,0.027587
35.544,0.027655
35.554,0.027716
35.564,0.02777
35.574,0.027814
35.584,0.02785
35.594,0.027877
35.604,0.027901
35.614,0.027924
35.624,0.027938
35.634,0.027938
35.644,0.027926
35.654,0.0279
35.664,0.027873
35.674,0.02784
35.684,0.027787
35.694,0.027725
35.704,0.027656
35.714,0.02758
35.724,0.02749
35.734,0.027383
35.744,0.027266
35.754,0.027133
35.764,0.026987
35.774,0.02683
35.784,0.026653
35.794,0.02647
35.804,0.026273
35.815,0.02607
35.825,0.025858
35.835,0.025638
35.845,0.025394
35.855,0.025141
35.865,0.024878
35.875,0.024605
35.885,0.024315
35.895,0.024016
35.905,0.023711
35.915,0.023383
35.925,0.023046
35.935,0.02271
35.945,0.022365
35.955,0.021999
35.965,0.021613
35.975,0.021219
35.985,0.020812
35.995,0.020388
36.005,0.019959
36.015,0.019524
36.025,0.019087
36.035,0.018648
36.045,0.018211
36.055,0.017759
36.065,0.017297
36.075,0.016833
36.085,0.01638
36.095,0.015918
36.105,0.015447
36.115,0.014977
36.125,0.014512
36.135,0.014045
36.145,0.013575
36.155,0.013109
36.165,0.012643
36.175,0.012182
36.185,0.011716
36.195,0.011243
36.205,0.010773
36.215,0.010323
36.225,0.0098666
36.236,0.0094113
36.246,0.0089595
36.256,0.0085195
36.266,0.0080793
36.276,0.0076374
36.286,0.0072078
36.296,0.0067852
36.306,0.0063639
36.316,0.0059454
36.326,0.0055369
36.336,0.0051275
36.346,0.0047301
36.356,0.004342
36.366,0.0039612
36.376,0.0035939
36.386,0.0032262
36.396,0.0028642
36.406,0.0024984
36.416,0.00214
36.426,0.0017906
36.436,0.0014393
36.446,0.0011115
36.456,0.00079026
36.466,0.00047373
36.476,0.00016908
36.486,-0.00012954
36.496,-0.00041277
36.506,-0.00069796
36.516,-0.00097198
36.526,-0.0012397
36.536,-0.0014919
36.546,-0.0017306
36.556,-0.0019668
36.566,-0.002191
36.576,-0.002396
36.586,-0.0025937
36.596,-0.0027803
36.606,-0.0029584
36.616,-0.0031253
36.626,-0.0032741
36.636,-0.0034234
36.646,-0.0035693
36.657,-0.0037112
36.667,-0.0038416
36.677,-0.0039592
36.687,-0.0040677
36.697,-0.0041696
36.707,-0.0042663
36.717,-0.0043508
36.727,-0.0044237
36.737,-0.0044867
36.747,-0.0045424
36.757,-0.0045933
36.767,-0.0046365
36.777,-0.0046707
36.787,-0.0046911
36.797,-0.0047083
36.807,-0.0047162
36.817,-0.0047116
36.827,-0.0046929
36.837,-0.0046638
36.847,-0.0046332
36.857,-0.0045946
36.867,-0.0045444
36.877,-0.0044891
36.887,-0.0044309
36.897,-0.004362
36.907,-0.0042808
36.917,-0.0041856
36.927,-0.0040743
36.937,-0.0039538
36.947,-0.0038319
36.957,-0.0037001
36.967,-0.0035521
36.977,-0.0033986
36.987,-0.0032362
36.997,-0.0030629
37.007,-0.0028791
37.017,-0.00269
37.027,-0.0024925
37.037,-0.0022881
37.047,-0.0020698
37.057,-0.001838
37.067,-0.0015975
37.077,-0.0013497
37.088,-0.0010985
37.098,-0.00083898
37.108,-0.00056591
37.118,-0.00028039
37.128,1.4822e-005
37.138,0.00032922
37.148,0.0006596
37.158,0.00099686
37.168,0.001353
37.178,0.0017137
37.188,0.0020898
37.198,0.0024787
37.208,0.0028737
37.218,0.0032753
37.228,0.0036928
37.238,0.004123
37.248,0.0045663
37.258,0.005032
37.268,0.0055109
37.278,0.0059907
37.288,0.0064795
37.298,0.0069797
37.308,0.0074835
37.318,0.0079974
37.328,0.0085144
37.338,0.0090304
37.348,0.0095577
37.358,0.010095
37.368,0.010628
37.378,0.011165
37.388,0.011714
37.398,0.01226
37.408,0.012802
37.418,0.013345
37.428,0.01389
37.438,0.014427
37.448,0.014966
37.458,0.015505
37.468,0.016042
37.478,0.016581
37.488,0.017111
37.498,0.017636
37.509,0.018143
37.519,0.018645
37.529,0.01914
37.539,0.019623
37.549,0.020097
37.559,0.020565
37.569,0.021016
37.579,0.021447
37.589,0.021877
37.599,0.0223
37.609,0.022706
37.619,0.023101
37.629,0.023496
37.639,0.023872
37.649,0.024236
37.659,0.024597
37.669,0.024945
37.679,0.025272
37.689,0.025585
37.699,0.025894
37.709,0.026175
37.719,0.026439
37.729,0.026701
37.739,0.026956
37.749,0.027199
37.759,0.027428
37.769,0.027645
37.779,0.027853
37.789,0.028048
37.799,0.02823
37.809,0.028401
37.819,0.028563
37.829,0.02872
37.839,0.028864
37.849,0.028996
37.859,0.029114
37.869,0.029221
37.879,0.02932
37.889,0.029408
37.899,0.029483
37.909,0.029552
37.919,0.029613
37.93,0.029665
37.94,0.029707
37.95,0.029744
37.96,0.02977
37.97,0.029779
37.98,0.029784
37.99,0.029797
38,0.029791
38.01,0.029772
38.02,0.029739
38.03,0.0297
38.04,0.029657
38.05,0.029602
38.06,0.029519
38.07,0.029426
38.08,0.029323
38.09,0.029201
38.1,0.029076
38.11,0.028947
38.12,0.028807
38.13,0.028644
38.14,0.028467
38.15,0.028278
38.16,0.028074
38.17,0.027848
38.18,0.027614
38.19,0.027367
38.2,0.027109
38.21,0.026825
38.22,0.026533
38.23,0.026235
38.24,0.025924
38.25,0.025596
38.26,0.025243
38.27,0.024878
38.28,0.024499
38.29,0.024112
38.3,0.023699
38.31,0.023254
38.32,0.0228
38.33,0.022325
38.34,0.021839
38.351,0.021336
38.361,0.020824
38.371,0.020292
38.381,0.019731
38.391,0.019155
38.401,0.018569
38.411,0.017959
38.421,0.017334
38.431,0.016706
38.441,0.01606
38.451,0.015394
38.461,0.014725
38.471,0.014039
38.481,0.01333
38.491,0.012597
38.501,0.01185
38.511,0.011074
38.521,0.010293
38.531,0.0095069
38.541,0.0087059
38.551,0.0078913
38.561,0.0070633
38.571,0.0062294
38.581,0.0053811
38.591,0.004524
38.601,0.0036592
38.611,0.0027684
38.621,0.0018647
38.631,0.00095392
38.641,3.1507e-005
38.651,-0.00092312
38.661,-0.001881
38.671,-0.0028496
38.681,-0.0038345
38.691,-0.004829
38.701,-0.0058411
38.711,-0.0068602
38.721,-0.0078718
38.731,-0.0089
38.741,-0.0099616
38.751,-0.011037
38.761,-0.012113
38.771,-0.013203
38.782,-0.014303
38.792,-0.015407
38.802,-0.016521
38.812,-0.017643
38.822,-0.018772
38.832,-0.019912
38.842,-0.021064
38.852,-0.022225
38.862,-0.023386
38.872,-0.024546
38.882,-0.025703
38.892,-0.026874
38.902,-0.028055
38.912,-0.029251
38.922,-0.030434
38.932,-0.031635
38.942,-0.032821
38.952,-0.034021
38.962,-0.035228
38.972,-0.036441
38.982,-0.03766
38.992,-0.038864
39.002,-0.040082
39.012,-0.041296
39.022,-0.042538
39.032,-0.043755
39.042,-0.044992
39.052,-0.046231
39.062,-0.047467
39.072,-0.048689
39.082,-0.049921
39.092,-0.05116
39.102,-0.052391
39.112,-0.053614
39.122,-0.054833
39.132,-0.056041
39.142,-0.057258
39.152,-0.058473
39.162,-0.059684
39.172,-0.060895
39.182,-0.062101
39.192,-0.063307
39.203,-0.06451
39.213,-0.065706
39.223,-0.06689
39.233,-0.068071
39.243,-0.06925
39.253,-0.070423
39.263,-0.071572
39.273,-0.072724
39.283,-0.073869
39.293,-0.075004
39.303,-0.076137
39.313,-0.077256
39.323,-0.078366
39.333,-0.079471
39.343,-0.080571
39.353,-0.081668
39.363,-0.082745
39.373,-0.083822
39.383,-0.084884
39.393,-0.085933
39.403,-0.086968
39.413,-0.087989
39.423,-0.088994
39.433,-0.090002
39.443,-0.090993
39.453,-0.091968
39.463,-0.09293
39.473,-0.093875
39.483,-0.094814
39.493,-0.095745
39.503,-0.096651
39.513,-0.097543
39.523,-0.098415
39.533,-0.099272
39.543,-0.10012
39.553,-0.10096
39.563,-0.10179
39.573,-0.1026
39.583,-0.10338
39.593,-0.10417
39.603,-0.10492
39.613,-0.10567
39.624,-0.1064
39.634,-0.10711
39.644,-0.1078
39.654,-0.10848
39.664,-0.10914
39.674,-0.1098
39.684,-0.11044
39.694,-0.11106
39.704,-0.11167
39.714,-0.11227
39.724,-0.11286
39.734,-0.11342
39.744,-0.11398
39.754,-0.11452
39.764,-0.11505
39.774,-0.11558
39.784,-0.11611
39.794,-0.11662
39.804,-0.11712
39.814,-0.11761
39.824,-0.1181
39.834,-0.11857
39.844,-0.11903
39.854,-0.11947
39.864,-0.1199
39.874,-0.12031
39.884,-0.12071
39.894,-0.12111
39.904,-0.1215
39.914,-0.12189
39.924,-0.12227
39.934,-0.12264
39.944,-0.123
39.954,-0.12336
39.964,-0.12372
39.974,-0.12407
39.984,-0.12441
39.994,-0.12475
40.004,-0.12509
40.014,-0.12544
40.024,-0.12579
40.034,-0.12613
40.045,-0.12649
40.055,-0.12683
40.065,-0.12717
40.075,-0.12752
40.085,-0.12787
40.095,-0.12822
40.105,-0.12858
40.115,-0.12893
40.125,-0.12928
40.135,-0.12963
40.145,-0.12999
40.155,-0.13033
40.165,-0.13069
40.175,-0.13104
40.185,-0.1314
40.195,-0.13176
40.205,-0.13214
40.215,-0.13251
40.225,-0.13288
40.235,-0.13326
40.245,-0.13366
40.255,-0.13405
40.265,-0.13446
40.275,-0.13487
40.285,-0.13529
40.295,-0.13571
40.305,-0.13615
40.315,-0.1366
40.325,-0.13706
40.335,-0.13753
40.345,-0.13801
40.355,-0.1385
40.365,-0.139
40.375,-0.1395
40.385,-0.14
40.395,-0.14052
40.405,-0.14104
40.415,-0.14157
40.425,-0.14211
40.435,-0.14265
40.445,-0.1432
40.455,-0.14376
40.465,-0.14432
40.476,-0.14487
40.486,-0.14544
40.496,-0.14602
40.506,-0.1466
40.516,-0.14718
40.526,-0.14776
40.536,-0.14834
40.546,-0.14894
40.556,-0.14953
40.566,-0.15012
40.576,-0.15071
40.586,-0.1513
40.596,-0.1519
40.606,-0.15249
40.616,-0.15307
40.626,-0.15365
40.636,-0.15423
40.646,-0.15479
40.656,-0.15535
40.666,-0.15589
40.676,-0.15641
40.686,-0.15694
40.696,-0.15745
40.706,-0.15795
40.716,-0.15844
40.726,-0.15891
40.736,-0.15938
40.746,-0.15983
40.756,-0.16025
40.766,-0.16066
40.776,-0.16106
40.786,-0.16142
40.796,-0.16177
40.806,-0.16209
40.816,-0.16239
40.826,-0.16267
40.836,-0.16292
40.846,-0.16314
40.856,-0.16335
40.866,-0.16352
40.876,-0.16365
40.886,-0.16374
40.897,-0.16381
40.907,-0.16384
40.917,-0.16383
40.927,-0.16379
40.937,-0.16372
40.947,-0.16361
40.957,-0.16346
40.967,-0.16327
40.977,-0.16303
40.987,-0.16274
40.997,-0.16241
41.007,-0.16203
41.017,-0.16159
41.027,-0.16111
41.037,-0.16059
41.047,-0.16001
41.057,-0.15938
41.067,-0.15869
41.077,-0.15794
41.087,-0.15713
41.097,-0.15627
41.107,-0.15535
41.117,-0.15435
41.127,-0.15332
41.137,-0.15221
41.147,-0.15103
41.157,-0.14981
41.167,-0.1485
41.177,-0.14712
41.187,-0.14568
41.197,-0.14418
41.207,-0.14259
41.217,-0.14092
41.227,-0.13916
41.237,-0.13731
41.247,-0.13539
41.257,-0.13337
41.267,-0.13126
41.277,-0.12907
41.287,-0.12679
41.297,-0.12444
41.307,-0.12202
41.318,-0.11951
41.328,-0.11691
41.338,-0.11421
41.348,-0.1114
41.358,-0.10851
41.368,-0.10558
41.378,-0.10252
41.388,-0.099355
41.398,-0.096101
41.408,-0.09277
41.418,-0.089305
41.428,-0.085736
41.438,-0.082087
41.448,-0.078347
41.458,-0.074508
41.468,-0.070565
41.478,-0.066492
41.488,-0.062333
41.498,-0.058083
41.508,-0.053722
41.518,-0.049267
41.528,-0.044701
41.538,-0.040082
41.548,-0.035362
41.558,-0.030528
41.568,-0.025643
41.578,-0.020665
41.588,-0.015601
41.598,-0.01047
41.608,-0.0052281
41.618,9.0637e-005
41.628,0.0055127
41.638,0.011055
41.648,0.016663
41.658,0.022429
41.668,0.028268
41.678,0.03416
41.688,0.040138
41.698,0.046259
41.708,0.052433
41.718,0.058674
41.728,0.064977
41.738,0.071432
41.749,0.077962
41.759,0.084566
41.769,0.091233
41.779,0.097903
41.789,0.10471
41.799,0.11159
41.809,0.11849
41.819,0.12547
41.829,0.13259
41.839,0.13977
41.849,0.14692
41.859,0.15411
41.869,0.16133
41.879,0.16869
41.889,0.17608
41.899,0.18353
41.909,0.19107
41.919,0.19859
41.929,0.20619
41.939,0.21384
41.949,0.22157
41.959,0.22931
41.969,0.23703
41.979,0.24482
41.989,0.25262
41.999,0.26036
42.009,0.26817
42.019,0.27596
42.029,0.28375
42.039,0.29158
42.049,0.29937
42.059,0.30728
42.069,0.31518
42.079,0.32299
42.089,0.33085
42.099,0.33879
42.109,0.3467
42.119,0.35459
42.129,0.36251
42.139,0.37043
42.149,0.37843
42.159,0.38628
42.17,0.39412
42.18,0.40193
42.19,0.4097
42.2,0.41738
42.21,0.42507
42.22,0.43275
42.23,0.44046
42.24,0.4481
42.25,0.45558
42.26,0.46303
42.27,0.47044
42.28,0.47774
42.29,0.48496
42.3,0.4921
42.31,0.4991
42.32,0.50603
42.33,0.51293
42.34,0.51971
42.35,0.52641
42.36,0.53307
42.37,0.53965
42.38,0.54612
42.39,0.55251
42.4,0.55875
42.41,0.56493
42.42,0.57097
42.43,0.57685
42.44,0.58264
42.45,0.5883
42.46,0.59381
42.47,0.59917
42.48,0.60436
42.49,0.60941
42.5,0.61439
42.51,0.61919
42.52,0.62384
42.53,0.62837
42.54,0.63283
42.55,0.63697
42.56,0.64103
42.57,0.64492
42.58,0.64865
42.591,0.65224
42.601,0.65564
42.611,0.65885
42.621,0.66188
42.631,0.66471
42.641,0.66737
42.651,0.66983
42.661,0.67211
42.671,0.6742
42.681,0.67607
42.691,0.67774
42.701,0.67922
42.711,0.6805
42.721,0.68159
42.731,0.68249
42.741,0.68318
42.751,0.68369
42.761,0.68401
42.771,0.68413
42.781,0.68405
42.791,0.68379
42.801,0.68332
42.811,0.68266
42.821,0.68179
42.831,0.68074
42.841,0.67948
42.851,0.67802
42.861,0.67636
42.871,0.6745
42.881,0.67246
42.891,0.67023
42.901,0.66782
42.911,0.66517
42.921,0.66235
42.931,0.65936
42.941,0.65617
42.951,0.65277
42.961,0.64919
42.971,0.64543
42.981,0.64144
42.991,0.63726
43.001,0.63292
43.012,0.6284
43.022,0.62372
43.032,0.61885
43.042,0.61374
43.052,0.60848
43.062,0.60303
43.072,0.59743
43.082,0.59162
43.092,0.58565
43.102,0.57952
43.112,0.57323
43.122,0.56682
43.132,0.56024
43.142,0.55351
43.152,0.54662
43.162,0.53962
43.172,0.53246
43.182,0.52517
43.192,0.51783
43.202,0.5103
43.212,0.50255
43.222,0.49467
43.232,0.48675
43.242,0.47861
43.252,0.47033
43.262,0.46204
43.272,0.45365
43.282,0.44504
43.292,0.43633
43.302,0.42763
43.312,0.41889
43.322,0.41007
43.332,0.40109
43.342,0.39203
43.352,0.38293
43.362,0.37373
43.372,0.3644
43.382,0.35512
43.392,0.3458
43.402,0.33634
43.412,0.32684
43.422,0.31726
43.432,0.30758
43.443,0.29785
43.453,0.28811
43.463,0.27839
43.473,0.26853
43.483,0.25868
43.493,0.24882
43.503,0.23885
43.513,0.22886
43.523,0.2189
43.533,0.20892
43.543,0.19895
43.553,0.18904
43.563,0.17919
43.573,0.16932
43.583,0.15944
43.593,0.14964
43.603,0.13993
43.613,0.13017
43.623,0.12038
43.633,0.11076
43.643,0.10109
43.653,0.091246
43.663,0.081534
43.673,0.071881
43.683,0.062345
43.693,0.052789
43.703,0.04337
43.713,0.033902
43.723,0.024476
43.733,0.015062
43.743,0.0058281
43.753,-0.0033342
43.763,-0.01246
43.773,-0.021513
43.783,-0.030507
43.793,-0.039428
43.803,-0.048277
43.813,-0.057018
43.823,-0.065614
43.833,-0.07414
43.843,-0.082634
43.853,-0.090967
43.864,-0.099256
43.874,-0.1075
43.884,-0.11563
43.894,-0.12373
43.904,-0.13174
43.914,-0.13963
43.924,-0.14742
43.934,-0.15519
43.944,-0.16286
43.954,-0.17037
43.964,-0.17776
43.974,-0.18505
43.984,-0.19216
43.994,-0.19915
44.004,-0.20612
44.014,-0.21304
44.024,-0.21982
44.034,-0.22645
44.044,-0.23305
44.054,-0.2395
44.064,-0.24588
44.074,-0.25216
44.084,-0.25837
44.094,-0.26447
44.104,-0.27039
44.114,-0.27624
44.124,-0.28201
44.134,-0.2877
44.144,-0.29331
44.154,-0.29879
44.164,-0.30413
44.174,-0.30938
44.184,-0.31451
44.194,-0.31956
44.204,-0.32446
44.214,-0.32924
44.224,-0.33393
44.234,-0.3385
44.244,-0.34297
44.254,-0.34735
44.264,-0.35163
44.274,-0.35583
44.285,-0.35993
44.295,-0.36393
44.305,-0.36784
44.315,-0.37165
44.325,-0.37536
44.335,-0.37892
44.345,-0.3824
44.355,-0.38578
44.365,-0.38908
44.375,-0.39225
44.385,-0.39533
44.395,-0.39831
44.405,-0.40118
44.415,-0.40398
44.425,-0.4067
44.435,-0.40933
44.445,-0.41185
44.455,-0.41427
44.465,-0.41662
44.475,-0.41886
44.485,-0.42101
44.495,-0.42307
44.505,-0.42504
44.515,-0.42693
44.525,-0.42872
44.535,-0.43043
44.545,-0.43202
44.555,-0.43355
44.565,-0.435
44.575,-0.43634
44.585,-0.43759
44.595,-0.43877
44.605,-0.43985
44.615,-0.44083
44.625,-0.44174
44.635,-0.44258
44.645,-0.44334
44.655,-0.44401
44.665,-0.4446
44.675,-0.44511
44.685,-0.44554
44.695,-0.44589
44.705,-0.44615
44.716,-0.44634
44.726,-0.44643
44.736,-0.44646
44.746,-0.44641
44.756,-0.44628
44.766,-0.44609
44.776,-0.44582
44.786,-0.44548
44.796,-0.44505
44.806,-0.44457
44.816,-0.44402
44.826,-0.44338
44.836,-0.44268
44.846,-0.4419
44.856,-0.44104
44.866,-0.44012
44.876,-0.43913
44.886,-0.43807
44.896,-0.43694
44.906,-0.43573
44.916,-0.43445
44.926,-0.43311
44.936,-0.43171
44.946,-0.43026
44.956,-0.42876
44.966,-0.42718
44.976,-0.42553
44.986,-0.42384
44.996,-0.42212
45.006,-0.42033
45.016,-0.41848
45.026,-0.41656
45.036,-0.41459
45.046,-0.41258
45.056,-0.41051
45.066,-0.40841
45.076,-0.40625
45.086,-0.40405
45.096,-0.40181
45.106,-0.39952
45.116,-0.3972
45.126,-0.39482
45.137,-0.39239
45.147,-0.3899
45.157,-0.38741
45.167,-0.38489
45.177,-0.38235
45.187,-0.37975
45.197,-0.37706
45.207,-0.37439
45.217,-0.37169
45.227,-0.36892
45.237,-0.36614
45.247,-0.36331
45.257,-0.36042
45.267,-0.35746
45.277,-0.35453
45.287,-0.35154
45.297,-0.34852
45.307,-0.34548
45.317,-0.34244
45.327,-0.33936
45.337,-0.33628
45.347,-0.33313
45.357,-0.32994
45.367,-0.32676
45.377,-0.32354
45.387,-0.32027
45.397,-0.31698
45.407,-0.31367
45.417,-0.31032
45.427,-0.30697
45.437,-0.30356
45.447,-0.30015
45.457,-0.29669
45.467,-0.2932
45.477,-0.28971
45.487,-0.28618
45.497,-0.28267
45.507,-0.27911
45.517,-0.27557
45.527,-0.27206
45.537,-0.26847
45.547,-0.26486
45.558,-0.26127
45.568,-0.25764
45.578,-0.25397
45.588,-0.25033
45.598,-0.24662
45.608,-0.2429
45.618,-0.23917
45.628,-0.23546
45.638,-0.23174
45.648,-0.228
45.658,-0.2242
45.668,-0.22042
45.678,-0.2167
45.688,-0.21296
45.698,-0.20921
45.708,-0.20548
45.718,-0.20176
45.728,-0.19798
45.738,-0.19427
45.748,-0.19055
45.758,-0.18678
45.768,-0.18303
45.778,-0.17927
45.788,-0.1755
45.798,-0.17178
45.808,-0.16806
45.818,-0.16431
45.828,-0.16057
45.838,-0.15689
45.848,-0.15317
45.858,-0.14952
45.868,-0.14584
45.878,-0.14219
45.888,-0.13858
45.898,-0.135
45.908,-0.1314
45.918,-0.12784
45.928,-0.12431
45.938,-0.12079
45.948,-0.11724
45.958,-0.11375
45.968,-0.11024
45.979,-0.10682
45.989,-0.10338
45.999,-0.10001
46.009,-0.096643
46.019,-0.093289
46.029,-0.089944
46.039,-0.086683
46.049,-0.083437
46.059,-0.080178
46.069,-0.076986
46.079,-0.073807
46.089,-0.070681
46.099,-0.067537
46.109,-0.064428
46.119,-0.061364
46.129,-0.058321
46.139,-0.055324
46.149,-0.052325
46.159,-0.049381
46.169,-0.046434
46.179,-0.043541
46.189,-0.040712
46.199,-0.037887
46.209,-0.035111
46.219,-0.032375
46.229,-0.029671
46.239,-0.026977
46.249,-0.024296
46.259,-0.021647
46.269,-0.019025
46.279,-0.016443
46.289,-0.013853
46.299,-0.011278
46.309,-0.0087323
46.319,-0.0062034
46.329,-0.0037227
46.339,-0.0012909
46.349,0.0011557
46.359,0.0035598
46.369,0.005946
46.379,0.008267
46.389,0.010566
46.399,0.012856
46.41,0.015103
46.42,0.017311
46.43,0.019496
46.44,0.021665
46.45,0.023777
46.46,0.025891
46.47,0.027998
46.48,0.030056
46.49,0.032114
46.5,0.034125
46.51,0.036124
46.52,0.038082
46.53,0.040018
46.54,0.041907
46.55,0.043749
46.56,0.04556
46.57,0.047354
46.58,0.049121
46.59,0.05086
46.6,0.052566
46.61,0.054235
46.62,0.055853
46.63,0.057448
46.64,0.059012
46.65,0.060539
46.66,0.062021
46.67,0.063469
46.68,0.06489
46.69,0.066256
46.7,0.067578
46.71,0.068894
46.72,0.070132
46.73,0.071351
46.74,0.072548
46.75,0.073689
46.76,0.074804
46.77,0.075886
46.78,0.076907
46.79,0.077895
46.8,0.078829
46.81,0.079732
46.82,0.08059
46.831,0.081405
46.841,0.082195
46.851,0.082958
46.861,0.083675
46.871,0.084365
46.881,0.085014
46.891,0.085618
46.901,0.086206
46.911,0.08674
46.921,0.087253
46.931,0.087719
46.941,0.088169
46.951,0.088595
46.961,0.088988
46.971,0.089329
46.981,0.089631
46.991,0.0899
47.001,0.090154
47.011,0.090375
47.021,0.090557
47.031,0.09072
47.041,0.090858
47.051,0.090968
47.061,0.091049
47.071,0.091102
47.081,0.091129
47.091,0.091126
47.101,0.091106
47.111,0.091074
47.121,0.09103
47.131,0.09094
47.141,0.09084
47.151,0.090736
47.161,0.090607
47.171,0.090466
47.181,0.090287
47.191,0.090087
47.201,0.089877
47.211,0.089652
47.221,0.089406
47.231,0.089141
47.241,0.088863
47.252,0.088574
47.262,0.088284
47.272,0.087975
47.282,0.087639
47.292,0.087301
47.302,0.086944
47.312,0.086593
47.322,0.086205
47.332,0.085806
47.342,0.08539
47.352,0.084964
47.362,0.084526
47.372,0.084084
47.382,0.083613
47.392,0.083147
47.402,0.082682
47.412,0.082182
47.422,0.081683
47.432,0.081185
47.442,0.080666
47.452,0.080139
47.462,0.079592
47.472,0.079043
47.482,0.078481
47.492,0.077907
47.502,0.077332
47.512,0.076761
47.522,0.076157
47.532,0.075547
47.542,0.074944
47.552,0.074323
47.562,0.073683
47.572,0.073027
47.582,0.072393
47.592,0.071732
47.602,0.071065
47.612,0.070393
47.622,0.069717
47.632,0.069019
47.642,0.06832
47.652,0.067606
47.662,0.066906
47.673,0.066183
47.683,0.065443
47.693,0.064687
47.703,0.063938
47.713,0.063178
47.723,0.062407
47.733,0.061633
47.743,0.060854
47.753,0.060081
47.763,0.059305
47.773,0.058498
47.783,0.05769
47.793,0.056892
47.803,0.056097
47.813,0.055303
47.823,0.054528
47.833,0.053738
47.843,0.052947
47.853,0.052164
47.863,0.051381
47.873,0.050579
47.883,0.049751
47.893,0.048919
47.903,0.048111
47.913,0.047281
47.923,0.046468
47.933,0.045646
47.943,0.044836
47.953,0.044015
47.963,0.043231
47.973,0.042445
47.983,0.04166
47.993,0.040889
48.003,0.040104
48.013,0.039331
48.023,0.03858
48.033,0.037797
48.043,0.036991
48.053,0.036184
48.063,0.035398
48.073,0.034645
48.083,0.033889
48.093,0.033146
48.104,0.032404
48.114,0.031671
48.124,0.030939
48.134,0.030212
48.144,0.029498
48.154,0.028801
48.164,0.028126
48.174,0.02745
48.184,0.02676
48.194,0.026068
48.204,0.025399
48.214,0.024732
48.224,0.024099
48.234,0.023473
48.244,0.022856
48.254,0.022247
48.264,0.021611
48.274,0.021017
48.284,0.020414
48.294,0.019812
48.304,0.019226
48.314,0.018656
48.324,0.018108
48.334,0.017569
48.344,0.017053
48.354,0.016539
48.364,0.016016
48.374,0.015508
48.384,0.015024
48.394,0.014527
48.404,0.014046
48.414,0.013605
48.424,0.013167
48.434,0.012749
48.444,0.012329
48.454,0.011922
48.464,0.01153
48.474,0.011158
48.484,0.010766
48.494,0.010398
48.504,0.010019
48.514,0.0096658
48.525,0.0093075
48.535,0.0089733
48.545,0.0086653
48.555,0.0083883
48.565,0.0081216
48.575,0.0078385
48.585,0.0075723
48.595,0.0072951
48.605,0.0070091
48.615,0.0067546
48.625,0.0065063
48.635,0.0062628
48.645,0.006061
48.655,0.0058565
48.665,0.0056785
48.675,0.0054892
48.685,0.0053193
48.695,0.0051523
48.705,0.0050215
48.715,0.0049026
48.725,0.0048037
48.735,0.0047036
48.745,0.0045884
48.755,0.0044829
48.765,0.0043731
48.775,0.0042947
48.785,0.0042105
48.795,0.0041243
48.805,0.0040317
48.815,0.0039277
48.825,0.0038699
48.835,0.003839
48.845,0.0038299
48.855,0.0038422
48.865,0.0038517
48.875,0.0038788
48.885,0.0038968
48.895,0.0039291
48.905,0.003992
48.915,0.0040413
48.925,0.0041046
48.935,0.0041952
48.946,0.004293
48.956,0.0044176
48.966,0.0045451
48.976,0.0046796
48.986,0.0048183
48.996,0.0049578
49.006,0.0051141
49.016,0.0053065
49.026,0.005486
49.036,0.0056678
49.046,0.0058276
49.056,0.0060363
49.066,0.0062299
49.076,0.0064372
49.086,0.0066322
49.096,0.0068497
49.106,0.0070909
49.116,0.0073108
49.126,0.0075323
49.136,0.0077903
49.146,0.0080363
49.156,0.0082628
49.166,0.0085184
49.176,0.0087824
49.186,0.0090237
49.196,0.0092648
49.206,0.0095242
49.216,0.009802
49.226,0.010054
49.236,0.010299
49.246,0.010523
49.256,0.010714
49.266,0.010926
49.276,0.011174
49.286,0.011421
49.296,0.011667
49.306,0.011902
49.316,0.012111
49.326,0.012283
49.336,0.01242
49.346,0.01256
49.356,0.012713
49.366,0.012875
49.377,0.013041
49.387,0.013221
49.397,0.013358
49.407,0.013522
49.417,0.013628
49.427,0.013708
49.437,0.013798
49.447,0.013888
49.457,0.013961
49.467,0.014032
49.477,0.014121
49.487,0.014228
49.497,0.01431
49.507,0.014327
49.517,0.014306
49.527,0.014277
49.537,0.014231
49.547,0.014211
49.557,0.01419
49.567,0.01419
49.577,0.014182
49.587,0.014186
49.597,0.014137
49.607,0.014048
49.617,0.013963
49.627,0.013899
49.637,0.013808
49.647,0.013766
49.657,0.01372
49.667,0.013688
49.677,0.013597
49.687,0.01348
49.697,0.013371
49.707,0.013347
49.717,0.013324
49.727,0.01331
49.737,0.013276
49.747,0.013252
49.757,0.013223
49.767,0.01315
49.777,0.013106
49.787,0.013064
49.798,0.013003
49.808,0.012991
49.818,0.012925
49.828,0.012864
49.838,0.012844
49.848,0.0128
49.858,0.012795
49.868,0.012706
49.878,0.012578
49.888,0.012515
49.898,0.012437
49.908,0.012328
49.918,0.012173
49.928,0.012025
49.938,0.011882
49.948,0.011787
49.958,0.011697
49.968,0.011595
49.978,0.011486
49.988,0.01133
49.998,0.011111
50.008,0.010886
50.018,0.010662
50.028,0.010302
50.038,0.0099229
50.048,0.0095132
50.058,0.0090357
50.068,0.0084182
50.078,0.0072923
50.088,0.0058285
50.098,0.0044765
50.108,0.0031567
