0,0.00092502
0.010025,0.0003357
0.02005,1.7371e-005
0.030075,-0.0002529
0.0401,-0.00051577
0.050126,-0.0007392
0.060151,-0.00092926
0.070176,-0.0010984
0.080201,-0.0012568
0.090226,-0.0013683
0.10025,-0.0014738
0.11028,-0.0016259
0.1203,-0.0017194
0.13033,-0.0018289
0.14035,-0.001915
0.15038,-0.0020173
0.1604,-0.002195
0.17043,-0.0022708
0.18045,-0.0023775
0.19048,-0.0025357
0.2005,-0.0026724
0.21053,-0.0027816
0.22055,-0.0028444
0.23058,-0.0028995
0.2406,-0.0029989
0.25063,-0.0031353
0.26065,-0.003251
0.27068,-0.0033353
0.2807,-0.0033986
0.29073,-0.0034649
0.30075,-0.0035284
0.31078,-0.0036394
0.3208,-0.003716
0.33083,-0.0037659
0.34085,-0.0038131
0.35088,-0.0038734
0.3609,-0.0039623
0.37093,-0.004
0.38095,-0.0040347
0.39098,-0.0040625
0.401,-0.0041204
0.41103,-0.004155
0.42105,-0.0041552
0.43108,-0.0041594
0.4411,-0.0041732
0.45113,-0.0042016
0.46115,-0.0042298
0.47118,-0.0042546
0.4812,-0.0042874
0.49123,-0.0043382
0.50126,-0.004355
0.51128,-0.0043844
0.52131,-0.0044437
0.53133,-0.0044768
0.54136,-0.0044893
0.55138,-0.0045237
0.56141,-0.0045513
0.57143,-0.0045965
0.58146,-0.0046565
0.59148,-0.0047132
0.60151,-0.004778
0.61153,-0.0047801
0.62156,-0.0047856
0.63158,-0.0047988
0.64161,-0.0048615
0.65163,-0.0049392
0.66166,-0.0050147
0.67168,-0.0050554
0.68171,-0.0051038
0.69173,-0.0051275
0.70176,-0.0051273
0.71178,-0.0051273
0.72181,-0.0051498
0.73183,-0.0052015
0.74186,-0.0052586
0.75188,-0.0052733
0.76191,-0.0052738
0.77193,-0.0052873
0.78196,-0.0053002
0.79198,-0.005307
0.80201,-0.0053037
0.81203,-0.0053566
0.82206,-0.0053828
0.83208,-0.0054511
0.84211,-0.0054823
0.85213,-0.0055215
0.86216,-0.0055553
0.87218,-0.0055682
0.88221,-0.0055806
0.89223,-0.0055964
0.90226,-0.0055983
0.91228,-0.0056085
0.92231,-0.005637
0.93233,-0.0056703
0.94236,-0.0056949
0.95238,-0.0057199
0.96241,-0.0057464
0.97243,-0.005792
0.98246,-0.0058561
0.99249,-0.0059071
1.0025,-0.0059477
1.0125,-0.0059718
1.0226,-0.006001
1.0326,-0.0060114
1.0426,-0.006031
1.0526,-0.0060576
1.0627,-0.0060718
1.0727,-0.0060683
1.0827,-0.0060773
1.0927,-0.0060794
1.1028,-0.006105
1.1128,-0.0060987
1.1228,-0.0061144
1.1328,-0.0061471
1.1429,-0.0061598
1.1529,-0.0061707
1.1629,-0.00616
1.1729,-0.0061639
1.183,-0.0061554
1.193,-0.0061347
1.203,-0.0061213
1.213,-0.0060987
1.2231,-0.0060768
1.2331,-0.0060859
1.2431,-0.0060707
1.2531,-0.0060525
1.2632,-0.0060445
1.2732,-0.0060291
1.2832,-0.0060304
1.2932,-0.006005
1.3033,-0.0059886
1.3133,-0.0059966
1.3233,-0.0060081
1.3333,-0.0060257
1.3434,-0.0060415
1.3534,-0.0060204
1.3634,-0.0059892
1.3734,-0.0059686
1.3835,-0.0059504
1.3935,-0.0059414
1.4035,-0.0059454
1.4135,-0.0059726
1.4236,-0.0059736
1.4336,-0.005938
1.4436,-0.0059181
1.4536,-0.0058899
1.4637,-0.00583
1.4737,-0.0057647
1.4837,-0.0057141
1.4937,-0.0056555
1.5038,-0.0056146
1.5138,-0.0055806
1.5238,-0.0055428
1.5338,-0.0055058
1.5439,-0.0054678
1.5539,-0.0054288
1.5639,-0.0053872
1.5739,-0.005345
1.584,-0.0052755
1.594,-0.0051951
1.604,-0.0051264
1.614,-0.0050784
1.6241,-0.0050443
1.6341,-0.0049978
1.6441,-0.0049472
1.6541,-0.004889
1.6642,-0.0048438
1.6742,-0.0047948
1.6842,-0.0047341
1.6942,-0.0046726
1.7043,-0.0046052
1.7143,-0.0045442
1.7243,-0.0044802
1.7343,-0.0044132
1.7444,-0.0043538
1.7544,-0.0043038
1.7644,-0.0042547
1.7744,-0.004202
1.7845,-0.0041262
1.7945,-0.0040523
1.8045,-0.0039874
1.8145,-0.0039554
1.8246,-0.0039099
1.8346,-0.0038634
1.8446,-0.0038287
1.8546,-0.0037871
1.8647,-0.0037696
1.8747,-0.0037322
1.8847,-0.0037025
1.8947,-0.0036646
1.9048,-0.0035881
1.9148,-0.0034995
1.9248,-0.003426
1.9348,-0.0033659
1.9449,-0.0033368
1.9549,-0.0032987
1.9649,-0.0032538
1.9749,-0.0032202
1.985,-0.0031746
1.995,-0.0031418
2.005,-0.0031193
2.015,-0.003091
2.0251,-0.0030613
2.0351,-0.0030246
2.0451,-0.0029791
2.0551,-0.0029201
2.0652,-0.0028709
2.0752,-0.0028383
2.0852,-0.0027874
2.0952,-0.0027456
2.1053,-0.0027066
2.1153,-0.0026798
2.1253,-0.0026416
2.1353,-0.0026137
2.1454,-0.0025899
2.1554,-0.0025516
2.1654,-0.0025386
2.1754,-0.0025244
2.1855,-0.0025059
2.1955,-0.0024738
2.2055,-0.0024372
2.2155,-0.0024128
2.2256,-0.0023962
2.2356,-0.002387
2.2456,-0.0023909
2.2556,-0.002392
2.2657,-0.0023857
2.2757,-0.0023817
2.2857,-0.0023921
2.2957,-0.0024107
2.3058,-0.0024247
2.3158,-0.0024279
2.3258,-0.0024242
2.3358,-0.0024238
2.3459,-0.0024336
2.3559,-0.0024206
2.3659,-0.0024325
2.3759,-0.00242
2.386,-0.0024194
2.396,-0.0024307
2.406,-0.0024451
2.416,-0.0024629
2.4261,-0.0024807
2.4361,-0.0025034
2.4461,-0.0025194
2.4562,-0.0025553
2.4662,-0.0026024
2.4762,-0.0026339
2.4862,-0.0026687
2.4963,-0.002707
2.5063,-0.002741
2.5163,-0.0027672
2.5263,-0.0027768
2.5364,-0.0027959
2.5464,-0.0027949
2.5564,-0.0027948
2.5664,-0.002794
2.5765,-0.0028091
2.5865,-0.0028313
2.5965,-0.002861
2.6065,-0.0028819
2.6166,-0.0028954
2.6266,-0.0029175
2.6366,-0.0029318
2.6466,-0.002943
2.6567,-0.0029732
2.6667,-0.0029992
2.6767,-0.0030096
2.6867,-0.0030417
2.6968,-0.0030816
2.7068,-0.0031261
2.7168,-0.0031617
2.7268,-0.0031985
2.7369,-0.0032359
2.7469,-0.0032611
2.7569,-0.0032828
2.7669,-0.003311
2.777,-0.0033275
2.787,-0.0033426
2.797,-0.0033589
2.807,-0.0033713
2.8171,-0.0034046
2.8271,-0.0034458
2.8371,-0.0034696
2.8471,-0.003497
2.8572,-0.0035179
2.8672,-0.003552
2.8772,-0.0035787
2.8872,-0.0036096
2.8973,-0.0036293
2.9073,-0.0036603
2.9173,-0.0036774
2.9273,-0.0037076
2.9374,-0.0037327
2.9474,-0.0037435
2.9574,-0.0037695
2.9674,-0.0037927
2.9775,-0.0038198
2.9875,-0.0038599
2.9975,-0.0038852
3.0075,-0.003907
3.0176,-0.0039312
3.0276,-0.0039429
3.0376,-0.0039649
3.0476,-0.0039934
3.0577,-0.0040169
3.0677,-0.0040293
3.0777,-0.0040386
3.0877,-0.00403
3.0978,-0.0040295
3.1078,-0.0040395
3.1178,-0.0040505
3.1278,-0.0040567
3.1379,-0.0040594
3.1479,-0.004053
3.1579,-0.0040626
3.1679,-0.0040721
3.178,-0.0040871
3.188,-0.0040879
3.198,-0.004079
3.208,-0.0040528
3.2181,-0.0040357
3.2281,-0.0040238
3.2381,-0.0040148
3.2481,-0.0040046
3.2582,-0.0039865
3.2682,-0.0039676
3.2782,-0.0039498
3.2882,-0.0039302
3.2983,-0.0039214
3.3083,-0.0039002
3.3183,-0.0038694
3.3283,-0.0038622
3.3384,-0.0038501
3.3484,-0.0038228
3.3584,-0.0038034
3.3684,-0.0037828
3.3785,-0.003747
3.3885,-0.00373
3.3985,-0.0036999
3.4085,-0.0036712
3.4186,-0.0036274
3.4286,-0.0035814
3.4386,-0.0035468
3.4486,-0.0034977
3.4587,-0.0034615
3.4687,-0.0034278
3.4787,-0.0033995
3.4887,-0.0033818
3.4988,-0.0033699
3.5088,-0.0033505
3.5188,-0.0033342
3.5288,-0.0033098
3.5389,-0.0032841
3.5489,-0.0032511
3.5589,-0.0032323
3.5689,-0.0032061
3.579,-0.0031574
3.589,-0.0031025
3.599,-0.0030574
3.609,-0.0030006
3.6191,-0.0029396
3.6291,-0.0028605
3.6391,-0.0027858
3.6491,-0.002731
3.6592,-0.0026841
3.6692,-0.002635
3.6792,-0.0025852
3.6892,-0.0025224
3.6993,-0.0024616
3.7093,-0.0023919
3.7193,-0.0023281
3.7293,-0.0022643
3.7394,-0.0021952
3.7494,-0.0021287
3.7594,-0.0020754
3.7694,-0.002019
3.7795,-0.0019558
3.7895,-0.0018895
3.7995,-0.0018276
3.8095,-0.0017581
3.8196,-0.0016894
3.8296,-0.001611
3.8396,-0.001533
3.8496,-0.0014626
3.8597,-0.0013884
3.8697,-0.0012991
3.8797,-0.0012189
3.8897,-0.0011532
3.8998,-0.0010811
3.9098,-0.0010063
3.9198,-0.00093127
3.9298,-0.00085856
3.9399,-0.00077004
3.9499,-0.00069366
3.9599,-0.00063175
3.9699,-0.00057756
3.98,-0.00051688
3.99,-0.00045196
4,-0.00039206
4.01,-0.00033132
4.0201,-0.00026579
4.0301,-0.00018179
4.0401,-9.7516e-005
4.0501,-1.1754e-005
4.0602,6.8715e-005
4.0702,0.00015362
4.0802,0.00024463
4.0902,0.00032629
4.1003,0.00039933
4.1103,0.00046963
4.1203,0.00055975
4.1303,0.00065098
4.1404,0.0007407
4.1504,0.00083226
4.1604,0.00092794
4.1704,0.0010272
4.1805,0.0011156
4.1905,0.0012087
4.2005,0.0013032
4.2105,0.0014076
4.2206,0.0015236
4.2306,0.0016315
4.2406,0.0017169
4.2506,0.001806
4.2607,0.0018994
4.2707,0.0019835
4.2807,0.0020679
4.2907,0.0021496
4.3008,0.0022335
4.3108,0.002333
4.3208,0.0024304
4.3308,0.0025194
4.3409,0.0026081
4.3509,0.0026982
4.3609,0.0028044
4.3709,0.002891
4.381,0.0029715
4.391,0.0030492
4.401,0.0031087
4.411,0.003173
4.4211,0.0032348
4.4311,0.0033013
4.4411,0.00338
4.4511,0.0034536
4.4612,0.0035432
4.4712,0.0036222
4.4812,0.0037018
4.4912,0.0037737
4.5013,0.0038605
4.5113,0.0039364
4.5213,0.0040187
4.5313,0.0040967
4.5414,0.004155
4.5514,0.0042195
4.5614,0.0042901
4.5714,0.0043713
4.5815,0.004459
4.5915,0.0045402
4.6015,0.0046163
4.6115,0.0046907
4.6216,0.0047633
4.6316,0.0048346
4.6416,0.0049036
4.6516,0.0049839
4.6617,0.0050701
4.6717,0.0051553
4.6817,0.0052274
4.6917,0.0052996
4.7018,0.005385
4.7118,0.0054595
4.7218,0.0055435
4.7318,0.0056379
4.7419,0.0057414
4.7519,0.0058428
4.7619,0.0059469
4.7719,0.0060333
4.782,0.0061159
4.792,0.0061914
4.802,0.0062689
4.812,0.0063397
4.8221,0.0064108
4.8321,0.0064932
4.8421,0.006569
4.8521,0.0066422
4.8622,0.0067211
4.8722,0.0067994
4.8822,0.0068651
4.8923,0.0069243
4.9023,0.0069934
4.9123,0.0070585
4.9223,0.0071261
4.9324,0.007202
4.9424,0.0072642
4.9524,0.0073125
4.9624,0.0073643
4.9725,0.0074325
4.9825,0.0074997
4.9925,0.0075512
5.0025,0.0076234
5.0126,0.007683
5.0226,0.0077373
5.0326,0.0078035
5.0426,0.007861
5.0527,0.0079174
5.0627,0.0079614
5.0727,0.0080159
5.0827,0.0080748
5.0928,0.008124
5.1028,0.008184
5.1128,0.0082367
5.1228,0.0082922
5.1329,0.008343
5.1429,0.0083738
5.1529,0.0084193
5.1629,0.0084745
5.173,0.0085303
5.183,0.0085765
5.193,0.0086251
5.203,0.0086764
5.2131,0.0087206
5.2231,0.0087692
5.2331,0.0088123
5.2431,0.0088511
5.2532,0.0088927
5.2632,0.0089369
5.2732,0.008973
5.2832,0.0090012
5.2933,0.0090353
5.3033,0.0090638
5.3133,0.0090923
5.3233,0.009121
5.3334,0.0091592
5.3434,0.0091892
5.3534,0.0092231
5.3634,0.0092637
5.3735,0.0092957
5.3835,0.0093339
5.3935,0.0093575
5.4035,0.0093964
5.4136,0.0094419
5.4236,0.0094852
5.4336,0.0095276
5.4436,0.0095549
5.4537,0.0095929
5.4637,0.009637
5.4737,0.0096793
5.4837,0.009714
5.4938,0.0097473
5.5038,0.0097719
5.5138,0.0097957
5.5238,0.009806
5.5339,0.0098342
5.5439,0.0098594
5.5539,0.009873
5.5639,0.0098963
5.574,0.0099296
5.584,0.0099526
5.594,0.009984
5.604,0.010011
5.6141,0.010034
5.6241,0.010054
5.6341,0.010066
5.6441,0.010089
5.6542,0.010105
5.6642,0.010125
5.6742,0.010166
5.6842,0.010189
5.6943,0.010211
5.7043,0.010238
5.7143,0.010266
5.7243,0.010306
5.7344,0.010352
5.7444,0.010384
5.7544,0.010429
5.7644,0.010473
5.7745,0.010518
5.7845,0.010552
5.7945,0.010597
5.8045,0.01063
5.8146,0.01066
5.8246,0.010688
5.8346,0.010713
5.8446,0.010728
5.8547,0.010759
5.8647,0.010782
5.8747,0.0108
5.8847,0.010823
5.8948,0.010843
5.9048,0.010858
5.9148,0.010876
5.9248,0.010905
5.9349,0.010945
5.9449,0.010977
5.9549,0.011002
5.9649,0.011034
5.975,0.01106
5.985,0.011091
5.995,0.011126
6.005,0.011156
6.0151,0.011178
6.0251,0.011215
6.0351,0.011259
6.0451,0.011301
6.0552,0.011344
6.0652,0.011376
6.0752,0.01142
6.0852,0.011453
6.0953,0.011498
6.1053,0.011539
6.1153,0.011569
6.1253,0.011607
6.1354,0.011643
6.1454,0.011686
6.1554,0.011731
6.1654,0.011777
6.1755,0.01181
6.1855,0.011844
6.1955,0.011874
6.2055,0.011908
6.2156,0.011932
6.2256,0.011945
6.2356,0.011964
6.2456,0.011991
6.2557,0.012005
6.2657,0.012018
6.2757,0.012045
6.2857,0.012073
6.2958,0.012113
6.3058,0.012152
6.3158,0.012188
6.3258,0.012217
6.3359,0.012256
6.3459,0.01229
6.3559,0.012327
6.3659,0.012371
6.376,0.012407
6.386,0.012442
6.396,0.01248
6.406,0.012516
6.4161,0.012554
6.4261,0.012573
6.4361,0.012597
6.4461,0.012624
6.4562,0.01264
6.4662,0.012651
6.4762,0.012667
6.4862,0.012688
6.4963,0.012712
6.5063,0.012731
6.5163,0.012751
6.5263,0.012767
6.5364,0.012792
6.5464,0.012837
6.5564,0.012885
6.5664,0.012918
6.5765,0.012947
6.5865,0.012981
6.5965,0.013026
6.6065,0.013064
6.6166,0.013096
6.6266,0.013137
6.6366,0.013189
6.6466,0.013225
6.6567,0.013277
6.6667,0.013332
6.6767,0.013386
6.6867,0.01343
6.6968,0.013466
6.7068,0.013502
6.7168,0.013532
6.7268,0.013562
6.7369,0.013593
6.7469,0.013626
6.7569,0.013667
6.7669,0.013714
6.777,0.013756
6.787,0.013801
6.797,0.013839
6.807,0.013868
6.8171,0.013898
6.8271,0.013924
6.8371,0.013954
6.8471,0.013985
6.8572,0.014013
6.8672,0.01405
6.8772,0.014086
6.8872,0.014131
6.8973,0.014183
6.9073,0.014224
6.9173,0.014271
6.9273,0.014305
6.9374,0.014334
6.9474,0.014358
6.9574,0.014387
6.9674,0.014411
6.9775,0.01444
6.9875,0.014459
6.9975,0.014481
7.0075,0.014506
7.0176,0.014531
7.0276,0.014546
7.0376,0.014566
7.0476,0.014585
7.0577,0.014613
7.0677,0.014645
7.0777,0.014679
7.0877,0.014712
7.0978,0.014741
7.1078,0.014767
7.1178,0.014787
7.1278,0.014816
7.1379,0.014848
7.1479,0.014873
7.1579,0.014908
7.1679,0.014947
7.178,0.01497
7.188,0.014997
7.198,0.015039
7.208,0.015078
7.2181,0.015103
7.2281,0.015131
7.2381,0.015166
7.2481,0.01521
7.2582,0.015244
7.2682,0.015271
7.2782,0.01529
7.2882,0.01531
7.2983,0.015332
7.3083,0.015352
7.3183,0.01537
7.3283,0.015381
7.3384,0.01539
7.3484,0.015401
7.3584,0.015412
7.3685,0.01542
7.3785,0.015435
7.3885,0.015446
7.3985,0.015451
7.4086,0.015453
7.4186,0.015461
7.4286,0.015465
7.4386,0.015456
7.4487,0.015456
7.4587,0.015458
7.4687,0.01546
7.4787,0.015459
7.4888,0.015455
7.4988,0.015455
7.5088,0.015444
7.5188,0.015435
7.5289,0.015431
7.5389,0.015417
7.5489,0.015409
7.5589,0.015395
7.569,0.015379
7.579,0.015364
7.589,0.015356
7.599,0.015357
7.6091,0.015342
7.6191,0.015329
7.6291,0.015323
7.6391,0.015305
7.6492,0.015285
7.6592,0.015278
7.6692,0.015272
7.6792,0.015261
7.6893,0.015253
7.6993,0.015246
7.7093,0.01524
7.7193,0.015243
7.7294,0.01526
7.7394,0.015275
7.7494,0.015286
7.7594,0.015292
7.7695,0.015297
7.7795,0.015315
7.7895,0.01533
7.7995,0.015332
7.8096,0.01532
7.8196,0.015306
7.8296,0.015296
7.8396,0.015292
7.8497,0.015287
7.8597,0.01528
7.8697,0.015274
7.8797,0.015262
7.8898,0.015249
7.8998,0.015227
7.9098,0.015217
7.9198,0.015201
7.9299,0.015182
7.9399,0.015165
7.9499,0.015153
7.9599,0.01514
7.97,0.01512
7.98,0.015104
7.99,0.015088
8,0.015066
8.0101,0.015049
8.0201,0.015034
8.0301,0.01503
8.0401,0.015024
8.0502,0.015027
8.0602,0.01502
8.0702,0.015018
8.0802,0.015013
8.0903,0.014993
8.1003,0.014996
8.1103,0.014993
8.1203,0.014991
8.1304,0.014984
8.1404,0.014973
8.1504,0.014965
8.1604,0.014958
8.1705,0.014957
8.1805,0.014948
8.1905,0.014934
8.2005,0.01493
8.2106,0.014916
8.2206,0.01491
8.2306,0.014899
8.2406,0.014892
8.2507,0.014896
8.2607,0.014869
8.2707,0.014865
8.2807,0.014864
8.2908,0.01484
8.3008,0.014834
8.3108,0.014824
8.3208,0.014797
8.3309,0.014766
8.3409,0.014749
8.3509,0.014752
8.3609,0.014718
8.371,0.014717
8.381,0.014716
8.391,0.014692
8.401,0.014687
8.4111,0.014675
8.4211,0.014661
8.4311,0.014636
8.4411,0.014609
8.4512,0.014591
8.4612,0.014599
8.4712,0.014561
8.4812,0.014518
8.4913,0.01446
8.5013,0.014418
8.5113,0.014395
8.5213,0.014363
8.5314,0.014339
8.5414,0.014264
8.5514,0.014213
8.5614,0.014166
8.5715,0.014079
8.5815,0.013995
8.5915,0.013911
8.6015,0.013829
8.6116,0.013741
8.6216,0.013631
8.6316,0.013477
8.6416,0.013374
8.6517,0.013244
8.6617,0.013118
8.6717,0.012977
8.6817,0.012832
8.6918,0.012665
8.7018,0.012537
8.7118,0.012354
8.7218,0.012176
8.7319,0.012014
8.7419,0.011826
8.7519,0.011629
8.7619,0.011466
8.772,0.011271
8.782,0.011092
8.792,0.010927
8.802,0.010731
8.8121,0.010557
8.8221,0.01038
8.8321,0.010169
8.8421,0.0099926
8.8522,0.0098344
8.8622,0.0096771
8.8722,0.0095218
8.8822,0.0093962
8.8923,0.0092361
8.9023,0.0090998
8.9123,0.0089615
8.9223,0.0088143
8.9324,0.0086938
8.9424,0.0085717
8.9524,0.0084562
8.9624,0.0083294
8.9725,0.0081959
8.9825,0.0080578
8.9925,0.0079327
9.0025,0.0078468
9.0126,0.0077612
9.0226,0.007707
9.0326,0.0076626
9.0426,0.0076133
9.0527,0.0075515
9.0627,0.0075738
9.0727,0.0075518
9.0827,0.0075489
9.0928,0.0075447
9.1028,0.0075806
9.1128,0.007611
9.1228,0.0076636
9.1329,0.0077216
9.1429,0.0077842
9.1529,0.007862
9.1629,0.0079562
9.173,0.0080507
9.183,0.0081702
9.193,0.0082864
9.203,0.0084087
9.2131,0.0085321
9.2231,0.0086862
9.2331,0.0088334
9.2431,0.0090041
9.2532,0.0091739
9.2632,0.0093498
9.2732,0.0095569
9.2832,0.0097215
9.2933,0.0099406
9.3033,0.010134
9.3133,0.010354
9.3233,0.010547
9.3334,0.010766
9.3434,0.011003
9.3534,0.011224
9.3634,0.011479
9.3735,0.011727
9.3835,0.011962
9.3935,0.012189
9.4035,0.012423
9.4136,0.012664
9.4236,0.012885
9.4336,0.013132
9.4436,0.01335
9.4537,0.013592
9.4637,0.013845
9.4737,0.014067
9.4837,0.014301
9.4938,0.014548
9.5038,0.01476
9.5138,0.014984
9.5238,0.015211
9.5339,0.01544
9.5439,0.015658
9.5539,0.015886
9.5639,0.01616
9.574,0.016356
9.584,0.016606
9.594,0.016847
9.604,0.017038
9.6141,0.017275
9.6241,0.017486
9.6341,0.017711
9.6441,0.017924
9.6542,0.018121
9.6642,0.018325
9.6742,0.018484
9.6842,0.01866
9.6943,0.018836
9.7043,0.01899
9.7143,0.01914
9.7243,0.019268
9.7344,0.019363
9.7444,0.019487
9.7544,0.019595
9.7644,0.019696
9.7745,0.01976
9.7845,0.019839
9.7945,0.019907
9.8046,0.019993
9.8146,0.020052
9.8246,0.020104
9.8346,0.020172
9.8447,0.020218
9.8547,0.020247
9.8647,0.020264
9.8747,0.020264
9.8848,0.02026
9.8948,0.020255
9.9048,0.020245
9.9148,0.020233
9.9249,0.020216
9.9349,0.020196
9.9449,0.020178
9.9549,0.020143
9.965,0.02011
9.975,0.020057
9.985,0.020002
9.995,0.019938
10.005,0.019865
10.015,0.019794
10.025,0.019712
10.035,0.019628
10.045,0.019535
10.055,0.019442
10.065,0.019345
10.075,0.019247
10.085,0.019148
10.095,0.019043
10.105,0.018913
10.115,0.018791
10.125,0.018669
10.135,0.018542
10.145,0.018437
10.155,0.018301
10.165,0.018172
10.175,0.018034
10.186,0.017884
10.196,0.017728
10.206,0.017574
10.216,0.017423
10.226,0.017259
10.236,0.017083
10.246,0.016923
10.256,0.016752
10.266,0.016581
10.276,0.016409
10.286,0.01623
10.296,0.01606
10.306,0.015865
10.316,0.015671
10.326,0.015457
10.336,0.015267
10.346,0.015059
10.356,0.014848
10.366,0.01464
10.376,0.014445
10.386,0.014228
10.396,0.014
10.406,0.013789
10.416,0.013576
10.426,0.013366
10.436,0.013163
10.446,0.012978
10.456,0.012776
10.466,0.01259
10.476,0.012396
10.486,0.012191
10.496,0.011983
10.506,0.01178
10.516,0.011585
10.526,0.011387
10.536,0.011181
10.546,0.01098
10.556,0.010785
10.566,0.010588
10.576,0.010391
10.587,0.010198
10.597,0.010003
10.607,0.009809
10.617,0.0096164
10.627,0.0094283
10.637,0.009243
10.647,0.009061
10.657,0.0088861
10.667,0.0087136
10.677,0.0085434
10.687,0.0083734
10.697,0.0082021
10.707,0.0080303
10.717,0.0078565
10.727,0.007682
10.737,0.0075121
10.747,0.0073463
10.757,0.0071777
10.767,0.0070107
10.777,0.0068493
10.787,0.0066854
10.797,0.0065237
10.807,0.0063672
10.817,0.0062098
10.827,0.0060527
10.837,0.0059064
10.847,0.0057623
10.857,0.0056146
10.867,0.0054589
10.877,0.0053114
10.887,0.0051698
10.897,0.0050317
10.907,0.0048991
10.917,0.0047685
10.927,0.0046401
10.937,0.004513
10.947,0.004388
10.957,0.0042731
10.967,0.0041591
10.977,0.0040437
10.988,0.0039309
10.998,0.0038223
11.008,0.0037085
11.018,0.0036031
11.028,0.0034936
11.038,0.0033795
11.048,0.0032658
11.058,0.0031511
11.068,0.0030438
11.078,0.0029411
11.088,0.0028392
11.098,0.0027296
11.108,0.0026285
11.118,0.0025268
11.128,0.0024197
11.138,0.0023176
11.148,0.0022133
11.158,0.0021108
11.168,0.0020114
11.178,0.0019131
11.188,0.0018063
11.198,0.001705
11.208,0.0016128
11.218,0.0015191
11.228,0.0014294
11.238,0.0013355
11.248,0.00124
11.258,0.0011454
11.268,0.0010615
11.278,0.00097638
11.288,0.00089292
11.298,0.00081468
11.308,0.00073795
11.318,0.00065792
11.328,0.00058344
11.338,0.00052499
11.348,0.00046314
11.358,0.00039526
11.368,0.00033991
11.378,0.00027958
11.389,0.00022781
11.399,0.00017479
11.409,0.00011609
11.419,5.6729e-005
11.429,-4.6826e-007
11.439,-5.87e-005
11.449,-0.0001119
11.459,-0.00015741
11.469,-0.0001966
11.479,-0.00023562
11.489,-0.00027823
11.499,-0.0003198
11.509,-0.00035035
11.519,-0.0003864
11.529,-0.00042741
11.539,-0.00045909
11.549,-0.0004865
11.559,-0.00051204
11.569,-0.00053408
11.579,-0.00054956
11.589,-0.00056817
11.599,-0.00058711
11.609,-0.00059904
11.619,-0.0006087
11.629,-0.00062154
11.639,-0.00062492
11.649,-0.00063089
11.659,-0.0006294
11.669,-0.00062456
11.679,-0.00062172
11.689,-0.00061812
11.699,-0.00060948
11.709,-0.00060146
11.719,-0.00059281
11.729,-0.00058669
11.739,-0.00058798
11.749,-0.00057972
11.759,-0.00056921
11.769,-0.00055364
11.779,-0.00053788
11.79,-0.00050988
11.8,-0.00048613
11.81,-0.00046265
11.82,-0.00044291
11.83,-0.00040243
11.84,-0.00036062
11.85,-0.00031938
11.86,-0.00028658
11.87,-0.00025308
11.88,-0.00020474
11.89,-0.00015792
11.9,-0.00010135
11.91,-4.0894e-005
11.92,2.3084e-005
11.93,8.7472e-005
11.94,0.00016089
11.95,0.00023842
11.96,0.00032038
11.97,0.00040571
11.98,0.00049353
11.99,0.00058536
12,0.00069526
12.01,0.00080933
12.02,0.00092156
12.03,0.0010369
12.04,0.0011633
12.05,0.0012802
12.06,0.0014019
12.07,0.0015332
12.08,0.001668
12.09,0.0018056
12.1,0.001957
12.11,0.0021214
12.12,0.0022862
12.13,0.0024536
12.14,0.0026185
12.15,0.0027777
12.16,0.0029364
12.17,0.0031006
12.18,0.0032738
12.191,0.003446
12.201,0.0036236
12.211,0.0037933
12.221,0.0039612
12.231,0.0041332
12.241,0.0043009
12.251,0.0044585
12.261,0.0046129
12.271,0.0047672
12.281,0.00492
12.291,0.0050749
12.301,0.0052276
12.311,0.0053711
12.321,0.0055194
12.331,0.0056582
12.341,0.00579
12.351,0.005925
12.361,0.0060598
12.371,0.0061859
12.381,0.0063029
12.391,0.0064145
12.401,0.0065215
12.411,0.0066178
12.421,0.0067122
12.431,0.0067974
12.441,0.0068766
12.451,0.0069481
12.461,0.0070191
12.471,0.0070863
12.481,0.0071417
12.491,0.0071975
12.501,0.0072495
12.511,0.0073052
12.521,0.0073643
12.531,0.0074262
12.541,0.0074968
12.551,0.0075603
12.561,0.0076218
12.571,0.0076976
12.582,0.0077763
12.592,0.0078607
12.602,0.0079526
12.612,0.0080613
12.622,0.0081836
12.632,0.0083172
12.642,0.0084683
12.652,0.0086262
12.662,0.0087982
12.672,0.0089945
12.682,0.0092022
12.692,0.0094196
12.702,0.0096606
12.712,0.0099162
12.722,0.010199
12.732,0.010499
12.742,0.01082
12.752,0.011171
12.762,0.011555
12.772,0.01197
12.782,0.012421
12.792,0.01287
12.802,0.013388
12.812,0.013915
12.822,0.014441
12.832,0.015007
12.842,0.015608
12.852,0.016225
12.862,0.016869
12.872,0.017557
12.882,0.018255
12.892,0.018989
12.902,0.019748
12.912,0.020521
12.922,0.021385
12.932,0.022246
12.942,0.023157
12.952,0.0241
12.962,0.025036
12.972,0.026031
12.983,0.026969
12.993,0.027855
13.003,0.028693
13.013,0.029569
13.023,0.030384
13.033,0.031209
13.043,0.031966
13.053,0.032635
13.063,0.03333
13.073,0.033927
13.083,0.034472
13.093,0.035009
13.103,0.035499
13.113,0.035956
13.123,0.036319
13.133,0.036631
13.143,0.036908
13.153,0.037053
13.163,0.037171
13.173,0.037217
13.183,0.037191
13.193,0.037075
13.203,0.036897
13.213,0.03662
13.223,0.036245
13.233,0.035777
13.243,0.035227
13.253,0.03457
13.263,0.033804
13.273,0.032947
13.283,0.031942
13.293,0.030837
13.303,0.029605
13.313,0.028155
13.323,0.026622
13.333,0.024971
13.343,0.023206
13.353,0.02128
13.363,0.019246
13.373,0.017085
13.384,0.014834
13.394,0.012355
13.404,0.010015
13.414,0.0074373
13.424,0.0048726
13.434,0.0022267
13.444,-0.00036278
13.454,-0.002891
13.464,-0.0054863
13.474,-0.0082043
13.484,-0.010772
13.494,-0.013264
13.504,-0.015908
13.514,-0.018491
13.524,-0.021054
13.534,-0.023619
13.544,-0.026093
13.554,-0.028622
13.564,-0.031085
13.574,-0.033477
13.584,-0.035852
13.594,-0.038222
13.604,-0.040466
13.614,-0.042767
13.624,-0.04496
13.634,-0.047128
13.644,-0.049227
13.654,-0.051243
13.664,-0.05325
13.674,-0.055095
13.684,-0.056897
13.694,-0.058647
13.704,-0.060282
13.714,-0.061847
13.724,-0.063388
13.734,-0.064846
13.744,-0.066282
13.754,-0.06761
13.764,-0.068953
13.774,-0.070198
13.785,-0.071385
13.795,-0.072518
13.805,-0.073607
13.815,-0.074662
13.825,-0.075702
13.835,-0.076696
13.845,-0.077644
13.855,-0.07856
13.865,-0.079456
13.875,-0.080327
13.885,-0.081193
13.895,-0.082035
13.905,-0.082863
13.915,-0.083674
13.925,-0.084477
13.935,-0.085279
13.945,-0.086078
13.955,-0.086875
13.965,-0.087675
13.975,-0.088487
13.985,-0.089299
13.995,-0.09012
14.005,-0.090957
14.015,-0.091793
14.025,-0.092631
14.035,-0.093467
14.045,-0.094322
14.055,-0.095179
14.065,-0.096034
14.075,-0.096898
14.085,-0.097773
14.095,-0.098655
14.105,-0.099531
14.115,-0.10041
14.125,-0.10128
14.135,-0.10215
14.145,-0.103
14.155,-0.10386
14.165,-0.10469
14.175,-0.10549
14.186,-0.10628
14.196,-0.10705
14.206,-0.10779
14.216,-0.10851
14.226,-0.10919
14.236,-0.10983
14.246,-0.11043
14.256,-0.11099
14.266,-0.11151
14.276,-0.11197
14.286,-0.11239
14.296,-0.11274
14.306,-0.11303
14.316,-0.11327
14.326,-0.11343
14.336,-0.11353
14.346,-0.11357
14.356,-0.11353
14.366,-0.11342
14.376,-0.11324
14.386,-0.11299
14.396,-0.11266
14.406,-0.11225
14.416,-0.11178
14.426,-0.11125
14.436,-0.11064
14.446,-0.10997
14.456,-0.10923
14.466,-0.10842
14.476,-0.10755
14.486,-0.10662
14.496,-0.10564
14.506,-0.1046
14.516,-0.10351
14.526,-0.10239
14.536,-0.10121
14.546,-0.09999
14.556,-0.098747
14.566,-0.097475
14.576,-0.096171
14.587,-0.094861
14.597,-0.093542
14.607,-0.092212
14.617,-0.090872
14.627,-0.089551
14.637,-0.088228
14.647,-0.086919
14.657,-0.085632
14.667,-0.084371
14.677,-0.083128
14.687,-0.081922
14.697,-0.080751
14.707,-0.079631
14.717,-0.078565
14.727,-0.077553
14.737,-0.076597
14.747,-0.075718
14.757,-0.074911
14.767,-0.074181
14.777,-0.073535
14.787,-0.072971
14.797,-0.072494
14.807,-0.072109
14.817,-0.071835
14.827,-0.071658
14.837,-0.071579
14.847,-0.071612
14.857,-0.071763
14.867,-0.072045
14.877,-0.072445
14.887,-0.072967
14.897,-0.073622
14.907,-0.074402
14.917,-0.07531
14.927,-0.076342
14.937,-0.077498
14.947,-0.078786
14.957,-0.080197
14.967,-0.081745
14.978,-0.083408
14.988,-0.08521
14.998,-0.087152
15.008,-0.089223
15.018,-0.09142
15.028,-0.093747
15.038,-0.096195
15.048,-0.098778
15.058,-0.1015
15.068,-0.10435
15.078,-0.10735
15.088,-0.11046
15.098,-0.11368
15.108,-0.11703
15.118,-0.12049
15.128,-0.12407
15.138,-0.12778
15.148,-0.13159
15.158,-0.1355
15.168,-0.13954
15.178,-0.1437
15.188,-0.14796
15.198,-0.15234
15.208,-0.15683
15.218,-0.16143
15.228,-0.16614
15.238,-0.17095
15.248,-0.17585
15.258,-0.18088
15.268,-0.18604
15.278,-0.19125
15.288,-0.19656
15.298,-0.20192
15.308,-0.2074
15.318,-0.21293
15.328,-0.21856
15.338,-0.22422
15.348,-0.22999
15.358,-0.23583
15.368,-0.24173
15.379,-0.24769
15.389,-0.25372
15.399,-0.25987
15.409,-0.26608
15.419,-0.27232
15.429,-0.27865
15.439,-0.28508
15.449,-0.2916
15.459,-0.29808
15.469,-0.30465
15.479,-0.31131
15.489,-0.31794
15.499,-0.32458
15.509,-0.33128
15.519,-0.33803
15.529,-0.34479
15.539,-0.35155
15.549,-0.35836
15.559,-0.36513
15.569,-0.37193
15.579,-0.37877
15.589,-0.38566
15.599,-0.39254
15.609,-0.39946
15.619,-0.40633
15.629,-0.4132
15.639,-0.42006
15.649,-0.42695
15.659,-0.4338
15.669,-0.44064
15.679,-0.44747
15.689,-0.4543
15.699,-0.46109
15.709,-0.46779
15.719,-0.47447
15.729,-0.48108
15.739,-0.48765
15.749,-0.49418
15.759,-0.50076
15.769,-0.50735
15.78,-0.51389
15.79,-0.52035
15.8,-0.52678
15.81,-0.53319
15.82,-0.53964
15.83,-0.54611
15.84,-0.55254
15.85,-0.55893
15.86,-0.56525
15.87,-0.57155
15.88,-0.5778
15.89,-0.5841
15.9,-0.59039
15.91,-0.59668
15.92,-0.60296
15.93,-0.60918
15.94,-0.61542
15.95,-0.62176
15.96,-0.62815
15.97,-0.63455
15.98,-0.64096
15.99,-0.64745
16,-0.65401
16.01,-0.66056
16.02,-0.66719
16.03,-0.67389
16.04,-0.68068
16.05,-0.68755
16.06,-0.69448
16.07,-0.70151
16.08,-0.70869
16.09,-0.71598
16.1,-0.72344
16.11,-0.731
16.12,-0.73877
16.13,-0.74671
16.14,-0.75478
16.15,-0.76306
16.16,-0.77153
16.17,-0.78026
16.181,-0.78918
16.191,-0.79834
16.201,-0.8078
16.211,-0.81747
16.221,-0.82738
16.231,-0.83758
16.241,-0.84801
16.251,-0.85873
16.261,-0.86971
16.271,-0.88095
16.281,-0.89237
16.291,-0.90404
16.301,-0.91612
16.311,-0.92845
16.321,-0.94104
16.331,-0.9539
16.341,-0.967
16.351,-0.98039
16.361,-0.99406
16.371,-1.0081
16.381,-1.0224
16.391,-1.0371
16.401,-1.052
16.411,-1.0672
16.421,-1.0825
16.431,-1.0981
16.441,-1.1139
16.451,-1.13
16.461,-1.1462
16.471,-1.1626
16.481,-1.1792
16.491,-1.196
16.501,-1.2129
16.511,-1.2299
16.521,-1.2471
16.531,-1.2644
16.541,-1.2816
16.551,-1.2989
16.561,-1.3162
16.571,-1.3335
16.582,-1.3507
16.592,-1.3678
16.602,-1.3847
16.612,-1.4014
16.622,-1.4178
16.632,-1.4339
16.642,-1.4497
16.652,-1.465
16.662,-1.48
16.672,-1.4944
16.682,-1.5083
16.692,-1.5216
16.702,-1.5343
16.712,-1.5463
16.722,-1.5575
16.732,-1.568
16.742,-1.5776
16.752,-1.5863
16.762,-1.5939
16.772,-1.6004
16.782,-1.6057
16.792,-1.6098
16.802,-1.6125
16.812,-1.6139
16.822,-1.6139
16.832,-1.6124
16.842,-1.6093
16.852,-1.6046
16.862,-1.5983
16.872,-1.5902
16.882,-1.5804
16.892,-1.5688
16.902,-1.5552
16.912,-1.5397
16.922,-1.5223
16.932,-1.5028
16.942,-1.4813
16.952,-1.4577
16.962,-1.4319
16.972,-1.4039
16.983,-1.3738
16.993,-1.3418
17.003,-1.3072
17.013,-1.2705
17.023,-1.2317
17.033,-1.1907
17.043,-1.1477
17.053,-1.1025
17.063,-1.0552
17.073,-1.006
17.083,-0.95473
17.093,-0.90133
17.103,-0.84574
17.113,-0.78842
17.123,-0.72879
17.133,-0.66754
17.143,-0.60418
17.153,-0.53911
17.163,-0.47242
17.173,-0.40402
17.183,-0.33407
17.193,-0.2629
17.203,-0.19072
17.213,-0.11747
17.223,-0.043177
17.233,0.03186
17.243,0.10783
17.253,0.18477
17.263,0.26223
17.273,0.33977
17.283,0.41777
17.293,0.49657
17.303,0.57537
17.313,0.65462
17.323,0.73438
17.333,0.81415
17.343,0.89367
17.353,0.97282
17.363,1.0519
17.374,1.1303
17.384,1.2077
17.394,1.2848
17.404,1.361
17.414,1.4361
17.424,1.5103
17.434,1.5833
17.444,1.6552
17.454,1.7252
17.464,1.7945
17.474,1.8623
17.484,1.9286
17.494,1.9934
17.504,2.0571
17.514,2.119
17.524,2.1789
17.534,2.2372
17.544,2.2942
17.554,2.3492
17.564,2.4024
17.574,2.4534
17.584,2.5025
17.594,2.5494
17.604,2.5944
17.614,2.6375
17.624,2.6784
17.634,2.7171
17.644,2.7537
17.654,2.7884
17.664,2.8208
17.674,2.8512
17.684,2.8794
17.694,2.9057
17.704,2.93
17.714,2.9523
17.724,2.9725
17.734,2.9906
17.744,3.0068
17.754,3.021
17.764,3.0332
17.775,3.0435
17.785,3.0519
17.795,3.0584
17.805,3.063
17.815,3.0659
17.825,3.067
17.835,3.0663
17.845,3.064
17.855,3.06
17.865,3.0545
17.875,3.0474
17.885,3.0387
17.895,3.0285
17.905,3.0168
17.915,3.0038
17.925,2.9893
17.935,2.9734
17.945,2.9561
17.955,2.9377
17.965,2.9181
17.975,2.8972
17.985,2.8753
17.995,2.8523
18.005,2.8282
18.015,2.8031
18.025,2.7771
18.035,2.7502
18.045,2.7225
18.055,2.6939
18.065,2.6645
18.075,2.6346
18.085,2.6037
18.095,2.5721
18.105,2.54
18.115,2.5072
18.125,2.4738
18.135,2.4398
18.145,2.4053
18.155,2.3706
18.165,2.335
18.176,2.2994
18.186,2.2634
18.196,2.2272
18.206,2.1907
18.216,2.154
18.226,2.1169
18.236,2.0798
18.246,2.0425
18.256,2.0054
18.266,1.9682
18.276,1.9308
18.286,1.8932
18.296,1.8556
18.306,1.8181
18.316,1.7806
18.326,1.7431
18.336,1.7059
18.346,1.6688
18.356,1.6316
18.366,1.5948
18.376,1.5581
18.386,1.5218
18.396,1.4858
18.406,1.45
18.416,1.4147
18.426,1.3797
18.436,1.3451
18.446,1.3109
18.456,1.2769
18.466,1.2433
18.476,1.2101
18.486,1.1774
18.496,1.145
18.506,1.113
18.516,1.0814
18.526,1.0499
18.536,1.019
18.546,0.9887
18.556,0.95882
18.566,0.92911
18.577,0.90004
18.587,0.87153
18.597,0.84355
18.607,0.816
18.617,0.78889
18.627,0.76221
18.637,0.73592
18.647,0.70985
18.657,0.68448
18.667,0.65953
18.677,0.63497
18.687,0.61084
18.697,0.587
18.707,0.5635
18.717,0.54032
18.727,0.51752
18.737,0.49496
18.747,0.4727
18.757,0.45065
18.767,0.42919
18.777,0.40815
18.787,0.38751
18.797,0.36705
18.807,0.34687
18.817,0.32697
18.827,0.30725
18.837,0.28788
18.847,0.2688
18.857,0.25
18.867,0.23142
18.877,0.21305
18.887,0.19491
18.897,0.17696
18.907,0.15921
18.917,0.1417
18.927,0.12444
18.937,0.10733
18.947,0.090516
18.957,0.073958
18.967,0.057532
18.978,0.04132
18.988,0.025486
18.998,0.0099925
19.008,-0.005369
19.018,-0.020565
19.028,-0.035381
19.038,-0.049979
19.048,-0.064373
19.058,-0.078524
19.068,-0.092398
19.078,-0.10604
19.088,-0.11955
19.098,-0.13283
19.108,-0.14581
19.118,-0.15853
19.128,-0.17102
19.138,-0.18316
19.148,-0.19511
19.158,-0.20684
19.168,-0.21827
19.178,-0.22938
19.188,-0.24016
19.198,-0.25076
19.208,-0.2611
19.218,-0.27111
19.228,-0.28083
19.238,-0.29032
19.248,-0.2995
19.258,-0.30844
19.268,-0.31718
19.278,-0.32569
19.288,-0.33397
19.298,-0.34199
19.308,-0.3498
19.318,-0.3574
19.328,-0.36474
19.338,-0.37192
19.348,-0.3788
19.358,-0.38549
19.368,-0.392
19.379,-0.3983
19.389,-0.40444
19.399,-0.41037
19.409,-0.4161
19.419,-0.42166
19.429,-0.42705
19.439,-0.43231
19.449,-0.43742
19.459,-0.44243
19.469,-0.44732
19.479,-0.45208
19.489,-0.45675
19.499,-0.46132
19.509,-0.46578
19.519,-0.47015
19.529,-0.47444
19.539,-0.47862
19.549,-0.48274
19.559,-0.48675
19.569,-0.49071
19.579,-0.49462
19.589,-0.49847
19.599,-0.50221
19.609,-0.50592
19.619,-0.50957
19.629,-0.51317
19.639,-0.51672
19.649,-0.52023
19.659,-0.52369
19.669,-0.52709
19.679,-0.53046
19.689,-0.53383
19.699,-0.53715
19.709,-0.54042
19.719,-0.54363
19.729,-0.54679
19.739,-0.54991
19.749,-0.55295
19.759,-0.55595
19.77,-0.55889
19.78,-0.56175
19.79,-0.56454
19.8,-0.56728
19.81,-0.56994
19.82,-0.57254
19.83,-0.57505
19.84,-0.57748
19.85,-0.57983
19.86,-0.58211
19.87,-0.5843
19.88,-0.5864
19.89,-0.58841
19.9,-0.59032
19.91,-0.59215
19.92,-0.59386
19.93,-0.59546
19.94,-0.59694
19.95,-0.5983
19.96,-0.59955
19.97,-0.60067
19.98,-0.60167
19.99,-0.60253
20,-0.60326
20.01,-0.60385
20.02,-0.6043
20.03,-0.60462
20.04,-0.60479
20.05,-0.60481
20.06,-0.60468
20.07,-0.6044
20.08,-0.60396
20.09,-0.60337
20.1,-0.60262
20.11,-0.6017
20.12,-0.60062
20.13,-0.59938
20.14,-0.59796
20.15,-0.59638
20.16,-0.59462
20.171,-0.59269
20.181,-0.59062
20.191,-0.5884
20.201,-0.58601
20.211,-0.58345
20.221,-0.58073
20.231,-0.57786
20.241,-0.57486
20.251,-0.57168
20.261,-0.56833
20.271,-0.56483
20.281,-0.56121
20.291,-0.55744
20.301,-0.55353
20.311,-0.54949
20.321,-0.54533
20.331,-0.54102
20.341,-0.53659
20.351,-0.53209
20.361,-0.52752
20.371,-0.52284
20.381,-0.51809
20.391,-0.51329
20.401,-0.50843
20.411,-0.50352
20.421,-0.49856
20.431,-0.49357
20.441,-0.48854
20.451,-0.48349
20.461,-0.47846
20.471,-0.47341
20.481,-0.46835
20.491,-0.46329
20.501,-0.45829
20.511,-0.45329
20.521,-0.4483
20.531,-0.44337
20.541,-0.43852
20.551,-0.43373
20.561,-0.42898
20.572,-0.42433
20.582,-0.41977
20.592,-0.41531
20.602,-0.41095
20.612,-0.40671
20.622,-0.40253
20.632,-0.39846
20.642,-0.39449
20.652,-0.39064
20.662,-0.38691
20.672,-0.38327
20.682,-0.37975
20.692,-0.37634
20.702,-0.37305
20.712,-0.36986
20.722,-0.3668
20.732,-0.36385
20.742,-0.36101
20.752,-0.35829
20.762,-0.35567
20.772,-0.35317
20.782,-0.35078
20.792,-0.3485
20.802,-0.34632
20.812,-0.34423
20.822,-0.34223
20.832,-0.34034
20.842,-0.33851
20.852,-0.33674
20.862,-0.33505
20.872,-0.33343
20.882,-0.33187
20.892,-0.33037
20.902,-0.32891
20.912,-0.32749
20.922,-0.32611
20.932,-0.32478
20.942,-0.32347
20.952,-0.32219
20.962,-0.32093
20.973,-0.31968
20.983,-0.31846
20.993,-0.31725
21.003,-0.31605
21.013,-0.31485
21.023,-0.31366
21.033,-0.31247
21.043,-0.31127
21.053,-0.31008
21.063,-0.30889
21.073,-0.3077
21.083,-0.30649
21.093,-0.30528
21.103,-0.30407
21.113,-0.30286
21.123,-0.30164
21.133,-0.30043
21.143,-0.29923
21.153,-0.29804
21.163,-0.29686
21.173,-0.29568
21.183,-0.29452
21.193,-0.29338
21.203,-0.29226
21.213,-0.29115
21.223,-0.29006
21.233,-0.289
21.243,-0.28797
21.253,-0.28697
21.263,-0.286
21.273,-0.28505
21.283,-0.28413
21.293,-0.28325
21.303,-0.2824
21.313,-0.28159
21.323,-0.28081
21.333,-0.28007
21.343,-0.27937
21.353,-0.27871
21.363,-0.27808
21.374,-0.27748
21.384,-0.27692
21.394,-0.27638
21.404,-0.27586
21.414,-0.27536
21.424,-0.27487
21.434,-0.2744
21.444,-0.27393
21.454,-0.27347
21.464,-0.27299
21.474,-0.2725
21.484,-0.27199
21.494,-0.27146
21.504,-0.27088
21.514,-0.27027
21.524,-0.26962
21.534,-0.26891
21.544,-0.26815
21.554,-0.26732
21.564,-0.26641
21.574,-0.26542
21.584,-0.26433
21.594,-0.26316
21.604,-0.26188
21.614,-0.26049
21.624,-0.25899
21.634,-0.25737
21.644,-0.25562
21.654,-0.25373
21.664,-0.2517
21.674,-0.24954
21.684,-0.24723
21.694,-0.24478
21.704,-0.24216
21.714,-0.23939
21.724,-0.23646
21.734,-0.23336
21.744,-0.23009
21.754,-0.22669
21.764,-0.22313
21.775,-0.21941
21.785,-0.21555
21.795,-0.21156
21.805,-0.2074
21.815,-0.2031
21.825,-0.19867
21.835,-0.19412
21.845,-0.18941
21.855,-0.18458
21.865,-0.17963
21.875,-0.17455
21.885,-0.16938
21.895,-0.16409
21.905,-0.1587
21.915,-0.1532
21.925,-0.14761
21.935,-0.14194
21.945,-0.13621
21.955,-0.13046
21.965,-0.12465
21.975,-0.11878
21.985,-0.1129
21.995,-0.10697
22.005,-0.10109
22.015,-0.095216
22.025,-0.089325
22.035,-0.083437
22.045,-0.077592
22.055,-0.071769
22.065,-0.065962
22.075,-0.06021
22.085,-0.054503
22.095,-0.048875
22.105,-0.043302
22.115,-0.037792
22.125,-0.032347
22.135,-0.026981
22.145,-0.0217
22.155,-0.016513
22.166,-0.011437
22.176,-0.0064908
22.186,-0.0016595
22.196,0.0030628
22.206,0.007676
22.216,0.012127
22.226,0.016464
22.236,0.020669
22.246,0.024735
22.256,0.02866
22.266,0.032454
22.276,0.036123
22.286,0.039639
22.296,0.043014
22.306,0.046245
22.316,0.049341
22.326,0.052268
22.336,0.055061
22.346,0.05771
22.356,0.060213
22.366,0.06255
22.376,0.064728
22.386,0.06676
22.396,0.068642
22.406,0.07036
22.416,0.071921
22.426,0.073338
22.436,0.074615
22.446,0.07575
22.456,0.076733
22.466,0.077576
22.476,0.078292
22.486,0.078861
22.496,0.079291
22.506,0.079584
22.516,0.079734
22.526,0.07975
22.536,0.079638
22.546,0.079392
22.556,0.079016
22.567,0.078512
22.577,0.077882
22.587,0.077136
22.597,0.076281
22.607,0.075307
22.617,0.07421
22.627,0.073011
22.637,0.071718
22.647,0.070324
22.657,0.068835
22.667,0.06726
22.677,0.065608
22.687,0.063855
22.697,0.062015
22.707,0.060101
22.717,0.058111
22.727,0.056046
22.737,0.053917
22.747,0.05173
22.757,0.049476
22.767,0.047161
22.777,0.044802
22.787,0.0424
22.797,0.039945
22.807,0.03746
22.817,0.034953
22.827,0.032418
22.837,0.029843
22.847,0.027254
22.857,0.024651
22.867,0.022042
22.877,0.019406
22.887,0.016746
22.897,0.014091
22.907,0.011415
22.917,0.008752
22.927,0.0060837
22.937,0.0034286
22.947,0.00077936
22.957,-0.0018486
22.968,-0.0044608
22.978,-0.0070517
22.988,-0.0096182
22.998,-0.012161
23.008,-0.014662
23.018,-0.017138
23.028,-0.019569
23.038,-0.021974
23.048,-0.024342
23.058,-0.026652
23.068,-0.028925
23.078,-0.031152
23.088,-0.03335
23.098,-0.035491
23.108,-0.037605
23.118,-0.039669
23.128,-0.041677
23.138,-0.043643
23.148,-0.045552
23.158,-0.047413
23.168,-0.049211
23.178,-0.050956
23.188,-0.052643
23.198,-0.054273
23.208,-0.055834
23.218,-0.057347
23.228,-0.058805
23.238,-0.060209
23.248,-0.061563
23.258,-0.062861
23.268,-0.064104
23.278,-0.065299
23.288,-0.066451
23.298,-0.067566
23.308,-0.068628
23.318,-0.069641
23.328,-0.070608
23.338,-0.071537
23.348,-0.072429
23.358,-0.073283
23.369,-0.074107
23.379,-0.074905
23.389,-0.075667
23.399,-0.076387
23.409,-0.077087
23.419,-0.077762
23.429,-0.078411
23.439,-0.079052
23.449,-0.079674
23.459,-0.080286
23.469,-0.080883
23.479,-0.081475
23.489,-0.082058
23.499,-0.082632
23.509,-0.083207
23.519,-0.083793
23.529,-0.084381
23.539,-0.084967
23.549,-0.085554
23.559,-0.086152
23.569,-0.086756
23.579,-0.087381
23.589,-0.088013
23.599,-0.088657
23.609,-0.08931
23.619,-0.089971
23.629,-0.09065
23.639,-0.091342
23.649,-0.092049
23.659,-0.092764
23.669,-0.093493
23.679,-0.094237
23.689,-0.094995
23.699,-0.095766
23.709,-0.096539
23.719,-0.097325
23.729,-0.098122
23.739,-0.098924
23.749,-0.099736
23.759,-0.10055
23.77,-0.10138
23.78,-0.1022
23.79,-0.10304
23.8,-0.10387
23.81,-0.10469
23.82,-0.10552
23.83,-0.10635
23.84,-0.10717
23.85,-0.108
23.86,-0.10881
23.87,-0.10962
23.88,-0.11043
23.89,-0.11123
23.9,-0.11203
23.91,-0.11283
23.92,-0.11362
23.93,-0.11441
23.94,-0.11518
23.95,-0.11595
23.96,-0.11672
23.97,-0.11748
23.98,-0.11823
23.99,-0.11897
24,-0.1197
24.01,-0.12042
24.02,-0.12113
24.03,-0.12184
24.04,-0.12254
24.05,-0.12323
24.06,-0.12392
24.07,-0.12461
24.08,-0.12531
24.09,-0.126
24.1,-0.12668
24.11,-0.12736
24.12,-0.12805
24.13,-0.12873
24.14,-0.12942
24.15,-0.1301
24.16,-0.13078
24.171,-0.13147
24.181,-0.13216
24.191,-0.13285
24.201,-0.13355
24.211,-0.13424
24.221,-0.13494
24.231,-0.13563
24.241,-0.13633
24.251,-0.13704
24.261,-0.13775
24.271,-0.13846
24.281,-0.13916
24.291,-0.13987
24.301,-0.14058
24.311,-0.14131
24.321,-0.14203
24.331,-0.14275
24.341,-0.14347
24.351,-0.14418
24.361,-0.14488
24.371,-0.14558
24.381,-0.14628
24.391,-0.14698
24.401,-0.14765
24.411,-0.14832
24.421,-0.14899
24.431,-0.14964
24.441,-0.15026
24.451,-0.15087
24.461,-0.15147
24.471,-0.15204
24.481,-0.15258
24.491,-0.15309
24.501,-0.15358
24.511,-0.15404
24.521,-0.15445
24.531,-0.15483
24.541,-0.15517
24.551,-0.15548
24.562,-0.15574
24.572,-0.15596
24.582,-0.15613
24.592,-0.15625
24.602,-0.15632
24.612,-0.15633
24.622,-0.15629
24.632,-0.1562
24.642,-0.15606
24.652,-0.15585
24.662,-0.15558
24.672,-0.15525
24.682,-0.15487
24.692,-0.15442
24.702,-0.1539
24.712,-0.15332
24.722,-0.15267
24.732,-0.15196
24.742,-0.15116
24.752,-0.1503
24.762,-0.14937
24.772,-0.14837
24.782,-0.1473
24.792,-0.14616
24.802,-0.14494
24.812,-0.14366
24.822,-0.14233
24.832,-0.14094
24.842,-0.13948
24.852,-0.13796
24.862,-0.1364
24.872,-0.13479
24.882,-0.13312
24.892,-0.13141
24.902,-0.12965
24.912,-0.12786
24.922,-0.12604
24.932,-0.12418
24.942,-0.12231
24.952,-0.1204
24.963,-0.11846
24.973,-0.11651
24.983,-0.11455
24.993,-0.11257
25.003,-0.11059
25.013,-0.10863
25.023,-0.10668
25.033,-0.10474
25.043,-0.1028
25.053,-0.1009
25.063,-0.09901
25.073,-0.097149
25.083,-0.095316
25.093,-0.093515
25.103,-0.091759
25.113,-0.090047
25.123,-0.088372
25.133,-0.086743
25.143,-0.085157
25.153,-0.083621
25.163,-0.08214
25.173,-0.080711
25.183,-0.079337
25.193,-0.078026
25.203,-0.076764
25.213,-0.075557
25.223,-0.074414
25.233,-0.073335
25.243,-0.072324
25.253,-0.071372
25.263,-0.070478
25.273,-0.069661
25.283,-0.068914
25.293,-0.068234
25.303,-0.067617
25.313,-0.06706
25.323,-0.066565
25.333,-0.066134
25.343,-0.065766
25.353,-0.065456
25.364,-0.065199
25.374,-0.064994
25.384,-0.064847
25.394,-0.064752
25.404,-0.06471
25.414,-0.064713
25.424,-0.064761
25.434,-0.064859
25.444,-0.064993
25.454,-0.065163
25.464,-0.065368
25.474,-0.065612
25.484,-0.065885
25.494,-0.066189
25.504,-0.066522
25.514,-0.066874
25.524,-0.067242
25.534,-0.067628
25.544,-0.068024
25.554,-0.068431
25.564,-0.068845
25.574,-0.069264
25.584,-0.069687
25.594,-0.070109
25.604,-0.07052
25.614,-0.070924
25.624,-0.071311
25.634,-0.071685
25.644,-0.072039
25.654,-0.07238
25.664,-0.072699
25.674,-0.072992
25.684,-0.073258
25.694,-0.073501
25.704,-0.073715
25.714,-0.073901
25.724,-0.074052
25.734,-0.074162
25.744,-0.074229
25.754,-0.074261
25.765,-0.07425
25.775,-0.074195
25.785,-0.074092
25.795,-0.073942
25.805,-0.073743
25.815,-0.073495
25.825,-0.073199
25.835,-0.07285
25.845,-0.072452
25.855,-0.072007
25.865,-0.071519
25.875,-0.070982
25.885,-0.070393
25.895,-0.069749
25.905,-0.06906
25.915,-0.068324
25.925,-0.067542
25.935,-0.066725
25.945,-0.065867
25.955,-0.064962
25.965,-0.064018
25.975,-0.063035
25.985,-0.062025
25.995,-0.060973
26.005,-0.059887
26.015,-0.058769
26.025,-0.057626
26.035,-0.056456
26.045,-0.055262
26.055,-0.054043
26.065,-0.052806
26.075,-0.051557
26.085,-0.050307
26.095,-0.049055
26.105,-0.04778
26.115,-0.046493
26.125,-0.045205
26.135,-0.043916
26.145,-0.042626
26.155,-0.041355
26.166,-0.040085
26.176,-0.038829
26.186,-0.037583
26.196,-0.03634
26.206,-0.035122
26.216,-0.033916
26.226,-0.032726
26.236,-0.031562
26.246,-0.030431
26.256,-0.029328
26.266,-0.028253
26.276,-0.027217
26.286,-0.026213
26.296,-0.025233
26.306,-0.024299
26.316,-0.023406
26.326,-0.02255
26.336,-0.02173
26.346,-0.020955
26.356,-0.02022
26.366,-0.019526
26.376,-0.018875
26.386,-0.018273
26.396,-0.017715
26.406,-0.01719
26.416,-0.016713
26.426,-0.016279
26.436,-0.015884
26.446,-0.015529
26.456,-0.015219
26.466,-0.014953
26.476,-0.014727
26.486,-0.014544
26.496,-0.014399
26.506,-0.014282
26.516,-0.014204
26.526,-0.014155
26.536,-0.014128
26.546,-0.014132
26.556,-0.014172
26.567,-0.014242
26.577,-0.014331
26.587,-0.014439
26.597,-0.014566
26.607,-0.014706
26.617,-0.014855
26.627,-0.015012
26.637,-0.015171
26.647,-0.01533
26.657,-0.015492
26.667,-0.015652
26.677,-0.015803
26.687,-0.015936
26.697,-0.016058
26.707,-0.016167
26.717,-0.016267
26.727,-0.016349
26.737,-0.016412
26.747,-0.016451
26.757,-0.01646
26.767,-0.016447
26.777,-0.016402
26.787,-0.016317
26.797,-0.016193
26.807,-0.016026
26.817,-0.015818
26.827,-0.015568
26.837,-0.015281
26.847,-0.014955
26.857,-0.014582
26.867,-0.014166
26.877,-0.013709
26.887,-0.013203
26.897,-0.012651
26.907,-0.012045
26.917,-0.011392
26.927,-0.010692
26.937,-0.0099472
26.947,-0.0091535
26.958,-0.0083212
26.968,-0.007447
26.978,-0.0065325
26.988,-0.005574
26.998,-0.0045635
27.008,-0.003511
27.018,-0.0024219
27.028,-0.0012973
27.038,-0.0001437
27.048,0.0010393
27.058,0.0022535
27.068,0.0034955
27.078,0.0047741
27.088,0.0060784
27.098,0.0073904
27.108,0.0087278
27.118,0.010071
27.128,0.011437
27.138,0.012815
27.148,0.014208
27.158,0.015605
27.168,0.016999
27.178,0.018392
27.188,0.019791
27.198,0.021192
27.208,0.022577
27.218,0.023953
27.228,0.025327
27.238,0.026686
27.248,0.028024
27.258,0.029339
27.268,0.030651
27.278,0.031946
27.288,0.033211
27.298,0.034455
27.308,0.035672
27.318,0.036857
27.328,0.038005
27.338,0.039121
27.348,0.040198
27.359,0.041243
27.369,0.042261
27.379,0.043248
27.389,0.044193
27.399,0.045107
27.409,0.045988
27.419,0.046832
27.429,0.047629
27.439,0.048386
27.449,0.049105
27.459,0.049778
27.469,0.050408
27.479,0.050995
27.489,0.051543
27.499,0.052049
27.509,0.052512
27.519,0.052932
27.529,0.053312
27.539,0.053653
27.549,0.053952
27.559,0.054207
27.569,0.05443
27.579,0.054615
27.589,0.054765
27.599,0.05488
27.609,0.05495
27.619,0.054975
27.629,0.05497
27.639,0.054926
27.649,0.054849
27.659,0.054734
27.669,0.054598
27.679,0.054426
27.689,0.054216
27.699,0.053971
27.709,0.053689
27.719,0.053375
27.729,0.053032
27.739,0.052657
27.749,0.052258
27.76,0.051826
27.77,0.051365
27.78,0.050882
27.79,0.050366
27.8,0.049823
27.81,0.049251
27.82,0.048642
27.83,0.048008
27.84,0.047351
27.85,0.046672
27.86,0.045974
27.87,0.045247
27.88,0.044499
27.89,0.043722
27.9,0.042931
27.91,0.042124
27.92,0.041293
27.93,0.040444
27.94,0.039578
27.95,0.038695
27.96,0.037799
27.97,0.036888
27.98,0.035956
27.99,0.034995
28,0.034017
28.01,0.033026
28.02,0.03203
28.03,0.031014
28.04,0.029986
28.05,0.028947
28.06,0.027893
28.07,0.026819
28.08,0.025727
28.09,0.024625
28.1,0.023514
28.11,0.022395
28.12,0.021261
28.13,0.020128
28.14,0.018977
28.15,0.01781
28.161,0.016632
28.171,0.015441
28.181,0.01424
28.191,0.013021
28.201,0.011797
28.211,0.01057
28.221,0.0093263
28.231,0.0080714
28.241,0.0068149
28.251,0.0055425
28.261,0.0042512
28.271,0.0029522
28.281,0.001655
28.291,0.00036463
28.301,-0.00093108
28.311,-0.0022331
28.321,-0.0035329
28.331,-0.0048296
28.341,-0.0061144
28.351,-0.0074045
28.361,-0.0086893
28.371,-0.0099697
28.381,-0.01125
28.391,-0.012524
28.401,-0.01379
28.411,-0.015049
28.421,-0.016305
28.431,-0.01755
28.441,-0.018793
28.451,-0.020016
28.461,-0.021227
28.471,-0.022415
28.481,-0.023581
28.491,-0.024718
28.501,-0.025834
28.511,-0.026914
28.521,-0.027961
28.531,-0.028994
28.541,-0.03
28.551,-0.030969
28.562,-0.031902
28.572,-0.032797
28.582,-0.033659
28.592,-0.034471
28.602,-0.035246
28.612,-0.035975
28.622,-0.036645
28.632,-0.037263
28.642,-0.037834
28.652,-0.038342
28.662,-0.038792
28.672,-0.039177
28.682,-0.039496
28.692,-0.039754
28.702,-0.039944
28.712,-0.040072
28.722,-0.040134
28.732,-0.040126
28.742,-0.04004
28.752,-0.039872
28.762,-0.039634
28.772,-0.039334
28.782,-0.038969
28.792,-0.038521
28.802,-0.038001
28.812,-0.037413
28.822,-0.036753
28.832,-0.03602
28.842,-0.035214
28.852,-0.034346
28.862,-0.033408
28.872,-0.032408
28.882,-0.031343
28.892,-0.030217
28.902,-0.029037
28.912,-0.027801
28.922,-0.026525
28.932,-0.025205
28.942,-0.023836
28.952,-0.02243
28.963,-0.020979
28.973,-0.019493
28.983,-0.017985
28.993,-0.01645
29.003,-0.014898
29.013,-0.013339
29.023,-0.011768
29.033,-0.010189
29.043,-0.0085997
29.053,-0.0070114
29.063,-0.0054341
29.073,-0.0038684
29.083,-0.0023294
29.093,-0.00081306
29.103,0.00067108
29.113,0.0021271
29.123,0.0035412
29.133,0.0049129
29.143,0.0062503
29.153,0.0075468
29.163,0.0087845
29.173,0.0099663
29.183,0.011096
29.193,0.012167
29.203,0.013183
29.213,0.01415
29.223,0.01505
29.233,0.015888
29.243,0.016665
29.253,0.017377
29.263,0.018027
29.273,0.018605
29.283,0.019108
29.293,0.019549
29.303,0.019916
29.313,0.020222
29.323,0.020472
29.333,0.020662
29.343,0.020798
29.354,0.020874
29.364,0.020889
29.374,0.020853
29.384,0.02077
29.394,0.020645
29.404,0.020479
29.414,0.020276
29.424,0.020042
29.434,0.01978
29.444,0.019488
29.454,0.019169
29.464,0.018834
29.474,0.018489
29.484,0.018134
29.494,0.017771
29.504,0.01741
29.514,0.017059
29.524,0.016714
29.534,0.016377
29.544,0.016047
29.554,0.015737
29.564,0.015453
29.574,0.015191
29.584,0.014954
29.594,0.014747
29.604,0.014562
29.614,0.014408
29.624,0.014288
29.634,0.014205
29.644,0.014148
29.654,0.014122
29.664,0.014129
29.674,0.014172
29.684,0.014247
29.694,0.01435
29.704,0.014483
29.714,0.014643
29.724,0.014833
29.734,0.015047
29.744,0.015288
29.755,0.015555
29.765,0.015834
29.775,0.016131
29.785,0.016439
29.795,0.016754
29.805,0.017072
29.815,0.017388
29.825,0.017709
29.835,0.018032
29.845,0.018353
29.855,0.018665
29.865,0.018969
29.875,0.019254
29.885,0.019518
29.895,0.019762
29.905,0.019985
29.915,0.020176
29.925,0.02033
29.935,0.020451
29.945,0.020541
29.955,0.020597
29.965,0.020619
29.975,0.020602
29.985,0.020531
29.995,0.020415
30.005,0.020268
30.015,0.020079
30.025,0.019838
30.035,0.019556
30.045,0.019232
30.055,0.018868
30.065,0.018457
30.075,0.018007
30.085,0.017507
30.095,0.016967
30.105,0.016385
30.115,0.01577
30.125,0.015119
30.135,0.014431
30.145,0.01371
30.156,0.012968
30.166,0.012196
30.176,0.01141
30.186,0.010588
30.196,0.0097375
30.206,0.0088777
30.216,0.0080069
30.226,0.0071274
30.236,0.0062447
30.246,0.0053579
30.256,0.0044731
30.266,0.0035952
30.276,0.0027196
30.286,0.0018508
30.296,0.00098918
30.306,0.00014017
30.316,-0.00068356
30.326,-0.0014878
30.336,-0.0022686
30.346,-0.0030182
30.356,-0.0037428
30.366,-0.0044432
30.376,-0.0051187
30.386,-0.0057656
30.396,-0.0063816
30.406,-0.0069642
30.416,-0.0075094
30.426,-0.0080079
30.436,-0.0084683
30.446,-0.0088953
30.456,-0.0092857
30.466,-0.0096369
30.476,-0.0099413
30.486,-0.010204
30.496,-0.010422
30.506,-0.010597
30.516,-0.010731
30.526,-0.010832
30.536,-0.010894
30.546,-0.01091
30.557,-0.010899
30.567,-0.010846
30.577,-0.010745
30.587,-0.010604
30.597,-0.010428
30.607,-0.010217
30.617,-0.0099708
30.627,-0.0096935
30.637,-0.0093871
30.647,-0.0090428
30.657,-0.0086702
30.667,-0.0082692
30.677,-0.0078425
30.687,-0.0073965
30.697,-0.0069311
30.707,-0.0064491
30.717,-0.0059528
30.727,-0.0054364
30.737,-0.0049094
30.747,-0.0043765
30.757,-0.003836
30.767,-0.0032794
30.777,-0.0027069
30.787,-0.0021179
30.797,-0.0015352
30.807,-0.00094838
30.817,-0.00036394
30.827,0.00022614
30.837,0.00081793
30.847,0.0014092
30.857,0.0019998
30.867,0.0025882
30.877,0.0031556
30.887,0.0037153
30.897,0.0042704
30.907,0.0048073
30.917,0.0053286
30.927,0.0058297
30.937,0.0063206
30.947,0.0068015
30.958,0.0072548
30.968,0.0076916
30.978,0.0081031
30.988,0.0084985
30.998,0.0088837
31.008,0.0092419
31.018,0.0095808
31.028,0.0098953
31.038,0.010196
31.048,0.010475
31.058,0.010728
31.068,0.01096
31.078,0.011175
31.088,0.011371
31.098,0.011546
31.108,0.0117
31.118,0.011841
31.128,0.011973
31.138,0.012091
31.148,0.012192
31.158,0.012286
31.168,0.012377
31.178,0.012461
31.188,0.012531
31.198,0.012594
31.208,0.012654
31.218,0.012722
31.228,0.012792
31.238,0.012873
31.248,0.012962
31.258,0.013063
31.268,0.013173
31.278,0.013298
31.288,0.013435
31.298,0.01359
31.308,0.013766
31.318,0.013967
31.328,0.014188
31.338,0.014425
31.348,0.014683
31.359,0.014971
31.369,0.015292
31.379,0.015633
31.389,0.016002
31.399,0.016405
31.409,0.016836
31.419,0.017296
31.429,0.017786
31.439,0.018293
31.449,0.01882
31.459,0.01937
31.469,0.019943
31.479,0.020534
31.489,0.021143
31.499,0.021763
31.509,0.022396
31.519,0.023032
31.529,0.023674
31.539,0.024321
31.549,0.02497
31.559,0.025625
31.569,0.026268
31.579,0.026892
31.589,0.027508
31.599,0.028107
31.609,0.028691
31.619,0.02925
31.629,0.02978
31.639,0.030281
31.649,0.030746
31.659,0.031172
31.669,0.031559
31.679,0.03191
31.689,0.032208
31.699,0.032464
31.709,0.032674
31.719,0.032832
31.729,0.032941
31.739,0.032985
31.749,0.032969
31.76,0.032903
31.77,0.032781
31.78,0.032601
31.79,0.032365
31.8,0.032064
31.81,0.031709
31.82,0.031294
31.83,0.030821
31.84,0.030284
31.85,0.029689
31.86,0.029044
31.87,0.028354
31.88,0.027616
31.89,0.026833
31.9,0.026018
31.91,0.025166
31.92,0.024274
31.93,0.023346
31.94,0.022389
31.95,0.021395
31.96,0.020371
31.97,0.019342
31.98,0.0183
31.99,0.017242
32,0.016166
32.01,0.015087
32.02,0.014001
32.03,0.012916
32.04,0.011841
32.05,0.010781
32.06,0.0097265
32.07,0.0086835
32.08,0.0076663
32.09,0.0066831
32.1,0.0057194
32.11,0.0047891
32.12,0.0038879
32.13,0.0030231
32.14,0.002199
32.151,0.0014145
32.161,0.0006735
32.171,-2.8368e-005
32.181,-0.00068249
32.191,-0.0012764
32.201,-0.0018183
32.211,-0.0023206
32.221,-0.0027751
32.231,-0.0031643
32.241,-0.0034998
32.251,-0.0037768
32.261,-0.0039986
32.271,-0.0041665
32.281,-0.0042759
32.291,-0.0043279
32.301,-0.0043088
32.311,-0.0042253
32.321,-0.0040926
32.331,-0.00391
32.341,-0.0036673
32.351,-0.0033583
32.361,-0.0029801
32.371,-0.0025552
32.381,-0.0020691
32.391,-0.0015236
32.401,-0.00091812
32.411,-0.00025394
32.421,0.00046226
32.431,0.0012256
32.441,0.0020422
32.451,0.0029118
32.461,0.0038303
32.471,0.0047978
32.481,0.0058199
32.491,0.0068853
32.501,0.0079816
32.511,0.0091147
32.521,0.010276
32.531,0.011481
32.541,0.012713
32.552,0.013966
32.562,0.015243
32.572,0.016557
32.582,0.017898
32.592,0.019244
32.602,0.020587
32.612,0.021947
32.622,0.023316
32.632,0.024682
32.642,0.026042
32.652,0.027398
32.662,0.028739
32.672,0.030065
32.682,0.031378
32.692,0.032667
32.702,0.033918
32.712,0.03514
32.722,0.036334
32.732,0.037485
32.742,0.038593
32.752,0.03967
32.762,0.040701
32.772,0.041683
32.782,0.042608
32.792,0.043489
32.802,0.044317
32.812,0.045078
32.822,0.045775
32.832,0.046418
32.842,0.047002
32.852,0.047526
32.862,0.047992
32.872,0.048406
32.882,0.04877
32.892,0.04908
32.902,0.049335
32.912,0.049527
32.922,0.049665
32.932,0.049766
32.942,0.049823
32.953,0.049835
32.963,0.049812
32.973,0.049756
32.983,0.049662
32.993,0.049533
33.003,0.049375
33.013,0.049187
33.023,0.048973
33.033,0.048749
33.043,0.048515
33.053,0.048276
33.063,0.048031
33.073,0.047785
33.083,0.047543
33.093,0.047303
33.103,0.047065
33.113,0.046843
33.123,0.046642
33.133,0.046457
33.143,0.046294
33.153,0.046149
33.163,0.046026
33.173,0.04593
33.183,0.04585
33.193,0.045793
33.203,0.045759
33.213,0.045748
33.223,0.045756
33.233,0.045775
33.243,0.045818
33.253,0.045882
33.263,0.045959
33.273,0.04605
33.283,0.046154
33.293,0.046269
33.303,0.046399
33.313,0.046528
33.323,0.046654
33.333,0.046776
33.343,0.046887
33.354,0.046985
33.364,0.047073
33.374,0.047144
33.384,0.047199
33.394,0.047216
33.404,0.047195
33.414,0.047133
33.424,0.047024
33.434,0.046867
33.444,0.046662
33.454,0.046413
33.464,0.046104
33.474,0.045734
33.484,0.045293
33.494,0.044783
33.504,0.0442
33.514,0.043556
33.524,0.042846
33.534,0.042063
33.544,0.041203
33.554,0.040274
33.564,0.039278
33.574,0.038214
33.584,0.03708
33.594,0.035866
33.604,0.034584
33.614,0.033238
33.624,0.031841
33.634,0.030386
33.644,0.028871
33.654,0.027314
33.664,0.025707
33.674,0.024063
33.684,0.022388
33.694,0.020686
33.704,0.018939
33.714,0.017171
33.724,0.015399
33.734,0.013615
33.744,0.011804
33.755,0.010002
33.765,0.0082171
33.775,0.0064273
33.785,0.0046573
33.795,0.0029103
33.805,0.0011973
33.815,-0.00048727
33.825,-0.0021362
33.835,-0.0037271
33.845,-0.0052582
33.855,-0.0067312
33.865,-0.0081438
33.875,-0.0094893
33.885,-0.01076
33.895,-0.011956
33.905,-0.013072
33.915,-0.014102
33.925,-0.015058
33.935,-0.015924
33.945,-0.016707
33.955,-0.017399
33.965,-0.01798
33.975,-0.018473
33.985,-0.018873
33.995,-0.019179
34.005,-0.019382
34.015,-0.01948
34.025,-0.01948
34.035,-0.01938
34.045,-0.019191
34.055,-0.018904
34.065,-0.018528
34.075,-0.018063
34.085,-0.017515
34.095,-0.016871
34.105,-0.016135
34.115,-0.015314
34.125,-0.014406
34.135,-0.013435
34.145,-0.012391
34.156,-0.011286
34.166,-0.010106
34.176,-0.0088627
34.186,-0.0075587
34.196,-0.0062026
34.206,-0.0047898
34.216,-0.0033337
34.226,-0.0018347
34.236,-0.00030263
34.246,0.0012615
34.256,0.0028492
34.266,0.0044732
34.276,0.0061086
34.286,0.0077597
34.296,0.0094242
34.306,0.0111
34.316,0.012781
34.326,0.014468
34.336,0.016144
34.346,0.017805
34.356,0.019458
34.366,0.021104
34.376,0.022709
34.386,0.024314
34.396,0.025897
34.406,0.027447
34.416,0.028956
34.426,0.030425
34.436,0.031864
34.446,0.033257
34.456,0.034619
34.466,0.03594
34.476,0.037207
34.486,0.038435
34.496,0.039602
34.506,0.040729
34.516,0.041804
34.526,0.042826
34.536,0.043796
34.547,0.044713
34.557,0.04558
34.567,0.046399
34.577,0.047155
34.587,0.047852
34.597,0.0485
34.607,0.049103
34.617,0.049654
34.627,0.050149
34.637,0.050593
34.647,0.050991
34.657,0.051343
34.667,0.051655
34.677,0.051933
34.687,0.052168
34.697,0.052364
34.707,0.05253
34.717,0.052668
34.727,0.052774
34.737,0.052851
34.747,0.052903
34.757,0.052936
34.767,0.05295
34.777,0.05294
34.787,0.052912
34.797,0.052871
34.807,0.05282
34.817,0.052761
34.827,0.052695
34.837,0.052632
34.847,0.052578
34.857,0.052523
34.867,0.052469
34.877,0.052412
34.887,0.052361
34.897,0.052321
34.907,0.052295
34.917,0.052285
34.927,0.052282
34.937,0.052292
34.948,0.05232
34.958,0.052367
34.968,0.052422
34.978,0.052496
34.988,0.052597
34.998,0.052716
35.008,0.052853
35.018,0.052995
35.028,0.053148
35.038,0.053318
35.048,0.053491
35.058,0.053681
35.068,0.05389
35.078,0.054113
35.088,0.054337
35.098,0.054571
35.108,0.05482
35.118,0.055072
35.128,0.05532
35.138,0.055567
35.148,0.055816
35.158,0.056059
35.168,0.056293
35.178,0.056522
35.188,0.056734
35.198,0.056931
35.208,0.057117
35.218,0.057274
35.228,0.057416
35.238,0.057535
35.248,0.057629
35.258,0.057689
35.268,0.057712
35.278,0.057698
35.288,0.057644
35.298,0.057558
35.308,0.057433
35.318,0.057261
35.328,0.057049
35.338,0.056792
35.349,0.056493
35.359,0.056148
35.369,0.055753
35.379,0.055305
35.389,0.054816
35.399,0.054279
35.409,0.053697
35.419,0.053065
35.429,0.052386
35.439,0.051661
35.449,0.050894
35.459,0.05007
35.469,0.049213
35.479,0.048326
35.489,0.047398
35.499,0.046426
35.509,0.045426
35.519,0.044396
35.529,0.043333
35.539,0.042244
35.549,0.041131
35.559,0.040002
35.569,0.038859
35.579,0.037707
35.589,0.036533
35.599,0.035336
35.609,0.034131
35.619,0.032925
35.629,0.031718
35.639,0.030508
35.649,0.0293
35.659,0.028086
35.669,0.026873
35.679,0.025665
35.689,0.024482
35.699,0.0233
35.709,0.022125
35.719,0.020981
35.729,0.019861
35.739,0.018758
35.75,0.017674
35.76,0.016611
35.77,0.015568
35.78,0.014563
35.79,0.013587
35.8,0.012641
35.81,0.011712
35.82,0.010812
35.83,0.0099366
35.84,0.009088
35.85,0.0082801
35.86,0.0075156
35.87,0.0067764
35.88,0.0060591
35.89,0.0053803
35.9,0.0047501
35.91,0.0041496
35.92,0.0035764
35.93,0.0030389
35.94,0.0025355
35.95,0.0020659
35.96,0.0016287
35.97,0.0012251
35.98,0.0008595
35.99,0.000523
36,0.00022184
36.01,-4.7053e-005
36.02,-0.00028202
36.03,-0.00049657
36.04,-0.00068857
36.05,-0.00084712
36.06,-0.0009638
36.07,-0.0010434
36.08,-0.0010997
36.09,-0.0011219
36.1,-0.0011104
36.11,-0.0010687
36.12,-0.0010028
36.13,-0.00090845
36.14,-0.00079499
36.151,-0.00066046
36.161,-0.00050196
36.171,-0.00031924
36.181,-0.00010896
36.191,0.00012187
36.201,0.00037301
36.211,0.00064779
36.221,0.00094318
36.231,0.0012519
36.241,0.0015715
36.251,0.0019049
36.261,0.0022472
36.271,0.0026056
36.281,0.002972
36.291,0.0033413
36.301,0.0037203
36.311,0.0040963
36.321,0.0044677
36.331,0.0048389
36.341,0.0052069
36.351,0.0055685
36.361,0.0059228
36.371,0.0062763
36.381,0.0066342
36.391,0.006975
36.401,0.0073013
36.411,0.0076167
36.421,0.0079231
36.431,0.0082167
36.441,0.0084944
36.451,0.00876
36.461,0.009019
36.471,0.009253
36.481,0.0094633
36.491,0.009658
36.501,0.0098424
36.511,0.010013
36.521,0.010167
36.531,0.010305
36.541,0.010423
36.552,0.010528
36.562,0.010624
36.572,0.010715
36.582,0.010793
36.592,0.010858
36.602,0.01092
36.612,0.010986
36.622,0.01105
36.632,0.011107
36.642,0.011169
36.652,0.011233
36.662,0.011319
36.672,0.011412
36.682,0.011505
36.692,0.011596
36.702,0.011696
36.712,0.011805
36.722,0.011925
36.732,0.012055
36.742,0.012203
36.752,0.012366
36.762,0.012545
36.772,0.012732
36.782,0.012939
36.792,0.013172
36.802,0.013424
36.812,0.013704
36.822,0.013979
36.832,0.014298
36.842,0.01464
36.852,0.014988
36.862,0.015353
36.872,0.015716
36.882,0.016045
36.892,0.016365
36.902,0.016676
36.912,0.016961
36.922,0.017242
36.932,0.017489
36.943,0.017722
36.953,0.017948
36.963,0.018144
36.973,0.018319
36.983,0.01846
36.993,0.018575
37.003,0.018648
37.013,0.018683
37.023,0.018695
37.033,0.018648
37.043,0.018564
37.053,0.01841
37.063,0.018212
37.073,0.017977
37.083,0.01771
37.093,0.01738
37.103,0.016994
37.113,0.016575
37.123,0.016108
37.133,0.015581
37.143,0.015017
37.153,0.014456
37.163,0.013811
37.173,0.013117
37.183,0.012392
37.193,0.011586
37.203,0.010734
37.213,0.0098984
37.223,0.0090068
37.233,0.0080987
37.243,0.0071548
37.253,0.0061638
37.263,0.0051217
37.273,0.0040479
37.283,0.0029434
37.293,0.0017998
37.303,0.0006286
37.313,-0.00054771
37.323,-0.0017457
37.333,-0.0029467
37.344,-0.0041553
37.354,-0.0053677
37.364,-0.006597
37.374,-0.0078198
37.384,-0.0090288
37.394,-0.010248
37.404,-0.011452
37.414,-0.012612
37.424,-0.013796
37.434,-0.014962
37.444,-0.016087
37.454,-0.017199
37.464,-0.018273
37.474,-0.019307
37.484,-0.020298
37.494,-0.021264
37.504,-0.022201
37.514,-0.02309
37.524,-0.02393
37.534,-0.024716
37.544,-0.025455
37.554,-0.026141
37.564,-0.026768
37.574,-0.027348
37.584,-0.027871
37.594,-0.028347
37.604,-0.028768
37.614,-0.029136
37.624,-0.029452
37.634,-0.029718
37.644,-0.029935
37.654,-0.030092
37.664,-0.030205
37.674,-0.030275
37.684,-0.030298
37.694,-0.030265
37.704,-0.030194
37.714,-0.030081
37.724,-0.029922
37.734,-0.029726
37.745,-0.029497
37.755,-0.029227
37.765,-0.028921
37.775,-0.028575
37.785,-0.028192
37.795,-0.027778
37.805,-0.027347
37.815,-0.026883
37.825,-0.026382
37.835,-0.025852
37.845,-0.025307
37.855,-0.024725
37.865,-0.024112
37.875,-0.023469
37.885,-0.022806
37.895,-0.022122
37.905,-0.02142
37.915,-0.02069
37.925,-0.019948
37.935,-0.019184
37.945,-0.018407
37.955,-0.01761
37.965,-0.016782
37.975,-0.015931
37.985,-0.015065
37.995,-0.014183
38.005,-0.013297
38.015,-0.012398
38.025,-0.011492
38.035,-0.010566
38.045,-0.0096333
38.055,-0.008684
38.065,-0.0077268
38.075,-0.0067636
38.085,-0.005794
38.095,-0.0048291
38.105,-0.0038534
38.115,-0.0028807
38.125,-0.0019087
38.135,-0.00094574
38.146,1.7057e-005
38.156,0.001005
38.166,0.0019674
38.176,0.0029347
38.186,0.0039115
38.196,0.0048906
38.206,0.0058725
38.216,0.0068523
38.226,0.0078204
38.236,0.0087747
38.246,0.0097347
38.256,0.010696
38.266,0.011636
38.276,0.012577
38.286,0.013512
38.296,0.014434
38.306,0.015341
38.316,0.016247
38.326,0.017145
38.336,0.01803
38.346,0.018907
38.356,0.019772
38.366,0.02062
38.376,0.02144
38.386,0.022234
38.396,0.023016
38.406,0.023766
38.416,0.024488
38.426,0.0252
38.436,0.025889
38.446,0.026564
38.456,0.027211
38.466,0.027817
38.476,0.028396
38.486,0.028955
38.496,0.029476
38.506,0.029965
38.516,0.030426
38.526,0.030847
38.536,0.031239
38.547,0.031601
38.557,0.031918
38.567,0.03221
38.577,0.03247
38.587,0.032689
38.597,0.032881
38.607,0.033041
38.617,0.033161
38.627,0.033238
38.637,0.03329
38.647,0.033307
38.657,0.033287
38.667,0.033228
38.677,0.033137
38.687,0.033008
38.697,0.032834
38.707,0.032628
38.717,0.032379
38.727,0.032079
38.737,0.031745
38.747,0.031385
38.757,0.030995
38.767,0.030569
38.777,0.03011
38.787,0.029618
38.797,0.029101
38.807,0.028556
38.817,0.027987
38.827,0.027398
38.837,0.026777
38.847,0.026139
38.857,0.025467
38.867,0.024775
38.877,0.024063
38.887,0.02333
38.897,0.022583
38.907,0.021835
38.917,0.021077
38.927,0.020305
38.937,0.019535
38.948,0.018758
38.958,0.017979
38.968,0.017206
38.978,0.016422
38.988,0.015646
38.998,0.014877
39.008,0.014117
39.018,0.013352
39.028,0.012602
39.038,0.01186
39.048,0.011124
39.058,0.010399
39.068,0.0096993
39.078,0.0090108
39.088,0.0083436
39.098,0.007703
39.108,0.0070975
39.118,0.0065048
39.128,0.0059364
39.138,0.0053891
39.148,0.0048704
39.158,0.0043802
39.168,0.0039137
39.178,0.0034734
39.188,0.0030734
39.198,0.0027005
39.208,0.0023639
39.218,0.0020593
39.228,0.001782
39.238,0.001535
39.248,0.0013275
39.258,0.0011537
39.268,0.0010173
39.278,0.00091637
39.288,0.0008438
39.298,0.00079682
39.308,0.00078252
39.318,0.00079277
39.328,0.00083947
39.339,0.00091838
39.349,0.0010316
39.359,0.0011752
39.369,0.0013479
39.379,0.0015605
39.389,0.00181
39.399,0.0020813
39.409,0.0023718
39.419,0.0026872
39.429,0.0030361
39.439,0.0034049
39.449,0.0037871
39.459,0.004193
39.469,0.0046221
39.479,0.0050682
39.489,0.005546
39.499,0.006041
39.509,0.0065535
39.519,0.007081
39.529,0.0076288
39.539,0.0081999
39.549,0.0087957
39.559,0.0094268
39.569,0.010064
39.579,0.010712
39.589,0.011374
39.599,0.012039
39.609,0.012722
39.619,0.013421
39.629,0.014127
39.639,0.014851
39.649,0.015585
39.659,0.016331
39.669,0.017098
39.679,0.01787
39.689,0.018652
39.699,0.019448
39.709,0.020244
39.719,0.021032
39.729,0.02183
39.74,0.022634
39.75,0.023446
39.76,0.024274
39.77,0.025101
39.78,0.025927
39.79,0.026763
39.8,0.027603
39.81,0.028443
39.82,0.02928
39.83,0.030116
39.84,0.030946
39.85,0.031777
39.86,0.032616
39.87,0.033447
39.88,0.034255
39.89,0.035057
39.9,0.035854
39.91,0.036632
39.92,0.037403
39.93,0.038159
39.94,0.038888
39.95,0.039595
39.96,0.040281
39.97,0.040953
39.98,0.041614
39.99,0.042255
40,0.042868
40.01,0.043462
40.02,0.044047
40.03,0.044608
40.04,0.045154
40.05,0.045681
40.06,0.046181
40.07,0.046658
40.08,0.047118
40.09,0.047562
40.1,0.047985
40.11,0.048401
40.12,0.048789
40.13,0.04915
40.141,0.049501
40.151,0.049838
40.161,0.050153
40.171,0.050454
40.181,0.050747
40.191,0.051023
40.201,0.051278
40.211,0.051505
40.221,0.051725
40.231,0.051949
40.241,0.052158
40.251,0.052349
40.261,0.052522
40.271,0.05269
40.281,0.052855
40.291,0.05302
40.301,0.053167
40.311,0.053305
40.321,0.053439
40.331,0.053563
40.341,0.053674
40.351,0.05378
40.361,0.053875
40.371,0.053964
40.381,0.054056
40.391,0.054139
40.401,0.054215
40.411,0.054273
40.421,0.054322
40.431,0.054378
40.441,0.054416
40.451,0.054438
40.461,0.054464
40.471,0.054479
40.481,0.05448
40.491,0.054473
40.501,0.054458
40.511,0.054425
40.521,0.054378
40.531,0.054318
40.542,0.05424
40.552,0.054141
40.562,0.054032
40.572,0.053908
40.582,0.053756
40.592,0.053592
40.602,0.053427
40.612,0.053234
40.622,0.053016
40.632,0.052781
40.642,0.052535
40.652,0.052279
40.662,0.052009
40.672,0.051715
40.682,0.051412
40.692,0.051108
40.702,0.050796
40.712,0.050476
40.722,0.050154
40.732,0.049827
40.742,0.049498
40.752,0.049154
40.762,0.048805
40.772,0.048452
40.782,0.048101
40.792,0.047738
40.802,0.047386
40.812,0.047032
40.822,0.046692
40.832,0.04634
40.842,0.04599
40.852,0.045659
40.862,0.045333
40.872,0.045014
40.882,0.044716
40.892,0.044422
40.902,0.044129
40.912,0.043849
40.922,0.043591
40.932,0.043343
40.943,0.043103
40.953,0.042865
40.963,0.042632
40.973,0.042418
40.983,0.042214
40.993,0.042025
41.003,0.041849
41.013,0.041684
41.023,0.041526
41.033,0.041378
41.043,0.041239
41.053,0.041114
41.063,0.040995
41.073,0.040879
41.083,0.040769
41.093,0.040656
41.103,0.040551
41.113,0.040446
41.123,0.040329
41.133,0.040215
41.143,0.040096
41.153,0.039964
41.163,0.039833
41.173,0.039701
41.183,0.039558
41.193,0.039408
41.203,0.039251
41.213,0.039091
41.223,0.038921
41.233,0.038737
41.243,0.038551
41.253,0.038349
41.263,0.038135
41.273,0.037902
41.283,0.037643
41.293,0.03738
41.303,0.037097
41.313,0.036808
41.323,0.036503
41.333,0.036181
41.344,0.035846
41.354,0.035502
41.364,0.035156
41.374,0.034827
41.384,0.034484
41.394,0.03413
41.404,0.033783
41.414,0.033433
41.424,0.033084
41.434,0.032741
41.444,0.0324
41.454,0.032064
41.464,0.031749
41.474,0.031435
41.484,0.031129
41.494,0.030838
41.504,0.030568
41.514,0.030305
41.524,0.030056
41.534,0.029821
41.544,0.029605
41.554,0.029422
41.564,0.029262
41.574,0.029119
41.584,0.029013
41.594,0.028932
41.604,0.028879
41.614,0.028868
41.624,0.028873
41.634,0.0289
41.644,0.028959
41.654,0.029042
41.664,0.029153
41.674,0.029294
41.684,0.02947
41.694,0.029672
41.704,0.029902
41.714,0.030162
41.724,0.03045
41.735,0.030782
41.745,0.03114
41.755,0.031518
41.765,0.031922
41.775,0.032359
41.785,0.032822
41.795,0.033295
41.805,0.033796
41.815,0.034325
41.825,0.034861
41.835,0.035416
41.845,0.035991
41.855,0.036582
41.865,0.037193
41.875,0.037822
41.885,0.038456
41.895,0.039094
41.905,0.039756
41.915,0.040424
41.925,0.041095
41.935,0.041771
41.945,0.042454
41.955,0.043133
41.965,0.04382
41.975,0.04451
41.985,0.045192
41.995,0.045872
42.005,0.046539
42.015,0.047197
42.025,0.047853
42.035,0.048497
42.045,0.049126
42.055,0.049738
42.065,0.050329
42.075,0.050904
42.085,0.051472
42.095,0.052029
42.105,0.052567
42.115,0.053086
42.125,0.053576
42.136,0.054037
42.146,0.054462
42.156,0.054852
42.166,0.055227
42.176,0.055585
42.186,0.055904
42.196,0.056182
42.206,0.056429
42.216,0.056648
42.226,0.056835
42.236,0.056987
42.246,0.057109
42.256,0.057194
42.266,0.057235
42.276,0.057252
42.286,0.057228
42.296,0.057171
42.306,0.057074
42.316,0.056941
42.326,0.05677
42.336,0.056563
42.346,0.056323
42.356,0.05605
42.366,0.055748
42.376,0.055409
42.386,0.055031
42.396,0.054638
42.406,0.054218
42.416,0.053767
42.426,0.053307
42.436,0.052829
42.446,0.052331
42.456,0.051807
42.466,0.051262
42.476,0.050717
42.486,0.050142
42.496,0.049537
42.506,0.048927
42.516,0.048307
42.526,0.047683
42.537,0.047047
42.547,0.046399
42.557,0.045755
42.567,0.045117
42.577,0.044471
42.587,0.04382
42.597,0.043188
42.607,0.042575
42.617,0.04196
42.627,0.041338
42.637,0.040725
42.647,0.040109
42.657,0.039505
42.667,0.038915
42.677,0.038305
42.687,0.037714
42.697,0.037125
42.707,0.036534
42.717,0.035939
42.727,0.035352
42.737,0.03477
42.747,0.034188
42.757,0.033608
42.767,0.033019
42.777,0.03243
42.787,0.031845
42.797,0.031248
42.807,0.030648
42.817,0.030063
42.827,0.029454
42.837,0.028831
42.847,0.028198
42.857,0.027557
42.867,0.026909
42.877,0.026256
42.887,0.025599
42.897,0.024934
42.907,0.024259
42.917,0.023581
42.927,0.022893
42.938,0.022193
42.948,0.021491
42.958,0.020789
42.968,0.02008
42.978,0.01938
42.988,0.018694
42.998,0.018005
43.008,0.017318
43.018,0.016634
43.028,0.015967
43.038,0.015311
43.048,0.014665
43.058,0.014025
43.068,0.0134
43.078,0.012804
43.088,0.012236
43.098,0.011699
43.108,0.011197
43.118,0.010722
43.128,0.01029
43.138,0.0098938
43.148,0.0095281
43.158,0.0091986
43.168,0.0089077
43.178,0.008656
43.188,0.008458
43.198,0.0083078
43.208,0.0082157
43.218,0.0081671
43.228,0.0081648
43.238,0.0082257
43.248,0.0083405
43.258,0.0084996
43.268,0.0087043
43.278,0.0089722
43.288,0.0093019
43.298,0.0096854
43.308,0.010108
43.318,0.01057
43.328,0.011073
43.339,0.011619
43.349,0.012211
43.359,0.012834
43.369,0.013514
43.379,0.014224
43.389,0.014955
43.399,0.015723
43.409,0.016528
43.419,0.017356
43.429,0.0182
43.439,0.019062
43.449,0.019945
43.459,0.020828
43.469,0.021717
43.479,0.022617
43.489,0.023529
43.499,0.024431
43.509,0.025343
43.519,0.026244
43.529,0.027126
43.539,0.028006
43.549,0.028863
43.559,0.029705
43.569,0.030529
43.579,0.031326
43.589,0.032113
43.599,0.032873
43.609,0.033608
43.619,0.034314
43.629,0.034982
43.639,0.035613
43.649,0.036215
43.659,0.03678
43.669,0.037315
43.679,0.0378
43.689,0.038244
43.699,0.038643
43.709,0.039008
43.719,0.039345
43.729,0.039636
43.74,0.039882
43.75,0.04008
43.76,0.040231
43.77,0.040318
43.78,0.040346
43.79,0.040335
43.8,0.04027
43.81,0.040165
43.82,0.040005
43.83,0.039796
43.84,0.039543
43.85,0.039247
43.86,0.038917
43.87,0.038527
43.88,0.038096
43.89,0.037628
43.9,0.037087
43.91,0.036504
43.92,0.035867
43.93,0.035175
43.94,0.034437
43.95,0.033663
43.96,0.032851
43.97,0.031994
43.98,0.031112
43.99,0.030188
44,0.02924
44.01,0.028246
44.02,0.027208
44.03,0.026138
44.04,0.025029
44.05,0.023883
44.06,0.022705
44.07,0.02151
44.08,0.02028
44.09,0.01902
44.1,0.017731
44.11,0.016432
44.12,0.015125
44.131,0.013794
44.141,0.012449
44.151,0.011086
44.161,0.0097062
44.171,0.0083051
44.181,0.006895
44.191,0.0054756
44.201,0.0040618
44.211,0.0026595
44.221,0.0012492
44.231,-0.00015285
44.241,-0.0015339
44.251,-0.0029293
44.261,-0.0042863
44.271,-0.0056251
44.281,-0.0069719
44.291,-0.008307
44.301,-0.0096314
44.311,-0.010929
44.321,-0.01221
44.331,-0.013492
44.341,-0.014755
44.351,-0.01598
44.361,-0.017171
44.371,-0.018346
44.381,-0.019485
44.391,-0.020612
44.401,-0.021702
44.411,-0.022773
44.421,-0.023813
44.431,-0.024809
44.441,-0.025779
44.451,-0.026728
44.461,-0.027647
44.471,-0.028533
44.481,-0.029377
44.491,-0.030193
44.501,-0.030994
44.511,-0.031761
44.521,-0.032489
44.532,-0.033187
44.542,-0.033858
44.552,-0.034507
44.562,-0.035146
44.572,-0.035772
44.582,-0.036385
44.592,-0.03699
44.602,-0.037579
44.612,-0.038157
44.622,-0.038712
44.632,-0.039275
44.642,-0.039811
44.652,-0.040351
44.662,-0.040893
44.672,-0.041405
44.682,-0.041908
44.692,-0.042422
44.702,-0.042929
44.712,-0.043435
44.722,-0.043951
44.732,-0.044477
44.742,-0.044999
44.752,-0.04553
44.762,-0.04607
44.772,-0.046608
44.782,-0.047165
44.792,-0.047738
44.802,-0.048307
44.812,-0.048891
44.822,-0.049472
44.832,-0.05006
44.842,-0.05064
44.852,-0.051235
44.862,-0.051824
44.872,-0.0524
44.882,-0.052969
44.892,-0.053519
44.902,-0.054085
44.912,-0.054639
44.922,-0.055176
44.933,-0.055711
44.943,-0.056223
44.953,-0.056716
44.963,-0.057182
44.973,-0.057619
44.983,-0.058049
44.993,-0.058453
45.003,-0.05883
45.013,-0.059178
45.023,-0.059491
45.033,-0.05979
45.043,-0.060049
45.053,-0.060276
45.063,-0.060457
45.073,-0.060611
45.083,-0.060731
45.093,-0.060805
45.103,-0.060849
45.113,-0.060846
45.123,-0.060802
45.133,-0.060714
45.143,-0.060584
45.153,-0.060419
45.163,-0.060224
45.173,-0.059983
45.183,-0.059688
45.193,-0.059363
45.203,-0.059015
45.213,-0.058634
45.223,-0.058213
45.233,-0.05775
45.243,-0.057258
45.253,-0.056739
45.263,-0.056199
45.273,-0.055633
45.283,-0.055047
45.293,-0.054452
45.303,-0.053812
45.313,-0.053173
45.323,-0.05251
45.334,-0.05184
45.344,-0.051169
45.354,-0.050478
45.364,-0.049791
45.374,-0.049096
45.384,-0.048422
45.394,-0.047765
45.404,-0.047126
45.414,-0.0465
45.424,-0.045886
45.434,-0.04528
45.444,-0.044699
45.454,-0.04416
45.464,-0.043638
45.474,-0.043155
45.484,-0.042711
45.494,-0.042313
45.504,-0.041941
45.514,-0.041609
45.524,-0.041324
45.534,-0.041083
45.544,-0.040896
45.554,-0.040744
45.564,-0.040638
45.574,-0.040587
45.584,-0.040573
45.594,-0.040605
45.604,-0.040689
45.614,-0.040817
45.624,-0.040987
45.634,-0.041193
45.644,-0.041456
45.654,-0.041768
45.664,-0.042122
45.674,-0.042524
45.684,-0.042984
45.694,-0.043512
45.704,-0.044064
45.714,-0.044634
45.724,-0.045239
45.735,-0.045883
45.745,-0.046544
45.755,-0.047222
45.765,-0.047932
45.775,-0.048659
45.785,-0.049411
45.795,-0.050155
45.805,-0.050914
45.815,-0.051673
45.825,-0.05243
45.835,-0.053177
45.845,-0.053933
45.855,-0.054668
45.865,-0.05539
45.875,-0.056089
45.885,-0.05677
45.895,-0.057427
45.905,-0.058067
45.915,-0.058689
45.925,-0.059277
45.935,-0.059832
45.945,-0.060357
45.955,-0.060852
45.965,-0.061303
45.975,-0.061704
45.985,-0.062045
45.995,-0.062336
46.005,-0.062592
46.015,-0.062803
46.025,-0.062993
46.035,-0.063146
46.045,-0.063262
46.055,-0.063331
46.065,-0.063349
46.075,-0.063338
46.085,-0.06328
46.095,-0.063189
46.105,-0.06307
46.115,-0.06292
46.125,-0.062743
46.136,-0.062556
46.146,-0.062333
46.156,-0.062091
46.166,-0.06182
46.176,-0.061541
46.186,-0.061243
46.196,-0.060922
46.206,-0.060603
46.216,-0.060302
46.226,-0.060009
46.236,-0.059723
46.246,-0.05944
46.256,-0.059174
46.266,-0.05892
46.276,-0.058693
46.286,-0.058491
46.296,-0.058317
46.306,-0.058169
46.316,-0.058045
46.326,-0.057958
46.336,-0.057904
46.346,-0.057888
46.356,-0.057911
46.366,-0.057988
46.376,-0.058099
46.386,-0.058258
46.396,-0.058453
46.406,-0.058686
46.416,-0.058952
46.426,-0.059257
46.436,-0.059611
46.446,-0.060013
46.456,-0.060458
46.466,-0.060924
46.476,-0.061437
46.486,-0.061992
46.496,-0.062591
46.506,-0.063208
46.516,-0.063831
46.527,-0.064483
46.537,-0.065155
46.547,-0.065867
46.557,-0.066592
46.567,-0.067324
46.577,-0.068046
46.587,-0.06877
46.597,-0.069476
46.607,-0.070177
46.617,-0.070863
46.627,-0.071525
46.637,-0.072165
46.647,-0.072794
46.657,-0.073411
46.667,-0.074003
46.677,-0.074551
46.687,-0.075079
46.697,-0.075563
46.707,-0.076012
46.717,-0.076406
46.727,-0.076754
46.737,-0.077043
46.747,-0.077293
46.757,-0.077477
46.767,-0.077619
46.777,-0.077707
46.787,-0.077745
46.797,-0.077719
46.807,-0.077616
46.817,-0.077465
46.827,-0.077239
46.837,-0.076929
46.847,-0.076568
46.857,-0.076137
46.867,-0.075631
46.877,-0.075049
46.887,-0.074421
46.897,-0.073732
46.907,-0.072982
46.917,-0.072179
46.928,-0.071316
46.938,-0.070402
46.948,-0.069415
46.958,-0.068382
46.968,-0.067288
46.978,-0.066141
46.988,-0.064929
46.998,-0.063701
47.008,-0.062445
47.018,-0.061147
47.028,-0.059814
47.038,-0.058471
47.048,-0.057075
47.058,-0.055639
47.068,-0.05418
47.078,-0.05268
47.088,-0.051184
47.098,-0.049648
47.108,-0.048109
47.118,-0.046566
47.128,-0.045006
47.138,-0.043483
47.148,-0.041923
47.158,-0.040348
47.168,-0.038761
47.178,-0.037164
47.188,-0.035599
47.198,-0.034052
47.208,-0.032514
47.218,-0.031011
47.228,-0.029527
47.238,-0.028063
47.248,-0.02663
47.258,-0.02522
47.268,-0.023828
47.278,-0.022481
47.288,-0.021165
47.298,-0.019881
47.308,-0.018652
47.318,-0.017431
47.329,-0.016274
47.339,-0.015148
47.349,-0.014029
47.359,-0.012969
47.369,-0.011945
47.379,-0.010953
47.389,-0.0099977
47.399,-0.0090737
47.409,-0.0082145
47.419,-0.0074142
47.429,-0.0066285
47.439,-0.0058919
47.449,-0.0051842
47.459,-0.0045127
47.469,-0.0038858
47.479,-0.003306
47.489,-0.002757
47.499,-0.0022528
47.509,-0.001793
47.519,-0.0013666
47.529,-0.00096133
47.539,-0.000602
47.549,-0.00027116
47.559,2.3391e-005
47.569,0.00029192
47.579,0.00049881
47.589,0.00066512
47.599,0.00080341
47.609,0.00092995
47.619,0.0010087
47.629,0.0010647
47.639,0.0010921
47.649,0.0010986
47.659,0.0010839
47.669,0.0010393
47.679,0.000979
47.689,0.00090753
47.699,0.00079765
47.709,0.00064197
47.719,0.00045651
47.73,0.00026467
47.74,3.9111e-005
47.75,-0.00019632
47.76,-0.00043509
47.77,-0.00069071
47.78,-0.00095438
47.79,-0.0012536
47.8,-0.0015783
47.81,-0.0019073
47.82,-0.0022452
47.83,-0.0026069
47.84,-0.0029726
47.85,-0.0033299
47.86,-0.0037127
47.87,-0.0041161
47.88,-0.0045317
47.89,-0.0049479
47.9,-0.0053649
47.91,-0.0057786
47.92,-0.006203
47.93,-0.0066167
47.94,-0.0070204
47.95,-0.0074418
47.96,-0.0078775
47.97,-0.0083101
47.98,-0.0087431
47.99,-0.0091617
48,-0.0095878
48.01,-0.01001
48.02,-0.01043
48.03,-0.010852
48.04,-0.011274
48.05,-0.011697
48.06,-0.012117
48.07,-0.012538
48.08,-0.012953
48.09,-0.013328
48.1,-0.013716
48.11,-0.014076
48.12,-0.014438
48.131,-0.014785
48.141,-0.015125
48.151,-0.015439
48.161,-0.015743
48.171,-0.016042
48.181,-0.016334
48.191,-0.016605
48.201,-0.016828
48.211,-0.017049
48.221,-0.017259
48.231,-0.017444
48.241,-0.017611
48.251,-0.01776
48.261,-0.0179
48.271,-0.018025
48.281,-0.018128
48.291,-0.01822
48.301,-0.018308
48.311,-0.018355
48.321,-0.018371
48.331,-0.018346
48.341,-0.018298
48.351,-0.018235
48.361,-0.018143
48.371,-0.01802
48.381,-0.017868
48.391,-0.017688
48.401,-0.017474
48.411,-0.017246
48.421,-0.016969
48.431,-0.016664
48.441,-0.016313
48.451,-0.015919
48.461,-0.015504
48.471,-0.015037
48.481,-0.014547
48.491,-0.014008
48.501,-0.013453
48.511,-0.012853
48.521,-0.012239
48.532,-0.011582
48.542,-0.010901
48.552,-0.010195
48.562,-0.0094458
48.572,-0.008668
48.582,-0.0078245
48.592,-0.0069516
48.602,-0.0060545
48.612,-0.0051085
48.622,-0.0041324
48.632,-0.0031698
48.642,-0.00217
48.652,-0.0011267
48.662,-5.6288e-005
48.672,0.001035
48.682,0.0020984
48.692,0.003196
48.702,0.0042953
48.712,0.005379
48.722,0.0064818
48.732,0.0075792
48.742,0.0086657
48.752,0.0097704
48.762,0.010841
48.772,0.011905
48.782,0.012958
48.792,0.014039
48.802,0.015064
48.812,0.016092
48.822,0.017084
48.832,0.018027
48.842,0.018908
48.852,0.019755
48.862,0.020587
48.872,0.021366
48.882,0.022061
48.892,0.022679
48.902,0.02328
48.912,0.023819
48.923,0.0243
48.933,0.024703
48.943,0.025051
48.953,0.025329
48.963,0.025558
48.973,0.025707
48.983,0.025786
48.993,0.025807
49.003,0.025782
49.013,0.025692
49.023,0.025521
49.033,0.025286
49.043,0.024956
49.053,0.024569
49.063,0.024144
49.073,0.023658
49.083,0.02311
49.093,0.022475
49.103,0.021782
49.113,0.021007
49.123,0.020183
49.133,0.019337
49.143,0.018447
49.153,0.017479
49.163,0.016497
49.173,0.015497
49.183,0.014448
49.193,0.013382
49.203,0.012278
49.213,0.0111
49.223,0.0099254
49.233,0.0087602
49.243,0.0075648
49.253,0.0063496
49.263,0.0051126
49.273,0.0038205
49.283,0.0025675
49.293,0.0013302
49.303,9.7412e-005
49.313,-0.0011282
49.324,-0.0024057
49.334,-0.0036155
49.344,-0.0048504
49.354,-0.0060172
49.364,-0.0071647
49.374,-0.0083329
49.384,-0.0094544
49.394,-0.010575
49.404,-0.011658
49.414,-0.012697
49.424,-0.013694
49.434,-0.014666
49.444,-0.015602
49.454,-0.016501
49.464,-0.017354
49.474,-0.018206
49.484,-0.019028
49.494,-0.019806
49.504,-0.020525
49.514,-0.021184
49.524,-0.021823
49.534,-0.022417
49.544,-0.022987
49.554,-0.023563
49.564,-0.024085
49.574,-0.024502
49.584,-0.024902
49.594,-0.025276
49.604,-0.025631
49.614,-0.025949
49.624,-0.026205
49.634,-0.026418
49.644,-0.02657
49.654,-0.026711
49.664,-0.026851
49.674,-0.026877
49.684,-0.026944
49.694,-0.027004
49.704,-0.026996
49.714,-0.026943
49.725,-0.026856
49.735,-0.026779
49.745,-0.026645
49.755,-0.026429
49.765,-0.026189
49.775,-0.025933
49.785,-0.025665
49.795,-0.025363
49.805,-0.025047
49.815,-0.024722
49.825,-0.024397
49.835,-0.024052
49.845,-0.023701
49.855,-0.023337
49.865,-0.02286
49.875,-0.02237
49.885,-0.021882
49.895,-0.021348
49.905,-0.020756
49.915,-0.02009
49.925,-0.01937
49.935,-0.018595
49.945,-0.01777
49.955,-0.016878
49.965,-0.015945
49.975,-0.014844
49.985,-0.013889
49.995,-0.012771
50.005,-0.011659
50.015,-0.010623
50.025,-0.0094192
50.035,-0.0080662
50.045,-0.0066065
50.055,-0.0051556
50.065,-0.0035751
50.075,-0.0020251
50.085,-0.00039447
50.095,0.0015109
50.105,0.0031016
50.115,0.0019511
