0,0.0043312
0.010026,0.0022587
0.020051,0.0014281
0.030077,0.00063074
0.040103,0.00028797
0.050129,7.8039e-005
0.060154,-0.00012692
0.07018,-0.00037138
0.080206,-0.00055685
0.090232,-0.00073475
0.10026,-0.00097477
0.11028,-0.0011985
0.12031,-0.0014066
0.13033,-0.0015769
0.14036,-0.0017585
0.15039,-0.0019616
0.16041,-0.0020822
0.17044,-0.0021683
0.18046,-0.0023129
0.19049,-0.0025216
0.20051,-0.0026857
0.21054,-0.0027894
0.22057,-0.002936
0.23059,-0.0031058
0.24062,-0.003266
0.25064,-0.0034065
0.26067,-0.0034871
0.27069,-0.0036257
0.28072,-0.0037525
0.29075,-0.0038556
0.30077,-0.0039972
0.3108,-0.0041146
0.32082,-0.0042031
0.33085,-0.0042934
0.34087,-0.0044017
0.3509,-0.0045111
0.36093,-0.004612
0.37095,-0.0046759
0.38098,-0.0047287
0.391,-0.0047949
0.40103,-0.004855
0.41106,-0.0048934
0.42108,-0.0049542
0.43111,-0.0049518
0.44113,-0.0049974
0.45116,-0.0050371
0.46118,-0.0050702
0.47121,-0.0051051
0.48124,-0.0051924
0.49126,-0.0052355
0.50129,-0.0053102
0.51131,-0.0053782
0.52134,-0.0054113
0.53136,-0.0054473
0.54139,-0.0054775
0.55142,-0.0055112
0.56144,-0.0055384
0.57147,-0.0056209
0.58149,-0.0056376
0.59152,-0.0056199
0.60154,-0.0056249
0.61157,-0.0056321
0.6216,-0.0056564
0.63162,-0.0056871
0.64165,-0.0057335
0.65167,-0.0057792
0.6617,-0.0058314
0.67172,-0.0058388
0.68175,-0.0058402
0.69178,-0.0058108
0.7018,-0.0058126
0.71183,-0.0057961
0.72185,-0.0057818
0.73188,-0.0057937
0.7419,-0.0058159
0.75193,-0.0058475
0.76196,-0.0058986
0.77198,-0.0059066
0.78201,-0.0059323
0.79203,-0.0059443
0.80206,-0.0059839
0.81208,-0.0059846
0.82211,-0.0060009
0.83214,-0.0060059
0.84216,-0.0059877
0.85219,-0.0059853
0.86221,-0.0059831
0.87224,-0.0060103
0.88226,-0.0060339
0.89229,-0.0060377
0.90232,-0.0060382
0.91234,-0.0060613
0.92237,-0.0060634
0.93239,-0.0060492
0.94242,-0.0060234
0.95244,-0.0060362
0.96247,-0.0060655
0.9725,-0.0060712
0.98252,-0.0060905
0.99255,-0.0061001
1.0026,-0.0061251
1.0126,-0.0061398
1.0226,-0.0061377
1.0327,-0.0061723
1.0427,-0.0061887
1.0527,-0.0062001
1.0627,-0.0061904
1.0728,-0.0061491
1.0828,-0.0061374
1.0928,-0.0061424
1.1028,-0.0061479
1.1129,-0.0061501
1.1229,-0.0061612
1.1329,-0.00617
1.1429,-0.0061699
1.153,-0.0061778
1.163,-0.0061872
1.173,-0.006192
1.183,-0.0061894
1.1931,-0.006166
1.2031,-0.0061658
1.2131,-0.0061471
1.2231,-0.006176
1.2332,-0.0062006
1.2432,-0.0061895
1.2532,-0.0061768
1.2632,-0.0061715
1.2733,-0.0061634
1.2833,-0.0061767
1.2933,-0.0062088
1.3033,-0.0062182
1.3134,-0.0062395
1.3234,-0.0062709
1.3334,-0.0062852
1.3434,-0.0062897
1.3535,-0.0062838
1.3635,-0.0063084
1.3735,-0.0063218
1.3836,-0.0063257
1.3936,-0.0063375
1.4036,-0.0063244
1.4136,-0.0063246
1.4237,-0.0063037
1.4337,-0.0062758
1.4437,-0.006253
1.4537,-0.0062511
1.4638,-0.0062515
1.4738,-0.0062625
1.4838,-0.0062473
1.4938,-0.0062193
1.5039,-0.0061852
1.5139,-0.0061522
1.5239,-0.0061545
1.5339,-0.0061441
1.544,-0.0061617
1.554,-0.0061677
1.564,-0.0061736
1.574,-0.0061558
1.5841,-0.0061377
1.5941,-0.0061267
1.6041,-0.0061167
1.6141,-0.006088
1.6242,-0.0060586
1.6342,-0.0060257
1.6442,-0.0059976
1.6542,-0.0059854
1.6643,-0.0059596
1.6743,-0.0059253
1.6843,-0.0058916
1.6943,-0.0058634
1.7044,-0.0058343
1.7144,-0.0058061
1.7244,-0.0057806
1.7345,-0.0057576
1.7445,-0.0057247
1.7545,-0.0056908
1.7645,-0.0056747
1.7746,-0.0056381
1.7846,-0.0056029
1.7946,-0.0055536
1.8046,-0.0055066
1.8147,-0.0054746
1.8247,-0.0054532
1.8347,-0.0054198
1.8447,-0.0053905
1.8548,-0.0053476
1.8648,-0.0053186
1.8748,-0.0052743
1.8848,-0.0052436
1.8949,-0.0052003
1.9049,-0.0051633
1.9149,-0.0051081
1.9249,-0.0050904
1.935,-0.0050525
1.945,-0.0050403
1.955,-0.005003
1.965,-0.0049437
1.9751,-0.0048836
1.9851,-0.0048334
1.9951,-0.0047819
2.0051,-0.0047413
2.0152,-0.0046936
2.0252,-0.00464
2.0352,-0.0045938
2.0452,-0.0045274
2.0553,-0.004464
2.0653,-0.0044165
2.0753,-0.0043639
2.0854,-0.0043047
2.0954,-0.0042374
2.1054,-0.0041782
2.1154,-0.004116
2.1255,-0.0040653
2.1355,-0.0040135
2.1455,-0.0039652
2.1555,-0.0039056
2.1656,-0.0038507
2.1756,-0.0038114
2.1856,-0.003766
2.1956,-0.0037105
2.2057,-0.003665
2.2157,-0.0036093
2.2257,-0.0035658
2.2357,-0.0035205
2.2458,-0.0034688
2.2558,-0.0034238
2.2658,-0.0033977
2.2758,-0.0033614
2.2859,-0.0033234
2.2959,-0.0032847
2.3059,-0.0032345
2.3159,-0.0031988
2.326,-0.0031565
2.336,-0.003101
2.346,-0.0030503
2.356,-0.0030121
2.3661,-0.0029677
2.3761,-0.0029315
2.3861,-0.0028889
2.3961,-0.0028614
2.4062,-0.0028255
2.4162,-0.002789
2.4262,-0.0027534
2.4363,-0.0027298
2.4463,-0.0027097
2.4563,-0.0026817
2.4663,-0.0026802
2.4764,-0.0026706
2.4864,-0.002653
2.4964,-0.0026492
2.5064,-0.0026349
2.5165,-0.0025969
2.5265,-0.0025767
2.5365,-0.0025635
2.5465,-0.0025537
2.5566,-0.0025439
2.5666,-0.0025318
2.5766,-0.0025319
2.5866,-0.0025225
2.5967,-0.0024996
2.6067,-0.0024994
2.6167,-0.0024924
2.6267,-0.0024851
2.6368,-0.0024766
2.6468,-0.0024654
2.6568,-0.0024618
2.6668,-0.0024571
2.6769,-0.0024647
2.6869,-0.002439
2.6969,-0.0024237
2.7069,-0.0023927
2.717,-0.0023788
2.727,-0.0023698
2.737,-0.0023611
2.7471,-0.0023565
2.7571,-0.0023523
2.7671,-0.002356
2.7771,-0.0023489
2.7872,-0.0023401
2.7972,-0.0023451
2.8072,-0.0023643
2.8172,-0.0023621
2.8273,-0.0023582
2.8373,-0.0023683
2.8473,-0.00239
2.8573,-0.002404
2.8674,-0.0024267
2.8774,-0.0024376
2.8874,-0.0024467
2.8974,-0.002457
2.9075,-0.0024674
2.9175,-0.0024832
2.9275,-0.0024914
2.9375,-0.0024938
2.9476,-0.0024934
2.9576,-0.0024985
2.9676,-0.0024973
2.9776,-0.0024862
2.9877,-0.0024779
2.9977,-0.002472
3.0077,-0.0024686
3.0177,-0.0024652
3.0278,-0.0024646
3.0378,-0.0024566
3.0478,-0.0024537
3.0578,-0.0024358
3.0679,-0.0024267
3.0779,-0.0024087
3.0879,-0.0023954
3.098,-0.0023866
3.108,-0.0023683
3.118,-0.0023706
3.128,-0.002362
3.1381,-0.0023561
3.1481,-0.0023446
3.1581,-0.0023141
3.1681,-0.0022977
3.1782,-0.0022869
3.1882,-0.0022762
3.1982,-0.0022811
3.2082,-0.0022838
3.2183,-0.0022984
3.2283,-0.0023095
3.2383,-0.0023117
3.2483,-0.002311
3.2584,-0.0023141
3.2684,-0.0023176
3.2784,-0.0023113
3.2884,-0.0023029
3.2985,-0.002272
3.3085,-0.002238
3.3185,-0.0022064
3.3285,-0.0022019
3.3386,-0.0021917
3.3486,-0.0021734
3.3586,-0.0021765
3.3686,-0.0021861
3.3787,-0.0021889
3.3887,-0.0021935
3.3987,-0.0021956
3.4087,-0.0021742
3.4188,-0.0021405
3.4288,-0.0021126
3.4388,-0.0020762
3.4489,-0.002062
3.4589,-0.0020438
3.4689,-0.0020156
3.4789,-0.0019922
3.489,-0.0019726
3.499,-0.0019352
3.509,-0.0018877
3.519,-0.0018536
3.5291,-0.0018274
3.5391,-0.0018012
3.5491,-0.0017679
3.5591,-0.0017424
3.5692,-0.0017117
3.5792,-0.0016961
3.5892,-0.0016641
3.5992,-0.0016337
3.6093,-0.0015874
3.6193,-0.001548
3.6293,-0.0014983
3.6393,-0.0014432
3.6494,-0.0014029
3.6594,-0.0013535
3.6694,-0.0013056
3.6794,-0.0012598
3.6895,-0.001209
3.6995,-0.001163
3.7095,-0.0011098
3.7195,-0.001058
3.7296,-0.001018
3.7396,-0.00097366
3.7496,-0.00092346
3.7596,-0.00087516
3.7697,-0.00082996
3.7797,-0.00079313
3.7897,-0.00075662
3.7998,-0.00072181
3.8098,-0.00068335
3.8198,-0.00064576
3.8298,-0.00060704
3.8399,-0.00057127
3.8499,-0.00054217
3.8599,-0.00050349
3.8699,-0.0004623
3.88,-0.00041892
3.89,-0.00037943
3.9,-0.00034301
3.91,-0.00030604
3.9201,-0.00027591
3.9301,-0.00023934
3.9401,-0.00017581
3.9501,-0.00011849
3.9602,-6.3028e-005
3.9702,3.3473e-007
3.9802,5.472e-005
3.9902,0.00011603
4.0003,0.00016741
4.0103,0.0002049
4.0203,0.00024772
4.0303,0.00029334
4.0404,0.00034471
4.0504,0.00039493
4.0604,0.00044425
4.0704,0.00049476
4.0805,0.00054618
4.0905,0.0005956
4.1005,0.0006489
4.1106,0.00071392
4.1206,0.00077213
4.1306,0.00082676
4.1406,0.00088421
4.1507,0.00093214
4.1607,0.00098245
4.1707,0.0010342
4.1807,0.0010749
4.1908,0.0011209
4.2008,0.0011641
4.2108,0.0012171
4.2208,0.0012759
4.2309,0.0013263
4.2409,0.0013802
4.2509,0.0014279
4.2609,0.0014705
4.271,0.0015279
4.281,0.001578
4.291,0.0016227
4.301,0.0016604
4.3111,0.0016974
4.3211,0.00175
4.3311,0.0018121
4.3411,0.0018803
4.3512,0.0019522
4.3612,0.0020089
4.3712,0.0020757
4.3812,0.0021437
4.3913,0.002214
4.4013,0.0022862
4.4113,0.0023655
4.4213,0.0024501
4.4314,0.0025303
4.4414,0.0025974
4.4514,0.0026716
4.4615,0.0027316
4.4715,0.0027798
4.4815,0.0028226
4.4915,0.0028488
4.5016,0.0028857
4.5116,0.0029282
4.5216,0.0029737
4.5316,0.0030217
4.5417,0.0030734
4.5517,0.0031289
4.5617,0.0031965
4.5717,0.0032587
4.5818,0.0033202
4.5918,0.003376
4.6018,0.003447
4.6118,0.003529
4.6219,0.0035901
4.6319,0.0036462
4.6419,0.0036967
4.6519,0.0037383
4.662,0.003792
4.672,0.0038372
4.682,0.0038633
4.692,0.0039022
4.7021,0.0039415
4.7121,0.0039714
4.7221,0.0040131
4.7321,0.0040534
4.7422,0.0040983
4.7522,0.0041509
4.7622,0.0042068
4.7722,0.0042675
4.7823,0.0043253
4.7923,0.0043776
4.8023,0.004423
4.8124,0.0044801
4.8224,0.0045464
4.8324,0.004597
4.8424,0.0046486
4.8525,0.0046956
4.8625,0.0047559
4.8725,0.0048221
4.8825,0.0048757
4.8926,0.0049181
4.9026,0.004961
4.9126,0.0050096
4.9226,0.0050588
4.9327,0.0051131
4.9427,0.0051639
4.9527,0.0052081
4.9627,0.0052555
4.9728,0.0052997
4.9828,0.0053542
4.9928,0.0054093
5.0028,0.0054802
5.0129,0.0055269
5.0229,0.0055784
5.0329,0.0056122
5.0429,0.0056477
5.053,0.0056922
5.063,0.0057292
5.073,0.0057683
5.083,0.0058079
5.0931,0.0058424
5.1031,0.0058699
5.1131,0.0059048
5.1231,0.0059495
5.1332,0.0059944
5.1432,0.0060499
5.1532,0.0061037
5.1633,0.0061489
5.1733,0.0061966
5.1833,0.0062395
5.1933,0.0062863
5.2034,0.0063246
5.2134,0.0063466
5.2234,0.006389
5.2334,0.0064266
5.2435,0.0064802
5.2535,0.0065482
5.2635,0.0065978
5.2735,0.0066362
5.2836,0.0066643
5.2936,0.0066846
5.3036,0.0067121
5.3136,0.0067383
5.3237,0.006754
5.3337,0.0067795
5.3437,0.0068205
5.3537,0.0068583
5.3638,0.0068936
5.3738,0.0069363
5.3838,0.0069717
5.3938,0.0070177
5.4039,0.0070754
5.4139,0.0071216
5.4239,0.0071638
5.4339,0.0072166
5.444,0.0072573
5.454,0.0073006
5.464,0.0073392
5.474,0.0073816
5.4841,0.0074192
5.4941,0.0074568
5.5041,0.0074896
5.5142,0.0075222
5.5242,0.0075588
5.5342,0.0076021
5.5442,0.0076498
5.5543,0.0077007
5.5643,0.0077583
5.5743,0.0078036
5.5843,0.0078537
5.5944,0.0079015
5.6044,0.0079469
5.6144,0.0079803
5.6244,0.0080196
5.6345,0.0080522
5.6445,0.0080847
5.6545,0.0081288
5.6645,0.0081701
5.6746,0.0082127
5.6846,0.0082585
5.6946,0.008306
5.7046,0.0083379
5.7147,0.0083736
5.7247,0.0084194
5.7347,0.0084689
5.7447,0.0085202
5.7548,0.0085669
5.7648,0.0085986
5.7748,0.0086246
5.7848,0.0086662
5.7949,0.0087141
5.8049,0.0087478
5.8149,0.0087777
5.825,0.0088103
5.835,0.008849
5.845,0.0088957
5.855,0.0089429
5.8651,0.0089781
5.8751,0.0090223
5.8851,0.0090674
5.8951,0.009121
5.9052,0.009173
5.9152,0.0092229
5.9252,0.0092835
5.9352,0.0093382
5.9453,0.0093813
5.9553,0.0094301
5.9653,0.0094746
5.9753,0.0095161
5.9854,0.0095617
5.9954,0.0096106
6.0054,0.0096638
6.0154,0.0097055
6.0255,0.0097531
6.0355,0.0098071
6.0455,0.0098558
6.0555,0.009912
6.0656,0.0099482
6.0756,0.0099721
6.0856,0.010003
6.0956,0.010046
6.1057,0.010088
6.1157,0.010142
6.1257,0.010186
6.1357,0.010235
6.1458,0.010291
6.1558,0.010346
6.1658,0.010409
6.1759,0.010464
6.1859,0.010517
6.1959,0.010564
6.2059,0.01061
6.216,0.010656
6.226,0.010703
6.236,0.010756
6.246,0.0108
6.2561,0.010846
6.2661,0.010888
6.2761,0.010934
6.2861,0.010997
6.2962,0.011057
6.3062,0.011108
6.3162,0.011163
6.3262,0.011215
6.3363,0.011271
6.3463,0.011326
6.3563,0.011369
6.3663,0.011422
6.3764,0.011463
6.3864,0.011509
6.3964,0.011553
6.4064,0.011599
6.4165,0.01165
6.4265,0.011697
6.4365,0.011741
6.4465,0.011798
6.4566,0.011854
6.4666,0.011919
6.4766,0.011978
6.4866,0.01203
6.4967,0.012071
6.5067,0.012119
6.5167,0.012162
6.5268,0.012199
6.5368,0.01224
6.5468,0.012278
6.5568,0.01232
6.5669,0.012363
6.5769,0.012418
6.5869,0.012493
6.5969,0.01255
6.607,0.012594
6.617,0.01264
6.627,0.012691
6.637,0.012753
6.6471,0.012801
6.6571,0.012856
6.6671,0.012908
6.6771,0.012965
6.6872,0.013027
6.6972,0.013061
6.7072,0.013087
6.7172,0.013116
6.7273,0.013163
6.7373,0.013213
6.7473,0.013279
6.7573,0.013331
6.7674,0.013377
6.7774,0.013416
6.7874,0.013442
6.7974,0.013487
6.8075,0.013541
6.8175,0.013593
6.8275,0.013643
6.8375,0.013703
6.8476,0.013761
6.8576,0.013817
6.8676,0.013867
6.8777,0.013922
6.8877,0.013967
6.8977,0.014021
6.9077,0.014071
6.9178,0.014123
6.9278,0.014173
6.9378,0.014222
6.9478,0.014276
6.9579,0.014332
6.9679,0.014381
6.9779,0.014422
6.9879,0.014454
6.998,0.014482
7.008,0.014514
7.018,0.014534
7.028,0.014546
7.0381,0.014568
7.0481,0.0146
7.0581,0.014629
7.0681,0.014667
7.0782,0.014686
7.0882,0.014697
7.0982,0.014713
7.1082,0.014737
7.1183,0.014756
7.1283,0.014787
7.1383,0.014816
7.1483,0.014834
7.1584,0.014852
7.1684,0.014862
7.1784,0.014892
7.1884,0.014924
7.1985,0.01495
7.2085,0.014978
7.2185,0.014998
7.2286,0.01505
7.2386,0.015078
7.2486,0.015107
7.2586,0.015115
7.2687,0.015122
7.2787,0.015128
7.2887,0.015137
7.2987,0.015147
7.3088,0.015153
7.3188,0.015174
7.3288,0.015186
7.3388,0.015213
7.3489,0.015219
7.3589,0.015237
7.3689,0.015242
7.3789,0.015241
7.389,0.015246
7.399,0.015252
7.409,0.015247
7.419,0.015235
7.4291,0.01525
7.4391,0.015266
7.4491,0.015285
7.4591,0.015297
7.4692,0.015307
7.4792,0.015334
7.4892,0.015339
7.4992,0.015337
7.5093,0.015339
7.5193,0.015329
7.5293,0.015321
7.5394,0.015322
7.5494,0.015308
7.5594,0.015313
7.5694,0.015304
7.5795,0.015275
7.5895,0.015263
7.5995,0.015278
7.6095,0.015281
7.6196,0.015284
7.6296,0.015249
7.6396,0.015238
7.6496,0.015211
7.6597,0.015184
7.6697,0.015205
7.6797,0.015153
7.6897,0.015148
7.6998,0.015088
7.7098,0.015094
7.7198,0.015043
7.7298,0.015011
7.7399,0.014951
7.7499,0.014928
7.7599,0.014856
7.7699,0.014833
7.78,0.014799
7.79,0.014757
7.8,0.014731
7.81,0.014688
7.8201,0.014666
7.8301,0.01462
7.8401,0.014569
7.8501,0.014513
7.8602,0.014446
7.8702,0.014422
7.8802,0.014389
7.8903,0.014324
7.9003,0.014219
7.9103,0.014141
7.9203,0.014096
7.9304,0.014043
7.9404,0.013971
7.9504,0.013911
7.9604,0.013826
7.9705,0.013726
7.9805,0.013622
7.9905,0.013526
8.0005,0.013454
8.0106,0.013347
8.0206,0.01327
8.0306,0.013158
8.0406,0.013062
8.0507,0.012962
8.0607,0.012865
8.0707,0.012786
8.0807,0.012721
8.0908,0.012639
8.1008,0.012556
8.1108,0.012469
8.1208,0.012385
8.1309,0.012317
8.1409,0.012223
8.1509,0.012131
8.1609,0.012046
8.171,0.011956
8.181,0.01188
8.191,0.011794
8.201,0.011702
8.2111,0.011611
8.2211,0.011531
8.2311,0.011453
8.2412,0.011403
8.2512,0.011352
8.2612,0.011296
8.2712,0.011249
8.2813,0.011195
8.2913,0.011152
8.3013,0.011115
8.3113,0.011083
8.3214,0.011055
8.3314,0.011008
8.3414,0.010969
8.3514,0.010946
8.3615,0.010911
8.3715,0.010899
8.3815,0.010915
8.3915,0.010903
8.4016,0.010903
8.4116,0.010912
8.4216,0.010912
8.4316,0.010941
8.4417,0.010981
8.4517,0.010992
8.4617,0.011052
8.4717,0.011094
8.4818,0.01113
8.4918,0.011198
8.5018,0.011269
8.5118,0.011306
8.5219,0.011373
8.5319,0.011439
8.5419,0.01151
8.5519,0.011603
8.562,0.011688
8.572,0.011783
8.582,0.011876
8.5921,0.011959
8.6021,0.012041
8.6121,0.012129
8.6221,0.012237
8.6322,0.012321
8.6422,0.01245
8.6522,0.012551
8.6622,0.012638
8.6723,0.012734
8.6823,0.01283
8.6923,0.01292
8.7023,0.013026
8.7124,0.013138
8.7224,0.013227
8.7324,0.013311
8.7424,0.013397
8.7525,0.013512
8.7625,0.0136
8.7725,0.013682
8.7825,0.013812
8.7926,0.013883
8.8026,0.013988
8.8126,0.01408
8.8226,0.014175
8.8327,0.014231
8.8427,0.014298
8.8527,0.01436
8.8627,0.014422
8.8728,0.014511
8.8828,0.014572
8.8928,0.014651
8.9029,0.014712
8.9129,0.014739
8.9229,0.014825
8.9329,0.014912
8.943,0.014977
8.953,0.015061
8.963,0.015134
8.973,0.015201
8.9831,0.015256
8.9931,0.01532
9.0031,0.01537
9.0131,0.015408
9.0232,0.015465
9.0332,0.015484
9.0432,0.015522
9.0532,0.015534
9.0633,0.015547
9.0733,0.015558
9.0833,0.015554
9.0933,0.015546
9.1034,0.015547
9.1134,0.015527
9.1234,0.015512
9.1334,0.015491
9.1435,0.015453
9.1535,0.015415
9.1635,0.015381
9.1735,0.015347
9.1836,0.015299
9.1936,0.015259
9.2036,0.015205
9.2136,0.015154
9.2237,0.01509
9.2337,0.015024
9.2437,0.01497
9.2538,0.014896
9.2638,0.014816
9.2738,0.014724
9.2838,0.014642
9.2939,0.014556
9.3039,0.014465
9.3139,0.014375
9.3239,0.014284
9.334,0.014176
9.344,0.014078
9.354,0.013963
9.364,0.013848
9.3741,0.01374
9.3841,0.013632
9.3941,0.013511
9.4041,0.013376
9.4142,0.013256
9.4242,0.013129
9.4342,0.012996
9.4442,0.012869
9.4543,0.012737
9.4643,0.012617
9.4743,0.012488
9.4843,0.012365
9.4944,0.012235
9.5044,0.0121
9.5144,0.011979
9.5244,0.011852
9.5345,0.011721
9.5445,0.011594
9.5545,0.011464
9.5645,0.011329
9.5746,0.0112
9.5846,0.011076
9.5946,0.010947
9.6047,0.010822
9.6147,0.010695
9.6247,0.010559
9.6347,0.010424
9.6448,0.010289
9.6548,0.010151
9.6648,0.010015
9.6748,0.0098815
9.6849,0.0097467
9.6949,0.0096201
9.7049,0.0094888
9.7149,0.0093656
9.725,0.0092388
9.735,0.0091008
9.745,0.0089645
9.755,0.0088226
9.7651,0.0086777
9.7751,0.00853
9.7851,0.0083871
9.7951,0.008253
9.8052,0.008113
9.8152,0.0079763
9.8252,0.0078483
9.8352,0.0077117
9.8453,0.0075627
9.8553,0.0074076
9.8653,0.0072814
9.8753,0.0071443
9.8854,0.0070004
9.8954,0.0068534
9.9054,0.0067228
9.9154,0.0065968
9.9255,0.0064837
9.9355,0.0063663
9.9455,0.0062357
9.9556,0.00612
9.9656,0.0059911
9.9756,0.0058671
9.9856,0.0057485
9.9957,0.0056189
10.006,0.0054933
10.016,0.005366
10.026,0.0052288
10.036,0.0051085
10.046,0.0049816
10.056,0.0048519
10.066,0.004704
10.076,0.0045846
10.086,0.0044493
10.096,0.0043268
10.106,0.0042055
10.116,0.0040711
10.126,0.0039422
10.136,0.0038153
10.146,0.003689
10.156,0.0035663
10.166,0.0034456
10.176,0.0033212
10.186,0.0031995
10.196,0.0030745
10.206,0.0029568
10.216,0.00282
10.226,0.0026994
10.236,0.0025698
10.246,0.0024733
10.256,0.0023826
10.266,0.0022696
10.276,0.0021632
10.286,0.00205
10.296,0.0019473
10.306,0.0018351
10.316,0.0017449
10.327,0.001651
10.337,0.0015593
10.347,0.0014742
10.357,0.001384
10.367,0.0012807
10.377,0.0011804
10.387,0.0010856
10.397,0.00098991
10.407,0.00090797
10.417,0.00082065
10.427,0.00072133
10.437,0.00061532
10.447,0.00051568
10.457,0.00042859
10.467,0.00032165
10.477,0.00021259
10.487,0.00010135
10.497,3.5191e-007
10.507,-0.00010329
10.517,-0.00020329
10.527,-0.0002899
10.537,-0.00038119
10.547,-0.00046419
10.557,-0.00055082
10.567,-0.00064531
10.577,-0.00073934
10.587,-0.00082067
10.597,-0.00090631
10.607,-0.0010006
10.617,-0.0010927
10.627,-0.001181
10.637,-0.0012635
10.647,-0.001351
10.657,-0.001438
10.667,-0.0015188
10.677,-0.0016
10.687,-0.0016843
10.697,-0.0017779
10.707,-0.0018718
10.718,-0.0019565
10.728,-0.0020545
10.738,-0.0021477
10.748,-0.0022375
10.758,-0.0023301
10.768,-0.0024231
10.778,-0.0025189
10.788,-0.0026069
10.798,-0.0026886
10.808,-0.0027837
10.818,-0.0028775
10.828,-0.0029703
10.838,-0.003058
10.848,-0.0031445
10.858,-0.0032333
10.868,-0.0033126
10.878,-0.0034016
10.888,-0.0035003
10.898,-0.0035921
10.908,-0.0036796
10.918,-0.0037592
10.928,-0.0038494
10.938,-0.0039369
10.948,-0.0040185
10.958,-0.0041055
10.968,-0.0041954
10.978,-0.0042807
10.988,-0.0043656
10.998,-0.0044578
11.008,-0.0045522
11.018,-0.0046421
11.028,-0.0047244
11.038,-0.0048101
11.048,-0.0048927
11.058,-0.0049738
11.068,-0.0050447
11.078,-0.0051163
11.088,-0.0051908
11.098,-0.0052652
11.109,-0.005339
11.119,-0.0054129
11.129,-0.0054818
11.139,-0.0055408
11.149,-0.0056083
11.159,-0.005674
11.169,-0.0057337
11.179,-0.0057939
11.189,-0.0058575
11.199,-0.0059131
11.209,-0.0059559
11.219,-0.0060007
11.229,-0.0060508
11.239,-0.0060943
11.249,-0.0061283
11.259,-0.0061683
11.269,-0.0062177
11.279,-0.0062598
11.289,-0.0062909
11.299,-0.0063147
11.309,-0.0063446
11.319,-0.0063706
11.329,-0.0063988
11.339,-0.0064305
11.349,-0.0064541
11.359,-0.0064682
11.369,-0.0064811
11.379,-0.0064943
11.389,-0.006518
11.399,-0.0065242
11.409,-0.0065289
11.419,-0.0065125
11.429,-0.0065073
11.439,-0.006509
11.449,-0.0064966
11.459,-0.0064725
11.469,-0.0064598
11.479,-0.0064528
11.489,-0.0064334
11.5,-0.00642
11.51,-0.006422
11.52,-0.0064036
11.53,-0.0063915
11.54,-0.0063839
11.55,-0.0063828
11.56,-0.006384
11.57,-0.0063854
11.58,-0.0063897
11.59,-0.0063975
11.6,-0.0064027
11.61,-0.0064075
11.62,-0.0064062
11.63,-0.0064179
11.64,-0.0064292
11.65,-0.0064408
11.66,-0.0064574
11.67,-0.0064735
11.68,-0.0064908
11.69,-0.0065061
11.7,-0.0065321
11.71,-0.0065669
11.72,-0.0066062
11.73,-0.0066501
11.74,-0.0066874
11.75,-0.0067216
11.76,-0.0067577
11.77,-0.0068005
11.78,-0.0068461
11.79,-0.0068859
11.8,-0.0069295
11.81,-0.0069787
11.82,-0.0070196
11.83,-0.007061
11.84,-0.0070981
11.85,-0.0071305
11.86,-0.007159
11.87,-0.0071865
11.88,-0.0072064
11.891,-0.0072268
11.901,-0.0072459
11.911,-0.0072612
11.921,-0.0072682
11.931,-0.0072719
11.941,-0.0072753
11.951,-0.007272
11.961,-0.0072573
11.971,-0.0072384
11.981,-0.0072124
11.991,-0.0071779
12.001,-0.0071246
12.011,-0.0070692
12.021,-0.007003
12.031,-0.00693
12.041,-0.0068505
12.051,-0.0067573
12.061,-0.0066537
12.071,-0.0065356
12.081,-0.0064071
12.091,-0.0062557
12.101,-0.0060968
12.111,-0.0059341
12.121,-0.0057543
12.131,-0.0055523
12.141,-0.0053268
12.151,-0.0050905
12.161,-0.0048527
12.171,-0.0045975
12.181,-0.0043324
12.191,-0.0040584
12.201,-0.0037789
12.211,-0.0035132
12.221,-0.0032337
12.231,-0.0029525
12.241,-0.0026794
12.251,-0.0024145
12.261,-0.0021498
12.271,-0.0018867
12.282,-0.0016318
12.292,-0.0013822
12.302,-0.0011272
12.312,-0.0008779
12.322,-0.00063777
12.332,-0.00040386
12.342,-0.000189
12.352,1.6179e-005
12.362,0.00020713
12.372,0.00038662
12.382,0.00054023
12.392,0.00066738
12.402,0.00077985
12.412,0.00087097
12.422,0.00093467
12.432,0.00096723
12.442,0.0009847
12.452,0.00096885
12.462,0.0009193
12.472,0.00084828
12.482,0.00073413
12.492,0.00056713
12.502,0.00037985
12.512,0.00015257
12.522,-9.9835e-005
12.532,-0.00039599
12.542,-0.00072311
12.552,-0.0011024
12.562,-0.0015192
12.572,-0.0019703
12.582,-0.0024668
12.592,-0.0029926
12.602,-0.003566
12.612,-0.0041863
12.622,-0.0048415
12.632,-0.0055519
12.642,-0.0062822
12.652,-0.0070644
12.662,-0.0078589
12.673,-0.0087023
12.683,-0.0095925
12.693,-0.010448
12.703,-0.011382
12.713,-0.01233
12.723,-0.013309
12.733,-0.014349
12.743,-0.015419
12.753,-0.016469
12.763,-0.01756
12.773,-0.018652
12.783,-0.019773
12.793,-0.020881
12.803,-0.021983
12.813,-0.023124
12.823,-0.024269
12.833,-0.02542
12.843,-0.026557
12.853,-0.027676
12.863,-0.028913
12.873,-0.030119
12.883,-0.031207
12.893,-0.032399
12.903,-0.033461
12.913,-0.034552
12.923,-0.035656
12.933,-0.036558
12.943,-0.037523
12.953,-0.038456
12.963,-0.039309
12.973,-0.040162
12.983,-0.040948
12.993,-0.041723
13.003,-0.042481
13.013,-0.043194
13.023,-0.043842
13.033,-0.044478
13.043,-0.045127
13.054,-0.04569
13.064,-0.046202
13.074,-0.046685
13.084,-0.047162
13.094,-0.047632
13.104,-0.048075
13.114,-0.048488
13.124,-0.04887
13.134,-0.04923
13.144,-0.049624
13.154,-0.049996
13.164,-0.05034
13.174,-0.050677
13.184,-0.050996
13.194,-0.05132
13.204,-0.051608
13.214,-0.05189
13.224,-0.052176
13.234,-0.052457
13.244,-0.052731
13.254,-0.053008
13.264,-0.05329
13.274,-0.053573
13.284,-0.053859
13.294,-0.054138
13.304,-0.05441
13.314,-0.054692
13.324,-0.054976
13.334,-0.055271
13.344,-0.055576
13.354,-0.055896
13.364,-0.056205
13.374,-0.056518
13.384,-0.056836
13.394,-0.057173
13.404,-0.057501
13.414,-0.057834
13.424,-0.058187
13.434,-0.058537
13.445,-0.058886
13.455,-0.059246
13.465,-0.05961
13.475,-0.059976
13.485,-0.060326
13.495,-0.060666
13.505,-0.060997
13.515,-0.061332
13.525,-0.061651
13.535,-0.061969
13.545,-0.062286
13.555,-0.062561
13.565,-0.062817
13.575,-0.06308
13.585,-0.063289
13.595,-0.063529
13.605,-0.063725
13.615,-0.063887
13.625,-0.06402
13.635,-0.064129
13.645,-0.064211
13.655,-0.064261
13.665,-0.064281
13.675,-0.064268
13.685,-0.064218
13.695,-0.064136
13.705,-0.064024
13.715,-0.063882
13.725,-0.063702
13.735,-0.063483
13.745,-0.063226
13.755,-0.062929
13.765,-0.062586
13.775,-0.062202
13.785,-0.061781
13.795,-0.06134
13.805,-0.060857
13.815,-0.060318
13.825,-0.059762
13.836,-0.059165
13.846,-0.058537
13.856,-0.057883
13.866,-0.057192
13.876,-0.056489
13.886,-0.055772
13.896,-0.055031
13.906,-0.054289
13.916,-0.053509
13.926,-0.052716
13.936,-0.051925
13.946,-0.051123
13.956,-0.05031
13.966,-0.049503
13.976,-0.04867
13.986,-0.047836
13.996,-0.047044
14.006,-0.046241
14.016,-0.045434
14.026,-0.044653
14.036,-0.043865
14.046,-0.04308
14.056,-0.042302
14.066,-0.041579
14.076,-0.040928
14.086,-0.040268
14.096,-0.039677
14.106,-0.039141
14.116,-0.038647
14.126,-0.038188
14.136,-0.037804
14.146,-0.037439
14.156,-0.037161
14.166,-0.036982
14.176,-0.036867
14.186,-0.03684
14.196,-0.036872
14.206,-0.037001
14.216,-0.037228
14.227,-0.037541
14.237,-0.037933
14.247,-0.038426
14.257,-0.038998
14.267,-0.039626
14.277,-0.040329
14.287,-0.041101
14.297,-0.041956
14.307,-0.042868
14.317,-0.043856
14.327,-0.044925
14.337,-0.046092
14.347,-0.047302
14.357,-0.048614
14.367,-0.049978
14.377,-0.051453
14.387,-0.053031
14.397,-0.054627
14.407,-0.056309
14.417,-0.058121
14.427,-0.059951
14.437,-0.061877
14.447,-0.063885
14.457,-0.06596
14.467,-0.068106
14.477,-0.070323
14.487,-0.072631
14.497,-0.074974
14.507,-0.077391
14.517,-0.079915
14.527,-0.08242
14.537,-0.084984
14.547,-0.087696
14.557,-0.090414
14.567,-0.093176
14.577,-0.095987
14.587,-0.09888
14.597,-0.10186
14.607,-0.10489
14.618,-0.10795
14.628,-0.11105
14.638,-0.11425
14.648,-0.11749
14.658,-0.12081
14.668,-0.12413
14.678,-0.12751
14.688,-0.13092
14.698,-0.13437
14.708,-0.13786
14.718,-0.14142
14.728,-0.14498
14.738,-0.14855
14.748,-0.15213
14.758,-0.15575
14.768,-0.15937
14.778,-0.16302
14.788,-0.16671
14.798,-0.17043
14.808,-0.17417
14.818,-0.17795
14.828,-0.18175
14.838,-0.18556
14.848,-0.18939
14.858,-0.19321
14.868,-0.19706
14.878,-0.20094
14.888,-0.20484
14.898,-0.20875
14.908,-0.21268
14.918,-0.21661
14.928,-0.22055
14.938,-0.22448
14.948,-0.22841
14.958,-0.23235
14.968,-0.23631
14.978,-0.24026
14.988,-0.24423
14.998,-0.24817
15.009,-0.25212
15.019,-0.25607
15.029,-0.26002
15.039,-0.26397
15.049,-0.26792
15.059,-0.27184
15.069,-0.27576
15.079,-0.2797
15.089,-0.28363
15.099,-0.28755
15.109,-0.29146
15.119,-0.29538
15.129,-0.2993
15.139,-0.30322
15.149,-0.30715
15.159,-0.31105
15.169,-0.31495
15.179,-0.31885
15.189,-0.32277
15.199,-0.32669
15.209,-0.33062
15.219,-0.33457
15.229,-0.33855
15.239,-0.34254
15.249,-0.34656
15.259,-0.35061
15.269,-0.35463
15.279,-0.35866
15.289,-0.36276
15.299,-0.36692
15.309,-0.3711
15.319,-0.37532
15.329,-0.37956
15.339,-0.38384
15.349,-0.3882
15.359,-0.3926
15.369,-0.39708
15.379,-0.40162
15.389,-0.40623
15.4,-0.41092
15.41,-0.41567
15.42,-0.42051
15.43,-0.42548
15.44,-0.43054
15.45,-0.43567
15.46,-0.44088
15.47,-0.44621
15.48,-0.45164
15.49,-0.45717
15.5,-0.4628
15.51,-0.46855
15.52,-0.47441
15.53,-0.48042
15.54,-0.48653
15.55,-0.49282
15.56,-0.49923
15.57,-0.50575
15.58,-0.51239
15.59,-0.51922
15.6,-0.52622
15.61,-0.53332
15.62,-0.54052
15.63,-0.54789
15.64,-0.55541
15.65,-0.56303
15.66,-0.57073
15.67,-0.5786
15.68,-0.58659
15.69,-0.59466
15.7,-0.60285
15.71,-0.61118
15.72,-0.6196
15.73,-0.62807
15.74,-0.63666
15.75,-0.64535
15.76,-0.65412
15.77,-0.66293
15.781,-0.67179
15.791,-0.68072
15.801,-0.68966
15.811,-0.69863
15.821,-0.70761
15.831,-0.71658
15.841,-0.72546
15.851,-0.73431
15.861,-0.74316
15.871,-0.75188
15.881,-0.76047
15.891,-0.76897
15.901,-0.77733
15.911,-0.7855
15.921,-0.79349
15.931,-0.80134
15.941,-0.80895
15.951,-0.81628
15.961,-0.82327
15.971,-0.82998
15.981,-0.83637
15.991,-0.84238
16.001,-0.84797
16.011,-0.85312
16.021,-0.85778
16.031,-0.86194
16.041,-0.86555
16.051,-0.8686
16.061,-0.87105
16.071,-0.87285
16.081,-0.87401
16.091,-0.87446
16.101,-0.87418
16.111,-0.87313
16.121,-0.87129
16.131,-0.86861
16.141,-0.86505
16.151,-0.8606
16.161,-0.85521
16.172,-0.84887
16.182,-0.84155
16.192,-0.83321
16.202,-0.82376
16.212,-0.81324
16.222,-0.80163
16.232,-0.789
16.242,-0.77521
16.252,-0.76025
16.262,-0.74407
16.272,-0.72678
16.282,-0.70837
16.292,-0.68883
16.302,-0.66806
16.312,-0.64621
16.322,-0.623
16.332,-0.59834
16.342,-0.57267
16.352,-0.54601
16.362,-0.5181
16.372,-0.48892
16.382,-0.45854
16.392,-0.42714
16.402,-0.39491
16.412,-0.36136
16.422,-0.32638
16.432,-0.2904
16.442,-0.2536
16.452,-0.21595
16.462,-0.17749
16.472,-0.13828
16.482,-0.097781
16.492,-0.056401
16.502,-0.014208
16.512,0.028639
16.522,0.072521
16.532,0.11688
16.542,0.16182
16.552,0.20685
16.563,0.25272
16.573,0.29937
16.583,0.34669
16.593,0.39411
16.603,0.44158
16.613,0.48928
16.623,0.53674
16.633,0.58434
16.643,0.63179
16.653,0.67924
16.663,0.7267
16.673,0.77383
16.683,0.82069
16.693,0.86744
16.703,0.91383
16.713,0.95988
16.723,1.0057
16.733,1.0512
16.743,1.0959
16.753,1.1399
16.763,1.1834
16.773,1.2265
16.783,1.2689
16.793,1.3102
16.803,1.3508
16.813,1.3905
16.823,1.4291
16.833,1.467
16.843,1.5038
16.853,1.5399
16.863,1.5746
16.873,1.6083
16.883,1.641
16.893,1.6725
16.903,1.7029
16.913,1.7322
16.923,1.7603
16.933,1.7873
16.943,1.8131
16.954,1.8377
16.964,1.8611
16.974,1.8834
16.984,1.9042
16.994,1.9237
17.004,1.942
17.014,1.9592
17.024,1.975
17.034,1.9896
17.044,2.003
17.054,2.0152
17.064,2.0262
17.074,2.036
17.084,2.0447
17.094,2.0521
17.104,2.0584
17.114,2.0636
17.124,2.0676
17.134,2.0706
17.144,2.0724
17.154,2.0731
17.164,2.0727
17.174,2.0713
17.184,2.0689
17.194,2.0655
17.204,2.0611
17.214,2.0558
17.224,2.0495
17.234,2.0424
17.244,2.0343
17.254,2.0254
17.264,2.0156
17.274,2.005
17.284,1.9936
17.294,1.9814
17.304,1.9684
17.314,1.9546
17.324,1.9402
17.334,1.9251
17.345,1.9093
17.355,1.8928
17.365,1.8758
17.375,1.8582
17.385,1.8399
17.395,1.821
17.405,1.8017
17.415,1.7819
17.425,1.7617
17.435,1.7411
17.445,1.7198
17.455,1.6981
17.465,1.6759
17.475,1.6533
17.485,1.6303
17.495,1.607
17.505,1.5832
17.515,1.5592
17.525,1.5347
17.535,1.5101
17.545,1.4852
17.555,1.46
17.565,1.4347
17.575,1.4089
17.585,1.383
17.595,1.3569
17.605,1.3307
17.615,1.3044
17.625,1.2779
17.635,1.2511
17.645,1.2243
17.655,1.1973
17.665,1.1702
17.675,1.143
17.685,1.1158
17.695,1.0886
17.705,1.0615
17.715,1.0344
17.725,1.0072
17.736,0.98013
17.746,0.95307
17.756,0.92603
17.766,0.89913
17.776,0.87241
17.786,0.84585
17.796,0.81926
17.806,0.7929
17.816,0.7667
17.826,0.74072
17.836,0.71475
17.846,0.68891
17.856,0.66318
17.866,0.63753
17.876,0.61205
17.886,0.58677
17.896,0.56156
17.906,0.5367
17.916,0.51188
17.926,0.48733
17.936,0.46302
17.946,0.4391
17.956,0.41524
17.966,0.3916
17.976,0.36809
17.986,0.34483
17.996,0.32183
18.006,0.29919
18.016,0.27686
18.026,0.25473
18.036,0.23263
18.046,0.21079
18.056,0.18906
18.066,0.16747
18.076,0.14614
18.086,0.12499
18.096,0.10403
18.106,0.08317
18.116,0.06254
18.127,0.042188
18.137,0.021889
18.147,0.0018587
18.157,-0.017748
18.167,-0.037113
18.177,-0.05636
18.187,-0.075365
18.197,-0.094246
18.207,-0.11288
18.217,-0.1313
18.227,-0.14944
18.237,-0.16728
18.247,-0.18495
18.257,-0.20243
18.267,-0.21957
18.277,-0.23639
18.287,-0.25302
18.297,-0.26937
18.307,-0.28553
18.317,-0.3015
18.327,-0.31718
18.337,-0.33252
18.347,-0.34763
18.357,-0.3625
18.367,-0.37716
18.377,-0.39151
18.387,-0.40556
18.397,-0.41929
18.407,-0.43273
18.417,-0.44594
18.427,-0.45881
18.437,-0.47135
18.447,-0.48362
18.457,-0.49558
18.467,-0.5073
18.477,-0.51863
18.487,-0.52962
18.497,-0.54034
18.508,-0.55078
18.518,-0.56092
18.528,-0.57071
18.538,-0.58021
18.548,-0.58936
18.558,-0.59818
18.568,-0.60669
18.578,-0.61487
18.588,-0.6227
18.598,-0.63026
18.608,-0.63748
18.618,-0.64446
18.628,-0.65114
18.638,-0.65749
18.648,-0.66353
18.658,-0.66931
18.668,-0.6748
18.678,-0.67997
18.688,-0.6848
18.698,-0.68937
18.708,-0.69368
18.718,-0.69776
18.728,-0.70154
18.738,-0.70509
18.748,-0.70838
18.758,-0.7114
18.768,-0.71418
18.778,-0.71674
18.788,-0.71908
18.798,-0.72119
18.808,-0.72309
18.818,-0.72477
18.828,-0.72627
18.838,-0.72756
18.848,-0.72867
18.858,-0.72958
18.868,-0.7303
18.878,-0.73086
18.888,-0.73124
18.899,-0.73145
18.909,-0.73151
18.919,-0.73142
18.929,-0.73118
18.939,-0.73078
18.949,-0.73024
18.959,-0.72956
18.969,-0.72875
18.979,-0.72781
18.989,-0.72674
18.999,-0.72554
19.009,-0.72422
19.019,-0.72278
19.029,-0.72123
19.039,-0.71958
19.049,-0.71781
19.059,-0.71593
19.069,-0.71393
19.079,-0.71183
19.089,-0.70963
19.099,-0.70734
19.109,-0.70495
19.119,-0.70248
19.129,-0.69989
19.139,-0.69719
19.149,-0.6944
19.159,-0.69153
19.169,-0.68858
19.179,-0.68554
19.189,-0.68242
19.199,-0.67922
19.209,-0.67593
19.219,-0.67256
19.229,-0.6691
19.239,-0.66555
19.249,-0.66193
19.259,-0.65822
19.269,-0.65442
19.279,-0.65054
19.29,-0.64658
19.3,-0.64258
19.31,-0.6385
19.32,-0.63431
19.33,-0.63007
19.34,-0.62573
19.35,-0.6213
19.36,-0.61679
19.37,-0.61223
19.38,-0.60763
19.39,-0.60291
19.4,-0.59814
19.41,-0.59329
19.42,-0.58838
19.43,-0.58339
19.44,-0.57833
19.45,-0.57323
19.46,-0.56802
19.47,-0.56276
19.48,-0.55739
19.49,-0.552
19.5,-0.54655
19.51,-0.54103
19.52,-0.53547
19.53,-0.52985
19.54,-0.52414
19.55,-0.5184
19.56,-0.51266
19.57,-0.5069
19.58,-0.50104
19.59,-0.49517
19.6,-0.48925
19.61,-0.48332
19.62,-0.47735
19.63,-0.47135
19.64,-0.4654
19.65,-0.45941
19.66,-0.45339
19.67,-0.44735
19.681,-0.44132
19.691,-0.43531
19.701,-0.4293
19.711,-0.42333
19.721,-0.41737
19.731,-0.41141
19.741,-0.40547
19.751,-0.3996
19.761,-0.39377
19.771,-0.38791
19.781,-0.38207
19.791,-0.37635
19.801,-0.37071
19.811,-0.36507
19.821,-0.35947
19.831,-0.35396
19.841,-0.34853
19.851,-0.34309
19.861,-0.33774
19.871,-0.33245
19.881,-0.32726
19.891,-0.32213
19.901,-0.31709
19.911,-0.31212
19.921,-0.30723
19.931,-0.30245
19.941,-0.29773
19.951,-0.29311
19.961,-0.28857
19.971,-0.28415
19.981,-0.27981
19.991,-0.27553
20.001,-0.27136
20.011,-0.26727
20.021,-0.26331
20.031,-0.25942
20.041,-0.25559
20.051,-0.25183
20.061,-0.24818
20.072,-0.24462
20.082,-0.24112
20.092,-0.2377
20.102,-0.23439
20.112,-0.23116
20.122,-0.22799
20.132,-0.22488
20.142,-0.22182
20.152,-0.21888
20.162,-0.21601
20.172,-0.21318
20.182,-0.21043
20.192,-0.20772
20.202,-0.20506
20.212,-0.20248
20.222,-0.19995
20.232,-0.19743
20.242,-0.19494
20.252,-0.19252
20.262,-0.19014
20.272,-0.18781
20.282,-0.1855
20.292,-0.18324
20.302,-0.18099
20.312,-0.17877
20.322,-0.17659
20.332,-0.17445
20.342,-0.17233
20.352,-0.17024
20.362,-0.16817
20.372,-0.16612
20.382,-0.16411
20.392,-0.16213
20.402,-0.16016
20.412,-0.15818
20.422,-0.15624
20.432,-0.15434
20.442,-0.15247
20.452,-0.15061
20.463,-0.14878
20.473,-0.14698
20.483,-0.1452
20.493,-0.14346
20.503,-0.14173
20.513,-0.14004
20.523,-0.13836
20.533,-0.13673
20.543,-0.13512
20.553,-0.13354
20.563,-0.13201
20.573,-0.1305
20.583,-0.12903
20.593,-0.12757
20.603,-0.12613
20.613,-0.12475
20.623,-0.12339
20.633,-0.12206
20.643,-0.12076
20.653,-0.11949
20.663,-0.11825
20.673,-0.11703
20.683,-0.11584
20.693,-0.11467
20.703,-0.11353
20.713,-0.11241
20.723,-0.11129
20.733,-0.1102
20.743,-0.10911
20.753,-0.10804
20.763,-0.10696
20.773,-0.10589
20.783,-0.10483
20.793,-0.10376
20.803,-0.10268
20.813,-0.10159
20.823,-0.10048
20.833,-0.099372
20.843,-0.098244
20.854,-0.097082
20.864,-0.095893
20.874,-0.094677
20.884,-0.093415
20.894,-0.09212
20.904,-0.09078
20.914,-0.089396
20.924,-0.087941
20.934,-0.086432
20.944,-0.084872
20.954,-0.083251
20.964,-0.081562
20.974,-0.079803
20.984,-0.077991
20.994,-0.076105
21.004,-0.074156
21.014,-0.072126
21.024,-0.070011
21.034,-0.067856
21.044,-0.065608
21.054,-0.063279
21.064,-0.060853
21.074,-0.058363
21.084,-0.055814
21.094,-0.053176
21.104,-0.050473
21.114,-0.047686
21.124,-0.044851
21.134,-0.041941
21.144,-0.03896
21.154,-0.035932
21.164,-0.032846
21.174,-0.029693
21.184,-0.026483
21.194,-0.023228
21.204,-0.019911
21.214,-0.016554
21.224,-0.013168
21.235,-0.0097514
21.245,-0.0062859
21.255,-0.002773
21.265,0.00074865
21.275,0.0042719
21.285,0.0078333
21.295,0.011393
21.305,0.014969
21.315,0.018546
21.325,0.0221
21.335,0.025649
21.345,0.029192
21.355,0.032695
21.365,0.036182
21.375,0.039637
21.385,0.043057
21.395,0.046471
21.405,0.049824
21.415,0.053154
21.425,0.056434
21.435,0.059663
21.445,0.062847
21.455,0.065956
21.465,0.069019
21.475,0.072021
21.485,0.074967
21.495,0.077836
21.505,0.080639
21.515,0.083365
21.525,0.086003
21.535,0.088591
21.545,0.091068
21.555,0.093478
21.565,0.095779
21.575,0.098004
21.585,0.10015
21.595,0.10219
21.605,0.10415
21.615,0.10602
21.626,0.10781
21.636,0.10951
21.646,0.11112
21.656,0.11263
21.666,0.11407
21.676,0.1154
21.686,0.11665
21.696,0.1178
21.706,0.11886
21.716,0.11981
21.726,0.12068
21.736,0.12146
21.746,0.12216
21.756,0.12276
21.766,0.12327
21.776,0.12368
21.786,0.12401
21.796,0.12426
21.806,0.12441
21.816,0.12447
21.826,0.12445
21.836,0.12433
21.846,0.12414
21.856,0.12386
21.866,0.12349
21.876,0.12304
21.886,0.12251
21.896,0.12192
21.906,0.12125
21.916,0.1205
21.926,0.11968
21.936,0.11879
21.946,0.11785
21.956,0.11684
21.966,0.11577
21.976,0.11463
21.986,0.11344
21.996,0.11219
22.006,0.11087
22.017,0.1095
22.027,0.10807
22.037,0.10661
22.047,0.10508
22.057,0.10352
22.067,0.10193
22.077,0.10029
22.087,0.098629
22.097,0.09693
22.107,0.09521
22.117,0.093444
22.127,0.091659
22.137,0.089864
22.147,0.088043
22.157,0.086206
22.167,0.084357
22.177,0.082515
22.187,0.080662
22.197,0.078786
22.207,0.076892
22.217,0.074992
22.227,0.073106
22.237,0.071216
22.247,0.069336
22.257,0.067453
22.267,0.06558
22.277,0.063714
22.287,0.061835
22.297,0.05999
22.307,0.058133
22.317,0.0563
22.327,0.054472
22.337,0.052671
22.347,0.050886
22.357,0.049115
22.367,0.047372
22.377,0.045644
22.387,0.04395
22.397,0.04227
22.408,0.040622
22.418,0.039003
22.428,0.037405
22.438,0.035826
22.448,0.03426
22.458,0.032742
22.468,0.031249
22.478,0.029786
22.488,0.028339
22.498,0.026911
22.508,0.02552
22.518,0.024156
22.528,0.022831
22.538,0.021523
22.548,0.020247
22.558,0.019003
22.568,0.017795
22.578,0.016614
22.588,0.015455
22.598,0.014326
22.608,0.013217
22.618,0.012127
22.628,0.011053
22.638,0.010011
22.648,0.0089906
22.658,0.0079911
22.668,0.0070136
22.678,0.0060442
22.688,0.0051022
22.698,0.0041714
22.708,0.0032619
22.718,0.0023746
22.728,0.0015039
22.738,0.00064052
22.748,-0.00021422
22.758,-0.0010527
22.768,-0.0018866
22.778,-0.0027188
22.788,-0.0035437
22.799,-0.0043554
22.809,-0.0051711
22.819,-0.0059805
22.829,-0.0067869
22.839,-0.0075878
22.849,-0.0083982
22.859,-0.0092248
22.869,-0.010048
22.879,-0.010863
22.889,-0.011681
22.899,-0.01251
22.909,-0.013347
22.919,-0.014191
22.929,-0.015034
22.939,-0.015878
22.949,-0.016733
22.959,-0.017593
22.969,-0.018468
22.979,-0.019343
22.989,-0.02022
22.999,-0.021101
23.009,-0.021991
23.019,-0.022886
23.029,-0.02377
23.039,-0.024667
23.049,-0.025565
23.059,-0.026472
23.069,-0.027377
23.079,-0.028284
23.089,-0.0292
23.099,-0.030115
23.109,-0.031023
23.119,-0.031935
23.129,-0.032849
23.139,-0.033758
23.149,-0.034661
23.159,-0.035565
23.169,-0.036453
23.179,-0.037333
23.19,-0.038213
23.2,-0.0391
23.21,-0.039973
23.22,-0.040838
23.23,-0.041695
23.24,-0.042549
23.25,-0.043393
23.26,-0.044227
23.27,-0.045058
23.28,-0.045886
23.29,-0.046695
23.3,-0.047489
23.31,-0.048268
23.32,-0.049033
23.33,-0.049796
23.34,-0.050556
23.35,-0.0513
23.36,-0.052026
23.37,-0.052735
23.38,-0.053435
23.39,-0.054124
23.4,-0.054793
23.41,-0.055452
23.42,-0.056106
23.43,-0.056748
23.44,-0.057374
23.45,-0.057984
23.46,-0.058576
23.47,-0.059165
23.48,-0.059735
23.49,-0.060283
23.5,-0.060824
23.51,-0.061358
23.52,-0.061886
23.53,-0.062402
23.54,-0.062909
23.55,-0.063408
23.56,-0.063903
23.57,-0.06439
23.581,-0.064853
23.591,-0.065304
23.601,-0.065756
23.611,-0.066206
23.621,-0.066639
23.631,-0.067054
23.641,-0.067465
23.651,-0.067861
23.661,-0.068247
23.671,-0.068622
23.681,-0.068986
23.691,-0.069343
23.701,-0.069684
23.711,-0.070014
23.721,-0.070333
23.731,-0.070637
23.741,-0.070926
23.751,-0.071203
23.761,-0.071469
23.771,-0.071723
23.781,-0.071952
23.791,-0.072162
23.801,-0.072359
23.811,-0.072544
23.821,-0.072719
23.831,-0.072878
23.841,-0.073013
23.851,-0.073124
23.861,-0.073208
23.871,-0.073274
23.881,-0.073319
23.891,-0.073335
23.901,-0.073328
23.911,-0.073291
23.921,-0.07322
23.931,-0.073114
23.941,-0.072968
23.951,-0.072789
23.961,-0.072573
23.972,-0.072326
23.982,-0.072042
23.992,-0.071719
24.002,-0.07136
24.012,-0.070962
24.022,-0.070519
24.032,-0.070027
24.042,-0.069496
24.052,-0.068922
24.062,-0.068306
24.072,-0.067647
24.082,-0.066952
24.092,-0.066221
24.102,-0.065448
24.112,-0.064637
24.122,-0.063788
24.132,-0.062897
24.142,-0.061962
24.152,-0.060982
24.162,-0.059971
24.172,-0.058924
24.182,-0.057851
24.192,-0.056742
24.202,-0.055609
24.212,-0.05445
24.222,-0.053251
24.232,-0.052024
24.242,-0.050788
24.252,-0.049529
24.262,-0.048263
24.272,-0.04698
24.282,-0.045693
24.292,-0.044412
24.302,-0.043132
24.312,-0.041845
24.322,-0.040559
24.332,-0.039276
24.342,-0.038001
24.353,-0.036745
24.363,-0.035493
24.373,-0.034261
24.383,-0.033041
24.393,-0.031848
24.403,-0.030677
24.413,-0.02954
24.423,-0.028433
24.433,-0.027355
24.443,-0.026304
24.453,-0.025298
24.463,-0.024332
24.473,-0.023394
24.483,-0.022495
24.493,-0.021638
24.503,-0.02083
24.513,-0.020072
24.523,-0.019346
24.533,-0.018667
24.543,-0.018043
24.553,-0.01745
24.563,-0.016899
24.573,-0.016394
24.583,-0.015931
24.593,-0.015512
24.603,-0.015139
24.613,-0.014813
24.623,-0.014532
24.633,-0.014285
24.643,-0.01408
24.653,-0.013911
24.663,-0.01378
24.673,-0.013684
24.683,-0.013625
24.693,-0.0136
24.703,-0.013604
24.713,-0.013633
24.723,-0.013687
24.733,-0.013765
24.744,-0.013866
24.754,-0.013995
24.764,-0.014141
24.774,-0.014305
24.784,-0.014474
24.794,-0.014651
24.804,-0.014841
24.814,-0.015043
24.824,-0.015251
24.834,-0.015455
24.844,-0.015657
24.854,-0.015865
24.864,-0.01607
24.874,-0.016271
24.884,-0.016478
24.894,-0.016681
24.904,-0.016879
24.914,-0.017063
24.924,-0.017227
24.934,-0.017384
24.944,-0.017538
24.954,-0.017671
24.964,-0.017771
24.974,-0.017844
24.984,-0.017904
24.994,-0.017944
25.004,-0.017961
25.014,-0.017955
25.024,-0.017929
25.034,-0.017874
25.044,-0.017795
25.054,-0.017699
25.064,-0.01758
25.074,-0.017438
25.084,-0.017269
25.094,-0.017078
25.104,-0.016855
25.114,-0.016606
25.124,-0.016333
25.135,-0.016042
25.145,-0.015722
25.155,-0.015387
25.165,-0.015022
25.175,-0.014622
25.185,-0.014189
25.195,-0.013735
25.205,-0.01327
25.215,-0.012784
25.225,-0.012276
25.235,-0.011744
25.245,-0.011202
25.255,-0.010648
25.265,-0.010077
25.275,-0.0094819
25.285,-0.0088721
25.295,-0.0082589
25.305,-0.0076392
25.315,-0.0069996
25.325,-0.0063358
25.335,-0.0056654
25.345,-0.0050022
25.355,-0.0043262
25.365,-0.0036343
25.375,-0.0029376
25.385,-0.0022451
25.395,-0.0015507
25.405,-0.00084843
25.415,-0.00014432
25.425,0.0005574
25.435,0.0012471
25.445,0.0019288
25.455,0.0025986
25.465,0.0032738
25.475,0.0039392
25.485,0.0045936
25.495,0.0052318
25.505,0.0058583
25.515,0.0064779
25.526,0.0070746
25.536,0.0076521
25.546,0.0082239
25.556,0.0087794
25.566,0.0093165
25.576,0.0098329
25.586,0.010325
25.596,0.010799
25.606,0.011248
25.616,0.011676
25.626,0.012085
25.636,0.012475
25.646,0.012838
25.656,0.013183
25.666,0.013494
25.676,0.013776
25.686,0.014035
25.696,0.014271
25.706,0.01449
25.716,0.01468
25.726,0.014839
25.736,0.014978
25.746,0.015099
25.756,0.015199
25.766,0.015279
25.776,0.015334
25.786,0.015365
25.796,0.015379
25.806,0.015375
25.816,0.015351
25.826,0.015308
25.836,0.01525
25.846,0.01517
25.856,0.01507
25.866,0.014951
25.876,0.014825
25.886,0.014687
25.896,0.014534
25.906,0.01437
25.917,0.014198
25.927,0.014017
25.937,0.013837
25.947,0.013659
25.957,0.013478
25.967,0.013292
25.977,0.013112
25.987,0.012943
25.997,0.012776
26.007,0.012614
26.017,0.012456
26.027,0.012314
26.037,0.012189
26.047,0.012066
26.057,0.011957
26.067,0.011864
26.077,0.011784
26.087,0.011725
26.097,0.011685
26.107,0.011661
26.117,0.011652
26.127,0.011665
26.137,0.011708
26.147,0.011778
26.157,0.011874
26.167,0.011993
26.177,0.012128
26.187,0.012284
26.197,0.012468
26.207,0.012676
26.217,0.012908
26.227,0.013163
26.237,0.013443
26.247,0.013757
26.257,0.01409
26.267,0.01444
26.277,0.014819
26.287,0.015207
26.297,0.015613
26.308,0.016049
26.318,0.016509
26.328,0.016983
26.338,0.017469
26.348,0.017973
26.358,0.018493
26.368,0.019029
26.378,0.01957
26.388,0.020127
26.398,0.020687
26.408,0.021248
26.418,0.021817
26.428,0.022398
26.438,0.022986
26.448,0.023562
26.458,0.024143
26.468,0.024732
26.478,0.02532
26.488,0.025901
26.498,0.026478
26.508,0.027055
26.518,0.027621
26.528,0.028169
26.538,0.028707
26.548,0.029236
26.558,0.029757
26.568,0.030256
26.578,0.030741
26.588,0.031217
26.598,0.031678
26.608,0.032118
26.618,0.032538
26.628,0.032947
26.638,0.033326
26.648,0.03368
26.658,0.034018
26.668,0.03434
26.678,0.034645
26.688,0.034925
26.699,0.035171
26.709,0.035392
26.719,0.035595
26.729,0.035771
26.739,0.035911
26.749,0.03603
26.759,0.036128
26.769,0.036205
26.779,0.03625
26.789,0.036268
26.799,0.036268
26.809,0.036244
26.819,0.036193
26.829,0.036119
26.839,0.036027
26.849,0.035913
26.859,0.035784
26.869,0.035632
26.879,0.035462
26.889,0.035274
26.899,0.035066
26.909,0.034832
26.919,0.034571
26.929,0.034285
26.939,0.033987
26.949,0.033669
26.959,0.033341
26.969,0.032993
26.979,0.03263
26.989,0.032254
26.999,0.031861
27.009,0.031446
27.019,0.031013
27.029,0.030559
27.039,0.030098
27.049,0.029624
27.059,0.02913
27.069,0.028624
27.08,0.028099
27.09,0.027552
27.1,0.026993
27.11,0.026422
27.12,0.025842
27.13,0.025256
27.14,0.024657
27.15,0.024045
27.16,0.023422
27.17,0.022788
27.18,0.022147
27.19,0.021493
27.2,0.020835
27.21,0.020171
27.22,0.019499
27.23,0.018817
27.24,0.018124
27.25,0.017422
27.26,0.016719
27.27,0.016004
27.28,0.015278
27.29,0.01454
27.3,0.013798
27.31,0.013055
27.32,0.012306
27.33,0.011552
27.34,0.010791
27.35,0.01003
27.36,0.0092612
27.37,0.0084859
27.38,0.0077019
27.39,0.0069146
27.4,0.006124
27.41,0.0053234
27.42,0.0045182
27.43,0.0037101
27.44,0.0029011
27.45,0.0020788
27.46,0.0012505
27.471,0.00042413
27.481,-0.0004052
27.491,-0.0012446
27.501,-0.0020932
27.511,-0.0029402
27.521,-0.0037983
27.531,-0.0046561
27.541,-0.0055109
27.551,-0.0063774
27.561,-0.0072501
27.571,-0.0081274
27.581,-0.0090055
27.591,-0.009886
27.601,-0.010771
27.611,-0.011659
27.621,-0.012549
27.631,-0.013435
27.641,-0.014316
27.651,-0.015198
27.661,-0.01608
27.671,-0.016969
27.681,-0.017852
27.691,-0.018737
27.701,-0.019618
27.711,-0.020492
27.721,-0.021366
27.731,-0.022241
27.741,-0.023109
27.751,-0.023966
27.761,-0.024816
27.771,-0.02566
27.781,-0.026489
27.791,-0.027302
27.801,-0.028104
27.811,-0.028886
27.821,-0.029651
27.831,-0.030405
27.841,-0.031148
27.851,-0.031874
27.862,-0.032571
27.872,-0.033256
27.882,-0.033911
27.892,-0.034538
27.902,-0.035141
27.912,-0.035727
27.922,-0.036292
27.932,-0.036828
27.942,-0.037323
27.952,-0.037788
27.962,-0.038224
27.972,-0.038632
27.982,-0.039007
27.992,-0.039345
28.002,-0.039641
28.012,-0.039896
28.022,-0.040114
28.032,-0.040291
28.042,-0.040422
28.052,-0.040514
28.062,-0.040573
28.072,-0.040598
28.082,-0.040589
28.092,-0.040534
28.102,-0.040437
28.112,-0.040298
28.122,-0.040119
28.132,-0.039894
28.142,-0.039635
28.152,-0.039339
28.162,-0.03901
28.172,-0.038644
28.182,-0.038243
28.192,-0.037806
28.202,-0.03734
28.212,-0.03684
28.222,-0.036309
28.232,-0.035744
28.242,-0.035153
28.253,-0.034552
28.263,-0.033927
28.273,-0.033276
28.283,-0.032608
28.293,-0.031928
28.303,-0.031241
28.313,-0.030542
28.323,-0.029833
28.333,-0.029107
28.343,-0.028377
28.353,-0.027651
28.363,-0.026929
28.373,-0.026208
28.383,-0.025491
28.393,-0.024781
28.403,-0.024077
28.413,-0.023384
28.423,-0.0227
28.433,-0.022036
28.443,-0.021385
28.453,-0.02075
28.463,-0.020141
28.473,-0.019561
28.483,-0.01901
28.493,-0.018483
28.503,-0.017981
28.513,-0.017503
28.523,-0.017054
28.533,-0.01664
28.543,-0.016248
28.553,-0.015878
28.563,-0.015529
28.573,-0.015209
28.583,-0.014914
28.593,-0.01465
28.603,-0.014422
28.613,-0.014228
28.623,-0.014063
28.633,-0.013912
28.644,-0.013785
28.654,-0.013682
28.664,-0.013598
28.674,-0.013532
28.684,-0.013487
28.694,-0.013456
28.704,-0.013435
28.714,-0.013427
28.724,-0.013441
28.734,-0.013466
28.744,-0.013491
28.754,-0.013527
28.764,-0.013569
28.774,-0.013609
28.784,-0.013648
28.794,-0.013685
28.804,-0.013715
28.814,-0.013736
28.824,-0.013756
28.834,-0.013767
28.844,-0.013762
28.854,-0.013742
28.864,-0.013708
28.874,-0.013658
28.884,-0.013589
28.894,-0.01351
28.904,-0.013415
28.914,-0.013296
28.924,-0.013168
28.934,-0.013022
28.944,-0.012852
28.954,-0.012656
28.964,-0.012441
28.974,-0.012213
28.984,-0.011971
28.994,-0.011714
29.004,-0.011443
29.014,-0.011161
29.024,-0.010853
29.035,-0.010539
29.045,-0.010218
29.055,-0.009882
29.065,-0.0095393
29.075,-0.0091961
29.085,-0.0088465
29.095,-0.0084921
29.105,-0.0081285
29.115,-0.0077688
29.125,-0.0074055
29.135,-0.0070451
29.145,-0.0066926
29.155,-0.006351
29.165,-0.0060216
29.175,-0.0057001
29.185,-0.0053882
29.195,-0.0050883
29.205,-0.004802
29.215,-0.0045352
29.225,-0.004287
29.235,-0.0040551
29.245,-0.0038467
29.255,-0.00366
29.265,-0.0034911
29.275,-0.0033413
29.285,-0.0032169
29.295,-0.0031207
29.305,-0.0030474
29.315,-0.0029982
29.325,-0.0029748
29.335,-0.0029863
29.345,-0.003024
29.355,-0.0030872
29.365,-0.0031795
29.375,-0.0032872
29.385,-0.0034224
29.395,-0.0035873
29.405,-0.0037722
29.415,-0.0039834
29.426,-0.0042211
29.436,-0.0044779
29.446,-0.0047519
29.456,-0.0050513
29.466,-0.0053829
29.476,-0.0057309
29.486,-0.0060848
29.496,-0.0064553
29.506,-0.0068432
29.516,-0.0072393
29.526,-0.0076424
29.536,-0.0080476
29.546,-0.0084644
29.556,-0.0088824
29.566,-0.009308
29.576,-0.0097396
29.586,-0.010174
29.596,-0.0106
29.606,-0.011022
29.616,-0.011435
29.626,-0.011849
29.636,-0.012254
29.646,-0.012649
29.656,-0.013034
29.666,-0.013403
29.676,-0.013767
29.686,-0.014124
29.696,-0.014467
29.706,-0.014794
29.716,-0.015103
29.726,-0.015403
29.736,-0.015691
29.746,-0.015954
29.756,-0.016196
29.766,-0.016426
29.776,-0.016645
29.786,-0.016839
29.796,-0.017008
29.807,-0.017159
29.817,-0.017296
29.827,-0.017418
29.837,-0.017512
29.847,-0.017587
29.857,-0.017648
29.867,-0.01769
29.877,-0.017711
29.887,-0.017717
29.897,-0.017703
29.907,-0.01767
29.917,-0.017616
29.927,-0.017545
29.937,-0.017463
29.947,-0.017362
29.957,-0.017242
29.967,-0.017124
29.977,-0.016997
29.987,-0.01685
29.997,-0.01669
30.007,-0.016518
30.017,-0.016338
30.027,-0.01615
30.037,-0.015949
30.047,-0.015746
30.057,-0.015539
30.067,-0.015328
30.077,-0.015113
30.087,-0.014894
30.097,-0.01467
30.107,-0.014447
30.117,-0.014223
30.127,-0.014001
30.137,-0.013782
30.147,-0.013563
30.157,-0.013348
30.167,-0.013131
30.177,-0.012922
30.187,-0.012714
30.198,-0.012511
30.208,-0.012316
30.218,-0.012123
30.228,-0.011934
30.238,-0.011747
30.248,-0.011573
30.258,-0.011409
30.268,-0.011262
30.278,-0.011115
30.288,-0.010967
30.298,-0.010818
30.308,-0.010679
30.318,-0.010548
30.328,-0.010425
30.338,-0.010313
30.348,-0.010208
30.358,-0.010113
30.368,-0.010023
30.378,-0.0099399
30.388,-0.0098582
30.398,-0.0097848
30.408,-0.0097239
30.418,-0.0096664
30.428,-0.0096169
30.438,-0.0095713
30.448,-0.0095183
30.458,-0.0094634
30.468,-0.0094153
30.478,-0.0093665
30.488,-0.0093134
30.498,-0.0092596
30.508,-0.0092049
30.518,-0.0091538
30.528,-0.0090982
30.538,-0.0090346
30.548,-0.0089609
30.558,-0.008874
30.568,-0.0087812
30.578,-0.0086803
30.589,-0.0085656
30.599,-0.0084349
30.609,-0.0082917
30.619,-0.008132
30.629,-0.0079584
30.639,-0.0077733
30.649,-0.007573
30.659,-0.0073522
30.669,-0.0071177
30.679,-0.0068697
30.689,-0.0066052
30.699,-0.0063205
30.709,-0.0060241
30.719,-0.0057131
30.729,-0.005387
30.739,-0.0050467
30.749,-0.0046949
30.759,-0.0043226
30.769,-0.0039362
30.779,-0.0035338
30.789,-0.003119
30.799,-0.0026915
30.809,-0.0022599
30.819,-0.0018307
30.829,-0.0013961
30.839,-0.00096232
30.849,-0.00052377
30.859,-8.7561e-005
30.869,0.00034599
30.879,0.0007835
30.889,0.001214
30.899,0.0016323
30.909,0.002041
30.919,0.0024462
30.929,0.0028401
30.939,0.0032109
30.949,0.0035616
30.959,0.003903
30.969,0.0042303
30.98,0.0045341
30.99,0.0048078
31,0.0050594
31.01,0.0052872
31.02,0.0054936
31.03,0.0056737
31.04,0.0058237
31.05,0.0059441
31.06,0.0060337
31.07,0.0060901
31.08,0.0061181
31.09,0.0061202
31.1,0.0060957
31.11,0.0060426
31.12,0.0059593
31.13,0.0058335
31.14,0.0056784
31.15,0.005495
31.16,0.0052877
31.17,0.0050537
31.18,0.0047953
31.19,0.0045091
31.2,0.0042077
31.21,0.0038784
31.22,0.0035226
31.23,0.003145
31.24,0.0027485
31.25,0.0023372
31.26,0.0019108
31.27,0.0014732
31.28,0.0010142
31.29,0.00054931
31.3,7.8188e-005
31.31,-0.00039456
31.32,-0.00087476
31.33,-0.0013603
31.34,-0.0018471
31.35,-0.0023333
31.36,-0.0028192
31.371,-0.0033012
31.381,-0.0037689
31.391,-0.0042259
31.401,-0.0046745
31.411,-0.005107
31.421,-0.0055258
31.431,-0.00593
31.441,-0.006323
31.451,-0.0067025
31.461,-0.007058
31.471,-0.0073985
31.481,-0.00772
31.491,-0.0080118
31.501,-0.0082817
31.511,-0.0085181
31.521,-0.0087313
31.531,-0.0089198
31.541,-0.0090722
31.551,-0.0091848
31.561,-0.0092679
31.571,-0.0093286
31.581,-0.0093612
31.591,-0.0093589
31.601,-0.0093255
31.611,-0.0092574
31.621,-0.009149
31.631,-0.0090104
31.641,-0.0088467
31.651,-0.0086631
31.661,-0.0084387
31.671,-0.0081815
31.681,-0.007894
31.691,-0.0075725
31.701,-0.0072236
31.711,-0.0068496
31.721,-0.0064427
31.731,-0.0060047
31.741,-0.0055366
31.751,-0.0050368
31.762,-0.0045075
31.772,-0.0039479
31.782,-0.0033696
31.792,-0.0027752
31.802,-0.0021502
31.812,-0.0015028
31.822,-0.00083543
31.832,-0.0001452
31.842,0.00055439
31.852,0.0012685
31.862,0.002
31.872,0.0027517
31.882,0.0035198
31.892,0.0043056
31.902,0.0051019
31.912,0.0059004
31.922,0.0067035
31.932,0.0075095
31.942,0.0083166
31.952,0.0091279
31.962,0.0099448
31.972,0.010762
31.982,0.011568
31.992,0.012369
32.002,0.013164
32.012,0.013948
32.022,0.014723
32.032,0.015477
32.042,0.016224
32.052,0.016949
32.062,0.017659
32.072,0.018342
32.082,0.019
32.092,0.019641
32.102,0.020263
32.112,0.020863
32.122,0.021431
32.132,0.02197
32.142,0.022477
32.153,0.022956
32.163,0.023405
32.173,0.023831
32.183,0.024227
32.193,0.024597
32.203,0.024944
32.213,0.025272
32.223,0.025577
32.233,0.02586
32.243,0.026127
32.253,0.026377
32.263,0.026598
32.273,0.026791
32.283,0.026964
32.293,0.027129
32.303,0.027287
32.313,0.027427
32.323,0.027556
32.333,0.027677
32.343,0.027794
32.353,0.0279
32.363,0.028
32.373,0.028098
32.383,0.028197
32.393,0.028294
32.403,0.028386
32.413,0.028485
32.423,0.028589
32.433,0.028689
32.443,0.028785
32.453,0.028886
32.463,0.029001
32.473,0.029128
32.483,0.029262
32.493,0.029408
32.503,0.029554
32.513,0.029699
32.523,0.029855
32.534,0.030023
32.544,0.030206
32.554,0.030392
32.564,0.03058
32.574,0.030779
32.584,0.030976
32.594,0.031167
32.604,0.031353
32.614,0.031548
32.624,0.03174
32.634,0.031924
32.644,0.032105
32.654,0.032271
32.664,0.032427
32.674,0.032577
32.684,0.032707
32.694,0.03281
32.704,0.032894
32.714,0.032961
32.724,0.033002
32.734,0.033019
32.744,0.03301
32.754,0.032964
32.764,0.032884
32.774,0.032769
32.784,0.032617
32.794,0.032434
32.804,0.032214
32.814,0.031949
32.824,0.031652
32.834,0.031322
32.844,0.03095
32.854,0.030536
32.864,0.030081
32.874,0.029588
32.884,0.029054
32.894,0.028481
32.904,0.027869
32.914,0.027215
32.925,0.02653
32.935,0.025804
32.945,0.025048
32.955,0.024261
32.965,0.023434
32.975,0.02257
32.985,0.021691
32.995,0.020785
33.005,0.019857
33.015,0.018911
33.025,0.017949
33.035,0.016978
33.045,0.015986
33.055,0.014996
33.065,0.014011
33.075,0.013024
33.085,0.012039
33.095,0.011064
33.105,0.010096
33.115,0.0091411
33.125,0.008206
33.135,0.0072876
33.145,0.0063845
33.155,0.0055016
33.165,0.0046382
33.175,0.0038047
33.185,0.0030026
33.195,0.0022386
33.205,0.0015109
33.215,0.00082379
33.225,0.00017286
33.235,-0.00042699
33.245,-0.00098492
33.255,-0.0014944
33.265,-0.001954
33.275,-0.0023724
33.285,-0.0027378
33.295,-0.0030528
33.305,-0.0033151
33.316,-0.0035343
33.326,-0.00372
33.336,-0.0038468
33.346,-0.0039232
33.356,-0.0039449
33.366,-0.0039139
33.376,-0.0038394
33.386,-0.0037111
33.396,-0.0035335
33.406,-0.0033044
33.416,-0.0030301
33.426,-0.0027143
33.436,-0.0023603
33.446,-0.0019665
33.456,-0.0015404
33.466,-0.0010852
33.476,-0.00059104
33.486,-6.1263e-005
33.496,0.00050603
33.506,0.0010923
33.516,0.0017075
33.526,0.0023416
33.536,0.0029998
33.546,0.0036833
33.556,0.0043806
33.566,0.0051026
33.576,0.0058327
33.586,0.0065817
33.596,0.0073357
33.606,0.0080863
33.616,0.008843
33.626,0.0096019
33.636,0.01036
33.646,0.011119
33.656,0.011887
33.666,0.012657
33.676,0.013423
33.686,0.014185
33.696,0.014943
33.707,0.015679
33.717,0.016401
33.727,0.017105
33.737,0.017803
33.747,0.01848
33.757,0.01914
33.767,0.019784
33.777,0.020407
33.787,0.021014
33.797,0.021591
33.807,0.022136
33.817,0.022667
33.827,0.023177
33.837,0.023663
33.847,0.024119
33.857,0.024556
33.867,0.024971
33.877,0.025368
33.887,0.025737
33.897,0.026083
33.907,0.026406
33.917,0.026704
33.927,0.026983
33.937,0.02723
33.947,0.027454
33.957,0.027658
33.967,0.027846
33.977,0.028012
33.987,0.028152
33.997,0.028274
34.007,0.028394
34.017,0.028499
34.027,0.028582
34.037,0.02865
34.047,0.028714
34.057,0.02877
34.067,0.028819
34.077,0.028852
34.087,0.02888
34.098,0.028907
34.108,0.028921
34.118,0.028926
34.128,0.028927
34.138,0.028937
34.148,0.02894
34.158,0.028937
34.168,0.028941
34.178,0.028953
34.188,0.028958
34.198,0.028959
34.208,0.028963
34.218,0.028973
34.228,0.028988
34.238,0.029006
34.248,0.029038
34.258,0.029077
34.268,0.029113
34.278,0.029164
34.288,0.029229
34.298,0.029296
34.308,0.029363
34.318,0.029433
34.328,0.029512
34.338,0.029599
34.348,0.029696
34.358,0.029791
34.368,0.029892
34.378,0.03
34.388,0.030109
34.398,0.030216
34.408,0.030326
34.418,0.030435
34.428,0.030534
34.438,0.030635
34.448,0.030728
34.458,0.03081
34.468,0.03089
34.478,0.030959
34.489,0.031019
34.499,0.031064
34.509,0.031104
34.519,0.031134
34.529,0.031155
34.539,0.031164
34.549,0.031152
34.559,0.031127
34.569,0.031086
34.579,0.03102
34.589,0.030922
34.599,0.030796
34.609,0.030649
34.619,0.030482
34.629,0.030292
34.639,0.03008
34.649,0.029838
34.659,0.029561
34.669,0.029257
34.679,0.028937
34.689,0.028587
34.699,0.028203
34.709,0.027795
34.719,0.027364
34.729,0.026913
34.739,0.026428
34.749,0.025918
34.759,0.025385
34.769,0.024832
34.779,0.024258
34.789,0.023653
34.799,0.023027
34.809,0.022379
34.819,0.021702
34.829,0.021005
34.839,0.020289
34.849,0.019565
34.859,0.018831
34.869,0.018077
34.88,0.017309
34.89,0.016533
34.9,0.015752
34.91,0.014953
34.92,0.014142
34.93,0.01333
34.94,0.012524
34.95,0.011713
34.96,0.010904
34.97,0.010099
34.98,0.0092923
34.99,0.0084914
35,0.0077066
35.01,0.0069289
35.02,0.0061517
35.03,0.005388
35.04,0.0046485
35.05,0.003912
35.06,0.003178
35.07,0.0024538
35.08,0.0017507
35.09,0.0010596
35.1,0.0003924
35.11,-0.00025779
35.12,-0.00087744
35.13,-0.001476
35.14,-0.0020664
35.15,-0.0026284
35.16,-0.0031719
35.17,-0.0037048
35.18,-0.0042152
35.19,-0.0047087
35.2,-0.0051782
35.21,-0.0056306
35.22,-0.0060485
35.23,-0.0064416
35.24,-0.0068184
35.25,-0.0071724
35.26,-0.0075063
35.271,-0.007815
35.281,-0.0081052
35.291,-0.0083703
35.301,-0.0086177
35.311,-0.0088348
35.321,-0.0090237
35.331,-0.009185
35.341,-0.0093211
35.351,-0.0094354
35.361,-0.0095265
35.371,-0.0095938
35.381,-0.009639
35.391,-0.0096596
35.401,-0.0096611
35.411,-0.0096539
35.421,-0.0096239
35.431,-0.0095729
35.441,-0.009503
35.451,-0.0094202
35.461,-0.0093182
35.471,-0.0091921
35.481,-0.0090482
35.491,-0.0088918
35.501,-0.0087112
35.511,-0.0085133
35.521,-0.0083103
35.531,-0.008097
35.541,-0.0078672
35.551,-0.007623
35.561,-0.007368
35.571,-0.0071078
35.581,-0.0068385
35.591,-0.0065538
35.601,-0.0062544
35.611,-0.0059548
35.621,-0.0056377
35.631,-0.0053144
35.641,-0.0049825
35.652,-0.0046575
35.662,-0.0043214
35.672,-0.0039767
35.682,-0.003638
35.692,-0.0033025
35.702,-0.0029615
35.712,-0.0026246
35.722,-0.0022996
35.732,-0.0019754
35.742,-0.0016559
35.752,-0.0013395
35.762,-0.0010243
35.772,-0.00071428
35.782,-0.0004077
35.792,-0.00010999
35.802,0.00018679
35.812,0.00047516
35.822,0.00076241
35.832,0.0010505
35.842,0.0013312
35.852,0.0015997
35.862,0.0018665
35.872,0.0021335
35.882,0.0023962
35.892,0.0026528
35.902,0.0029057
35.912,0.0031533
35.922,0.0033997
35.932,0.0036507
35.942,0.0038938
35.952,0.0041439
35.962,0.0043958
35.972,0.0046528
35.982,0.0049131
35.992,0.0051786
36.002,0.0054487
36.012,0.005721
36.022,0.006007
36.032,0.0062991
36.043,0.0065982
36.053,0.0069146
36.063,0.007238
36.073,0.0075556
36.083,0.007883
36.093,0.0082103
36.103,0.0085366
36.113,0.0088649
36.123,0.009197
36.133,0.0095313
36.143,0.0098795
36.153,0.010228
36.163,0.010576
36.173,0.010929
36.183,0.011279
36.193,0.011627
36.203,0.011978
36.213,0.012323
36.223,0.012657
36.233,0.012985
36.243,0.013304
36.253,0.013621
36.263,0.013928
36.273,0.014219
36.283,0.014496
36.293,0.014756
36.303,0.014985
36.313,0.015198
36.323,0.015394
36.333,0.015571
36.343,0.015731
36.353,0.015856
36.363,0.015952
36.373,0.016018
36.383,0.016057
36.393,0.016068
36.403,0.016044
36.413,0.01599
36.423,0.015901
36.434,0.015784
36.444,0.015642
36.454,0.015467
36.464,0.015252
36.474,0.015001
36.484,0.014716
36.494,0.014401
36.504,0.01405
36.514,0.013656
36.524,0.013248
36.534,0.012819
36.544,0.012353
36.554,0.011859
36.564,0.011343
36.574,0.010804
36.584,0.010237
36.594,0.009647
36.604,0.0090378
36.614,0.0084186
36.624,0.0077844
36.634,0.007127
36.644,0.0064703
36.654,0.005798
36.664,0.0051065
36.674,0.0043998
36.684,0.0037199
36.694,0.0030339
36.704,0.0023403
36.714,0.0016505
36.724,0.00097458
36.734,0.00029713
36.744,-0.00035584
36.754,-0.00099721
36.764,-0.0016194
36.774,-0.0022345
36.784,-0.0028045
36.794,-0.0033701
36.804,-0.0039156
36.814,-0.0044344
36.825,-0.0049262
36.835,-0.0054101
36.845,-0.0058691
36.855,-0.0063031
36.865,-0.0067129
36.875,-0.0071053
36.885,-0.0074743
36.895,-0.007814
36.905,-0.0081277
36.915,-0.0084225
36.925,-0.0087027
36.935,-0.0089588
36.945,-0.0091931
36.955,-0.0093953
36.965,-0.0095761
36.975,-0.0097296
36.985,-0.0098547
36.995,-0.0099608
37.005,-0.010045
37.015,-0.010108
37.025,-0.010147
37.035,-0.010172
37.045,-0.010189
37.055,-0.010186
37.065,-0.010163
37.075,-0.010128
37.085,-0.010082
37.095,-0.010021
37.105,-0.0099297
37.115,-0.0098208
37.125,-0.0096927
37.135,-0.0095549
37.145,-0.0094034
37.155,-0.0092298
37.165,-0.0090492
37.175,-0.0088546
37.185,-0.008649
37.195,-0.0084338
37.205,-0.0082007
37.216,-0.0079562
37.226,-0.0076998
37.236,-0.0074286
37.246,-0.0071423
37.256,-0.0068365
37.266,-0.006523
37.276,-0.0061961
37.286,-0.005862
37.296,-0.0055188
37.306,-0.0051655
37.316,-0.0048102
37.326,-0.0044569
37.336,-0.0040992
37.346,-0.0037132
37.356,-0.0033246
37.366,-0.0029295
37.376,-0.0025312
37.386,-0.0021201
37.396,-0.0017016
37.406,-0.0012829
37.416,-0.00085326
37.426,-0.0004213
37.436,1.5331e-005
37.446,0.00045321
37.456,0.00089364
37.466,0.0013388
37.476,0.0017846
37.486,0.0022278
37.496,0.0026736
37.506,0.0031229
37.516,0.0035776
37.526,0.0040354
37.536,0.0044994
37.546,0.0049637
37.556,0.0054226
37.566,0.0058833
37.576,0.006354
37.586,0.0068182
37.596,0.0072835
37.607,0.0077414
37.617,0.0082033
37.627,0.0086593
37.637,0.009119
37.647,0.0095779
37.657,0.010026
37.667,0.010459
37.677,0.010891
37.687,0.011321
37.697,0.011744
37.707,0.01215
37.717,0.01255
37.727,0.012938
37.737,0.013314
37.747,0.013681
37.757,0.014038
37.767,0.014388
37.777,0.01472
37.787,0.015029
37.797,0.015329
37.807,0.015624
37.817,0.015899
37.827,0.016159
37.837,0.016396
37.847,0.016625
37.857,0.016846
37.867,0.017044
37.877,0.017214
37.887,0.017369
37.897,0.017503
37.907,0.017616
37.917,0.017722
37.927,0.017823
37.937,0.017906
37.947,0.017954
37.957,0.017989
37.967,0.018011
37.977,0.018017
37.987,0.018011
37.998,0.017988
38.008,0.017946
38.018,0.017889
38.028,0.017819
38.038,0.017729
38.048,0.017618
38.058,0.017487
38.068,0.017337
38.078,0.017171
38.088,0.016991
38.098,0.016795
38.108,0.016577
38.118,0.016351
38.128,0.016115
38.138,0.015858
38.148,0.015589
38.158,0.015306
38.168,0.015013
38.178,0.014698
38.188,0.014369
38.198,0.014038
38.208,0.013696
38.218,0.013336
38.228,0.012964
38.238,0.012594
38.248,0.012225
38.258,0.011847
38.268,0.011459
38.278,0.01107
38.288,0.010681
38.298,0.010295
38.308,0.0099047
38.318,0.009506
38.328,0.0091088
38.338,0.0087188
38.348,0.0083354
38.358,0.0079505
38.368,0.0075753
38.379,0.0071994
38.389,0.0068257
38.399,0.0064599
38.409,0.0061098
38.419,0.0057671
38.429,0.0054228
38.439,0.0050942
38.449,0.0047789
38.459,0.0044834
38.469,0.0042023
38.479,0.003929
38.489,0.0036718
38.499,0.0034345
38.509,0.0032145
38.519,0.0030066
38.529,0.0028073
38.539,0.0026317
38.549,0.0024762
38.559,0.0023425
38.569,0.0022195
38.579,0.0021119
38.589,0.002028
38.599,0.0019503
38.609,0.0018842
38.619,0.0018393
38.629,0.001815
38.639,0.0018116
38.649,0.0018188
38.659,0.0018476
38.669,0.0019003
38.679,0.0019795
38.689,0.0020685
38.699,0.0021678
38.709,0.0022834
38.719,0.0024159
38.729,0.0025597
38.739,0.002717
38.749,0.0028879
38.759,0.0030639
38.77,0.0032577
38.78,0.0034599
38.79,0.0036781
38.8,0.0039119
38.81,0.0041541
38.82,0.004411
38.83,0.0046741
38.84,0.0049501
38.85,0.0052357
38.86,0.0055403
38.87,0.0058548
38.88,0.0061754
38.89,0.0065061
38.9,0.0068452
38.91,0.0071968
38.92,0.0075521
38.93,0.0079127
38.94,0.0082833
38.95,0.0086704
38.96,0.0090692
38.97,0.0094783
38.98,0.0098916
38.99,0.010307
39,0.010732
39.01,0.011176
39.02,0.011624
39.03,0.012071
39.04,0.01252
39.05,0.01298
39.06,0.013451
39.07,0.013927
39.08,0.014406
39.09,0.014893
39.1,0.015385
39.11,0.015881
39.12,0.016387
39.13,0.016893
39.14,0.017396
39.15,0.017905
39.161,0.018417
39.171,0.018937
39.181,0.019458
39.191,0.01999
39.201,0.020528
39.211,0.021068
39.221,0.021606
39.231,0.022145
39.241,0.022685
39.251,0.023219
39.261,0.023743
39.271,0.024268
39.281,0.024783
39.291,0.025291
39.301,0.025797
39.311,0.026305
39.321,0.026806
39.331,0.027301
39.341,0.027791
39.351,0.028274
39.361,0.028757
39.371,0.029229
39.381,0.029693
39.391,0.03015
39.401,0.030613
39.411,0.031051
39.421,0.031487
39.431,0.031905
39.441,0.032322
39.451,0.032739
39.461,0.033145
39.471,0.033545
39.481,0.033952
39.491,0.034345
39.501,0.034727
39.511,0.035103
39.521,0.035474
39.531,0.035841
39.541,0.036196
39.552,0.03654
39.562,0.036877
39.572,0.037212
39.582,0.037539
39.592,0.037861
39.602,0.038173
39.612,0.038484
39.622,0.038794
39.632,0.039104
39.642,0.039404
39.652,0.039703
39.662,0.039994
39.672,0.040283
39.682,0.040576
39.692,0.040875
39.702,0.041168
39.712,0.041453
39.722,0.041737
39.732,0.042014
39.742,0.042285
39.752,0.042555
39.762,0.042819
39.772,0.04307
39.782,0.04331
39.792,0.043548
39.802,0.043782
39.812,0.044011
39.822,0.044225
39.832,0.04443
39.842,0.044637
39.852,0.044843
39.862,0.045049
39.872,0.045245
39.882,0.045429
39.892,0.045598
39.902,0.045762
39.912,0.045915
39.922,0.046068
39.932,0.046219
39.943,0.046362
39.953,0.046499
39.963,0.046631
39.973,0.046747
39.983,0.046863
39.993,0.046982
40.003,0.04709
40.013,0.047186
40.023,0.047282
40.033,0.047371
40.043,0.04745
40.053,0.047523
40.063,0.047604
40.073,0.047679
40.083,0.04775
40.093,0.047813
40.103,0.047875
40.113,0.047926
40.123,0.04798
40.133,0.048037
40.143,0.048092
40.153,0.048156
40.163,0.048228
40.173,0.048293
40.183,0.048361
40.193,0.048438
40.203,0.048512
40.213,0.048582
40.223,0.048659
40.233,0.048745
40.243,0.048833
40.253,0.048928
40.263,0.049029
40.273,0.04913
40.283,0.049235
40.293,0.049345
40.303,0.049469
40.313,0.049603
40.323,0.049732
40.334,0.049871
40.344,0.050024
40.354,0.050194
40.364,0.050358
40.374,0.050516
40.384,0.050689
40.394,0.050861
40.404,0.051037
40.414,0.05121
40.424,0.051382
40.434,0.051546
40.444,0.051708
40.454,0.051876
40.464,0.052049
40.474,0.052211
40.484,0.052377
40.494,0.052542
40.504,0.052707
40.514,0.052859
40.524,0.053006
40.534,0.053142
40.544,0.05327
40.554,0.053402
40.564,0.053528
40.574,0.053649
40.584,0.053752
40.594,0.053848
40.604,0.053945
40.614,0.054044
40.624,0.054123
40.634,0.054193
40.644,0.054256
40.654,0.054317
40.664,0.054381
40.674,0.054441
40.684,0.054487
40.694,0.054523
40.704,0.054553
40.714,0.054578
40.725,0.054604
40.735,0.054621
40.745,0.054636
40.755,0.05465
40.765,0.054665
40.775,0.054675
40.785,0.054685
40.795,0.05469
40.805,0.054704
40.815,0.054709
40.825,0.05472
40.835,0.054734
40.845,0.054754
40.855,0.054778
40.865,0.054802
40.875,0.054843
40.885,0.054885
40.895,0.054931
40.905,0.054982
40.915,0.055043
40.925,0.055107
40.935,0.055178
40.945,0.055258
40.955,0.055343
40.965,0.055433
40.975,0.055535
40.985,0.055651
40.995,0.055767
41.005,0.055881
41.015,0.055996
41.025,0.056111
41.035,0.056237
41.045,0.056375
41.055,0.056511
41.065,0.05665
41.075,0.056793
41.085,0.056935
41.095,0.057074
41.106,0.0572
41.116,0.057323
41.126,0.057433
41.136,0.057547
41.146,0.057654
41.156,0.057768
41.166,0.057871
41.176,0.05797
41.186,0.058064
41.196,0.058153
41.206,0.058229
41.216,0.058293
41.226,0.058336
41.236,0.05837
41.246,0.058388
41.256,0.058389
41.266,0.058378
41.276,0.058354
41.286,0.058308
41.296,0.058248
41.306,0.05817
41.316,0.058081
41.326,0.057973
41.336,0.057844
41.346,0.05769
41.356,0.057515
41.366,0.057323
41.376,0.057109
41.386,0.056865
41.396,0.056594
41.406,0.056303
41.416,0.055974
41.426,0.055619
41.436,0.055236
41.446,0.054826
41.456,0.054385
41.466,0.053914
41.476,0.053418
41.486,0.052895
41.497,0.052347
41.507,0.051765
41.517,0.051148
41.527,0.050498
41.537,0.049821
41.547,0.049112
41.557,0.048368
41.567,0.047584
41.577,0.046769
41.587,0.045932
41.597,0.045076
41.607,0.044188
41.617,0.043264
41.627,0.042313
41.637,0.041338
41.647,0.040339
41.657,0.039298
41.667,0.038225
41.677,0.037131
41.687,0.036014
41.697,0.034886
41.707,0.033718
41.717,0.032516
41.727,0.031283
41.737,0.030045
41.747,0.028789
41.757,0.027504
41.767,0.026195
41.777,0.024872
41.787,0.02352
41.797,0.022174
41.807,0.020829
41.817,0.019465
41.827,0.018091
41.837,0.016695
41.847,0.015293
41.857,0.013897
41.867,0.012487
41.877,0.01104
41.888,0.0095913
41.898,0.0081505
41.908,0.0066868
41.918,0.0052274
41.928,0.0037491
41.938,0.0022831
41.948,0.00082751
41.958,-0.00062371
41.968,-0.0020697
41.978,-0.0035177
41.988,-0.0049717
41.998,-0.0064039
42.008,-0.0078253
42.018,-0.0092433
42.028,-0.010667
42.038,-0.012099
42.048,-0.013512
42.058,-0.014923
42.068,-0.016327
42.078,-0.017719
42.088,-0.019092
42.098,-0.020445
42.108,-0.021802
42.118,-0.023137
42.128,-0.024463
42.138,-0.025777
42.148,-0.027106
42.158,-0.028425
42.168,-0.029741
42.178,-0.031056
42.188,-0.032367
42.198,-0.033671
42.208,-0.034967
42.218,-0.036248
42.228,-0.037533
42.238,-0.03881
42.248,-0.040057
42.258,-0.041284
42.268,-0.042508
42.279,-0.043734
42.289,-0.044941
42.299,-0.046135
42.309,-0.047319
42.319,-0.048491
42.329,-0.049643
42.339,-0.050784
42.349,-0.051912
42.359,-0.053007
42.369,-0.054088
42.379,-0.055149
42.389,-0.056187
42.399,-0.057195
42.409,-0.05816
42.419,-0.059107
42.429,-0.060029
42.439,-0.060915
42.449,-0.061766
42.459,-0.062575
42.469,-0.063352
42.479,-0.064093
42.489,-0.064791
42.499,-0.06545
42.509,-0.06607
42.519,-0.066638
42.529,-0.067175
42.539,-0.067664
42.549,-0.06812
42.559,-0.068521
42.569,-0.068873
42.579,-0.069191
42.589,-0.069451
42.599,-0.069669
42.609,-0.069842
42.619,-0.069977
42.629,-0.070077
42.639,-0.070143
42.649,-0.070156
42.659,-0.070131
42.67,-0.070064
42.68,-0.069963
42.69,-0.069827
42.7,-0.069655
42.71,-0.06945
42.72,-0.06921
42.73,-0.068938
42.74,-0.068622
42.75,-0.068271
42.76,-0.0679
42.77,-0.067486
42.78,-0.06705
42.79,-0.066594
42.8,-0.066118
42.81,-0.065628
42.82,-0.065123
42.83,-0.064588
42.84,-0.064035
42.85,-0.063476
42.86,-0.0629
42.87,-0.062306
42.88,-0.061695
42.89,-0.061068
42.9,-0.060437
42.91,-0.059808
42.92,-0.059182
42.93,-0.05854
42.94,-0.057892
42.95,-0.057247
42.96,-0.056625
42.97,-0.055998
42.98,-0.055378
42.99,-0.054783
43,-0.054186
43.01,-0.053601
43.02,-0.053023
43.03,-0.052449
43.04,-0.051876
43.05,-0.051314
43.061,-0.050762
43.071,-0.050223
43.081,-0.049696
43.091,-0.049183
43.101,-0.048704
43.111,-0.048237
43.121,-0.047778
43.131,-0.047332
43.141,-0.046911
43.151,-0.04652
43.161,-0.046134
43.171,-0.045763
43.181,-0.045409
43.191,-0.045077
43.201,-0.044754
43.211,-0.044448
43.221,-0.044173
43.231,-0.043918
43.241,-0.043682
43.251,-0.043466
43.261,-0.04328
43.271,-0.043117
43.281,-0.042969
43.291,-0.04284
43.301,-0.042732
43.311,-0.042645
43.321,-0.042567
43.331,-0.042513
43.341,-0.042475
43.351,-0.042448
43.361,-0.042444
43.371,-0.04246
43.381,-0.042488
43.391,-0.042525
43.401,-0.042571
43.411,-0.042636
43.421,-0.042716
43.431,-0.042806
43.441,-0.042914
43.452,-0.043038
43.462,-0.043178
43.472,-0.043324
43.482,-0.043478
43.492,-0.043647
43.502,-0.043806
43.512,-0.043976
43.522,-0.04416
43.532,-0.044351
43.542,-0.044545
43.552,-0.044751
43.562,-0.044941
43.572,-0.045131
43.582,-0.045318
43.592,-0.045501
43.602,-0.04569
43.612,-0.045862
43.622,-0.04603
43.632,-0.046199
43.642,-0.046352
43.652,-0.046505
43.662,-0.046647
43.672,-0.046783
43.682,-0.046911
43.692,-0.047027
43.702,-0.047119
43.712,-0.047216
43.722,-0.047301
43.732,-0.047374
43.742,-0.047434
43.752,-0.047488
43.762,-0.04753
43.772,-0.04756
43.782,-0.047567
43.792,-0.047566
43.802,-0.047546
43.812,-0.047517
43.822,-0.047477
43.833,-0.047423
43.843,-0.047356
43.853,-0.047273
43.863,-0.047192
43.873,-0.047105
43.883,-0.047014
43.893,-0.046927
43.903,-0.046839
43.913,-0.046748
43.923,-0.046652
43.933,-0.046544
43.943,-0.046429
43.953,-0.046317
43.963,-0.046205
43.973,-0.046094
43.983,-0.04598
43.993,-0.045882
44.003,-0.045783
44.013,-0.04569
44.023,-0.045599
44.033,-0.045504
44.043,-0.045394
44.053,-0.045291
44.063,-0.045192
44.073,-0.045107
44.083,-0.045023
44.093,-0.044948
44.103,-0.044865
44.113,-0.044791
44.123,-0.044716
44.133,-0.044639
44.143,-0.044576
44.153,-0.044512
44.163,-0.044453
44.173,-0.04439
44.183,-0.044332
44.193,-0.044276
44.203,-0.044202
44.213,-0.044135
44.224,-0.044084
44.234,-0.044017
44.244,-0.043953
44.254,-0.043878
44.264,-0.043802
44.274,-0.043726
44.284,-0.043631
44.294,-0.043531
44.304,-0.043422
44.314,-0.043294
44.324,-0.043154
44.334,-0.042989
44.344,-0.04281
44.354,-0.042613
44.364,-0.042398
44.374,-0.04217
44.384,-0.041922
44.394,-0.041669
44.404,-0.041392
44.414,-0.041094
44.424,-0.040778
44.434,-0.040435
44.444,-0.040074
44.454,-0.039697
44.464,-0.039307
44.474,-0.038887
44.484,-0.03845
44.494,-0.037995
44.504,-0.037528
44.514,-0.037027
44.524,-0.036511
44.534,-0.035982
44.544,-0.035433
44.554,-0.03486
44.564,-0.034267
44.574,-0.033664
44.584,-0.033051
44.594,-0.032418
44.604,-0.031778
44.615,-0.031124
44.625,-0.030467
44.635,-0.029798
44.645,-0.029139
44.655,-0.028487
44.665,-0.027839
44.675,-0.027163
44.685,-0.026497
44.695,-0.025847
44.705,-0.025184
44.715,-0.024528
44.725,-0.02389
44.735,-0.023256
44.745,-0.022637
44.755,-0.022052
44.765,-0.021487
44.775,-0.020931
44.785,-0.020376
44.795,-0.019832
44.805,-0.01931
44.815,-0.018807
44.825,-0.018323
44.835,-0.017861
44.845,-0.017405
44.855,-0.016984
44.865,-0.016606
44.875,-0.016247
44.885,-0.015913
44.895,-0.015594
44.905,-0.015294
44.915,-0.015018
44.925,-0.01477
44.935,-0.014541
44.945,-0.01435
44.955,-0.014194
44.965,-0.01405
44.975,-0.013928
44.985,-0.01384
44.995,-0.013774
45.006,-0.013734
45.016,-0.01371
45.026,-0.0137
45.036,-0.013721
45.046,-0.013748
45.056,-0.013794
45.066,-0.013849
45.076,-0.013922
45.086,-0.014005
45.096,-0.01408
45.106,-0.014152
45.116,-0.014243
45.126,-0.014337
45.136,-0.014432
45.146,-0.014534
45.156,-0.014638
45.166,-0.014738
45.176,-0.014827
45.186,-0.014909
45.196,-0.014994
45.206,-0.015082
45.216,-0.015155
45.226,-0.01522
45.236,-0.015274
45.246,-0.015309
45.256,-0.015318
45.266,-0.015317
45.276,-0.015308
45.286,-0.015283
45.296,-0.01525
45.306,-0.015195
45.316,-0.015134
45.326,-0.015052
45.336,-0.014936
45.346,-0.014814
45.356,-0.014688
45.366,-0.014546
45.376,-0.014388
45.386,-0.014213
45.397,-0.014024
45.407,-0.013818
45.417,-0.013613
45.427,-0.013376
45.437,-0.013129
45.447,-0.012871
45.457,-0.012612
45.467,-0.012358
45.477,-0.012079
45.487,-0.011788
45.497,-0.011506
45.507,-0.011219
45.517,-0.010927
45.527,-0.010652
45.537,-0.010387
45.547,-0.010123
45.557,-0.0098631
45.567,-0.0096142
45.577,-0.0093779
45.587,-0.0091607
45.597,-0.0089586
45.607,-0.00878
45.617,-0.0086047
45.627,-0.0084435
45.637,-0.0082919
45.647,-0.0081553
45.657,-0.0080392
45.667,-0.0079338
45.677,-0.007867
45.687,-0.0078252
45.697,-0.0078019
45.707,-0.007811
45.717,-0.0078325
45.727,-0.0078912
45.737,-0.0079865
45.747,-0.0080945
45.757,-0.0082337
45.767,-0.0083983
45.777,-0.0085849
45.788,-0.0087714
45.798,-0.0089781
45.808,-0.0091986
45.818,-0.009434
45.828,-0.0096874
45.838,-0.0099432
45.848,-0.010213
45.858,-0.010502
45.868,-0.010798
45.878,-0.011098
45.888,-0.011397
45.898,-0.011712
45.908,-0.012048
45.918,-0.012387
45.928,-0.012709
45.938,-0.013024
45.948,-0.013318
45.958,-0.013602
45.968,-0.013888
45.978,-0.014164
45.988,-0.014416
45.998,-0.014652
46.008,-0.014866
46.018,-0.015067
46.028,-0.015238
46.038,-0.015388
46.048,-0.015509
46.058,-0.015601
46.068,-0.015679
46.078,-0.015731
46.088,-0.015754
46.098,-0.015742
46.108,-0.015726
46.118,-0.015677
46.128,-0.015593
46.138,-0.015485
46.148,-0.015342
46.158,-0.015171
46.168,-0.014961
46.179,-0.014716
46.189,-0.014424
46.199,-0.014107
46.209,-0.013756
46.219,-0.013377
46.229,-0.012976
46.239,-0.012547
46.249,-0.01208
46.259,-0.011586
46.269,-0.011043
46.279,-0.010489
46.289,-0.0099105
46.299,-0.0093151
46.309,-0.0087018
46.319,-0.0080562
46.329,-0.0073837
46.339,-0.0066818
46.349,-0.0059708
46.359,-0.0052309
46.369,-0.0044859
46.379,-0.0037275
46.389,-0.0029269
46.399,-0.0021349
46.409,-0.0013149
46.419,-0.00048949
46.429,0.00031802
46.439,0.0011264
46.449,0.0019552
46.459,0.00279
46.469,0.0036344
46.479,0.00445
46.489,0.0052651
46.499,0.0060917
46.509,0.0068944
46.519,0.0077021
46.529,0.0085067
46.539,0.0092951
46.549,0.010071
46.56,0.01084
46.57,0.011598
46.58,0.012338
46.59,0.013066
46.6,0.013781
46.61,0.014474
46.62,0.015152
46.63,0.015812
46.64,0.016466
46.65,0.017089
46.66,0.017692
46.67,0.018283
46.68,0.018846
46.69,0.019408
46.7,0.019941
46.71,0.020436
46.72,0.020901
46.73,0.021346
46.74,0.02178
46.75,0.022204
46.76,0.022591
46.77,0.02297
46.78,0.023316
46.79,0.023642
46.8,0.023954
46.81,0.024224
46.82,0.024478
46.83,0.024723
46.84,0.024935
46.85,0.025128
46.86,0.025304
46.87,0.025453
46.88,0.025584
46.89,0.025691
46.9,0.02577
46.91,0.025835
46.92,0.025897
46.93,0.025957
46.94,0.025985
46.951,0.025985
46.961,0.025969
46.971,0.025933
46.981,0.025879
46.991,0.025804
47.001,0.025725
47.011,0.025604
47.021,0.02549
47.031,0.025351
47.041,0.025206
47.051,0.025053
47.061,0.024874
47.071,0.02468
47.081,0.024477
47.091,0.024269
47.101,0.024044
47.111,0.02383
47.121,0.023598
47.131,0.023365
47.141,0.023116
47.151,0.02286
47.161,0.022581
47.171,0.0223
47.181,0.022011
47.191,0.021705
47.201,0.02138
47.211,0.021065
47.221,0.020749
47.231,0.020443
47.241,0.020128
47.251,0.019818
47.261,0.019481
47.271,0.019147
47.281,0.018812
47.291,0.018472
47.301,0.018123
47.311,0.017796
47.321,0.017453
47.331,0.017109
47.342,0.016767
47.352,0.016412
47.362,0.016051
47.372,0.015677
47.382,0.01534
47.392,0.015016
47.402,0.014692
47.412,0.014382
47.422,0.014093
47.432,0.013798
47.442,0.013502
47.452,0.013208
47.462,0.012917
47.472,0.01261
47.482,0.01232
47.492,0.012025
47.502,0.011718
47.512,0.011418
47.522,0.011143
47.532,0.010886
47.542,0.010647
47.552,0.010406
47.562,0.010181
47.572,0.0099544
47.582,0.00975
47.592,0.0095639
47.602,0.0093774
47.612,0.0092068
47.622,0.0090441
47.632,0.0089036
47.642,0.0087633
47.652,0.0086404
47.662,0.0085339
47.672,0.0084538
47.682,0.0083789
47.692,0.0083277
47.702,0.0082579
47.712,0.008229
47.722,0.0082011
47.733,0.0081983
47.743,0.0082254
47.753,0.008289
47.763,0.0083569
47.773,0.0084412
47.783,0.0085448
47.793,0.0086752
47.803,0.0088119
47.813,0.0089567
47.823,0.0091428
47.833,0.009345
47.843,0.0095531
47.853,0.0097916
47.863,0.010059
47.873,0.010368
47.883,0.01069
47.893,0.011031
47.903,0.011387
47.913,0.011744
47.923,0.012137
47.933,0.012546
47.943,0.012964
47.953,0.013394
47.963,0.013834
47.973,0.01428
47.983,0.014749
47.993,0.015222
48.003,0.015678
48.013,0.016171
48.023,0.016672
48.033,0.017161
48.043,0.017648
48.053,0.018149
48.063,0.018641
48.073,0.019144
48.083,0.019622
48.093,0.020125
48.103,0.020603
48.113,0.021078
48.124,0.021523
48.134,0.021964
48.144,0.022396
48.154,0.022803
48.164,0.023185
48.174,0.023553
48.184,0.023903
48.194,0.024245
48.204,0.024546
48.214,0.024815
48.224,0.025069
48.234,0.025283
48.244,0.025478
48.254,0.025621
48.264,0.025746
48.274,0.025838
48.284,0.025904
48.294,0.025933
48.304,0.025941
48.314,0.025929
48.324,0.025876
48.334,0.025794
48.344,0.02568
48.354,0.025525
48.364,0.025344
48.374,0.025124
48.384,0.024895
48.394,0.02462
48.404,0.024301
48.414,0.023968
48.424,0.023598
48.434,0.023201
48.444,0.022756
48.454,0.022295
48.464,0.021811
48.474,0.021286
48.484,0.020747
48.494,0.020191
48.504,0.019625
48.515,0.019008
48.525,0.018378
48.535,0.017734
48.545,0.017077
48.555,0.016413
48.565,0.015716
48.575,0.01502
48.585,0.014295
48.595,0.013552
48.605,0.012818
48.615,0.012045
48.625,0.011298
48.635,0.010568
48.645,0.0098141
48.655,0.0090589
48.665,0.0082921
48.675,0.0075198
48.685,0.0067828
48.695,0.0060017
48.705,0.0052222
48.715,0.0044524
48.725,0.0036776
48.735,0.0029175
48.745,0.0021786
48.755,0.0014403
48.765,0.00074418
48.775,5.3252e-005
48.785,-0.00062743
48.795,-0.001305
48.805,-0.0019972
48.815,-0.0026573
48.825,-0.0032775
48.835,-0.0039054
48.845,-0.004529
48.855,-0.0051487
48.865,-0.0057201
48.875,-0.0062759
48.885,-0.0068534
48.895,-0.0073624
48.906,-0.0078348
48.916,-0.0083067
48.926,-0.0088079
48.936,-0.009298
48.946,-0.0097466
48.956,-0.010139
48.966,-0.010515
48.976,-0.010891
48.986,-0.011253
48.996,-0.011611
49.006,-0.01194
49.016,-0.012217
49.026,-0.012544
49.036,-0.012865
49.046,-0.013162
49.056,-0.013407
49.066,-0.01368
49.076,-0.013917
49.086,-0.014163
49.096,-0.014375
49.106,-0.01455
49.116,-0.014707
49.126,-0.014863
49.136,-0.014996
49.146,-0.015126
49.156,-0.015221
49.166,-0.015307
49.176,-0.015422
49.186,-0.015518
49.196,-0.015595
49.206,-0.015672
49.216,-0.015726
49.226,-0.01576
49.236,-0.01577
49.246,-0.01576
49.256,-0.015736
49.266,-0.015651
49.276,-0.015611
49.286,-0.015518
49.297,-0.015417
49.307,-0.015268
49.317,-0.015115
49.327,-0.014939
49.337,-0.014721
49.347,-0.014507
49.357,-0.01426
49.367,-0.013987
49.377,-0.013697
49.387,-0.0134
49.397,-0.013079
49.407,-0.012749
49.417,-0.012398
49.427,-0.012046
49.437,-0.011649
49.447,-0.011187
49.457,-0.010691
49.467,-0.010184
49.477,-0.0096488
49.487,-0.0091172
49.497,-0.0085468
49.507,-0.0079685
49.517,-0.0073959
49.527,-0.0067371
49.537,-0.0060847
49.547,-0.0054842
49.557,-0.0048398
49.567,-0.0042238
49.577,-0.0036123
49.587,-0.0029873
49.597,-0.0023815
49.607,-0.001755
49.617,-0.0011008
49.627,-0.00042983
49.637,0.00019335
49.647,0.000794
49.657,0.0013955
49.667,0.0020052
49.678,0.0025575
49.688,0.0031334
49.698,0.0036831
49.708,0.0041753
49.718,0.0046564
49.728,0.0051379
49.738,0.0056035
49.748,0.006062
49.758,0.0065087
49.768,0.0069275
49.778,0.0072781
49.788,0.0076091
49.798,0.0079281
49.808,0.0082575
49.818,0.0085745
49.828,0.0088268
49.838,0.0090679
49.848,0.0092234
49.858,0.0094063
49.868,0.0095319
49.878,0.0096555
49.888,0.0097114
49.898,0.0098018
49.908,0.0098939
49.918,0.0099372
49.928,0.010038
49.938,0.010046
49.948,0.010022
49.958,0.010033
49.968,0.010071
49.978,0.010069
49.988,0.0099813
49.998,0.0098854
50.008,0.0098034
50.018,0.0096637
50.028,0.0094975
50.038,0.0092802
50.048,0.009076
50.058,0.0088037
50.069,0.0084572
50.079,0.0080931
50.089,0.0076812
50.099,0.0072989
50.109,0.0066959
50.119,0.0061148
