0,-0.0012571
0.010009,-0.0016119
0.020018,-0.0018373
0.030027,-0.0019909
0.040036,-0.0021443
0.050045,-0.0023074
0.060054,-0.0024878
0.070063,-0.0025854
0.080072,-0.0026219
0.090081,-0.0027396
0.10009,-0.002924
0.1101,-0.0030527
0.12011,-0.0030803
0.13012,-0.0031702
0.14013,-0.0033222
0.15014,-0.0034536
0.16014,-0.0035768
0.17015,-0.0036578
0.18016,-0.0037435
0.19017,-0.0038323
0.20018,-0.0039503
0.21019,-0.0040473
0.2202,-0.0041026
0.23021,-0.0042555
0.24022,-0.0043184
0.25023,-0.0043703
0.26024,-0.004435
0.27024,-0.0045199
0.28025,-0.0046375
0.29026,-0.0047664
0.30027,-0.004878
0.31028,-0.004973
0.32029,-0.0050243
0.3303,-0.0051009
0.34031,-0.0051668
0.35032,-0.0052365
0.36033,-0.0053066
0.37033,-0.0053717
0.38034,-0.0054194
0.39035,-0.0054638
0.40036,-0.0055178
0.41037,-0.0055588
0.42038,-0.0055698
0.43039,-0.0055867
0.4404,-0.0055831
0.45041,-0.0056317
0.46042,-0.0057029
0.47042,-0.0057618
0.48043,-0.0058067
0.49044,-0.0058329
0.50045,-0.0058765
0.51046,-0.0058948
0.52047,-0.0059165
0.53048,-0.0059858
0.54049,-0.0060642
0.5505,-0.006125
0.56051,-0.0061818
0.57052,-0.0062494
0.58052,-0.0062792
0.59053,-0.0063081
0.60054,-0.0063411
0.61055,-0.0063762
0.62056,-0.0064275
0.63057,-0.0064684
0.64058,-0.0065429
0.65059,-0.0065984
0.6606,-0.0066449
0.67061,-0.0066773
0.68061,-0.0067002
0.69062,-0.0067219
0.70063,-0.0067142
0.71064,-0.0067186
0.72065,-0.0067384
0.73066,-0.0067549
0.74067,-0.0067715
0.75068,-0.0068177
0.76069,-0.0068748
0.7707,-0.0069063
0.78071,-0.0069149
0.79071,-0.0069151
0.80072,-0.0069026
0.81073,-0.006898
0.82074,-0.0069137
0.83075,-0.0069274
0.84076,-0.0069502
0.85077,-0.0069999
0.86078,-0.0070334
0.87079,-0.0070775
0.8808,-0.007104
0.8908,-0.0071342
0.90081,-0.0071472
0.91082,-0.007174
0.92083,-0.0071431
0.93084,-0.0071075
0.94085,-0.0070829
0.95086,-0.0070438
0.96087,-0.0070426
0.97088,-0.0070364
0.98089,-0.0070419
0.9909,-0.0070534
1.0009,-0.0070655
1.0109,-0.0070606
1.0209,-0.0070479
1.0309,-0.0070517
1.0409,-0.0070464
1.0509,-0.0070362
1.061,-0.0070261
1.071,-0.0070302
1.081,-0.0070107
1.091,-0.0070194
1.101,-0.0070262
1.111,-0.0070281
1.121,-0.0070218
1.131,-0.0070168
1.141,-0.0070231
1.151,-0.0070161
1.161,-0.006995
1.1711,-0.0069755
1.1811,-0.0069614
1.1911,-0.0069521
1.2011,-0.0069363
1.2111,-0.0069118
1.2211,-0.0069035
1.2311,-0.0069028
1.2411,-0.0069237
1.2511,-0.0069269
1.2611,-0.0069438
1.2711,-0.0069302
1.2812,-0.006906
1.2912,-0.0068736
1.3012,-0.0068485
1.3112,-0.0068102
1.3212,-0.0067595
1.3312,-0.006741
1.3412,-0.0067157
1.3512,-0.0067104
1.3612,-0.0066887
1.3712,-0.0066899
1.3812,-0.0066964
1.3913,-0.0066814
1.4013,-0.0066719
1.4113,-0.0066612
1.4213,-0.0066489
1.4313,-0.0066275
1.4413,-0.0065893
1.4513,-0.0065417
1.4613,-0.0065204
1.4713,-0.0064891
1.4813,-0.0064402
1.4913,-0.0064047
1.5014,-0.006375
1.5114,-0.0063549
1.5214,-0.0063381
1.5314,-0.0063121
1.5414,-0.0062776
1.5514,-0.0062383
1.5614,-0.0062131
1.5714,-0.0061599
1.5814,-0.0061002
1.5914,-0.0060344
1.6014,-0.0059477
1.6115,-0.0058748
1.6215,-0.0058045
1.6315,-0.0057451
1.6415,-0.0056887
1.6515,-0.0056523
1.6615,-0.005607
1.6715,-0.0055628
1.6815,-0.005517
1.6915,-0.0054731
1.7015,-0.0054378
1.7115,-0.0053995
1.7216,-0.0053358
1.7316,-0.0052846
1.7416,-0.0052329
1.7516,-0.0051731
1.7616,-0.0051124
1.7716,-0.0050589
1.7816,-0.0050145
1.7916,-0.0049842
1.8016,-0.0049759
1.8116,-0.0049791
1.8216,-0.0049798
1.8317,-0.0049588
1.8417,-0.0049348
1.8517,-0.0049158
1.8617,-0.0048799
1.8717,-0.0048487
1.8817,-0.0048005
1.8917,-0.0047298
1.9017,-0.0046657
1.9117,-0.0045984
1.9217,-0.0045419
1.9317,-0.004491
1.9418,-0.0044388
1.9518,-0.0043896
1.9618,-0.0043362
1.9718,-0.0043103
1.9818,-0.0042875
1.9918,-0.0042624
2.0018,-0.0042188
2.0118,-0.0041814
2.0218,-0.0041568
2.0318,-0.0041201
2.0418,-0.0040968
2.0519,-0.0040664
2.0619,-0.0040184
2.0719,-0.0039593
2.0819,-0.0039151
2.0919,-0.0038605
2.1019,-0.0038069
2.1119,-0.003753
2.1219,-0.0037037
2.1319,-0.0036588
2.1419,-0.0036183
2.1519,-0.0035711
2.162,-0.0035297
2.172,-0.0034902
2.182,-0.0034544
2.192,-0.0034207
2.202,-0.0033898
2.212,-0.0033511
2.222,-0.003295
2.232,-0.0032601
2.242,-0.0032249
2.252,-0.0031995
2.262,-0.0031649
2.2721,-0.0031197
2.2821,-0.003072
2.2921,-0.0030389
2.3021,-0.0030013
2.3121,-0.0029626
2.3221,-0.0029256
2.3321,-0.0029121
2.3421,-0.0029097
2.3521,-0.0029091
2.3621,-0.0028997
2.3721,-0.0028821
2.3822,-0.0028586
2.3922,-0.0028238
2.4022,-0.0027863
2.4122,-0.002756
2.4222,-0.0027083
2.4322,-0.0026645
2.4422,-0.0026412
2.4522,-0.0026295
2.4622,-0.0026288
2.4722,-0.0026057
2.4822,-0.0025932
2.4923,-0.0025789
2.5023,-0.0025723
2.5123,-0.0025645
2.5223,-0.0025574
2.5323,-0.0025595
2.5423,-0.0025617
2.5523,-0.0025476
2.5623,-0.0025186
2.5723,-0.0025016
2.5823,-0.002478
2.5923,-0.0024524
2.6024,-0.0024305
2.6124,-0.002412
2.6224,-0.002396
2.6324,-0.0023888
2.6424,-0.0023767
2.6524,-0.0023755
2.6624,-0.0023586
2.6724,-0.0023349
2.6824,-0.0023134
2.6924,-0.0023102
2.7024,-0.0023248
2.7125,-0.0023312
2.7225,-0.0023422
2.7325,-0.0023396
2.7425,-0.0023278
2.7525,-0.0023065
2.7625,-0.0022896
2.7725,-0.0022774
2.7825,-0.00225
2.7925,-0.0022252
2.8025,-0.0022371
2.8125,-0.0022513
2.8225,-0.0022583
2.8326,-0.0022542
2.8426,-0.0022556
2.8526,-0.0022689
2.8626,-0.0022801
2.8726,-0.0022918
2.8826,-0.0023061
2.8926,-0.0023179
2.9026,-0.0023382
2.9126,-0.0023547
2.9226,-0.0023668
2.9326,-0.0023915
2.9427,-0.0023705
2.9527,-0.0023534
2.9627,-0.0023413
2.9727,-0.0023314
2.9827,-0.0023237
2.9927,-0.0022934
3.0027,-0.0022656
3.0127,-0.0022465
3.0227,-0.0022245
3.0327,-0.0022164
3.0427,-0.0022015
3.0528,-0.0021917
3.0628,-0.0021825
3.0728,-0.002168
3.0828,-0.002155
3.0928,-0.0021502
3.1028,-0.0021605
3.1128,-0.0021565
3.1228,-0.0021463
3.1328,-0.0021321
3.1428,-0.002102
3.1528,-0.0020949
3.1629,-0.0020849
3.1729,-0.0020557
3.1829,-0.0020202
3.1929,-0.0019912
3.2029,-0.001985
3.2129,-0.0019616
3.2229,-0.001949
3.2329,-0.0019331
3.2429,-0.0019077
3.2529,-0.0018935
3.2629,-0.0018667
3.273,-0.0018486
3.283,-0.0018361
3.293,-0.0018132
3.303,-0.0017894
3.313,-0.0017568
3.323,-0.0017284
3.333,-0.0017049
3.343,-0.0016761
3.353,-0.0016476
3.363,-0.0016116
3.373,-0.0015737
3.3831,-0.0015431
3.3931,-0.0015018
3.4031,-0.0014632
3.4131,-0.0014373
3.4231,-0.0014022
3.4331,-0.0013669
3.4431,-0.0013413
3.4531,-0.001325
3.4631,-0.0013007
3.4731,-0.0012811
3.4831,-0.0012605
3.4932,-0.0012481
3.5032,-0.0012275
3.5132,-0.001181
3.5232,-0.0011441
3.5332,-0.0011065
3.5432,-0.0010613
3.5532,-0.0010376
3.5632,-0.001002
3.5732,-0.00097549
3.5832,-0.00094244
3.5932,-0.00091232
3.6033,-0.00088324
3.6133,-0.00085419
3.6233,-0.00080049
3.6333,-0.00075199
3.6433,-0.00070291
3.6533,-0.0006517
3.6633,-0.00059516
3.6733,-0.00054154
3.6833,-0.00049675
3.6933,-0.00045456
3.7033,-0.0004199
3.7134,-0.00039209
3.7234,-0.0003641
3.7334,-0.00032646
3.7434,-0.00028798
3.7534,-0.00025568
3.7634,-0.00022398
3.7734,-0.00018984
3.7834,-0.00014898
3.7934,-9.8696e-005
3.8034,-5.8467e-005
3.8134,-2.2601e-005
3.8235,1.362e-005
3.8335,4.4493e-005
3.8435,7.7533e-005
3.8535,0.00010748
3.8635,0.00015491
3.8735,0.00020741
3.8835,0.0002417
3.8935,0.00027442
3.9035,0.00031139
3.9135,0.00034403
3.9235,0.00039141
3.9336,0.00042916
3.9436,0.00045736
3.9536,0.00050686
3.9636,0.00054726
3.9736,0.00060608
3.9836,0.0006563
3.9936,0.00071249
4.0036,0.00075297
4.0136,0.00079019
4.0236,0.00085774
4.0336,0.0009083
4.0437,0.00094946
4.0537,0.00098742
4.0637,0.0010334
4.0737,0.0010853
4.0837,0.0011318
4.0937,0.0011861
4.1037,0.0012533
4.1137,0.0012888
4.1237,0.0013221
4.1337,0.0013545
4.1437,0.0014014
4.1538,0.0014448
4.1638,0.0014785
4.1738,0.0015124
4.1838,0.0015626
4.1938,0.0016027
4.2038,0.0016528
4.2138,0.0016989
4.2238,0.0017608
4.2338,0.001814
4.2438,0.0018747
4.2538,0.0019177
4.2639,0.0019612
4.2739,0.0020207
4.2839,0.0020698
4.2939,0.0021183
4.3039,0.0021751
4.3139,0.0022299
4.3239,0.0022877
4.3339,0.00232
4.3439,0.0023716
4.3539,0.0024269
4.3639,0.0024576
4.374,0.0024825
4.384,0.0025276
4.394,0.0025612
4.404,0.0025731
4.414,0.0026174
4.424,0.0026549
4.434,0.0027128
4.444,0.0027594
4.454,0.0027858
4.464,0.0028189
4.474,0.0028543
4.4841,0.0028849
4.4941,0.0029263
4.5041,0.0029884
4.5141,0.003031
4.5241,0.003067
4.5341,0.0030948
4.5441,0.0031332
4.5541,0.0031678
4.5641,0.0032015
4.5741,0.003243
4.5841,0.0032666
4.5941,0.0032931
4.6042,0.0033397
4.6142,0.0033875
4.6242,0.0034339
4.6342,0.0034933
4.6442,0.0035553
4.6542,0.0036066
4.6642,0.0036766
4.6742,0.0037426
4.6842,0.0038019
4.6942,0.0038646
4.7042,0.0039276
4.7143,0.0039933
4.7243,0.0040745
4.7343,0.0041442
4.7443,0.0042107
4.7543,0.0042737
4.7643,0.0043489
4.7743,0.0044049
4.7843,0.0044511
4.7943,0.0044989
4.8043,0.004546
4.8143,0.0045939
4.8244,0.00465
4.8344,0.0046976
4.8444,0.0047376
4.8544,0.0047812
4.8644,0.0048304
4.8744,0.0048767
4.8844,0.0049102
4.8944,0.0049492
4.9044,0.0050075
4.9144,0.0050781
4.9244,0.005116
4.9345,0.0051607
4.9445,0.0052071
4.9545,0.0052649
4.9645,0.0053079
4.9745,0.0053562
4.9845,0.0054073
4.9945,0.0054721
5.0045,0.0055247
5.0145,0.0055694
5.0245,0.0056039
5.0345,0.0056669
5.0446,0.0057155
5.0546,0.0057455
5.0646,0.0057795
5.0746,0.0058057
5.0846,0.0058556
5.0946,0.005913
5.1046,0.0059666
5.1146,0.0060273
5.1246,0.0060732
5.1346,0.0060997
5.1446,0.0061522
5.1547,0.0062009
5.1647,0.0062455
5.1747,0.0063109
5.1847,0.0063634
5.1947,0.0064273
5.2047,0.0065019
5.2147,0.0065534
5.2247,0.0065983
5.2347,0.006643
5.2447,0.0067058
5.2547,0.0067623
5.2648,0.0068194
5.2748,0.0068672
5.2848,0.0069362
5.2948,0.0069643
5.3048,0.0070269
5.3148,0.00709
5.3248,0.0071241
5.3348,0.0071826
5.3448,0.0072453
5.3548,0.00731
5.3648,0.0073573
5.3749,0.0074075
5.3849,0.0074342
5.3949,0.0074826
5.4049,0.007549
5.4149,0.0076107
5.4249,0.0076615
5.4349,0.007719
5.4449,0.0077705
5.4549,0.0078225
5.4649,0.0078809
5.4749,0.0079495
5.485,0.0080175
5.495,0.0080794
5.505,0.0081151
5.515,0.0081948
5.525,0.0082488
5.535,0.0083194
5.545,0.008377
5.555,0.0084439
5.565,0.0085113
5.575,0.0085813
5.585,0.0086308
5.5951,0.0086981
5.6051,0.008756
5.6151,0.0088132
5.6251,0.0088733
5.6351,0.0089279
5.6451,0.0090004
5.6551,0.0090471
5.6651,0.0090889
5.6751,0.0091405
5.6851,0.0091767
5.6951,0.009223
5.7052,0.0092841
5.7152,0.009341
5.7252,0.0094031
5.7352,0.0094551
5.7452,0.0095227
5.7552,0.0095739
5.7652,0.0096355
5.7752,0.0096903
5.7852,0.0097634
5.7952,0.0098269
5.8052,0.0098874
5.8153,0.0099481
5.8253,0.010021
5.8353,0.010067
5.8453,0.010122
5.8553,0.010154
5.8653,0.010192
5.8753,0.010222
5.8853,0.010283
5.8953,0.010322
5.9053,0.01038
5.9153,0.010439
5.9254,0.010477
5.9354,0.010506
5.9454,0.010544
5.9554,0.010581
5.9654,0.0106
5.9754,0.010635
5.9854,0.010658
5.9954,0.010693
6.0054,0.010728
6.0154,0.010764
6.0254,0.010804
6.0355,0.010865
6.0455,0.010913
6.0555,0.010962
6.0655,0.011014
6.0755,0.011069
6.0855,0.011123
6.0955,0.011157
6.1055,0.011191
6.1155,0.011216
6.1255,0.011234
6.1355,0.01127
6.1456,0.011322
6.1556,0.011367
6.1656,0.011433
6.1756,0.011475
6.1856,0.011536
6.1956,0.011591
6.2056,0.011651
6.2156,0.0117
6.2256,0.011755
6.2356,0.011815
6.2456,0.011872
6.2557,0.011908
6.2657,0.011957
6.2757,0.011996
6.2857,0.012041
6.2957,0.012079
6.3057,0.012116
6.3157,0.012164
6.3257,0.012201
6.3357,0.012266
6.3457,0.012323
6.3557,0.012363
6.3658,0.012407
6.3758,0.012446
6.3858,0.012485
6.3958,0.012541
6.4058,0.012584
6.4158,0.012624
6.4258,0.012674
6.4358,0.012743
6.4458,0.012802
6.4558,0.012855
6.4658,0.012894
6.4758,0.012927
6.4859,0.012972
6.4959,0.013009
6.5059,0.013051
6.5159,0.0131
6.5259,0.013136
6.5359,0.013164
6.5459,0.013197
6.5559,0.013257
6.5659,0.013305
6.5759,0.013354
6.5859,0.013391
6.596,0.013418
6.606,0.013463
6.616,0.013496
6.626,0.013535
6.636,0.013579
6.646,0.013639
6.656,0.01368
6.666,0.013724
6.676,0.013771
6.686,0.013821
6.696,0.013855
6.7061,0.013907
6.7161,0.013944
6.7261,0.01398
6.7361,0.013995
6.7461,0.014037
6.7561,0.014078
6.7661,0.01413
6.7761,0.014183
6.7861,0.014223
6.7961,0.014258
6.8061,0.014292
6.8162,0.014329
6.8262,0.014346
6.8362,0.014401
6.8462,0.014436
6.8562,0.014469
6.8662,0.014528
6.8762,0.014566
6.8862,0.014606
6.8962,0.014658
6.9062,0.01469
6.9162,0.014725
6.9263,0.014767
6.9363,0.014803
6.9463,0.014835
6.9563,0.014872
6.9663,0.014889
6.9763,0.014909
6.9863,0.014952
6.9963,0.014993
7.0063,0.015025
7.0163,0.015049
7.0263,0.015063
7.0364,0.015079
7.0464,0.015098
7.0564,0.015139
7.0664,0.015176
7.0764,0.015209
7.0864,0.015261
7.0964,0.015298
7.1064,0.015333
7.1164,0.01537
7.1264,0.015398
7.1364,0.015431
7.1465,0.015445
7.1565,0.015485
7.1665,0.01552
7.1765,0.015547
7.1865,0.015564
7.1965,0.015584
7.2065,0.015605
7.2165,0.015628
7.2265,0.015638
7.2365,0.015648
7.2465,0.015639
7.2566,0.01563
7.2666,0.015624
7.2766,0.015628
7.2866,0.015615
7.2966,0.015618
7.3066,0.015624
7.3166,0.015633
7.3266,0.015637
7.3366,0.015621
7.3466,0.015618
7.3566,0.015611
7.3667,0.015599
7.3767,0.015595
7.3867,0.015584
7.3967,0.015574
7.4067,0.015566
7.4167,0.015566
7.4267,0.015561
7.4367,0.015558
7.4467,0.015556
7.4567,0.015562
7.4667,0.015568
7.4768,0.015575
7.4868,0.01557
7.4968,0.015561
7.5068,0.015534
7.5168,0.015524
7.5268,0.015524
7.5368,0.015502
7.5468,0.015472
7.5568,0.015443
7.5668,0.015406
7.5768,0.015363
7.5869,0.01532
7.5969,0.015293
7.6069,0.015254
7.6169,0.015187
7.6269,0.015151
7.6369,0.01511
7.6469,0.015046
7.6569,0.014982
7.6669,0.014944
7.6769,0.014897
7.6869,0.014846
7.697,0.014776
7.707,0.014703
7.717,0.014658
7.727,0.014602
7.737,0.01455
7.747,0.014494
7.757,0.014429
7.767,0.014391
7.777,0.014329
7.787,0.014236
7.797,0.014168
7.8071,0.014103
7.8171,0.01403
7.8271,0.01393
7.8371,0.013846
7.8471,0.013762
7.8571,0.013661
7.8671,0.013576
7.8771,0.013461
7.8871,0.01337
7.8971,0.013276
7.9071,0.013179
7.9172,0.01309
7.9272,0.01299
7.9372,0.012888
7.9472,0.0128
7.9572,0.012719
7.9672,0.01265
7.9772,0.012582
7.9872,0.012517
7.9972,0.012437
8.0072,0.012357
8.0172,0.012305
8.0273,0.012227
8.0373,0.012123
8.0473,0.012068
8.0573,0.012031
8.0673,0.011971
8.0773,0.011922
8.0873,0.011865
8.0973,0.011796
8.1073,0.011747
8.1173,0.011714
8.1273,0.011671
8.1374,0.011601
8.1474,0.011562
8.1574,0.011509
8.1674,0.011467
8.1774,0.011429
8.1874,0.011387
8.1974,0.011356
8.2074,0.011331
8.2174,0.011313
8.2274,0.0113
8.2374,0.011288
8.2475,0.011266
8.2575,0.011257
8.2675,0.011259
8.2775,0.01126
8.2875,0.011262
8.2975,0.011264
8.3075,0.011276
8.3175,0.011295
8.3275,0.011317
8.3375,0.011344
8.3475,0.011388
8.3575,0.011419
8.3676,0.011456
8.3776,0.011502
8.3876,0.011551
8.3976,0.011601
8.4076,0.011648
8.4176,0.011693
8.4276,0.011743
8.4376,0.011801
8.4476,0.011861
8.4576,0.011928
8.4676,0.011994
8.4777,0.012055
8.4877,0.012116
8.4977,0.012189
8.5077,0.012268
8.5177,0.012346
8.5277,0.012429
8.5377,0.012517
8.5477,0.0126
8.5577,0.012695
8.5677,0.012786
8.5777,0.012876
8.5878,0.012961
8.5978,0.013045
8.6078,0.013137
8.6178,0.013235
8.6278,0.013337
8.6378,0.013438
8.6478,0.01353
8.6578,0.013632
8.6678,0.013735
8.6778,0.013838
8.6878,0.013928
8.6979,0.014028
8.7079,0.014113
8.7179,0.014202
8.7279,0.014292
8.7379,0.014378
8.7479,0.014445
8.7579,0.014506
8.7679,0.014573
8.7779,0.01463
8.7879,0.014679
8.7979,0.014721
8.808,0.014755
8.818,0.01479
8.828,0.014829
8.838,0.014865
8.848,0.014892
8.858,0.014919
8.868,0.014951
8.878,0.014967
8.888,0.014989
8.898,0.015008
8.908,0.01502
8.9181,0.015039
8.9281,0.015045
8.9381,0.015058
8.9481,0.015077
8.9581,0.015075
8.9681,0.015071
8.9781,0.015059
8.9881,0.015043
8.9981,0.015021
9.0081,0.014986
9.0181,0.014953
9.0282,0.014914
9.0382,0.014852
9.0482,0.014795
9.0582,0.014744
9.0682,0.014682
9.0782,0.014623
9.0882,0.014561
9.0982,0.014493
9.1082,0.014409
9.1182,0.014331
9.1282,0.014246
9.1383,0.014162
9.1483,0.014074
9.1583,0.013985
9.1683,0.013883
9.1783,0.013775
9.1883,0.01367
9.1983,0.013559
9.2083,0.013446
9.2183,0.013332
9.2283,0.013213
9.2383,0.013105
9.2484,0.013
9.2584,0.012873
9.2684,0.012752
9.2784,0.012634
9.2884,0.012518
9.2984,0.012389
9.3084,0.012259
9.3184,0.012128
9.3284,0.01201
9.3384,0.011895
9.3484,0.011763
9.3585,0.011626
9.3685,0.011493
9.3785,0.011353
9.3885,0.011218
9.3985,0.01109
9.4085,0.010951
9.4185,0.010812
9.4285,0.010678
9.4385,0.010543
9.4485,0.010407
9.4585,0.010259
9.4686,0.010115
9.4786,0.0099718
9.4886,0.0098402
9.4986,0.009706
9.5086,0.0095551
9.5186,0.0094165
9.5286,0.0092781
9.5386,0.0091208
9.5486,0.0089649
9.5586,0.0088301
9.5686,0.0086975
9.5787,0.0085675
9.5887,0.0084326
9.5987,0.0083033
9.6087,0.0081673
9.6187,0.0080374
9.6287,0.00789
9.6387,0.0077327
9.6487,0.0075846
9.6587,0.0074258
9.6687,0.0072856
9.6787,0.0071419
9.6888,0.0070011
9.6988,0.0068544
9.7088,0.0067089
9.7188,0.0065616
9.7288,0.0064126
9.7388,0.0062697
9.7488,0.0061343
9.7588,0.0059958
9.7688,0.0058456
9.7788,0.0056958
9.7888,0.0055595
9.7989,0.0054319
9.8089,0.0053067
9.8189,0.0051693
9.8289,0.0050111
9.8389,0.0048737
9.8489,0.0047614
9.8589,0.0046193
9.8689,0.0044999
9.8789,0.004372
9.8889,0.0042309
9.8989,0.0041401
9.909,0.0040241
9.919,0.0038871
9.929,0.0037636
9.939,0.0036351
9.949,0.0035165
9.959,0.0034032
9.969,0.0033055
9.979,0.0031793
9.989,0.0030605
9.999,0.00295
10.009,0.0028402
10.019,0.0027513
10.029,0.0026581
10.039,0.0025735
10.049,0.0024867
10.059,0.0023855
10.069,0.0022745
10.079,0.002177
10.089,0.0020734
10.099,0.0019776
10.109,0.0018772
10.119,0.0017667
10.129,0.0016767
10.139,0.0015721
10.149,0.0014632
10.159,0.0013764
10.169,0.0012806
10.179,0.0011812
10.189,0.0010984
10.199,0.0010039
10.209,0.0009293
10.219,0.00084097
10.229,0.00076726
10.239,0.00069109
10.249,0.00062513
10.259,0.00055812
10.269,0.0004908
10.279,0.00043196
10.289,0.0003872
10.299,0.00033891
10.309,0.00027679
10.319,0.00021696
10.329,0.00017111
10.339,0.00011659
10.349,6.4175e-005
10.359,1.3114e-005
10.369,-3.851e-005
10.379,-8.3392e-005
10.389,-0.00011458
10.399,-0.00014583
10.409,-0.000184
10.419,-0.00021652
10.429,-0.00024318
10.439,-0.00026963
10.449,-0.00030064
10.459,-0.00032999
10.469,-0.0003714
10.479,-0.00041236
10.489,-0.00044678
10.499,-0.00048628
10.509,-0.00051596
10.52,-0.00055502
10.53,-0.00058798
10.54,-0.00062619
10.55,-0.00066439
10.56,-0.00070458
10.57,-0.00072478
10.58,-0.00075312
10.59,-0.00079616
10.6,-0.00084835
10.61,-0.00089459
10.62,-0.00093759
10.63,-0.0009734
10.64,-0.0010055
10.65,-0.0010456
10.66,-0.0010648
10.67,-0.0010973
10.68,-0.0011275
10.69,-0.0011635
10.7,-0.0011955
10.71,-0.0012436
10.72,-0.0012815
10.73,-0.0013183
10.74,-0.0013479
10.75,-0.0013819
10.76,-0.0014231
10.77,-0.0014625
10.78,-0.0014949
10.79,-0.0015178
10.8,-0.0015457
10.81,-0.0015856
10.82,-0.0016323
10.83,-0.0016727
10.84,-0.0017075
10.85,-0.0017498
10.86,-0.0017831
10.87,-0.0018144
10.88,-0.0018407
10.89,-0.0018737
10.9,-0.0019104
10.91,-0.0019575
10.92,-0.0020066
10.93,-0.0020528
10.94,-0.0020949
10.95,-0.0021317
10.96,-0.0021809
10.97,-0.0022235
10.98,-0.0022551
10.99,-0.0023026
11,-0.0023453
11.01,-0.0023859
11.02,-0.0024246
11.03,-0.002459
11.04,-0.0024831
11.05,-0.0025105
11.06,-0.0025261
11.07,-0.0025352
11.08,-0.0025466
11.09,-0.0025635
11.1,-0.0025799
11.11,-0.0025928
11.12,-0.0026181
11.13,-0.0026598
11.14,-0.0026914
11.15,-0.002711
11.16,-0.0027236
11.17,-0.0027468
11.18,-0.0027829
11.19,-0.0028146
11.2,-0.0028507
11.21,-0.0029001
11.22,-0.0029301
11.23,-0.0029624
11.24,-0.0029994
11.25,-0.0030359
11.26,-0.0030806
11.27,-0.0031068
11.28,-0.0031426
11.29,-0.0031698
11.3,-0.0031994
11.31,-0.0032347
11.32,-0.0032738
11.33,-0.0033017
11.34,-0.0033349
11.35,-0.0033585
11.36,-0.0033963
11.37,-0.0034335
11.38,-0.0034814
11.39,-0.0035199
11.4,-0.0035562
11.41,-0.0035974
11.42,-0.0036441
11.43,-0.0037011
11.44,-0.0037698
11.45,-0.0038451
11.46,-0.0039201
11.47,-0.0039954
11.48,-0.0040739
11.49,-0.004162
11.5,-0.0042569
11.51,-0.0043607
11.52,-0.0044709
11.53,-0.0045918
11.54,-0.0047121
11.55,-0.0048326
11.56,-0.0049728
11.57,-0.0051236
11.58,-0.0052847
11.59,-0.0054532
11.6,-0.0056205
11.61,-0.0057984
11.62,-0.0059798
11.631,-0.0061724
11.641,-0.0063554
11.651,-0.0065378
11.661,-0.0067076
11.671,-0.0068782
11.681,-0.0070492
11.691,-0.0072338
11.701,-0.0074134
11.711,-0.00759
11.721,-0.0077636
11.731,-0.0079438
11.741,-0.0081221
11.751,-0.0083147
11.761,-0.0084856
11.771,-0.0086538
11.781,-0.0088146
11.791,-0.0089859
11.801,-0.0091322
11.811,-0.0092853
11.821,-0.0093976
11.831,-0.0095038
11.841,-0.0096005
11.851,-0.0096808
11.861,-0.0097382
11.871,-0.0098054
11.881,-0.0098493
11.891,-0.009888
11.901,-0.00991
11.911,-0.009916
11.921,-0.009909
11.931,-0.009885
11.941,-0.0098375
11.951,-0.0097728
11.961,-0.0096811
11.971,-0.0095732
11.981,-0.0094467
11.991,-0.0092989
12.001,-0.0091336
12.011,-0.0089561
12.021,-0.0087651
12.031,-0.0085542
12.041,-0.0083181
12.051,-0.0080777
12.061,-0.0078323
12.071,-0.0075786
12.081,-0.0073082
12.091,-0.0070238
12.101,-0.0067218
12.111,-0.0064149
12.121,-0.0060963
12.131,-0.0057709
12.141,-0.0054507
12.151,-0.0051403
12.161,-0.0048335
12.171,-0.0045289
12.181,-0.0042317
12.191,-0.0039412
12.201,-0.0036702
12.211,-0.0034177
12.221,-0.0031802
12.231,-0.0029604
12.241,-0.0027649
12.251,-0.0025924
12.261,-0.0024383
12.271,-0.0023178
12.281,-0.0022397
12.291,-0.0021909
12.301,-0.0021619
12.311,-0.0021674
12.321,-0.0022049
12.331,-0.0022854
12.341,-0.0023992
12.351,-0.0025626
12.361,-0.0027683
12.371,-0.0030325
12.381,-0.0033392
12.391,-0.003684
12.401,-0.0041028
12.411,-0.0045476
12.421,-0.0050769
12.431,-0.0056537
12.441,-0.0062575
12.451,-0.0069112
12.461,-0.0075989
12.471,-0.0083372
12.481,-0.009095
12.491,-0.0098811
12.501,-0.010749
12.511,-0.011627
12.521,-0.012518
12.531,-0.013444
12.541,-0.014404
12.551,-0.015406
12.561,-0.01644
12.571,-0.017503
12.581,-0.018599
12.591,-0.019671
12.601,-0.020788
12.611,-0.02187
12.621,-0.02302
12.631,-0.024142
12.641,-0.025232
12.651,-0.026346
12.661,-0.027423
12.671,-0.028528
12.681,-0.029615
12.691,-0.030707
12.701,-0.031776
12.711,-0.032816
12.721,-0.033834
12.732,-0.034853
12.742,-0.03585
12.752,-0.036821
12.762,-0.037775
12.772,-0.038705
12.782,-0.039608
12.792,-0.040487
12.802,-0.041332
12.812,-0.042141
12.822,-0.042924
12.832,-0.043681
12.842,-0.044415
12.852,-0.045123
12.862,-0.045797
12.872,-0.046433
12.882,-0.047042
12.892,-0.047633
12.902,-0.048181
12.912,-0.04868
12.922,-0.04915
12.932,-0.049592
12.942,-0.050005
12.952,-0.050385
12.962,-0.050738
12.972,-0.051061
12.982,-0.051363
12.992,-0.051633
13.002,-0.051872
13.012,-0.05208
13.022,-0.052262
13.032,-0.052422
13.042,-0.05257
13.052,-0.052703
13.062,-0.052818
13.072,-0.052927
13.082,-0.053018
13.092,-0.0531
13.102,-0.05318
13.112,-0.053259
13.122,-0.053336
13.132,-0.053414
13.142,-0.053486
13.152,-0.05356
13.162,-0.053629
13.172,-0.053697
13.182,-0.053765
13.192,-0.053843
13.202,-0.053926
13.212,-0.054011
13.222,-0.054109
13.232,-0.054211
13.242,-0.054303
13.252,-0.054398
13.262,-0.054499
13.272,-0.054615
13.282,-0.054734
13.292,-0.054865
13.302,-0.054998
13.312,-0.05513
13.322,-0.055267
13.332,-0.0554
13.342,-0.055537
13.352,-0.055674
13.362,-0.055807
13.372,-0.055933
13.382,-0.056058
13.392,-0.056179
13.402,-0.056283
13.412,-0.056383
13.422,-0.056471
13.432,-0.056549
13.442,-0.056603
13.452,-0.056644
13.462,-0.056677
13.472,-0.056694
13.482,-0.056686
13.492,-0.056657
13.502,-0.056604
13.512,-0.056529
13.522,-0.05643
13.532,-0.056296
13.542,-0.056132
13.552,-0.055943
13.562,-0.055723
13.572,-0.055469
13.582,-0.055178
13.592,-0.054857
13.602,-0.054512
13.612,-0.054136
13.622,-0.053729
13.632,-0.053294
13.642,-0.052829
13.652,-0.052333
13.662,-0.051804
13.672,-0.051242
13.682,-0.05065
13.692,-0.050036
13.702,-0.049404
13.712,-0.048758
13.722,-0.048086
13.732,-0.047388
13.742,-0.046679
13.752,-0.045953
13.762,-0.045208
13.772,-0.044453
13.782,-0.043696
13.792,-0.04294
13.802,-0.042175
13.812,-0.041407
13.822,-0.040635
13.832,-0.039871
13.843,-0.039121
13.853,-0.038373
13.863,-0.037629
13.873,-0.0369
13.883,-0.03619
13.893,-0.035505
13.903,-0.03485
13.913,-0.034224
13.923,-0.03362
13.933,-0.03305
13.943,-0.032518
13.953,-0.032035
13.963,-0.031596
13.973,-0.0312
13.983,-0.030845
13.993,-0.030544
14.003,-0.030294
14.013,-0.03009
14.023,-0.029942
14.033,-0.02986
14.043,-0.029836
14.053,-0.029868
14.063,-0.029956
14.073,-0.0301
14.083,-0.030314
14.093,-0.030591
14.103,-0.030932
14.113,-0.031342
14.123,-0.031815
14.133,-0.032371
14.143,-0.032987
14.153,-0.033666
14.163,-0.034411
14.173,-0.035219
14.183,-0.036106
14.193,-0.037056
14.203,-0.038066
14.213,-0.039149
14.223,-0.040296
14.233,-0.041501
14.243,-0.042768
14.253,-0.044094
14.263,-0.045484
14.273,-0.046942
14.283,-0.048466
14.293,-0.050045
14.303,-0.051698
14.313,-0.053419
14.323,-0.055191
14.333,-0.05701
14.343,-0.058897
14.353,-0.060832
14.363,-0.062824
14.373,-0.064876
14.383,-0.066979
14.393,-0.069133
14.403,-0.071377
14.413,-0.073669
14.423,-0.075994
14.433,-0.078352
14.443,-0.080764
14.453,-0.083208
14.463,-0.085708
14.473,-0.088282
14.483,-0.090909
14.493,-0.093577
14.503,-0.096294
14.513,-0.099099
14.523,-0.10194
14.533,-0.1048
14.543,-0.10767
14.553,-0.1106
14.563,-0.1136
14.573,-0.11664
14.583,-0.1198
14.593,-0.12304
14.603,-0.12627
14.613,-0.12958
14.623,-0.13299
14.633,-0.13634
14.643,-0.13979
14.653,-0.14326
14.663,-0.14692
14.673,-0.15063
14.683,-0.15438
14.693,-0.15821
14.703,-0.16201
14.713,-0.1659
14.723,-0.16992
14.733,-0.17384
14.743,-0.17792
14.753,-0.18198
14.763,-0.18588
14.773,-0.19011
14.783,-0.19419
14.793,-0.19847
14.803,-0.20272
14.813,-0.20698
14.823,-0.21127
14.833,-0.21551
14.843,-0.21974
14.853,-0.22397
14.863,-0.22817
14.873,-0.23242
14.883,-0.23667
14.893,-0.24098
14.903,-0.24528
14.913,-0.24968
14.923,-0.25405
14.933,-0.2583
14.943,-0.26267
14.954,-0.26701
14.964,-0.27135
14.974,-0.2756
14.984,-0.28003
14.994,-0.28434
15.004,-0.28858
15.014,-0.29275
15.024,-0.29694
15.034,-0.30113
15.044,-0.30537
15.054,-0.30955
15.064,-0.31378
15.074,-0.31796
15.084,-0.32216
15.094,-0.32644
15.104,-0.33075
15.114,-0.33503
15.124,-0.33929
15.134,-0.34356
15.144,-0.3478
15.154,-0.35207
15.164,-0.35655
15.174,-0.36097
15.184,-0.36536
15.194,-0.36995
15.204,-0.37448
15.214,-0.37905
15.224,-0.38366
15.234,-0.38834
15.244,-0.39302
15.254,-0.39782
15.264,-0.40268
15.274,-0.4078
15.284,-0.4129
15.294,-0.41813
15.304,-0.42337
15.314,-0.42871
15.324,-0.43403
15.334,-0.43939
15.344,-0.4449
15.354,-0.45048
15.364,-0.45613
15.374,-0.4619
15.384,-0.46783
15.394,-0.47385
15.404,-0.47995
15.414,-0.48614
15.424,-0.49241
15.434,-0.4988
15.444,-0.50534
15.454,-0.51198
15.464,-0.51873
15.474,-0.52565
15.484,-0.5327
15.494,-0.53987
15.504,-0.54711
15.514,-0.55443
15.524,-0.56193
15.534,-0.56949
15.544,-0.57709
15.554,-0.5848
15.564,-0.59263
15.574,-0.60053
15.584,-0.60856
15.594,-0.61676
15.604,-0.625
15.614,-0.63325
15.624,-0.64156
15.634,-0.64989
15.644,-0.65826
15.654,-0.66662
15.664,-0.67501
15.674,-0.68348
15.684,-0.69197
15.694,-0.70046
15.704,-0.70884
15.714,-0.71727
15.724,-0.72558
15.734,-0.73378
15.744,-0.7419
15.754,-0.74991
15.764,-0.75782
15.774,-0.76567
15.784,-0.77337
15.794,-0.78087
15.804,-0.78816
15.814,-0.79522
15.824,-0.80203
15.834,-0.80861
15.844,-0.81496
15.854,-0.82099
15.864,-0.82667
15.874,-0.83194
15.884,-0.83686
15.894,-0.84139
15.904,-0.84544
15.914,-0.84905
15.924,-0.85214
15.934,-0.85471
15.944,-0.85671
15.954,-0.85811
15.964,-0.85885
15.974,-0.85894
15.984,-0.85833
15.994,-0.85698
16.004,-0.8549
16.014,-0.85204
16.024,-0.84836
16.034,-0.84387
16.044,-0.83857
16.055,-0.8324
16.065,-0.82525
16.075,-0.81713
16.085,-0.80812
16.095,-0.79806
16.105,-0.78691
16.115,-0.77478
16.125,-0.76168
16.135,-0.74756
16.145,-0.73239
16.155,-0.71609
16.165,-0.6986
16.175,-0.67994
16.185,-0.6601
16.195,-0.63906
16.205,-0.61683
16.215,-0.5934
16.225,-0.5689
16.235,-0.54306
16.245,-0.51585
16.255,-0.48772
16.265,-0.45853
16.275,-0.42809
16.285,-0.39623
16.295,-0.36314
16.305,-0.32944
16.315,-0.29408
16.325,-0.25799
16.335,-0.22104
16.345,-0.183
16.355,-0.14404
16.365,-0.10409
16.375,-0.063413
16.385,-0.021208
16.395,0.021486
16.405,0.064826
16.415,0.10905
16.425,0.15374
16.435,0.19879
16.445,0.24443
16.455,0.29045
16.465,0.33704
16.475,0.38378
16.485,0.43075
16.495,0.47832
16.505,0.52583
16.515,0.57337
16.525,0.62088
16.535,0.66821
16.545,0.71504
16.555,0.76148
16.565,0.80812
16.575,0.85427
16.585,0.90004
16.595,0.94541
16.605,0.99074
16.615,1.0352
16.625,1.0791
16.635,1.1226
16.645,1.1655
16.655,1.2073
16.665,1.2487
16.675,1.2899
16.685,1.3306
16.695,1.3695
16.705,1.4073
16.715,1.4443
16.725,1.4801
16.735,1.5148
16.745,1.5487
16.755,1.5813
16.765,1.6127
16.775,1.643
16.785,1.6724
16.795,1.7007
16.805,1.7279
16.815,1.754
16.825,1.7789
16.835,1.8025
16.845,1.825
16.855,1.8463
16.865,1.8663
16.875,1.8851
16.885,1.9026
16.895,1.919
16.905,1.9342
16.915,1.9482
16.925,1.961
16.935,1.9726
16.945,1.9831
16.955,1.9924
16.965,2.0007
16.975,2.0079
16.985,2.014
16.995,2.0188
17.005,2.0226
17.015,2.0253
17.025,2.0269
17.035,2.0275
17.045,2.0269
17.055,2.0253
17.065,2.0227
17.075,2.0192
17.085,2.0146
17.095,2.0091
17.105,2.0027
17.115,1.9953
17.125,1.987
17.135,1.9778
17.145,1.9678
17.155,1.9571
17.166,1.9455
17.176,1.9331
17.186,1.92
17.196,1.906
17.206,1.8912
17.216,1.8757
17.226,1.8595
17.236,1.8427
17.246,1.8253
17.256,1.8073
17.266,1.7888
17.276,1.7697
17.286,1.7501
17.296,1.7298
17.306,1.7091
17.316,1.6879
17.326,1.6662
17.336,1.644
17.346,1.6215
17.356,1.5986
17.366,1.5754
17.376,1.5517
17.386,1.5277
17.396,1.5034
17.406,1.479
17.416,1.4542
17.426,1.4292
17.436,1.404
17.446,1.3785
17.456,1.3531
17.466,1.3274
17.476,1.3014
17.486,1.2751
17.496,1.2489
17.506,1.2225
17.516,1.196
17.526,1.1693
17.536,1.1428
17.546,1.1162
17.556,1.0896
17.566,1.063
17.576,1.0366
17.586,1.0103
17.596,0.98395
17.606,0.95761
17.616,0.9314
17.626,0.9052
17.636,0.87914
17.646,0.85339
17.656,0.82783
17.666,0.80237
17.676,0.77696
17.686,0.7517
17.696,0.72673
17.706,0.70201
17.716,0.67739
17.726,0.65286
17.736,0.62832
17.746,0.60393
17.756,0.57986
17.766,0.55607
17.776,0.53244
17.786,0.50895
17.796,0.48574
17.806,0.4627
17.816,0.43977
17.826,0.41708
17.836,0.39472
17.846,0.37269
17.856,0.35082
17.866,0.32907
17.876,0.30756
17.886,0.28627
17.896,0.26512
17.906,0.24423
17.916,0.22359
17.926,0.20317
17.936,0.18297
17.946,0.16305
17.956,0.14333
17.966,0.12376
17.976,0.10446
17.986,0.085457
17.996,0.066603
18.006,0.047886
18.016,0.029321
18.026,0.011094
18.036,-0.0068449
18.046,-0.024583
18.056,-0.042158
18.066,-0.059406
18.076,-0.076573
18.086,-0.093575
18.096,-0.11048
18.106,-0.12705
18.116,-0.14331
18.126,-0.1594
18.136,-0.17532
18.146,-0.19107
18.156,-0.20662
18.166,-0.22185
18.176,-0.23684
18.186,-0.25158
18.196,-0.26635
18.206,-0.28069
18.216,-0.29476
18.226,-0.30852
18.236,-0.32224
18.246,-0.33558
18.256,-0.34867
18.267,-0.36155
18.277,-0.37414
18.287,-0.38642
18.297,-0.39836
18.307,-0.41008
18.317,-0.42155
18.327,-0.43274
18.337,-0.44368
18.347,-0.45437
18.357,-0.46474
18.367,-0.47478
18.377,-0.48454
18.387,-0.49403
18.397,-0.5032
18.407,-0.51214
18.417,-0.5208
18.427,-0.52917
18.437,-0.53724
18.447,-0.54504
18.457,-0.55256
18.467,-0.5598
18.477,-0.56678
18.487,-0.57352
18.497,-0.57995
18.507,-0.58608
18.517,-0.59198
18.527,-0.59762
18.537,-0.60303
18.547,-0.60816
18.557,-0.61306
18.567,-0.61773
18.577,-0.62212
18.587,-0.6263
18.597,-0.63025
18.607,-0.63398
18.617,-0.63748
18.627,-0.64076
18.637,-0.64383
18.647,-0.64672
18.657,-0.64942
18.667,-0.65192
18.677,-0.65423
18.687,-0.65636
18.697,-0.65832
18.707,-0.66011
18.717,-0.66174
18.727,-0.66322
18.737,-0.66454
18.747,-0.66571
18.757,-0.66674
18.767,-0.66764
18.777,-0.6684
18.787,-0.66903
18.797,-0.66953
18.807,-0.6699
18.817,-0.67015
18.827,-0.67027
18.837,-0.67029
18.847,-0.67018
18.857,-0.66997
18.867,-0.66964
18.877,-0.6692
18.887,-0.66866
18.897,-0.66802
18.907,-0.66728
18.917,-0.66644
18.927,-0.6655
18.937,-0.66447
18.947,-0.66336
18.957,-0.66216
18.967,-0.66088
18.977,-0.65948
18.987,-0.658
18.997,-0.65644
19.007,-0.65479
19.017,-0.65305
19.027,-0.65122
19.037,-0.64933
19.047,-0.64733
19.057,-0.64524
19.067,-0.64308
19.077,-0.64084
19.087,-0.63851
19.097,-0.63611
19.107,-0.63362
19.117,-0.63105
19.127,-0.62841
19.137,-0.62568
19.147,-0.62287
19.157,-0.61998
19.167,-0.617
19.177,-0.61393
19.187,-0.61079
19.197,-0.60757
19.207,-0.60428
19.217,-0.60091
19.227,-0.59747
19.237,-0.59396
19.247,-0.59037
19.257,-0.58671
19.267,-0.58297
19.277,-0.57914
19.287,-0.57523
19.297,-0.57125
19.307,-0.56718
19.317,-0.56305
19.327,-0.55884
19.337,-0.55458
19.347,-0.55022
19.357,-0.54579
19.367,-0.54125
19.378,-0.53668
19.388,-0.53204
19.398,-0.52732
19.408,-0.52254
19.418,-0.51771
19.428,-0.51286
19.438,-0.50792
19.448,-0.5029
19.458,-0.49783
19.468,-0.49273
19.478,-0.48759
19.488,-0.48237
19.498,-0.47709
19.508,-0.47181
19.518,-0.46647
19.528,-0.46111
19.538,-0.45571
19.548,-0.45031
19.558,-0.44486
19.568,-0.43939
19.578,-0.43387
19.588,-0.42834
19.598,-0.42283
19.608,-0.41729
19.618,-0.41177
19.628,-0.40627
19.638,-0.4008
19.648,-0.39533
19.658,-0.38988
19.668,-0.38444
19.678,-0.379
19.688,-0.37363
19.698,-0.3683
19.708,-0.36299
19.718,-0.3577
19.728,-0.35248
19.738,-0.34731
19.748,-0.34219
19.758,-0.33713
19.768,-0.33213
19.778,-0.32718
19.788,-0.32229
19.798,-0.31749
19.808,-0.31275
19.818,-0.30811
19.828,-0.30355
19.838,-0.29909
19.848,-0.29472
19.858,-0.29042
19.868,-0.28622
19.878,-0.28211
19.888,-0.27808
19.898,-0.27413
19.908,-0.27026
19.918,-0.26648
19.928,-0.26281
19.938,-0.25921
19.948,-0.25571
19.958,-0.2523
19.968,-0.24897
19.978,-0.24571
19.988,-0.24253
19.998,-0.23945
20.008,-0.23647
20.018,-0.23355
20.028,-0.2307
20.038,-0.22795
20.048,-0.22526
20.058,-0.22265
20.068,-0.2201
20.078,-0.21762
20.088,-0.21519
20.098,-0.21281
20.108,-0.21047
20.118,-0.20819
20.128,-0.20594
20.138,-0.20374
20.148,-0.20157
20.158,-0.19944
20.168,-0.19734
20.178,-0.19528
20.188,-0.19324
20.198,-0.19121
20.208,-0.18921
20.218,-0.18725
20.228,-0.1853
20.238,-0.18334
20.248,-0.1814
20.258,-0.17948
20.268,-0.17756
20.278,-0.17565
20.288,-0.17377
20.298,-0.17189
20.308,-0.17001
20.318,-0.16814
20.328,-0.16628
20.338,-0.16443
20.348,-0.1626
20.358,-0.16077
20.368,-0.15897
20.378,-0.15718
20.388,-0.15541
20.398,-0.15364
20.408,-0.15188
20.418,-0.15016
20.428,-0.14844
20.438,-0.14675
20.448,-0.14507
20.458,-0.14341
20.468,-0.14177
20.478,-0.14016
20.489,-0.13858
20.499,-0.13701
20.509,-0.13546
20.519,-0.13394
20.529,-0.13243
20.539,-0.13095
20.549,-0.12948
20.559,-0.12803
20.569,-0.12661
20.579,-0.12522
20.589,-0.12384
20.599,-0.12249
20.609,-0.12116
20.619,-0.11985
20.629,-0.11853
20.639,-0.11723
20.649,-0.11594
20.659,-0.11466
20.669,-0.11339
20.679,-0.11214
20.689,-0.11089
20.699,-0.10963
20.709,-0.10836
20.719,-0.10708
20.729,-0.10579
20.739,-0.1045
20.749,-0.10319
20.759,-0.10185
20.769,-0.10047
20.779,-0.099072
20.789,-0.097639
20.799,-0.096174
20.809,-0.094658
20.819,-0.093111
20.829,-0.091511
20.839,-0.089856
20.849,-0.088146
20.859,-0.086367
20.869,-0.084537
20.879,-0.082649
20.889,-0.080685
20.899,-0.078656
20.909,-0.076564
20.919,-0.074404
20.929,-0.072167
20.939,-0.069859
20.949,-0.067485
20.959,-0.065024
20.969,-0.062499
20.979,-0.059891
20.989,-0.05721
20.999,-0.054472
21.009,-0.051674
21.019,-0.048822
21.029,-0.04589
21.039,-0.042878
21.049,-0.039798
21.059,-0.036683
21.069,-0.03352
21.079,-0.030301
21.089,-0.027046
21.099,-0.023745
21.109,-0.020405
21.119,-0.017016
21.129,-0.013604
21.139,-0.010165
21.149,-0.0067118
21.159,-0.0032212
21.169,0.00029638
21.179,0.003829
21.189,0.0073643
21.199,0.010906
21.209,0.014448
21.219,0.017987
21.229,0.021518
21.239,0.025033
21.249,0.028525
21.259,0.031997
21.269,0.035458
21.279,0.038891
21.289,0.042283
21.299,0.045633
21.309,0.048941
21.319,0.05221
21.329,0.055433
21.339,0.058601
21.349,0.06171
21.359,0.064767
21.369,0.06777
21.379,0.070706
21.389,0.07358
21.399,0.076386
21.409,0.079117
21.419,0.081766
21.429,0.084356
21.439,0.086862
21.449,0.089286
21.459,0.091638
21.469,0.093912
21.479,0.096089
21.489,0.098184
21.499,0.10019
21.509,0.1021
21.519,0.10393
21.529,0.10568
21.539,0.10735
21.549,0.10892
21.559,0.1104
21.569,0.11179
21.579,0.11309
21.59,0.11431
21.6,0.11542
21.61,0.11645
21.62,0.11739
21.63,0.11822
21.64,0.11898
21.65,0.11965
21.66,0.12022
21.67,0.1207
21.68,0.1211
21.69,0.12142
21.7,0.12165
21.71,0.12179
21.72,0.12184
21.73,0.12181
21.74,0.12169
21.75,0.12151
21.76,0.12124
21.77,0.12088
21.78,0.12044
21.79,0.11994
21.8,0.11935
21.81,0.11869
21.82,0.11796
21.83,0.11717
21.84,0.1163
21.85,0.11536
21.86,0.11437
21.87,0.11331
21.88,0.11218
21.89,0.111
21.9,0.10977
21.91,0.10847
21.92,0.10712
21.93,0.10572
21.94,0.10427
21.95,0.10277
21.96,0.10122
21.97,0.099637
21.98,0.098025
21.99,0.096374
22,0.094692
22.01,0.092983
22.02,0.091243
22.03,0.089475
22.04,0.087678
22.05,0.085873
22.06,0.084049
22.07,0.082212
22.08,0.080357
22.09,0.078485
22.1,0.076608
22.11,0.074717
22.12,0.072805
22.13,0.070894
22.14,0.068979
22.15,0.067058
22.16,0.065129
22.17,0.063198
22.18,0.061273
22.19,0.059356
22.2,0.057441
22.21,0.055534
22.22,0.053622
22.23,0.051717
22.24,0.049824
22.25,0.047943
22.26,0.046071
22.27,0.044216
22.28,0.042377
22.29,0.040561
22.3,0.038767
22.31,0.036988
22.32,0.035239
22.33,0.0335
22.34,0.031778
22.35,0.0301
22.36,0.028442
22.37,0.026802
22.38,0.025184
22.39,0.023601
22.4,0.022046
22.41,0.020526
22.42,0.019033
22.43,0.017578
22.44,0.016153
22.45,0.014755
22.46,0.013399
22.47,0.01208
22.48,0.010792
22.49,0.0095318
22.5,0.0083008
22.51,0.0070993
22.52,0.0059381
22.53,0.0048103
22.54,0.0037107
22.55,0.0026363
22.56,0.0015936
22.57,0.00057968
22.58,-0.00039858
22.59,-0.0013626
22.6,-0.0023116
22.61,-0.0032174
22.62,-0.0040865
22.63,-0.0049323
22.64,-0.0057644
22.65,-0.0065763
22.66,-0.0073594
22.67,-0.0081232
22.68,-0.008866
22.69,-0.0095957
22.701,-0.01031
22.711,-0.011003
22.721,-0.011683
22.731,-0.012347
22.741,-0.013003
22.751,-0.013651
22.761,-0.014294
22.771,-0.014936
22.781,-0.015568
22.791,-0.016199
22.801,-0.016823
22.811,-0.017452
22.821,-0.018079
22.831,-0.018701
22.841,-0.01932
22.851,-0.019938
22.861,-0.020554
22.871,-0.021173
22.881,-0.021794
22.891,-0.022419
22.901,-0.02304
22.911,-0.023658
22.921,-0.024277
22.931,-0.024899
22.941,-0.02552
22.951,-0.026143
22.961,-0.026766
22.971,-0.027393
22.981,-0.028018
22.991,-0.028644
23.001,-0.029278
23.011,-0.029902
23.021,-0.030529
23.031,-0.031158
23.041,-0.031787
23.051,-0.032417
23.061,-0.033043
23.071,-0.033665
23.081,-0.034282
23.091,-0.034897
23.101,-0.035508
23.111,-0.036117
23.121,-0.03672
23.131,-0.037317
23.141,-0.037906
23.151,-0.038493
23.161,-0.039074
23.171,-0.039652
23.181,-0.040234
23.191,-0.040803
23.201,-0.041362
23.211,-0.041916
23.221,-0.042461
23.231,-0.042993
23.241,-0.043515
23.251,-0.044036
23.261,-0.044553
23.271,-0.045059
23.281,-0.045546
23.291,-0.046029
23.301,-0.046507
23.311,-0.046982
23.321,-0.047453
23.331,-0.047912
23.341,-0.048363
23.351,-0.048815
23.361,-0.049263
23.371,-0.049705
23.381,-0.050143
23.391,-0.050578
23.401,-0.051013
23.411,-0.051445
23.421,-0.051867
23.431,-0.052281
23.441,-0.05269
23.451,-0.053091
23.461,-0.053487
23.471,-0.053878
23.481,-0.054263
23.491,-0.054647
23.501,-0.055027
23.511,-0.055407
23.521,-0.055778
23.531,-0.056138
23.541,-0.056496
23.551,-0.056847
23.561,-0.057191
23.571,-0.057532
23.581,-0.057872
23.591,-0.058208
23.601,-0.05853
23.611,-0.058841
23.621,-0.059145
23.631,-0.059448
23.641,-0.059744
23.651,-0.06002
23.661,-0.060282
23.671,-0.060534
23.681,-0.060781
23.691,-0.061011
23.701,-0.061222
23.711,-0.061422
23.721,-0.061609
23.731,-0.061782
23.741,-0.061939
23.751,-0.062075
23.761,-0.062193
23.771,-0.062291
23.781,-0.062367
23.791,-0.06241
23.802,-0.062434
23.812,-0.062436
23.822,-0.062411
23.832,-0.062363
23.842,-0.062286
23.852,-0.06219
23.862,-0.06207
23.872,-0.061918
23.882,-0.061732
23.892,-0.061523
23.902,-0.061287
23.912,-0.061032
23.922,-0.060739
23.932,-0.060421
23.942,-0.060071
23.952,-0.05969
23.962,-0.059276
23.972,-0.058829
23.982,-0.058355
23.992,-0.057849
24.002,-0.057313
24.012,-0.056745
24.022,-0.056143
24.032,-0.055516
24.042,-0.054867
24.052,-0.054195
24.062,-0.053495
24.072,-0.052776
24.082,-0.052026
24.092,-0.051256
24.102,-0.050465
24.112,-0.049648
24.122,-0.048822
24.132,-0.047988
24.142,-0.047137
24.152,-0.046271
24.162,-0.045391
24.172,-0.044504
24.182,-0.043619
24.192,-0.04272
24.202,-0.041822
24.212,-0.040919
24.222,-0.040011
24.232,-0.039121
24.242,-0.038237
24.252,-0.037358
24.262,-0.036484
24.272,-0.035625
24.282,-0.034786
24.292,-0.033954
24.302,-0.033136
24.312,-0.032338
24.322,-0.03156
24.332,-0.030794
24.342,-0.030054
24.352,-0.029338
24.362,-0.028636
24.372,-0.027954
24.382,-0.027295
24.392,-0.026659
24.402,-0.026047
24.412,-0.025462
24.422,-0.024907
24.432,-0.024369
24.442,-0.023852
24.452,-0.023371
24.462,-0.022917
24.472,-0.022482
24.482,-0.022065
24.492,-0.021679
24.502,-0.021323
24.512,-0.020993
24.522,-0.020683
24.532,-0.0204
24.542,-0.020135
24.552,-0.019889
24.562,-0.019674
24.572,-0.019484
24.582,-0.019318
24.592,-0.019167
24.602,-0.019037
24.612,-0.018926
24.622,-0.018836
24.632,-0.018769
24.642,-0.018719
24.652,-0.018677
24.662,-0.01865
24.672,-0.01865
24.682,-0.01867
24.692,-0.018698
24.702,-0.018731
24.712,-0.018767
24.722,-0.018824
24.732,-0.018893
24.742,-0.018967
24.752,-0.019044
24.762,-0.019129
24.772,-0.019219
24.782,-0.01931
24.792,-0.019409
24.802,-0.019509
24.812,-0.019614
24.822,-0.019723
24.832,-0.019833
24.842,-0.019938
24.852,-0.020039
24.862,-0.020133
24.872,-0.02022
24.882,-0.020299
24.892,-0.020374
24.902,-0.020446
24.913,-0.020508
24.923,-0.020563
24.933,-0.020608
24.943,-0.020642
24.953,-0.020664
24.963,-0.020679
24.973,-0.020683
24.983,-0.02068
24.993,-0.020653
25.003,-0.020598
25.013,-0.020523
25.023,-0.020433
25.033,-0.020329
25.043,-0.020212
25.053,-0.020077
25.063,-0.019925
25.073,-0.019754
25.083,-0.019567
25.093,-0.01935
25.103,-0.019111
25.113,-0.018854
25.123,-0.018571
25.133,-0.018261
25.143,-0.017933
25.153,-0.017585
25.163,-0.017222
25.173,-0.016832
25.183,-0.016429
25.193,-0.01601
25.203,-0.015575
25.213,-0.01512
25.223,-0.014635
25.233,-0.014143
25.243,-0.013637
25.253,-0.013116
25.263,-0.012581
25.273,-0.01203
25.283,-0.011466
25.293,-0.010884
25.303,-0.010298
25.313,-0.0096995
25.323,-0.0090867
25.333,-0.0084612
25.343,-0.0078289
25.353,-0.007189
25.363,-0.0065483
25.373,-0.0059052
25.383,-0.0052625
25.393,-0.0046286
25.403,-0.0039994
25.413,-0.0033708
25.423,-0.0027573
25.433,-0.0021432
25.443,-0.0015308
25.453,-0.00092209
25.463,-0.00032343
25.473,0.00026404
25.483,0.00084249
25.493,0.0014162
25.503,0.0019659
25.513,0.0024964
25.523,0.0030107
25.533,0.003514
25.543,0.0039975
25.553,0.0044558
25.563,0.0048948
25.573,0.0053224
25.583,0.0057325
25.593,0.0061269
25.603,0.0065034
25.613,0.0068591
25.623,0.007192
25.633,0.0075085
25.643,0.0078069
25.653,0.0080872
25.663,0.0083501
25.673,0.0085862
25.683,0.0088039
25.693,0.0089955
25.703,0.0091651
25.713,0.0093147
25.723,0.00945
25.733,0.0095749
25.743,0.0096826
25.753,0.0097671
25.763,0.0098374
25.773,0.0098946
25.783,0.0099383
25.793,0.0099777
25.803,0.01
25.813,0.010014
25.823,0.010024
25.833,0.010029
25.843,0.010027
25.853,0.010017
25.863,0.010001
25.873,0.0099831
25.883,0.0099674
25.893,0.0099476
25.903,0.0099325
25.913,0.0099274
25.923,0.0099316
25.933,0.0099419
25.943,0.0099609
25.953,0.009992
25.963,0.010036
25.973,0.010093
25.983,0.010161
25.993,0.010246
26.003,0.010341
26.013,0.010458
26.024,0.010596
26.034,0.010755
26.044,0.010939
26.054,0.01114
26.064,0.01136
26.074,0.011599
26.084,0.011857
26.094,0.012142
26.104,0.012447
26.114,0.012768
26.124,0.013112
26.134,0.013482
26.144,0.013871
26.154,0.014281
26.164,0.014712
26.174,0.015164
26.184,0.015627
26.194,0.016107
26.204,0.016606
26.214,0.017121
26.224,0.017654
26.234,0.018205
26.244,0.018765
26.254,0.019335
26.264,0.01992
26.274,0.020522
26.284,0.021123
26.294,0.021731
26.304,0.022347
26.314,0.022967
26.324,0.023588
26.334,0.024213
26.344,0.02485
26.354,0.025488
26.364,0.026123
26.374,0.02675
26.384,0.027369
26.394,0.027991
26.404,0.028608
26.414,0.029221
26.424,0.029826
26.434,0.030414
26.444,0.031
26.454,0.031574
26.464,0.032133
26.474,0.032678
26.484,0.033205
26.494,0.033723
26.504,0.034227
26.514,0.034703
26.524,0.03516
26.534,0.035603
26.544,0.036026
26.554,0.036428
26.564,0.036799
26.574,0.037153
26.584,0.037491
26.594,0.037797
26.604,0.038086
26.614,0.038354
26.624,0.038603
26.634,0.038832
26.644,0.039034
26.654,0.039219
26.664,0.039379
26.674,0.039511
26.684,0.039619
26.694,0.039708
26.704,0.039769
26.714,0.0398
26.724,0.039812
26.734,0.039808
26.744,0.039786
26.754,0.039737
26.764,0.03966
26.774,0.039563
26.784,0.039448
26.794,0.039313
26.804,0.039154
26.814,0.038978
26.824,0.038781
26.834,0.038557
26.844,0.038313
26.854,0.038059
26.864,0.037778
26.874,0.037468
26.884,0.037142
26.894,0.0368
26.904,0.036439
26.914,0.036059
26.924,0.035664
26.934,0.035247
26.944,0.034812
26.954,0.034351
26.964,0.03388
26.974,0.033395
26.984,0.0329
26.994,0.03238
27.004,0.031838
27.014,0.031284
27.024,0.030717
27.034,0.030131
27.044,0.029536
27.054,0.028924
27.064,0.0283
27.074,0.027655
27.084,0.026992
27.094,0.026317
27.104,0.025624
27.114,0.02492
27.125,0.024211
27.135,0.023491
27.145,0.022751
27.155,0.021998
27.165,0.021237
27.175,0.020472
27.185,0.019695
27.195,0.018903
27.205,0.018101
27.215,0.017287
27.225,0.016461
27.235,0.015626
27.245,0.014797
27.255,0.013963
27.265,0.013114
27.275,0.012255
27.285,0.011394
27.295,0.010522
27.305,0.0096394
27.315,0.0087586
27.325,0.0078725
27.335,0.0069783
27.345,0.0060726
27.355,0.0051674
27.365,0.0042582
27.375,0.0033349
27.385,0.0024073
27.395,0.0014828
27.405,0.00055815
27.415,-0.00036761
27.425,-0.0012978
27.435,-0.0022318
27.445,-0.0031726
27.455,-0.0041126
27.465,-0.0050495
27.475,-0.0059859
27.485,-0.0069289
27.495,-0.0078728
27.505,-0.008816
27.515,-0.0097606
27.525,-0.010707
27.535,-0.011653
27.545,-0.012601
27.555,-0.013548
27.565,-0.014497
27.575,-0.015438
27.585,-0.016376
27.595,-0.017319
27.605,-0.018255
27.615,-0.019183
27.625,-0.020117
27.635,-0.021052
27.645,-0.021976
27.655,-0.022882
27.665,-0.023777
27.675,-0.024663
27.685,-0.02553
27.695,-0.026381
27.705,-0.02723
27.715,-0.028069
27.725,-0.028891
27.735,-0.029699
27.745,-0.030499
27.755,-0.031288
27.765,-0.032055
27.775,-0.032802
27.785,-0.033531
27.795,-0.034243
27.805,-0.034934
27.815,-0.035597
27.825,-0.036234
27.835,-0.03685
27.845,-0.037446
27.855,-0.038014
27.865,-0.038546
27.875,-0.03905
27.885,-0.03952
27.895,-0.039959
27.905,-0.040358
27.915,-0.040722
27.925,-0.041051
27.935,-0.041348
27.945,-0.041607
27.955,-0.041829
27.965,-0.042021
27.975,-0.042175
27.985,-0.042288
27.995,-0.042355
28.005,-0.042389
28.015,-0.042388
28.025,-0.042339
28.035,-0.042252
28.045,-0.042131
28.055,-0.041974
28.065,-0.041777
28.075,-0.041538
28.085,-0.041264
28.095,-0.040949
28.105,-0.040603
28.115,-0.040229
28.125,-0.039824
28.135,-0.039384
28.145,-0.038903
28.155,-0.038396
28.165,-0.037861
28.175,-0.037301
28.185,-0.036721
28.195,-0.036117
28.205,-0.035498
28.215,-0.034857
28.225,-0.034189
28.236,-0.033499
28.246,-0.032798
28.256,-0.032086
28.266,-0.031365
28.276,-0.030628
28.286,-0.029882
28.296,-0.029127
28.306,-0.028364
28.316,-0.0276
28.326,-0.026848
28.336,-0.026102
28.346,-0.025358
28.356,-0.024619
28.366,-0.023888
28.376,-0.023183
28.386,-0.022494
28.396,-0.021817
28.406,-0.021158
28.416,-0.020523
28.426,-0.019914
28.436,-0.019319
28.446,-0.018741
28.456,-0.018182
28.466,-0.017648
28.476,-0.017147
28.486,-0.016676
28.496,-0.016231
28.506,-0.015817
28.516,-0.01543
28.526,-0.015069
28.536,-0.014739
28.546,-0.014433
28.556,-0.014154
28.566,-0.013902
28.576,-0.013675
28.586,-0.013474
28.596,-0.013305
28.606,-0.013155
28.616,-0.013022
28.626,-0.01291
28.636,-0.012815
28.646,-0.012741
28.656,-0.01268
28.666,-0.01262
28.676,-0.012586
28.686,-0.012561
28.696,-0.01254
28.706,-0.012529
28.716,-0.012518
28.726,-0.012519
28.736,-0.01252
28.746,-0.012517
28.756,-0.012514
28.766,-0.012501
28.776,-0.012487
28.786,-0.01248
28.796,-0.012464
28.806,-0.012428
28.816,-0.012382
28.826,-0.01233
28.836,-0.01226
28.846,-0.012182
28.856,-0.012096
28.866,-0.011994
28.876,-0.011868
28.886,-0.011729
28.896,-0.011584
28.906,-0.011425
28.916,-0.011248
28.926,-0.011055
28.936,-0.010853
28.946,-0.010643
28.956,-0.010414
28.966,-0.01018
28.976,-0.00994
28.986,-0.00968
28.996,-0.0094122
29.006,-0.009142
29.016,-0.0088635
29.026,-0.0085779
29.036,-0.0082871
29.046,-0.0079947
29.056,-0.0077094
29.066,-0.0074273
29.076,-0.0071501
29.086,-0.0068785
29.096,-0.0066095
29.106,-0.0063525
29.116,-0.0061064
29.126,-0.0058792
29.136,-0.0056663
29.146,-0.0054604
29.156,-0.0052728
29.166,-0.0051068
29.176,-0.0049626
29.186,-0.0048307
29.196,-0.0047216
29.206,-0.0046329
29.216,-0.0045671
29.226,-0.0045274
29.236,-0.004516
29.246,-0.0045245
29.256,-0.00455
29.266,-0.0046035
29.276,-0.0046938
29.286,-0.0048197
29.296,-0.0049641
29.306,-0.005128
29.316,-0.0053185
29.326,-0.0055339
29.337,-0.0057746
29.347,-0.0060376
29.357,-0.0063302
29.367,-0.0066505
29.377,-0.0069918
29.387,-0.0073503
29.397,-0.0077261
29.407,-0.0081261
29.417,-0.008546
29.427,-0.0089776
29.437,-0.009422
29.447,-0.0098821
29.457,-0.01034
29.467,-0.010814
29.477,-0.011294
29.487,-0.01178
29.497,-0.012269
29.507,-0.012761
29.517,-0.013255
29.527,-0.013744
29.537,-0.014232
29.547,-0.014722
29.557,-0.015209
29.567,-0.015681
29.577,-0.016147
29.587,-0.0166
29.597,-0.01703
29.607,-0.017454
29.617,-0.017872
29.627,-0.018272
29.637,-0.01865
29.647,-0.019012
29.657,-0.019358
29.667,-0.019684
29.677,-0.019988
29.687,-0.020271
29.697,-0.020533
29.707,-0.020764
29.717,-0.020971
29.727,-0.021155
29.737,-0.021315
29.747,-0.021459
29.757,-0.021574
29.767,-0.021661
29.777,-0.021731
29.787,-0.021794
29.797,-0.021833
29.807,-0.021851
29.817,-0.021843
29.827,-0.021812
29.837,-0.02176
29.847,-0.02169
29.857,-0.021605
29.867,-0.021499
29.877,-0.02137
29.887,-0.021222
29.897,-0.021055
29.907,-0.02087
29.917,-0.020668
29.927,-0.020439
29.937,-0.020193
29.947,-0.019938
29.957,-0.01967
29.967,-0.019389
29.977,-0.019098
29.987,-0.01879
29.997,-0.018471
30.007,-0.018135
30.017,-0.01779
30.027,-0.01744
30.037,-0.01708
30.047,-0.01671
30.057,-0.016339
30.067,-0.015959
30.077,-0.015574
30.087,-0.015195
30.097,-0.014812
30.107,-0.014422
30.117,-0.014022
30.127,-0.013627
30.137,-0.013241
30.147,-0.012857
30.157,-0.012473
30.167,-0.012095
30.177,-0.011716
30.187,-0.011342
30.197,-0.01097
30.207,-0.010602
30.217,-0.010237
30.227,-0.009881
30.237,-0.0095337
30.247,-0.0091938
30.257,-0.0088583
30.267,-0.0085389
30.277,-0.0082318
30.287,-0.0079242
30.297,-0.0076265
30.307,-0.0073441
30.317,-0.0070708
30.327,-0.0068119
30.337,-0.0065615
30.347,-0.0063228
30.357,-0.0060911
30.367,-0.005869
30.377,-0.0056553
30.387,-0.0054506
30.397,-0.0052512
30.407,-0.0050537
30.417,-0.0048615
30.427,-0.0046723
30.437,-0.0044962
30.448,-0.0043317
30.458,-0.0041671
30.468,-0.0040038
30.478,-0.0038462
30.488,-0.0036861
30.498,-0.0035301
30.508,-0.0033634
30.518,-0.0031982
30.528,-0.0030345
30.538,-0.0028695
30.548,-0.0026939
30.558,-0.0025145
30.568,-0.0023331
30.578,-0.0021455
30.588,-0.0019486
30.598,-0.001744
30.608,-0.0015272
30.618,-0.0013052
30.628,-0.0010757
30.638,-0.00084225
30.648,-0.00059033
30.658,-0.00032947
30.668,-6.0342e-005
30.678,0.00022073
30.688,0.00051051
30.698,0.00080739
30.708,0.0011217
30.718,0.0014371
30.728,0.0017605
30.738,0.0020902
30.748,0.0024267
30.758,0.0027718
30.768,0.0031169
30.778,0.0034605
30.788,0.0038036
30.798,0.0041381
30.808,0.0044709
30.818,0.0048017
30.828,0.0051278
30.838,0.0054374
30.848,0.005735
30.858,0.0060146
30.868,0.0062754
30.878,0.006524
30.888,0.0067536
30.898,0.0069638
30.908,0.0071534
30.918,0.0073192
30.928,0.0074526
30.938,0.0075624
30.948,0.0076475
30.958,0.0077045
30.968,0.0077347
30.978,0.007738
30.988,0.0077122
30.998,0.0076502
31.008,0.0075596
31.018,0.0074396
31.028,0.0072893
31.038,0.0070994
31.048,0.006877
31.058,0.0066316
31.068,0.0063505
31.078,0.0060367
31.088,0.0056929
31.098,0.0053302
31.108,0.0049437
31.118,0.0045296
31.128,0.0040906
31.138,0.0036277
31.148,0.003135
31.158,0.0026292
31.168,0.0021073
31.178,0.0015737
31.188,0.0010225
31.198,0.00045483
31.208,-0.00011461
31.218,-0.00069304
31.228,-0.0012811
31.238,-0.0018698
31.248,-0.0024652
31.258,-0.0030543
31.268,-0.0036435
31.278,-0.004229
31.288,-0.0048101
31.298,-0.0053809
31.308,-0.0059471
31.318,-0.0065042
31.328,-0.0070489
31.338,-0.0075749
31.348,-0.0080815
31.358,-0.0085702
31.368,-0.0090412
31.378,-0.0094903
31.388,-0.0099169
31.398,-0.010313
31.408,-0.01068
31.418,-0.011014
31.428,-0.011323
31.438,-0.011603
31.448,-0.011853
31.458,-0.012071
31.468,-0.012256
31.478,-0.012409
31.488,-0.012541
31.498,-0.012644
31.508,-0.012704
31.518,-0.012739
31.528,-0.012739
31.538,-0.012714
31.548,-0.012651
31.559,-0.012552
31.569,-0.012414
31.579,-0.012243
31.589,-0.012037
31.599,-0.011798
31.609,-0.011528
31.619,-0.011236
31.629,-0.010907
31.639,-0.010542
31.649,-0.010147
31.659,-0.0097239
31.669,-0.0092715
31.679,-0.0087898
31.689,-0.0082824
31.699,-0.0077448
31.709,-0.0071777
31.719,-0.0065795
31.729,-0.0059658
31.739,-0.005338
31.749,-0.0046798
31.759,-0.0039979
31.769,-0.0032938
31.779,-0.0025581
31.789,-0.0018002
31.799,-0.0010256
31.809,-0.00024205
31.819,0.00056232
31.829,0.00139
31.839,0.0022278
31.849,0.0030713
31.859,0.0039248
31.869,0.0047826
31.879,0.0056439
31.889,0.006503
31.899,0.0073591
31.909,0.0082264
31.919,0.0090908
31.929,0.0099477
31.939,0.01079
31.949,0.011624
31.959,0.012445
31.969,0.01325
31.979,0.01403
31.989,0.014787
31.999,0.015523
32.009,0.016245
32.019,0.016943
32.029,0.01762
32.039,0.018271
32.049,0.018895
32.059,0.019494
32.069,0.020058
32.079,0.020603
32.089,0.021125
32.099,0.021616
32.109,0.022073
32.119,0.022495
32.129,0.022889
32.139,0.023256
32.149,0.023586
32.159,0.023892
32.169,0.024173
32.179,0.024424
32.189,0.024661
32.199,0.024876
32.209,0.025068
32.219,0.025227
32.229,0.025355
32.239,0.025466
32.249,0.025558
32.259,0.025627
32.269,0.025685
32.279,0.025733
32.289,0.025765
32.299,0.025777
32.309,0.025777
32.319,0.025773
32.329,0.025761
32.339,0.025738
32.349,0.025709
32.359,0.025679
32.369,0.025651
32.379,0.025627
32.389,0.025601
32.399,0.02558
32.409,0.025568
32.419,0.025563
32.429,0.025556
32.439,0.025549
32.449,0.025543
32.459,0.025547
32.469,0.025554
32.479,0.025566
32.489,0.02558
32.499,0.025604
32.509,0.025634
32.519,0.02567
32.529,0.025711
32.539,0.025759
32.549,0.025806
32.559,0.025859
32.569,0.025911
32.579,0.025963
32.589,0.026002
32.599,0.026034
32.609,0.026062
32.619,0.026073
32.629,0.026078
32.639,0.026064
32.649,0.026033
32.66,0.025983
32.67,0.025912
32.68,0.025825
32.69,0.025714
32.7,0.025575
32.71,0.025413
32.72,0.025222
32.73,0.024995
32.74,0.024736
32.75,0.024449
32.76,0.024126
32.77,0.023765
32.78,0.023368
32.79,0.02294
32.8,0.022473
32.81,0.021971
32.82,0.021431
32.83,0.020864
32.84,0.020265
32.85,0.019634
32.86,0.018965
32.87,0.018269
32.88,0.017544
32.89,0.016791
32.9,0.016016
32.91,0.015215
32.92,0.014394
32.93,0.013555
32.94,0.012703
32.95,0.011833
32.96,0.010951
32.97,0.010072
32.98,0.0091831
32.99,0.0082909
33,0.0073983
33.01,0.006514
33.02,0.0056387
33.03,0.0047693
33.04,0.0039177
33.05,0.0030726
33.06,0.0022521
33.07,0.0014493
33.08,0.00066748
33.09,-9.0274e-005
33.1,-0.00081754
33.11,-0.0015162
33.12,-0.0021846
33.13,-0.0028102
33.14,-0.0033931
33.15,-0.0039417
33.16,-0.0044525
33.17,-0.0049276
33.18,-0.0053544
33.19,-0.0057388
33.2,-0.0060741
33.21,-0.0063665
33.22,-0.0066191
33.23,-0.0068189
33.24,-0.0069525
33.25,-0.0070349
33.26,-0.0070748
33.27,-0.0070649
33.28,-0.006998
33.29,-0.0068828
33.3,-0.0067161
33.31,-0.0064984
33.32,-0.0062223
33.33,-0.0059043
33.34,-0.0055365
33.35,-0.0051255
33.36,-0.0046659
33.37,-0.0041598
33.38,-0.0036091
33.39,-0.0030231
33.4,-0.0024076
33.41,-0.0017476
33.42,-0.0010462
33.43,-0.00030665
33.44,0.00046447
33.45,0.0012703
33.46,0.0021046
33.47,0.0029558
33.48,0.0038297
33.49,0.0047221
33.5,0.0056271
33.51,0.0065545
33.52,0.0074971
33.53,0.0084466
33.54,0.0093982
33.55,0.010362
33.56,0.011337
33.57,0.01231
33.58,0.013284
33.59,0.014269
33.6,0.015252
33.61,0.016224
33.62,0.017193
33.63,0.018157
33.64,0.019108
33.65,0.020049
33.66,0.020974
33.67,0.021879
33.68,0.022785
33.69,0.023662
33.7,0.024518
33.71,0.025355
33.72,0.026173
33.73,0.026974
33.74,0.027753
33.75,0.028512
33.76,0.029232
33.771,0.029926
33.781,0.0306
33.791,0.031247
33.801,0.031865
33.811,0.032445
33.821,0.032996
33.831,0.033518
33.841,0.034015
33.851,0.03449
33.861,0.034936
33.871,0.03535
33.881,0.035729
33.891,0.036098
33.901,0.036439
33.911,0.036753
33.921,0.037041
33.931,0.037302
33.941,0.037538
33.951,0.037754
33.961,0.037956
33.971,0.038135
33.981,0.03829
33.991,0.038429
34.001,0.038552
34.011,0.038656
34.021,0.038748
34.031,0.038834
34.041,0.038909
34.051,0.038973
34.061,0.039028
34.071,0.039068
34.081,0.0391
34.091,0.039119
34.101,0.039124
34.111,0.039128
34.121,0.039125
34.131,0.039124
34.141,0.039124
34.151,0.039125
34.161,0.03912
34.171,0.039114
34.181,0.039112
34.191,0.039122
34.201,0.039124
34.211,0.039124
34.221,0.039126
34.231,0.039123
34.241,0.039124
34.251,0.039133
34.261,0.039151
34.271,0.039161
34.281,0.039168
34.291,0.039188
34.301,0.039212
34.311,0.039241
34.321,0.03927
34.331,0.039305
34.341,0.039336
34.351,0.039367
34.361,0.0394
34.371,0.039433
34.381,0.039461
34.391,0.039496
34.401,0.039527
34.411,0.039546
34.421,0.039548
34.431,0.039546
34.441,0.039545
34.451,0.039526
34.461,0.039488
34.471,0.039434
34.481,0.039375
34.491,0.039298
34.501,0.039195
34.511,0.039082
34.521,0.038955
34.531,0.03881
34.541,0.038649
34.551,0.038467
34.561,0.03827
34.571,0.038041
34.581,0.037783
34.591,0.037507
34.601,0.037203
34.611,0.036879
34.621,0.036527
34.631,0.03614
34.641,0.035729
34.651,0.035292
34.661,0.034821
34.671,0.034331
34.681,0.033826
34.691,0.033296
34.701,0.032737
34.711,0.032152
34.721,0.031547
34.731,0.030918
34.741,0.030266
34.751,0.029601
34.761,0.028914
34.771,0.02821
34.781,0.027489
34.791,0.026751
34.801,0.025994
34.811,0.02522
34.821,0.024433
34.831,0.023636
34.841,0.022832
34.851,0.022016
34.861,0.021213
34.871,0.020402
34.882,0.019581
34.892,0.01876
34.902,0.017944
34.912,0.017126
34.922,0.016304
34.932,0.015485
34.942,0.014677
34.952,0.01388
34.962,0.013089
34.972,0.012294
34.982,0.01151
34.992,0.010744
35.002,0.0099979
35.012,0.0092652
35.022,0.008539
35.032,0.007827
35.042,0.0071338
35.052,0.0064627
35.062,0.0058003
35.072,0.0051483
35.082,0.0045137
35.092,0.0038955
35.102,0.0032898
35.112,0.0027125
35.122,0.0021562
35.132,0.0016139
35.142,0.001095
35.152,0.00059451
35.162,0.0001155
35.172,-0.00033908
35.182,-0.00077022
35.192,-0.001174
35.202,-0.001553
35.212,-0.0019156
35.222,-0.0022654
35.232,-0.0025872
35.242,-0.0028797
35.252,-0.0031527
35.262,-0.0034029
35.272,-0.0036294
35.282,-0.0038394
35.292,-0.0040324
35.302,-0.0042008
35.312,-0.0043516
35.322,-0.0044802
35.332,-0.0045975
35.342,-0.0046972
35.352,-0.0047677
35.362,-0.0048344
35.372,-0.0048843
35.382,-0.0049196
35.392,-0.0049479
35.402,-0.0049585
35.412,-0.0049585
35.422,-0.0049451
35.432,-0.0049132
35.442,-0.0048677
35.452,-0.0048058
35.462,-0.0047358
35.472,-0.0046606
35.482,-0.0045677
35.492,-0.0044685
35.502,-0.0043546
35.512,-0.0042446
35.522,-0.0041305
35.532,-0.0040143
35.542,-0.0038899
35.552,-0.0037563
35.562,-0.0036224
35.572,-0.0034883
35.582,-0.0033601
35.592,-0.003234
35.602,-0.003105
35.612,-0.0029744
35.622,-0.0028442
35.632,-0.0027287
35.642,-0.0026168
35.652,-0.0025112
35.662,-0.0024031
35.672,-0.002304
35.682,-0.002222
35.692,-0.0021405
35.702,-0.00206
35.712,-0.0019899
35.722,-0.0019307
35.732,-0.0018771
35.742,-0.0018303
35.752,-0.0017902
35.762,-0.0017645
35.772,-0.0017536
35.782,-0.0017508
35.792,-0.0017621
35.802,-0.0017775
35.812,-0.0017868
35.822,-0.0018074
35.832,-0.0018335
35.842,-0.0018508
35.852,-0.001875
35.862,-0.0019044
35.872,-0.0019307
35.882,-0.0019558
35.892,-0.0019821
35.902,-0.0020124
35.912,-0.0020391
35.922,-0.0020664
35.932,-0.0020805
35.942,-0.0020848
35.952,-0.002086
35.962,-0.002083
35.972,-0.0020698
35.983,-0.0020476
35.993,-0.0020176
36.003,-0.001979
36.013,-0.0019359
36.023,-0.0018841
36.033,-0.0018296
36.043,-0.0017595
36.053,-0.0016805
36.063,-0.0015915
36.073,-0.0015026
36.083,-0.0014092
36.093,-0.0013162
36.103,-0.0012115
36.113,-0.0010953
36.123,-0.00097082
36.133,-0.0008393
36.143,-0.00068815
36.153,-0.00054258
36.163,-0.0003912
36.173,-0.00022829
36.183,-6.4417e-005
36.193,9.9566e-005
36.203,0.00025874
36.213,0.00041316
36.223,0.00055605
36.233,0.00069592
36.243,0.00083132
36.253,0.00095321
36.263,0.001066
36.273,0.0011734
36.283,0.0012713
36.293,0.001357
36.303,0.0014258
36.313,0.0014914
36.323,0.001548
36.333,0.0015809
36.343,0.001586
36.353,0.0015726
36.363,0.0015448
36.373,0.0014869
36.383,0.0013991
36.393,0.0012956
36.403,0.0011679
36.413,0.0010194
36.423,0.00084067
36.433,0.00064132
36.443,0.00041698
36.453,0.00018446
36.463,-8.0594e-005
36.473,-0.00036977
36.483,-0.00067305
36.493,-0.0010009
36.503,-0.0013505
36.513,-0.0017157
36.523,-0.0020874
36.533,-0.0024731
36.543,-0.0028781
36.553,-0.0033015
36.563,-0.0037316
36.573,-0.0041665
36.583,-0.0046123
36.593,-0.0050587
36.603,-0.0055055
36.613,-0.0059524
36.623,-0.0064042
36.633,-0.0068546
36.643,-0.0072991
36.653,-0.0077374
36.663,-0.0081717
36.673,-0.008601
36.683,-0.0090181
36.693,-0.0094206
36.703,-0.0098003
36.713,-0.010164
36.723,-0.010518
36.733,-0.010861
36.743,-0.011185
36.753,-0.011498
36.763,-0.011793
36.773,-0.012064
36.783,-0.012315
36.793,-0.01254
36.803,-0.012746
36.813,-0.012929
36.823,-0.013093
36.833,-0.013236
36.843,-0.013355
36.853,-0.013457
36.863,-0.013532
36.873,-0.013588
36.883,-0.013622
36.893,-0.013638
36.903,-0.013631
36.913,-0.013601
36.923,-0.013548
36.933,-0.013474
36.943,-0.013384
36.953,-0.013278
36.963,-0.013152
36.973,-0.013019
36.983,-0.012868
36.993,-0.012697
37.003,-0.012508
37.013,-0.0123
37.023,-0.012071
37.033,-0.01183
37.043,-0.011571
37.053,-0.011304
37.063,-0.011027
37.073,-0.010749
37.083,-0.010458
37.094,-0.010157
37.104,-0.0098487
37.114,-0.0095232
37.124,-0.009181
37.134,-0.0088316
37.144,-0.0084766
37.154,-0.0081183
37.164,-0.0077529
37.174,-0.0073847
37.184,-0.0069992
37.194,-0.0066022
37.204,-0.0062096
37.214,-0.0058102
37.224,-0.005403
37.234,-0.0049887
37.244,-0.0045609
37.254,-0.0041335
37.264,-0.0037049
37.274,-0.0032657
37.284,-0.0028178
37.294,-0.0023679
37.304,-0.0019205
37.314,-0.0014641
37.324,-0.0010083
37.334,-0.00054183
37.344,-6.757e-005
37.354,0.00041378
37.364,0.00088762
37.374,0.0013652
37.384,0.001844
37.394,0.0023139
37.404,0.0027753
37.414,0.003242
37.424,0.0037209
37.434,0.0041946
37.444,0.0046615
37.454,0.0051285
37.464,0.0055899
37.474,0.0060484
37.484,0.006505
37.494,0.0069554
37.504,0.007393
37.514,0.0078289
37.524,0.0082544
37.534,0.0086709
37.544,0.0090719
37.554,0.0094687
37.564,0.0098644
37.574,0.010259
37.584,0.010637
37.594,0.010997
37.604,0.011351
37.614,0.011695
37.624,0.012029
37.634,0.012343
37.644,0.012654
37.654,0.012956
37.664,0.013249
37.674,0.013528
37.684,0.013795
37.694,0.014048
37.704,0.01429
37.714,0.014525
37.724,0.014739
37.734,0.014943
37.744,0.015133
37.754,0.015315
37.764,0.015474
37.774,0.015626
37.784,0.015769
37.794,0.015901
37.804,0.016019
37.814,0.016116
37.824,0.016207
37.834,0.016282
37.844,0.016346
37.854,0.016395
37.864,0.016432
37.874,0.016455
37.884,0.016461
37.894,0.016448
37.904,0.016425
37.914,0.016395
37.924,0.016355
37.934,0.016288
37.944,0.016202
37.954,0.016107
37.964,0.016004
37.974,0.015888
37.984,0.015753
37.994,0.015598
38.004,0.015428
38.014,0.015244
38.024,0.015042
38.034,0.014828
38.044,0.014603
38.054,0.01437
38.064,0.014118
38.074,0.013863
38.084,0.013594
38.094,0.013304
38.104,0.013012
38.114,0.012703
38.124,0.012377
38.134,0.012042
38.144,0.011707
38.154,0.011374
38.164,0.011036
38.174,0.010688
38.184,0.010334
38.195,0.0099817
38.205,0.0096317
38.215,0.0092858
38.225,0.0089468
38.235,0.008598
38.245,0.0082348
38.255,0.0078826
38.265,0.0075456
38.275,0.0072034
38.285,0.0068625
38.295,0.0065312
38.305,0.0062072
38.315,0.0058976
38.325,0.0055958
38.335,0.0053059
38.345,0.00503
38.355,0.0047746
38.365,0.004525
38.375,0.0042943
38.385,0.0040693
38.395,0.003849
38.405,0.0036447
38.415,0.0034504
38.425,0.003261
38.435,0.0030832
38.445,0.0029212
38.455,0.0027731
38.465,0.002648
38.475,0.0025435
38.485,0.0024579
38.495,0.0023889
38.505,0.002341
38.515,0.0023169
38.525,0.0023129
38.535,0.0023213
38.545,0.0023459
38.555,0.0023926
38.565,0.0024481
38.575,0.0025138
38.585,0.0025988
38.595,0.0026981
38.605,0.0028141
38.615,0.0029558
38.625,0.0031182
38.635,0.0032822
38.645,0.0034552
38.655,0.0036484
38.665,0.0038576
38.675,0.0040822
38.685,0.0043267
38.695,0.0045896
38.705,0.0048555
38.715,0.0051318
38.725,0.0054182
38.735,0.0057114
38.745,0.0060235
38.755,0.0063411
38.765,0.0066776
38.775,0.0070245
38.785,0.0073797
38.795,0.0077375
38.805,0.008115
38.815,0.0085042
38.825,0.0088955
38.835,0.0092972
38.845,0.0097042
38.855,0.010114
38.865,0.010531
38.875,0.010965
38.885,0.01141
38.895,0.011859
38.905,0.012319
38.915,0.012791
38.925,0.01326
38.935,0.013726
38.945,0.014208
38.955,0.014707
38.965,0.015215
38.975,0.015734
38.985,0.01627
38.995,0.016782
39.005,0.017307
39.015,0.017831
39.025,0.018374
39.035,0.018909
39.045,0.019443
39.055,0.01998
39.065,0.020528
39.075,0.021055
39.085,0.021589
39.095,0.022118
39.105,0.022639
39.115,0.02316
39.125,0.023686
39.135,0.024209
39.145,0.024717
39.155,0.02522
39.165,0.025732
39.175,0.026237
39.185,0.026731
39.195,0.027218
39.205,0.027708
39.215,0.028186
39.225,0.028661
39.235,0.02914
39.245,0.029613
39.255,0.030069
39.265,0.030521
39.275,0.030977
39.285,0.031427
39.295,0.031865
39.306,0.032289
39.316,0.032708
39.326,0.033121
39.336,0.033526
39.346,0.033912
39.356,0.034297
39.366,0.034673
39.376,0.035037
39.386,0.035392
39.396,0.035742
39.406,0.03609
39.416,0.036422
39.426,0.03674
39.436,0.03705
39.446,0.037353
39.456,0.037654
39.466,0.037943
39.476,0.038222
39.486,0.038498
39.496,0.038765
39.506,0.039029
39.516,0.039287
39.526,0.039535
39.536,0.039784
39.546,0.040026
39.556,0.040269
39.566,0.040518
39.576,0.040764
39.586,0.041002
39.596,0.041233
39.606,0.041464
39.616,0.041702
39.626,0.04194
39.636,0.042168
39.646,0.042397
39.656,0.042621
39.666,0.042841
39.676,0.043067
39.686,0.0433
39.696,0.043533
39.706,0.043759
39.716,0.043982
39.726,0.044199
39.736,0.04441
39.746,0.044624
39.756,0.044838
39.766,0.045048
39.776,0.045246
39.786,0.045441
39.796,0.045636
39.806,0.045826
39.816,0.046018
39.826,0.046199
39.836,0.046381
39.846,0.046563
39.856,0.046743
39.866,0.046926
39.876,0.047103
39.886,0.047278
39.896,0.047447
39.906,0.047627
39.916,0.047795
39.926,0.047952
39.936,0.0481
39.946,0.048238
39.956,0.048376
39.966,0.048513
39.976,0.04866
39.986,0.048795
39.996,0.048926
40.006,0.04906
40.016,0.049181
40.026,0.0493
40.036,0.049428
40.046,0.049545
40.056,0.049648
40.066,0.049755
40.076,0.049866
40.086,0.049973
40.096,0.050086
40.106,0.05019
40.116,0.050287
40.126,0.050389
40.136,0.050494
40.146,0.050595
40.156,0.050701
40.166,0.050818
40.176,0.050933
40.186,0.051055
40.196,0.051186
40.206,0.051316
40.216,0.051445
40.226,0.051581
40.236,0.051733
40.246,0.051885
40.256,0.052043
40.266,0.052212
40.276,0.052374
40.286,0.052546
40.296,0.052735
40.306,0.052929
40.316,0.053112
40.326,0.0533
40.336,0.053493
40.346,0.053687
40.356,0.053885
40.366,0.054079
40.376,0.054276
40.386,0.054468
40.396,0.054663
40.406,0.05485
40.417,0.055036
40.427,0.055221
40.437,0.055414
40.447,0.055602
40.457,0.055786
40.467,0.055965
40.477,0.056144
40.487,0.056314
40.497,0.056486
40.507,0.05665
40.517,0.056803
40.527,0.056959
40.537,0.05712
40.547,0.057273
40.557,0.057413
40.567,0.057551
40.577,0.057693
40.587,0.057826
40.597,0.057954
40.607,0.058087
40.617,0.058221
40.627,0.058342
40.637,0.058448
40.647,0.058548
40.657,0.058641
40.667,0.058738
40.677,0.058817
40.687,0.058902
40.697,0.058979
40.707,0.059037
40.717,0.059091
40.727,0.05914
40.737,0.059192
40.747,0.059238
40.757,0.059295
40.767,0.05934
40.777,0.059379
40.787,0.059422
40.797,0.059477
40.807,0.059522
40.817,0.059567
40.827,0.059612
40.837,0.05965
40.847,0.059677
40.857,0.059707
40.867,0.059745
40.877,0.059782
40.887,0.059821
40.897,0.059858
40.907,0.059889
40.917,0.059916
40.927,0.059937
40.937,0.059955
40.947,0.059977
40.957,0.059994
40.967,0.060017
40.977,0.060029
40.987,0.060033
40.997,0.060038
41.007,0.060034
41.017,0.06002
41.027,0.060006
41.037,0.059985
41.047,0.059955
41.057,0.059933
41.067,0.059905
41.077,0.059865
41.087,0.059821
41.097,0.05977
41.107,0.059706
41.117,0.059631
41.127,0.059559
41.137,0.059478
41.147,0.059384
41.157,0.059277
41.167,0.059163
41.177,0.059026
41.187,0.058876
41.197,0.058729
41.207,0.058566
41.217,0.058378
41.227,0.058181
41.237,0.057958
41.247,0.057717
41.257,0.057463
41.267,0.057185
41.277,0.056894
41.287,0.05658
41.297,0.056239
41.307,0.055888
41.317,0.055523
41.327,0.055124
41.337,0.054698
41.347,0.05425
41.357,0.053776
41.367,0.053291
41.377,0.052788
41.387,0.052265
41.397,0.05172
41.407,0.051157
41.417,0.050578
41.427,0.049975
41.437,0.049345
41.447,0.048692
41.457,0.048016
41.467,0.047303
41.477,0.04656
41.487,0.045794
41.497,0.045003
41.507,0.044179
41.518,0.043314
41.528,0.042417
41.538,0.041499
41.548,0.04055
41.558,0.039565
41.568,0.038556
41.578,0.037509
41.588,0.036426
41.598,0.035311
41.608,0.034197
41.618,0.033053
41.628,0.031886
41.638,0.030689
41.648,0.029452
41.658,0.028198
41.668,0.026924
41.678,0.025635
41.688,0.02433
41.698,0.023
41.708,0.021671
41.718,0.02033
41.728,0.018956
41.738,0.017584
41.748,0.016189
41.758,0.014762
41.768,0.013312
41.778,0.011873
41.788,0.01042
41.798,0.0089389
41.808,0.0074538
41.818,0.0059677
41.828,0.0044877
41.838,0.0029866
41.848,0.0014837
41.858,1.7327e-006
41.868,-0.0014914
41.878,-0.0029836
41.888,-0.0044679
41.898,-0.0059545
41.908,-0.0074416
41.918,-0.0089157
41.928,-0.010389
41.938,-0.011837
41.948,-0.013285
41.958,-0.014724
41.968,-0.016137
41.978,-0.017543
41.988,-0.018928
41.998,-0.020292
42.008,-0.021652
42.018,-0.022986
42.028,-0.024309
42.038,-0.025638
42.048,-0.026952
42.058,-0.028257
42.068,-0.02954
42.078,-0.030826
42.088,-0.032105
42.098,-0.033364
42.108,-0.034604
42.118,-0.035842
42.128,-0.037086
42.138,-0.038309
42.148,-0.03953
42.158,-0.040746
42.168,-0.041944
42.178,-0.043146
42.188,-0.044345
42.198,-0.045522
42.208,-0.046678
42.218,-0.047816
42.228,-0.048951
42.238,-0.050073
42.248,-0.051177
42.258,-0.052248
42.268,-0.053288
42.278,-0.054316
42.288,-0.055324
42.298,-0.056299
42.308,-0.057272
42.318,-0.058228
42.328,-0.059159
42.338,-0.060068
42.348,-0.060956
42.358,-0.061817
42.368,-0.062663
42.378,-0.063474
42.388,-0.064263
42.398,-0.065019
42.408,-0.06573
42.418,-0.066403
42.428,-0.067042
42.438,-0.067639
42.448,-0.068202
42.458,-0.068724
42.468,-0.069198
42.478,-0.069652
42.488,-0.070056
42.498,-0.070424
42.508,-0.070754
42.518,-0.071039
42.528,-0.071287
42.538,-0.071502
42.548,-0.071672
42.558,-0.071803
42.568,-0.071877
42.578,-0.071907
42.588,-0.071903
42.598,-0.071857
42.608,-0.071762
42.618,-0.071627
42.629,-0.071454
42.639,-0.071239
42.649,-0.071002
42.659,-0.070728
42.669,-0.070418
42.679,-0.070087
42.689,-0.069739
42.699,-0.069351
42.709,-0.068943
42.719,-0.068508
42.729,-0.068043
42.739,-0.067563
42.749,-0.067057
42.759,-0.066534
42.769,-0.065991
42.779,-0.065433
42.789,-0.064866
42.799,-0.064281
42.809,-0.063673
42.819,-0.063062
42.829,-0.062435
42.839,-0.061792
42.849,-0.061151
42.859,-0.06052
42.869,-0.059893
42.879,-0.059259
42.889,-0.058608
42.899,-0.057969
42.909,-0.057336
42.919,-0.0567
42.929,-0.056077
42.939,-0.05546
42.949,-0.05484
42.959,-0.05423
42.969,-0.053651
42.979,-0.053087
42.989,-0.05252
42.999,-0.051974
43.009,-0.05144
43.019,-0.050922
43.029,-0.050411
43.039,-0.04991
43.049,-0.049437
43.059,-0.04898
43.069,-0.048541
43.079,-0.048126
43.089,-0.04771
43.099,-0.047324
43.109,-0.046959
43.119,-0.046605
43.129,-0.046273
43.139,-0.04596
43.149,-0.045677
43.159,-0.045409
43.169,-0.045151
43.179,-0.04491
43.189,-0.044683
43.199,-0.044482
43.209,-0.044299
43.219,-0.044132
43.229,-0.043988
43.239,-0.043861
43.249,-0.043756
43.259,-0.043668
43.269,-0.043599
43.279,-0.043555
43.289,-0.043536
43.299,-0.043535
43.309,-0.043542
43.319,-0.043565
43.329,-0.043611
43.339,-0.043671
43.349,-0.043749
43.359,-0.043839
43.369,-0.043949
43.379,-0.044069
43.389,-0.044204
43.399,-0.044347
43.409,-0.044496
43.419,-0.044654
43.429,-0.04482
43.439,-0.044997
43.449,-0.045165
43.459,-0.04535
43.469,-0.045556
43.479,-0.045775
43.489,-0.046
43.499,-0.046218
43.509,-0.046438
43.519,-0.046664
43.529,-0.046878
43.539,-0.04709
43.549,-0.047307
43.559,-0.047513
43.569,-0.04772
43.579,-0.047917
43.589,-0.04811
43.599,-0.048295
43.609,-0.048464
43.619,-0.048624
43.629,-0.048768
43.639,-0.048902
43.649,-0.049045
43.659,-0.049174
43.669,-0.049279
43.679,-0.049384
43.689,-0.049465
43.699,-0.049525
43.709,-0.049578
43.719,-0.049619
43.73,-0.04965
43.74,-0.049671
43.75,-0.049674
43.76,-0.049664
43.77,-0.049643
43.78,-0.049595
43.79,-0.049534
43.8,-0.049452
43.81,-0.04936
43.82,-0.049269
43.83,-0.049161
43.84,-0.049042
43.85,-0.048916
43.86,-0.048795
43.87,-0.04866
43.88,-0.048512
43.89,-0.048364
43.9,-0.048209
43.91,-0.048041
43.92,-0.047885
43.93,-0.04772
43.94,-0.047536
43.95,-0.047348
43.96,-0.047158
43.97,-0.04697
43.98,-0.046778
43.99,-0.046579
44,-0.046388
44.01,-0.046184
44.02,-0.045984
44.03,-0.045799
44.04,-0.045619
44.05,-0.045436
44.06,-0.045253
44.07,-0.045086
44.08,-0.044921
44.09,-0.044763
44.1,-0.044611
44.11,-0.04446
44.12,-0.044314
44.13,-0.044176
44.14,-0.044029
44.15,-0.043872
44.16,-0.043716
44.17,-0.043554
44.18,-0.043393
44.19,-0.043221
44.2,-0.043041
44.21,-0.042881
44.22,-0.042695
44.23,-0.042508
44.24,-0.042313
44.25,-0.042118
44.26,-0.041933
44.27,-0.041742
44.28,-0.041525
44.29,-0.041295
44.3,-0.041068
44.31,-0.040826
44.32,-0.040582
44.33,-0.040319
44.34,-0.040042
44.35,-0.039743
44.36,-0.039428
44.37,-0.039109
44.38,-0.038766
44.39,-0.038397
44.4,-0.038008
44.41,-0.037599
44.42,-0.037178
44.43,-0.036733
44.44,-0.036272
44.45,-0.035785
44.46,-0.035292
44.47,-0.03479
44.48,-0.034276
44.49,-0.033748
44.5,-0.033203
44.51,-0.032645
44.52,-0.032069
44.53,-0.031489
44.54,-0.030885
44.55,-0.030269
44.56,-0.029649
44.57,-0.02903
44.58,-0.028414
44.59,-0.027771
44.6,-0.027123
44.61,-0.026472
44.62,-0.025818
44.63,-0.025162
44.64,-0.024485
44.65,-0.023818
44.66,-0.023111
44.67,-0.022476
44.68,-0.021838
44.69,-0.021197
44.7,-0.020528
44.71,-0.019864
44.72,-0.019205
44.73,-0.018554
44.74,-0.017894
44.75,-0.017283
44.76,-0.016687
44.77,-0.01616
44.78,-0.015643
44.79,-0.015133
44.8,-0.014668
44.81,-0.014209
44.82,-0.013765
44.83,-0.013366
44.841,-0.012985
44.851,-0.012633
44.861,-0.012282
44.871,-0.011972
44.881,-0.011667
44.891,-0.011395
44.901,-0.011144
44.911,-0.010887
44.921,-0.010682
44.931,-0.010489
44.941,-0.010339
44.951,-0.010195
44.961,-0.010099
44.971,-0.010018
44.981,-0.0099406
44.991,-0.0098859
45.001,-0.0098661
45.011,-0.0098805
45.021,-0.0098947
45.031,-0.0099396
45.041,-0.0099976
45.051,-0.010057
45.061,-0.010134
45.071,-0.010207
45.081,-0.010281
45.091,-0.010342
45.101,-0.010419
45.111,-0.010488
45.121,-0.010557
45.131,-0.010623
45.141,-0.010668
45.151,-0.010705
45.161,-0.010769
45.171,-0.01081
45.181,-0.01086
45.191,-0.010884
45.201,-0.010884
45.211,-0.010869
45.221,-0.010838
45.231,-0.010826
45.241,-0.010793
45.251,-0.010756
45.261,-0.010698
45.271,-0.010638
45.281,-0.010562
45.291,-0.010445
45.301,-0.010389
45.311,-0.010274
45.321,-0.01013
45.331,-0.010006
45.341,-0.0098769
45.351,-0.0097102
45.361,-0.0095348
45.371,-0.0093336
45.381,-0.0091425
45.391,-0.0089764
45.401,-0.0087686
45.411,-0.0085753
45.421,-0.0083769
45.431,-0.0081731
45.441,-0.0079569
45.451,-0.0077458
45.461,-0.0075452
45.471,-0.0073478
45.481,-0.0071475
45.491,-0.006967
45.501,-0.0067813
45.511,-0.0065896
45.521,-0.0064042
45.531,-0.0062335
45.541,-0.0060764
45.551,-0.0059196
45.561,-0.0057661
45.571,-0.0056173
45.581,-0.0054807
45.591,-0.0053598
45.601,-0.0052365
45.611,-0.0051207
45.621,-0.0050091
45.631,-0.0049203
45.641,-0.0048519
45.651,-0.0048102
45.661,-0.0047802
45.671,-0.004765
45.681,-0.0047755
45.691,-0.0048131
45.701,-0.004885
45.711,-0.0049625
45.721,-0.0050689
45.731,-0.0052037
45.741,-0.0053584
45.751,-0.0055373
45.761,-0.0057468
45.771,-0.005946
45.781,-0.0061849
45.791,-0.0064386
45.801,-0.0066941
45.811,-0.0069669
45.821,-0.0072595
45.831,-0.0075745
45.841,-0.0079001
45.851,-0.0082318
45.861,-0.0085763
45.871,-0.0089238
45.881,-0.0092702
45.891,-0.0096262
45.901,-0.0099935
45.911,-0.010363
45.921,-0.010742
45.931,-0.011111
45.941,-0.011471
45.952,-0.011836
45.962,-0.012176
45.972,-0.012498
45.982,-0.012817
45.992,-0.013126
46.002,-0.013415
46.012,-0.013684
46.022,-0.013941
46.032,-0.014167
46.042,-0.014351
46.052,-0.014513
46.062,-0.014655
46.072,-0.01476
46.082,-0.014857
46.092,-0.014925
46.102,-0.014972
46.112,-0.014985
46.122,-0.014977
46.132,-0.014947
46.142,-0.014872
46.152,-0.014782
46.162,-0.014653
46.172,-0.0145
46.182,-0.014306
46.192,-0.014076
46.202,-0.013807
46.212,-0.013502
46.222,-0.013155
46.232,-0.012776
46.242,-0.012349
46.252,-0.011861
46.262,-0.011344
46.272,-0.010806
46.282,-0.010243
46.292,-0.009657
46.302,-0.0090386
46.312,-0.0084076
46.322,-0.0077525
46.332,-0.0070777
46.342,-0.0063632
46.352,-0.0056467
46.362,-0.0048993
46.372,-0.004134
46.382,-0.0033659
46.392,-0.0025855
46.402,-0.0017896
46.412,-0.00096822
46.422,-0.00013748
46.432,0.00067094
46.442,0.0015083
46.452,0.0023498
46.462,0.0032001
46.472,0.0040414
46.482,0.0048784
46.492,0.0056911
46.502,0.0064952
46.512,0.0073013
46.522,0.0081088
46.532,0.0089101
46.542,0.0097038
46.552,0.01047
46.562,0.011231
46.572,0.01199
46.582,0.012744
46.592,0.01344
46.602,0.014126
46.612,0.014809
46.622,0.01547
46.632,0.01612
46.642,0.01675
46.652,0.017353
46.662,0.017956
46.672,0.018542
46.682,0.019121
46.692,0.019669
46.702,0.020194
46.712,0.020678
46.722,0.021156
46.732,0.021605
46.742,0.022002
46.752,0.022387
46.762,0.022753
46.772,0.023104
46.782,0.023434
46.792,0.023748
46.802,0.024035
46.812,0.02429
46.822,0.024537
46.832,0.024757
46.842,0.024954
46.852,0.025119
46.862,0.025283
46.872,0.025405
46.882,0.02552
46.892,0.025624
46.902,0.025731
46.912,0.025822
46.922,0.02589
46.932,0.025932
46.942,0.025968
46.952,0.025981
46.962,0.025971
46.972,0.025941
46.982,0.025911
46.992,0.02585
47.002,0.025785
47.012,0.025691
47.022,0.025591
47.032,0.025482
47.042,0.02537
47.053,0.025256
47.063,0.025146
47.073,0.025027
47.083,0.024881
47.093,0.024713
47.103,0.024528
47.113,0.024344
47.123,0.024137
47.133,0.023916
47.143,0.023696
47.153,0.023461
47.163,0.023211
47.173,0.022937
47.183,0.022668
47.193,0.0224
47.203,0.02212
47.213,0.021843
47.223,0.021576
47.233,0.021295
47.243,0.021008
47.253,0.020708
47.263,0.020425
47.273,0.020155
47.283,0.01987
47.293,0.019575
47.303,0.019255
47.313,0.018927
47.323,0.018623
47.333,0.018281
47.343,0.017944
47.353,0.017604
47.363,0.01728
47.373,0.016946
47.383,0.016628
47.393,0.016325
47.403,0.016008
47.413,0.015705
47.423,0.015391
47.433,0.015066
47.443,0.014744
47.453,0.014432
47.463,0.014124
47.473,0.013818
47.483,0.013508
47.493,0.013209
47.503,0.012902
47.513,0.012599
47.523,0.012311
47.533,0.012041
47.543,0.011779
47.553,0.01152
47.563,0.011274
47.573,0.011047
47.583,0.010821
47.593,0.010601
47.603,0.010395
47.613,0.010204
47.623,0.01003
47.633,0.0098515
47.643,0.0096619
47.653,0.0094928
47.663,0.0093548
47.673,0.0092242
47.683,0.0091251
47.693,0.0090366
47.703,0.0089759
47.713,0.0089361
47.723,0.0089189
47.733,0.0089333
47.743,0.0089687
47.753,0.0090128
47.763,0.009075
47.773,0.0091545
47.783,0.0092578
47.793,0.0093818
47.803,0.0095138
47.813,0.0096551
47.823,0.009814
47.833,0.010017
47.843,0.010243
47.853,0.010491
47.863,0.010744
47.873,0.011008
47.883,0.011297
47.893,0.011617
47.903,0.011946
47.913,0.012301
47.923,0.012673
47.933,0.013041
47.943,0.013417
47.953,0.013799
47.963,0.014176
47.973,0.014558
47.983,0.01494
47.993,0.015335
48.003,0.01573
48.013,0.01613
48.023,0.016556
48.033,0.016953
48.043,0.017395
48.053,0.017813
48.063,0.018252
48.073,0.018709
48.083,0.019143
48.093,0.019568
48.103,0.019984
48.113,0.020384
48.123,0.02075
48.133,0.021109
48.143,0.021438
48.153,0.021763
48.164,0.022081
48.174,0.022383
48.184,0.022684
48.194,0.022967
48.204,0.023234
48.214,0.023456
48.224,0.02366
48.234,0.023827
48.244,0.023979
48.254,0.024103
48.264,0.024186
48.274,0.024225
48.284,0.024212
48.294,0.024182
48.304,0.024132
48.314,0.024048
48.324,0.023947
48.334,0.023845
48.344,0.023722
48.354,0.023574
48.364,0.023371
48.374,0.023113
48.384,0.022821
48.394,0.022479
48.404,0.022083
48.414,0.021697
48.424,0.021281
48.434,0.020849
48.444,0.020395
48.454,0.019927
48.464,0.019428
48.474,0.0189
48.484,0.018353
48.494,0.017786
48.504,0.017181
48.514,0.016545
48.524,0.015888
48.534,0.015227
48.544,0.014537
48.554,0.013783
48.564,0.013061
48.574,0.012335
48.584,0.011561
48.594,0.010803
48.604,0.010046
48.614,0.0092971
48.624,0.0085419
48.634,0.0077936
48.644,0.0070442
48.654,0.0063114
48.664,0.0055614
48.674,0.0048499
48.684,0.0041149
48.694,0.0033855
48.704,0.0026574
48.714,0.0019549
48.724,0.0012614
48.734,0.00056747
48.744,-8.4276e-005
48.754,-0.00073349
48.764,-0.0013703
48.774,-0.001973
48.784,-0.0025862
48.794,-0.0032128
48.804,-0.0038048
48.814,-0.0043777
48.824,-0.0049256
48.834,-0.0054521
48.844,-0.0059338
48.854,-0.0064347
48.864,-0.006923
48.874,-0.0073733
48.884,-0.0077883
48.894,-0.0082126
48.904,-0.0085998
48.914,-0.0089953
48.924,-0.0094166
48.934,-0.0098087
48.944,-0.010184
48.954,-0.01056
48.964,-0.010913
48.974,-0.011244
48.984,-0.011545
48.994,-0.011842
49.004,-0.012116
49.014,-0.01239
49.024,-0.012652
49.034,-0.012907
49.044,-0.013149
49.054,-0.013368
49.064,-0.013557
49.074,-0.013712
49.084,-0.013852
49.094,-0.013962
49.104,-0.014058
49.114,-0.014151
49.124,-0.014234
49.134,-0.014281
49.144,-0.014338
49.154,-0.014411
49.164,-0.014493
49.174,-0.014545
49.184,-0.014544
49.194,-0.014515
49.204,-0.014443
49.214,-0.014365
49.224,-0.014263
49.234,-0.014157
49.244,-0.014062
49.254,-0.014007
49.265,-0.01396
49.275,-0.013837
49.285,-0.013645
49.295,-0.013439
49.305,-0.013204
49.315,-0.012964
49.325,-0.012715
49.335,-0.012469
49.345,-0.012203
49.355,-0.011931
49.365,-0.01158
49.375,-0.011192
49.385,-0.010791
49.395,-0.01035
49.405,-0.009863
49.415,-0.0094044
49.425,-0.0089359
49.435,-0.0084625
49.445,-0.0079619
49.455,-0.0074639
49.465,-0.0069029
49.475,-0.0062954
49.485,-0.0056827
49.495,-0.0050814
49.505,-0.0045088
49.515,-0.003955
49.525,-0.0033778
49.535,-0.0027626
49.545,-0.0021253
49.555,-0.0014741
49.565,-0.0007891
49.575,-0.00014496
49.585,0.00039988
49.595,0.00098289
49.605,0.0015906
49.615,0.0021754
49.625,0.0027477
49.635,0.0033469
49.645,0.0039282
49.655,0.0044825
49.665,0.0049494
49.675,0.0054382
49.685,0.0059225
49.695,0.0064249
49.705,0.0069345
49.715,0.0073629
49.725,0.0077175
49.735,0.0080716
49.745,0.0084167
49.755,0.0087097
49.765,0.009017
49.775,0.0093315
49.785,0.0095739
49.795,0.0097755
49.805,0.0099844
49.815,0.010117
49.825,0.010233
49.835,0.01033
49.845,0.010437
49.855,0.010488
49.865,0.010526
49.875,0.010631
49.885,0.010644
49.895,0.010495
49.905,0.01045
49.915,0.010294
49.925,0.010059
49.935,0.009811
49.945,0.0094488
49.955,0.0089136
49.965,0.0081121
49.975,0.0073077
49.985,0.0062383
49.995,0.0049289
50.005,0.0034134
50.015,0.0018546
50.025,0.00059724
50.035,-0.00051742
