0,0.0040178
0.010007,0.0036082
0.020013,0.0032801
0.03002,0.003129
0.040027,0.0029838
0.050033,0.0027703
0.06004,0.0025629
0.070047,0.0023416
0.080054,0.0022012
0.09006,0.0019334
0.10007,0.0015541
0.11007,0.0011849
0.12008,0.00043686
0.13009,-0.00051174
0.14009,-0.001739
0.1501,-0.0030258
0.16011,-0.0033053
0.17011,-0.0034394
0.18012,-0.0035655
0.19013,-0.0036652
0.20013,-0.0038174
0.21014,-0.0039197
0.22015,-0.0039525
0.23015,-0.0040068
0.24016,-0.0040831
0.25017,-0.004201
0.26017,-0.0043001
0.27018,-0.0044167
0.28019,-0.0044916
0.29019,-0.0045936
0.3002,-0.0047682
0.31021,-0.0048697
0.32021,-0.0049621
0.33022,-0.0050443
0.34023,-0.0050745
0.35023,-0.0051254
0.36024,-0.0052209
0.37025,-0.0053224
0.38025,-0.0054017
0.39026,-0.0054789
0.40027,-0.0054702
0.41027,-0.0054889
0.42028,-0.0055226
0.43029,-0.0056376
0.44029,-0.0057289
0.4503,-0.00577
0.46031,-0.0057765
0.47031,-0.005803
0.48032,-0.0058277
0.49033,-0.0058418
0.50033,-0.0058708
0.51034,-0.005922
0.52035,-0.005987
0.53035,-0.0060392
0.54036,-0.0060639
0.55037,-0.0060794
0.56037,-0.0061393
0.57038,-0.0062082
0.58039,-0.0062412
0.59039,-0.0062786
0.6004,-0.0062939
0.61041,-0.0063134
0.62042,-0.0063585
0.63042,-0.0063953
0.64043,-0.0064351
0.65044,-0.0064997
0.66044,-0.0065526
0.67045,-0.0065707
0.68046,-0.0066232
0.69046,-0.0066577
0.70047,-0.0066484
0.71048,-0.0066216
0.72048,-0.00659
0.73049,-0.0066293
0.7405,-0.0066808
0.7505,-0.006746
0.76051,-0.0067977
0.77052,-0.0068536
0.78052,-0.0068859
0.79053,-0.0068939
0.80054,-0.0069224
0.81054,-0.0069299
0.82055,-0.0069345
0.83056,-0.0069397
0.84056,-0.0069698
0.85057,-0.0070156
0.86058,-0.0070355
0.87058,-0.0070814
0.88059,-0.0071024
0.8906,-0.0071185
0.9006,-0.007118
0.91061,-0.0071038
0.92062,-0.0070806
0.93062,-0.0070895
0.94063,-0.0070997
0.95064,-0.0071063
0.96064,-0.007123
0.97065,-0.0071217
0.98066,-0.0071399
0.99066,-0.0071574
1.0007,-0.0071648
1.0107,-0.0071828
1.0207,-0.0071676
1.0307,-0.0071621
1.0407,-0.0071674
1.0507,-0.0071781
1.0607,-0.0071948
1.0707,-0.0072108
1.0807,-0.0072231
1.0907,-0.0072186
1.1007,-0.0071941
1.1107,-0.0072001
1.1207,-0.0071933
1.1308,-0.0071978
1.1408,-0.0072035
1.1508,-0.0071801
1.1608,-0.0071748
1.1708,-0.0071604
1.1808,-0.0071607
1.1908,-0.007157
1.2008,-0.007137
1.2108,-0.0071368
1.2208,-0.007146
1.2308,-0.0071432
1.2408,-0.0071491
1.2508,-0.007135
1.2608,-0.0071114
1.2709,-0.0070916
1.2809,-0.0070659
1.2909,-0.0070371
1.3009,-0.0070262
1.3109,-0.0070137
1.3209,-0.0069901
1.3309,-0.006973
1.3409,-0.0069548
1.3509,-0.0069511
1.3609,-0.0069294
1.3709,-0.0069024
1.3809,-0.006879
1.3909,-0.0068714
1.4009,-0.0068386
1.4109,-0.0068089
1.421,-0.0067829
1.431,-0.0067474
1.441,-0.006734
1.451,-0.0066934
1.461,-0.0066687
1.471,-0.0066504
1.481,-0.0066151
1.491,-0.0065783
1.501,-0.006545
1.511,-0.0065273
1.521,-0.0064911
1.531,-0.0064762
1.541,-0.0064393
1.551,-0.0063879
1.561,-0.0063302
1.5711,-0.0062695
1.5811,-0.0062191
1.5911,-0.0061685
1.6011,-0.006143
1.6111,-0.0061237
1.6211,-0.0061028
1.6311,-0.0060688
1.6411,-0.0060353
1.6511,-0.0059948
1.6611,-0.0059493
1.6711,-0.0059025
1.6811,-0.0058626
1.6911,-0.0058004
1.7011,-0.0057609
1.7111,-0.0057141
1.7212,-0.0056502
1.7312,-0.005622
1.7412,-0.0055751
1.7512,-0.0055428
1.7612,-0.0054994
1.7712,-0.0054603
1.7812,-0.0054032
1.7912,-0.0053532
1.8012,-0.0053036
1.8112,-0.0052382
1.8212,-0.0051981
1.8312,-0.0051523
1.8412,-0.0051138
1.8512,-0.005082
1.8612,-0.0050396
1.8713,-0.0050016
1.8813,-0.0049774
1.8913,-0.004966
1.9013,-0.004941
1.9113,-0.0049102
1.9213,-0.0048789
1.9313,-0.0048452
1.9413,-0.0047948
1.9513,-0.0047411
1.9613,-0.0046797
1.9713,-0.0046401
1.9813,-0.0045903
1.9913,-0.004549
2.0013,-0.0045285
2.0113,-0.0044972
2.0214,-0.0044589
2.0314,-0.0044429
2.0414,-0.004418
2.0514,-0.0044017
2.0614,-0.004373
2.0714,-0.004339
2.0814,-0.0043044
2.0914,-0.0042753
2.1014,-0.004228
2.1114,-0.004208
2.1214,-0.0041775
2.1314,-0.0041557
2.1414,-0.004137
2.1514,-0.0041229
2.1614,-0.0040961
2.1715,-0.0040541
2.1815,-0.0040233
2.1915,-0.0039879
2.2015,-0.003963
2.2115,-0.0039345
2.2215,-0.0039171
2.2315,-0.0038895
2.2415,-0.0038783
2.2515,-0.0038706
2.2615,-0.0038555
2.2715,-0.0038466
2.2815,-0.0038635
2.2915,-0.0038848
2.3015,-0.0039008
2.3115,-0.003888
2.3216,-0.0038566
2.3316,-0.0038195
2.3416,-0.0037987
2.3516,-0.0037851
2.3616,-0.0037741
2.3716,-0.0037783
2.3816,-0.0037614
2.3916,-0.0037431
2.4016,-0.0037253
2.4116,-0.0037227
2.4216,-0.0037221
2.4316,-0.0037151
2.4416,-0.0037073
2.4516,-0.0036834
2.4616,-0.0036711
2.4717,-0.0036667
2.4817,-0.0036627
2.4917,-0.0036482
2.5017,-0.0036339
2.5117,-0.0036278
2.5217,-0.0036359
2.5317,-0.0036267
2.5417,-0.0035935
2.5517,-0.0035821
2.5617,-0.0035647
2.5717,-0.0035587
2.5817,-0.0035622
2.5917,-0.0035628
2.6017,-0.0035692
2.6117,-0.0035696
2.6218,-0.0035725
2.6318,-0.0035689
2.6418,-0.0035822
2.6518,-0.0035893
2.6618,-0.0036209
2.6718,-0.0036465
2.6818,-0.0036549
2.6918,-0.0036685
2.7018,-0.003683
2.7118,-0.0036817
2.7218,-0.0036922
2.7318,-0.0037049
2.7418,-0.0037132
2.7518,-0.0037058
2.7618,-0.003704
2.7719,-0.0036974
2.7819,-0.0036844
2.7919,-0.0036927
2.8019,-0.0037007
2.8119,-0.0037131
2.8219,-0.0037224
2.8319,-0.0037099
2.8419,-0.0037177
2.8519,-0.0037239
2.8619,-0.0037416
2.8719,-0.0037566
2.8819,-0.0037637
2.8919,-0.0037549
2.9019,-0.0037209
2.9119,-0.0036858
2.922,-0.0036563
2.932,-0.0036211
2.942,-0.0035841
2.952,-0.0035511
2.962,-0.0035145
2.972,-0.0034666
2.982,-0.0034297
2.992,-0.0033988
3.002,-0.0033701
3.012,-0.0033379
3.022,-0.0033178
3.032,-0.0033033
3.042,-0.0032783
3.052,-0.003244
3.062,-0.0032202
3.0721,-0.0031976
3.0821,-0.0031692
3.0921,-0.0031388
3.1021,-0.0031078
3.1121,-0.0030722
3.1221,-0.0030435
3.1321,-0.0030239
3.1421,-0.0029861
3.1521,-0.002934
3.1621,-0.0028826
3.1721,-0.0028417
3.1821,-0.0027958
3.1921,-0.0027562
3.2021,-0.0027185
3.2121,-0.0026808
3.2222,-0.0026501
3.2322,-0.0026183
3.2422,-0.0025826
3.2522,-0.002539
3.2622,-0.0025108
3.2722,-0.0024821
3.2822,-0.0024534
3.2922,-0.0024252
3.3022,-0.0023906
3.3122,-0.0023517
3.3222,-0.0023076
3.3322,-0.0022631
3.3422,-0.0022251
3.3522,-0.0021782
3.3622,-0.0021281
3.3723,-0.0020819
3.3823,-0.0020314
3.3923,-0.0019852
3.4023,-0.0019335
3.4123,-0.0018858
3.4223,-0.0018301
3.4323,-0.0017748
3.4423,-0.0017116
3.4523,-0.001648
3.4623,-0.0016038
3.4723,-0.0015589
3.4823,-0.0015121
3.4923,-0.0014603
3.5023,-0.0014171
3.5123,-0.0013662
3.5224,-0.0013236
3.5324,-0.0012784
3.5424,-0.0012321
3.5524,-0.0011817
3.5624,-0.0011156
3.5724,-0.0010587
3.5824,-0.0010224
3.5924,-0.00096636
3.6024,-0.0009063
3.6124,-0.0008625
3.6224,-0.00080371
3.6324,-0.00075143
3.6424,-0.00070234
3.6524,-0.00066585
3.6625,-0.00063439
3.6725,-0.00058819
3.6825,-0.0005552
3.6925,-0.00052768
3.7025,-0.00050667
3.7125,-0.00047667
3.7225,-0.00043751
3.7325,-0.00039662
3.7425,-0.00034588
3.7525,-0.00029639
3.7625,-0.00024223
3.7725,-0.00017565
3.7825,-0.00011056
3.7925,-3.0407e-005
3.8025,4.138e-005
3.8126,9.7459e-005
3.8226,0.00016637
3.8326,0.00023307
3.8426,0.00028453
3.8526,0.00031564
3.8626,0.00034325
3.8726,0.00039741
3.8826,0.00046321
3.8926,0.00051691
3.9026,0.0005741
3.9126,0.00062491
3.9226,0.0006643
3.9326,0.00071712
3.9426,0.00074822
3.9526,0.0008104
3.9627,0.00086529
3.9727,0.00090728
3.9827,0.00093679
3.9927,0.00098168
4.0027,0.0010157
4.0127,0.0010462
4.0227,0.0010845
4.0327,0.0011142
4.0427,0.001172
4.0527,0.0012259
4.0627,0.0012832
4.0727,0.0013536
4.0827,0.0013967
4.0927,0.0014499
4.1027,0.0014978
4.1128,0.001555
4.1228,0.0016071
4.1328,0.001649
4.1428,0.0016816
4.1528,0.0017007
4.1628,0.0017523
4.1728,0.0018115
4.1828,0.0018478
4.1928,0.0019001
4.2028,0.0019522
4.2128,0.0020124
4.2228,0.0020688
4.2328,0.0021318
4.2428,0.0021749
4.2528,0.0022366
4.2629,0.0023005
4.2729,0.0023552
4.2829,0.002415
4.2929,0.0024788
4.3029,0.0025418
4.3129,0.0026063
4.3229,0.0026773
4.3329,0.002753
4.3429,0.0028202
4.3529,0.0028825
4.3629,0.0029223
4.3729,0.0029629
4.3829,0.0030052
4.3929,0.0030618
4.4029,0.0030898
4.413,0.0031147
4.423,0.0031468
4.433,0.0031668
4.443,0.0032096
4.453,0.0032534
4.463,0.0033165
4.473,0.0033677
4.483,0.0034027
4.493,0.003474
4.503,0.0035461
4.513,0.0036182
4.523,0.0036786
4.533,0.0037262
4.543,0.0037893
4.553,0.0038084
4.5631,0.0038427
4.5731,0.0038762
4.5831,0.003907
4.5931,0.0039403
4.6031,0.003977
4.6131,0.0040149
4.6231,0.0040425
4.6331,0.0040683
4.6431,0.0041053
4.6531,0.0041459
4.6631,0.0041786
4.6731,0.0042009
4.6831,0.0042249
4.6931,0.0042568
4.7031,0.0043025
4.7132,0.0043702
4.7232,0.0044114
4.7332,0.0044528
4.7432,0.0045162
4.7532,0.0045594
4.7632,0.0045857
4.7732,0.0046166
4.7832,0.0046702
4.7932,0.004709
4.8032,0.0047482
4.8132,0.004791
4.8232,0.0048517
4.8332,0.0049086
4.8432,0.0049727
4.8532,0.0050273
4.8633,0.0050902
4.8733,0.0051191
4.8833,0.0051606
4.8933,0.0051971
4.9033,0.0052349
4.9133,0.0052779
4.9233,0.0053261
4.9333,0.0053459
4.9433,0.0054034
4.9533,0.0054404
4.9633,0.0054776
4.9733,0.0055065
4.9833,0.0055536
4.9933,0.0055971
5.0033,0.0056363
5.0134,0.0056857
5.0234,0.0057365
5.0334,0.0057868
5.0434,0.0058408
5.0534,0.0058901
5.0634,0.0059227
5.0734,0.0059551
5.0834,0.0060208
5.0934,0.0060813
5.1034,0.0061284
5.1134,0.0061795
5.1234,0.0062282
5.1334,0.0062716
5.1434,0.0063168
5.1534,0.0063487
5.1635,0.0063906
5.1735,0.0064205
5.1835,0.0064638
5.1935,0.0065078
5.2035,0.0065493
5.2135,0.0065804
5.2235,0.006601
5.2335,0.0066365
5.2435,0.0066724
5.2535,0.0067076
5.2635,0.0067369
5.2735,0.0067808
5.2835,0.006818
5.2935,0.0068601
5.3035,0.0068944
5.3136,0.0069121
5.3236,0.0069587
5.3336,0.0069993
5.3436,0.0070436
5.3536,0.0070936
5.3636,0.0071425
5.3736,0.0071859
5.3836,0.0072553
5.3936,0.007332
5.4036,0.0073807
5.4136,0.0074454
5.4236,0.0075121
5.4336,0.0075659
5.4436,0.0076196
5.4536,0.007651
5.4637,0.0076924
5.4737,0.0077594
5.4837,0.0078085
5.4937,0.007844
5.5037,0.0078979
5.5137,0.0079497
5.5237,0.0079934
5.5337,0.0080314
5.5437,0.0080708
5.5537,0.0081012
5.5637,0.0081222
5.5737,0.008153
5.5837,0.0082009
5.5937,0.0082613
5.6037,0.008309
5.6138,0.0083439
5.6238,0.008379
5.6338,0.0084423
5.6438,0.0084721
5.6538,0.0085212
5.6638,0.0085727
5.6738,0.0086282
5.6838,0.0086653
5.6938,0.0086984
5.7038,0.0087385
5.7138,0.0087856
5.7238,0.0088354
5.7338,0.0088813
5.7438,0.0089308
5.7538,0.0089682
5.7639,0.0090071
5.7739,0.0090542
5.7839,0.0090976
5.7939,0.009132
5.8039,0.0091747
5.8139,0.0092166
5.8239,0.0092668
5.8339,0.0093198
5.8439,0.0093728
5.8539,0.0094207
5.8639,0.0094694
5.8739,0.0095165
5.8839,0.009572
5.8939,0.0096249
5.9039,0.0096794
5.914,0.0097485
5.924,0.0098127
5.934,0.0098794
5.944,0.0099569
5.954,0.010015
5.964,0.010068
5.974,0.010141
5.984,0.01019
5.994,0.010269
6.004,0.010333
6.014,0.010396
6.024,0.010455
6.034,0.01052
6.044,0.010592
6.0541,0.010657
6.0641,0.010698
6.0741,0.010747
6.0841,0.010812
6.0941,0.01088
6.1041,0.010937
6.1141,0.010998
6.1241,0.011061
6.1341,0.011116
6.1441,0.011163
6.1541,0.011217
6.1641,0.011282
6.1741,0.011337
6.1841,0.011404
6.1941,0.011447
6.2042,0.011492
6.2142,0.011542
6.2242,0.011574
6.2342,0.011603
6.2442,0.011637
6.2542,0.011664
6.2642,0.0117
6.2742,0.011742
6.2842,0.011785
6.2942,0.011819
6.3042,0.011863
6.3142,0.011895
6.3242,0.011942
6.3342,0.011989
6.3442,0.012043
6.3543,0.012089
6.3643,0.012138
6.3743,0.012208
6.3843,0.012256
6.3943,0.012318
6.4043,0.012373
6.4143,0.012413
6.4243,0.012465
6.4343,0.012513
6.4443,0.01255
6.4543,0.012584
6.4643,0.012625
6.4743,0.012665
6.4843,0.012716
6.4943,0.012756
6.5044,0.01281
6.5144,0.012863
6.5244,0.012922
6.5344,0.012976
6.5444,0.013037
6.5544,0.013099
6.5644,0.013157
6.5744,0.013206
6.5844,0.013243
6.5944,0.013283
6.6044,0.013306
6.6144,0.013342
6.6244,0.013376
6.6344,0.013416
6.6444,0.013447
6.6545,0.013488
6.6645,0.013536
6.6745,0.013565
6.6845,0.013587
6.6945,0.013618
6.7045,0.013646
6.7145,0.013671
6.7245,0.013691
6.7345,0.013714
6.7445,0.013747
6.7545,0.013777
6.7645,0.013809
6.7745,0.013845
6.7845,0.013887
6.7945,0.013932
6.8046,0.013992
6.8146,0.014045
6.8246,0.014093
6.8346,0.014134
6.8446,0.014168
6.8546,0.014201
6.8646,0.01425
6.8746,0.014285
6.8846,0.014306
6.8946,0.014351
6.9046,0.014383
6.9146,0.014418
6.9246,0.014451
6.9346,0.014476
6.9446,0.014504
6.9547,0.014532
6.9647,0.014565
6.9747,0.014598
6.9847,0.014628
6.9947,0.014651
7.0047,0.014676
7.0147,0.014698
7.0247,0.014718
7.0347,0.014734
7.0447,0.014757
7.0547,0.014787
7.0647,0.014806
7.0747,0.014822
7.0847,0.014861
7.0947,0.014896
7.1048,0.014919
7.1148,0.014941
7.1248,0.01497
7.1348,0.014995
7.1448,0.015023
7.1548,0.015062
7.1648,0.015105
7.1748,0.015131
7.1848,0.015159
7.1948,0.015181
7.2048,0.015215
7.2148,0.015238
7.2248,0.015273
7.2348,0.015304
7.2448,0.015337
7.2549,0.015358
7.2649,0.015385
7.2749,0.015391
7.2849,0.015421
7.2949,0.015434
7.3049,0.015443
7.3149,0.015456
7.3249,0.015472
7.3349,0.015488
7.3449,0.015512
7.3549,0.015528
7.3649,0.015536
7.3749,0.015543
7.3849,0.015563
7.3949,0.015581
7.405,0.0156
7.415,0.015618
7.425,0.015635
7.435,0.015648
7.445,0.015661
7.455,0.015674
7.465,0.015683
7.475,0.015688
7.485,0.015685
7.495,0.01568
7.505,0.015677
7.515,0.015685
7.525,0.015686
7.535,0.01568
7.545,0.015673
7.5551,0.015664
7.5651,0.01566
7.5751,0.015649
7.5851,0.015643
7.5951,0.015643
7.6051,0.015642
7.6151,0.015638
7.6251,0.015627
7.6351,0.015614
7.6451,0.015602
7.6551,0.015584
7.6651,0.015573
7.6751,0.01556
7.6851,0.015541
7.6951,0.015511
7.7052,0.015481
7.7152,0.01545
7.7252,0.015421
7.7352,0.015392
7.7452,0.01536
7.7552,0.015327
7.7652,0.015296
7.7752,0.015268
7.7852,0.015233
7.7952,0.015191
7.8052,0.015137
7.8152,0.015084
7.8252,0.01503
7.8352,0.014983
7.8452,0.014923
7.8553,0.014866
7.8653,0.014815
7.8753,0.014753
7.8853,0.014708
7.8953,0.014649
7.9053,0.014593
7.9153,0.014521
7.9253,0.014447
7.9353,0.014362
7.9453,0.01429
7.9553,0.014226
7.9653,0.014169
7.9753,0.01411
7.9853,0.014043
7.9953,0.013974
8.0054,0.013902
8.0154,0.013824
8.0254,0.013748
8.0354,0.013686
8.0454,0.01362
8.0554,0.013537
8.0654,0.013455
8.0754,0.013371
8.0854,0.013277
8.0954,0.013202
8.1054,0.013125
8.1154,0.013056
8.1254,0.012974
8.1354,0.012911
8.1454,0.012846
8.1555,0.01278
8.1655,0.01272
8.1755,0.012635
8.1855,0.012549
8.1955,0.01249
8.2055,0.012419
8.2155,0.012349
8.2255,0.012272
8.2355,0.012214
8.2455,0.012168
8.2555,0.012092
8.2655,0.012033
8.2755,0.011978
8.2855,0.011919
8.2955,0.011871
8.3056,0.0118
8.3156,0.011778
8.3256,0.011685
8.3356,0.011635
8.3456,0.011568
8.3556,0.011549
8.3656,0.011515
8.3756,0.011467
8.3856,0.011443
8.3956,0.011401
8.4056,0.011388
8.4156,0.011358
8.4256,0.011353
8.4356,0.011302
8.4457,0.011299
8.4557,0.011293
8.4657,0.011291
8.4757,0.011297
8.4857,0.011308
8.4957,0.011316
8.5057,0.011336
8.5157,0.011346
8.5257,0.011365
8.5357,0.011395
8.5457,0.011422
8.5557,0.011446
8.5657,0.011487
8.5757,0.011544
8.5857,0.011596
8.5958,0.011643
8.6058,0.011708
8.6158,0.011754
8.6258,0.011795
8.6358,0.011857
8.6458,0.01191
8.6558,0.011996
8.6658,0.012072
8.6758,0.012137
8.6858,0.012222
8.6958,0.012278
8.7058,0.012367
8.7158,0.012446
8.7258,0.012524
8.7358,0.012588
8.7459,0.012662
8.7559,0.012726
8.7659,0.012786
8.7759,0.012877
8.7859,0.013001
8.7959,0.013073
8.8059,0.013171
8.8159,0.013298
8.8259,0.013383
8.8359,0.013451
8.8459,0.013513
8.8559,0.013613
8.8659,0.013686
8.8759,0.013757
8.8859,0.013827
8.896,0.013919
8.906,0.013959
8.916,0.013994
8.926,0.014036
8.936,0.014111
8.946,0.014167
8.956,0.014202
8.966,0.014245
8.976,0.014272
8.986,0.014294
8.996,0.014314
9.006,0.014336
9.016,0.014337
9.026,0.01433
9.036,0.014353
9.0461,0.01436
9.0561,0.014374
9.0661,0.014398
9.0761,0.014414
9.0861,0.014421
9.0961,0.014416
9.1061,0.014407
9.1161,0.014408
9.1261,0.014384
9.1361,0.014357
9.1461,0.014329
9.1561,0.014318
9.1661,0.014283
9.1761,0.014263
9.1861,0.014244
9.1962,0.014212
9.2062,0.014173
9.2162,0.014126
9.2262,0.014101
9.2362,0.014069
9.2462,0.014026
9.2562,0.013974
9.2662,0.013915
9.2762,0.013859
9.2862,0.01378
9.2962,0.013742
9.3062,0.013674
9.3162,0.013617
9.3262,0.013556
9.3362,0.01348
9.3463,0.013419
9.3563,0.013338
9.3663,0.013269
9.3763,0.013201
9.3863,0.013135
9.3963,0.01307
9.4063,0.013009
9.4163,0.012941
9.4263,0.012856
9.4363,0.012772
9.4463,0.012686
9.4563,0.012602
9.4663,0.012511
9.4763,0.012406
9.4863,0.012305
9.4964,0.01222
9.5064,0.012131
9.5164,0.01204
9.5264,0.011942
9.5364,0.011844
9.5464,0.011733
9.5564,0.011638
9.5664,0.011539
9.5764,0.011422
9.5864,0.011305
9.5964,0.011189
9.6064,0.011073
9.6164,0.010956
9.6264,0.010837
9.6364,0.010717
9.6465,0.010593
9.6565,0.010458
9.6665,0.010316
9.6765,0.01016
9.6865,0.010012
9.6965,0.0098584
9.7065,0.0097097
9.7165,0.0095552
9.7265,0.0094073
9.7365,0.0092642
9.7465,0.0091137
9.7565,0.0089645
9.7665,0.008821
9.7765,0.0086711
9.7865,0.0085181
9.7966,0.0083882
9.8066,0.0082356
9.8166,0.0080683
9.8266,0.0079085
9.8366,0.0077604
9.8466,0.0076093
9.8566,0.0074577
9.8666,0.007301
9.8766,0.0071456
9.8866,0.0069902
9.8966,0.006832
9.9066,0.0066553
9.9166,0.0064956
9.9266,0.0063372
9.9366,0.0061831
9.9467,0.0060253
9.9567,0.0058638
9.9667,0.0057032
9.9767,0.005547
9.9867,0.0054085
9.9967,0.0052511
10.007,0.0051105
10.017,0.0049688
10.027,0.0048403
10.037,0.0046799
10.047,0.0045485
10.057,0.0044133
10.067,0.0042743
10.077,0.0041313
10.087,0.0039993
10.097,0.0038566
10.107,0.0037435
10.117,0.0036136
10.127,0.0034853
10.137,0.0033627
10.147,0.003241
10.157,0.0031137
10.167,0.0029796
10.177,0.0028603
10.187,0.0027345
10.197,0.0026168
10.207,0.0024913
10.217,0.0023619
10.227,0.0022349
10.237,0.0021235
10.247,0.002006
10.257,0.0018795
10.267,0.0017689
10.277,0.0016635
10.287,0.0015603
10.297,0.0014556
10.307,0.0013487
10.317,0.0012382
10.327,0.0011366
10.337,0.0010166
10.347,0.00089665
10.357,0.00078985
10.367,0.00068158
10.377,0.00057603
10.387,0.00048825
10.397,0.00038695
10.407,0.00027848
10.417,0.00017364
10.427,7.48e-005
10.437,-3.213e-005
10.447,-0.00013463
10.457,-0.00024139
10.467,-0.00034484
10.477,-0.00043929
10.487,-0.00052915
10.497,-0.00062225
10.507,-0.00072169
10.517,-0.00082352
10.527,-0.00092044
10.537,-0.001023
10.547,-0.0011271
10.557,-0.0012191
10.567,-0.0013058
10.577,-0.0014046
10.587,-0.0015023
10.597,-0.0015872
10.607,-0.0016758
10.617,-0.001762
10.627,-0.0018493
10.637,-0.0019328
10.647,-0.0020168
10.657,-0.0021033
10.667,-0.0022037
10.677,-0.0022986
10.687,-0.0023847
10.697,-0.002463
10.707,-0.0025469
10.717,-0.0026346
10.727,-0.0027228
10.737,-0.002807
10.747,-0.002883
10.757,-0.0029577
10.767,-0.0030294
10.777,-0.0031033
10.787,-0.0031758
10.797,-0.0032379
10.807,-0.0032997
10.817,-0.003366
10.827,-0.0034263
10.837,-0.0034893
10.847,-0.003554
10.857,-0.0036194
10.867,-0.0036793
10.877,-0.0037394
10.887,-0.0037991
10.897,-0.0038567
10.907,-0.0039127
10.917,-0.0039662
10.927,-0.0040311
10.937,-0.0040921
10.947,-0.0041451
10.957,-0.0041931
10.967,-0.0042477
10.977,-0.0042966
10.987,-0.0043516
10.997,-0.0044103
11.007,-0.0044621
11.017,-0.0045045
11.027,-0.0045418
11.037,-0.0045777
11.047,-0.0046165
11.057,-0.0046624
11.067,-0.0047029
11.077,-0.0047419
11.087,-0.0047772
11.097,-0.004811
11.107,-0.0048419
11.117,-0.0048833
11.127,-0.0049059
11.137,-0.0049244
11.147,-0.004956
11.157,-0.0049842
11.167,-0.0050011
11.177,-0.0050194
11.187,-0.0050436
11.197,-0.0050566
11.207,-0.005068
11.218,-0.0050743
11.228,-0.0050759
11.238,-0.0050829
11.248,-0.0050986
11.258,-0.0051029
11.268,-0.0051174
11.278,-0.0051319
11.288,-0.0051498
11.298,-0.0051593
11.308,-0.0051627
11.318,-0.0051514
11.328,-0.0051418
11.338,-0.0051303
11.348,-0.0051018
11.358,-0.0050737
11.368,-0.005045
11.378,-0.0050209
11.388,-0.0049979
11.398,-0.004969
11.408,-0.00494
11.418,-0.0049149
11.428,-0.004901
11.438,-0.0048869
11.448,-0.0048615
11.458,-0.0048319
11.468,-0.0047998
11.478,-0.0047666
11.488,-0.0047289
11.498,-0.0046915
11.508,-0.0046533
11.518,-0.0046088
11.528,-0.0045674
11.538,-0.0045262
11.548,-0.0044923
11.558,-0.004455
11.568,-0.0044096
11.578,-0.0043665
11.588,-0.0043391
11.598,-0.0043181
11.608,-0.0042866
11.618,-0.0042707
11.628,-0.0042682
11.638,-0.0042576
11.648,-0.0042459
11.658,-0.0042361
11.668,-0.0042305
11.678,-0.0042241
11.688,-0.0042209
11.698,-0.004217
11.708,-0.0042124
11.718,-0.0042053
11.728,-0.0041934
11.738,-0.0041717
11.748,-0.0041538
11.758,-0.0041412
11.768,-0.0041297
11.778,-0.0041194
11.788,-0.0041017
11.798,-0.0040866
11.808,-0.0040611
11.818,-0.0040288
11.828,-0.0039921
11.838,-0.0039512
11.848,-0.0039099
11.858,-0.0038641
11.868,-0.0038242
11.878,-0.0037786
11.888,-0.0037309
11.898,-0.0036896
11.908,-0.0036322
11.918,-0.0035567
11.928,-0.0034801
11.938,-0.0034001
11.948,-0.0033184
11.958,-0.0032218
11.968,-0.0031248
11.978,-0.0030233
11.988,-0.0029203
11.998,-0.0028091
12.008,-0.002684
12.018,-0.0025607
12.028,-0.0024328
12.038,-0.0022933
12.048,-0.002134
12.058,-0.0019684
12.068,-0.0017911
12.078,-0.0015908
12.088,-0.0013894
12.098,-0.0011862
12.108,-0.00097887
12.118,-0.00075736
12.128,-0.0005318
12.138,-0.00029726
12.148,-5.061e-005
12.158,0.00020993
12.168,0.0004743
12.178,0.00073617
12.188,0.00099949
12.198,0.0012569
12.208,0.0015121
12.218,0.0017737
12.228,0.0020285
12.238,0.0022735
12.248,0.0025215
12.258,0.0027656
12.268,0.0029917
12.278,0.0032138
12.288,0.0034331
12.298,0.0036371
12.308,0.0038269
12.318,0.0040009
12.328,0.0041643
12.338,0.0043078
12.348,0.0044377
12.358,0.0045379
12.368,0.0046151
12.378,0.0046809
12.388,0.0047242
12.398,0.0047389
12.408,0.0047247
12.418,0.0046905
12.428,0.0046343
12.438,0.0045483
12.448,0.004427
12.458,0.0042774
12.468,0.0041014
12.478,0.0038928
12.488,0.0036491
12.498,0.003371
12.508,0.0030655
12.518,0.00273
12.528,0.0023632
12.538,0.0019681
12.548,0.001554
12.558,0.0011024
12.568,0.00061988
12.578,9.9984e-005
12.588,-0.0004489
12.598,-0.0010382
12.608,-0.0016693
12.618,-0.0023348
12.628,-0.0030312
12.638,-0.0037452
12.648,-0.0044848
12.658,-0.0052558
12.668,-0.0060523
12.678,-0.0068704
12.688,-0.0077172
12.698,-0.0085828
12.709,-0.0094724
12.719,-0.010374
12.729,-0.0113
12.739,-0.01224
12.749,-0.013202
12.759,-0.014179
12.769,-0.015157
12.779,-0.016154
12.789,-0.017169
12.799,-0.018183
12.809,-0.019202
12.819,-0.020227
12.829,-0.021252
12.839,-0.022275
12.849,-0.023293
12.859,-0.024311
12.869,-0.025316
12.879,-0.026331
12.889,-0.027338
12.899,-0.028362
12.909,-0.029342
12.919,-0.030336
12.929,-0.03129
12.939,-0.032224
12.949,-0.03318
12.959,-0.034092
12.969,-0.034972
12.979,-0.035825
12.989,-0.036676
12.999,-0.037499
13.009,-0.03831
13.019,-0.039108
13.029,-0.039881
13.039,-0.040631
13.049,-0.041363
13.059,-0.042099
13.069,-0.042805
13.079,-0.043509
13.089,-0.0442
13.099,-0.04487
13.109,-0.045518
13.119,-0.046169
13.129,-0.046793
13.139,-0.047415
13.149,-0.048015
13.159,-0.048611
13.169,-0.049194
13.179,-0.04977
13.189,-0.050329
13.199,-0.050866
13.209,-0.051396
13.219,-0.051922
13.229,-0.052435
13.239,-0.05294
13.249,-0.053454
13.259,-0.053956
13.269,-0.054449
13.279,-0.054944
13.289,-0.055434
13.299,-0.05593
13.309,-0.05641
13.319,-0.056898
13.329,-0.057378
13.339,-0.057841
13.349,-0.058295
13.359,-0.058771
13.369,-0.059211
13.379,-0.059652
13.389,-0.060098
13.399,-0.060535
13.409,-0.060967
13.419,-0.061389
13.429,-0.061823
13.439,-0.062243
13.449,-0.062652
13.459,-0.063059
13.469,-0.063477
13.479,-0.063857
13.489,-0.064234
13.499,-0.064607
13.509,-0.064999
13.519,-0.065402
13.529,-0.065747
13.539,-0.066057
13.549,-0.066304
13.559,-0.066564
13.569,-0.066787
13.579,-0.066971
13.589,-0.067167
13.599,-0.067321
13.609,-0.067437
13.619,-0.067541
13.629,-0.067578
13.639,-0.06757
13.649,-0.067553
13.659,-0.067482
13.669,-0.067383
13.679,-0.067259
13.689,-0.067089
13.699,-0.06687
13.709,-0.066611
13.719,-0.06632
13.729,-0.06599
13.739,-0.065622
13.749,-0.065212
13.759,-0.064756
13.769,-0.064284
13.779,-0.063764
13.789,-0.063224
13.799,-0.062656
13.809,-0.06204
13.819,-0.061409
13.829,-0.060729
13.839,-0.060009
13.849,-0.05929
13.859,-0.058522
13.869,-0.057747
13.879,-0.056944
13.889,-0.056118
13.899,-0.055261
13.909,-0.054383
13.919,-0.053528
13.929,-0.052651
13.939,-0.051764
13.949,-0.050879
13.959,-0.049991
13.969,-0.049087
13.979,-0.048224
13.989,-0.047318
13.999,-0.046451
14.009,-0.045602
14.019,-0.044755
14.029,-0.043923
14.039,-0.04311
14.049,-0.042312
14.059,-0.041553
14.069,-0.040821
14.079,-0.040116
14.089,-0.039436
14.099,-0.038792
14.109,-0.038182
14.119,-0.037582
14.129,-0.037041
14.139,-0.03654
14.149,-0.036072
14.159,-0.035643
14.169,-0.035251
14.179,-0.034904
14.189,-0.034617
14.199,-0.034389
14.21,-0.034217
14.22,-0.034096
14.23,-0.034024
14.24,-0.03401
14.25,-0.034062
14.26,-0.034169
14.27,-0.034353
14.28,-0.034596
14.29,-0.034901
14.3,-0.035266
14.31,-0.035699
14.32,-0.036212
14.33,-0.03678
14.34,-0.03741
14.35,-0.038124
14.36,-0.038907
14.37,-0.039747
14.38,-0.040646
14.39,-0.041624
14.4,-0.042659
14.41,-0.043767
14.42,-0.044919
14.43,-0.046168
14.44,-0.04746
14.45,-0.04882
14.46,-0.050261
14.47,-0.051791
14.48,-0.05336
14.49,-0.054982
14.5,-0.05666
14.51,-0.058409
14.52,-0.060239
14.53,-0.062136
14.54,-0.064108
14.55,-0.066143
14.56,-0.068283
14.57,-0.070477
14.58,-0.072714
14.59,-0.074983
14.6,-0.077343
14.61,-0.079772
14.62,-0.082263
14.63,-0.084788
14.64,-0.087385
14.65,-0.09003
14.66,-0.092747
14.67,-0.095494
14.68,-0.098306
14.69,-0.10116
14.7,-0.10409
14.71,-0.10706
14.72,-0.11009
14.73,-0.11318
14.74,-0.11635
14.75,-0.11957
14.76,-0.12287
14.77,-0.12622
14.78,-0.12954
14.79,-0.13288
14.8,-0.13628
14.81,-0.13976
14.82,-0.14328
14.83,-0.1468
14.84,-0.15044
14.85,-0.15415
14.86,-0.15782
14.87,-0.16148
14.88,-0.16514
14.89,-0.16883
14.9,-0.17262
14.91,-0.17642
14.92,-0.18025
14.93,-0.18409
14.94,-0.18797
14.95,-0.19184
14.96,-0.19571
14.97,-0.19959
14.98,-0.20351
14.99,-0.20745
15,-0.21133
15.01,-0.21541
15.02,-0.21937
15.03,-0.22337
15.04,-0.22733
15.05,-0.23137
15.06,-0.23535
15.07,-0.23936
15.08,-0.24331
15.09,-0.24735
15.1,-0.25137
15.11,-0.25538
15.12,-0.25935
15.13,-0.26335
15.14,-0.26739
15.15,-0.2714
15.16,-0.27546
15.17,-0.27956
15.18,-0.28368
15.19,-0.28774
15.2,-0.29181
15.21,-0.29591
15.22,-0.29995
15.23,-0.30399
15.24,-0.30807
15.25,-0.31218
15.26,-0.31638
15.27,-0.32057
15.28,-0.32475
15.29,-0.32895
15.3,-0.33317
15.31,-0.33747
15.32,-0.34172
15.33,-0.34607
15.34,-0.35041
15.35,-0.35482
15.36,-0.35935
15.37,-0.36392
15.38,-0.36857
15.39,-0.37324
15.4,-0.37792
15.41,-0.38271
15.42,-0.38757
15.43,-0.39247
15.44,-0.39752
15.45,-0.40271
15.46,-0.40798
15.47,-0.41328
15.48,-0.41883
15.49,-0.42439
15.5,-0.43006
15.51,-0.43584
15.52,-0.44173
15.53,-0.44772
15.54,-0.45388
15.55,-0.46018
15.56,-0.46664
15.57,-0.47319
15.58,-0.47983
15.59,-0.48657
15.6,-0.49338
15.61,-0.50029
15.62,-0.50732
15.63,-0.51453
15.64,-0.5219
15.65,-0.52928
15.66,-0.53689
15.67,-0.54469
15.68,-0.55258
15.69,-0.56054
15.701,-0.56859
15.711,-0.57673
15.721,-0.58502
15.731,-0.59335
15.741,-0.60197
15.751,-0.6105
15.761,-0.61915
15.771,-0.62785
15.781,-0.63657
15.791,-0.64543
15.801,-0.65427
15.811,-0.66311
15.821,-0.67197
15.831,-0.68088
15.841,-0.68981
15.851,-0.69867
15.861,-0.70754
15.871,-0.71638
15.881,-0.7251
15.891,-0.73384
15.901,-0.74239
15.911,-0.75082
15.921,-0.75908
15.931,-0.76715
15.941,-0.77511
15.951,-0.7828
15.961,-0.79026
15.971,-0.79742
15.981,-0.80433
15.991,-0.81093
16.001,-0.81716
16.011,-0.82305
16.021,-0.82857
16.031,-0.83366
16.041,-0.83833
16.051,-0.84255
16.061,-0.84626
16.071,-0.84947
16.081,-0.85214
16.091,-0.85422
16.101,-0.85571
16.111,-0.85654
16.121,-0.8567
16.131,-0.85617
16.141,-0.85491
16.151,-0.85289
16.161,-0.85008
16.171,-0.84644
16.181,-0.84198
16.191,-0.83668
16.201,-0.83052
16.211,-0.82349
16.221,-0.81553
16.231,-0.80657
16.241,-0.79669
16.251,-0.78582
16.261,-0.77401
16.271,-0.76117
16.281,-0.7472
16.291,-0.73239
16.301,-0.71654
16.311,-0.6996
16.321,-0.68158
16.331,-0.66248
16.341,-0.64222
16.351,-0.62081
16.361,-0.59854
16.371,-0.57541
16.381,-0.55123
16.391,-0.5259
16.401,-0.49977
16.411,-0.47247
16.421,-0.44405
16.431,-0.41474
16.441,-0.38461
16.451,-0.35329
16.461,-0.32114
16.471,-0.28824
16.481,-0.25439
16.491,-0.21965
16.501,-0.18397
16.511,-0.14778
16.521,-0.11055
16.531,-0.072919
16.541,-0.034939
16.551,0.0036705
16.561,0.042941
16.571,0.082972
16.581,0.12329
16.591,0.16393
16.601,0.2046
16.611,0.24561
16.621,0.28685
16.631,0.32854
16.641,0.37047
16.651,0.41263
16.661,0.45473
16.671,0.49697
16.681,0.53931
16.691,0.5817
16.701,0.62421
16.711,0.66642
16.721,0.70847
16.731,0.75024
16.741,0.79181
16.751,0.83299
16.761,0.87387
16.771,0.91421
16.781,0.9541
16.791,0.99364
16.801,1.0329
16.811,1.0715
16.821,1.1093
16.831,1.1467
16.841,1.1836
16.851,1.2198
16.861,1.2552
16.871,1.2899
16.881,1.3239
16.891,1.3572
16.901,1.3898
16.911,1.4215
16.921,1.4524
16.931,1.4825
16.941,1.5117
16.951,1.5398
16.961,1.5669
16.971,1.5932
16.981,1.6187
16.991,1.6432
17.001,1.6666
17.011,1.6892
17.021,1.7109
17.031,1.7317
17.041,1.7516
17.051,1.7704
17.061,1.7883
17.071,1.805
17.081,1.8208
17.091,1.8357
17.101,1.8496
17.111,1.8625
17.121,1.8744
17.131,1.8854
17.141,1.8955
17.151,1.9045
17.161,1.9126
17.171,1.9196
17.181,1.9257
17.192,1.9309
17.202,1.9351
17.212,1.9385
17.222,1.9408
17.232,1.9423
17.242,1.9429
17.252,1.9426
17.262,1.9414
17.272,1.9393
17.282,1.9364
17.292,1.9326
17.302,1.928
17.312,1.9226
17.322,1.9163
17.332,1.9093
17.342,1.9015
17.352,1.893
17.362,1.8837
17.372,1.8737
17.382,1.863
17.392,1.8516
17.402,1.8396
17.412,1.8269
17.422,1.8135
17.432,1.7995
17.442,1.7848
17.452,1.7696
17.462,1.7538
17.472,1.7374
17.482,1.7206
17.492,1.7031
17.502,1.6852
17.512,1.6667
17.522,1.6478
17.532,1.6284
17.542,1.6086
17.552,1.5881
17.562,1.5673
17.572,1.5459
17.582,1.5244
17.592,1.5027
17.602,1.4807
17.612,1.4584
17.622,1.4357
17.632,1.4126
17.642,1.3892
17.652,1.3658
17.662,1.3421
17.672,1.3181
17.682,1.294
17.692,1.2698
17.702,1.2455
17.712,1.2208
17.722,1.1962
17.732,1.1714
17.742,1.1465
17.752,1.1215
17.762,1.0964
17.772,1.0715
17.782,1.0464
17.792,1.0212
17.802,0.99613
17.812,0.97108
17.822,0.94598
17.832,0.9208
17.842,0.89571
17.852,0.87059
17.862,0.84552
17.872,0.82051
17.882,0.79553
17.892,0.77055
17.902,0.7457
17.912,0.72111
17.922,0.69665
17.932,0.67213
17.942,0.64778
17.952,0.62361
17.962,0.59946
17.972,0.57526
17.982,0.55121
17.992,0.52751
18.002,0.50402
18.012,0.48066
18.022,0.45737
18.032,0.43421
18.042,0.4112
18.052,0.38828
18.062,0.36555
18.072,0.34296
18.082,0.32046
18.092,0.29822
18.102,0.27626
18.112,0.25446
18.122,0.23281
18.132,0.21142
18.142,0.19027
18.152,0.16926
18.162,0.14845
18.172,0.12779
18.182,0.10737
18.192,0.087155
18.202,0.067279
18.212,0.04753
18.222,0.028025
18.232,0.0086764
18.242,-0.010435
18.252,-0.029343
18.262,-0.04809
18.272,-0.066518
18.282,-0.084729
18.292,-0.10271
18.302,-0.12051
18.312,-0.13791
18.322,-0.15507
18.332,-0.17187
18.342,-0.18856
18.352,-0.20491
18.362,-0.22093
18.372,-0.23672
18.382,-0.25224
18.392,-0.26757
18.402,-0.28247
18.412,-0.2971
18.422,-0.31144
18.432,-0.32551
18.442,-0.33929
18.452,-0.35274
18.462,-0.3658
18.472,-0.37868
18.482,-0.39137
18.492,-0.40369
18.502,-0.41563
18.512,-0.42721
18.522,-0.43851
18.532,-0.44946
18.542,-0.46007
18.552,-0.47039
18.562,-0.4804
18.572,-0.49014
18.582,-0.49954
18.592,-0.50863
18.602,-0.51746
18.612,-0.52591
18.622,-0.53407
18.632,-0.54189
18.642,-0.54942
18.652,-0.55668
18.662,-0.56371
18.672,-0.57042
18.682,-0.57679
18.693,-0.58289
18.703,-0.58874
18.713,-0.59434
18.723,-0.59958
18.733,-0.60457
18.743,-0.60925
18.753,-0.61374
18.763,-0.61794
18.773,-0.6219
18.783,-0.62565
18.793,-0.62917
18.803,-0.63243
18.813,-0.63546
18.823,-0.63828
18.833,-0.64086
18.843,-0.64325
18.853,-0.64543
18.863,-0.64741
18.873,-0.6492
18.883,-0.65081
18.893,-0.65225
18.903,-0.6535
18.913,-0.65457
18.923,-0.65547
18.933,-0.65622
18.943,-0.6568
18.953,-0.65724
18.963,-0.65752
18.973,-0.65767
18.983,-0.65767
18.993,-0.65754
19.003,-0.65729
19.013,-0.6569
19.023,-0.65638
19.033,-0.65574
19.043,-0.65498
19.053,-0.6541
19.063,-0.6531
19.073,-0.65199
19.083,-0.65078
19.093,-0.64947
19.103,-0.64804
19.113,-0.64653
19.123,-0.6449
19.133,-0.64319
19.143,-0.64137
19.153,-0.63949
19.163,-0.63751
19.173,-0.63545
19.183,-0.63331
19.193,-0.63107
19.203,-0.62875
19.213,-0.62634
19.223,-0.62386
19.233,-0.6213
19.243,-0.61865
19.253,-0.61591
19.263,-0.61311
19.273,-0.61024
19.283,-0.60729
19.293,-0.60427
19.303,-0.60114
19.313,-0.59796
19.323,-0.59471
19.333,-0.59141
19.343,-0.58803
19.353,-0.58455
19.363,-0.58105
19.373,-0.5775
19.383,-0.57386
19.393,-0.57016
19.403,-0.5664
19.413,-0.56261
19.423,-0.55873
19.433,-0.55477
19.443,-0.55077
19.453,-0.54671
19.463,-0.54256
19.473,-0.53836
19.483,-0.53411
19.493,-0.52982
19.503,-0.5255
19.513,-0.52111
19.523,-0.51668
19.533,-0.51216
19.543,-0.50765
19.553,-0.5031
19.563,-0.49853
19.573,-0.49392
19.583,-0.48926
19.593,-0.48458
19.603,-0.47984
19.613,-0.47505
19.623,-0.47022
19.633,-0.46537
19.643,-0.46048
19.653,-0.4556
19.663,-0.45067
19.673,-0.44573
19.683,-0.44081
19.693,-0.43589
19.703,-0.43095
19.713,-0.42603
19.723,-0.42112
19.733,-0.41622
19.743,-0.41137
19.753,-0.40651
19.763,-0.4017
19.773,-0.39693
19.783,-0.39218
19.793,-0.38743
19.803,-0.38269
19.813,-0.378
19.823,-0.37333
19.833,-0.36872
19.843,-0.36412
19.853,-0.35953
19.863,-0.355
19.873,-0.35051
19.883,-0.34609
19.893,-0.34173
19.903,-0.33744
19.913,-0.33324
19.923,-0.32909
19.933,-0.32498
19.943,-0.32091
19.953,-0.31693
19.963,-0.31304
19.973,-0.30921
19.983,-0.3054
19.993,-0.30165
20.003,-0.29801
20.013,-0.29445
20.023,-0.29095
20.033,-0.28747
20.043,-0.28409
20.053,-0.28077
20.063,-0.27754
20.073,-0.27438
20.083,-0.27129
20.093,-0.26829
20.103,-0.26538
20.113,-0.26254
20.123,-0.25974
20.133,-0.257
20.143,-0.25434
20.153,-0.25173
20.163,-0.24919
20.173,-0.24669
20.184,-0.24426
20.194,-0.24189
20.204,-0.23957
20.214,-0.23728
20.224,-0.23504
20.234,-0.23283
20.244,-0.23068
20.254,-0.22855
20.264,-0.22644
20.274,-0.22438
20.284,-0.22236
20.294,-0.22038
20.304,-0.21844
20.314,-0.21652
20.324,-0.21464
20.334,-0.21279
20.344,-0.21096
20.354,-0.20915
20.364,-0.20737
20.374,-0.20563
20.384,-0.20393
20.394,-0.20223
20.404,-0.20053
20.414,-0.19887
20.424,-0.19725
20.434,-0.19565
20.444,-0.19405
20.454,-0.19247
20.464,-0.19092
20.474,-0.18938
20.484,-0.18787
20.494,-0.18639
20.504,-0.18493
20.514,-0.18348
20.524,-0.18205
20.534,-0.18065
20.544,-0.17927
20.554,-0.1779
20.564,-0.17656
20.574,-0.17525
20.584,-0.17394
20.594,-0.17265
20.604,-0.17138
20.614,-0.17013
20.624,-0.16891
20.634,-0.1677
20.644,-0.16652
20.654,-0.16537
20.664,-0.16422
20.674,-0.16309
20.684,-0.16199
20.694,-0.1609
20.704,-0.15983
20.714,-0.15876
20.724,-0.1577
20.734,-0.15666
20.744,-0.1556
20.754,-0.15455
20.764,-0.15349
20.774,-0.15243
20.784,-0.15137
20.794,-0.15029
20.804,-0.14919
20.814,-0.14809
20.824,-0.14696
20.834,-0.14582
20.844,-0.14465
20.854,-0.14346
20.864,-0.14224
20.874,-0.14098
20.884,-0.13968
20.894,-0.13835
20.904,-0.13698
20.914,-0.13557
20.924,-0.13411
20.934,-0.1326
20.944,-0.13106
20.954,-0.12946
20.964,-0.12778
20.974,-0.12605
20.984,-0.12426
20.994,-0.12243
21.004,-0.12051
21.014,-0.11853
21.024,-0.11649
21.034,-0.11439
21.044,-0.11221
21.054,-0.10996
21.064,-0.10767
21.074,-0.10531
21.084,-0.10289
21.094,-0.10039
21.104,-0.09781
21.114,-0.095176
21.124,-0.092476
21.134,-0.089726
21.144,-0.086908
21.154,-0.084032
21.164,-0.081101
21.174,-0.078097
21.184,-0.075025
21.194,-0.071892
21.204,-0.068683
21.214,-0.065428
21.224,-0.062146
21.234,-0.058806
21.244,-0.055433
21.254,-0.052011
21.264,-0.048579
21.274,-0.045127
21.284,-0.041646
21.294,-0.038108
21.304,-0.034557
21.314,-0.030986
21.324,-0.027408
21.334,-0.023828
21.344,-0.020232
21.354,-0.016628
21.364,-0.013007
21.374,-0.0093882
21.384,-0.005769
21.394,-0.0021652
21.404,0.0014207
21.414,0.004985
21.424,0.0085565
21.434,0.012075
21.444,0.015573
21.454,0.019026
21.464,0.02243
21.474,0.025819
21.484,0.029162
21.494,0.032472
21.504,0.035723
21.514,0.038951
21.524,0.042151
21.534,0.045327
21.544,0.048446
21.554,0.051486
21.564,0.054483
21.574,0.057443
21.584,0.060358
21.594,0.06319
21.604,0.06598
21.614,0.068705
21.624,0.071371
21.634,0.07398
21.644,0.076515
21.654,0.078966
21.664,0.081351
21.675,0.083669
21.685,0.085902
21.695,0.088058
21.705,0.09014
21.715,0.092163
21.725,0.094113
21.735,0.095998
21.745,0.097804
21.755,0.099538
21.765,0.10119
21.775,0.10275
21.785,0.10424
21.795,0.10565
21.805,0.10698
21.815,0.10824
21.825,0.10941
21.835,0.1105
21.845,0.11151
21.855,0.11245
21.865,0.11331
21.875,0.11409
21.885,0.11479
21.895,0.11541
21.905,0.11595
21.915,0.11642
21.925,0.11679
21.935,0.11709
21.945,0.11732
21.955,0.11748
21.965,0.11757
21.975,0.11758
21.985,0.11753
21.995,0.11739
22.005,0.11719
22.015,0.11691
22.025,0.11655
22.035,0.11613
22.045,0.11564
22.055,0.11509
22.065,0.11448
22.075,0.1138
22.085,0.11307
22.095,0.11228
22.105,0.11143
22.115,0.11053
22.125,0.10956
22.135,0.10854
22.145,0.10748
22.155,0.10638
22.165,0.10522
22.175,0.10401
22.185,0.10276
22.195,0.10146
22.205,0.10013
22.215,0.098775
22.225,0.097383
22.235,0.095957
22.245,0.094502
22.255,0.093036
22.265,0.09153
22.275,0.090009
22.285,0.088461
22.295,0.086906
22.305,0.085325
22.315,0.083734
22.325,0.08213
22.335,0.080513
22.345,0.0789
22.355,0.077264
22.365,0.075623
22.375,0.073963
22.385,0.072306
22.395,0.07064
22.405,0.068977
22.415,0.067308
22.425,0.065635
22.435,0.063975
22.445,0.062322
22.455,0.060676
22.465,0.059037
22.475,0.057397
22.485,0.055763
22.495,0.054137
22.505,0.052526
22.515,0.050936
22.525,0.049355
22.535,0.047777
22.545,0.046219
22.555,0.044663
22.565,0.043122
22.575,0.041602
22.585,0.040111
22.595,0.03862
22.605,0.037129
22.615,0.035656
22.625,0.034217
22.635,0.032788
22.645,0.031366
22.655,0.029962
22.665,0.028574
22.675,0.027204
22.685,0.025856
22.695,0.024516
22.705,0.023185
22.715,0.021865
22.725,0.020558
22.735,0.019273
22.745,0.017993
22.755,0.01673
22.765,0.015481
22.775,0.014243
22.785,0.01302
22.795,0.011794
22.805,0.010568
22.815,0.0093504
22.825,0.0081514
22.835,0.0069488
22.845,0.0057615
22.855,0.0045815
22.865,0.0034122
22.875,0.0022601
22.885,0.0011082
22.895,-3.8384e-005
22.905,-0.0011799
22.915,-0.002315
22.925,-0.0034332
22.935,-0.0045363
22.945,-0.0056376
22.955,-0.0067317
22.965,-0.007815
22.975,-0.0089031
22.985,-0.0099851
22.995,-0.011059
23.005,-0.012114
23.015,-0.013155
23.025,-0.014191
23.035,-0.015217
23.045,-0.016221
23.055,-0.017217
23.065,-0.018207
23.075,-0.019193
23.085,-0.020169
23.095,-0.021119
23.105,-0.02205
23.115,-0.022974
23.125,-0.023886
23.135,-0.024784
23.145,-0.025671
23.155,-0.026538
23.165,-0.027386
23.176,-0.028224
23.186,-0.029054
23.196,-0.02986
23.206,-0.030645
23.216,-0.031417
23.226,-0.03217
23.236,-0.032911
23.246,-0.033627
23.256,-0.03433
23.266,-0.03501
23.276,-0.035673
23.286,-0.036318
23.296,-0.036935
23.306,-0.037534
23.316,-0.038117
23.326,-0.038683
23.336,-0.039225
23.346,-0.039749
23.356,-0.040267
23.366,-0.040775
23.376,-0.041267
23.386,-0.041735
23.396,-0.042186
23.406,-0.042628
23.416,-0.043058
23.426,-0.043473
23.436,-0.043875
23.446,-0.04426
23.456,-0.044622
23.466,-0.044982
23.476,-0.045337
23.486,-0.045681
23.496,-0.046017
23.506,-0.046351
23.516,-0.046678
23.526,-0.046997
23.536,-0.047308
23.546,-0.047612
23.556,-0.047918
23.566,-0.048228
23.576,-0.048524
23.586,-0.048825
23.596,-0.049129
23.606,-0.049443
23.616,-0.049754
23.626,-0.050053
23.636,-0.050353
23.646,-0.050653
23.656,-0.05096
23.666,-0.051272
23.676,-0.051591
23.686,-0.051909
23.696,-0.05223
23.706,-0.052557
23.716,-0.052894
23.726,-0.053245
23.736,-0.053589
23.746,-0.053933
23.756,-0.054279
23.766,-0.054628
23.776,-0.054984
23.786,-0.05534
23.796,-0.055699
23.806,-0.056065
23.816,-0.056428
23.826,-0.056791
23.836,-0.057149
23.846,-0.057506
23.856,-0.057872
23.866,-0.058237
23.876,-0.058599
23.886,-0.058952
23.896,-0.059311
23.906,-0.059665
23.916,-0.060014
23.926,-0.060361
23.936,-0.060702
23.946,-0.061035
23.956,-0.061361
23.966,-0.061674
23.976,-0.061977
23.986,-0.062265
23.996,-0.062544
24.006,-0.062806
24.016,-0.063045
24.026,-0.06327
24.036,-0.063488
24.046,-0.063681
24.056,-0.063852
24.066,-0.063995
24.076,-0.064112
24.086,-0.064203
24.096,-0.06427
24.106,-0.064308
24.116,-0.064307
24.126,-0.064276
24.136,-0.06421
24.146,-0.064106
24.156,-0.063967
24.166,-0.063796
24.176,-0.063583
24.186,-0.063332
24.196,-0.063046
24.206,-0.062718
24.216,-0.062349
24.226,-0.061941
24.236,-0.061493
24.246,-0.061002
24.256,-0.060473
24.266,-0.059903
24.276,-0.059294
24.286,-0.05864
24.296,-0.05794
24.306,-0.057207
24.316,-0.056441
24.326,-0.05563
24.336,-0.054781
24.346,-0.053902
24.356,-0.052999
24.366,-0.052064
24.376,-0.051074
24.386,-0.05006
24.396,-0.049026
24.406,-0.047968
24.416,-0.046877
24.426,-0.045759
24.436,-0.044622
24.446,-0.043473
24.456,-0.042297
24.466,-0.041107
24.476,-0.039914
24.486,-0.038716
24.496,-0.03753
24.506,-0.036332
24.516,-0.035129
24.526,-0.033927
24.536,-0.032736
24.546,-0.031552
24.556,-0.030375
24.566,-0.029211
24.576,-0.028071
24.586,-0.026945
24.596,-0.025843
24.606,-0.024765
24.616,-0.023712
24.626,-0.022682
24.636,-0.021676
24.646,-0.020692
24.656,-0.019736
24.667,-0.018815
24.677,-0.01793
24.687,-0.017087
24.697,-0.01627
24.707,-0.01548
24.717,-0.014735
24.727,-0.014029
24.737,-0.013362
24.747,-0.012726
24.757,-0.012121
24.767,-0.011565
24.777,-0.011051
24.787,-0.010577
24.797,-0.010131
24.807,-0.0097238
24.817,-0.0093485
24.827,-0.009008
24.837,-0.0087007
24.847,-0.0084209
24.857,-0.0081743
24.867,-0.0079631
24.877,-0.0077805
24.887,-0.0076213
24.897,-0.0074898
24.907,-0.0073861
24.917,-0.0073098
24.927,-0.0072497
24.937,-0.0072116
24.947,-0.0072011
24.957,-0.0071971
24.967,-0.0072079
24.977,-0.0072362
24.987,-0.0072709
24.997,-0.0073137
25.007,-0.0073597
25.017,-0.0074195
25.027,-0.0074876
25.037,-0.0075587
25.047,-0.0076335
25.057,-0.0077099
25.067,-0.0077891
25.077,-0.0078728
25.087,-0.0079574
25.097,-0.0080342
25.107,-0.0081062
25.117,-0.0081729
25.127,-0.0082424
25.137,-0.0083063
25.147,-0.0083621
25.157,-0.0084049
25.167,-0.0084339
25.177,-0.0084562
25.187,-0.0084678
25.197,-0.0084753
25.207,-0.0084724
25.217,-0.0084576
25.227,-0.0084299
25.237,-0.0083838
25.247,-0.0083248
25.257,-0.008255
25.267,-0.0081769
25.277,-0.0080932
25.287,-0.0080007
25.297,-0.0078951
25.307,-0.0077826
25.317,-0.0076565
25.327,-0.0075201
25.337,-0.0073786
25.347,-0.0072287
25.357,-0.0070695
25.367,-0.0068987
25.377,-0.0067261
25.387,-0.0065541
25.397,-0.0063743
25.407,-0.0061894
25.417,-0.0059908
25.427,-0.0057936
25.437,-0.005593
25.447,-0.0053936
25.457,-0.0051957
25.467,-0.0050006
25.477,-0.0048032
25.487,-0.0046073
25.497,-0.0044073
25.507,-0.0042062
25.517,-0.0040024
25.527,-0.003797
25.537,-0.0036058
25.547,-0.003407
25.557,-0.0032012
25.567,-0.0029983
25.577,-0.002812
25.587,-0.0026346
25.597,-0.0024588
25.607,-0.0022891
25.617,-0.002125
25.627,-0.0019687
25.637,-0.0018176
25.647,-0.0016712
25.657,-0.0015406
25.667,-0.0014165
25.677,-0.0012956
25.687,-0.0011772
25.697,-0.0010646
25.707,-0.00096654
25.717,-0.00087738
25.727,-0.00078853
25.737,-0.00070178
25.747,-0.00062157
25.757,-0.00055411
25.767,-0.00049361
25.777,-0.00043858
25.787,-0.0003922
25.797,-0.00035962
25.807,-0.0003253
25.817,-0.00028994
25.827,-0.00025673
25.837,-0.0002285
25.847,-0.00021012
25.857,-0.00020433
25.867,-0.00019839
25.877,-0.00018836
25.887,-0.00017946
25.897,-0.00017292
25.907,-0.00018001
25.917,-0.00018897
25.927,-0.00019554
25.937,-0.0001972
25.947,-0.00020506
25.957,-0.00021705
25.967,-0.00022491
25.977,-0.00023664
25.987,-0.00025082
25.997,-0.00026593
26.007,-0.00027956
26.017,-0.00029022
26.027,-0.00028985
26.037,-0.00028393
26.047,-0.00027214
26.057,-0.00025417
26.067,-0.00022774
26.077,-0.00019326
26.087,-0.0001524
26.097,-9.932e-005
26.107,-4.2567e-005
26.117,2.0723e-005
26.127,9.8593e-005
26.137,0.00018362
26.147,0.00027398
26.157,0.00038018
26.168,0.00049836
26.178,0.00063519
26.188,0.00078645
26.198,0.00095237
26.208,0.0011334
26.218,0.0013308
26.228,0.0015438
26.238,0.0017772
26.248,0.0020234
26.258,0.0022906
26.268,0.0025794
26.278,0.0028945
26.288,0.0032334
26.298,0.0035935
26.308,0.003973
26.318,0.0043709
26.328,0.0047892
26.338,0.0052309
26.348,0.0056931
26.358,0.0061704
26.368,0.0066671
26.378,0.0071818
26.388,0.0077166
26.398,0.0082691
26.408,0.0088349
26.418,0.0094085
26.428,0.009995
26.438,0.010597
26.448,0.011218
26.458,0.011852
26.468,0.012488
26.478,0.013138
26.488,0.013795
26.498,0.014457
26.508,0.015122
26.518,0.015784
26.528,0.016444
26.538,0.017112
26.548,0.017791
26.558,0.018473
26.568,0.019158
26.578,0.019831
26.588,0.020494
26.598,0.021143
26.608,0.021791
26.618,0.02243
26.628,0.023065
26.638,0.023688
26.648,0.024302
26.658,0.02491
26.668,0.025502
26.678,0.026081
26.688,0.026639
26.698,0.027175
26.708,0.027692
26.718,0.028194
26.728,0.028677
26.738,0.029145
26.748,0.029593
26.758,0.030015
26.768,0.030413
26.778,0.030786
26.788,0.031141
26.798,0.031471
26.808,0.031775
26.818,0.032057
26.828,0.032317
26.838,0.032551
26.848,0.032766
26.858,0.032959
26.868,0.033126
26.878,0.033264
26.888,0.033382
26.898,0.033475
26.908,0.033536
26.918,0.033578
26.928,0.033595
26.938,0.033589
26.948,0.033556
26.958,0.0335
26.968,0.03342
26.978,0.033318
26.988,0.033196
26.998,0.033049
27.008,0.032874
27.018,0.032681
27.028,0.032469
27.038,0.032236
27.048,0.031988
27.058,0.031725
27.068,0.031438
27.078,0.031135
27.088,0.030823
27.098,0.030494
27.108,0.03014
27.118,0.029764
27.128,0.029373
27.138,0.028963
27.148,0.028531
27.158,0.028089
27.168,0.027636
27.178,0.027163
27.188,0.02667
27.198,0.026167
27.208,0.025648
27.218,0.025107
27.228,0.024554
27.238,0.023988
27.248,0.023408
27.258,0.022815
27.268,0.022207
27.278,0.021596
27.288,0.020984
27.298,0.020363
27.308,0.019733
27.318,0.019085
27.328,0.018428
27.338,0.017758
27.348,0.017074
27.358,0.01638
27.368,0.015685
27.378,0.014982
27.388,0.014273
27.398,0.013561
27.408,0.01284
27.418,0.012114
27.428,0.011381
27.438,0.010643
27.448,0.0099013
27.458,0.0091424
27.468,0.0083914
27.478,0.007635
27.488,0.0068723
27.498,0.0061072
27.508,0.0053392
27.518,0.0045754
27.528,0.0038174
27.538,0.0030387
27.548,0.002261
27.558,0.0014778
27.568,0.00069166
27.578,-0.00010003
27.588,-0.00088821
27.598,-0.0016803
27.608,-0.0024811
27.618,-0.0032801
27.628,-0.0040781
27.638,-0.0048901
27.648,-0.0057028
27.659,-0.00653
27.669,-0.007361
27.679,-0.0081778
27.689,-0.0089951
27.699,-0.0098133
27.709,-0.010638
27.719,-0.011461
27.729,-0.012288
27.739,-0.013113
27.749,-0.013934
27.759,-0.014762
27.769,-0.015587
27.779,-0.016417
27.789,-0.017242
27.799,-0.01806
27.809,-0.018865
27.819,-0.019658
27.829,-0.020442
27.839,-0.021221
27.849,-0.02199
27.859,-0.022763
27.869,-0.023516
27.879,-0.024261
27.889,-0.024999
27.899,-0.025719
27.909,-0.026429
27.919,-0.027123
27.929,-0.027807
27.939,-0.028479
27.949,-0.029129
27.959,-0.029758
27.969,-0.030374
27.979,-0.030973
27.989,-0.031551
27.999,-0.032095
28.009,-0.032608
28.019,-0.033107
28.029,-0.033572
28.039,-0.034005
28.049,-0.034414
28.059,-0.034799
28.069,-0.035162
28.079,-0.035492
28.089,-0.035791
28.099,-0.036061
28.109,-0.036294
28.119,-0.036489
28.129,-0.036653
28.139,-0.036785
28.149,-0.036876
28.159,-0.036925
28.169,-0.036938
28.179,-0.036919
28.189,-0.036864
28.199,-0.036772
28.209,-0.036644
28.219,-0.036477
28.229,-0.036274
28.239,-0.036036
28.249,-0.03576
28.259,-0.035448
28.269,-0.035108
28.279,-0.03473
28.289,-0.034332
28.299,-0.033905
28.309,-0.033443
28.319,-0.032958
28.329,-0.032445
28.339,-0.031908
28.349,-0.031349
28.359,-0.030779
28.369,-0.030187
28.379,-0.02957
28.389,-0.028938
28.399,-0.028296
28.409,-0.027644
28.419,-0.026977
28.429,-0.026302
28.439,-0.025624
28.449,-0.024947
28.459,-0.024263
28.469,-0.02358
28.479,-0.022894
28.489,-0.022217
28.499,-0.021545
28.509,-0.020879
28.519,-0.020221
28.529,-0.019572
28.539,-0.018937
28.549,-0.018322
28.559,-0.017722
28.569,-0.017134
28.579,-0.016573
28.589,-0.016028
28.599,-0.015492
28.609,-0.014971
28.619,-0.014473
28.629,-0.013994
28.639,-0.013528
28.649,-0.013081
28.659,-0.012654
28.669,-0.012254
28.679,-0.011873
28.689,-0.011518
28.699,-0.011178
28.709,-0.010843
28.719,-0.010523
28.729,-0.01023
28.739,-0.0099562
28.749,-0.0096918
28.759,-0.0094352
28.769,-0.0092037
28.779,-0.0089955
28.789,-0.0087998
28.799,-0.0086059
28.809,-0.0084215
28.819,-0.0082368
28.829,-0.0080641
28.839,-0.0078914
28.849,-0.0077227
28.859,-0.0075597
28.869,-0.007392
28.879,-0.0072236
28.889,-0.007055
28.899,-0.0068834
28.909,-0.0067062
28.919,-0.0065235
28.929,-0.0063342
28.939,-0.0061381
28.949,-0.0059381
28.959,-0.005735
28.969,-0.0055234
28.979,-0.0053007
28.989,-0.0050742
28.999,-0.0048406
29.009,-0.0045977
29.019,-0.0043431
29.029,-0.0040745
29.039,-0.0037975
29.049,-0.0035251
29.059,-0.0032465
29.069,-0.002959
29.079,-0.0026622
29.089,-0.0023609
29.099,-0.0020641
29.109,-0.0017594
29.119,-0.0014449
29.129,-0.0011279
29.139,-0.00081232
29.15,-0.00049973
29.16,-0.0001861
29.17,0.0001201
29.18,0.0004125
29.19,0.00070114
29.2,0.00098072
29.21,0.0012483
29.22,0.0015042
29.23,0.0017491
29.24,0.0019748
29.25,0.0021845
29.26,0.0023812
29.27,0.0025558
29.28,0.0027085
29.29,0.0028516
29.3,0.0029759
29.31,0.0030836
29.32,0.0031654
29.33,0.0032201
29.34,0.0032507
29.35,0.0032562
29.36,0.0032377
29.37,0.0031962
29.38,0.0031374
29.39,0.0030501
29.4,0.002936
29.41,0.0028034
29.42,0.0026472
29.43,0.002459
29.44,0.0022469
29.45,0.0020102
29.46,0.0017543
29.47,0.0014771
29.48,0.0011778
29.49,0.00086148
29.5,0.00052695
29.51,0.00016416
29.52,-0.00021533
29.53,-0.00060705
29.54,-0.0010173
29.55,-0.0014427
29.56,-0.0018863
29.57,-0.0023365
29.58,-0.0027886
29.59,-0.0032457
29.6,-0.003706
29.61,-0.0041752
29.62,-0.0046504
29.63,-0.0051377
29.64,-0.0056289
29.65,-0.0061269
29.66,-0.0066214
29.67,-0.0071253
29.68,-0.0076268
29.69,-0.0081213
29.7,-0.0086046
29.71,-0.0090795
29.72,-0.0095531
29.73,-0.010025
29.74,-0.010492
29.75,-0.010954
29.76,-0.011403
29.77,-0.011846
29.78,-0.012274
29.79,-0.01269
29.8,-0.0131
29.81,-0.013496
29.82,-0.013879
29.83,-0.014252
29.84,-0.014616
29.85,-0.014975
29.86,-0.015323
29.87,-0.01566
29.88,-0.015983
29.89,-0.016292
29.9,-0.016589
29.91,-0.016872
29.92,-0.017149
29.93,-0.017419
29.94,-0.017673
29.95,-0.017908
29.96,-0.018124
29.97,-0.018338
29.98,-0.018537
29.99,-0.018728
30,-0.018918
30.01,-0.019088
30.02,-0.019244
30.03,-0.019391
30.04,-0.019538
30.05,-0.019673
30.06,-0.019783
30.07,-0.019891
30.08,-0.019992
30.09,-0.020081
30.1,-0.020167
30.11,-0.020243
30.12,-0.020314
30.13,-0.020381
30.14,-0.02044
30.15,-0.020495
30.16,-0.020546
30.17,-0.020588
30.18,-0.020623
30.19,-0.020654
30.2,-0.02068
30.21,-0.02071
30.22,-0.020736
30.23,-0.020752
30.24,-0.020759
30.25,-0.020763
30.26,-0.020761
30.27,-0.02076
30.28,-0.020753
30.29,-0.020745
30.3,-0.020732
30.31,-0.020717
30.32,-0.020701
30.33,-0.02068
30.34,-0.020648
30.35,-0.020612
30.36,-0.020573
30.37,-0.020527
30.38,-0.020485
30.39,-0.02044
30.4,-0.020387
30.41,-0.020326
30.42,-0.020261
30.43,-0.020197
30.44,-0.020121
30.45,-0.020031
30.46,-0.019934
30.47,-0.019826
30.48,-0.019724
30.49,-0.019623
30.5,-0.019508
30.51,-0.019392
30.52,-0.019263
30.53,-0.019128
30.54,-0.01898
30.55,-0.018822
30.56,-0.018655
30.57,-0.018483
30.58,-0.018304
30.59,-0.01811
30.6,-0.017901
30.61,-0.017674
30.62,-0.01743
30.63,-0.017176
30.64,-0.016905
30.651,-0.016623
30.661,-0.016326
30.671,-0.016004
30.681,-0.015661
30.691,-0.01531
30.701,-0.014953
30.711,-0.014584
30.721,-0.014199
30.731,-0.013804
30.741,-0.013391
30.751,-0.012953
30.761,-0.012504
30.771,-0.01205
30.781,-0.011584
30.791,-0.011107
30.801,-0.010621
30.811,-0.010127
30.821,-0.0096256
30.831,-0.0091195
30.841,-0.0086042
30.851,-0.0080809
30.861,-0.0075421
30.871,-0.0070002
30.881,-0.0064579
30.891,-0.0059222
30.901,-0.0053818
30.911,-0.0048459
30.921,-0.0043069
30.931,-0.0037626
30.941,-0.0032272
30.951,-0.0027031
30.961,-0.0021817
30.971,-0.0016661
30.981,-0.0011666
30.991,-0.00067527
31.001,-0.00019008
31.011,0.00028211
31.021,0.00073208
31.031,0.0011666
31.041,0.0015851
31.051,0.0019848
31.061,0.0023517
31.071,0.0027068
31.081,0.0030442
31.091,0.0033539
31.101,0.0036357
31.111,0.0038917
31.121,0.0041246
31.131,0.0043321
31.141,0.0045101
31.151,0.0046708
31.161,0.0048054
31.171,0.0049089
31.181,0.0049906
31.191,0.0050489
31.201,0.0050823
31.211,0.0050863
31.221,0.0050649
31.231,0.0050192
31.241,0.004943
31.251,0.0048537
31.261,0.0047416
31.271,0.0046021
31.281,0.004439
31.291,0.0042632
31.301,0.0040779
31.311,0.0038711
31.321,0.0036345
31.331,0.0033777
31.341,0.0031155
31.351,0.0028355
31.361,0.0025388
31.371,0.0022245
31.381,0.0019076
31.391,0.0015875
31.401,0.0012614
31.411,0.00092777
31.421,0.00059161
31.431,0.00025194
31.441,-9.4365e-005
31.451,-0.00043544
31.461,-0.0007737
31.471,-0.0011096
31.481,-0.0014466
31.491,-0.0017786
31.501,-0.0020971
31.511,-0.002411
31.521,-0.002714
31.531,-0.0030109
31.541,-0.0032977
31.551,-0.0035683
31.561,-0.003822
31.571,-0.0040695
31.581,-0.0043018
31.591,-0.0045144
31.601,-0.0047076
31.611,-0.0048893
31.621,-0.0050565
31.631,-0.0051995
31.641,-0.0053256
31.651,-0.0054315
31.661,-0.0055222
31.671,-0.00559
31.681,-0.0056349
31.691,-0.0056631
31.701,-0.0056667
31.711,-0.0056506
31.721,-0.0056086
31.731,-0.0055453
31.741,-0.0054528
31.751,-0.0053329
31.761,-0.005194
31.771,-0.0050407
31.781,-0.0048546
31.791,-0.004636
31.801,-0.0043907
31.811,-0.0041299
31.821,-0.0038469
31.831,-0.0035428
31.841,-0.0032138
31.851,-0.0028676
31.861,-0.0025018
31.871,-0.0021086
31.881,-0.0016942
31.891,-0.0012573
31.901,-0.00080606
31.911,-0.00033521
31.921,0.00015957
31.931,0.00066319
31.941,0.0011845
31.951,0.0017244
31.961,0.0022783
31.971,0.0028397
31.981,0.0034073
31.991,0.0039922
32.001,0.0045896
32.011,0.0051915
32.021,0.0057934
32.031,0.0064002
32.041,0.0070108
32.051,0.0076223
32.061,0.008235
32.071,0.0088505
32.081,0.0094643
32.091,0.010062
32.101,0.010659
32.111,0.011256
32.121,0.011851
32.131,0.012431
32.142,0.013006
32.152,0.013576
32.162,0.014139
32.172,0.014704
32.182,0.015252
32.192,0.015786
32.202,0.016303
32.212,0.016812
32.222,0.017318
32.232,0.017803
32.242,0.018269
32.252,0.018722
32.262,0.019162
32.272,0.019592
32.282,0.020009
32.292,0.020417
32.302,0.020807
32.312,0.021186
32.322,0.021554
32.332,0.021905
32.342,0.022244
32.352,0.022575
32.362,0.022894
32.372,0.02319
32.382,0.023482
32.392,0.023771
32.402,0.024052
32.412,0.02433
32.422,0.024612
32.432,0.024893
32.442,0.025159
32.452,0.025411
32.462,0.025667
32.472,0.025922
32.482,0.026177
32.492,0.026435
32.502,0.026697
32.512,0.026961
32.522,0.027228
32.532,0.027497
32.542,0.027767
32.552,0.028041
32.562,0.028321
32.572,0.028603
32.582,0.028887
32.592,0.029172
32.602,0.029457
32.612,0.029742
32.622,0.030033
32.632,0.030315
32.642,0.030591
32.652,0.030864
32.662,0.031132
32.672,0.031394
32.682,0.031646
32.692,0.031884
32.702,0.032111
32.712,0.032332
32.722,0.03254
32.732,0.032721
32.742,0.032897
32.752,0.033059
32.762,0.033199
32.772,0.033315
32.782,0.033406
32.792,0.033468
32.802,0.033503
32.812,0.033522
32.822,0.033513
32.832,0.033464
32.842,0.033386
32.852,0.033284
32.862,0.03315
32.872,0.032983
32.882,0.032788
32.892,0.032555
32.902,0.032288
32.912,0.031984
32.922,0.031643
32.932,0.031263
32.942,0.030847
32.952,0.030399
32.962,0.029908
32.972,0.029384
32.982,0.028835
32.992,0.028261
33.002,0.02765
33.012,0.026993
33.022,0.026309
33.032,0.025599
33.042,0.024858
33.052,0.024095
33.062,0.023319
33.072,0.02252
33.082,0.021696
33.092,0.020855
33.102,0.02
33.112,0.019125
33.122,0.018251
33.132,0.017371
33.142,0.016494
33.152,0.015606
33.162,0.014713
33.172,0.013831
33.182,0.012956
33.192,0.012083
33.202,0.011221
33.212,0.010374
33.222,0.0095421
33.232,0.0087234
33.242,0.0079206
33.252,0.0071364
33.262,0.00638
33.272,0.00565
33.282,0.004946
33.292,0.0042672
33.302,0.0036213
33.312,0.0030115
33.322,0.00243
33.332,0.0018792
33.342,0.0013561
33.352,0.00086865
33.362,0.00041609
33.372,-1.9917e-006
33.382,-0.00038683
33.392,-0.00073327
33.402,-0.0010418
33.412,-0.0013159
33.422,-0.0015499
33.432,-0.0017471
33.442,-0.0019109
33.452,-0.0020336
33.462,-0.0021275
33.472,-0.0021962
33.482,-0.0022207
33.492,-0.0022087
33.502,-0.0021632
33.512,-0.0020872
33.522,-0.0019724
33.532,-0.0018276
33.542,-0.0016585
33.552,-0.0014618
33.562,-0.0012459
33.572,-0.0010052
33.582,-0.00073582
33.592,-0.00043905
33.602,-0.00011323
33.612,0.00022645
33.622,0.00058976
33.633,0.00097341
33.643,0.0013735
33.653,0.0017915
33.663,0.002223
33.673,0.0026671
33.683,0.0031154
33.693,0.0035656
33.703,0.00403
33.713,0.0045036
33.723,0.0049798
33.733,0.0054673
33.743,0.0059566
33.753,0.0064375
33.763,0.0069216
33.773,0.0074084
33.783,0.007902
33.793,0.008379
33.803,0.0088477
33.813,0.0093159
33.823,0.0097846
33.833,0.010249
33.843,0.010703
33.853,0.011146
33.863,0.011586
33.873,0.012011
33.883,0.012426
33.893,0.012836
33.903,0.013226
33.913,0.013604
33.923,0.013978
33.933,0.014346
33.943,0.014703
33.953,0.015044
33.963,0.015373
33.973,0.015688
33.983,0.01599
33.993,0.016283
34.003,0.016566
34.013,0.016834
34.023,0.017092
34.033,0.017342
34.043,0.017583
34.053,0.017813
34.063,0.018041
34.073,0.018256
34.083,0.018458
34.093,0.018653
34.103,0.018834
34.113,0.019018
34.123,0.019199
34.133,0.019382
34.143,0.019561
34.153,0.019739
34.163,0.019909
34.173,0.020085
34.183,0.020253
34.193,0.020423
34.203,0.020595
34.213,0.020772
34.223,0.020956
34.233,0.021142
34.243,0.021325
34.253,0.021511
34.263,0.021706
34.273,0.021901
34.283,0.022094
34.293,0.022287
34.303,0.022486
34.313,0.022698
34.323,0.022916
34.333,0.023141
34.343,0.02337
34.353,0.023608
34.363,0.023848
34.373,0.024085
34.383,0.024329
34.393,0.02458
34.403,0.024831
34.413,0.025085
34.423,0.025341
34.433,0.025601
34.443,0.025861
34.453,0.02612
34.463,0.026386
34.473,0.026645
34.483,0.026904
34.493,0.027153
34.503,0.027406
34.513,0.027669
34.523,0.027921
34.533,0.028164
34.543,0.028407
34.553,0.028646
34.563,0.028864
34.573,0.029073
34.583,0.029283
34.593,0.029474
34.603,0.029652
34.613,0.029823
34.623,0.029978
34.633,0.030114
34.643,0.030235
34.653,0.030347
34.663,0.030439
34.673,0.030517
34.683,0.030572
34.693,0.030612
34.703,0.030631
34.713,0.030624
34.723,0.030596
34.733,0.030547
34.743,0.030479
34.753,0.030385
34.763,0.03027
34.773,0.030137
34.783,0.029979
34.793,0.029803
34.803,0.029609
34.813,0.029401
34.823,0.029178
34.833,0.028933
34.843,0.028664
34.853,0.028375
34.863,0.02806
34.873,0.027734
34.883,0.027399
34.893,0.027043
34.903,0.026665
34.913,0.02628
34.923,0.025882
34.933,0.025468
34.943,0.025042
34.953,0.024602
34.963,0.024156
34.973,0.023712
34.983,0.023257
34.993,0.022786
35.003,0.022308
35.013,0.021824
35.023,0.021334
35.033,0.020847
35.043,0.020357
35.053,0.019866
35.063,0.01938
35.073,0.018884
35.083,0.018388
35.093,0.017888
35.103,0.0174
35.113,0.016899
35.123,0.016403
35.134,0.015924
35.144,0.015448
35.154,0.014977
35.164,0.014518
35.174,0.014062
35.184,0.013615
35.194,0.013175
35.204,0.012746
35.214,0.012322
35.224,0.011904
35.234,0.011497
35.244,0.011104
35.254,0.010725
35.264,0.010349
35.274,0.0099799
35.284,0.009629
35.294,0.0092888
35.304,0.0089494
35.314,0.0086226
35.324,0.0083152
35.334,0.0080076
35.344,0.0077091
35.354,0.0074362
35.364,0.0071758
35.374,0.0069261
35.384,0.0067005
35.394,0.0064887
35.404,0.0062828
35.414,0.0060853
35.424,0.0059033
35.434,0.00574
35.444,0.0055845
35.454,0.0054355
35.464,0.0053019
35.474,0.0051846
35.484,0.0050816
35.494,0.0049977
35.504,0.0049342
35.514,0.0048775
35.524,0.0048232
35.534,0.0047826
35.544,0.0047541
35.554,0.0047383
35.564,0.0047335
35.574,0.0047389
35.584,0.0047548
35.594,0.0047848
35.604,0.0048274
35.614,0.0048738
35.624,0.0049216
35.634,0.0049806
35.644,0.0050544
35.654,0.0051331
35.664,0.0052161
35.674,0.0053105
35.684,0.0054122
35.694,0.0055148
35.704,0.0056171
35.714,0.0057246
35.724,0.0058396
35.734,0.0059536
35.744,0.0060654
35.754,0.0061816
35.764,0.0062988
35.774,0.0064085
35.784,0.0065149
35.794,0.0066241
35.804,0.0067245
35.814,0.0068323
35.824,0.0069471
35.834,0.0070685
35.844,0.0071874
35.854,0.0073045
35.864,0.007423
35.874,0.0075328
35.884,0.007634
35.894,0.0077363
35.904,0.0078427
35.914,0.007957
35.924,0.0080652
35.934,0.0081726
35.944,0.0082783
35.954,0.0083826
35.964,0.0084864
35.974,0.008584
35.984,0.0086917
35.994,0.0087945
36.004,0.0088992
36.014,0.0090088
36.024,0.0091139
36.034,0.0092189
36.044,0.0093205
36.054,0.009423
36.064,0.0095247
36.074,0.0096342
36.084,0.0097482
36.094,0.0098656
36.104,0.0099838
36.114,0.010101
36.124,0.010224
36.134,0.01035
36.144,0.010482
36.154,0.010612
36.164,0.010748
36.174,0.010887
36.184,0.011025
36.194,0.011163
36.204,0.011295
36.214,0.01142
36.224,0.011547
36.234,0.011678
36.244,0.011816
36.254,0.011955
36.264,0.012091
36.274,0.012221
36.284,0.012348
36.294,0.012461
36.304,0.012563
36.314,0.012663
36.324,0.012752
36.334,0.012825
36.344,0.012886
36.354,0.012941
36.364,0.012979
36.374,0.013001
36.384,0.013003
36.394,0.012984
36.404,0.012953
36.414,0.01291
36.424,0.012854
36.434,0.012768
36.444,0.012662
36.454,0.012531
36.464,0.01238
36.474,0.012211
36.484,0.012019
36.494,0.01181
36.504,0.011576
36.514,0.011327
36.524,0.011049
36.534,0.010744
36.544,0.010417
36.554,0.010065
36.564,0.0096881
36.574,0.009285
36.584,0.0088581
36.594,0.0084142
36.604,0.0079509
36.614,0.007462
36.625,0.006951
36.635,0.0064266
36.645,0.0058966
36.655,0.0053528
36.665,0.0047952
36.675,0.0042134
36.685,0.0036165
36.695,0.0030128
36.705,0.0024056
36.715,0.0017889
36.725,0.0011686
36.735,0.00053616
36.745,-9.6131e-005
36.755,-0.00072968
36.765,-0.0013582
36.775,-0.001978
36.785,-0.0026062
36.795,-0.0032257
36.805,-0.0038457
36.815,-0.0044537
36.825,-0.0050617
36.835,-0.0056542
36.845,-0.0062416
36.855,-0.0068136
36.865,-0.007376
36.875,-0.0079228
36.885,-0.0084585
36.895,-0.0089664
36.905,-0.0094471
36.915,-0.0099081
36.925,-0.010353
36.935,-0.010778
36.945,-0.011186
36.955,-0.011568
36.965,-0.011929
36.975,-0.012266
36.985,-0.012586
36.995,-0.012885
37.005,-0.013161
37.015,-0.013417
37.025,-0.013651
37.035,-0.013862
37.045,-0.014048
37.055,-0.014217
37.065,-0.014363
37.075,-0.014497
37.085,-0.014606
37.095,-0.014692
37.105,-0.014756
37.115,-0.0148
37.125,-0.014817
37.135,-0.014819
37.145,-0.01482
37.155,-0.014805
37.165,-0.014768
37.175,-0.014708
37.185,-0.014638
37.195,-0.014545
37.205,-0.014437
37.215,-0.014318
37.225,-0.014187
37.235,-0.014041
37.245,-0.013874
37.255,-0.013691
37.265,-0.013499
37.275,-0.013296
37.285,-0.013079
37.295,-0.012844
37.305,-0.012614
37.315,-0.012381
37.325,-0.012134
37.335,-0.011874
37.345,-0.011596
37.355,-0.011297
37.365,-0.010991
37.375,-0.010676
37.385,-0.010354
37.395,-0.010011
37.405,-0.0096642
37.415,-0.009313
37.425,-0.0089501
37.435,-0.0085801
37.445,-0.0081994
37.455,-0.0078147
37.465,-0.0074293
37.475,-0.0070309
37.485,-0.0066298
37.495,-0.0062196
37.505,-0.0057975
37.515,-0.0053646
37.525,-0.0049247
37.535,-0.0044752
37.545,-0.0040121
37.555,-0.0035348
37.565,-0.0030584
37.575,-0.0025895
37.585,-0.0021177
37.595,-0.0016354
37.605,-0.0011605
37.615,-0.00068246
37.625,-0.0002028
37.635,0.00028325
37.645,0.0007733
37.655,0.0012603
37.665,0.0017497
37.675,0.0022328
37.685,0.002717
37.695,0.0031914
37.705,0.0036685
37.715,0.0041397
37.725,0.004612
37.735,0.0050738
37.745,0.0055397
37.755,0.0060064
37.765,0.0064619
37.775,0.0069007
37.785,0.0073322
37.795,0.0077615
37.805,0.0081827
37.815,0.0086014
37.825,0.0090166
37.835,0.0094093
37.845,0.0097917
37.855,0.010157
37.865,0.010514
37.875,0.010842
37.885,0.011155
37.895,0.011463
37.905,0.011764
37.915,0.012055
37.925,0.012328
37.935,0.01258
37.945,0.012821
37.955,0.013045
37.965,0.013254
37.975,0.013447
37.985,0.013633
37.995,0.013798
38.005,0.013939
38.015,0.014056
38.025,0.014154
38.035,0.014235
38.045,0.014298
38.055,0.014342
38.065,0.01437
38.075,0.014378
38.085,0.014376
38.095,0.014362
38.105,0.014324
38.115,0.014259
38.126,0.014169
38.136,0.014062
38.146,0.013952
38.156,0.013833
38.166,0.013694
38.176,0.013536
38.186,0.01337
38.196,0.013193
38.206,0.012993
38.216,0.012783
38.226,0.012563
38.236,0.012328
38.246,0.012082
38.256,0.011823
38.266,0.011556
38.276,0.011262
38.286,0.010969
38.296,0.010667
38.306,0.010358
38.316,0.010036
38.326,0.0097126
38.336,0.009379
38.346,0.0090427
38.356,0.0087023
38.366,0.0083599
38.376,0.0080116
38.386,0.0076599
38.396,0.0073126
38.406,0.0069709
38.416,0.0066217
38.426,0.0062744
38.436,0.0059325
38.446,0.0055938
38.456,0.0052547
38.466,0.0049134
38.476,0.0045809
38.486,0.0042604
38.496,0.0039492
38.506,0.0036493
38.516,0.0033571
38.526,0.0030833
38.536,0.002819
38.546,0.0025707
38.556,0.0023259
38.566,0.0020856
38.576,0.0018568
38.586,0.0016392
38.596,0.0014407
38.606,0.0012575
38.616,0.0010842
38.626,0.0009205
38.636,0.00077228
38.646,0.00064255
38.656,0.00052734
38.666,0.00042818
38.676,0.00034753
38.686,0.00028405
38.696,0.00023895
38.706,0.00020668
38.716,0.00018559
38.726,0.00018559
38.736,0.00019665
38.746,0.00022274
38.756,0.00025857
38.766,0.00031148
38.776,0.00038252
38.786,0.00046329
38.796,0.00056562
38.806,0.00068416
38.816,0.00081797
38.826,0.00096728
38.836,0.0011314
38.846,0.0013118
38.856,0.0015102
38.866,0.0017196
38.876,0.0019363
38.886,0.0021807
38.896,0.0024389
38.906,0.002698
38.916,0.0029676
38.926,0.0032516
38.936,0.003549
38.946,0.0038495
38.956,0.0041615
38.966,0.0044835
38.976,0.0048215
38.986,0.0051567
38.996,0.0055033
39.006,0.0058655
39.016,0.006248
39.026,0.00664
39.036,0.007036
39.046,0.0074426
39.056,0.0078569
39.066,0.0082798
39.076,0.0087104
39.086,0.0091431
39.096,0.0095933
39.106,0.010041
39.116,0.010497
39.126,0.010961
39.136,0.011433
39.146,0.011917
39.156,0.012402
39.166,0.012897
39.176,0.013401
39.186,0.013904
39.196,0.014414
39.206,0.014923
39.216,0.015438
39.226,0.015952
39.236,0.01646
39.246,0.016968
39.256,0.017477
39.266,0.017983
39.276,0.018501
39.286,0.019005
39.296,0.019513
39.306,0.020021
39.316,0.020529
39.326,0.021032
39.336,0.02153
39.346,0.022023
39.356,0.022528
39.366,0.023026
39.376,0.023521
39.386,0.024012
39.396,0.024491
39.406,0.024969
39.416,0.025447
39.426,0.025914
39.436,0.026374
39.446,0.026829
39.456,0.027287
39.466,0.027729
39.476,0.028174
39.486,0.02862
39.496,0.029063
39.506,0.029505
39.516,0.029948
39.526,0.030382
39.536,0.030806
39.546,0.031221
39.556,0.03163
39.566,0.032024
39.576,0.032418
39.586,0.032806
39.596,0.033203
39.606,0.033601
39.617,0.033983
39.627,0.034362
39.637,0.034735
39.647,0.035103
39.657,0.035466
39.667,0.035822
39.677,0.036181
39.687,0.036536
39.697,0.036882
39.707,0.037222
39.717,0.03757
39.727,0.0379
39.737,0.038227
39.747,0.038551
39.757,0.038883
39.767,0.039193
39.777,0.039507
39.787,0.039826
39.797,0.040133
39.807,0.040436
39.817,0.040745
39.827,0.041041
39.837,0.041335
39.847,0.041623
39.857,0.041901
39.867,0.042179
39.877,0.042448
39.887,0.04272
39.897,0.042989
39.907,0.043248
39.917,0.043503
39.927,0.043755
39.937,0.044
39.947,0.044242
39.957,0.044483
39.967,0.044721
39.977,0.044954
39.987,0.045184
39.997,0.045408
40.007,0.045633
40.017,0.045861
40.027,0.046087
40.037,0.04631
40.047,0.046533
40.057,0.046745
40.067,0.046948
40.077,0.047154
40.087,0.047368
40.097,0.047572
40.107,0.047779
40.117,0.047989
40.127,0.048195
40.137,0.048408
40.147,0.048621
40.157,0.048829
40.167,0.04904
40.177,0.049257
40.187,0.049474
40.197,0.049688
40.207,0.049911
40.217,0.050132
40.227,0.05036
40.237,0.05059
40.247,0.050819
40.257,0.051059
40.267,0.051301
40.277,0.051551
40.287,0.051811
40.297,0.052072
40.307,0.052338
40.317,0.052608
40.327,0.052871
40.337,0.053134
40.347,0.053408
40.357,0.053692
40.367,0.053972
40.377,0.054238
40.387,0.054515
40.397,0.054791
40.407,0.05507
40.417,0.055361
40.427,0.055657
40.437,0.055947
40.447,0.056238
40.457,0.056524
40.467,0.056823
40.477,0.057117
40.487,0.057407
40.497,0.057702
40.507,0.057998
40.517,0.058296
40.527,0.058608
40.537,0.058911
40.547,0.059201
40.557,0.059478
40.567,0.059758
40.577,0.060034
40.587,0.060302
40.597,0.060555
40.607,0.060795
40.617,0.061032
40.627,0.061278
40.637,0.061515
40.647,0.061739
40.657,0.061962
40.667,0.062181
40.677,0.062385
40.687,0.062583
40.697,0.062789
40.707,0.062984
40.717,0.063179
40.727,0.06336
40.737,0.06353
40.747,0.063691
40.757,0.063842
40.767,0.063985
40.777,0.064117
40.787,0.06423
40.797,0.06434
40.807,0.064446
40.817,0.064534
40.827,0.064614
40.837,0.064695
40.847,0.064764
40.857,0.064827
40.867,0.064892
40.877,0.064947
40.887,0.064995
40.897,0.065042
40.907,0.065086
40.917,0.065124
40.927,0.065156
40.937,0.065183
40.947,0.065206
40.957,0.065224
40.967,0.065243
40.977,0.065252
40.987,0.06526
40.997,0.065266
41.007,0.065267
41.017,0.065264
41.027,0.065259
41.037,0.065258
41.047,0.065247
41.057,0.065232
41.067,0.065214
41.077,0.065196
41.087,0.065179
41.097,0.06516
41.108,0.065146
41.118,0.065118
41.128,0.06508
41.138,0.065035
41.148,0.064991
41.158,0.064939
41.168,0.064882
41.178,0.064812
41.188,0.064736
41.198,0.064649
41.208,0.064549
41.218,0.06443
41.228,0.064315
41.238,0.064199
41.248,0.064081
41.258,0.063948
41.268,0.063805
41.278,0.063653
41.288,0.063492
41.298,0.063312
41.308,0.063109
41.318,0.062895
41.328,0.062657
41.338,0.062411
41.348,0.062158
41.358,0.061881
41.368,0.061583
41.378,0.061282
41.388,0.060966
41.398,0.060632
41.408,0.060275
41.418,0.059909
41.428,0.059508
41.438,0.059087
41.448,0.058625
41.458,0.058161
41.468,0.05767
41.478,0.057155
41.488,0.056622
41.498,0.056081
41.508,0.055508
41.518,0.054913
41.528,0.054291
41.538,0.053635
41.548,0.052952
41.558,0.052239
41.568,0.051499
41.578,0.050731
41.588,0.049927
41.598,0.049101
41.608,0.048264
41.618,0.047393
41.628,0.046495
41.638,0.04558
41.648,0.044639
41.658,0.043681
41.668,0.04269
41.678,0.041669
41.688,0.040635
41.698,0.039572
41.708,0.038491
41.718,0.037388
41.728,0.036258
41.738,0.035107
41.748,0.033945
41.758,0.03276
41.768,0.031555
41.778,0.030339
41.788,0.029101
41.798,0.027857
41.808,0.026587
41.818,0.025291
41.828,0.023985
41.838,0.022678
41.848,0.021354
41.858,0.020019
41.868,0.018676
41.878,0.017316
41.888,0.015929
41.898,0.014558
41.908,0.013182
41.918,0.011803
41.928,0.010411
41.938,0.0090124
41.948,0.0075984
41.958,0.0061737
41.968,0.0047634
41.978,0.0033607
41.988,0.0019491
41.998,0.0005433
42.008,-0.00087066
42.018,-0.0022813
42.028,-0.0036801
42.038,-0.0050872
42.048,-0.0064895
42.058,-0.0078679
42.068,-0.0092543
42.078,-0.010644
42.088,-0.012034
42.098,-0.013428
42.108,-0.014802
42.118,-0.016196
42.128,-0.01759
42.138,-0.018967
42.148,-0.02033
42.158,-0.021673
42.168,-0.023016
42.178,-0.024369
42.188,-0.025704
42.198,-0.027022
42.208,-0.028344
42.218,-0.029657
42.228,-0.030944
42.238,-0.03222
42.248,-0.03348
42.258,-0.034747
42.268,-0.036002
42.278,-0.037252
42.288,-0.038494
42.298,-0.039724
42.308,-0.040947
42.318,-0.042157
42.328,-0.04336
42.338,-0.044555
42.348,-0.04573
42.358,-0.046884
42.368,-0.048012
42.378,-0.049121
42.388,-0.050202
42.398,-0.051283
42.408,-0.052339
42.418,-0.053353
42.428,-0.05435
42.438,-0.055346
42.448,-0.056312
42.458,-0.05723
42.468,-0.058132
42.478,-0.059015
42.488,-0.059867
42.498,-0.060675
42.508,-0.061455
42.518,-0.062223
42.528,-0.062957
42.538,-0.063639
42.548,-0.064286
42.558,-0.064892
42.568,-0.065478
42.578,-0.066033
42.588,-0.06656
42.598,-0.067055
42.609,-0.067508
42.619,-0.067921
42.629,-0.068285
42.639,-0.068618
42.649,-0.068921
42.659,-0.069188
42.669,-0.069411
42.679,-0.069595
42.689,-0.069749
42.699,-0.069871
42.709,-0.069952
42.719,-0.070009
42.729,-0.070022
42.739,-0.06999
42.749,-0.069909
42.759,-0.0698
42.769,-0.069666
42.779,-0.069501
42.789,-0.069295
42.799,-0.069063
42.809,-0.068797
42.819,-0.068524
42.829,-0.068225
42.839,-0.067898
42.849,-0.067552
42.859,-0.067173
42.869,-0.06677
42.879,-0.066355
42.889,-0.065928
42.899,-0.065473
42.909,-0.064993
42.919,-0.064521
42.929,-0.064036
42.939,-0.063538
42.949,-0.063025
42.959,-0.062512
42.969,-0.061986
42.979,-0.061452
42.989,-0.060907
42.999,-0.06036
43.009,-0.05981
43.019,-0.05927
43.029,-0.058711
43.039,-0.058155
43.049,-0.057614
43.059,-0.057076
43.069,-0.056537
43.079,-0.055991
43.089,-0.055454
43.099,-0.054921
43.109,-0.054379
43.119,-0.053851
43.129,-0.053332
43.139,-0.052824
43.149,-0.052322
43.159,-0.051835
43.169,-0.051355
43.179,-0.050889
43.189,-0.050428
43.199,-0.049974
43.209,-0.049526
43.219,-0.049101
43.229,-0.048673
43.239,-0.048252
43.249,-0.047864
43.259,-0.047495
43.269,-0.047142
43.279,-0.046802
43.289,-0.046483
43.299,-0.046181
43.309,-0.045887
43.319,-0.045601
43.329,-0.045329
43.339,-0.04506
43.349,-0.044802
43.359,-0.044556
43.369,-0.044319
43.379,-0.044098
43.389,-0.043888
43.399,-0.043687
43.409,-0.043502
43.419,-0.043321
43.429,-0.043153
43.439,-0.043
43.449,-0.042858
43.459,-0.042749
43.469,-0.042639
43.479,-0.042538
43.489,-0.042449
43.499,-0.042386
43.509,-0.042323
43.519,-0.042277
43.529,-0.042246
43.539,-0.042227
43.549,-0.042221
43.559,-0.04223
43.569,-0.042236
43.579,-0.042249
43.589,-0.042268
43.599,-0.042301
43.609,-0.042342
43.619,-0.042394
43.629,-0.042452
43.639,-0.042503
43.649,-0.042562
43.659,-0.042617
43.669,-0.042673
43.679,-0.042743
43.689,-0.04281
43.699,-0.042872
43.709,-0.042944
43.719,-0.043021
43.729,-0.043092
43.739,-0.043169
43.749,-0.043242
43.759,-0.043305
43.769,-0.043372
43.779,-0.043446
43.789,-0.043508
43.799,-0.043564
43.809,-0.043623
43.819,-0.043686
43.829,-0.043749
43.839,-0.043795
43.849,-0.043835
43.859,-0.043873
43.869,-0.043906
43.879,-0.043935
43.889,-0.043972
43.899,-0.044006
43.909,-0.044037
43.919,-0.044065
43.929,-0.044084
43.939,-0.044092
43.949,-0.044091
43.959,-0.044086
43.969,-0.044075
43.979,-0.044073
43.989,-0.044069
43.999,-0.044052
44.009,-0.044028
44.019,-0.04401
44.029,-0.04399
44.039,-0.043961
44.049,-0.043939
44.059,-0.043906
44.069,-0.043869
44.079,-0.043825
44.089,-0.043783
44.1,-0.043748
44.11,-0.043703
44.12,-0.043655
44.13,-0.043609
44.14,-0.043563
44.15,-0.04352
44.16,-0.043468
44.17,-0.043421
44.18,-0.043362
44.19,-0.043323
44.2,-0.043287
44.21,-0.043234
44.22,-0.043182
44.23,-0.043141
44.24,-0.043103
44.25,-0.043053
44.26,-0.042999
44.27,-0.042948
44.28,-0.042903
44.29,-0.042838
44.3,-0.042778
44.31,-0.042713
44.32,-0.04264
44.33,-0.042567
44.34,-0.042477
44.35,-0.04238
44.36,-0.042274
44.37,-0.042176
44.38,-0.042073
44.39,-0.041949
44.4,-0.041811
44.41,-0.041675
44.42,-0.041539
44.43,-0.041387
44.44,-0.041216
44.45,-0.041041
44.46,-0.040841
44.47,-0.040628
44.48,-0.040415
44.49,-0.040182
44.5,-0.039938
44.51,-0.039678
44.52,-0.039406
44.53,-0.039124
44.54,-0.038818
44.55,-0.038499
44.56,-0.038166
44.57,-0.037817
44.58,-0.037444
44.59,-0.037053
44.6,-0.036643
44.61,-0.036211
44.62,-0.035768
44.63,-0.035314
44.64,-0.034849
44.65,-0.034381
44.66,-0.033889
44.67,-0.033387
44.68,-0.032875
44.69,-0.032357
44.7,-0.031836
44.71,-0.031293
44.72,-0.03074
44.73,-0.03019
44.74,-0.029637
44.75,-0.029085
44.76,-0.028515
44.77,-0.027958
44.78,-0.02739
44.79,-0.026823
44.8,-0.02625
44.81,-0.025688
44.82,-0.025128
44.83,-0.024567
44.84,-0.023999
44.85,-0.023434
44.86,-0.022904
44.87,-0.022355
44.88,-0.021817
44.89,-0.021292
44.9,-0.020774
44.91,-0.02026
44.92,-0.019776
44.93,-0.0193
44.94,-0.018835
44.95,-0.018393
44.96,-0.017962
44.97,-0.017539
44.98,-0.017143
44.99,-0.016767
45,-0.016402
45.01,-0.01605
45.02,-0.015726
45.03,-0.015419
45.04,-0.015119
45.05,-0.014841
45.06,-0.01459
45.07,-0.014354
45.08,-0.014147
45.09,-0.013936
45.1,-0.013729
45.11,-0.013549
45.12,-0.013382
45.13,-0.013219
45.14,-0.013062
45.15,-0.012924
45.16,-0.012795
45.17,-0.01267
45.18,-0.012563
45.19,-0.012461
45.2,-0.012387
45.21,-0.012312
45.22,-0.012243
45.23,-0.012169
45.24,-0.012109
45.25,-0.012039
45.26,-0.011978
45.27,-0.011909
45.28,-0.011835
45.29,-0.01177
45.3,-0.011689
45.31,-0.011618
45.32,-0.011544
45.33,-0.011462
45.34,-0.011367
45.35,-0.011264
45.36,-0.011153
45.37,-0.011036
45.38,-0.010909
45.39,-0.010799
45.4,-0.010685
45.41,-0.010553
45.42,-0.010424
45.43,-0.0103
45.44,-0.010164
45.45,-0.010017
45.46,-0.0098674
45.47,-0.0097084
45.48,-0.0095309
45.49,-0.0093479
45.5,-0.0091554
45.51,-0.0089608
45.52,-0.0087507
45.53,-0.0085327
45.54,-0.0083339
45.55,-0.0081264
45.56,-0.0079294
45.57,-0.0077296
45.58,-0.0075314
45.591,-0.0073416
45.601,-0.0071577
45.611,-0.0069866
45.621,-0.0068196
45.631,-0.0066492
45.641,-0.0065048
45.651,-0.0063629
45.661,-0.0062168
45.671,-0.0060881
45.681,-0.0059602
45.691,-0.0058418
45.701,-0.0057318
45.711,-0.0056266
45.721,-0.0055513
45.731,-0.0054905
45.741,-0.0054433
45.751,-0.0054108
45.761,-0.0054071
45.771,-0.0054242
45.781,-0.005456
45.791,-0.0055149
45.801,-0.0056006
45.811,-0.00571
45.821,-0.0058164
45.831,-0.0059419
45.841,-0.0061033
45.851,-0.0062767
45.861,-0.0064693
45.871,-0.0066672
45.881,-0.0068827
45.891,-0.0070983
45.901,-0.0073318
45.911,-0.007566
45.921,-0.0078126
45.931,-0.0080722
45.941,-0.0083413
45.951,-0.0086312
45.961,-0.0089322
45.971,-0.0092192
45.981,-0.0095328
45.991,-0.009854
46.001,-0.010173
46.011,-0.0105
46.021,-0.010822
46.031,-0.011131
46.041,-0.011438
46.051,-0.011743
46.061,-0.012039
46.071,-0.01233
46.081,-0.012597
46.091,-0.012848
46.101,-0.013087
46.111,-0.013318
46.121,-0.013544
46.131,-0.013771
46.141,-0.013962
46.151,-0.014136
46.161,-0.014292
46.171,-0.014433
46.181,-0.014544
46.191,-0.014629
46.201,-0.014698
46.211,-0.014749
46.221,-0.014772
46.231,-0.014762
46.241,-0.014723
46.251,-0.014655
46.261,-0.014573
46.271,-0.014464
46.281,-0.014316
46.291,-0.014142
46.301,-0.013956
46.311,-0.013753
46.321,-0.013518
46.331,-0.013266
46.341,-0.012996
46.351,-0.012699
46.361,-0.012376
46.371,-0.012042
46.381,-0.011674
46.391,-0.011269
46.401,-0.010829
46.411,-0.010399
46.421,-0.0099437
46.431,-0.0094763
46.441,-0.0089756
46.451,-0.0084689
46.461,-0.0079376
46.471,-0.0073879
46.481,-0.0068385
46.491,-0.0062808
46.501,-0.0057277
46.511,-0.0051367
46.521,-0.0045372
46.531,-0.0039379
46.541,-0.0033248
46.551,-0.0026918
46.561,-0.0020669
46.571,-0.0014311
46.581,-0.00079963
46.591,-0.00016191
46.601,0.00049115
46.611,0.0011357
46.621,0.0017734
46.631,0.0024078
46.641,0.0030547
46.651,0.0036937
46.661,0.0043318
46.671,0.0049837
46.681,0.0056068
46.691,0.0062224
46.701,0.0068391
46.711,0.0074448
46.721,0.0080449
46.731,0.0086449
46.741,0.009243
46.751,0.0098318
46.761,0.01042
46.771,0.010998
46.781,0.011561
46.791,0.012102
46.801,0.012625
46.811,0.013133
46.821,0.013637
46.831,0.01413
46.841,0.014602
46.851,0.01509
46.861,0.015554
46.871,0.01603
46.881,0.016487
46.891,0.016914
46.901,0.017314
46.911,0.017704
46.921,0.018075
46.931,0.018446
46.941,0.018798
46.951,0.019151
46.961,0.019473
46.971,0.019791
46.981,0.020077
46.991,0.02031
47.001,0.020569
47.011,0.020799
47.021,0.02102
47.031,0.021228
47.041,0.021433
47.051,0.021594
47.061,0.021745
47.071,0.021889
47.081,0.022006
47.092,0.022107
47.102,0.022197
47.112,0.022288
47.122,0.022345
47.132,0.022384
47.142,0.022407
47.152,0.022428
47.162,0.022437
47.172,0.022427
47.182,0.022408
47.192,0.022377
47.202,0.02232
47.212,0.02226
47.222,0.02219
47.232,0.022113
47.242,0.022014
47.252,0.021907
47.262,0.021784
47.272,0.021648
47.282,0.021505
47.292,0.021343
47.302,0.021157
47.312,0.020965
47.322,0.020772
47.332,0.020568
47.342,0.020359
47.352,0.020134
47.362,0.019914
47.372,0.019704
47.382,0.01946
47.392,0.019204
47.402,0.018937
47.412,0.018665
47.422,0.018398
47.432,0.018122
47.442,0.017848
47.452,0.017557
47.462,0.017282
47.472,0.017007
47.482,0.016736
47.492,0.016461
47.502,0.016184
47.512,0.015913
47.522,0.015641
47.532,0.015378
47.542,0.015097
47.552,0.014814
47.562,0.014536
47.572,0.014258
47.582,0.013983
47.592,0.013709
47.602,0.013426
47.612,0.013154
47.622,0.012886
47.632,0.012636
47.642,0.012388
47.652,0.012147
47.662,0.011909
47.672,0.011666
47.682,0.011415
47.692,0.011173
47.702,0.010951
47.712,0.010728
47.722,0.010528
47.732,0.010325
47.742,0.010139
47.752,0.0099579
47.762,0.0097925
47.772,0.0096381
47.782,0.0094951
47.792,0.0093913
47.802,0.0092819
47.812,0.0091975
47.822,0.0091283
47.832,0.009072
47.842,0.0090125
47.852,0.0089761
47.862,0.0089545
47.872,0.0089467
47.882,0.0089593
47.892,0.0089695
47.902,0.0089952
47.912,0.0090313
47.922,0.0090844
47.932,0.0091482
47.942,0.0092507
47.952,0.0093765
47.962,0.0095024
47.972,0.0096453
47.982,0.0098148
47.992,0.0099946
48.002,0.010209
48.012,0.010448
48.022,0.010676
48.032,0.010908
48.042,0.011163
48.052,0.011449
48.062,0.011749
48.072,0.012074
48.082,0.012399
48.092,0.01275
48.102,0.013107
48.112,0.01345
48.122,0.0138
48.132,0.014146
48.142,0.014508
48.152,0.014877
48.162,0.015265
48.172,0.015654
48.182,0.016038
48.192,0.016402
48.202,0.016787
48.212,0.017171
48.222,0.01757
48.232,0.017956
48.242,0.018324
48.252,0.018672
48.262,0.018991
48.272,0.019297
48.282,0.019583
48.292,0.019887
48.302,0.020168
48.312,0.020431
48.322,0.020697
48.332,0.020944
48.342,0.021153
48.352,0.021371
48.362,0.021562
48.372,0.021744
48.382,0.021885
48.392,0.021994
48.402,0.022092
48.412,0.022168
48.422,0.022205
48.432,0.022233
48.442,0.022228
48.452,0.022188
48.462,0.022134
48.472,0.022058
48.482,0.021965
48.492,0.021825
48.502,0.021661
48.512,0.021473
48.522,0.021268
48.532,0.021019
48.542,0.020739
48.552,0.020435
48.562,0.020102
48.572,0.019755
48.583,0.019403
48.593,0.019023
48.603,0.018632
48.613,0.018218
48.623,0.017798
48.633,0.017363
48.643,0.016905
48.653,0.016444
48.663,0.01597
48.673,0.015452
48.683,0.014949
48.693,0.014426
48.703,0.013893
48.713,0.013365
48.723,0.012855
48.733,0.012355
48.743,0.011833
48.753,0.011315
48.763,0.010781
48.773,0.010251
48.783,0.0096939
48.793,0.0091224
48.803,0.0085653
48.813,0.008002
48.823,0.007431
48.833,0.0068711
48.843,0.0063055
48.853,0.0057317
48.863,0.0051866
48.873,0.0046367
48.883,0.0040973
48.893,0.0035718
48.903,0.0030284
48.913,0.0024783
48.923,0.0019389
48.933,0.0014045
48.943,0.00087017
48.953,0.00035011
48.963,-0.00013443
48.973,-0.00061972
48.983,-0.0010803
48.993,-0.0015342
49.003,-0.0019737
49.013,-0.002455
49.023,-0.0029381
49.033,-0.0034181
49.043,-0.0038758
49.053,-0.0043312
49.063,-0.0047921
49.073,-0.0052314
49.083,-0.0056581
49.093,-0.0060472
49.103,-0.0064109
49.113,-0.0067559
49.123,-0.0071482
49.133,-0.0075536
49.143,-0.0079344
49.153,-0.0082798
49.163,-0.0086083
49.173,-0.008926
49.183,-0.0092428
49.193,-0.009493
49.203,-0.0097479
49.213,-0.0099758
49.223,-0.010234
49.233,-0.010508
49.243,-0.010756
49.253,-0.010972
49.263,-0.011192
49.273,-0.011377
49.283,-0.011534
49.293,-0.011652
49.303,-0.011735
49.313,-0.011812
49.323,-0.011903
49.333,-0.011987
49.343,-0.012046
49.353,-0.012088
49.363,-0.012112
49.373,-0.012085
49.383,-0.012021
49.393,-0.011978
49.403,-0.011881
49.413,-0.011796
49.423,-0.011714
49.433,-0.011613
49.443,-0.011499
49.453,-0.011295
49.463,-0.011099
49.473,-0.010895
49.483,-0.010668
49.493,-0.01043
49.503,-0.010166
49.513,-0.009856
49.523,-0.0095251
49.533,-0.0092265
49.543,-0.0088961
49.553,-0.0085114
49.563,-0.0081123
49.573,-0.0077437
49.583,-0.0073643
49.593,-0.0069471
49.603,-0.0064932
49.613,-0.0060492
49.623,-0.0055952
49.633,-0.0050948
49.643,-0.0046336
49.653,-0.004166
49.663,-0.0036908
49.673,-0.0031281
49.683,-0.0026256
49.693,-0.0020225
49.703,-0.0015218
49.713,-0.0010394
49.723,-0.00054301
49.733,-0.00010521
49.743,0.00040169
49.753,0.0008868
49.763,0.0013651
49.773,0.0018037
49.783,0.0022804
49.793,0.0026749
49.803,0.0031067
49.813,0.0035253
49.823,0.0038838
49.833,0.0042218
49.843,0.004476
49.853,0.0047642
49.863,0.0050323
49.873,0.0053007
49.883,0.0055749
49.893,0.0058574
49.903,0.0061054
49.913,0.0063127
49.923,0.0065183
49.933,0.0065437
49.943,0.0064701
49.953,0.0062758
49.963,0.0059985
49.973,0.0056107
49.983,0.0053534
49.993,0.0050037
50.003,0.0048522
50.013,0.0045976
50.023,0.0043183
