0,0.00021214
0.010007,-0.00028512
0.020013,-0.00059066
0.03002,-0.00082108
0.040027,-0.0010979
0.050034,-0.0013543
0.06004,-0.0015438
0.070047,-0.0017417
0.080054,-0.0019351
0.09006,-0.002179
0.10007,-0.0024158
0.11007,-0.0025831
0.12008,-0.0027027
0.13009,-0.0027887
0.14009,-0.0028457
0.1501,-0.0029556
0.16011,-0.003039
0.17011,-0.0031315
0.18012,-0.0031715
0.19013,-0.0032497
0.20013,-0.0033453
0.21014,-0.0034564
0.22015,-0.0035582
0.23015,-0.0036248
0.24016,-0.0036911
0.25017,-0.003724
0.26017,-0.0038459
0.27018,-0.0039609
0.28019,-0.0040506
0.29019,-0.0041161
0.3002,-0.0042139
0.31021,-0.0042663
0.32022,-0.0043157
0.33022,-0.0043541
0.34023,-0.0044638
0.35024,-0.0045366
0.36024,-0.0046161
0.37025,-0.0046949
0.38026,-0.0047619
0.39026,-0.0048389
0.40027,-0.0049023
0.41028,-0.0049698
0.42028,-0.0050425
0.43029,-0.0050881
0.4403,-0.0051328
0.4503,-0.0051716
0.46031,-0.0051999
0.47032,-0.0052414
0.48032,-0.0053034
0.49033,-0.0053353
0.50034,-0.0053439
0.51034,-0.0053447
0.52035,-0.0053616
0.53036,-0.0053861
0.54036,-0.0054225
0.55037,-0.005437
0.56038,-0.0054894
0.57038,-0.0055131
0.58039,-0.0055315
0.5904,-0.0055486
0.6004,-0.0055346
0.61041,-0.005539
0.62042,-0.0055299
0.63042,-0.0055171
0.64043,-0.0055143
0.65044,-0.005517
0.66044,-0.0055433
0.67045,-0.0055825
0.68046,-0.0056094
0.69046,-0.0056221
0.70047,-0.0056106
0.71048,-0.0055829
0.72048,-0.0055496
0.73049,-0.005523
0.7405,-0.0055095
0.7505,-0.0055122
0.76051,-0.0055399
0.77052,-0.0055544
0.78052,-0.005573
0.79053,-0.0055929
0.80054,-0.0055749
0.81054,-0.0055701
0.82055,-0.0055637
0.83056,-0.0055384
0.84056,-0.0055241
0.85057,-0.0055272
0.86058,-0.005545
0.87058,-0.0055564
0.88059,-0.0055554
0.8906,-0.0055635
0.9006,-0.005554
0.91061,-0.0055676
0.92062,-0.0055828
0.93063,-0.005562
0.94063,-0.0055635
0.95064,-0.0055756
0.96065,-0.0055515
0.97065,-0.0055207
0.98066,-0.005522
0.99067,-0.005522
1.0007,-0.0055198
1.0107,-0.0055116
1.0207,-0.0054966
1.0307,-0.0054641
1.0407,-0.0054426
1.0507,-0.0054153
1.0607,-0.0053863
1.0707,-0.0053705
1.0807,-0.0053361
1.0907,-0.0053034
1.1007,-0.0052883
1.1107,-0.0052796
1.1208,-0.0052725
1.1308,-0.0052875
1.1408,-0.0053118
1.1508,-0.0053175
1.1608,-0.005302
1.1708,-0.0052785
1.1808,-0.0052463
1.1908,-0.0052163
1.2008,-0.0051847
1.2108,-0.0051723
1.2208,-0.0051581
1.2308,-0.0051675
1.2408,-0.0051591
1.2508,-0.0051525
1.2608,-0.0051646
1.2709,-0.0051761
1.2809,-0.0051791
1.2909,-0.0051827
1.3009,-0.0051584
1.3109,-0.0051473
1.3209,-0.0051404
1.3309,-0.0051265
1.3409,-0.005136
1.3509,-0.0051464
1.3609,-0.0051668
1.3709,-0.0051792
1.3809,-0.0051881
1.3909,-0.0051904
1.4009,-0.0051914
1.4109,-0.0051988
1.421,-0.0051866
1.431,-0.0051679
1.441,-0.0051502
1.451,-0.0051184
1.461,-0.0051059
1.471,-0.0051105
1.481,-0.005114
1.491,-0.0051187
1.501,-0.0051359
1.511,-0.0051485
1.521,-0.0051509
1.531,-0.0051547
1.541,-0.0051735
1.551,-0.0051637
1.561,-0.0051612
1.5711,-0.0051512
1.5811,-0.0051377
1.5911,-0.0051245
1.6011,-0.0051121
1.6111,-0.0050934
1.6211,-0.0050756
1.6311,-0.00507
1.6411,-0.0050442
1.6511,-0.0050449
1.6611,-0.0050587
1.6711,-0.0050528
1.6811,-0.0050337
1.6911,-0.0050225
1.7011,-0.0050112
1.7111,-0.0050185
1.7212,-0.0050288
1.7312,-0.0050449
1.7412,-0.0050388
1.7512,-0.0050219
1.7612,-0.0050381
1.7712,-0.0050682
1.7812,-0.0051017
1.7912,-0.0051106
1.8012,-0.0051212
1.8112,-0.0051515
1.8212,-0.0051737
1.8312,-0.0051874
1.8412,-0.0052027
1.8512,-0.005198
1.8613,-0.0051899
1.8713,-0.0051904
1.8813,-0.0051976
1.8913,-0.0051886
1.9013,-0.0051816
1.9113,-0.0051622
1.9213,-0.0051642
1.9313,-0.0051472
1.9413,-0.0051329
1.9513,-0.0051242
1.9613,-0.0051032
1.9713,-0.0050851
1.9813,-0.0050551
1.9913,-0.0050448
2.0013,-0.0050285
2.0114,-0.0049876
2.0214,-0.0049752
2.0314,-0.0049644
2.0414,-0.0049395
2.0514,-0.0049189
2.0614,-0.0048873
2.0714,-0.0048548
2.0814,-0.0048355
2.0914,-0.0048192
2.1014,-0.0048029
2.1114,-0.00477
2.1214,-0.0047402
2.1314,-0.0047127
2.1414,-0.0046682
2.1514,-0.0046079
2.1615,-0.004559
2.1715,-0.0045045
2.1815,-0.0044608
2.1915,-0.0044339
2.2015,-0.004406
2.2115,-0.0043851
2.2215,-0.0043624
2.2315,-0.0043161
2.2415,-0.0042664
2.2515,-0.0042534
2.2615,-0.0042343
2.2715,-0.0042189
2.2815,-0.0041942
2.2915,-0.0041562
2.3015,-0.0041082
2.3116,-0.0040619
2.3216,-0.0040332
2.3316,-0.0040099
2.3416,-0.0040072
2.3516,-0.0039804
2.3616,-0.0039606
2.3716,-0.0039322
2.3816,-0.0039242
2.3916,-0.0039061
2.4016,-0.0038921
2.4116,-0.003884
2.4216,-0.0038542
2.4316,-0.0038291
2.4416,-0.0038027
2.4516,-0.0037797
2.4617,-0.0037567
2.4717,-0.0037331
2.4817,-0.0037011
2.4917,-0.003666
2.5017,-0.0036275
2.5117,-0.0035927
2.5217,-0.00356
2.5317,-0.0035181
2.5417,-0.0034858
2.5517,-0.0034604
2.5617,-0.0034418
2.5717,-0.0034152
2.5817,-0.0033732
2.5917,-0.0033253
2.6017,-0.0032934
2.6118,-0.0032542
2.6218,-0.0032136
2.6318,-0.0031758
2.6418,-0.0031553
2.6518,-0.0031256
2.6618,-0.0031059
2.6718,-0.0030572
2.6818,-0.0030154
2.6918,-0.0029787
2.7018,-0.0029353
2.7118,-0.0028906
2.7218,-0.0028494
2.7318,-0.0028072
2.7418,-0.0027723
2.7518,-0.0027501
2.7619,-0.0027254
2.7719,-0.0026991
2.7819,-0.0026738
2.7919,-0.0026273
2.8019,-0.0025799
2.8119,-0.0025207
2.8219,-0.0024736
2.8319,-0.0024236
2.8419,-0.0023761
2.8519,-0.0023338
2.8619,-0.0022954
2.8719,-0.0022528
2.8819,-0.0022208
2.8919,-0.0022064
2.9019,-0.0021908
2.912,-0.00215
2.922,-0.0021222
2.932,-0.0021021
2.942,-0.0020661
2.952,-0.0020097
2.962,-0.0019733
2.972,-0.0019376
2.982,-0.0018944
2.992,-0.0018555
3.002,-0.0018208
3.012,-0.0017957
3.022,-0.0017593
3.032,-0.0017191
3.042,-0.0016792
3.0521,-0.0016275
3.0621,-0.0015865
3.0721,-0.0015421
3.0821,-0.001497
3.0921,-0.0014607
3.1021,-0.0014166
3.1121,-0.0013748
3.1221,-0.0013428
3.1321,-0.0012875
3.1421,-0.0012561
3.1521,-0.0012319
3.1621,-0.0011884
3.1721,-0.0011336
3.1821,-0.0010898
3.1921,-0.0010507
3.2022,-0.0010127
3.2122,-0.00099509
3.2222,-0.00097146
3.2322,-0.00092444
3.2422,-0.00088191
3.2522,-0.00083405
3.2622,-0.00079746
3.2722,-0.00076076
3.2822,-0.00071854
3.2922,-0.00066623
3.3022,-0.00060828
3.3122,-0.00054559
3.3222,-0.00048585
3.3322,-0.00043613
3.3422,-0.00038439
3.3523,-0.00032683
3.3623,-0.00027805
3.3723,-0.00023494
3.3823,-0.00019391
3.3923,-0.00014677
3.4023,-8.7236e-005
3.4123,-3.868e-005
3.4223,1.9136e-005
3.4323,6.7928e-005
3.4423,0.00010047
3.4523,0.00013666
3.4623,0.00017284
3.4723,0.00021271
3.4823,0.00026696
3.4923,0.00030117
3.5024,0.00033636
3.5124,0.00036326
3.5224,0.0004015
3.5324,0.00044766
3.5424,0.00049423
3.5524,0.00055274
3.5624,0.00060861
3.5724,0.00066661
3.5824,0.00070216
3.5924,0.00074438
3.6024,0.00079378
3.6124,0.00083491
3.6224,0.00087171
3.6324,0.00092111
3.6424,0.00095982
3.6525,0.0010134
3.6625,0.0010686
3.6725,0.0011278
3.6825,0.0011804
3.6925,0.0012306
3.7025,0.0012626
3.7125,0.0012979
3.7225,0.0013434
3.7325,0.0013956
3.7425,0.0014479
3.7525,0.0015002
3.7625,0.0015327
3.7725,0.0015755
3.7825,0.0016263
3.7925,0.0016573
3.8026,0.0016944
3.8126,0.0017333
3.8226,0.0017678
3.8326,0.0018053
3.8426,0.0018581
3.8526,0.0018971
3.8626,0.0019351
3.8726,0.0019823
3.8826,0.0020187
3.8926,0.0020463
3.9026,0.0020736
3.9126,0.0021056
3.9226,0.0021324
3.9326,0.0021686
3.9426,0.0022095
3.9527,0.0022483
3.9627,0.002281
3.9727,0.0023306
3.9827,0.0023628
3.9927,0.002394
4.0027,0.0024291
4.0127,0.0024794
4.0227,0.0025251
4.0327,0.0025671
4.0427,0.0026008
4.0527,0.002653
4.0627,0.0026941
4.0727,0.0027418
4.0827,0.0027851
4.0927,0.0028445
4.1028,0.0028981
4.1128,0.0029358
4.1228,0.0029818
4.1328,0.0030305
4.1428,0.0030939
4.1528,0.0031576
4.1628,0.0032107
4.1728,0.0032541
4.1828,0.0033134
4.1928,0.0033548
4.2028,0.0033929
4.2128,0.0034303
4.2228,0.0034706
4.2328,0.0035202
4.2428,0.0035648
4.2529,0.0036129
4.2629,0.0036574
4.2729,0.0037067
4.2829,0.0037602
4.2929,0.0038041
4.3029,0.0038523
4.3129,0.0039034
4.3229,0.0039527
4.3329,0.0039898
4.3429,0.0040211
4.3529,0.0040577
4.3629,0.0040797
4.3729,0.0041165
4.3829,0.0041517
4.393,0.0041905
4.403,0.0042318
4.413,0.004267
4.423,0.0043072
4.433,0.004366
4.443,0.0044003
4.453,0.0044273
4.463,0.0044612
4.473,0.0044902
4.483,0.004536
4.493,0.0045816
4.503,0.0046224
4.513,0.0046582
4.523,0.0047015
4.533,0.0047295
4.5431,0.0047657
4.5531,0.0048213
4.5631,0.0048649
4.5731,0.0048981
4.5831,0.0049403
4.5931,0.0049842
4.6031,0.0050261
4.6131,0.005067
4.6231,0.0050938
4.6331,0.0051345
4.6431,0.0051859
4.6531,0.0052267
4.6631,0.0052726
4.6731,0.0053092
4.6831,0.0053439
4.6932,0.0053775
4.7032,0.0054152
4.7132,0.0054405
4.7232,0.0054639
4.7332,0.0054924
4.7432,0.0055265
4.7532,0.0055469
4.7632,0.0055693
4.7732,0.0055947
4.7832,0.0056089
4.7932,0.0056216
4.8032,0.0056312
4.8132,0.005646
4.8232,0.0056641
4.8332,0.005684
4.8433,0.00571
4.8533,0.0057384
4.8633,0.0057649
4.8733,0.0058026
4.8833,0.0058398
4.8933,0.0058787
4.9033,0.0059106
4.9133,0.0059511
4.9233,0.0059862
4.9333,0.0060227
4.9433,0.0060617
4.9533,0.0061071
4.9633,0.0061467
4.9733,0.0061789
4.9833,0.0062052
4.9934,0.0062317
5.0034,0.0062597
5.0134,0.0063013
5.0234,0.0063487
5.0334,0.0063856
5.0434,0.006428
5.0534,0.0064605
5.0634,0.0064942
5.0734,0.0065182
5.0834,0.0065437
5.0934,0.0065738
5.1034,0.006611
5.1134,0.0066465
5.1234,0.0066708
5.1334,0.0066857
5.1435,0.0067059
5.1535,0.006728
5.1635,0.0067324
5.1735,0.0067502
5.1835,0.0067794
5.1935,0.006805
5.2035,0.0068327
5.2135,0.0068616
5.2235,0.0068827
5.2335,0.0068989
5.2435,0.0069356
5.2535,0.0069499
5.2635,0.0069659
5.2735,0.0069899
5.2835,0.0069985
5.2936,0.0070183
5.3036,0.0070362
5.3136,0.0070535
5.3236,0.0070697
5.3336,0.0070873
5.3436,0.0070944
5.3536,0.0071006
5.3636,0.0070955
5.3736,0.0070976
5.3836,0.0071045
5.3936,0.007113
5.4036,0.0071457
5.4136,0.0071682
5.4236,0.0071973
5.4336,0.0072222
5.4437,0.007253
5.4537,0.0072758
5.4637,0.0072888
5.4737,0.0073127
5.4837,0.0073313
5.4937,0.0073491
5.5037,0.0073718
5.5137,0.0073962
5.5237,0.007419
5.5337,0.0074387
5.5437,0.0074597
5.5537,0.0074816
5.5637,0.0075082
5.5737,0.0075329
5.5838,0.0075502
5.5938,0.0075627
5.6038,0.0075811
5.6138,0.0076078
5.6238,0.0076271
5.6338,0.007636
5.6438,0.007649
5.6538,0.0076659
5.6638,0.0076872
5.6738,0.0076985
5.6838,0.0077026
5.6938,0.0077255
5.7038,0.007751
5.7138,0.0077734
5.7238,0.0077973
5.7339,0.0078253
5.7439,0.0078533
5.7539,0.0078693
5.7639,0.0078777
5.7739,0.0078944
5.7839,0.0079058
5.7939,0.0079198
5.8039,0.0079319
5.8139,0.0079402
5.8239,0.007961
5.8339,0.0079681
5.8439,0.007977
5.8539,0.0079972
5.8639,0.0080127
5.8739,0.0080265
5.884,0.0080519
5.894,0.008076
5.904,0.0080988
5.914,0.0081275
5.924,0.0081478
5.934,0.0081796
5.944,0.0082128
5.954,0.0082433
5.964,0.0082883
5.974,0.0083435
5.984,0.0083926
5.994,0.0084351
6.004,0.0084803
6.014,0.0085182
6.024,0.0085514
6.0341,0.0085875
6.0441,0.0086134
6.0541,0.0086301
6.0641,0.0086448
6.0741,0.0086718
6.0841,0.0087014
6.0941,0.0087333
6.1041,0.0087642
6.1141,0.0087836
6.1241,0.0088153
6.1341,0.0088449
6.1441,0.0088815
6.1541,0.0089231
6.1641,0.0089723
6.1741,0.0090114
6.1842,0.0090528
6.1942,0.0091077
6.2042,0.0091605
6.2142,0.0092237
6.2242,0.0092777
6.2342,0.0093286
6.2442,0.0093779
6.2542,0.0094252
6.2642,0.0094644
6.2742,0.0095019
6.2842,0.0095338
6.2942,0.0095705
6.3042,0.0096003
6.3142,0.0096353
6.3242,0.0096792
6.3343,0.0097197
6.3443,0.0097619
6.3543,0.0098056
6.3643,0.0098415
6.3743,0.0098754
6.3843,0.009915
6.3943,0.0099598
6.4043,0.0099942
6.4143,0.010035
6.4243,0.010096
6.4343,0.010148
6.4443,0.010187
6.4543,0.010238
6.4643,0.010298
6.4743,0.01036
6.4844,0.010424
6.4944,0.010482
6.5044,0.010533
6.5144,0.010577
6.5244,0.010617
6.5344,0.010651
6.5444,0.010687
6.5544,0.010725
6.5644,0.010757
6.5744,0.010793
6.5844,0.01083
6.5944,0.010856
6.6044,0.010885
6.6144,0.010923
6.6244,0.010957
6.6345,0.011007
6.6445,0.011054
6.6545,0.011096
6.6645,0.011145
6.6745,0.011201
6.6845,0.011246
6.6945,0.011285
6.7045,0.01132
6.7145,0.011359
6.7245,0.011392
6.7345,0.011425
6.7445,0.011462
6.7545,0.011504
6.7645,0.011531
6.7746,0.011558
6.7846,0.011584
6.7946,0.011597
6.8046,0.011614
6.8146,0.011639
6.8246,0.011671
6.8346,0.01171
6.8446,0.011736
6.8546,0.011752
6.8646,0.011775
6.8746,0.011806
6.8846,0.011834
6.8946,0.011867
6.9046,0.011903
6.9146,0.011939
6.9247,0.011974
6.9347,0.012014
6.9447,0.012053
6.9547,0.012088
6.9647,0.012124
6.9747,0.012147
6.9847,0.012168
6.9947,0.012195
7.0047,0.012218
7.0147,0.012239
7.0247,0.012263
7.0347,0.012281
7.0447,0.012287
7.0547,0.012288
7.0647,0.012298
7.0748,0.012305
7.0848,0.012302
7.0948,0.01231
7.1048,0.012308
7.1148,0.012329
7.1248,0.012357
7.1348,0.012374
7.1448,0.012395
7.1548,0.012414
7.1648,0.012436
7.1748,0.012446
7.1848,0.012465
7.1948,0.012498
7.2048,0.012508
7.2148,0.012538
7.2249,0.01257
7.2349,0.012574
7.2449,0.012583
7.2549,0.012591
7.2649,0.012593
7.2749,0.012594
7.2849,0.012603
7.2949,0.012616
7.3049,0.012623
7.3149,0.012619
7.3249,0.012623
7.3349,0.012624
7.3449,0.012614
7.3549,0.012598
7.3649,0.012577
7.375,0.012565
7.385,0.012553
7.395,0.012552
7.405,0.012544
7.415,0.012545
7.425,0.012541
7.435,0.012525
7.445,0.012512
7.455,0.012487
7.465,0.012485
7.475,0.012469
7.485,0.012453
7.495,0.012435
7.505,0.012424
7.515,0.012414
7.5251,0.012407
7.5351,0.012387
7.5451,0.012375
7.5551,0.012343
7.5651,0.012322
7.5751,0.012291
7.5851,0.012281
7.5951,0.01225
7.6051,0.012229
7.6151,0.012198
7.6251,0.012179
7.6351,0.01216
7.6451,0.012141
7.6551,0.012118
7.6651,0.012113
7.6752,0.012106
7.6852,0.012082
7.6952,0.012026
7.7052,0.011983
7.7152,0.011956
7.7252,0.011937
7.7352,0.011879
7.7452,0.011876
7.7552,0.011837
7.7652,0.011816
7.7752,0.011798
7.7852,0.011747
7.7952,0.011732
7.8052,0.011704
7.8152,0.011677
7.8253,0.011627
7.8353,0.011624
7.8453,0.0116
7.8553,0.011551
7.8653,0.011526
7.8753,0.011481
7.8853,0.011454
7.8953,0.01142
7.9053,0.011403
7.9153,0.011403
7.9253,0.011367
7.9353,0.01132
7.9453,0.011283
7.9553,0.011267
7.9654,0.011221
7.9754,0.011198
7.9854,0.011142
7.9954,0.011086
8.0054,0.011064
8.0154,0.011004
8.0254,0.011012
8.0354,0.010957
8.0454,0.010895
8.0554,0.010847
8.0654,0.010813
8.0754,0.010766
8.0854,0.010746
8.0954,0.010693
8.1054,0.01063
8.1155,0.010604
8.1255,0.010543
8.1355,0.010491
8.1455,0.010435
8.1555,0.01043
8.1655,0.010358
8.1755,0.01028
8.1855,0.010215
8.1955,0.010157
8.2055,0.010135
8.2155,0.010058
8.2255,0.010006
8.2355,0.0099666
8.2455,0.0099047
8.2555,0.0098229
8.2656,0.0097576
8.2756,0.0096776
8.2856,0.0096329
8.2956,0.0095644
8.3056,0.0094857
8.3156,0.0094577
8.3256,0.0094104
8.3356,0.0093411
8.3456,0.0093093
8.3556,0.0092295
8.3656,0.0091585
8.3756,0.0090832
8.3856,0.0090199
8.3956,0.0089686
8.4056,0.0088981
8.4157,0.0088303
8.4257,0.0087631
8.4357,0.0086835
8.4457,0.00857
8.4557,0.0085052
8.4657,0.0084173
8.4757,0.0083294
8.4857,0.0082475
8.4957,0.0081884
8.5057,0.0080882
8.5157,0.0079862
8.5257,0.0079047
8.5357,0.0078452
8.5457,0.0077802
8.5557,0.0076849
8.5658,0.007596
8.5758,0.0074826
8.5858,0.0073733
8.5958,0.0072999
8.6058,0.0072363
8.6158,0.0071655
8.6258,0.0070675
8.6358,0.0069939
8.6458,0.0069278
8.6558,0.0068515
8.6658,0.0067421
8.6758,0.006659
8.6858,0.0065842
8.6958,0.0065149
8.7058,0.00646
8.7159,0.0063904
8.7259,0.0062945
8.7359,0.0062125
8.7459,0.0061446
8.7559,0.0060546
8.7659,0.0059446
8.7759,0.0058758
8.7859,0.0057957
8.7959,0.0057365
8.8059,0.0056621
8.8159,0.0055705
8.8259,0.0054981
8.8359,0.0054092
8.8459,0.0053377
8.8559,0.005256
8.866,0.0051788
8.876,0.0051042
8.886,0.0050441
8.896,0.0049578
8.906,0.0048848
8.916,0.0048046
8.926,0.00472
8.936,0.0046401
8.946,0.0045564
8.956,0.0044673
8.966,0.0043973
8.976,0.0043185
8.986,0.0042319
8.996,0.0041496
9.006,0.0040378
9.0161,0.0039504
9.0261,0.0038495
9.0361,0.0037615
9.0461,0.0036751
9.0561,0.0035656
9.0661,0.0034911
9.0761,0.003419
9.0861,0.0033103
9.0961,0.0032286
9.1061,0.0031418
9.1161,0.0030549
9.1261,0.0029548
9.1361,0.002862
9.1461,0.0027585
9.1562,0.0026637
9.1662,0.0025633
9.1762,0.0024722
9.1862,0.0023956
9.1962,0.0023103
9.2062,0.0022151
9.2162,0.0021303
9.2262,0.0020392
9.2362,0.0019445
9.2462,0.0018705
9.2562,0.0017754
9.2662,0.0016939
9.2762,0.0016128
9.2862,0.0015091
9.2962,0.0014155
9.3063,0.0013236
9.3163,0.0012226
9.3263,0.0011222
9.3363,0.0010479
9.3463,0.00097449
9.3563,0.00089295
9.3663,0.00082028
9.3763,0.00073628
9.3863,0.00063998
9.3963,0.00055635
9.4063,0.00046656
9.4163,0.00038693
9.4263,0.00030611
9.4363,0.00024093
9.4463,0.00017269
9.4564,9.7426e-005
9.4664,3.3938e-005
9.4764,-4.3971e-005
9.4864,-0.00010391
9.4964,-0.000163
9.5064,-0.00021764
9.5164,-0.00029146
9.5264,-0.00036275
9.5364,-0.00041045
9.5464,-0.00047279
9.5564,-0.00054034
9.5664,-0.00060815
9.5764,-0.00068619
9.5864,-0.0007424
9.5964,-0.00082154
9.6065,-0.00086045
9.6165,-0.00094642
9.6265,-0.0010117
9.6365,-0.0010849
9.6465,-0.0011405
9.6565,-0.0012096
9.6665,-0.0012667
9.6765,-0.0013416
9.6865,-0.0014048
9.6965,-0.0014614
9.7065,-0.0015234
9.7165,-0.0015868
9.7265,-0.0016373
9.7365,-0.0017055
9.7465,-0.0017491
9.7566,-0.0018166
9.7666,-0.0019061
9.7766,-0.0019784
9.7866,-0.0020431
9.7966,-0.00213
9.8066,-0.0021918
9.8166,-0.0022557
9.8266,-0.0023428
9.8366,-0.0024207
9.8466,-0.0024831
9.8566,-0.002533
9.8666,-0.0026129
9.8766,-0.0026702
9.8866,-0.0027316
9.8966,-0.0027851
9.9067,-0.0028553
9.9167,-0.0029216
9.9267,-0.0029738
9.9367,-0.0030388
9.9467,-0.003104
9.9567,-0.0031585
9.9667,-0.0032143
9.9767,-0.0032874
9.9867,-0.0033441
9.9967,-0.0033755
10.007,-0.0034407
10.017,-0.0034886
10.027,-0.0035433
10.037,-0.0035914
10.047,-0.0036426
10.057,-0.0036833
10.067,-0.0037156
10.077,-0.0037492
10.087,-0.0037824
10.097,-0.0038191
10.107,-0.0038791
10.117,-0.0039342
10.127,-0.0039735
10.137,-0.0040082
10.147,-0.004024
10.157,-0.0040471
10.167,-0.0040845
10.177,-0.0041091
10.187,-0.0041475
10.197,-0.0041842
10.207,-0.0042067
10.217,-0.0042312
10.227,-0.0042556
10.237,-0.0042766
10.247,-0.0043034
10.257,-0.0043187
10.267,-0.0043356
10.277,-0.0043583
10.287,-0.0043829
10.297,-0.0043967
10.307,-0.0044153
10.317,-0.0044379
10.327,-0.004465
10.337,-0.0044921
10.347,-0.0045198
10.357,-0.0045483
10.367,-0.0045773
10.377,-0.0046103
10.387,-0.0046389
10.397,-0.0046649
10.407,-0.0046848
10.417,-0.0047078
10.427,-0.0047313
10.437,-0.0047536
10.447,-0.0047803
10.457,-0.0047956
10.467,-0.0048087
10.477,-0.0048463
10.487,-0.0048643
10.497,-0.004885
10.507,-0.0049098
10.517,-0.0049221
10.527,-0.0049516
10.537,-0.0049878
10.547,-0.0050075
10.557,-0.0050291
10.567,-0.0050605
10.577,-0.0050884
10.587,-0.0051187
10.597,-0.0051462
10.607,-0.005171
10.617,-0.0051873
10.627,-0.0052169
10.637,-0.005251
10.647,-0.0052795
10.657,-0.0053045
10.667,-0.0053298
10.677,-0.0053613
10.687,-0.0053993
10.697,-0.0054447
10.707,-0.0054922
10.717,-0.0055302
10.727,-0.0055649
10.737,-0.0055952
10.747,-0.0056207
10.757,-0.0056528
10.767,-0.0056798
10.777,-0.005708
10.787,-0.0057388
10.797,-0.0057674
10.807,-0.0057968
10.817,-0.0058242
10.827,-0.0058575
10.837,-0.0058796
10.847,-0.0059066
10.857,-0.0059326
10.867,-0.0059511
10.877,-0.0059748
10.887,-0.005996
10.897,-0.0060153
10.907,-0.00603
10.917,-0.0060487
10.927,-0.00607
10.937,-0.0060909
10.947,-0.0061076
10.957,-0.0061267
10.967,-0.0061498
10.977,-0.0061713
10.987,-0.0061861
10.997,-0.0062012
11.007,-0.0062173
11.017,-0.0062321
11.027,-0.0062554
11.037,-0.006272
11.047,-0.0062862
11.057,-0.0062942
11.067,-0.0063006
11.077,-0.0063005
11.087,-0.0063059
11.097,-0.0063154
11.107,-0.0063174
11.117,-0.0063238
11.127,-0.0063398
11.137,-0.0063538
11.147,-0.0063654
11.157,-0.0063684
11.168,-0.0063804
11.178,-0.0063937
11.188,-0.0064043
11.198,-0.0064062
11.208,-0.0064057
11.218,-0.0064118
11.228,-0.0064197
11.238,-0.0064302
11.248,-0.0064309
11.258,-0.0064412
11.268,-0.0064497
11.278,-0.0064625
11.288,-0.0064768
11.298,-0.0064803
11.308,-0.006483
11.318,-0.0064903
11.328,-0.0064994
11.338,-0.0065068
11.348,-0.0065178
11.358,-0.0065301
11.368,-0.0065436
11.378,-0.0065533
11.388,-0.0065354
11.398,-0.0065384
11.408,-0.006537
11.418,-0.0065482
11.428,-0.0065714
11.438,-0.0065829
11.448,-0.0066048
11.458,-0.0066269
11.468,-0.0066563
11.478,-0.0066781
11.488,-0.006694
11.498,-0.0067092
11.508,-0.0067319
11.518,-0.0067497
11.528,-0.0067737
11.538,-0.0067903
11.548,-0.0068056
11.558,-0.006828
11.568,-0.0068451
11.578,-0.006866
11.588,-0.0068883
11.598,-0.0069059
11.608,-0.0069161
11.618,-0.0069349
11.628,-0.0069422
11.638,-0.0069377
11.648,-0.0069517
11.658,-0.0069587
11.668,-0.0069713
11.678,-0.00699
11.688,-0.0070033
11.698,-0.0070223
11.708,-0.0070435
11.718,-0.0070614
11.728,-0.0070731
11.738,-0.0070805
11.748,-0.0070992
11.758,-0.0071152
11.768,-0.0071303
11.778,-0.007142
11.788,-0.0071559
11.798,-0.0071654
11.808,-0.0071831
11.818,-0.0071829
11.828,-0.0071827
11.838,-0.0071723
11.848,-0.0071553
11.858,-0.0071299
11.868,-0.0071051
11.878,-0.0070798
11.888,-0.0070508
11.898,-0.0070215
11.908,-0.0070004
11.918,-0.0069751
11.928,-0.0069442
11.938,-0.0069118
11.948,-0.0068859
11.958,-0.0068498
11.968,-0.0068099
11.978,-0.0067752
11.988,-0.0067426
11.998,-0.0066992
12.008,-0.0066562
12.018,-0.0066198
12.028,-0.006579
12.038,-0.0065382
12.048,-0.0064944
12.058,-0.0064509
12.068,-0.006411
12.078,-0.0063594
12.088,-0.0063185
12.098,-0.0062812
12.108,-0.0062382
12.118,-0.0061834
12.128,-0.0061305
12.138,-0.0060787
12.148,-0.0060285
12.158,-0.0059641
12.168,-0.0059038
12.178,-0.0058377
12.188,-0.0057763
12.198,-0.0057145
12.208,-0.0056467
12.218,-0.0055778
12.228,-0.0055088
12.238,-0.0054477
12.248,-0.0053966
12.258,-0.0053416
12.268,-0.0052776
12.278,-0.0052124
12.288,-0.0051506
12.298,-0.0050959
12.308,-0.0050354
12.318,-0.0049773
12.328,-0.0049161
12.338,-0.0048539
12.348,-0.0047925
12.358,-0.0047223
12.368,-0.0046596
12.378,-0.0045943
12.388,-0.0045341
12.398,-0.0044775
12.408,-0.004422
12.418,-0.0043627
12.428,-0.0042987
12.438,-0.0042414
12.448,-0.0041868
12.458,-0.0041265
12.468,-0.0040766
12.478,-0.0040163
12.488,-0.0039559
12.498,-0.0038924
12.508,-0.0038318
12.518,-0.0037627
12.528,-0.003689
12.538,-0.0036171
12.548,-0.003556
12.558,-0.0034926
12.568,-0.0034312
12.578,-0.0033649
12.588,-0.0033014
12.598,-0.0032372
12.608,-0.0031762
12.618,-0.0031173
12.628,-0.0030612
12.638,-0.0030077
12.648,-0.0029505
12.659,-0.0028958
12.669,-0.0028424
12.679,-0.0027924
12.689,-0.0027486
12.699,-0.0027077
12.709,-0.0026787
12.719,-0.0026502
12.729,-0.0026163
12.739,-0.0025896
12.749,-0.0025627
12.759,-0.0025343
12.769,-0.0025072
12.779,-0.0024883
12.789,-0.0024816
12.799,-0.002463
12.809,-0.0024452
12.819,-0.0024267
12.829,-0.0024117
12.839,-0.0023917
12.849,-0.002369
12.859,-0.0023553
12.869,-0.0023374
12.879,-0.0023122
12.889,-0.0022814
12.899,-0.002257
12.909,-0.0022221
12.919,-0.0021904
12.929,-0.0021715
12.939,-0.0021526
12.949,-0.0021323
12.959,-0.0021175
12.969,-0.0021021
12.979,-0.0020926
12.989,-0.0020836
12.999,-0.0020695
13.009,-0.0020584
13.019,-0.0020414
13.029,-0.0020169
13.039,-0.0019886
13.049,-0.0019588
13.059,-0.0019346
13.069,-0.0019134
13.079,-0.0018993
13.089,-0.0018893
13.099,-0.0018878
13.109,-0.0018823
13.119,-0.0018846
13.129,-0.0018753
13.139,-0.0018762
13.149,-0.0018742
13.159,-0.0018643
13.169,-0.001857
13.179,-0.0018611
13.189,-0.001868
13.199,-0.0018786
13.209,-0.0018865
13.219,-0.0018884
13.229,-0.0018948
13.239,-0.0019072
13.249,-0.0019267
13.259,-0.0019383
13.269,-0.0019519
13.279,-0.0019654
13.289,-0.0019798
13.299,-0.0019952
13.309,-0.0020126
13.319,-0.0020317
13.329,-0.0020459
13.339,-0.0020525
13.349,-0.0020657
13.359,-0.0020762
13.369,-0.0020861
13.379,-0.0020916
13.389,-0.0021057
13.399,-0.0021216
13.409,-0.0021349
13.419,-0.0021469
13.429,-0.0021656
13.439,-0.0021825
13.449,-0.0021957
13.459,-0.0022177
13.469,-0.0022425
13.479,-0.0022737
13.489,-0.0022974
13.499,-0.0023219
13.509,-0.0023401
13.519,-0.0023587
13.529,-0.0023845
13.539,-0.0023943
13.549,-0.0024064
13.559,-0.0024115
13.569,-0.0024347
13.579,-0.0024596
13.589,-0.0024797
13.599,-0.0024974
13.609,-0.0025153
13.619,-0.002533
13.629,-0.0025452
13.639,-0.0025598
13.649,-0.0025693
13.659,-0.0025863
13.669,-0.0026141
13.679,-0.0026412
13.689,-0.0026673
13.699,-0.0026865
13.709,-0.002703
13.719,-0.0027295
13.729,-0.0027585
13.739,-0.0027885
13.749,-0.0028163
13.759,-0.0028474
13.769,-0.0028797
13.779,-0.0029112
13.789,-0.0029474
13.799,-0.0029812
13.809,-0.0030159
13.819,-0.0030548
13.829,-0.003093
13.839,-0.0031301
13.849,-0.0031699
13.859,-0.003203
13.869,-0.003235
13.879,-0.0032767
13.889,-0.0033154
13.899,-0.0033431
13.909,-0.0033728
13.919,-0.0034043
13.929,-0.0034356
13.939,-0.0034665
13.949,-0.0034985
13.959,-0.0035253
13.969,-0.0035541
13.979,-0.0035879
13.989,-0.0036264
13.999,-0.0036633
14.009,-0.003703
14.019,-0.0037406
14.029,-0.003778
14.039,-0.0038158
14.049,-0.0038596
14.059,-0.003907
14.069,-0.0039552
14.079,-0.0040041
14.089,-0.0040434
14.099,-0.0040839
14.109,-0.0041272
14.119,-0.0041794
14.129,-0.0042303
14.139,-0.0042838
14.15,-0.0043381
14.16,-0.0043846
14.17,-0.0044312
14.18,-0.0044825
14.19,-0.0045311
14.2,-0.0045823
14.21,-0.0046203
14.22,-0.0046527
14.23,-0.0046908
14.24,-0.0047417
14.25,-0.0047927
14.26,-0.004833
14.27,-0.0048686
14.28,-0.0049027
14.29,-0.0049342
14.3,-0.0049647
14.31,-0.0050035
14.32,-0.0050402
14.33,-0.0050796
14.34,-0.0051212
14.35,-0.0051579
14.36,-0.0051939
14.37,-0.005226
14.38,-0.0052601
14.39,-0.0052959
14.4,-0.0053352
14.41,-0.0053773
14.42,-0.0054075
14.43,-0.0054351
14.44,-0.0054642
14.45,-0.0054932
14.46,-0.0055191
14.47,-0.0055408
14.48,-0.0055623
14.49,-0.0055893
14.5,-0.0056151
14.51,-0.0056462
14.52,-0.0056603
14.53,-0.0056845
14.54,-0.0057101
14.55,-0.0057277
14.56,-0.005752
14.57,-0.0057826
14.58,-0.0058119
14.59,-0.0058303
14.6,-0.00585
14.61,-0.0058687
14.62,-0.0059041
14.63,-0.0059464
14.64,-0.0059683
14.65,-0.0059846
14.66,-0.0060203
14.67,-0.0060395
14.68,-0.0060591
14.69,-0.0060818
14.7,-0.0061032
14.71,-0.0061224
14.72,-0.0061402
14.73,-0.0061413
14.74,-0.0061355
14.75,-0.00613
14.76,-0.0061335
14.77,-0.0061385
14.78,-0.0061358
14.79,-0.0061358
14.8,-0.0061396
14.81,-0.0061516
14.82,-0.0061739
14.83,-0.0061914
14.84,-0.0062092
14.85,-0.0062391
14.86,-0.0062555
14.87,-0.0062735
14.88,-0.006294
14.89,-0.0063024
14.9,-0.0063131
14.91,-0.0063273
14.92,-0.0063346
14.93,-0.0063393
14.94,-0.0063398
14.95,-0.0063387
14.96,-0.0063392
14.97,-0.0063346
14.98,-0.0063282
14.99,-0.0063162
15,-0.0063053
15.01,-0.0062961
15.02,-0.0062833
15.03,-0.0062648
15.04,-0.0062496
15.05,-0.0062372
15.06,-0.006211
15.07,-0.0061778
15.08,-0.0061474
15.09,-0.0061194
15.1,-0.0060987
15.11,-0.0060797
15.12,-0.0060571
15.13,-0.0060371
15.14,-0.0060111
15.15,-0.0059867
15.16,-0.0059674
15.17,-0.005947
15.18,-0.005921
15.19,-0.005899
15.2,-0.0058824
15.21,-0.0058668
15.22,-0.0058531
15.23,-0.0058433
15.24,-0.0058333
15.25,-0.005821
15.26,-0.0058042
15.27,-0.0057914
15.28,-0.0057695
15.29,-0.0057401
15.3,-0.0057227
15.31,-0.0057069
15.32,-0.0056845
15.33,-0.0056528
15.34,-0.0056202
15.35,-0.0055874
15.36,-0.005549
15.37,-0.0055099
15.38,-0.0054706
15.39,-0.0054192
15.4,-0.0053687
15.41,-0.0053078
15.42,-0.0052389
15.43,-0.0051646
15.44,-0.005082
15.45,-0.0049985
15.46,-0.0049019
15.47,-0.0047906
15.48,-0.0046725
15.49,-0.0045547
15.5,-0.0044255
15.51,-0.0042854
15.52,-0.0041402
15.53,-0.0039824
15.54,-0.0038123
15.55,-0.0036351
15.56,-0.0034508
15.57,-0.0032574
15.58,-0.0030477
15.59,-0.0028218
15.6,-0.0025769
15.61,-0.0023168
15.62,-0.002044
15.63,-0.0017613
15.641,-0.0014682
15.651,-0.0011684
15.661,-0.00085885
15.671,-0.00053031
15.681,-0.00019478
15.691,0.00015531
15.701,0.00051608
15.711,0.00089246
15.721,0.0012748
15.731,0.001672
15.741,0.0020836
15.751,0.0025079
15.761,0.002948
15.771,0.00339
15.781,0.0038391
15.791,0.0042969
15.801,0.0047594
15.811,0.0052221
15.821,0.0056917
15.831,0.0061625
15.841,0.0066303
15.851,0.0071009
15.861,0.0075796
15.871,0.0080619
15.881,0.008538
15.891,0.009011
15.901,0.0094758
15.911,0.0099341
15.921,0.010397
15.931,0.010856
15.941,0.011313
15.951,0.011764
15.961,0.012211
15.971,0.012651
15.981,0.013082
15.991,0.013507
16.001,0.013932
16.011,0.014343
16.021,0.014742
16.031,0.015126
16.041,0.015507
16.051,0.015878
16.061,0.016238
16.071,0.016591
16.081,0.016932
16.091,0.017261
16.101,0.017571
16.111,0.017873
16.121,0.018155
16.131,0.018424
16.141,0.018683
16.151,0.018934
16.161,0.01916
16.171,0.019378
16.181,0.019581
16.191,0.019774
16.201,0.019944
16.211,0.020092
16.221,0.020229
16.231,0.02036
16.241,0.02047
16.251,0.020565
16.261,0.020641
16.271,0.020715
16.281,0.020775
16.291,0.020825
16.301,0.020862
16.311,0.020882
16.321,0.020904
16.331,0.020915
16.341,0.020915
16.351,0.020902
16.361,0.020876
16.371,0.020849
16.381,0.020812
16.391,0.020773
16.401,0.020727
16.411,0.020679
16.421,0.020626
16.431,0.020564
16.441,0.020485
16.451,0.020401
16.461,0.020317
16.471,0.020234
16.481,0.020141
16.491,0.020038
16.501,0.019944
16.511,0.019844
16.521,0.019737
16.531,0.019625
16.541,0.01952
16.551,0.01941
16.561,0.019287
16.571,0.019167
16.581,0.019048
16.591,0.018923
16.601,0.018792
16.611,0.018648
16.621,0.0185
16.631,0.01834
16.641,0.018169
16.651,0.018
16.661,0.017828
16.671,0.017657
16.681,0.017481
16.691,0.017299
16.701,0.017109
16.711,0.016921
16.721,0.016723
16.731,0.016517
16.741,0.016304
16.751,0.016081
16.761,0.015855
16.771,0.015626
16.781,0.015383
16.791,0.015136
16.801,0.014886
16.811,0.014625
16.821,0.014362
16.831,0.014101
16.841,0.013831
16.851,0.013554
16.861,0.013265
16.871,0.012968
16.881,0.012663
16.891,0.012349
16.901,0.012023
16.911,0.01169
16.921,0.011346
16.931,0.010982
16.941,0.010624
16.951,0.010258
16.961,0.0098866
16.971,0.0095072
16.981,0.009127
16.991,0.008737
17.001,0.0083458
17.011,0.007954
17.021,0.0075573
17.031,0.0071554
17.041,0.0067494
17.051,0.0063514
17.061,0.0059467
17.071,0.0055398
17.081,0.0051311
17.091,0.004728
17.101,0.0043274
17.111,0.003925
17.122,0.0035175
17.132,0.0031162
17.142,0.002722
17.152,0.0023304
17.162,0.0019407
17.172,0.0015602
17.182,0.0011939
17.192,0.00083544
17.202,0.00047972
17.212,0.00013774
17.222,-0.00019865
17.232,-0.00052549
17.242,-0.00084451
17.252,-0.0011605
17.262,-0.0014603
17.272,-0.0017496
17.282,-0.0020271
17.292,-0.0023029
17.302,-0.0025669
17.312,-0.0028097
17.322,-0.0030487
17.332,-0.0032844
17.342,-0.003508
17.352,-0.0037195
17.362,-0.0039183
17.372,-0.0041048
17.382,-0.0042852
17.392,-0.0044569
17.402,-0.0046268
17.412,-0.0048002
17.422,-0.0049618
17.432,-0.0051156
17.442,-0.0052581
17.452,-0.005391
17.462,-0.0055188
17.472,-0.0056337
17.482,-0.0057459
17.492,-0.0058545
17.502,-0.0059601
17.512,-0.0060608
17.522,-0.0061551
17.532,-0.006248
17.542,-0.0063339
17.552,-0.0064143
17.562,-0.0064907
17.572,-0.0065698
17.582,-0.0066484
17.592,-0.0067331
17.602,-0.0068143
17.612,-0.0068994
17.622,-0.0069933
17.632,-0.0070844
17.642,-0.0071803
17.652,-0.0072877
17.662,-0.0074034
17.672,-0.00752
17.682,-0.0076474
17.692,-0.0077805
17.702,-0.0079263
17.712,-0.0080784
17.722,-0.0082404
17.732,-0.0084119
17.742,-0.0085947
17.752,-0.0087904
17.762,-0.0089972
17.772,-0.009216
17.782,-0.0094502
17.792,-0.0096993
17.802,-0.0099646
17.812,-0.010235
17.822,-0.010514
17.832,-0.010805
17.842,-0.011107
17.852,-0.011421
17.862,-0.01175
17.872,-0.012095
17.882,-0.012456
17.892,-0.012839
17.902,-0.013233
17.912,-0.013637
17.922,-0.014053
17.932,-0.014485
17.942,-0.014946
17.952,-0.015424
17.962,-0.015908
17.972,-0.016404
17.982,-0.01692
17.992,-0.017456
18.002,-0.018009
18.012,-0.018573
18.022,-0.019155
18.032,-0.019754
18.042,-0.020375
18.052,-0.021016
18.062,-0.021666
18.072,-0.022333
18.082,-0.023027
18.092,-0.023732
18.102,-0.024446
18.112,-0.025177
18.122,-0.02592
18.132,-0.026685
18.142,-0.027466
18.152,-0.028262
18.162,-0.029072
18.172,-0.029898
18.182,-0.030738
18.192,-0.031597
18.202,-0.032466
18.212,-0.033338
18.222,-0.034231
18.232,-0.035142
18.242,-0.036061
18.252,-0.036998
18.262,-0.037946
18.272,-0.038903
18.282,-0.039876
18.292,-0.040861
18.302,-0.041845
18.312,-0.042846
18.322,-0.043842
18.332,-0.044842
18.342,-0.045848
18.352,-0.046865
18.362,-0.047886
18.372,-0.048911
18.382,-0.049943
18.392,-0.050982
18.402,-0.052021
18.412,-0.053056
18.422,-0.054083
18.432,-0.055121
18.442,-0.056163
18.452,-0.057212
18.462,-0.058266
18.472,-0.059324
18.482,-0.06038
18.492,-0.061418
18.502,-0.062454
18.512,-0.063494
18.522,-0.064538
18.532,-0.065574
18.542,-0.06661
18.552,-0.067638
18.562,-0.068662
18.572,-0.069685
18.582,-0.070694
18.592,-0.071684
18.602,-0.072666
18.613,-0.073638
18.623,-0.074597
18.633,-0.075547
18.643,-0.076484
18.653,-0.077412
18.663,-0.078329
18.673,-0.079235
18.683,-0.080136
18.693,-0.081023
18.703,-0.081906
18.713,-0.082779
18.723,-0.083633
18.733,-0.084483
18.743,-0.085323
18.753,-0.086149
18.763,-0.086968
18.773,-0.087785
18.783,-0.08859
18.793,-0.089385
18.803,-0.09017
18.813,-0.090953
18.823,-0.091733
18.833,-0.092511
18.843,-0.093279
18.853,-0.094033
18.863,-0.094785
18.873,-0.095545
18.883,-0.096294
18.893,-0.097037
18.903,-0.097783
18.913,-0.098532
18.923,-0.099282
18.933,-0.10004
18.943,-0.10078
18.953,-0.10154
18.963,-0.10232
18.973,-0.10311
18.983,-0.10391
18.993,-0.10471
19.003,-0.10552
19.013,-0.10635
19.023,-0.10719
19.033,-0.10804
19.043,-0.10892
19.053,-0.10981
19.063,-0.11073
19.073,-0.11167
19.083,-0.11265
19.093,-0.11366
19.103,-0.1147
19.113,-0.11577
19.123,-0.11688
19.133,-0.11802
19.143,-0.11921
19.153,-0.12044
19.163,-0.12171
19.173,-0.12301
19.183,-0.12437
19.193,-0.12577
19.203,-0.12722
19.213,-0.12871
19.223,-0.13027
19.233,-0.13188
19.243,-0.13355
19.253,-0.13527
19.263,-0.13704
19.273,-0.13887
19.283,-0.14075
19.293,-0.14269
19.303,-0.14468
19.313,-0.14673
19.323,-0.14883
19.333,-0.151
19.343,-0.15321
19.353,-0.15546
19.363,-0.15779
19.373,-0.16016
19.383,-0.16257
19.393,-0.16503
19.403,-0.16752
19.413,-0.17008
19.423,-0.17268
19.433,-0.1753
19.443,-0.17796
19.453,-0.18064
19.463,-0.18336
19.473,-0.18611
19.483,-0.18887
19.493,-0.19166
19.503,-0.19444
19.513,-0.19721
19.523,-0.2
19.533,-0.20276
19.543,-0.20547
19.553,-0.20816
19.563,-0.21081
19.573,-0.21343
19.583,-0.21598
19.593,-0.21846
19.603,-0.22088
19.613,-0.22321
19.623,-0.22545
19.633,-0.22758
19.643,-0.22959
19.653,-0.23146
19.663,-0.23321
19.673,-0.23482
19.683,-0.23629
19.693,-0.23757
19.703,-0.23867
19.713,-0.23958
19.723,-0.2403
19.733,-0.2408
19.743,-0.24109
19.753,-0.24116
19.763,-0.24099
19.773,-0.24057
19.783,-0.2399
19.793,-0.23896
19.803,-0.23775
19.813,-0.23627
19.823,-0.2345
19.833,-0.23244
19.843,-0.23009
19.853,-0.22744
19.863,-0.22448
19.873,-0.22122
19.883,-0.21762
19.893,-0.21371
19.903,-0.20949
19.913,-0.20499
19.923,-0.20015
19.933,-0.19499
19.943,-0.18951
19.953,-0.18373
19.963,-0.17762
19.973,-0.17122
19.983,-0.16453
19.993,-0.15754
20.003,-0.15025
20.013,-0.14268
20.023,-0.13484
20.033,-0.12673
20.043,-0.11835
20.053,-0.1097
20.063,-0.1008
20.073,-0.091677
20.083,-0.082301
20.093,-0.07267
20.104,-0.062935
20.114,-0.053002
20.124,-0.042847
20.134,-0.032453
20.144,-0.021927
20.154,-0.011284
20.164,-0.0004588
20.174,0.010458
20.184,0.021407
20.194,0.032473
20.204,0.04368
20.214,0.054953
20.224,0.066232
20.234,0.077633
20.244,0.089112
20.254,0.10057
20.264,0.11201
20.274,0.12345
20.284,0.13495
20.294,0.14634
20.304,0.15765
20.314,0.16897
20.324,0.18024
20.334,0.19139
20.344,0.2025
20.354,0.21355
20.364,0.22447
20.374,0.23524
20.384,0.24578
20.394,0.2562
20.404,0.26646
20.414,0.27661
20.424,0.28662
20.434,0.2964
20.444,0.30596
20.454,0.31533
20.464,0.32449
20.474,0.33345
20.484,0.3422
20.494,0.35071
20.504,0.35899
20.514,0.36702
20.524,0.37475
20.534,0.38232
20.544,0.38967
20.554,0.39675
20.564,0.40355
20.574,0.41005
20.584,0.41634
20.594,0.42235
20.604,0.42806
20.614,0.43351
20.624,0.43869
20.634,0.44359
20.644,0.44823
20.654,0.45262
20.664,0.45676
20.674,0.46061
20.684,0.46417
20.694,0.46745
20.704,0.47048
20.714,0.47325
20.724,0.47577
20.734,0.47803
20.744,0.48003
20.754,0.48178
20.764,0.48326
20.774,0.4845
20.784,0.48548
20.794,0.48623
20.804,0.48674
20.814,0.48702
20.824,0.48706
20.834,0.48686
20.844,0.48644
20.854,0.48579
20.864,0.48494
20.874,0.48387
20.884,0.48259
20.894,0.48111
20.904,0.47942
20.914,0.47753
20.924,0.47546
20.934,0.47318
20.944,0.47073
20.954,0.4681
20.964,0.4653
20.974,0.46234
20.984,0.45921
20.994,0.4559
21.004,0.45244
21.014,0.44881
21.024,0.44505
21.034,0.44113
21.044,0.4371
21.054,0.43297
21.064,0.42867
21.074,0.42426
21.084,0.41972
21.094,0.4151
21.104,0.4104
21.114,0.40557
21.124,0.40066
21.134,0.39572
21.144,0.39065
21.154,0.38547
21.164,0.38026
21.174,0.37496
21.184,0.36962
21.194,0.3642
21.204,0.35874
21.214,0.35321
21.224,0.34765
21.234,0.34202
21.244,0.33639
21.254,0.33072
21.264,0.325
21.274,0.31926
21.284,0.31351
21.294,0.30773
21.304,0.30192
21.314,0.29617
21.324,0.29044
21.334,0.28471
21.344,0.27892
21.354,0.27315
21.364,0.26738
21.374,0.26164
21.384,0.25591
21.394,0.25022
21.404,0.24452
21.414,0.23884
21.424,0.23319
21.434,0.22758
21.444,0.222
21.454,0.21644
21.464,0.21094
21.474,0.20545
21.484,0.19999
21.494,0.19459
21.504,0.18925
21.514,0.18396
21.524,0.17869
21.534,0.17344
21.544,0.16823
21.554,0.16307
21.564,0.15796
21.574,0.15292
21.584,0.14792
21.595,0.14296
21.605,0.13804
21.615,0.13315
21.625,0.1283
21.635,0.12347
21.645,0.11872
21.655,0.11399
21.665,0.10933
21.675,0.10472
21.685,0.10015
21.695,0.095616
21.705,0.09114
21.715,0.086708
21.725,0.082308
21.735,0.077979
21.745,0.073691
21.755,0.069451
21.765,0.06525
21.775,0.061113
21.785,0.057015
21.795,0.052958
21.805,0.048941
21.815,0.044986
21.825,0.041073
21.835,0.037219
21.845,0.033427
21.855,0.029702
21.865,0.026051
21.875,0.022435
21.885,0.018864
21.895,0.015324
21.905,0.011846
21.915,0.0084314
21.925,0.0050745
21.935,0.0017898
21.945,-0.0014428
21.955,-0.0046239
21.965,-0.0077724
21.975,-0.010854
21.985,-0.013867
21.995,-0.016817
22.005,-0.019738
22.015,-0.022602
22.025,-0.025389
22.035,-0.028105
22.045,-0.030755
22.055,-0.033342
22.065,-0.035867
22.075,-0.038339
22.085,-0.040747
22.095,-0.043094
22.105,-0.045383
22.115,-0.047606
22.125,-0.049758
22.135,-0.051866
22.145,-0.053934
22.155,-0.055927
22.165,-0.057871
22.175,-0.059761
22.185,-0.061594
22.195,-0.063364
22.205,-0.06508
22.215,-0.066747
22.225,-0.068358
22.235,-0.069905
22.245,-0.071405
22.255,-0.072865
22.265,-0.074267
22.275,-0.075618
22.285,-0.07692
22.295,-0.078179
22.305,-0.079385
22.315,-0.080551
22.325,-0.081674
22.335,-0.082758
22.345,-0.083804
22.355,-0.084812
22.365,-0.085785
22.375,-0.086727
22.385,-0.087629
22.395,-0.088498
22.405,-0.08935
22.415,-0.090168
22.425,-0.090954
22.435,-0.091704
22.445,-0.092428
22.455,-0.093136
22.465,-0.093819
22.475,-0.094481
22.485,-0.095125
22.495,-0.095749
22.505,-0.096348
22.515,-0.096925
22.525,-0.097486
22.535,-0.098037
22.545,-0.098584
22.555,-0.099119
22.565,-0.099632
22.575,-0.10014
22.585,-0.10063
22.595,-0.10112
22.605,-0.1016
22.615,-0.10206
22.625,-0.10252
22.635,-0.10296
22.645,-0.1034
22.655,-0.10382
22.665,-0.10424
22.675,-0.10465
22.685,-0.10506
22.695,-0.10546
22.705,-0.10586
22.715,-0.10625
22.725,-0.10662
22.735,-0.10699
22.745,-0.10734
22.755,-0.1077
22.765,-0.10805
22.775,-0.10839
22.785,-0.10873
22.795,-0.10905
22.805,-0.10937
22.815,-0.10968
22.825,-0.10998
22.835,-0.11026
22.845,-0.11053
22.855,-0.1108
22.865,-0.11104
22.875,-0.11127
22.885,-0.11149
22.895,-0.1117
22.905,-0.11189
22.915,-0.11207
22.925,-0.11223
22.935,-0.11236
22.945,-0.11247
22.955,-0.11256
22.965,-0.11264
22.975,-0.1127
22.985,-0.11273
22.995,-0.11275
23.005,-0.11273
23.015,-0.11269
23.025,-0.11263
23.035,-0.11254
23.045,-0.11241
23.055,-0.11227
23.065,-0.11211
23.075,-0.11191
23.086,-0.11168
23.096,-0.11143
23.106,-0.11115
23.116,-0.11084
23.126,-0.11051
23.136,-0.11016
23.146,-0.10978
23.156,-0.10937
23.166,-0.10894
23.176,-0.10848
23.186,-0.10799
23.196,-0.10748
23.206,-0.10694
23.216,-0.10637
23.226,-0.10578
23.236,-0.10516
23.246,-0.10452
23.256,-0.10385
23.266,-0.10316
23.276,-0.10245
23.286,-0.10172
23.296,-0.10098
23.306,-0.10022
23.316,-0.099432
23.326,-0.098628
23.336,-0.097809
23.346,-0.096971
23.356,-0.096119
23.366,-0.095246
23.376,-0.094358
23.386,-0.093454
23.396,-0.092533
23.406,-0.091599
23.416,-0.090654
23.426,-0.089699
23.436,-0.088735
23.446,-0.087768
23.456,-0.086799
23.466,-0.085811
23.476,-0.084825
23.486,-0.08385
23.496,-0.082878
23.506,-0.081903
23.516,-0.080922
23.526,-0.079951
23.536,-0.078981
23.546,-0.077999
23.556,-0.077018
23.566,-0.076042
23.576,-0.075062
23.586,-0.074096
23.596,-0.073135
23.606,-0.072177
23.616,-0.071227
23.626,-0.070276
23.636,-0.069339
23.646,-0.068415
23.656,-0.0675
23.666,-0.066593
23.676,-0.065692
23.686,-0.064796
23.696,-0.063913
23.706,-0.063039
23.716,-0.062176
23.726,-0.061328
23.736,-0.060481
23.746,-0.059646
23.756,-0.058811
23.766,-0.057983
23.776,-0.057175
23.786,-0.056378
23.796,-0.055583
23.806,-0.054785
23.816,-0.053999
23.826,-0.053224
23.836,-0.052465
23.846,-0.051706
23.856,-0.050955
23.866,-0.050216
23.876,-0.049494
23.886,-0.048791
23.896,-0.048098
23.906,-0.047417
23.916,-0.046754
23.926,-0.046094
23.936,-0.04544
23.946,-0.044799
23.956,-0.044161
23.966,-0.043532
23.976,-0.042922
23.986,-0.04233
23.996,-0.041746
24.006,-0.041166
24.016,-0.040594
24.026,-0.040034
24.036,-0.039489
24.046,-0.038961
24.056,-0.038447
24.066,-0.037945
24.076,-0.037456
24.086,-0.036972
24.096,-0.036501
24.106,-0.036034
24.116,-0.035578
24.126,-0.035141
24.136,-0.034716
24.146,-0.03429
24.156,-0.033878
24.166,-0.033466
24.176,-0.033061
24.186,-0.032671
24.196,-0.032288
24.206,-0.031919
24.216,-0.031557
24.226,-0.031199
24.236,-0.030857
24.246,-0.03052
24.256,-0.030194
24.266,-0.029878
24.276,-0.029568
24.286,-0.029259
24.296,-0.028962
24.306,-0.028686
24.316,-0.028416
24.326,-0.028151
24.336,-0.027887
24.346,-0.027625
24.356,-0.027378
24.366,-0.027126
24.376,-0.026879
24.386,-0.026637
24.396,-0.026389
24.406,-0.026148
24.416,-0.025911
24.426,-0.025678
24.436,-0.025447
24.446,-0.025215
24.456,-0.024991
24.466,-0.024766
24.476,-0.024538
24.486,-0.024313
24.496,-0.024086
24.506,-0.023855
24.516,-0.023622
24.526,-0.023391
24.536,-0.02316
24.546,-0.022924
24.556,-0.02269
24.567,-0.022458
24.577,-0.02222
24.587,-0.021978
24.597,-0.02173
24.607,-0.021486
24.617,-0.021242
24.627,-0.020995
24.637,-0.020741
24.647,-0.020492
24.657,-0.020241
24.667,-0.019985
24.677,-0.019725
24.687,-0.019473
24.697,-0.019217
24.707,-0.018959
24.717,-0.018702
24.727,-0.018444
24.737,-0.018192
24.747,-0.017939
24.757,-0.017687
24.767,-0.017437
24.777,-0.017188
24.787,-0.016952
24.797,-0.01672
24.807,-0.016484
24.817,-0.016246
24.827,-0.016008
24.837,-0.015779
24.847,-0.015555
24.857,-0.015335
24.867,-0.015115
24.877,-0.0149
24.887,-0.01469
24.897,-0.014483
24.907,-0.014278
24.917,-0.014081
24.927,-0.013893
24.937,-0.013698
24.947,-0.013509
24.957,-0.013315
24.967,-0.013128
24.977,-0.012957
24.987,-0.012794
24.997,-0.012631
25.007,-0.012467
25.017,-0.012318
25.027,-0.012194
25.037,-0.012082
25.047,-0.01198
25.057,-0.011882
25.067,-0.011798
25.077,-0.011728
25.087,-0.011671
25.097,-0.01162
25.107,-0.011583
25.117,-0.011563
25.127,-0.011552
25.137,-0.011551
25.147,-0.01156
25.157,-0.01158
25.167,-0.01161
25.177,-0.011659
25.187,-0.011718
25.197,-0.011787
25.207,-0.01187
25.217,-0.011968
25.227,-0.012078
25.237,-0.012195
25.247,-0.012327
25.257,-0.012465
25.267,-0.012613
25.277,-0.012773
25.287,-0.012942
25.297,-0.013121
25.307,-0.013303
25.317,-0.013508
25.327,-0.013724
25.337,-0.013953
25.347,-0.014183
25.357,-0.014412
25.367,-0.014651
25.377,-0.014904
25.387,-0.015162
25.397,-0.015428
25.407,-0.015711
25.417,-0.016005
25.427,-0.016298
25.437,-0.0166
25.447,-0.016909
25.457,-0.017225
25.467,-0.017551
25.477,-0.017884
25.487,-0.018234
25.497,-0.018583
25.507,-0.018935
25.517,-0.019292
25.527,-0.019658
25.537,-0.020031
25.547,-0.020408
25.557,-0.02079
25.567,-0.021176
25.577,-0.021568
25.587,-0.021965
25.597,-0.022372
25.607,-0.02278
25.617,-0.023195
25.627,-0.023613
25.637,-0.024035
25.647,-0.02446
25.657,-0.024889
25.667,-0.025325
25.677,-0.025765
25.687,-0.026205
25.697,-0.026646
25.707,-0.027081
25.717,-0.027529
25.727,-0.027985
25.737,-0.028444
25.747,-0.028906
25.757,-0.02937
25.767,-0.029842
25.777,-0.030314
25.787,-0.030789
25.797,-0.031265
25.807,-0.031744
25.817,-0.032227
25.827,-0.032708
25.837,-0.033196
25.847,-0.033684
25.857,-0.034174
25.867,-0.034672
25.877,-0.035169
25.887,-0.03566
25.897,-0.036153
25.907,-0.036648
25.917,-0.037136
25.927,-0.037628
25.937,-0.038121
25.947,-0.038614
25.957,-0.039109
25.967,-0.039598
25.977,-0.04008
25.987,-0.040568
25.997,-0.041045
26.007,-0.041518
26.017,-0.041983
26.027,-0.042454
26.037,-0.04292
26.047,-0.043382
26.058,-0.043828
26.068,-0.044272
26.078,-0.044707
26.088,-0.045138
26.098,-0.045569
26.108,-0.045981
26.118,-0.046386
26.128,-0.046785
26.138,-0.047182
26.148,-0.047564
26.158,-0.047933
26.168,-0.048294
26.178,-0.048651
26.188,-0.048997
26.198,-0.04933
26.208,-0.049655
26.218,-0.049983
26.228,-0.050306
26.238,-0.050621
26.248,-0.050923
26.258,-0.051218
26.268,-0.051509
26.278,-0.051784
26.288,-0.052044
26.298,-0.052298
26.308,-0.052544
26.318,-0.052788
26.328,-0.053037
26.338,-0.053277
26.348,-0.053506
26.358,-0.053731
26.368,-0.053958
26.378,-0.054179
26.388,-0.054382
26.398,-0.054581
26.408,-0.054772
26.418,-0.05496
26.428,-0.055139
26.438,-0.055316
26.448,-0.055488
26.458,-0.055658
26.468,-0.055825
26.478,-0.055983
26.488,-0.056131
26.498,-0.056276
26.508,-0.056422
26.518,-0.056567
26.528,-0.056709
26.538,-0.056838
26.548,-0.056968
26.558,-0.0571
26.568,-0.057231
26.578,-0.057356
26.588,-0.057479
26.598,-0.057608
26.608,-0.057742
26.618,-0.057867
26.628,-0.057986
26.638,-0.058107
26.648,-0.058222
26.658,-0.058336
26.668,-0.058451
26.678,-0.058564
26.688,-0.058683
26.698,-0.058799
26.708,-0.058913
26.718,-0.059029
26.728,-0.059147
26.738,-0.059265
26.748,-0.059382
26.758,-0.059503
26.768,-0.059634
26.778,-0.059765
26.788,-0.059886
26.798,-0.060007
26.808,-0.060129
26.818,-0.060255
26.828,-0.060381
26.838,-0.060509
26.848,-0.060644
26.858,-0.060777
26.868,-0.060906
26.878,-0.061036
26.888,-0.061167
26.898,-0.061306
26.908,-0.061444
26.918,-0.061573
26.928,-0.061707
26.938,-0.061842
26.948,-0.061982
26.958,-0.062123
26.968,-0.062263
26.978,-0.062414
26.988,-0.062569
26.998,-0.062718
27.008,-0.06287
27.018,-0.063036
27.028,-0.063203
27.038,-0.063367
27.048,-0.063531
27.058,-0.063696
27.068,-0.063866
27.078,-0.064039
27.088,-0.064213
27.098,-0.064389
27.108,-0.064566
27.118,-0.064746
27.128,-0.064925
27.138,-0.065095
27.148,-0.065266
27.158,-0.065436
27.168,-0.065596
27.178,-0.065753
27.188,-0.065908
27.198,-0.066064
27.208,-0.066214
27.218,-0.066361
27.228,-0.066512
27.238,-0.066661
27.248,-0.066801
27.258,-0.066933
27.268,-0.067064
27.278,-0.067195
27.288,-0.067325
27.298,-0.067443
27.308,-0.067543
27.318,-0.067632
27.328,-0.067717
27.338,-0.067794
27.348,-0.067863
27.358,-0.067923
27.368,-0.067966
27.378,-0.067995
27.388,-0.068018
27.398,-0.06803
27.408,-0.068037
27.418,-0.068022
27.428,-0.067996
27.438,-0.067961
27.448,-0.067911
27.458,-0.067842
27.468,-0.067756
27.478,-0.067661
27.488,-0.067565
27.498,-0.067457
27.508,-0.067325
27.518,-0.067181
27.528,-0.067026
27.538,-0.066855
27.549,-0.066669
27.559,-0.066474
27.569,-0.066267
27.579,-0.066042
27.589,-0.065799
27.599,-0.065542
27.609,-0.065272
27.619,-0.064989
27.629,-0.064695
27.639,-0.064376
27.649,-0.064047
27.659,-0.063719
27.669,-0.063383
27.679,-0.063031
27.689,-0.06267
27.699,-0.062306
27.709,-0.061922
27.719,-0.06153
27.729,-0.061132
27.739,-0.060736
27.749,-0.060335
27.759,-0.059932
27.769,-0.059533
27.779,-0.059123
27.789,-0.058707
27.799,-0.058295
27.809,-0.057888
27.819,-0.057469
27.829,-0.057043
27.839,-0.05662
27.849,-0.056205
27.859,-0.055792
27.869,-0.055376
27.879,-0.054957
27.889,-0.054544
27.899,-0.054133
27.909,-0.053732
27.919,-0.053338
27.929,-0.052941
27.939,-0.052546
27.949,-0.05216
27.959,-0.051777
27.969,-0.051397
27.979,-0.051019
27.989,-0.050648
27.999,-0.050284
28.009,-0.049925
28.019,-0.049565
28.029,-0.049202
28.039,-0.04885
28.049,-0.048504
28.059,-0.048153
28.069,-0.047806
28.079,-0.047468
28.089,-0.04714
28.099,-0.046811
28.109,-0.046487
28.119,-0.046164
28.129,-0.045847
28.139,-0.045539
28.149,-0.045244
28.159,-0.044955
28.169,-0.044662
28.179,-0.044372
28.189,-0.044091
28.199,-0.043809
28.209,-0.043535
28.219,-0.04327
28.229,-0.043009
28.239,-0.042742
28.249,-0.042471
28.259,-0.042206
28.269,-0.041952
28.279,-0.041711
28.289,-0.041465
28.299,-0.041216
28.309,-0.040971
28.319,-0.040733
28.329,-0.040498
28.339,-0.040265
28.349,-0.040034
28.359,-0.039807
28.369,-0.039582
28.379,-0.039361
28.389,-0.039145
28.399,-0.03893
28.409,-0.038708
28.419,-0.03848
28.429,-0.038257
28.439,-0.038048
28.449,-0.037834
28.459,-0.037609
28.469,-0.037378
28.479,-0.037149
28.489,-0.036922
28.499,-0.03669
28.509,-0.036455
28.519,-0.036213
28.529,-0.035964
28.539,-0.035716
28.549,-0.035473
28.559,-0.035226
28.569,-0.034978
28.579,-0.034725
28.589,-0.03447
28.599,-0.034213
28.609,-0.033945
28.619,-0.033667
28.629,-0.033397
28.639,-0.033125
28.649,-0.032848
28.659,-0.032561
28.669,-0.032262
28.679,-0.031962
28.689,-0.03166
28.699,-0.031348
28.709,-0.031027
28.719,-0.030696
28.729,-0.030352
28.739,-0.03
28.749,-0.029644
28.759,-0.029279
28.769,-0.028905
28.779,-0.028518
28.789,-0.028122
28.799,-0.027719
28.809,-0.027307
28.819,-0.026884
28.829,-0.026448
28.839,-0.026001
28.849,-0.025538
28.859,-0.025059
28.869,-0.024575
28.879,-0.024078
28.889,-0.023572
28.899,-0.023053
28.909,-0.022535
28.919,-0.022021
28.929,-0.02149
28.939,-0.020942
28.949,-0.020392
28.959,-0.019839
28.969,-0.019275
28.979,-0.018688
28.989,-0.018092
28.999,-0.017494
29.009,-0.0169
29.019,-0.016302
29.029,-0.015692
29.04,-0.015078
29.05,-0.014462
29.06,-0.013846
29.07,-0.013224
29.08,-0.012597
29.09,-0.011972
29.1,-0.011353
29.11,-0.010742
29.12,-0.01012
29.13,-0.0094981
29.14,-0.0088846
29.15,-0.0082772
29.16,-0.0076673
29.17,-0.0070552
29.18,-0.0064575
29.19,-0.00587
29.2,-0.0052866
29.21,-0.0047056
29.22,-0.0041307
29.23,-0.0035576
29.24,-0.0029906
29.25,-0.0024428
29.26,-0.0018998
29.27,-0.0013658
29.28,-0.00083847
29.29,-0.00032124
29.3,0.00018185
29.31,0.00067527
29.32,0.0011462
29.33,0.0015938
29.34,0.0020229
29.35,0.0024403
29.36,0.0028453
29.37,0.0032302
29.38,0.0035937
29.39,0.0039358
29.4,0.0042598
29.41,0.0045578
29.42,0.004838
29.43,0.0051054
29.44,0.0053486
29.45,0.0055799
29.46,0.005793
29.47,0.0059873
29.48,0.0061579
29.49,0.0063129
29.5,0.0064466
29.51,0.0065576
29.52,0.0066453
29.53,0.0067168
29.54,0.0067757
29.55,0.0068151
29.56,0.006841
29.57,0.0068537
29.58,0.0068417
29.59,0.0068124
29.6,0.0067738
29.61,0.0067178
29.62,0.0066359
29.63,0.0065399
29.64,0.006436
29.65,0.0063205
29.66,0.0061865
29.67,0.0060343
29.68,0.0058738
29.69,0.0057058
29.7,0.0055213
29.71,0.0053235
29.72,0.0051202
29.73,0.0049016
29.74,0.0046699
29.75,0.0044377
29.76,0.0041944
29.77,0.0039438
29.78,0.0036981
29.79,0.003447
29.8,0.0031896
29.81,0.002926
29.82,0.0026632
29.83,0.0023929
29.84,0.002109
29.85,0.0018238
29.86,0.0015397
29.87,0.0012535
29.88,0.00096685
29.89,0.00068124
29.9,0.00039514
29.91,0.00011422
29.92,-0.00017323
29.93,-0.00045498
29.94,-0.00073337
29.95,-0.0010057
29.96,-0.0012634
29.97,-0.0015115
29.98,-0.0017511
29.99,-0.0019892
30,-0.0022203
30.01,-0.0024402
30.02,-0.0026484
30.03,-0.0028502
30.04,-0.0030406
30.05,-0.003223
30.06,-0.0034046
30.07,-0.003574
30.08,-0.0037337
30.09,-0.0038863
30.1,-0.004033
30.11,-0.0041678
30.12,-0.0042855
30.13,-0.0043876
30.14,-0.0044813
30.15,-0.0045563
30.16,-0.0046161
30.17,-0.0046619
30.18,-0.0046914
30.19,-0.0047029
30.2,-0.0046952
30.21,-0.0046667
30.22,-0.0046222
30.23,-0.0045643
30.24,-0.0045005
30.25,-0.0044247
30.26,-0.0043285
30.27,-0.0042115
30.28,-0.0040825
30.29,-0.0039357
30.3,-0.003769
30.31,-0.0035795
30.32,-0.0033717
30.33,-0.0031496
30.34,-0.0029114
30.35,-0.0026558
30.36,-0.002386
30.37,-0.0020996
30.38,-0.0017996
30.39,-0.0014796
30.4,-0.0011462
30.41,-0.00079752
30.42,-0.00044271
30.43,-7.4648e-005
30.44,0.00031639
30.45,0.00071724
30.46,0.0011265
30.47,0.0015439
30.48,0.0019673
30.49,0.0024099
30.5,0.0028627
30.51,0.0033241
30.521,0.0037985
30.531,0.0042733
30.541,0.0047465
30.551,0.0052346
30.561,0.0057326
30.571,0.0062311
30.581,0.0067311
30.591,0.0072372
30.601,0.0077517
30.611,0.0082677
30.621,0.0087884
30.631,0.0093171
30.641,0.0098469
30.651,0.010375
30.661,0.01091
30.671,0.011435
30.681,0.011962
30.691,0.012494
30.701,0.013021
30.711,0.013548
30.721,0.014067
30.731,0.014583
30.741,0.015087
30.751,0.015582
30.761,0.016067
30.771,0.01654
30.781,0.016992
30.791,0.017432
30.801,0.01786
30.811,0.018276
30.821,0.018675
30.831,0.019061
30.841,0.019434
30.851,0.019788
30.861,0.020131
30.871,0.020451
30.881,0.020749
30.891,0.021028
30.901,0.021288
30.911,0.021533
30.921,0.02175
30.931,0.021941
30.941,0.02211
30.951,0.022261
30.961,0.022392
30.971,0.022503
30.981,0.022591
30.991,0.022655
31.001,0.02269
31.011,0.022705
31.021,0.022697
31.031,0.022672
31.041,0.022623
31.051,0.022553
31.061,0.022461
31.071,0.022341
31.081,0.022196
31.091,0.02203
31.101,0.021837
31.111,0.021618
31.121,0.02138
31.131,0.021129
31.141,0.020859
31.151,0.020575
31.161,0.02027
31.171,0.019947
31.181,0.0196
31.191,0.019226
31.201,0.018833
31.211,0.018424
31.221,0.017995
31.231,0.017544
31.241,0.017082
31.251,0.016605
31.261,0.016111
31.271,0.015604
31.281,0.015083
31.291,0.01455
31.301,0.014009
31.311,0.013454
31.321,0.012888
31.331,0.012311
31.341,0.011736
31.351,0.011151
31.361,0.010562
31.371,0.0099763
31.381,0.0093855
31.391,0.008786
31.401,0.0081807
31.411,0.0075749
31.421,0.0069758
31.431,0.0063708
31.441,0.00576
31.451,0.0051548
31.461,0.0045595
31.471,0.0039681
31.481,0.003382
31.491,0.0027998
31.501,0.00223
31.511,0.0016757
31.521,0.0011325
31.531,0.00059556
31.541,7.7307e-005
31.551,-0.00042685
31.561,-0.0009246
31.571,-0.0014112
31.581,-0.001875
31.591,-0.0023204
31.601,-0.0027614
31.611,-0.0031832
31.621,-0.0035829
31.631,-0.0039655
31.641,-0.0043383
31.651,-0.0046786
31.661,-0.0050003
31.671,-0.0053051
31.681,-0.0055931
31.691,-0.0058628
31.701,-0.006107
31.711,-0.0063285
31.721,-0.0065286
31.731,-0.0067003
31.741,-0.0068494
31.751,-0.0069723
31.761,-0.0070673
31.771,-0.0071442
31.781,-0.0071979
31.791,-0.0072348
31.801,-0.0072446
31.811,-0.0072324
31.821,-0.0071976
31.831,-0.0071532
31.841,-0.0070843
31.851,-0.0069919
31.861,-0.006875
31.871,-0.0067348
31.881,-0.0065793
31.891,-0.006406
31.901,-0.0062138
31.911,-0.0060047
31.921,-0.0057742
31.931,-0.0055232
31.941,-0.0052604
31.951,-0.004984
31.961,-0.0046988
31.971,-0.004405
31.981,-0.0040964
31.991,-0.0037858
32.001,-0.003466
32.012,-0.0031267
32.022,-0.0027737
32.032,-0.0024125
32.042,-0.0020471
32.052,-0.0016721
32.062,-0.001288
32.072,-0.00089987
32.082,-0.00049935
32.092,-9.407e-005
32.102,0.00030246
32.112,0.00070055
32.122,0.0011038
32.132,0.0015047
32.142,0.0019027
32.152,0.0022942
32.162,0.0026846
32.172,0.0030732
32.182,0.0034617
32.192,0.0038532
32.202,0.0042483
32.212,0.0046336
32.222,0.0050149
32.232,0.0053993
32.242,0.0057727
32.252,0.0061456
32.262,0.0065223
32.272,0.0069013
32.282,0.0072713
32.292,0.0076294
32.302,0.0079858
32.312,0.008339
32.322,0.0086932
32.332,0.0090383
32.342,0.0093762
32.352,0.0097119
32.362,0.010053
32.372,0.010392
32.382,0.010721
32.392,0.011043
32.402,0.011366
32.412,0.011689
32.422,0.012
32.432,0.012312
32.442,0.012627
32.452,0.012941
32.462,0.013263
32.472,0.013585
32.482,0.013906
32.492,0.014223
32.502,0.014544
32.512,0.014863
32.522,0.015192
32.532,0.015525
32.542,0.015859
32.552,0.016189
32.562,0.016513
32.572,0.016841
32.582,0.017167
32.592,0.01749
32.602,0.017814
32.612,0.018144
32.622,0.018471
32.632,0.018799
32.642,0.019122
32.652,0.019446
32.662,0.019764
32.672,0.020082
32.682,0.0204
32.692,0.020716
32.702,0.021027
32.712,0.021328
32.722,0.021622
32.732,0.021908
32.742,0.022184
32.752,0.022454
32.762,0.022713
32.772,0.022976
32.782,0.023235
32.792,0.023485
32.802,0.023722
32.812,0.023944
32.822,0.02416
32.832,0.024366
32.842,0.024558
32.852,0.024737
32.862,0.024913
32.872,0.025083
32.882,0.025235
32.892,0.02538
32.902,0.025521
32.912,0.025648
32.922,0.02576
32.932,0.025861
32.942,0.025946
32.952,0.026013
32.962,0.026056
32.972,0.026085
32.982,0.026102
32.992,0.026115
33.002,0.026111
33.012,0.026094
33.022,0.026067
33.032,0.026032
33.042,0.025986
33.052,0.025931
33.062,0.025864
33.072,0.025783
33.082,0.025686
33.092,0.025578
33.102,0.025458
33.112,0.025341
33.122,0.025221
33.132,0.025096
33.142,0.024959
33.152,0.024818
33.162,0.024679
33.172,0.024521
33.182,0.024362
33.192,0.024201
33.202,0.024032
33.212,0.023854
33.222,0.023668
33.232,0.023484
33.242,0.023294
33.252,0.023098
33.262,0.0229
33.272,0.022701
33.282,0.0225
33.292,0.0223
33.302,0.022101
33.312,0.021901
33.322,0.021699
33.332,0.021506
33.342,0.021316
33.352,0.021138
33.362,0.020961
33.372,0.020785
33.382,0.020614
33.392,0.020446
33.402,0.020287
33.412,0.020126
33.422,0.019971
33.432,0.019822
33.442,0.019674
33.452,0.01953
33.462,0.019391
33.472,0.019259
33.482,0.019135
33.492,0.019019
33.503,0.018908
33.513,0.018806
33.523,0.018716
33.533,0.018629
33.543,0.018549
33.553,0.018466
33.563,0.018397
33.573,0.018346
33.583,0.018297
33.593,0.018245
33.603,0.018203
33.613,0.018163
33.623,0.018125
33.633,0.018102
33.643,0.018083
33.653,0.018067
33.663,0.018062
33.673,0.01807
33.683,0.018078
33.693,0.018083
33.703,0.018101
33.713,0.018118
33.723,0.018129
33.733,0.018138
33.743,0.018157
33.753,0.018187
33.763,0.01821
33.773,0.018232
33.783,0.018256
33.793,0.018287
33.803,0.018323
33.813,0.018355
33.823,0.018394
33.833,0.018442
33.843,0.018494
33.853,0.018551
33.863,0.018602
33.873,0.018657
33.883,0.018724
33.893,0.018786
33.903,0.018847
33.913,0.018913
33.923,0.018978
33.933,0.019038
33.943,0.019101
33.953,0.019161
33.963,0.01921
33.973,0.019259
33.983,0.019307
33.993,0.019355
34.003,0.019401
34.013,0.019447
34.023,0.019499
34.033,0.019543
34.043,0.019587
34.053,0.019622
34.063,0.019659
34.073,0.019693
34.083,0.019724
34.093,0.019755
34.103,0.019783
34.113,0.019813
34.123,0.019837
34.133,0.019862
34.143,0.019892
34.153,0.019912
34.163,0.019931
34.173,0.019959
34.183,0.019982
34.193,0.019995
34.203,0.02002
34.213,0.020046
34.223,0.020057
34.233,0.020057
34.243,0.020065
34.253,0.020075
34.263,0.020083
34.273,0.020086
34.283,0.020086
34.293,0.020082
34.303,0.020075
34.313,0.020065
34.323,0.020056
34.333,0.020038
34.343,0.020013
34.353,0.019987
34.363,0.019951
34.373,0.019905
34.383,0.019846
34.393,0.019777
34.403,0.019699
34.413,0.019619
34.423,0.019525
34.433,0.019426
34.443,0.019323
34.453,0.019206
34.463,0.019077
34.473,0.018931
34.483,0.018775
34.493,0.01861
34.503,0.018436
34.513,0.018247
34.523,0.01805
34.533,0.017843
34.543,0.017632
34.553,0.017408
34.563,0.017168
34.573,0.016921
34.583,0.01666
34.593,0.016388
34.603,0.016121
34.613,0.015847
34.623,0.015558
34.633,0.015253
34.643,0.014947
34.653,0.014628
34.663,0.014299
34.673,0.013964
34.683,0.013616
34.693,0.01326
34.703,0.012896
34.713,0.012531
34.723,0.012163
34.733,0.011786
34.743,0.011396
34.753,0.010993
34.763,0.010585
34.773,0.010189
34.783,0.0097889
34.793,0.0093767
34.803,0.0089602
34.813,0.0085419
34.823,0.0081261
34.833,0.0077099
34.843,0.0072964
34.853,0.0068833
34.863,0.0064676
34.873,0.0060567
34.883,0.005643
34.893,0.0052362
34.903,0.0048429
34.913,0.0044593
34.923,0.0040798
34.933,0.0037097
34.943,0.003347
34.953,0.0029938
34.963,0.0026464
34.973,0.0023146
34.983,0.0019925
34.994,0.0016836
35.004,0.0013825
35.014,0.0011043
35.024,0.00083422
35.034,0.00057624
35.044,0.00033526
35.054,0.00010338
35.064,-0.00011153
35.074,-0.00031841
35.084,-0.00050558
35.094,-0.00066783
35.104,-0.0008147
35.114,-0.00094787
35.124,-0.001066
35.134,-0.0011604
35.144,-0.0012346
35.154,-0.0012937
35.164,-0.0013302
35.174,-0.0013331
35.184,-0.0013141
35.194,-0.0012833
35.204,-0.0012315
35.214,-0.0011502
35.224,-0.0010441
35.234,-0.00090834
35.244,-0.00074726
35.254,-0.00057158
35.264,-0.00037116
35.274,-0.00014515
35.284,0.00010516
35.294,0.00037798
35.304,0.00067151
35.314,0.00098685
35.324,0.0013216
35.334,0.0016808
35.344,0.0020592
35.354,0.0024581
35.364,0.0028812
35.374,0.0033225
35.384,0.0037764
35.394,0.004242
35.404,0.0047218
35.414,0.0052243
35.424,0.0057409
35.434,0.0062762
35.444,0.0068227
35.454,0.0073891
35.464,0.007969
35.474,0.0085567
35.484,0.0091574
35.494,0.0097667
35.504,0.010375
35.514,0.010996
35.524,0.011624
35.534,0.012257
35.544,0.012901
35.554,0.013551
35.564,0.014198
35.574,0.014849
35.584,0.015503
35.594,0.016156
35.604,0.01681
35.614,0.01745
35.624,0.018095
35.634,0.018733
35.644,0.01936
35.654,0.019988
35.664,0.020607
35.674,0.021221
35.684,0.021821
35.694,0.022414
35.704,0.022994
35.714,0.023559
35.724,0.02412
35.734,0.024663
35.744,0.025189
35.754,0.025704
35.764,0.026205
35.774,0.026692
35.784,0.027153
35.794,0.027609
35.804,0.028052
35.814,0.028473
35.824,0.028882
35.834,0.02928
35.844,0.029664
35.854,0.030024
35.864,0.03038
35.874,0.030729
35.884,0.031055
35.894,0.03137
35.904,0.031678
35.914,0.031972
35.924,0.032244
35.934,0.03251
35.944,0.032774
35.954,0.033023
35.964,0.033251
35.974,0.033467
35.984,0.033673
35.994,0.033875
36.004,0.034061
36.014,0.034232
36.024,0.034386
36.034,0.034544
36.044,0.034695
36.054,0.034835
36.064,0.034959
36.074,0.035064
36.084,0.035156
36.094,0.035235
36.104,0.035298
36.114,0.035349
36.124,0.035393
36.134,0.035439
36.144,0.035472
36.154,0.035488
36.164,0.035488
36.174,0.035488
36.184,0.035471
36.194,0.035443
36.204,0.0354
36.214,0.035349
36.224,0.035287
36.234,0.035214
36.244,0.035128
36.254,0.035028
36.264,0.034915
36.274,0.034791
36.284,0.034652
36.294,0.034497
36.304,0.034324
36.314,0.034137
36.324,0.033928
36.334,0.033713
36.344,0.033482
36.354,0.033241
36.364,0.032975
36.374,0.032683
36.384,0.03237
36.394,0.032043
36.404,0.031703
36.414,0.031341
36.424,0.030957
36.434,0.030546
36.444,0.030123
36.454,0.029668
36.464,0.02918
36.474,0.028673
36.485,0.028153
36.495,0.027619
36.505,0.027069
36.515,0.026506
36.525,0.025919
36.535,0.025307
36.545,0.024691
36.555,0.024065
36.565,0.023424
36.575,0.022767
36.585,0.022085
36.595,0.021401
36.605,0.02071
36.615,0.020008
36.625,0.019292
36.635,0.018561
36.645,0.01783
36.655,0.017093
36.665,0.016355
36.675,0.015607
36.685,0.014857
36.695,0.014103
36.705,0.013334
36.715,0.01256
36.725,0.011789
36.735,0.01102
36.745,0.010248
36.755,0.0094765
36.765,0.0087098
36.775,0.0079448
36.785,0.0071762
36.795,0.0064196
36.805,0.0056701
36.815,0.0049272
36.825,0.0042021
36.835,0.0034745
36.845,0.0027529
36.855,0.0020434
36.865,0.0013498
36.875,0.00066889
36.885,1.0584e-005
36.895,-0.00063592
36.905,-0.0012733
36.915,-0.0018991
36.925,-0.0025
36.935,-0.0030802
36.945,-0.0036476
36.955,-0.0041998
36.965,-0.0047327
36.975,-0.0052415
36.985,-0.0057291
36.995,-0.0061966
37.005,-0.0066562
37.015,-0.0070976
37.025,-0.0075128
37.035,-0.0079087
37.045,-0.008289
37.055,-0.0086514
37.065,-0.008988
37.075,-0.009312
37.085,-0.0096196
37.095,-0.0099106
37.105,-0.010188
37.115,-0.010439
37.125,-0.010667
37.135,-0.010885
37.145,-0.01109
37.155,-0.011272
37.165,-0.01144
37.175,-0.011588
37.185,-0.01172
37.195,-0.011835
37.205,-0.011941
37.215,-0.01203
37.225,-0.012102
37.235,-0.012159
37.245,-0.012201
37.255,-0.012226
37.265,-0.012236
37.275,-0.012228
37.285,-0.012213
37.295,-0.012193
37.305,-0.012167
37.315,-0.012125
37.325,-0.012073
37.335,-0.012014
37.345,-0.011944
37.355,-0.011881
37.365,-0.0118
37.375,-0.011716
37.385,-0.011621
37.395,-0.011528
37.405,-0.011426
37.415,-0.011313
37.425,-0.011204
37.435,-0.011088
37.445,-0.010978
37.455,-0.010861
37.465,-0.010748
37.475,-0.010619
37.485,-0.010487
37.495,-0.010359
37.505,-0.010234
37.515,-0.010108
37.525,-0.0099808
37.535,-0.0098497
37.545,-0.0097188
37.555,-0.0095893
37.565,-0.00946
37.575,-0.0093227
37.585,-0.0091852
37.595,-0.0090486
37.605,-0.0089009
37.615,-0.0087523
37.625,-0.0086081
37.635,-0.0084472
37.645,-0.0082724
37.655,-0.0080936
37.665,-0.0079173
37.675,-0.007741
37.685,-0.0075536
37.695,-0.0073608
37.705,-0.0071615
37.715,-0.0069672
37.725,-0.0067767
37.735,-0.0065808
37.745,-0.0063845
37.755,-0.0061742
37.765,-0.0059648
37.775,-0.0057516
37.785,-0.0055478
37.795,-0.0053416
37.805,-0.0051145
37.815,-0.0048917
37.825,-0.0046648
37.835,-0.0044287
37.845,-0.0041819
37.855,-0.0039375
37.865,-0.0036815
37.875,-0.0034059
37.885,-0.0031307
37.895,-0.0028558
37.905,-0.0025735
37.915,-0.0022885
37.925,-0.002003
37.935,-0.0017057
37.945,-0.0014045
37.955,-0.0010918
37.966,-0.00077433
37.976,-0.00045597
37.986,-0.0001332
37.996,0.00019222
38.006,0.00052243
38.016,0.00086376
38.026,0.0011968
38.036,0.0015269
38.046,0.0018535
38.056,0.0021743
38.066,0.0024981
38.076,0.002812
38.086,0.0031203
38.096,0.0034299
38.106,0.0037441
38.116,0.0040525
38.126,0.0043533
38.136,0.0046375
38.146,0.0049318
38.156,0.0052251
38.166,0.0055118
38.176,0.0057943
38.186,0.0060718
38.196,0.0063276
38.206,0.0065713
38.216,0.0068177
38.226,0.0070614
38.236,0.0072926
38.246,0.0075112
38.256,0.0077211
38.266,0.0079204
38.276,0.0081105
38.286,0.0082986
38.296,0.0084806
38.306,0.0086492
38.316,0.008806
38.326,0.0089539
38.336,0.0090927
38.346,0.0092185
38.356,0.0093386
38.366,0.0094523
38.376,0.0095527
38.386,0.0096461
38.396,0.0097405
38.406,0.0098125
38.416,0.0098712
38.426,0.0099225
38.436,0.009961
38.446,0.0099896
38.456,0.010008
38.466,0.010023
38.476,0.010027
38.486,0.010026
38.496,0.01003
38.506,0.010022
38.516,0.010015
38.526,0.0099954
38.536,0.009978
38.546,0.0099554
38.556,0.0099301
38.566,0.0099108
38.576,0.0098919
38.586,0.0098728
38.596,0.0098496
38.606,0.0098278
38.616,0.0098052
38.626,0.0097874
38.636,0.0097538
38.646,0.009722
38.656,0.0096942
38.666,0.0096632
38.676,0.0096295
38.686,0.0095943
38.696,0.0095626
38.706,0.0095325
38.716,0.0095005
38.726,0.0094645
38.736,0.009433
38.746,0.0094083
38.756,0.0093794
38.766,0.009341
38.776,0.009303
38.786,0.0092762
38.796,0.0092551
38.806,0.0092374
38.816,0.0092167
38.826,0.0091921
38.836,0.0091706
38.846,0.009148
38.856,0.0091244
38.866,0.0091008
38.876,0.0090813
38.886,0.0090657
38.896,0.0090538
38.906,0.0090489
38.916,0.0090489
38.926,0.0090549
38.936,0.0090593
38.946,0.0090621
38.956,0.0090731
38.966,0.0090934
38.976,0.0091104
38.986,0.0091257
38.996,0.0091388
39.006,0.0091639
39.016,0.0091892
39.026,0.0092191
39.036,0.0092412
39.046,0.0092612
39.056,0.009288
39.066,0.0093141
39.076,0.0093326
39.086,0.0093515
39.096,0.0093729
39.106,0.0093946
39.116,0.0094142
39.126,0.009427
39.136,0.009445
39.146,0.0094557
39.156,0.00946
39.166,0.0094635
39.176,0.0094584
39.186,0.0094494
39.196,0.0094313
39.206,0.0094092
39.216,0.0093753
39.226,0.0093464
39.236,0.0093155
39.246,0.0092872
39.256,0.0092628
39.266,0.0092364
39.276,0.0092131
39.286,0.0091832
39.296,0.0091464
39.306,0.0091115
39.316,0.0090708
39.326,0.0090259
39.336,0.0089735
39.346,0.0089196
39.356,0.0088641
39.366,0.0087995
39.376,0.0087307
39.386,0.0086639
39.396,0.0085999
39.406,0.0085252
39.416,0.0084451
39.426,0.0083719
39.436,0.0083048
39.446,0.0082415
39.457,0.008172
39.467,0.0081038
39.477,0.008031
39.487,0.0079527
39.497,0.0078821
39.507,0.007801
39.517,0.0077231
39.527,0.0076556
39.537,0.0075798
39.547,0.0075008
39.557,0.0074301
39.567,0.0073553
39.577,0.0072933
39.587,0.0072365
39.597,0.0071744
39.607,0.0071258
39.617,0.0070859
39.627,0.0070607
39.637,0.0070428
39.647,0.0070328
39.657,0.0070155
39.667,0.0070071
39.677,0.0070093
39.687,0.0070095
39.697,0.0070184
39.707,0.0070274
39.717,0.0070415
39.727,0.0070531
39.737,0.0070578
39.747,0.0070714
39.757,0.0070912
39.767,0.0071281
39.777,0.0071729
39.787,0.0072088
39.797,0.0072412
39.807,0.0072784
39.817,0.0073177
39.827,0.0073515
39.837,0.0073871
39.847,0.0074245
39.857,0.0074593
39.867,0.0074982
39.877,0.0075318
39.887,0.0075673
39.897,0.0075915
39.907,0.0076126
39.917,0.0076305
39.927,0.0076411
39.937,0.0076426
39.947,0.0076413
39.957,0.0076309
39.967,0.0076151
39.977,0.0075934
39.987,0.0075694
39.997,0.0075318
40.007,0.0074922
40.017,0.0074479
40.027,0.0073915
40.037,0.0073228
40.047,0.0072478
40.057,0.0071683
40.067,0.0070746
40.077,0.0069719
40.087,0.0068519
40.097,0.0067145
40.107,0.0065764
40.117,0.0064344
40.127,0.0062844
40.137,0.0061183
40.147,0.0059506
40.157,0.0057706
40.167,0.0055919
40.177,0.0054146
40.187,0.0052323
40.197,0.0050374
40.207,0.0048374
40.217,0.0046284
40.227,0.0044128
40.237,0.0041856
40.247,0.0039467
40.257,0.0037039
40.267,0.0034616
40.277,0.0032166
40.287,0.0029615
40.297,0.0026954
40.307,0.0024401
40.317,0.0021726
40.327,0.0018954
40.337,0.0016136
40.347,0.001334
40.357,0.0010625
40.367,0.00078266
40.377,0.00049352
40.387,0.00020477
40.397,-8.9432e-005
40.407,-0.0003841
40.417,-0.00067968
40.427,-0.00097949
40.437,-0.0012801
40.447,-0.0015794
40.457,-0.0018918
40.467,-0.0021913
40.477,-0.0024991
40.487,-0.0028046
40.497,-0.0031164
40.507,-0.0034225
40.517,-0.0037354
40.527,-0.0040469
40.537,-0.0043518
40.547,-0.0046633
40.557,-0.0049737
40.567,-0.0052857
40.577,-0.0055969
40.587,-0.0059066
40.597,-0.0062111
40.607,-0.0065234
40.617,-0.0068466
40.627,-0.0071735
40.637,-0.007507
40.647,-0.0078535
40.657,-0.0081991
40.667,-0.0085527
40.677,-0.0089161
40.687,-0.0092829
40.697,-0.0096432
40.707,-0.010002
40.717,-0.010383
40.727,-0.010764
40.737,-0.011143
40.747,-0.011532
40.757,-0.011927
40.767,-0.012334
40.777,-0.012746
40.787,-0.013157
40.797,-0.013581
40.807,-0.014005
40.817,-0.014419
40.827,-0.014842
40.837,-0.01527
40.847,-0.015713
40.857,-0.016161
40.867,-0.016618
40.877,-0.017085
40.887,-0.017558
40.897,-0.018042
40.907,-0.018545
40.917,-0.019056
40.927,-0.019582
40.937,-0.020107
40.948,-0.02063
40.958,-0.021161
40.968,-0.0217
40.978,-0.022246
40.988,-0.02281
40.998,-0.023387
41.008,-0.023982
41.018,-0.024573
41.028,-0.025156
41.038,-0.025748
41.048,-0.026346
41.058,-0.02696
41.068,-0.027583
41.078,-0.028221
41.088,-0.028867
41.098,-0.029516
41.108,-0.030163
41.118,-0.030816
41.128,-0.031475
41.138,-0.032157
41.148,-0.032843
41.158,-0.033528
41.168,-0.034218
41.178,-0.034919
41.188,-0.03562
41.198,-0.036319
41.208,-0.037027
41.218,-0.037732
41.228,-0.038439
41.238,-0.03916
41.248,-0.039891
41.258,-0.040626
41.268,-0.04136
41.278,-0.042103
41.288,-0.04284
41.298,-0.043586
41.308,-0.044326
41.318,-0.045061
41.328,-0.045802
41.338,-0.046563
41.348,-0.047324
41.358,-0.048085
41.368,-0.048846
41.378,-0.049605
41.388,-0.050373
41.398,-0.05115
41.408,-0.051929
41.418,-0.052709
41.428,-0.053491
41.438,-0.054283
41.448,-0.055082
41.458,-0.055883
41.468,-0.056696
41.478,-0.057487
41.488,-0.058281
41.498,-0.059085
41.508,-0.059892
41.518,-0.060693
41.528,-0.061508
41.538,-0.062327
41.548,-0.063152
41.558,-0.063975
41.568,-0.064798
41.578,-0.065631
41.588,-0.066455
41.598,-0.067286
41.608,-0.068118
41.618,-0.068965
41.628,-0.069805
41.638,-0.070644
41.648,-0.071478
41.658,-0.072315
41.668,-0.073153
41.678,-0.074001
41.688,-0.074845
41.698,-0.075686
41.708,-0.076532
41.718,-0.07738
41.728,-0.078233
41.738,-0.079096
41.748,-0.079953
41.758,-0.080796
41.768,-0.08164
41.778,-0.082483
41.788,-0.083325
41.798,-0.084176
41.808,-0.085022
41.818,-0.085873
41.828,-0.086724
41.838,-0.08756
41.848,-0.088387
41.858,-0.089207
41.868,-0.090018
41.878,-0.090827
41.888,-0.091638
41.898,-0.092444
41.908,-0.093251
41.918,-0.094042
41.928,-0.094844
41.938,-0.095642
41.948,-0.096424
41.958,-0.097193
41.968,-0.097959
41.978,-0.098735
41.988,-0.099511
41.998,-0.10028
42.008,-0.10103
42.018,-0.10178
42.028,-0.10253
42.038,-0.10327
42.048,-0.104
42.058,-0.10474
42.068,-0.10548
42.078,-0.10622
42.088,-0.10695
42.098,-0.10768
42.108,-0.10841
42.118,-0.10915
42.128,-0.10989
42.138,-0.11063
42.148,-0.11136
42.158,-0.11208
42.168,-0.11281
42.178,-0.11353
42.188,-0.11426
42.198,-0.115
42.208,-0.11571
42.218,-0.11644
42.228,-0.11717
42.238,-0.11791
42.248,-0.11864
42.258,-0.11938
42.268,-0.12012
42.278,-0.12086
42.288,-0.1216
42.298,-0.12235
42.308,-0.12312
42.318,-0.12389
42.328,-0.12467
42.338,-0.12545
42.348,-0.12623
42.358,-0.12701
42.368,-0.1278
42.378,-0.12861
42.388,-0.12941
42.398,-0.13023
42.408,-0.13104
42.418,-0.13186
42.428,-0.13268
42.439,-0.1335
42.449,-0.13435
42.459,-0.1352
42.469,-0.13605
42.479,-0.13691
42.489,-0.13778
42.499,-0.13866
42.509,-0.13954
42.519,-0.14044
42.529,-0.14134
42.539,-0.14225
42.549,-0.14316
42.559,-0.14407
42.569,-0.14497
42.579,-0.14589
42.589,-0.14682
42.599,-0.14776
42.609,-0.1487
42.619,-0.14963
42.629,-0.15059
42.639,-0.15155
42.649,-0.15252
42.659,-0.15348
42.669,-0.15446
42.679,-0.15543
42.689,-0.15641
42.699,-0.1574
42.709,-0.15838
42.719,-0.15938
42.729,-0.16037
42.739,-0.16136
42.749,-0.16235
42.759,-0.16335
42.769,-0.16434
42.779,-0.16533
42.789,-0.16631
42.799,-0.16728
42.809,-0.16825
42.819,-0.16922
42.829,-0.17019
42.839,-0.17112
42.849,-0.17205
42.859,-0.17296
42.869,-0.17387
42.879,-0.17475
42.889,-0.17562
42.899,-0.17648
42.909,-0.17731
42.919,-0.17812
42.929,-0.17891
42.939,-0.17967
42.949,-0.1804
42.959,-0.1811
42.969,-0.18177
42.979,-0.1824
42.989,-0.183
42.999,-0.18356
43.009,-0.18409
43.019,-0.18457
43.029,-0.18502
43.039,-0.18543
43.049,-0.18579
43.059,-0.1861
43.069,-0.18636
43.079,-0.18658
43.089,-0.18675
43.099,-0.18685
43.109,-0.1869
43.119,-0.18688
43.129,-0.1868
43.139,-0.18666
43.149,-0.18644
43.159,-0.18615
43.169,-0.1858
43.179,-0.18539
43.189,-0.1849
43.199,-0.18433
43.209,-0.18368
43.219,-0.18294
43.229,-0.18213
43.239,-0.18125
43.249,-0.18027
43.259,-0.17921
43.269,-0.17806
43.279,-0.17682
43.289,-0.17549
43.299,-0.1741
43.309,-0.17259
43.319,-0.17099
43.329,-0.16927
43.339,-0.16747
43.349,-0.16556
43.359,-0.16352
43.369,-0.16139
43.379,-0.15916
43.389,-0.15684
43.399,-0.15442
43.409,-0.15188
43.419,-0.14922
43.429,-0.14646
43.439,-0.14356
43.449,-0.14057
43.459,-0.13744
43.469,-0.13421
43.479,-0.13088
43.489,-0.12739
43.499,-0.1238
43.509,-0.12005
43.519,-0.11624
43.529,-0.11232
43.539,-0.10827
43.549,-0.10408
43.559,-0.099775
43.569,-0.095323
43.579,-0.090781
43.589,-0.086106
43.599,-0.081344
43.609,-0.076503
43.619,-0.071488
43.629,-0.066346
43.639,-0.061085
43.649,-0.055649
43.659,-0.050132
43.669,-0.044501
43.679,-0.038748
43.689,-0.032841
43.699,-0.026786
43.709,-0.020573
43.719,-0.014259
43.729,-0.0078701
43.739,-0.0013971
43.749,0.0052258
43.759,0.011995
43.769,0.018856
43.779,0.025854
43.789,0.032959
43.799,0.040163
43.809,0.047408
43.819,0.054823
43.829,0.062356
43.839,0.069965
43.849,0.077672
43.859,0.085547
43.869,0.093515
43.879,0.10152
43.889,0.1096
43.899,0.11781
43.909,0.12611
43.92,0.13449
43.93,0.14302
43.94,0.15154
43.95,0.1601
43.96,0.16874
43.97,0.17744
43.98,0.18628
43.99,0.19517
44,0.20409
44.01,0.21315
44.02,0.22218
44.03,0.23127
44.04,0.24036
44.05,0.24949
44.06,0.25871
44.07,0.26799
44.08,0.27728
44.09,0.28649
44.1,0.29576
44.11,0.30509
44.12,0.31447
44.13,0.32381
44.14,0.33317
44.15,0.34259
44.16,0.3519
44.17,0.36123
44.18,0.37054
44.19,0.37991
44.2,0.3893
44.21,0.39865
44.22,0.40802
44.23,0.41731
44.24,0.42656
44.25,0.43579
44.26,0.44498
44.27,0.45415
44.28,0.46324
44.29,0.47218
44.3,0.48102
44.31,0.48987
44.32,0.49862
44.33,0.5073
44.34,0.51596
44.35,0.52456
44.36,0.53302
44.37,0.54137
44.38,0.54968
44.39,0.55781
44.4,0.56585
44.41,0.57382
44.42,0.58173
44.43,0.58943
44.44,0.59693
44.45,0.60436
44.46,0.61169
44.47,0.61889
44.48,0.62598
44.49,0.63297
44.5,0.63973
44.51,0.64633
44.52,0.65282
44.53,0.65915
44.54,0.66533
44.55,0.67134
44.56,0.67718
44.57,0.68279
44.58,0.68826
44.59,0.69359
44.6,0.69875
44.61,0.70372
44.62,0.70849
44.63,0.71303
44.64,0.71742
44.65,0.72158
44.66,0.72556
44.67,0.72934
44.68,0.7329
44.69,0.73628
44.7,0.73941
44.71,0.74237
44.72,0.74512
44.73,0.74765
44.74,0.74997
44.75,0.75208
44.76,0.75397
44.77,0.7556
44.78,0.75704
44.79,0.75824
44.8,0.75922
44.81,0.75998
44.82,0.7605
44.83,0.76078
44.84,0.76085
44.85,0.76066
44.86,0.76024
44.87,0.75958
44.88,0.75867
44.89,0.75753
44.9,0.75617
44.91,0.75455
44.92,0.75271
44.93,0.75064
44.94,0.7483
44.95,0.74573
44.96,0.74294
44.97,0.73989
44.98,0.73664
44.99,0.73313
45,0.72939
45.01,0.72535
45.02,0.72117
45.03,0.71671
45.04,0.71201
45.05,0.7071
45.06,0.70192
45.07,0.69648
45.08,0.69082
45.09,0.68498
45.1,0.67894
45.11,0.67275
45.12,0.66639
45.13,0.65979
45.14,0.65293
45.15,0.64596
45.16,0.63879
45.17,0.63137
45.18,0.62378
45.19,0.61594
45.2,0.60785
45.21,0.59958
45.22,0.59119
45.23,0.58265
45.24,0.57389
45.25,0.56501
45.26,0.55594
45.27,0.54666
45.28,0.53736
45.29,0.52777
45.3,0.51809
45.31,0.50808
45.32,0.49799
45.33,0.48778
45.34,0.47756
45.35,0.4671
45.36,0.45653
45.37,0.44605
45.38,0.4353
45.39,0.42426
45.4,0.41323
45.411,0.40208
45.421,0.39066
45.431,0.37901
45.441,0.36729
45.451,0.35536
45.461,0.34359
45.471,0.33193
45.481,0.32034
45.491,0.30865
45.501,0.29685
45.511,0.28498
45.521,0.27309
45.531,0.26108
45.541,0.24908
45.551,0.23697
45.561,0.225
45.571,0.21297
45.581,0.20094
45.591,0.18905
45.601,0.17707
45.611,0.16524
45.621,0.15327
45.631,0.14122
45.641,0.12897
45.651,0.11668
45.661,0.1045
45.671,0.09232
45.681,0.08032
45.691,0.068321
45.701,0.056236
45.711,0.044391
45.721,0.032615
45.731,0.02081
45.741,0.0089942
45.751,-0.0029284
45.761,-0.014899
45.771,-0.026573
45.781,-0.038094
45.791,-0.04942
45.801,-0.060812
45.811,-0.072156
45.821,-0.083353
45.831,-0.094557
45.841,-0.10566
45.851,-0.11661
45.861,-0.12751
45.871,-0.1384
45.881,-0.14922
45.891,-0.15968
45.901,-0.17007
45.911,-0.18035
45.921,-0.1905
45.931,-0.20059
45.941,-0.21054
45.951,-0.22039
45.961,-0.23013
45.971,-0.23977
45.981,-0.24922
45.991,-0.25859
46.001,-0.26788
46.011,-0.27688
46.021,-0.28563
46.031,-0.29417
46.041,-0.30259
46.051,-0.31087
46.061,-0.31902
46.071,-0.3269
46.081,-0.33473
46.091,-0.34239
46.101,-0.34983
46.111,-0.35708
46.121,-0.36416
46.131,-0.37106
46.141,-0.37773
46.151,-0.38424
46.161,-0.39057
46.171,-0.3968
46.181,-0.40282
46.191,-0.40876
46.201,-0.41442
46.211,-0.41995
46.221,-0.42531
46.231,-0.43047
46.241,-0.43543
46.251,-0.4402
46.261,-0.44479
46.271,-0.44919
46.281,-0.45354
46.291,-0.4577
46.301,-0.46168
46.311,-0.4655
46.321,-0.46912
46.331,-0.47261
46.341,-0.47594
46.351,-0.47907
46.361,-0.48203
46.371,-0.48484
46.381,-0.4875
46.391,-0.49003
46.401,-0.49243
46.411,-0.49465
46.421,-0.4967
46.431,-0.49856
46.441,-0.50029
46.451,-0.50187
46.461,-0.50327
46.471,-0.50457
46.481,-0.50573
46.491,-0.50675
46.501,-0.50763
46.511,-0.50838
46.521,-0.50899
46.531,-0.50945
46.541,-0.50978
46.551,-0.51
46.561,-0.5101
46.571,-0.51005
46.581,-0.50989
46.591,-0.50961
46.601,-0.50921
46.611,-0.5087
46.621,-0.50807
46.631,-0.50735
46.641,-0.50652
46.651,-0.50559
46.661,-0.50457
46.671,-0.50344
46.681,-0.50222
46.691,-0.50091
46.701,-0.49951
46.711,-0.49802
46.721,-0.49642
46.731,-0.49473
46.741,-0.49297
46.751,-0.49113
46.761,-0.48923
46.771,-0.48723
46.781,-0.48515
46.791,-0.48299
46.801,-0.48075
46.811,-0.47848
46.821,-0.47611
46.831,-0.47365
46.841,-0.47118
46.851,-0.46862
46.861,-0.466
46.871,-0.46335
46.881,-0.46056
46.891,-0.45777
46.902,-0.45496
46.912,-0.45209
46.922,-0.44915
46.932,-0.44618
46.942,-0.44312
46.952,-0.44006
46.962,-0.43693
46.972,-0.43375
46.982,-0.43048
46.992,-0.42718
47.002,-0.42387
47.012,-0.42048
47.022,-0.41711
47.032,-0.41367
47.042,-0.41023
47.052,-0.40672
47.062,-0.4032
47.072,-0.39968
47.082,-0.39608
47.092,-0.39244
47.102,-0.38881
47.112,-0.3852
47.122,-0.38152
47.132,-0.3778
47.142,-0.37399
47.152,-0.3702
47.162,-0.36641
47.172,-0.36261
47.182,-0.35882
47.192,-0.35491
47.202,-0.35109
47.212,-0.3473
47.222,-0.34343
47.232,-0.33956
47.242,-0.33563
47.252,-0.33174
47.262,-0.32785
47.272,-0.3239
47.282,-0.31991
47.292,-0.31596
47.302,-0.31203
47.312,-0.30811
47.322,-0.30419
47.332,-0.30019
47.342,-0.29622
47.352,-0.29229
47.362,-0.28835
47.372,-0.2844
47.382,-0.28047
47.392,-0.27654
47.402,-0.27265
47.412,-0.26869
47.422,-0.26473
47.432,-0.26075
47.442,-0.25679
47.452,-0.25287
47.462,-0.24896
47.472,-0.24506
47.482,-0.24114
47.492,-0.23729
47.502,-0.23346
47.512,-0.22957
47.522,-0.22568
47.532,-0.2218
47.542,-0.21798
47.552,-0.2142
47.562,-0.2104
47.572,-0.2066
47.582,-0.20283
47.592,-0.19915
47.602,-0.19541
47.612,-0.19165
47.622,-0.18793
47.632,-0.18427
47.642,-0.18063
47.652,-0.17701
47.662,-0.1733
47.672,-0.16963
47.682,-0.16606
47.692,-0.1624
47.702,-0.15878
47.712,-0.15517
47.722,-0.15163
47.732,-0.14814
47.742,-0.14466
47.752,-0.14116
47.762,-0.13771
47.772,-0.13423
47.782,-0.13077
47.792,-0.12734
47.802,-0.12389
47.812,-0.12054
47.822,-0.11722
47.832,-0.11391
47.842,-0.11048
47.852,-0.10713
47.862,-0.10383
47.872,-0.1005
47.882,-0.097203
47.892,-0.093961
47.902,-0.090789
47.912,-0.087589
47.922,-0.084369
47.932,-0.081138
47.942,-0.077967
47.952,-0.074821
47.962,-0.071666
47.972,-0.068537
47.982,-0.065477
47.992,-0.062425
48.002,-0.05938
48.012,-0.0563
48.022,-0.053274
48.032,-0.050303
48.042,-0.047358
48.052,-0.044408
48.062,-0.041501
48.072,-0.038624
48.082,-0.035709
48.092,-0.0328
48.102,-0.029957
48.112,-0.027143
48.122,-0.024366
48.132,-0.02162
48.142,-0.018867
48.152,-0.016154
48.162,-0.013441
48.172,-0.010749
48.182,-0.0081268
48.192,-0.0055433
48.202,-0.0030494
48.212,-0.00052343
48.222,0.0019713
48.232,0.0044811
48.242,0.0069041
48.252,0.0093593
48.262,0.011738
48.272,0.014062
48.282,0.016362
48.292,0.018662
48.302,0.020952
48.312,0.023205
48.322,0.025453
48.332,0.027614
48.342,0.029698
48.352,0.031731
48.362,0.033786
48.372,0.035805
48.382,0.037781
48.393,0.039738
48.403,0.041676
48.413,0.043544
48.423,0.045345
48.433,0.047124
48.443,0.048941
48.453,0.050658
48.463,0.052338
48.473,0.05398
48.483,0.05555
48.493,0.057118
48.503,0.05863
48.513,0.060169
48.523,0.061676
48.533,0.063102
48.543,0.064479
48.553,0.065839
48.563,0.067112
48.573,0.068367
48.583,0.069611
48.593,0.070829
48.603,0.072026
48.613,0.07316
48.623,0.074269
48.633,0.075331
48.643,0.0764
48.653,0.077461
48.663,0.078527
48.673,0.07955
48.683,0.080518
48.693,0.08148
48.703,0.082436
48.713,0.083329
48.723,0.08421
48.733,0.085066
48.743,0.085899
48.753,0.086723
48.763,0.087551
48.773,0.088342
48.783,0.089117
48.793,0.089878
48.803,0.090584
48.813,0.091251
48.823,0.091895
48.833,0.092481
48.843,0.093039
48.853,0.093593
48.863,0.094128
48.873,0.094632
48.883,0.095141
48.893,0.095616
48.903,0.096076
48.913,0.096537
48.923,0.09696
48.933,0.097319
48.943,0.097654
48.953,0.097972
48.963,0.098246
48.973,0.098508
48.983,0.098731
48.993,0.098915
49.003,0.099094
49.013,0.099212
49.023,0.099315
49.033,0.099373
49.043,0.09939
49.053,0.099354
49.063,0.099275
49.073,0.099138
49.083,0.098968
49.093,0.098778
49.103,0.09857
49.113,0.098323
49.123,0.09807
49.133,0.097759
49.143,0.097386
49.153,0.096948
49.163,0.09646
49.173,0.095959
49.183,0.095426
49.193,0.094873
49.203,0.094304
49.213,0.09369
49.223,0.093029
49.233,0.092347
49.243,0.091576
49.253,0.090796
49.263,0.089957
49.273,0.089098
49.283,0.088249
49.293,0.087391
49.303,0.086463
49.313,0.085546
49.323,0.084573
49.333,0.083674
49.343,0.082654
49.353,0.081645
49.363,0.080585
49.373,0.07948
49.383,0.078476
49.393,0.077283
49.403,0.07624
49.413,0.075114
49.423,0.074039
49.433,0.072891
49.443,0.071724
49.453,0.07049
49.463,0.069329
49.473,0.068153
49.483,0.066986
49.493,0.065896
49.503,0.064794
49.513,0.063635
49.523,0.062477
49.533,0.061295
49.543,0.060111
49.553,0.058915
49.563,0.057801
49.573,0.056617
49.583,0.055436
49.593,0.054269
49.603,0.053189
49.613,0.052046
49.623,0.050883
49.633,0.04972
49.643,0.04855
49.653,0.047372
49.663,0.046107
49.673,0.044878
49.683,0.043679
49.693,0.042579
49.703,0.041493
49.713,0.040353
49.723,0.039184
49.733,0.037988
49.743,0.036815
49.753,0.035633
49.763,0.034417
49.773,0.033209
49.783,0.032069
49.793,0.030881
49.803,0.02969
49.813,0.028472
49.823,0.027202
49.833,0.025955
49.843,0.024737
49.853,0.023436
49.863,0.022159
49.873,0.020753
49.884,0.019268
49.894,0.017778
49.904,0.016018
49.914,0.014005
49.924,0.012098
49.934,0.010431
49.944,0.0088896
49.954,0.007681
49.964,0.0062499
49.974,0.0048918
49.984,0.0037891
49.994,0.0027559
50.004,0.0018601
50.014,0.0011823
50.024,0.00065371
