0,-0.0014515
0.0099948,-0.001106
0.01999,-0.00058129
0.029984,-0.00038733
0.039979,-0.00026946
0.049974,-0.00026329
0.059969,-0.00039301
0.069964,-0.00047374
0.079958,-0.00046566
0.089953,-0.00052642
0.099948,-0.00049635
0.10994,-0.00049988
0.11994,-0.00052941
0.12993,-0.00052613
0.13993,-0.0004631
0.14992,-0.00047849
0.15992,-0.00038376
0.16991,-0.00034717
0.17991,-0.00038768
0.1899,-0.00048854
0.1999,-0.00063666
0.20989,-0.00081864
0.21989,-0.00089766
0.22988,-0.00092656
0.23987,-0.00088661
0.24987,-0.00096505
0.25986,-0.00099231
0.26986,-0.0010398
0.27985,-0.0011081
0.28985,-0.0012454
0.29984,-0.0014035
0.30984,-0.0014354
0.31983,-0.0015097
0.32983,-0.0016479
0.33982,-0.0017544
0.34982,-0.0018478
0.35981,-0.001949
0.36981,-0.0020764
0.3798,-0.0022064
0.3898,-0.002197
0.39979,-0.0022235
0.40979,-0.0023224
0.41978,-0.0024576
0.42978,-0.0026188
0.43977,-0.0027555
0.44977,-0.0029477
0.45976,-0.0031352
0.46976,-0.0032558
0.47975,-0.0033031
0.48974,-0.0033695
0.49974,-0.0033666
0.50973,-0.0034271
0.51973,-0.0034972
0.52972,-0.0035991
0.53972,-0.0037628
0.54971,-0.0039
0.55971,-0.0040369
0.5697,-0.0041394
0.5797,-0.0041743
0.58969,-0.0041803
0.59969,-0.0041654
0.60968,-0.0041947
0.61968,-0.0042496
0.62967,-0.004316
0.63967,-0.0043918
0.64966,-0.0044995
0.65966,-0.0045667
0.66965,-0.0045558
0.67965,-0.0045736
0.68964,-0.0045331
0.69964,-0.0045453
0.70963,-0.0045651
0.71962,-0.0046327
0.72962,-0.0046738
0.73961,-0.0046999
0.74961,-0.0048136
0.7596,-0.0049094
0.7696,-0.0049399
0.77959,-0.0049404
0.78959,-0.0049446
0.79958,-0.0049317
0.80958,-0.0049313
0.81957,-0.0049598
0.82957,-0.0050172
0.83956,-0.0050678
0.84956,-0.0051218
0.85955,-0.0052145
0.86955,-0.0052902
0.87954,-0.0052621
0.88954,-0.0051949
0.89953,-0.0051636
0.90953,-0.0051555
0.91952,-0.0051774
0.92952,-0.0051802
0.93951,-0.0052612
0.94951,-0.0053301
0.9595,-0.0053377
0.96949,-0.0053786
0.97949,-0.0054844
0.98948,-0.0055444
0.99948,-0.0055533
1.0095,-0.0055533
1.0195,-0.0056015
1.0295,-0.0056272
1.0395,-0.0056261
1.0495,-0.005612
1.0594,-0.0056832
1.0694,-0.0057571
1.0794,-0.0058103
1.0894,-0.0058483
1.0994,-0.0059381
1.1094,-0.0060414
1.1194,-0.0061079
1.1294,-0.0061188
1.1394,-0.0061391
1.1494,-0.0061498
1.1594,-0.0061733
1.1694,-0.0061398
1.1794,-0.0061029
1.1894,-0.0060948
1.1994,-0.0061208
1.2094,-0.0061015
1.2194,-0.0061157
1.2294,-0.0061024
1.2394,-0.0061065
1.2493,-0.0060521
1.2593,-0.0059639
1.2693,-0.0059161
1.2793,-0.005899
1.2893,-0.0057861
1.2993,-0.0056658
1.3093,-0.005595
1.3193,-0.0055676
1.3293,-0.0055981
1.3393,-0.005601
1.3493,-0.0056114
1.3593,-0.005591
1.3693,-0.0055989
1.3793,-0.0055404
1.3893,-0.0054288
1.3993,-0.0053506
1.4093,-0.0052785
1.4193,-0.0052432
1.4293,-0.0051657
1.4392,-0.0050634
1.4492,-0.0049764
1.4592,-0.0049673
1.4692,-0.005016
1.4792,-0.0050102
1.4892,-0.0050375
1.4992,-0.0050544
1.5092,-0.0050245
1.5192,-0.0050191
1.5292,-0.0049661
1.5392,-0.0048964
1.5492,-0.0048066
1.5592,-0.0047661
1.5692,-0.0046691
1.5792,-0.0045229
1.5892,-0.0043976
1.5992,-0.0043258
1.6092,-0.0043279
1.6192,-0.0043093
1.6292,-0.0042877
1.6391,-0.0042813
1.6491,-0.0042728
1.6591,-0.0042775
1.6691,-0.0042825
1.6791,-0.0042293
1.6891,-0.00415
1.6991,-0.0040958
1.7091,-0.0040787
1.7191,-0.0040439
1.7291,-0.0039523
1.7391,-0.0038414
1.7491,-0.0037602
1.7591,-0.0037309
1.7691,-0.0037615
1.7791,-0.0037524
1.7891,-0.0037623
1.7991,-0.0037817
1.8091,-0.0038415
1.8191,-0.0039166
1.829,-0.003884
1.839,-0.0038424
1.849,-0.0038164
1.859,-0.0037877
1.869,-0.0037521
1.879,-0.0037274
1.889,-0.0036594
1.899,-0.0036288
1.909,-0.0036443
1.919,-0.0036614
1.929,-0.0036631
1.939,-0.0036481
1.949,-0.0036305
1.959,-0.0036496
1.969,-0.0036662
1.979,-0.0037193
1.989,-0.0036996
1.999,-0.0036237
2.009,-0.0035736
2.0189,-0.0035836
2.0289,-0.0035861
2.0389,-0.0035633
2.0489,-0.0035221
2.0589,-0.0034575
2.0689,-0.0034283
2.0789,-0.0034463
2.0889,-0.0034423
2.0989,-0.0034114
2.1089,-0.0033401
2.1189,-0.0032963
2.1289,-0.0032816
2.1389,-0.0032859
2.1489,-0.0032591
2.1589,-0.0031717
2.1689,-0.0030452
2.1789,-0.002929
2.1889,-0.0028486
2.1989,-0.0027542
2.2088,-0.0026298
2.2188,-0.0024854
2.2288,-0.0023398
2.2388,-0.0022076
2.2488,-0.0021342
2.2588,-0.0020402
2.2688,-0.0019195
2.2788,-0.0017761
2.2888,-0.0016378
2.2988,-0.0015455
2.3088,-0.0014664
2.3188,-0.0013516
2.3288,-0.0012343
2.3388,-0.0010758
2.3488,-0.00090002
2.3588,-0.0007737
2.3688,-0.00064311
2.3788,-0.00050227
2.3888,-0.00030983
2.3987,-0.00010826
2.4087,0.00011291
2.4187,0.00029732
2.4287,0.00045257
2.4387,0.00060681
2.4487,0.00077315
2.4587,0.00094481
2.4687,0.0011093
2.4787,0.0012223
2.4887,0.0013234
2.4987,0.0014505
2.5087,0.0016158
2.5187,0.0018154
2.5287,0.0020302
2.5387,0.0022119
2.5487,0.0023527
2.5587,0.0025064
2.5687,0.0026877
2.5787,0.002884
2.5887,0.0030934
2.5986,0.003271
2.6086,0.0033853
2.6186,0.0034856
2.6286,0.0036158
2.6386,0.0037636
2.6486,0.0039251
2.6586,0.0040568
2.6686,0.0041409
2.6786,0.0042308
2.6886,0.004349
2.6986,0.0044706
2.7086,0.0046537
2.7186,0.0048208
2.7286,0.0049677
2.7386,0.0050552
2.7486,0.0051595
2.7586,0.005247
2.7686,0.0053519
2.7786,0.0054565
2.7885,0.0055528
2.7985,0.0056237
2.8085,0.0057166
2.8185,0.005804
2.8285,0.0058953
2.8385,0.0059924
2.8485,0.0060795
2.8585,0.0061432
2.8685,0.00617
2.8785,0.00619
2.8885,0.0062311
2.8985,0.0063159
2.9085,0.0063912
2.9185,0.0064125
2.9285,0.0064203
2.9385,0.0064464
2.9485,0.0064836
2.9585,0.0065339
2.9685,0.0066202
2.9784,0.0066937
2.9884,0.0067241
2.9984,0.0067611
3.0084,0.0068102
3.0184,0.0068667
3.0284,0.0069204
3.0384,0.0069543
3.0484,0.006971
3.0584,0.0069601
3.0684,0.0069327
3.0784,0.0069293
3.0884,0.0069657
3.0984,0.0070181
3.1084,0.0070326
3.1184,0.0070296
3.1284,0.0070239
3.1384,0.0070104
3.1484,0.0070198
3.1584,0.0070496
3.1683,0.0070844
3.1783,0.0071048
3.1883,0.0070928
3.1983,0.0070714
3.2083,0.0070198
3.2183,0.0070009
3.2283,0.0069957
3.2383,0.0069998
3.2483,0.006957
3.2583,0.0069024
3.2683,0.0068262
3.2783,0.0068002
3.2883,0.0067908
3.2983,0.0067891
3.3083,0.0068152
3.3183,0.0068298
3.3283,0.0068377
3.3383,0.0068255
3.3483,0.0068231
3.3582,0.0068348
3.3682,0.006838
3.3782,0.0068508
3.3882,0.0068491
3.3982,0.0068406
3.4082,0.0068078
3.4182,0.0067748
3.4282,0.0067743
3.4382,0.0067859
3.4482,0.0067817
3.4582,0.0067471
3.4682,0.00671
3.4782,0.0066645
3.4882,0.0066267
3.4982,0.006602
3.5082,0.0065913
3.5182,0.0065618
3.5282,0.0065316
3.5382,0.0064805
3.5482,0.0064325
3.5581,0.0064043
3.5681,0.0064069
3.5781,0.0064221
3.5881,0.0064272
3.5981,0.0063857
3.6081,0.0063375
3.6181,0.0062663
3.6281,0.0062149
3.6381,0.0061847
3.6481,0.0061793
3.6581,0.0061379
3.6681,0.0061092
3.6781,0.0060644
3.6881,0.0060259
3.6981,0.0059962
3.7081,0.0059825
3.7181,0.0059777
3.7281,0.0059596
3.7381,0.0059144
3.748,0.0058629
3.758,0.0058336
3.768,0.0058026
3.778,0.005797
3.788,0.005788
3.798,0.0057804
3.808,0.0057249
3.818,0.0056483
3.828,0.0055643
3.838,0.0055123
3.848,0.0054661
3.858,0.0054202
3.868,0.0053764
3.878,0.0053085
3.888,0.0052201
3.898,0.0050954
3.908,0.0049898
3.918,0.0049108
3.928,0.0048464
3.9379,0.0048135
3.9479,0.0047891
3.9579,0.0047629
3.9679,0.0047224
3.9779,0.0047054
3.9879,0.0047185
3.9979,0.0047155
4.0079,0.0047013
4.0179,0.004708
4.0279,0.0047086
4.0379,0.004678
4.0479,0.0046359
4.0579,0.0045778
4.0679,0.0045145
4.0779,0.0044611
4.0879,0.0044169
4.0979,0.004355
4.1079,0.0042757
4.1179,0.0041873
4.1278,0.0041155
4.1378,0.0040428
4.1478,0.003996
4.1578,0.003982
4.1678,0.0039628
4.1778,0.0039584
4.1878,0.003936
4.1978,0.0039222
4.2078,0.0039208
4.2178,0.003913
4.2278,0.0038883
4.2378,0.0038831
4.2478,0.003869
4.2578,0.0038409
4.2678,0.0037947
4.2778,0.0037359
4.2878,0.0036977
4.2978,0.0036751
4.3078,0.0036504
4.3177,0.0036399
4.3277,0.0036298
4.3377,0.0035816
4.3477,0.0035078
4.3577,0.0034361
4.3677,0.0033733
4.3777,0.0033349
4.3877,0.0033004
4.3977,0.0032463
4.4077,0.0031846
4.4177,0.0031436
4.4277,0.0031073
4.4377,0.0030748
4.4477,0.0030449
4.4577,0.0030071
4.4677,0.0029882
4.4777,0.0029709
4.4877,0.0029397
4.4977,0.0029171
4.5077,0.0028638
4.5176,0.0028165
4.5276,0.0027748
4.5376,0.0027333
4.5476,0.0026985
4.5576,0.0026628
4.5676,0.0026342
4.5776,0.00261
4.5876,0.0025684
4.5976,0.0025264
4.6076,0.0024808
4.6176,0.0024423
4.6276,0.0024169
4.6376,0.0023796
4.6476,0.0023444
4.6576,0.0023348
4.6676,0.0023285
4.6776,0.0023098
4.6876,0.0022896
4.6976,0.0022909
4.7075,0.0022941
4.7175,0.0022632
4.7275,0.0022093
4.7375,0.0021571
4.7475,0.0021211
4.7575,0.0021008
4.7675,0.0020781
4.7775,0.0020517
4.7875,0.0020221
4.7975,0.0019917
4.8075,0.0019473
4.8175,0.0019187
4.8275,0.0019027
4.8375,0.001898
4.8475,0.0019028
4.8575,0.0019122
4.8675,0.0019031
4.8775,0.0018897
4.8875,0.0018993
4.8974,0.0019011
4.9074,0.0019265
4.9174,0.0019673
4.9274,0.0020132
4.9374,0.0020698
4.9474,0.0021041
4.9574,0.0021136
4.9674,0.0021179
4.9774,0.0021071
4.9874,0.002104
4.9974,0.0021172
5.0074,0.0021247
5.0174,0.0021214
5.0274,0.002132
5.0374,0.0021355
5.0474,0.0021246
5.0574,0.002115
5.0674,0.0021124
5.0774,0.0021332
5.0873,0.0021433
5.0973,0.0021437
5.1073,0.0021362
5.1173,0.0021207
5.1273,0.0021197
5.1373,0.0021349
5.1473,0.0021789
5.1573,0.0022044
5.1673,0.0022291
5.1773,0.0022467
5.1873,0.0022524
5.1973,0.0022496
5.2073,0.0022535
5.2173,0.0022753
5.2273,0.0022977
5.2373,0.0023197
5.2473,0.0023309
5.2573,0.0023597
5.2673,0.0023757
5.2772,0.0023706
5.2872,0.0023682
5.2972,0.0023561
5.3072,0.0023744
5.3172,0.0023928
5.3272,0.0024039
5.3372,0.0024204
5.3472,0.0024368
5.3572,0.0024244
5.3672,0.0024134
5.3772,0.0024211
5.3872,0.0024566
5.3972,0.0024989
5.4072,0.0025151
5.4172,0.0025433
5.4272,0.0025826
5.4372,0.002589
5.4472,0.0025753
5.4572,0.002588
5.4672,0.0026158
5.4771,0.0026457
5.4871,0.0026744
5.4971,0.0027064
5.5071,0.0027273
5.5171,0.0027252
5.5271,0.0027138
5.5371,0.0027096
5.5471,0.0027106
5.5571,0.0027454
5.5671,0.0027853
5.5771,0.0028243
5.5871,0.0028681
5.5971,0.002885
5.6071,0.002889
5.6171,0.0029231
5.6271,0.0029844
5.6371,0.0030592
5.6471,0.0031415
5.6571,0.0032223
5.667,0.0032983
5.677,0.0033778
5.687,0.0034461
5.697,0.0034846
5.707,0.0035241
5.717,0.0035571
5.727,0.0036161
5.737,0.0036824
5.747,0.0037483
5.757,0.0038128
5.767,0.0038605
5.777,0.0038865
5.787,0.003903
5.797,0.0039284
5.807,0.0039774
5.817,0.0040204
5.827,0.0040789
5.837,0.0041294
5.847,0.0041544
5.8569,0.004168
5.8669,0.0041905
5.8769,0.0042377
5.8869,0.0043368
5.8969,0.0044357
5.9069,0.0045198
5.9169,0.0045875
5.9269,0.0046613
5.9369,0.0047237
5.9469,0.0047789
5.9569,0.0048281
5.9669,0.0048958
5.9769,0.0049673
5.9869,0.0050483
5.9969,0.0051329
6.0069,0.0052113
6.0169,0.0052595
6.0269,0.0052796
6.0369,0.0053188
6.0468,0.005345
6.0568,0.0053697
6.0668,0.0054123
6.0768,0.0054513
6.0868,0.0054962
6.0968,0.0055395
6.1068,0.0055736
6.1168,0.0056023
6.1268,0.0056058
6.1368,0.0056151
6.1468,0.0056518
6.1568,0.0057028
6.1668,0.0057536
6.1768,0.0058057
6.1868,0.0058371
6.1968,0.0058609
6.2068,0.0058812
6.2168,0.0059121
6.2268,0.0059604
6.2367,0.0060197
6.2467,0.006083
6.2567,0.0061329
6.2667,0.0061821
6.2767,0.00622
6.2867,0.0062343
6.2967,0.0062424
6.3067,0.0062628
6.3167,0.0062793
6.3267,0.0063033
6.3367,0.0063271
6.3467,0.0063538
6.3567,0.0063739
6.3667,0.0064111
6.3767,0.0064455
6.3867,0.0064736
6.3967,0.0065137
6.4067,0.0065611
6.4167,0.0066174
6.4267,0.0066765
6.4366,0.0067253
6.4466,0.0067571
6.4566,0.0067698
6.4666,0.006798
6.4766,0.00685
6.4866,0.0069061
6.4966,0.0069792
6.5066,0.0070581
6.5166,0.0071354
6.5266,0.0072027
6.5366,0.0072513
6.5466,0.0072852
6.5566,0.0072988
6.5666,0.0073366
6.5766,0.0073516
6.5866,0.0073644
6.5966,0.0074006
6.6066,0.0074142
6.6166,0.0074254
6.6265,0.0074497
6.6365,0.0074601
6.6465,0.0074588
6.6565,0.0074485
6.6665,0.0074819
6.6765,0.007521
6.6865,0.007559
6.6965,0.0075973
6.7065,0.0076415
6.7165,0.0076826
6.7265,0.0077506
6.7365,0.007822
6.7465,0.0078788
6.7565,0.0079398
6.7665,0.0080045
6.7765,0.0080708
6.7865,0.0081306
6.7965,0.0081896
6.8065,0.0082573
6.8164,0.0083131
6.8264,0.0083567
6.8364,0.008358
6.8464,0.0083883
6.8564,0.0083922
6.8664,0.008406
6.8764,0.0084528
6.8864,0.0085106
6.8964,0.008562
6.9064,0.0086284
6.9164,0.0086676
6.9264,0.0087354
6.9364,0.008813
6.9464,0.0088897
6.9564,0.0089442
6.9664,0.0089892
6.9764,0.0090399
6.9864,0.0090792
6.9964,0.0091223
7.0063,0.0091504
7.0163,0.0091596
7.0263,0.0091644
7.0363,0.0091953
7.0463,0.0092397
7.0563,0.0092472
7.0663,0.009239
7.0763,0.0092468
7.0863,0.0092929
7.0963,0.0093423
7.1063,0.0093526
7.1163,0.0093905
7.1263,0.0094376
7.1363,0.0095115
7.1463,0.0095928
7.1563,0.0096608
7.1663,0.0097351
7.1763,0.0097988
7.1863,0.0098709
7.1962,0.0099415
7.2062,0.0099895
7.2162,0.010034
7.2262,0.010103
7.2362,0.01018
7.2462,0.010245
7.2562,0.010292
7.2662,0.010296
7.2762,0.010284
7.2862,0.010285
7.2962,0.0103
7.3062,0.010286
7.3162,0.010323
7.3262,0.010362
7.3362,0.010384
7.3462,0.010417
7.3562,0.010455
7.3662,0.010485
7.3762,0.010512
7.3862,0.010538
7.3961,0.010586
7.4061,0.010648
7.4161,0.010725
7.4261,0.010813
7.4361,0.01089
7.4461,0.010944
7.4561,0.011008
7.4661,0.011061
7.4761,0.011087
7.4861,0.011101
7.4961,0.011115
7.5061,0.011134
7.5161,0.011166
7.5261,0.011202
7.5361,0.011249
7.5461,0.011296
7.5561,0.011345
7.5661,0.011388
7.5761,0.01141
7.586,0.011445
7.596,0.011468
7.606,0.011499
7.616,0.011523
7.626,0.011546
7.636,0.011587
7.646,0.011668
7.656,0.011734
7.666,0.011774
7.676,0.011837
7.686,0.011878
7.696,0.011923
7.706,0.011961
7.716,0.011991
7.726,0.012025
7.736,0.012062
7.746,0.012101
7.756,0.012115
7.766,0.012155
7.7759,0.012199
7.7859,0.012239
7.7959,0.01228
7.8059,0.01232
7.8159,0.012361
7.8259,0.012415
7.8359,0.012467
7.8459,0.012515
7.8559,0.012583
7.8659,0.012645
7.8759,0.012713
7.8859,0.012772
7.8959,0.012835
7.9059,0.012864
7.9159,0.012935
7.9259,0.012982
7.9359,0.013045
7.9459,0.013086
7.9559,0.013146
7.9658,0.013198
7.9758,0.013236
7.9858,0.013259
7.9958,0.013294
8.0058,0.013348
8.0158,0.013415
8.0258,0.013482
8.0358,0.01355
8.0458,0.013601
8.0558,0.013657
8.0658,0.013716
8.0758,0.013753
8.0858,0.013776
8.0958,0.013811
8.1058,0.013865
8.1158,0.013918
8.1258,0.01394
8.1358,0.013975
8.1458,0.014002
8.1557,0.014033
8.1657,0.014069
8.1757,0.014131
8.1857,0.014184
8.1957,0.014233
8.2057,0.014303
8.2157,0.014375
8.2257,0.014427
8.2357,0.014478
8.2457,0.01453
8.2557,0.014585
8.2657,0.014643
8.2757,0.014697
8.2857,0.014766
8.2957,0.014829
8.3057,0.014862
8.3157,0.014909
8.3257,0.014962
8.3357,0.015013
8.3457,0.015076
8.3556,0.015155
8.3656,0.015223
8.3756,0.015297
8.3856,0.015363
8.3956,0.015434
8.4056,0.015497
8.4156,0.015556
8.4256,0.01559
8.4356,0.015622
8.4456,0.015643
8.4556,0.015658
8.4656,0.015675
8.4756,0.015687
8.4856,0.015685
8.4956,0.01569
8.5056,0.015711
8.5156,0.015729
8.5256,0.015743
8.5356,0.015753
8.5455,0.015762
8.5555,0.015774
8.5655,0.01579
8.5755,0.015804
8.5855,0.015813
8.5955,0.01584
8.6055,0.015874
8.6155,0.015926
8.6255,0.016
8.6355,0.016073
8.6455,0.016147
8.6555,0.016233
8.6655,0.016312
8.6755,0.016369
8.6855,0.016406
8.6955,0.01644
8.7055,0.01648
8.7155,0.016508
8.7255,0.016543
8.7354,0.01657
8.7454,0.0166
8.7554,0.01663
8.7654,0.016657
8.7754,0.016669
8.7854,0.016687
8.7954,0.016698
8.8054,0.016713
8.8154,0.01672
8.8254,0.016737
8.8354,0.016761
8.8454,0.016785
8.8554,0.016817
8.8654,0.016838
8.8754,0.016863
8.8854,0.016875
8.8954,0.016905
8.9054,0.016946
8.9154,0.016976
8.9253,0.017008
8.9353,0.01704
8.9453,0.01708
8.9553,0.01712
8.9653,0.017141
8.9753,0.017159
8.9853,0.017184
8.9953,0.017215
9.0053,0.017243
9.0153,0.017261
9.0253,0.017278
9.0353,0.017288
9.0453,0.017318
9.0553,0.017337
9.0653,0.017337
9.0753,0.017331
9.0853,0.01733
9.0953,0.01732
9.1053,0.017313
9.1152,0.017319
9.1252,0.017322
9.1352,0.017317
9.1452,0.017302
9.1552,0.017298
9.1652,0.01731
9.1752,0.017328
9.1852,0.017345
9.1952,0.017365
9.2052,0.01738
9.2152,0.017397
9.2252,0.017419
9.2352,0.017451
9.2452,0.017479
9.2552,0.017493
9.2652,0.017517
9.2752,0.017533
9.2852,0.017544
9.2952,0.017561
9.3052,0.017572
9.3151,0.01758
9.3251,0.017579
9.3351,0.017575
9.3451,0.017561
9.3551,0.017563
9.3651,0.017563
9.3751,0.017557
9.3851,0.017549
9.3951,0.017542
9.4051,0.017543
9.4151,0.017528
9.4251,0.017509
9.4351,0.01748
9.4451,0.017445
9.4551,0.017387
9.4651,0.017342
9.4751,0.017296
9.4851,0.017238
9.4951,0.017186
9.505,0.01715
9.515,0.017124
9.525,0.017101
9.535,0.017079
9.545,0.017059
9.555,0.017032
9.565,0.017005
9.575,0.016978
9.585,0.016951
9.595,0.016919
9.605,0.016877
9.615,0.016829
9.625,0.016773
9.635,0.016713
9.645,0.016645
9.655,0.016578
9.665,0.016526
9.675,0.016469
9.685,0.016407
9.6949,0.016355
9.7049,0.016301
9.7149,0.016231
9.7249,0.016162
9.7349,0.016092
9.7449,0.016021
9.7549,0.015932
9.7649,0.015838
9.7749,0.015744
9.7849,0.015654
9.7949,0.015564
9.8049,0.01548
9.8149,0.015385
9.8249,0.0153
9.8349,0.01523
9.8449,0.015165
9.8549,0.015096
9.8649,0.015027
9.8749,0.014956
9.8848,0.014894
9.8948,0.014853
9.9048,0.014797
9.9148,0.014719
9.9248,0.014628
9.9348,0.014544
9.9448,0.014455
9.9548,0.014374
9.9648,0.01429
9.9748,0.014201
9.9848,0.014104
9.9948,0.014023
10.005,0.013937
10.015,0.013839
10.025,0.013733
10.035,0.013625
10.045,0.013516
10.055,0.013404
10.065,0.013291
10.075,0.013175
10.085,0.013049
10.095,0.012918
10.105,0.012784
10.115,0.012653
10.125,0.012536
10.135,0.012422
10.145,0.012311
10.155,0.012203
10.165,0.012098
10.175,0.011995
10.185,0.011899
10.195,0.011804
10.205,0.011719
10.215,0.011629
10.225,0.01154
10.235,0.011462
10.245,0.011372
10.255,0.011281
10.265,0.01119
10.275,0.011094
10.285,0.011001
10.295,0.01092
10.305,0.010826
10.315,0.01072
10.325,0.010606
10.335,0.010491
10.345,0.010364
10.355,0.010234
10.365,0.010107
10.375,0.0099838
10.385,0.0098624
10.395,0.0097364
10.405,0.0095918
10.415,0.0094501
10.425,0.0093191
10.435,0.0091913
10.445,0.009047
10.455,0.0089046
10.465,0.0087506
10.475,0.008618
10.485,0.0084976
10.495,0.0083912
10.505,0.008278
10.515,0.008162
10.525,0.0080442
10.535,0.0079185
10.545,0.0077838
10.554,0.0076496
10.564,0.007526
10.574,0.007404
10.584,0.0072792
10.594,0.0071525
10.604,0.0070359
10.614,0.0069341
10.624,0.0068374
10.634,0.0067497
10.644,0.006644
10.654,0.0065327
10.664,0.0064139
10.674,0.0062925
10.684,0.006172
10.694,0.0060511
10.704,0.0059387
10.714,0.0058188
10.724,0.005704
10.734,0.0055919
10.744,0.005488
10.754,0.0053769
10.764,0.005267
10.774,0.005156
10.784,0.0050566
10.794,0.0049581
10.804,0.0048465
10.814,0.0047613
10.824,0.0046641
10.834,0.0045658
10.844,0.0044698
10.854,0.0043707
10.864,0.0042597
10.874,0.0041389
10.884,0.0040311
10.894,0.003926
10.904,0.0038198
10.914,0.003706
10.924,0.0036045
10.934,0.0034895
10.944,0.0033727
10.954,0.0032568
10.964,0.0031432
10.974,0.0030346
10.984,0.0029201
10.994,0.0028005
11.004,0.0026905
11.014,0.0025867
11.024,0.0024828
11.034,0.0023615
11.044,0.0022566
11.054,0.0021465
11.064,0.0020437
11.074,0.0019459
11.084,0.0018605
11.094,0.0017802
11.104,0.0017141
11.114,0.0016282
11.124,0.0015607
11.134,0.0015046
11.144,0.0014554
11.154,0.0014103
11.164,0.0013403
11.174,0.0012604
11.184,0.0011907
11.194,0.0011076
11.204,0.001027
11.214,0.00093517
11.224,0.0008778
11.234,0.00078551
11.244,0.00069911
11.254,0.00064236
11.264,0.0005573
11.274,0.00048143
11.284,0.00036919
11.294,0.00028853
11.304,0.00017786
11.314,6.5212e-005
11.324,-3.9193e-005
11.334,-0.00014318
11.344,-0.00024835
11.354,-0.00032205
11.364,-0.00038948
11.374,-0.00045923
11.384,-0.00051783
11.394,-0.00056331
11.404,-0.00059412
11.414,-0.00064653
11.424,-0.00070597
11.434,-0.0007783
11.444,-0.00083046
11.454,-0.00086487
11.464,-0.00090348
11.474,-0.0009462
11.484,-0.00097811
11.494,-0.001011
11.504,-0.0010357
11.514,-0.0010662
11.524,-0.0011061
11.534,-0.00113
11.544,-0.0011769
11.554,-0.0012265
11.564,-0.0012652
11.574,-0.0012902
11.584,-0.0013093
11.594,-0.0013353
11.604,-0.0013454
11.614,-0.0013468
11.624,-0.001356
11.634,-0.0013495
11.644,-0.0013608
11.654,-0.0013951
11.664,-0.0014138
11.674,-0.0014511
11.684,-0.0014924
11.694,-0.0015107
11.704,-0.0015379
11.714,-0.0015633
11.724,-0.0015909
11.734,-0.0016392
11.744,-0.0016576
11.754,-0.0016635
11.764,-0.0016834
11.774,-0.0016773
11.784,-0.0016837
11.794,-0.0016731
11.804,-0.0016639
11.814,-0.0016658
11.824,-0.0016789
11.834,-0.0016894
11.844,-0.0017066
11.854,-0.0016904
11.864,-0.0016824
11.874,-0.0016596
11.884,-0.0016214
11.894,-0.0015956
11.904,-0.0015778
11.914,-0.0015759
11.924,-0.0015694
11.934,-0.0015647
11.944,-0.0015623
11.954,-0.0015686
11.964,-0.0015668
11.974,-0.0015855
11.984,-0.0016273
11.994,-0.0016543
12.004,-0.0016608
12.014,-0.0016825
12.024,-0.0017017
12.034,-0.0017307
12.044,-0.0017598
12.054,-0.0017766
12.064,-0.0017887
12.074,-0.001779
12.084,-0.0017459
12.094,-0.0017179
12.104,-0.0017089
12.114,-0.0017132
12.124,-0.0017133
12.134,-0.0017114
12.144,-0.0017169
12.154,-0.0017359
12.164,-0.0017335
12.174,-0.0017221
12.184,-0.0017063
12.194,-0.0016737
12.204,-0.0016311
12.214,-0.0015966
12.224,-0.0015608
12.234,-0.0015287
12.244,-0.001499
12.254,-0.0014777
12.264,-0.0014622
12.274,-0.0014637
12.284,-0.0014614
12.294,-0.0014559
12.304,-0.0014459
12.314,-0.0014244
12.324,-0.0014042
12.334,-0.0013805
12.344,-0.0013647
12.354,-0.001347
12.364,-0.0013526
12.374,-0.0013595
12.384,-0.0013656
12.394,-0.0013778
12.404,-0.0013879
12.414,-0.0013936
12.424,-0.0013985
12.434,-0.0014053
12.444,-0.0014087
12.454,-0.0014014
12.464,-0.0013993
12.473,-0.001378
12.483,-0.00137
12.493,-0.0013571
12.503,-0.001349
12.513,-0.0013356
12.523,-0.0013219
12.533,-0.0013111
12.543,-0.001293
12.553,-0.0012593
12.563,-0.0012291
12.573,-0.0011854
12.583,-0.0011684
12.593,-0.0011651
12.603,-0.001172
12.613,-0.0011899
12.623,-0.0012123
12.633,-0.0012325
12.643,-0.0012538
12.653,-0.0012772
12.663,-0.0012935
12.673,-0.0012997
12.683,-0.001319
12.693,-0.0013307
12.703,-0.0013373
12.713,-0.0013639
12.723,-0.0013916
12.733,-0.0014177
12.743,-0.0014496
12.753,-0.0014937
12.763,-0.0015339
12.773,-0.0015626
12.783,-0.0015914
12.793,-0.0016166
12.803,-0.0016508
12.813,-0.0016792
12.823,-0.0017157
12.833,-0.0017425
12.843,-0.0017696
12.853,-0.0018049
12.863,-0.0018425
12.873,-0.0018801
12.883,-0.0019108
12.893,-0.0019338
12.903,-0.0019558
12.913,-0.0019643
12.923,-0.0019668
12.933,-0.0019818
12.943,-0.0020083
12.953,-0.0020443
12.963,-0.0020839
12.973,-0.0021186
12.983,-0.0021631
12.993,-0.0022106
13.003,-0.002261
13.013,-0.0023013
13.023,-0.0023316
13.033,-0.0023722
13.043,-0.0024172
13.053,-0.002465
13.063,-0.0025122
13.073,-0.002582
13.083,-0.0026553
13.093,-0.0027256
13.103,-0.0027919
13.113,-0.0028566
13.123,-0.0029269
13.133,-0.0029851
13.143,-0.0030503
13.153,-0.0031276
13.163,-0.0032035
13.173,-0.003276
13.183,-0.003346
13.193,-0.0034024
13.203,-0.0034585
13.213,-0.0035241
13.223,-0.0035935
13.233,-0.0036646
13.243,-0.0037434
13.253,-0.0038131
13.263,-0.003876
13.273,-0.0039343
13.283,-0.0039978
13.293,-0.0040553
13.303,-0.0041107
13.313,-0.0041546
13.323,-0.0042085
13.333,-0.0042707
13.343,-0.0043291
13.353,-0.0043954
13.363,-0.0044715
13.373,-0.0045383
13.383,-0.004602
13.393,-0.0046749
13.403,-0.0047611
13.413,-0.0048454
13.423,-0.0049282
13.433,-0.0050108
13.443,-0.0050874
13.453,-0.0051651
13.463,-0.0052444
13.473,-0.0053125
13.483,-0.005377
13.493,-0.005451
13.503,-0.005525
13.513,-0.005597
13.523,-0.0056803
13.533,-0.0057603
13.543,-0.0058289
13.553,-0.0058998
13.563,-0.0059697
13.573,-0.0060499
13.583,-0.0061252
13.593,-0.0061888
13.603,-0.0062556
13.613,-0.0063244
13.623,-0.0063966
13.633,-0.0064665
13.643,-0.0065548
13.653,-0.0066327
13.663,-0.0067075
13.673,-0.0067815
13.683,-0.0068654
13.693,-0.0069378
13.703,-0.0069955
13.713,-0.0070472
13.723,-0.0070888
13.733,-0.0071342
13.743,-0.0071806
13.753,-0.0072293
13.763,-0.0072747
13.773,-0.0073247
13.783,-0.0073816
13.793,-0.0074361
13.803,-0.007499
13.813,-0.0075598
13.823,-0.0076108
13.833,-0.0076564
13.843,-0.0077067
13.853,-0.0077517
13.863,-0.0078037
13.873,-0.0078506
13.883,-0.0078999
13.893,-0.007952
13.903,-0.0080047
13.913,-0.0080437
13.923,-0.0080849
13.933,-0.0081241
13.943,-0.0081607
13.953,-0.00819
13.963,-0.0082209
13.973,-0.0082523
13.983,-0.0082855
13.993,-0.0083202
14.003,-0.0083446
14.013,-0.0083757
14.023,-0.0084172
14.033,-0.0084502
14.043,-0.0084822
14.053,-0.0085042
14.063,-0.0085241
14.073,-0.0085386
14.083,-0.0085551
14.093,-0.0085655
14.103,-0.0085742
14.113,-0.0086013
14.123,-0.008637
14.133,-0.008667
14.143,-0.008702
14.153,-0.008722
14.163,-0.0087403
14.173,-0.0087643
14.183,-0.008785
14.193,-0.0088056
14.203,-0.0088199
14.213,-0.0088358
14.223,-0.0088471
14.233,-0.0088527
14.243,-0.0088453
14.253,-0.0088527
14.263,-0.0088605
14.273,-0.0088654
14.283,-0.0088698
14.293,-0.0088778
14.303,-0.0088686
14.313,-0.0088631
14.323,-0.00886
14.333,-0.0088558
14.343,-0.0088529
14.353,-0.0088514
14.363,-0.0088537
14.373,-0.0088513
14.383,-0.0088445
14.392,-0.008856
14.402,-0.008877
14.412,-0.0089014
14.422,-0.0089133
14.432,-0.0089121
14.442,-0.0089095
14.452,-0.0088954
14.462,-0.0088855
14.472,-0.0088759
14.482,-0.0088774
14.492,-0.0088866
14.502,-0.0088953
14.512,-0.008905
14.522,-0.0089028
14.532,-0.0089111
14.542,-0.0089255
14.552,-0.0089405
14.562,-0.0089591
14.572,-0.0089692
14.582,-0.0089632
14.592,-0.0089473
14.602,-0.0089283
14.612,-0.0089294
14.622,-0.0089219
14.632,-0.0089159
14.642,-0.008906
14.652,-0.0088935
14.662,-0.0088747
14.672,-0.0088673
14.682,-0.0088474
14.692,-0.0088244
14.702,-0.0087998
14.712,-0.0087758
14.722,-0.0087612
14.732,-0.008761
14.742,-0.0087666
14.752,-0.0087774
14.762,-0.0087928
14.772,-0.0088151
14.782,-0.0088271
14.792,-0.0088323
14.802,-0.0088391
14.812,-0.008839
14.822,-0.0088387
14.832,-0.008849
14.842,-0.0088558
14.852,-0.0088606
14.862,-0.008862
14.872,-0.0088667
14.882,-0.0088848
14.892,-0.0089093
14.902,-0.0089402
14.912,-0.0089482
14.922,-0.0089503
14.932,-0.0089511
14.942,-0.008944
14.952,-0.0089231
14.962,-0.0089096
14.972,-0.0089068
14.982,-0.0089012
14.992,-0.0088985
15.002,-0.0089013
15.012,-0.0089033
15.022,-0.0089055
15.032,-0.0089042
15.042,-0.0088799
15.052,-0.0088403
15.062,-0.0087987
15.072,-0.008761
15.082,-0.0087236
15.092,-0.0087
15.102,-0.0086993
15.112,-0.0087174
15.122,-0.0087293
15.132,-0.0087363
15.142,-0.0087449
15.152,-0.0087513
15.162,-0.0087586
15.172,-0.0087596
15.182,-0.0087562
15.192,-0.0087595
15.202,-0.0087753
15.212,-0.0087936
15.222,-0.0088101
15.232,-0.0088258
15.242,-0.0088433
15.252,-0.0088596
15.262,-0.0088721
15.272,-0.0088833
15.282,-0.0088883
15.292,-0.0088804
15.302,-0.0088734
15.312,-0.0088545
15.322,-0.0088321
15.332,-0.0088228
15.342,-0.0088012
15.352,-0.008783
15.362,-0.0087776
15.372,-0.0087755
15.382,-0.0087741
15.392,-0.0087668
15.402,-0.008759
15.412,-0.0087401
15.422,-0.0087136
15.432,-0.0086921
15.442,-0.0086757
15.452,-0.0086642
15.462,-0.0086585
15.472,-0.0086564
15.482,-0.0086648
15.492,-0.0086675
15.502,-0.0086683
15.512,-0.0086759
15.522,-0.0086723
15.532,-0.0086671
15.542,-0.0086563
15.552,-0.0086472
15.562,-0.0086363
15.572,-0.0086298
15.582,-0.008627
15.592,-0.0086099
15.602,-0.0085928
15.612,-0.0085749
15.622,-0.0085584
15.632,-0.0085297
15.642,-0.0084877
15.652,-0.0084512
15.662,-0.0084158
15.672,-0.0083689
15.682,-0.0083206
15.692,-0.008271
15.702,-0.008232
15.712,-0.008186
15.722,-0.0081377
15.732,-0.008096
15.742,-0.0080546
15.752,-0.0080063
15.762,-0.0079508
15.772,-0.0078978
15.782,-0.0078414
15.792,-0.0077867
15.802,-0.0077422
15.812,-0.0077002
15.822,-0.0076725
15.832,-0.0076415
15.842,-0.0076035
15.852,-0.0075644
15.862,-0.0075322
15.872,-0.0075011
15.882,-0.0074633
15.892,-0.0074155
15.902,-0.0073587
15.912,-0.0073106
15.922,-0.0072604
15.932,-0.0071995
15.942,-0.0071297
15.952,-0.007062
15.962,-0.0070019
15.972,-0.0069515
15.982,-0.0069025
15.992,-0.0068528
16.002,-0.0067961
16.012,-0.0067315
16.022,-0.0066588
16.032,-0.0065768
16.042,-0.0064848
16.052,-0.0063934
16.062,-0.0063
16.072,-0.0062041
16.082,-0.0061145
16.092,-0.0060246
16.102,-0.005935
16.112,-0.0058386
16.122,-0.0057397
16.132,-0.00565
16.142,-0.0055639
16.152,-0.0054645
16.162,-0.0053614
16.172,-0.0052595
16.182,-0.0051592
16.192,-0.0050724
16.202,-0.0049922
16.212,-0.0049131
16.222,-0.0048363
16.232,-0.0047567
16.242,-0.0046794
16.252,-0.0046018
16.262,-0.0045091
16.272,-0.0044018
16.282,-0.0043064
16.292,-0.0042073
16.302,-0.0041098
16.311,-0.0040062
16.321,-0.0039109
16.331,-0.0038214
16.341,-0.0037282
16.351,-0.0036412
16.361,-0.0035523
16.371,-0.0034514
16.381,-0.0033371
16.391,-0.0032198
16.401,-0.0030841
16.411,-0.0029404
16.421,-0.0028005
16.431,-0.0026704
16.441,-0.002539
16.451,-0.0024084
16.461,-0.0022779
16.471,-0.0021453
16.481,-0.002005
16.491,-0.0018732
16.501,-0.0017431
16.511,-0.001609
16.521,-0.0014673
16.531,-0.0013288
16.541,-0.0011856
16.551,-0.0010399
16.561,-0.00091246
16.571,-0.00079825
16.581,-0.00070081
16.591,-0.00060229
16.601,-0.00050043
16.611,-0.00040261
16.621,-0.00030902
16.631,-0.00021063
16.641,-0.00010413
16.651,4.3215e-006
16.661,0.00011105
16.671,0.00019788
16.681,0.00027367
16.691,0.00035407
16.701,0.00043818
16.711,0.00051935
16.721,0.00058342
16.731,0.00065934
16.741,0.00074724
16.751,0.00085794
16.761,0.00098222
16.771,0.0011165
16.781,0.001267
16.791,0.0014129
16.801,0.0015404
16.811,0.0016721
16.821,0.0018083
16.831,0.0019404
16.841,0.0020584
16.851,0.0021618
16.861,0.0022552
16.871,0.0023583
16.881,0.0024828
16.891,0.0026187
16.901,0.0027611
16.911,0.0028901
16.921,0.0030116
16.931,0.0031227
16.941,0.0032251
16.951,0.0033173
16.961,0.0034161
16.971,0.0035171
16.981,0.0036198
16.991,0.0037115
17.001,0.0037969
17.011,0.0038893
17.021,0.0039865
17.031,0.0040734
17.041,0.0041539
17.051,0.0042335
17.061,0.0043114
17.071,0.0043868
17.081,0.0044489
17.091,0.0045104
17.101,0.0045747
17.111,0.0046184
17.121,0.0046789
17.131,0.0047461
17.141,0.0048198
17.151,0.0048836
17.161,0.0049385
17.171,0.0049944
17.181,0.005059
17.191,0.0051153
17.201,0.0051695
17.211,0.0052228
17.221,0.0052789
17.231,0.0053393
17.241,0.0054029
17.251,0.0054585
17.261,0.0055209
17.271,0.0055842
17.281,0.0056414
17.291,0.0056962
17.301,0.0057493
17.311,0.0057999
17.321,0.0058431
17.331,0.0058891
17.341,0.0059241
17.351,0.0059663
17.361,0.0060036
17.371,0.0060428
17.381,0.0060812
17.391,0.006114
17.401,0.0061449
17.411,0.0061656
17.421,0.0061815
17.431,0.0061911
17.441,0.006205
17.451,0.0062248
17.461,0.0062424
17.471,0.0062601
17.481,0.006274
17.491,0.0062944
17.501,0.0063099
17.511,0.00633
17.521,0.0063464
17.531,0.006359
17.541,0.0063732
17.551,0.0063835
17.561,0.0063984
17.571,0.0064093
17.581,0.0064286
17.591,0.0064474
17.601,0.0064652
17.611,0.0064835
17.621,0.0064958
17.631,0.0065162
17.641,0.0065364
17.651,0.0065439
17.661,0.0065399
17.671,0.0065433
17.681,0.0065433
17.691,0.00653
17.701,0.006509
17.711,0.0064936
17.721,0.0064779
17.731,0.0064692
17.741,0.0064581
17.751,0.0064522
17.761,0.0064482
17.771,0.0064298
17.781,0.0064045
17.791,0.0063738
17.801,0.0063453
17.811,0.0063288
17.821,0.0063038
17.831,0.0062886
17.841,0.0062582
17.851,0.0062308
17.861,0.0062163
17.871,0.0062007
17.881,0.0061866
17.891,0.006172
17.901,0.0061542
17.911,0.0061384
17.921,0.006109
17.931,0.00606
17.941,0.0060177
17.951,0.0059829
17.961,0.0059521
17.971,0.0059188
17.981,0.0058782
17.991,0.0058439
18.001,0.0058055
18.011,0.0057764
18.021,0.0057432
18.031,0.0057093
18.041,0.0056688
18.051,0.0056268
18.061,0.0055757
18.071,0.0055182
18.081,0.005464
18.091,0.0054021
18.101,0.005343
18.111,0.0052876
18.121,0.0052229
18.131,0.0051695
18.141,0.0051225
18.151,0.0050703
18.161,0.0050159
18.171,0.004952
18.181,0.0048839
18.191,0.0048142
18.201,0.0047499
18.211,0.0046767
18.221,0.0045969
18.23,0.0045117
18.24,0.0044261
18.25,0.0043522
18.26,0.0042778
18.27,0.0042029
18.28,0.0041191
18.29,0.0040368
18.3,0.0039532
18.31,0.0038571
18.32,0.00376
18.33,0.0036531
18.34,0.0035464
18.35,0.0034288
18.36,0.0033058
18.37,0.003174
18.38,0.0030479
18.39,0.0029272
18.4,0.0028024
18.41,0.0026736
18.42,0.0025386
18.43,0.0023941
18.44,0.0022396
18.45,0.0020868
18.46,0.0019333
18.47,0.0017852
18.48,0.0016326
18.49,0.001476
18.5,0.0013188
18.51,0.001154
18.52,0.00098642
18.53,0.00081856
18.54,0.000635
18.55,0.00043555
18.56,0.00023917
18.57,3.8355e-005
18.58,-0.00015706
18.59,-0.00035422
18.6,-0.00055197
18.61,-0.00074764
18.62,-0.00094792
18.63,-0.0011417
18.64,-0.0013309
18.65,-0.0015071
18.66,-0.001692
18.67,-0.0018972
18.68,-0.0021149
18.69,-0.0023355
18.7,-0.0025583
18.71,-0.0027753
18.72,-0.0029909
18.73,-0.0032019
18.74,-0.0034233
18.75,-0.0036413
18.76,-0.0038596
18.77,-0.0040863
18.78,-0.004312
18.79,-0.0045348
18.8,-0.0047731
18.81,-0.0050136
18.82,-0.0052599
18.83,-0.0054991
18.84,-0.0057361
18.85,-0.0059737
18.86,-0.0062158
18.87,-0.0064509
18.88,-0.0066755
18.89,-0.0069025
18.9,-0.0071301
18.91,-0.007373
18.92,-0.0076117
18.93,-0.007852
18.94,-0.0080879
18.95,-0.0083278
18.96,-0.0085638
18.97,-0.0087995
18.98,-0.0090311
18.99,-0.0092507
19,-0.00947
19.01,-0.0096793
19.02,-0.0098747
19.03,-0.010052
19.04,-0.010242
19.05,-0.010437
19.06,-0.010622
19.07,-0.010804
19.08,-0.010987
19.09,-0.011169
19.1,-0.011352
19.11,-0.011526
19.12,-0.011691
19.13,-0.011853
19.14,-0.012013
19.15,-0.012162
19.16,-0.012302
19.17,-0.01243
19.18,-0.012556
19.19,-0.012678
19.2,-0.01281
19.21,-0.012942
19.22,-0.013064
19.23,-0.013176
19.24,-0.013281
19.25,-0.013379
19.26,-0.013471
19.27,-0.013565
19.28,-0.013655
19.29,-0.013731
19.3,-0.013797
19.31,-0.013861
19.32,-0.013916
19.33,-0.013965
19.34,-0.014006
19.35,-0.014038
19.36,-0.014065
19.37,-0.014082
19.38,-0.014096
19.39,-0.014087
19.4,-0.014063
19.41,-0.014031
19.42,-0.013993
19.43,-0.013945
19.44,-0.013882
19.45,-0.013811
19.46,-0.013739
19.47,-0.013645
19.48,-0.013535
19.49,-0.0134
19.5,-0.013257
19.51,-0.013108
19.52,-0.012944
19.53,-0.012769
19.54,-0.012604
19.55,-0.012437
19.56,-0.012264
19.57,-0.012085
19.58,-0.011906
19.59,-0.011724
19.6,-0.011528
19.61,-0.01133
19.62,-0.011129
19.63,-0.010929
19.64,-0.010723
19.65,-0.010503
19.66,-0.010276
19.67,-0.010044
19.68,-0.0097977
19.69,-0.0095429
19.7,-0.0092842
19.71,-0.0090174
19.72,-0.0087487
19.73,-0.0084857
19.74,-0.0082153
19.75,-0.0079301
19.76,-0.0076375
19.77,-0.0073332
19.78,-0.0070152
19.79,-0.0066906
19.8,-0.0063505
19.81,-0.0060074
19.82,-0.0056648
19.83,-0.0053307
19.84,-0.0049841
19.85,-0.004615
19.86,-0.0042336
19.87,-0.0038496
19.88,-0.0034613
19.89,-0.0030716
19.9,-0.0026725
19.91,-0.0022623
19.92,-0.001853
19.93,-0.0014428
19.94,-0.001022
19.95,-0.00060201
19.96,-0.0001795
19.97,0.00022627
19.98,0.00063714
19.99,0.001049
20,0.001461
20.01,0.0018729
20.02,0.0022872
20.03,0.0027177
20.04,0.0031585
20.05,0.0036104
20.06,0.0040696
20.07,0.0045204
20.08,0.004971
20.09,0.0054212
20.1,0.0058681
20.11,0.0063126
20.12,0.0067538
20.13,0.0071865
20.14,0.0076311
20.149,0.0080833
20.159,0.0085425
20.169,0.0090162
20.179,0.00949
20.189,0.0099612
20.199,0.010424
20.209,0.010892
20.219,0.011357
20.229,0.011822
20.239,0.012291
20.249,0.012758
20.259,0.01324
20.269,0.013726
20.279,0.014212
20.289,0.014708
20.299,0.015207
20.309,0.015712
20.319,0.016216
20.329,0.016709
20.339,0.017204
20.349,0.017692
20.359,0.018171
20.369,0.018661
20.379,0.01915
20.389,0.019651
20.399,0.020149
20.409,0.020651
20.419,0.021166
20.429,0.021683
20.439,0.022224
20.449,0.022772
20.459,0.023316
20.469,0.023858
20.479,0.024389
20.489,0.024919
20.499,0.025448
20.509,0.025971
20.519,0.026499
20.529,0.027034
20.539,0.027574
20.549,0.028113
20.559,0.028654
20.569,0.029207
20.579,0.029778
20.589,0.030346
20.599,0.030928
20.609,0.031523
20.619,0.032126
20.629,0.032721
20.639,0.03332
20.649,0.033933
20.659,0.034546
20.669,0.035164
20.679,0.035806
20.689,0.036452
20.699,0.037092
20.709,0.037731
20.719,0.038371
20.729,0.039017
20.739,0.039652
20.749,0.040295
20.759,0.040939
20.769,0.041586
20.779,0.042242
20.789,0.042909
20.799,0.043601
20.809,0.044306
20.819,0.04503
20.829,0.04576
20.839,0.046508
20.849,0.047262
20.859,0.04802
20.869,0.048782
20.879,0.04955
20.889,0.050324
20.899,0.051103
20.909,0.051896
20.919,0.052705
20.929,0.053531
20.939,0.054374
20.949,0.055225
20.959,0.056101
20.969,0.056988
20.979,0.057874
20.989,0.058767
20.999,0.059667
21.009,0.060586
21.019,0.061506
21.029,0.062437
21.039,0.063375
21.049,0.064312
21.059,0.06525
21.069,0.06621
21.079,0.067191
21.089,0.068174
21.099,0.069156
21.109,0.070135
21.119,0.071113
21.129,0.072091
21.139,0.073069
21.149,0.074051
21.159,0.075043
21.169,0.076043
21.179,0.077046
21.189,0.078061
21.199,0.07908
21.209,0.080104
21.219,0.081146
21.229,0.082191
21.239,0.083231
21.249,0.084273
21.259,0.085311
21.269,0.086343
21.279,0.087371
21.289,0.088381
21.299,0.089407
21.309,0.090455
21.319,0.091496
21.329,0.092541
21.339,0.093589
21.349,0.094641
21.359,0.095694
21.369,0.096738
21.379,0.097783
21.389,0.098797
21.399,0.0998
21.409,0.10081
21.419,0.10182
21.429,0.10281
21.439,0.1038
21.449,0.10477
21.459,0.10573
21.469,0.10668
21.479,0.10763
21.489,0.10856
21.499,0.10947
21.509,0.11035
21.519,0.11121
21.529,0.11204
21.539,0.11284
21.549,0.11363
21.559,0.1144
21.569,0.11515
21.579,0.11587
21.589,0.11658
21.599,0.11726
21.609,0.1179
21.619,0.11852
21.629,0.11912
21.639,0.11968
21.649,0.12021
21.659,0.1207
21.669,0.12114
21.679,0.12154
21.689,0.1219
21.699,0.12223
21.709,0.12252
21.719,0.12279
21.729,0.12302
21.739,0.1232
21.749,0.12335
21.759,0.12345
21.769,0.12349
21.779,0.12347
21.789,0.12339
21.799,0.12325
21.809,0.12306
21.819,0.12283
21.829,0.12254
21.839,0.1222
21.849,0.12179
21.859,0.12133
21.869,0.12081
21.879,0.12023
21.889,0.11958
21.899,0.11887
21.909,0.11806
21.919,0.11719
21.929,0.11623
21.939,0.11518
21.949,0.11404
21.959,0.11283
21.969,0.11155
21.979,0.11019
21.989,0.10876
21.999,0.10724
22.009,0.10562
22.019,0.10391
22.029,0.10211
22.039,0.10022
22.049,0.098217
22.059,0.096114
22.068,0.093905
22.078,0.091588
22.088,0.089178
22.098,0.08667
22.108,0.084072
22.118,0.081383
22.128,0.078562
22.138,0.075648
22.148,0.072643
22.158,0.069518
22.168,0.066282
22.178,0.062929
22.188,0.059445
22.198,0.05587
22.208,0.05216
22.218,0.048333
22.228,0.04442
22.238,0.040374
22.248,0.036196
22.258,0.031899
22.268,0.027487
22.278,0.022953
22.288,0.01829
22.298,0.013492
22.308,0.0085261
22.318,0.0033999
22.328,-0.0018325
22.338,-0.0071794
22.348,-0.012641
22.358,-0.018271
22.368,-0.024032
22.378,-0.029908
22.388,-0.035927
22.398,-0.042113
22.408,-0.048464
22.418,-0.054932
22.428,-0.061509
22.438,-0.068216
22.448,-0.07511
22.458,-0.082115
22.468,-0.089226
22.478,-0.096491
22.488,-0.10391
22.498,-0.11148
22.508,-0.11915
22.518,-0.12698
22.528,-0.13489
22.538,-0.14296
22.548,-0.15118
22.558,-0.15953
22.568,-0.16799
22.578,-0.17658
22.588,-0.18533
22.598,-0.19423
22.608,-0.20324
22.618,-0.21234
22.628,-0.22164
22.638,-0.23106
22.648,-0.24055
22.658,-0.25015
22.668,-0.25986
22.678,-0.26975
22.688,-0.27975
22.698,-0.28981
22.708,-0.30002
22.718,-0.31036
22.728,-0.32079
22.738,-0.33134
22.748,-0.34193
22.758,-0.35261
22.768,-0.36334
22.778,-0.37421
22.788,-0.38518
22.798,-0.3962
22.808,-0.40728
22.818,-0.41846
22.828,-0.42971
22.838,-0.44098
22.848,-0.4523
22.858,-0.4637
22.868,-0.47514
22.878,-0.48662
22.888,-0.49807
22.898,-0.50956
22.908,-0.52114
22.918,-0.53276
22.928,-0.54432
22.938,-0.55594
22.948,-0.56755
22.958,-0.57914
22.968,-0.59076
22.978,-0.60235
22.988,-0.61392
22.998,-0.6254
23.008,-0.63682
23.018,-0.64825
23.028,-0.65961
23.038,-0.67091
23.048,-0.68221
23.058,-0.6934
23.068,-0.70452
23.078,-0.71552
23.088,-0.72639
23.098,-0.73722
23.108,-0.74799
23.118,-0.75856
23.128,-0.76904
23.138,-0.77937
23.148,-0.78959
23.158,-0.79972
23.168,-0.80965
23.178,-0.81942
23.188,-0.82902
23.198,-0.83846
23.208,-0.84776
23.218,-0.85681
23.228,-0.86568
23.238,-0.87433
23.248,-0.8828
23.258,-0.89108
23.268,-0.89906
23.278,-0.90683
23.288,-0.91437
23.298,-0.92162
23.308,-0.92863
23.318,-0.93538
23.328,-0.94184
23.338,-0.94804
23.348,-0.95395
23.358,-0.95956
23.368,-0.9649
23.378,-0.96992
23.388,-0.97463
23.398,-0.97902
23.408,-0.98305
23.418,-0.98676
23.428,-0.99013
23.438,-0.99317
23.448,-0.99585
23.458,-0.99818
23.468,-1.0002
23.478,-1.0018
23.488,-1.003
23.498,-1.0039
23.508,-1.0044
23.518,-1.0045
23.528,-1.0042
23.538,-1.0035
23.548,-1.0024
23.558,-1.0009
23.568,-0.99905
23.578,-0.99675
23.588,-0.99403
23.598,-0.99089
23.608,-0.98734
23.618,-0.98335
23.628,-0.97894
23.638,-0.97411
23.648,-0.96886
23.658,-0.96316
23.668,-0.95703
23.678,-0.95047
23.688,-0.94349
23.698,-0.93609
23.708,-0.9282
23.718,-0.91993
23.728,-0.91122
23.738,-0.90211
23.748,-0.89258
23.758,-0.88258
23.768,-0.8722
23.778,-0.86136
23.788,-0.85008
23.798,-0.83843
23.808,-0.82634
23.818,-0.81382
23.828,-0.80093
23.838,-0.7877
23.848,-0.77403
23.858,-0.7599
23.868,-0.74541
23.878,-0.73069
23.888,-0.71552
23.898,-0.69987
23.908,-0.68392
23.918,-0.66758
23.928,-0.65092
23.938,-0.63389
23.948,-0.61649
23.958,-0.59882
23.968,-0.58082
23.978,-0.56252
23.987,-0.54391
23.997,-0.52503
24.007,-0.50588
24.017,-0.48641
24.027,-0.46668
24.037,-0.44674
24.047,-0.42639
24.057,-0.40585
24.067,-0.38521
24.077,-0.3643
24.087,-0.34303
24.097,-0.32154
24.107,-0.30003
24.117,-0.2783
24.127,-0.2563
24.137,-0.2341
24.147,-0.21181
24.157,-0.18944
24.167,-0.16682
24.177,-0.14404
24.187,-0.12128
24.197,-0.098361
24.207,-0.075407
24.217,-0.052317
24.227,-0.029069
24.237,-0.0057753
24.247,0.01741
24.257,0.040673
24.267,0.063861
24.277,0.087194
24.287,0.11062
24.297,0.13392
24.307,0.15707
24.317,0.18025
24.327,0.20358
24.337,0.22673
24.347,0.24971
24.357,0.27279
24.367,0.29577
24.377,0.31852
24.387,0.34121
24.397,0.36379
24.407,0.38625
24.417,0.4085
24.427,0.43066
24.437,0.45259
24.447,0.47444
24.457,0.49612
24.467,0.51767
24.477,0.53905
24.487,0.56014
24.497,0.58095
24.507,0.60154
24.517,0.62194
24.527,0.64215
24.537,0.66197
24.547,0.68153
24.557,0.70095
24.567,0.72012
24.577,0.73883
24.587,0.75727
24.597,0.7755
24.607,0.79343
24.617,0.81102
24.627,0.82824
24.637,0.84507
24.647,0.86158
24.657,0.87783
24.667,0.89373
24.677,0.90918
24.687,0.92428
24.697,0.93911
24.707,0.95355
24.717,0.9676
24.727,0.98128
24.737,0.99457
24.747,1.0075
24.757,1.0201
24.767,1.0323
24.777,1.044
24.787,1.0553
24.797,1.0663
24.807,1.0769
24.817,1.0871
24.827,1.0968
24.837,1.1062
24.847,1.1152
24.857,1.1239
24.867,1.1321
24.877,1.1398
24.887,1.1473
24.897,1.1543
24.907,1.1608
24.917,1.167
24.927,1.1728
24.937,1.1782
24.947,1.1832
24.957,1.1878
24.967,1.192
24.977,1.1958
24.987,1.1993
24.997,1.2023
25.007,1.205
25.017,1.2073
25.027,1.2092
25.037,1.2108
25.047,1.2119
25.057,1.2127
25.067,1.2132
25.077,1.2133
25.087,1.213
25.097,1.2124
25.107,1.2114
25.117,1.2101
25.127,1.2085
25.137,1.2065
25.147,1.2042
25.157,1.2016
25.167,1.1986
25.177,1.1953
25.187,1.1917
25.197,1.1879
25.207,1.1837
25.217,1.1792
25.227,1.1744
25.237,1.1694
25.247,1.1641
25.257,1.1585
25.267,1.1527
25.277,1.1466
25.287,1.1403
25.297,1.1337
25.307,1.1269
25.317,1.1198
25.327,1.1125
25.337,1.105
25.347,1.0972
25.357,1.0893
25.367,1.0811
25.377,1.0728
25.387,1.0643
25.397,1.0555
25.407,1.0466
25.417,1.0374
25.427,1.0282
25.437,1.0187
25.447,1.0091
25.457,0.99937
25.467,0.98945
25.477,0.97939
25.487,0.96923
25.497,0.95897
25.507,0.94854
25.517,0.93792
25.527,0.92721
25.537,0.91646
25.547,0.90553
25.557,0.89448
25.567,0.88344
25.577,0.8723
25.587,0.86104
25.597,0.84971
25.607,0.83829
25.617,0.82688
25.627,0.81538
25.637,0.80383
25.647,0.79221
25.657,0.78045
25.667,0.76875
25.677,0.75698
25.687,0.74517
25.697,0.73336
25.707,0.72149
25.717,0.70959
25.727,0.6977
25.737,0.68576
25.747,0.67377
25.757,0.66179
25.767,0.64984
25.777,0.63789
25.787,0.6259
25.797,0.61393
25.807,0.60203
25.817,0.59015
25.827,0.57827
25.837,0.56635
25.847,0.5544
25.857,0.54254
25.867,0.53076
25.877,0.51904
25.887,0.50733
25.897,0.49562
25.906,0.48396
25.916,0.47234
25.926,0.46079
25.936,0.44927
25.946,0.43776
25.956,0.42632
25.966,0.41498
25.976,0.40364
25.986,0.3924
25.996,0.38122
26.006,0.3701
26.016,0.35902
26.026,0.34798
26.036,0.33703
26.046,0.32615
26.056,0.31533
26.066,0.30458
26.076,0.29386
26.086,0.28325
26.096,0.2727
26.106,0.26219
26.116,0.25183
26.126,0.24156
26.136,0.23129
26.146,0.22117
26.156,0.21113
26.166,0.20112
26.176,0.19121
26.186,0.18142
26.196,0.17174
26.206,0.16211
26.216,0.15252
26.226,0.14302
26.236,0.13363
26.246,0.12435
26.256,0.11518
26.266,0.10604
26.276,0.096972
26.286,0.088039
26.296,0.079232
26.306,0.070476
26.316,0.061806
26.326,0.053219
26.336,0.044734
26.346,0.036378
26.356,0.028128
26.366,0.019928
26.376,0.011832
26.386,0.003874
26.396,-0.0040107
26.406,-0.011811
26.416,-0.019517
26.426,-0.027056
26.436,-0.034519
26.446,-0.041908
26.456,-0.049196
26.466,-0.056393
26.476,-0.063481
26.486,-0.070461
26.496,-0.077325
26.506,-0.084097
26.516,-0.090778
26.526,-0.097324
26.536,-0.10378
26.546,-0.11015
26.556,-0.11642
26.566,-0.12259
26.576,-0.12863
26.586,-0.13458
26.596,-0.14046
26.606,-0.14624
26.616,-0.15192
26.626,-0.15747
26.636,-0.16296
26.646,-0.16836
26.656,-0.17364
26.666,-0.17883
26.676,-0.18392
26.686,-0.18889
26.696,-0.19377
26.706,-0.19856
26.716,-0.20327
26.726,-0.20785
26.736,-0.21233
26.746,-0.21672
26.756,-0.22103
26.766,-0.22523
26.776,-0.22935
26.786,-0.23336
26.796,-0.23728
26.806,-0.24111
26.816,-0.24483
26.826,-0.24846
26.836,-0.25201
26.846,-0.25546
26.856,-0.25882
26.866,-0.26206
26.876,-0.26522
26.886,-0.2683
26.896,-0.2713
26.906,-0.27423
26.916,-0.27705
26.926,-0.27979
26.936,-0.28245
26.946,-0.28501
26.956,-0.28748
26.966,-0.28986
26.976,-0.29216
26.986,-0.29437
26.996,-0.29652
27.006,-0.29859
27.016,-0.3006
27.026,-0.30252
27.036,-0.30437
27.046,-0.30616
27.056,-0.30786
27.066,-0.30948
27.076,-0.31104
27.086,-0.31253
27.096,-0.31395
27.106,-0.31529
27.116,-0.31657
27.126,-0.31779
27.136,-0.31893
27.146,-0.32
27.156,-0.32102
27.166,-0.32198
27.176,-0.32287
27.186,-0.32371
27.196,-0.32448
27.206,-0.32518
27.216,-0.32582
27.226,-0.3264
27.236,-0.32694
27.246,-0.32741
27.256,-0.32783
27.266,-0.3282
27.276,-0.32853
27.286,-0.32882
27.296,-0.32906
27.306,-0.32927
27.316,-0.32942
27.326,-0.32953
27.336,-0.3296
27.346,-0.32962
27.356,-0.32959
27.366,-0.32951
27.376,-0.32939
27.386,-0.32924
27.396,-0.32904
27.406,-0.32881
27.416,-0.32856
27.426,-0.32828
27.436,-0.32796
27.446,-0.32761
27.456,-0.32722
27.466,-0.32679
27.476,-0.32635
27.486,-0.32587
27.496,-0.32536
27.506,-0.32483
27.516,-0.32428
27.526,-0.32371
27.536,-0.32313
27.546,-0.32253
27.556,-0.3219
27.566,-0.32125
27.576,-0.32057
27.586,-0.31985
27.596,-0.31912
27.606,-0.31839
27.616,-0.31762
27.626,-0.31683
27.636,-0.31602
27.646,-0.3152
27.656,-0.31438
27.666,-0.31355
27.676,-0.31271
27.686,-0.31186
27.696,-0.311
27.706,-0.31012
27.716,-0.30923
27.726,-0.30834
27.736,-0.30743
27.746,-0.3065
27.756,-0.30556
27.766,-0.30459
27.776,-0.3036
27.786,-0.30261
27.796,-0.30162
27.806,-0.30061
27.816,-0.29959
27.825,-0.29855
27.835,-0.2975
27.845,-0.29645
27.855,-0.29538
27.865,-0.2943
27.875,-0.29321
27.885,-0.29212
27.895,-0.29101
27.905,-0.2899
27.915,-0.28878
27.925,-0.28766
27.935,-0.28651
27.945,-0.28536
27.955,-0.2842
27.965,-0.28303
27.975,-0.28183
27.985,-0.28062
27.995,-0.2794
28.005,-0.27816
28.015,-0.2769
28.025,-0.27563
28.035,-0.27434
28.045,-0.27303
28.055,-0.27171
28.065,-0.27039
28.075,-0.26906
28.085,-0.26771
28.095,-0.26633
28.105,-0.26494
28.115,-0.26352
28.125,-0.26208
28.135,-0.26063
28.145,-0.25916
28.155,-0.25765
28.165,-0.25615
28.175,-0.25463
28.185,-0.2531
28.195,-0.25155
28.205,-0.24997
28.215,-0.24836
28.225,-0.24672
28.235,-0.24505
28.245,-0.24336
28.255,-0.24165
28.265,-0.23991
28.275,-0.23815
28.285,-0.23636
28.295,-0.23454
28.305,-0.23271
28.315,-0.23087
28.325,-0.229
28.335,-0.22708
28.345,-0.22514
28.355,-0.22317
28.365,-0.22117
28.375,-0.21915
28.385,-0.21709
28.395,-0.21501
28.405,-0.21289
28.415,-0.21075
28.425,-0.20859
28.435,-0.20639
28.445,-0.20417
28.455,-0.20194
28.465,-0.19969
28.475,-0.1974
28.485,-0.19506
28.495,-0.19271
28.505,-0.19032
28.515,-0.1879
28.525,-0.18543
28.535,-0.18294
28.545,-0.18043
28.555,-0.1779
28.565,-0.17536
28.575,-0.1728
28.585,-0.17022
28.595,-0.1676
28.605,-0.16495
28.615,-0.16228
28.625,-0.15957
28.635,-0.15683
28.645,-0.15408
28.655,-0.15129
28.665,-0.14849
28.675,-0.14565
28.685,-0.14281
28.695,-0.13995
28.705,-0.1371
28.715,-0.13422
28.725,-0.13131
28.735,-0.12839
28.745,-0.12544
28.755,-0.12246
28.765,-0.11949
28.775,-0.11648
28.785,-0.11346
28.795,-0.11043
28.805,-0.10738
28.815,-0.10434
28.825,-0.1013
28.835,-0.098231
28.845,-0.095173
28.855,-0.092121
28.865,-0.089057
28.875,-0.085991
28.885,-0.082902
28.895,-0.079818
28.905,-0.076742
28.915,-0.073649
28.925,-0.07057
28.935,-0.067497
28.945,-0.064423
28.955,-0.061355
28.965,-0.058307
28.975,-0.055273
28.985,-0.052229
28.995,-0.049187
29.005,-0.046166
29.015,-0.043165
29.025,-0.040183
29.035,-0.037174
29.045,-0.034195
29.055,-0.031245
29.065,-0.028305
29.075,-0.025383
29.085,-0.022488
29.095,-0.019642
29.105,-0.016821
29.115,-0.014011
29.125,-0.011206
29.135,-0.0084448
29.145,-0.0056845
29.155,-0.0029485
29.165,-0.00024323
29.175,0.002448
29.185,0.0051148
29.195,0.0077318
29.205,0.010304
29.215,0.012848
29.225,0.015373
29.235,0.017835
29.245,0.020256
29.255,0.022646
29.265,0.024997
29.275,0.027319
29.285,0.029588
29.295,0.031818
29.305,0.034006
29.315,0.036152
29.325,0.038268
29.335,0.040325
29.345,0.042326
29.355,0.044286
29.365,0.046212
29.375,0.048094
29.385,0.049933
29.395,0.051723
29.405,0.053474
29.415,0.055176
29.425,0.056836
29.435,0.058436
29.445,0.059979
29.455,0.061498
29.465,0.062961
29.475,0.064361
29.485,0.065694
29.495,0.066974
29.505,0.068217
29.515,0.069419
29.525,0.070561
29.535,0.071642
29.545,0.07267
29.555,0.073666
29.565,0.074611
29.575,0.075496
29.585,0.076326
29.595,0.077106
29.605,0.077846
29.615,0.078534
29.625,0.079165
29.635,0.07974
29.645,0.080268
29.655,0.08074
29.665,0.081177
29.675,0.081574
29.685,0.081922
29.695,0.082219
29.705,0.082474
29.715,0.082686
29.725,0.08284
29.735,0.082946
29.744,0.082995
29.754,0.082996
29.764,0.082951
29.774,0.082868
29.784,0.082749
29.794,0.082587
29.804,0.082372
29.814,0.082116
29.824,0.08183
29.834,0.081503
29.844,0.081132
29.854,0.080723
29.864,0.080262
29.874,0.079754
29.884,0.079207
29.894,0.078637
29.904,0.078032
29.914,0.077382
29.924,0.076692
29.934,0.075975
29.944,0.075222
29.954,0.074445
29.964,0.073637
29.974,0.072803
29.984,0.071956
29.994,0.071083
30.004,0.070164
30.014,0.069212
30.024,0.068223
30.034,0.067208
30.044,0.066172
30.054,0.06511
30.064,0.064013
30.074,0.062893
30.084,0.061768
30.094,0.060621
30.104,0.059444
30.114,0.05824
30.124,0.057014
30.134,0.055772
30.144,0.054508
30.154,0.053236
30.164,0.051938
30.174,0.050618
30.184,0.049289
30.194,0.047947
30.204,0.046602
30.214,0.045249
30.224,0.043879
30.234,0.042494
30.244,0.041088
30.254,0.039668
30.264,0.038234
30.274,0.036788
30.284,0.035334
30.294,0.033867
30.304,0.032391
30.314,0.030911
30.324,0.029422
30.334,0.027942
30.344,0.026454
30.354,0.024971
30.364,0.023485
30.374,0.021985
30.384,0.020487
30.394,0.018992
30.404,0.017489
30.414,0.015978
30.424,0.014457
30.434,0.012942
30.444,0.011431
30.454,0.0099135
30.464,0.0084041
30.474,0.0068982
30.484,0.0053896
30.494,0.0038858
30.504,0.0023818
30.514,0.00087911
30.524,-0.00063035
30.534,-0.002146
30.544,-0.0036582
30.554,-0.0051621
30.564,-0.006656
30.574,-0.0081439
30.584,-0.0096268
30.594,-0.011097
30.604,-0.012549
30.614,-0.014004
30.624,-0.015466
30.634,-0.016929
30.644,-0.018401
30.654,-0.019865
30.664,-0.021328
30.674,-0.022779
30.684,-0.024226
30.694,-0.025674
30.704,-0.027118
30.714,-0.028562
30.724,-0.029991
30.734,-0.031413
30.744,-0.032828
30.754,-0.034228
30.764,-0.035612
30.774,-0.036999
30.784,-0.038378
30.794,-0.039747
30.804,-0.041097
30.814,-0.042428
30.824,-0.043744
30.834,-0.045054
30.844,-0.046363
30.854,-0.047655
30.864,-0.048944
30.874,-0.050224
30.884,-0.051493
30.894,-0.052764
30.904,-0.054026
30.914,-0.055275
30.924,-0.056518
30.934,-0.057748
30.944,-0.058959
30.954,-0.060149
30.964,-0.061331
30.974,-0.0625
30.984,-0.063649
30.994,-0.064784
31.004,-0.065904
31.014,-0.067016
31.024,-0.068127
31.034,-0.069217
31.044,-0.070284
31.054,-0.071338
31.064,-0.072385
31.074,-0.073421
31.084,-0.074442
31.094,-0.075448
31.104,-0.076439
31.114,-0.07742
31.124,-0.078384
31.134,-0.079328
31.144,-0.080247
31.154,-0.081157
31.164,-0.082056
31.174,-0.08294
31.184,-0.083798
31.194,-0.08464
31.204,-0.08546
31.214,-0.086268
31.224,-0.087062
31.234,-0.087833
31.244,-0.088583
31.254,-0.089326
31.264,-0.090061
31.274,-0.09078
31.284,-0.091484
31.294,-0.092174
31.304,-0.092834
31.314,-0.093478
31.324,-0.094117
31.334,-0.094748
31.344,-0.095354
31.354,-0.09593
31.364,-0.096489
31.374,-0.097026
31.384,-0.097538
31.394,-0.098028
31.404,-0.098495
31.414,-0.098944
31.424,-0.099366
31.434,-0.099764
31.444,-0.10014
31.454,-0.1005
31.464,-0.10084
31.474,-0.10116
31.484,-0.10147
31.494,-0.10174
31.504,-0.10198
31.514,-0.10221
31.524,-0.10242
31.534,-0.10261
31.544,-0.10278
31.554,-0.10292
31.564,-0.10304
31.574,-0.10313
31.584,-0.1032
31.594,-0.10324
31.604,-0.10327
31.614,-0.10327
31.624,-0.10324
31.634,-0.10318
31.644,-0.10311
31.654,-0.10302
31.663,-0.10292
31.673,-0.10281
31.683,-0.10267
31.693,-0.10251
31.703,-0.10233
31.713,-0.10212
31.723,-0.10189
31.733,-0.10165
31.743,-0.10139
31.753,-0.1011
31.763,-0.10079
31.773,-0.10047
31.783,-0.10012
31.793,-0.099761
31.803,-0.099375
31.813,-0.098971
31.823,-0.098539
31.833,-0.098072
31.843,-0.097595
31.853,-0.097094
31.863,-0.096563
31.873,-0.095992
31.883,-0.095398
31.893,-0.094789
31.903,-0.094161
31.913,-0.093538
31.923,-0.092894
31.933,-0.092242
31.943,-0.091566
31.953,-0.090868
31.963,-0.090151
31.973,-0.089414
31.983,-0.088657
31.993,-0.087886
32.003,-0.087075
32.013,-0.086248
32.023,-0.085423
32.033,-0.084598
32.043,-0.08375
32.053,-0.08289
32.063,-0.082016
32.073,-0.081139
32.083,-0.080244
32.093,-0.07933
32.103,-0.078401
32.113,-0.077463
32.123,-0.07651
32.133,-0.075544
32.143,-0.074569
32.153,-0.073588
32.163,-0.07261
32.173,-0.07164
32.183,-0.070667
32.193,-0.069678
32.203,-0.068668
32.213,-0.067658
32.223,-0.066651
32.233,-0.065623
32.243,-0.064584
32.253,-0.063536
32.263,-0.062474
32.273,-0.061411
32.283,-0.060356
32.293,-0.059313
32.303,-0.058265
32.313,-0.057206
32.323,-0.05614
32.333,-0.055067
32.343,-0.054012
32.353,-0.052939
32.363,-0.051857
32.373,-0.050792
32.383,-0.049721
32.393,-0.048662
32.403,-0.047617
32.413,-0.04658
32.423,-0.045537
32.433,-0.044493
32.443,-0.043451
32.453,-0.042425
32.463,-0.041419
32.473,-0.040407
32.483,-0.039394
32.493,-0.038386
32.503,-0.037375
32.513,-0.036366
32.523,-0.03538
32.533,-0.034408
32.543,-0.03346
32.553,-0.03252
32.563,-0.03159
32.573,-0.030666
32.583,-0.029758
32.593,-0.028863
32.603,-0.027959
32.613,-0.027055
32.623,-0.026164
32.633,-0.02527
32.643,-0.024397
32.653,-0.023542
32.663,-0.022726
32.673,-0.021939
32.683,-0.021156
32.693,-0.020383
32.703,-0.019612
32.713,-0.018853
32.723,-0.018102
32.733,-0.017373
32.743,-0.016659
32.753,-0.015957
32.763,-0.015285
32.773,-0.014632
32.783,-0.014002
32.793,-0.013393
32.803,-0.012783
32.813,-0.012191
32.823,-0.011611
32.833,-0.011054
32.843,-0.010517
32.853,-0.0099986
32.863,-0.0094952
32.873,-0.009007
32.883,-0.0085327
32.893,-0.0080778
32.903,-0.0076325
32.913,-0.0071998
32.923,-0.0067758
32.933,-0.0063655
32.943,-0.0059746
32.953,-0.0055964
32.963,-0.0052352
32.973,-0.0048935
32.983,-0.0045645
32.993,-0.0042528
33.003,-0.0039574
33.013,-0.0036697
33.023,-0.0034024
33.033,-0.0031598
33.043,-0.0029257
33.053,-0.0026973
33.063,-0.0024757
33.073,-0.0022625
33.083,-0.0020603
33.093,-0.0018709
33.103,-0.0016947
33.113,-0.0015401
33.123,-0.0013947
33.133,-0.0012677
33.143,-0.0011544
33.153,-0.0010498
33.163,-0.00095871
33.173,-0.00087309
33.183,-0.00079834
33.193,-0.00073334
33.203,-0.00068111
33.213,-0.0006295
33.223,-0.00058581
33.233,-0.00055208
33.243,-0.00053211
33.253,-0.0005185
33.263,-0.00052131
33.273,-0.00053472
33.283,-0.00055219
33.293,-0.00057175
33.303,-0.00060371
33.313,-0.0006353
33.323,-0.00066692
33.333,-0.00069764
33.343,-0.00072355
33.353,-0.00074826
33.363,-0.00077578
33.373,-0.00080591
33.383,-0.00083448
33.393,-0.00086302
33.403,-0.00089366
33.413,-0.00092166
33.423,-0.00094291
33.433,-0.00096492
33.443,-0.0009933
33.453,-0.0010164
33.463,-0.0010328
33.473,-0.0010506
33.483,-0.0010686
33.493,-0.0010795
33.503,-0.001089
33.513,-0.0011017
33.523,-0.0011095
33.533,-0.0011041
33.543,-0.0010943
33.553,-0.0010849
33.563,-0.0010672
33.573,-0.001054
33.582,-0.0010341
33.592,-0.00099848
33.602,-0.00093945
33.612,-0.00089031
33.622,-0.00083844
33.632,-0.000785
33.642,-0.00072944
33.652,-0.00068231
33.662,-0.00061948
33.672,-0.00053902
33.682,-0.00045352
33.692,-0.00036182
33.702,-0.00027551
33.712,-0.00017878
33.722,-6.7768e-005
33.732,5.9808e-005
33.742,0.00019897
33.752,0.00034725
33.762,0.00049753
33.772,0.00065308
33.782,0.00082085
33.792,0.00099557
33.802,0.0011838
33.812,0.0013801
33.822,0.0015746
33.832,0.001779
33.842,0.0019869
33.852,0.0022057
33.862,0.0024322
33.872,0.0026568
33.882,0.0028831
33.892,0.0031099
33.902,0.0033512
33.912,0.0035982
33.922,0.0038542
33.932,0.0041201
33.942,0.0043967
33.952,0.0046824
33.962,0.0049766
33.972,0.005274
33.982,0.0055779
33.992,0.0058841
34.002,0.006183
34.012,0.0064683
34.022,0.0067562
34.032,0.0070606
34.042,0.0073735
34.052,0.0076922
34.062,0.0080169
34.072,0.0083495
34.082,0.0086879
34.092,0.0090337
34.102,0.009384
34.112,0.0097385
34.122,0.010093
34.132,0.01045
34.142,0.010809
34.152,0.011174
34.162,0.011539
34.172,0.011893
34.182,0.012253
34.192,0.012603
34.202,0.012946
34.212,0.01328
34.222,0.013607
34.232,0.013932
34.242,0.014255
34.252,0.014567
34.262,0.014871
34.272,0.015167
34.282,0.015469
34.292,0.015766
34.302,0.016053
34.312,0.016335
34.322,0.016615
34.332,0.016898
34.342,0.017168
34.352,0.017412
34.362,0.017636
34.372,0.017855
34.382,0.018061
34.392,0.018247
34.402,0.01843
34.412,0.018597
34.422,0.018749
34.432,0.018892
34.442,0.019016
34.452,0.01914
34.462,0.019253
34.472,0.019366
34.482,0.019465
34.492,0.01956
34.502,0.019643
34.512,0.01971
34.522,0.01977
34.532,0.019824
34.542,0.019866
34.552,0.019887
34.562,0.019889
34.572,0.019868
34.582,0.019837
34.592,0.019801
34.602,0.019751
34.612,0.019684
34.622,0.019594
34.632,0.019483
34.642,0.019372
34.652,0.019246
34.662,0.019124
34.672,0.018981
34.682,0.018832
34.692,0.018675
34.702,0.018495
34.712,0.018304
34.722,0.018101
34.732,0.017876
34.742,0.017628
34.752,0.017361
34.762,0.017093
34.772,0.016811
34.782,0.016514
34.792,0.016209
34.802,0.015891
34.812,0.015555
34.822,0.015196
34.832,0.014835
34.842,0.014475
34.852,0.014102
34.862,0.013705
34.872,0.013298
34.882,0.012893
34.892,0.012491
34.902,0.012091
34.912,0.011676
34.922,0.011237
34.932,0.010777
34.942,0.010315
34.952,0.0098434
34.962,0.009364
34.972,0.008871
34.982,0.0083834
34.992,0.0078882
35.002,0.0073839
35.012,0.0068769
35.022,0.0063814
35.032,0.0058721
35.042,0.0053682
35.052,0.0048775
35.062,0.0043736
35.072,0.0038684
35.082,0.0033565
35.092,0.0028428
35.102,0.0023181
35.112,0.0017731
35.122,0.0012309
35.132,0.00068743
35.142,0.00014276
35.152,-0.00040358
35.162,-0.00093898
35.172,-0.0014648
35.182,-0.0019839
35.192,-0.0024957
35.202,-0.0030025
35.212,-0.0034998
35.222,-0.0040027
35.232,-0.0045227
35.242,-0.0050386
35.252,-0.0055507
35.262,-0.0060494
35.272,-0.0065377
35.282,-0.0070104
35.292,-0.0074736
35.302,-0.0079245
35.312,-0.0083685
35.322,-0.0088174
35.332,-0.0092774
35.342,-0.0097408
35.352,-0.010189
35.362,-0.010637
35.372,-0.011078
35.382,-0.011502
35.392,-0.011905
35.402,-0.012294
35.412,-0.012676
35.422,-0.013051
35.432,-0.013421
35.442,-0.013785
35.452,-0.014133
35.462,-0.014487
35.472,-0.014834
35.482,-0.015172
35.492,-0.01551
35.501,-0.015835
35.511,-0.016148
35.521,-0.016445
35.531,-0.01672
35.541,-0.016989
35.551,-0.017236
35.561,-0.017473
35.571,-0.017699
35.581,-0.017916
35.591,-0.018134
35.601,-0.018328
35.611,-0.018525
35.621,-0.018706
35.631,-0.018873
35.641,-0.019034
35.651,-0.01919
35.661,-0.019335
35.671,-0.019462
35.681,-0.019585
35.691,-0.019709
35.701,-0.019827
35.711,-0.019941
35.721,-0.020037
35.731,-0.020117
35.741,-0.020184
35.751,-0.02025
35.761,-0.020301
35.771,-0.020335
35.781,-0.020353
35.791,-0.020364
35.801,-0.020379
35.811,-0.020396
35.821,-0.020401
35.831,-0.020409
35.841,-0.020416
35.851,-0.020429
35.861,-0.02043
35.871,-0.02043
35.881,-0.020413
35.891,-0.020381
35.901,-0.020344
35.911,-0.020303
35.921,-0.020273
35.931,-0.020247
35.941,-0.020222
35.951,-0.020183
35.961,-0.020149
35.971,-0.020109
35.981,-0.020055
35.991,-0.020003
36.001,-0.019933
36.011,-0.019868
36.021,-0.019808
36.031,-0.019751
36.041,-0.019709
36.051,-0.01966
36.061,-0.019627
36.071,-0.019597
36.081,-0.019556
36.091,-0.019508
36.101,-0.019471
36.111,-0.019424
36.121,-0.01937
36.131,-0.019314
36.141,-0.019258
36.151,-0.019204
36.161,-0.019166
36.171,-0.019133
36.181,-0.019095
36.191,-0.019063
36.201,-0.019045
36.211,-0.019018
36.221,-0.018993
36.231,-0.01897
36.241,-0.018951
36.251,-0.018936
36.261,-0.018917
36.271,-0.018913
36.281,-0.018932
36.291,-0.018967
36.301,-0.018999
36.311,-0.019035
36.321,-0.019079
36.331,-0.01912
36.341,-0.019152
36.351,-0.019179
36.361,-0.01922
36.371,-0.019258
36.381,-0.019311
36.391,-0.019385
36.401,-0.019466
36.411,-0.019554
36.421,-0.019652
36.431,-0.019768
36.441,-0.019898
36.451,-0.020022
36.461,-0.020136
36.471,-0.020254
36.481,-0.020376
36.491,-0.020522
36.501,-0.02068
36.511,-0.020841
36.521,-0.021006
36.531,-0.021179
36.541,-0.021358
36.551,-0.02153
36.561,-0.021694
36.571,-0.021859
36.581,-0.022027
36.591,-0.022192
36.601,-0.022368
36.611,-0.022538
36.621,-0.022704
36.631,-0.022882
36.641,-0.023064
36.651,-0.023242
36.661,-0.02343
36.671,-0.023627
36.681,-0.023816
36.691,-0.024008
36.701,-0.024188
36.711,-0.024377
36.721,-0.024568
36.731,-0.024756
36.741,-0.024949
36.751,-0.025153
36.761,-0.025371
36.771,-0.025591
36.781,-0.025802
36.791,-0.026009
36.801,-0.02623
36.811,-0.026442
36.821,-0.026649
36.831,-0.026849
36.841,-0.027034
36.851,-0.027222
36.861,-0.027424
36.871,-0.027627
36.881,-0.027826
36.891,-0.028021
36.901,-0.028203
36.911,-0.028385
36.921,-0.028558
36.931,-0.028719
36.941,-0.028871
36.951,-0.029007
36.961,-0.029157
36.971,-0.029309
36.981,-0.02946
36.991,-0.029604
37.001,-0.029737
37.011,-0.029866
37.021,-0.029974
37.031,-0.030055
37.041,-0.030128
37.051,-0.030196
37.061,-0.030253
37.071,-0.030311
37.081,-0.030378
37.091,-0.030446
37.101,-0.030514
37.111,-0.030578
37.121,-0.03064
37.131,-0.03069
37.141,-0.030733
37.151,-0.030766
37.161,-0.030785
37.171,-0.030787
37.181,-0.030779
37.191,-0.030773
37.201,-0.030748
37.211,-0.030721
37.221,-0.030683
37.231,-0.030649
37.241,-0.030614
37.251,-0.030579
37.261,-0.030528
37.271,-0.030457
37.281,-0.030373
37.291,-0.030272
37.301,-0.030175
37.311,-0.030066
37.321,-0.029954
37.331,-0.02984
37.341,-0.029719
37.351,-0.029606
37.361,-0.029491
37.371,-0.029357
37.381,-0.029194
37.391,-0.028998
37.401,-0.028792
37.411,-0.028582
37.42,-0.028377
37.43,-0.028172
37.44,-0.027976
37.45,-0.027772
37.46,-0.027546
37.47,-0.027316
37.48,-0.027077
37.49,-0.026829
37.5,-0.026566
37.51,-0.026283
37.52,-0.026
37.53,-0.025731
37.54,-0.025469
37.55,-0.025198
37.56,-0.024927
37.57,-0.024656
37.58,-0.024373
37.59,-0.024078
37.6,-0.023786
37.61,-0.023487
37.62,-0.023175
37.63,-0.022855
37.64,-0.022538
37.65,-0.02224
37.66,-0.021945
37.67,-0.021628
37.68,-0.021302
37.69,-0.020976
37.7,-0.020649
37.71,-0.020307
37.72,-0.019957
37.73,-0.019606
37.74,-0.019257
37.75,-0.018903
37.76,-0.018565
37.77,-0.018231
37.78,-0.017908
37.79,-0.017584
37.8,-0.017263
37.81,-0.016943
37.82,-0.016628
37.83,-0.016319
37.84,-0.016007
37.85,-0.015704
37.86,-0.015403
37.87,-0.015112
37.88,-0.014821
37.89,-0.014548
37.9,-0.014287
37.91,-0.014021
37.92,-0.013752
37.93,-0.013468
37.94,-0.013175
37.95,-0.012889
37.96,-0.012612
37.97,-0.012333
37.98,-0.01208
37.99,-0.011846
38,-0.011615
38.01,-0.011386
38.02,-0.011164
38.03,-0.010955
38.04,-0.010739
38.05,-0.010516
38.06,-0.010298
38.07,-0.010091
38.08,-0.0098832
38.09,-0.0096846
38.1,-0.0095152
38.11,-0.0093618
38.12,-0.0092289
38.13,-0.0090811
38.14,-0.0089406
38.15,-0.0088172
38.16,-0.0087029
38.17,-0.0085881
38.18,-0.008486
38.19,-0.0083905
38.2,-0.0083143
38.21,-0.0082644
38.22,-0.0082284
38.23,-0.0082061
38.24,-0.0081855
38.25,-0.0081659
38.26,-0.0081385
38.27,-0.0081298
38.28,-0.0081074
38.29,-0.0080817
38.3,-0.0080616
38.31,-0.0080526
38.32,-0.0080581
38.33,-0.0080907
38.34,-0.0081375
38.35,-0.0081982
38.36,-0.0082595
38.37,-0.0083211
38.38,-0.008392
38.39,-0.0084761
38.4,-0.0085567
38.41,-0.0086327
38.42,-0.0087206
38.43,-0.0088194
38.44,-0.0089342
38.45,-0.0090623
38.46,-0.0091946
38.47,-0.0093379
38.48,-0.0094841
38.49,-0.0096493
38.5,-0.0098192
38.51,-0.0099865
38.52,-0.010149
38.53,-0.01032
38.54,-0.010509
38.55,-0.010709
38.56,-0.010898
38.57,-0.011075
38.58,-0.011259
38.59,-0.011448
38.6,-0.011647
38.61,-0.011839
38.62,-0.012038
38.63,-0.012244
38.64,-0.012449
38.65,-0.012655
38.66,-0.012855
38.67,-0.013053
38.68,-0.013256
38.69,-0.013455
38.7,-0.013645
38.71,-0.013835
38.72,-0.014022
38.73,-0.01421
38.74,-0.014398
38.75,-0.014588
38.76,-0.014776
38.77,-0.014966
38.78,-0.015166
38.79,-0.015358
38.8,-0.01556
38.81,-0.015763
38.82,-0.01596
38.83,-0.016154
38.84,-0.016342
38.85,-0.016515
38.86,-0.016689
38.87,-0.016868
38.88,-0.017041
38.89,-0.017203
38.9,-0.017365
38.91,-0.017524
38.92,-0.017669
38.93,-0.017799
38.94,-0.017915
38.95,-0.018031
38.96,-0.018146
38.97,-0.018265
38.98,-0.01837
38.99,-0.018456
39,-0.018527
39.01,-0.01858
39.02,-0.018635
39.03,-0.01869
39.04,-0.01874
39.05,-0.018776
39.06,-0.018799
39.07,-0.018812
39.08,-0.018825
39.09,-0.018845
39.1,-0.018849
39.11,-0.018844
39.12,-0.018842
39.13,-0.018844
39.14,-0.018839
39.15,-0.018837
39.16,-0.018815
39.17,-0.018787
39.18,-0.018754
39.19,-0.018732
39.2,-0.018695
39.21,-0.018646
39.22,-0.01858
39.23,-0.018504
39.24,-0.018408
39.25,-0.018302
39.26,-0.018174
39.27,-0.018031
39.28,-0.017875
39.29,-0.017718
39.3,-0.017567
39.31,-0.01742
39.32,-0.017263
39.33,-0.017092
39.339,-0.016907
39.349,-0.016709
39.359,-0.016502
39.369,-0.016293
39.379,-0.016083
39.389,-0.015869
39.399,-0.015651
39.409,-0.01545
39.419,-0.015251
39.429,-0.015033
39.439,-0.014829
39.449,-0.014631
39.459,-0.014438
39.469,-0.014235
39.479,-0.01403
39.489,-0.01381
39.499,-0.013592
39.509,-0.013378
39.519,-0.013153
39.529,-0.012917
39.539,-0.012683
39.549,-0.012447
39.559,-0.012216
39.569,-0.011984
39.579,-0.011743
39.589,-0.011489
39.599,-0.011237
39.609,-0.010983
39.619,-0.010718
39.629,-0.010476
39.639,-0.010242
39.649,-0.010009
39.659,-0.0097786
39.669,-0.0095629
39.679,-0.0093445
39.689,-0.0091154
39.699,-0.0088839
39.709,-0.0086475
39.719,-0.0084203
39.729,-0.0081963
39.739,-0.0079783
39.749,-0.0077538
39.759,-0.0075422
39.769,-0.0073526
39.779,-0.0071762
39.789,-0.0070113
39.799,-0.0068534
39.809,-0.0067008
39.819,-0.0065708
39.829,-0.0064554
39.839,-0.006348
39.849,-0.0062378
39.859,-0.0061311
39.869,-0.0060414
39.879,-0.0059655
39.889,-0.0058892
39.899,-0.0058158
39.909,-0.005751
39.919,-0.0056864
39.929,-0.0056219
39.939,-0.0055719
39.949,-0.0055404
39.959,-0.005516
39.969,-0.0054979
39.979,-0.0054836
39.989,-0.0054721
39.999,-0.0054598
40.009,-0.0054501
40.019,-0.0054583
40.029,-0.0054757
40.039,-0.005497
40.049,-0.0055338
40.059,-0.0055767
40.069,-0.0056352
40.079,-0.0057337
40.089,-0.0058392
40.099,-0.0059507
40.109,-0.0060711
40.119,-0.0061866
40.129,-0.006299
40.139,-0.0064361
40.149,-0.0065894
40.159,-0.0067359
40.169,-0.0069056
40.179,-0.0070758
40.189,-0.0072566
40.199,-0.0074439
40.209,-0.0076226
40.219,-0.0077857
40.229,-0.0079614
40.239,-0.0081443
40.249,-0.0083352
40.259,-0.0085288
40.269,-0.0087138
40.279,-0.0089138
40.289,-0.0091256
40.299,-0.0093362
40.309,-0.0095414
40.319,-0.0097425
40.329,-0.0099436
40.339,-0.010152
40.349,-0.010373
40.359,-0.010592
40.369,-0.010805
40.379,-0.011017
40.389,-0.011233
40.399,-0.011464
40.409,-0.011697
40.419,-0.011929
40.429,-0.012157
40.439,-0.012371
40.449,-0.012589
40.459,-0.012808
40.469,-0.013032
40.479,-0.013226
40.489,-0.013416
40.499,-0.013593
40.509,-0.013762
40.519,-0.013917
40.529,-0.014056
40.539,-0.01418
40.549,-0.014326
40.559,-0.014465
40.569,-0.014603
40.579,-0.014728
40.589,-0.014838
40.599,-0.014943
40.609,-0.015042
40.619,-0.015129
40.629,-0.015189
40.639,-0.015248
40.649,-0.01531
40.659,-0.015367
40.669,-0.015413
40.679,-0.015451
40.689,-0.015478
40.699,-0.015509
40.709,-0.015537
40.719,-0.015553
40.729,-0.015547
40.739,-0.015518
40.749,-0.015458
40.759,-0.015404
40.769,-0.015338
40.779,-0.015264
40.789,-0.015169
40.799,-0.01505
40.809,-0.014912
40.819,-0.014752
40.829,-0.014579
40.839,-0.014387
40.849,-0.014183
40.859,-0.013969
40.869,-0.013743
40.879,-0.0135
40.889,-0.013248
40.899,-0.012993
40.909,-0.012713
40.919,-0.012422
40.929,-0.01211
40.939,-0.011784
40.949,-0.011435
40.959,-0.01108
40.969,-0.010712
40.979,-0.010325
40.989,-0.0099224
40.999,-0.0095269
41.009,-0.0091152
41.019,-0.0086947
41.029,-0.008259
41.039,-0.0078187
41.049,-0.0073745
41.059,-0.006933
41.069,-0.0064779
41.079,-0.0059974
41.089,-0.005496
41.099,-0.0049845
41.109,-0.0044601
41.119,-0.0039102
41.129,-0.0033295
41.139,-0.0027641
41.149,-0.0021674
41.159,-0.0015837
41.169,-0.0010142
41.179,-0.00041997
41.189,0.00018029
41.199,0.00078081
41.209,0.0013866
41.219,0.0019885
41.229,0.00262
41.239,0.0032685
41.249,0.0039143
41.258,0.0045632
41.268,0.0052102
41.278,0.0058627
41.288,0.0065087
41.298,0.0071464
41.308,0.007781
41.318,0.0084394
41.328,0.009096
41.338,0.0097532
41.348,0.01039
41.358,0.011001
41.368,0.011633
41.378,0.01227
41.388,0.012909
41.398,0.013527
41.408,0.01415
41.418,0.014794
41.428,0.015419
41.438,0.016043
41.448,0.016662
41.458,0.017295
41.468,0.017929
41.478,0.018558
41.488,0.019173
41.498,0.019802
41.508,0.020423
41.518,0.021043
41.528,0.02166
41.538,0.022266
41.548,0.022861
41.558,0.023454
41.568,0.024014
41.578,0.024557
41.588,0.025079
41.598,0.025586
41.608,0.026078
41.618,0.026578
41.628,0.027066
41.638,0.027519
41.648,0.027944
41.658,0.028357
41.668,0.028769
41.678,0.029179
41.688,0.029578
41.698,0.029961
41.708,0.030338
41.718,0.030705
41.728,0.03105
41.738,0.031381
41.748,0.031675
41.758,0.031954
41.768,0.032243
41.778,0.032527
41.788,0.032776
41.798,0.033007
41.808,0.033232
41.818,0.03344
41.828,0.033626
41.838,0.033778
41.848,0.033904
41.858,0.034017
41.868,0.034116
41.878,0.034208
41.888,0.034273
41.898,0.034334
41.908,0.03438
41.918,0.034405
41.928,0.034397
41.938,0.034366
41.948,0.034319
41.958,0.034253
41.968,0.034187
41.978,0.034097
41.988,0.034002
41.998,0.033905
42.008,0.033791
42.018,0.03367
42.028,0.033514
42.038,0.033331
42.048,0.033132
42.058,0.032934
42.068,0.03273
42.078,0.032513
42.088,0.032274
42.098,0.032045
42.108,0.031811
42.118,0.031547
42.128,0.031257
42.138,0.030943
42.148,0.030614
42.158,0.030283
42.168,0.029959
42.178,0.029628
42.188,0.029283
42.198,0.028951
42.208,0.028593
42.218,0.028199
42.228,0.027769
42.238,0.027336
42.248,0.026901
42.258,0.026455
42.268,0.026022
42.278,0.025598
42.288,0.025165
42.298,0.024732
42.308,0.024287
42.318,0.023818
42.328,0.023353
42.338,0.02289
42.348,0.022428
42.358,0.021986
42.368,0.021543
42.378,0.021092
42.388,0.020652
42.398,0.020212
42.408,0.019751
42.418,0.019301
42.428,0.018837
42.438,0.018363
42.448,0.017906
42.458,0.017457
42.468,0.017016
42.478,0.016569
42.488,0.016125
42.498,0.015679
42.508,0.015217
42.518,0.014755
42.528,0.014308
42.538,0.013887
42.548,0.013464
42.558,0.013069
42.568,0.012696
42.578,0.01232
42.588,0.011943
42.598,0.011553
42.608,0.011169
42.618,0.0108
42.628,0.010455
42.638,0.010128
42.648,0.0098134
42.658,0.0094965
42.668,0.0092154
42.678,0.0089511
42.688,0.0086754
42.698,0.0083923
42.708,0.0081192
42.718,0.0078615
42.728,0.0076185
42.738,0.0073896
42.748,0.0071765
42.758,0.0069661
42.768,0.0067667
42.778,0.0065695
42.788,0.0063614
42.798,0.0061662
42.808,0.0060025
42.818,0.0058533
42.828,0.0057338
42.838,0.0056223
42.848,0.0055115
42.858,0.0054169
42.868,0.0053187
42.878,0.0052193
42.888,0.0051383
42.898,0.0050727
42.908,0.00502
42.918,0.0049988
42.928,0.0049808
42.938,0.0049956
42.948,0.0050233
42.958,0.0050574
42.968,0.0050902
42.978,0.0051103
42.988,0.0051385
42.998,0.0051945
43.008,0.005252
43.018,0.0053295
43.028,0.0054302
43.038,0.0055442
43.048,0.0056545
43.058,0.0057583
43.068,0.0058719
43.078,0.0059895
43.088,0.0061293
43.098,0.0062832
43.108,0.0064428
43.118,0.006592
43.128,0.0067564
43.138,0.0069372
43.148,0.0071183
43.158,0.0073172
43.168,0.0074945
43.177,0.0076805
43.187,0.0078782
43.197,0.008074
43.207,0.0082976
43.217,0.0085311
43.227,0.0087685
43.237,0.0089926
43.247,0.0092274
43.257,0.0094638
43.267,0.0097003
43.277,0.0099362
43.287,0.010178
43.297,0.010422
43.307,0.010652
43.317,0.010882
43.327,0.01109
43.337,0.011295
43.347,0.011524
43.357,0.011772
43.367,0.012012
43.377,0.012253
43.387,0.012483
43.397,0.012712
43.407,0.012929
43.417,0.013139
43.427,0.013345
43.437,0.013558
43.447,0.013799
43.457,0.014057
43.467,0.014287
43.477,0.014526
43.487,0.014736
43.497,0.01494
43.507,0.01511
43.517,0.015254
43.527,0.015403
43.537,0.015557
43.547,0.015703
43.557,0.015845
43.567,0.01597
43.577,0.016077
43.587,0.016171
43.597,0.016251
43.607,0.016325
43.617,0.016406
43.627,0.016479
43.637,0.016545
43.647,0.016586
43.657,0.016613
43.667,0.016639
43.677,0.01667
43.687,0.016708
43.697,0.01675
43.707,0.016799
43.717,0.016863
43.727,0.016913
43.737,0.016937
43.747,0.016948
43.757,0.01693
43.767,0.016882
43.777,0.01682
43.787,0.016769
43.797,0.016715
43.807,0.016625
43.817,0.016517
43.827,0.016413
43.837,0.016277
43.847,0.016142
43.857,0.016004
43.867,0.015867
43.877,0.015749
43.887,0.015612
43.897,0.015469
43.907,0.015323
43.917,0.015163
43.927,0.014987
43.937,0.014797
43.947,0.014597
43.957,0.014399
43.967,0.014211
43.977,0.014043
43.987,0.013866
43.997,0.01369
44.007,0.013498
44.017,0.01328
44.027,0.013043
44.037,0.012785
44.047,0.012545
44.057,0.012315
44.067,0.012076
44.077,0.011841
44.087,0.011608
44.097,0.011386
44.107,0.011157
44.117,0.010932
44.127,0.010716
44.137,0.010497
44.147,0.010289
44.157,0.010067
44.167,0.0098459
44.177,0.0096249
44.187,0.0094042
44.197,0.0091745
44.207,0.0089579
44.217,0.0087726
44.227,0.0086108
44.237,0.0084389
44.247,0.0082688
44.257,0.0080904
44.267,0.0079041
44.277,0.0077091
44.287,0.007531
44.297,0.0073681
44.307,0.0072082
44.317,0.0070384
44.327,0.0068803
44.337,0.0067215
44.347,0.0065762
44.357,0.0064272
44.367,0.006267
44.377,0.0061433
44.387,0.0060214
44.397,0.0059211
44.407,0.0058431
44.417,0.0057673
44.427,0.0056966
44.437,0.0056301
44.447,0.0055689
44.457,0.005537
44.467,0.0055493
44.477,0.0055801
44.487,0.0056116
44.497,0.0056586
44.507,0.0057112
44.517,0.0057514
44.527,0.0057674
44.537,0.0057699
44.547,0.0057877
44.557,0.0058071
44.567,0.005802
44.577,0.0058127
44.587,0.0058353
44.597,0.0058648
44.607,0.0059251
44.617,0.005985
44.627,0.0060536
44.637,0.0061269
44.647,0.0062314
44.657,0.0063452
44.667,0.0064949
44.677,0.0066573
44.687,0.0068365
44.697,0.0070289
44.707,0.0072442
44.717,0.0074948
44.727,0.0077327
44.737,0.0079651
44.747,0.0081949
44.757,0.0084169
44.767,0.0086094
44.777,0.0087956
44.787,0.0089958
44.797,0.009218
44.807,0.0094251
44.817,0.0096179
44.827,0.009824
44.837,0.010032
44.847,0.010227
44.857,0.010416
44.867,0.010618
44.877,0.010848
44.887,0.0111
44.897,0.011367
44.907,0.011647
44.917,0.011942
44.927,0.012233
44.937,0.012523
44.947,0.01282
44.957,0.013122
44.967,0.013423
44.977,0.013721
44.987,0.01401
44.997,0.014324
45.007,0.01462
45.017,0.014892
45.027,0.015157
45.037,0.015426
45.047,0.015689
45.057,0.015938
45.067,0.016155
45.077,0.016372
45.087,0.016566
45.096,0.016763
45.106,0.016947
45.116,0.017128
45.126,0.01729
45.136,0.017476
45.146,0.017659
45.156,0.01784
45.166,0.018023
45.176,0.018214
45.186,0.01843
45.196,0.018633
45.206,0.018846
45.216,0.019018
45.226,0.01917
45.236,0.01932
45.246,0.019458
45.256,0.019598
45.266,0.019743
45.276,0.019889
45.286,0.020007
45.296,0.020078
45.306,0.020142
45.316,0.020198
45.326,0.020208
45.336,0.020222
45.346,0.020251
45.356,0.020281
45.366,0.020319
45.376,0.020334
45.386,0.020335
45.396,0.020303
45.406,0.020297
45.416,0.020313
45.426,0.02033
45.436,0.020347
45.446,0.020331
45.456,0.020278
45.466,0.020207
45.476,0.020124
45.486,0.020031
45.496,0.019931
45.506,0.019842
45.516,0.019741
45.526,0.019608
45.536,0.019436
45.546,0.01926
45.556,0.019093
45.566,0.01896
45.576,0.018839
45.586,0.018719
45.596,0.018593
45.606,0.018447
45.616,0.0183
45.626,0.01818
45.636,0.018058
45.646,0.017956
45.656,0.017835
45.666,0.017693
45.676,0.017493
45.686,0.017283
45.696,0.017096
45.706,0.016925
45.716,0.016787
45.726,0.01665
45.736,0.016501
45.746,0.016327
45.756,0.016144
45.766,0.015972
45.776,0.015839
45.786,0.015711
45.796,0.015582
45.806,0.015468
45.816,0.01534
45.826,0.015215
45.836,0.015095
45.846,0.014991
45.856,0.014911
45.866,0.014848
45.876,0.014754
45.886,0.014636
45.896,0.014507
45.906,0.014383
45.916,0.014276
45.926,0.014179
45.936,0.014104
45.946,0.014067
45.956,0.013983
45.966,0.013877
45.976,0.013798
45.986,0.01373
45.996,0.013705
46.006,0.013671
46.016,0.013651
46.026,0.013625
46.036,0.013588
46.046,0.013566
46.056,0.013591
46.066,0.013638
46.076,0.013705
46.086,0.013752
46.096,0.013786
46.106,0.013757
46.116,0.01373
46.126,0.013728
46.136,0.013763
46.146,0.01381
46.156,0.013854
46.166,0.013887
46.176,0.013913
46.186,0.013947
46.196,0.014021
46.206,0.014138
46.216,0.014273
46.226,0.01442
46.236,0.014537
46.246,0.014657
46.256,0.014805
46.266,0.014975
46.276,0.015166
46.286,0.015362
46.296,0.015563
46.306,0.015739
46.316,0.015879
46.326,0.016043
46.336,0.01621
46.346,0.016414
46.356,0.016605
46.366,0.016804
46.376,0.017002
46.386,0.017197
46.396,0.017399
46.406,0.017633
46.416,0.017916
46.426,0.018234
46.436,0.018538
46.446,0.018822
46.456,0.019104
46.466,0.019427
46.476,0.019766
46.486,0.020119
46.496,0.020479
46.506,0.020782
46.516,0.021081
46.526,0.021354
46.536,0.021603
46.546,0.021893
46.556,0.022213
46.566,0.022525
46.576,0.022785
46.586,0.023037
46.596,0.023276
46.606,0.023569
46.616,0.023874
46.626,0.024185
46.636,0.024479
46.646,0.024745
46.656,0.025019
46.666,0.025319
46.676,0.025622
46.686,0.025963
46.696,0.026303
46.706,0.026605
46.716,0.026853
46.726,0.027105
46.736,0.027356
46.746,0.027626
46.756,0.027912
46.766,0.028169
46.776,0.028417
46.786,0.028628
46.796,0.028841
46.806,0.029077
46.816,0.029324
46.826,0.029528
46.836,0.029693
46.846,0.029836
46.856,0.029997
46.866,0.030171
46.876,0.030387
46.886,0.030594
46.896,0.030753
46.906,0.030848
46.916,0.03093
46.926,0.031009
46.936,0.031124
46.946,0.031257
46.956,0.031334
46.966,0.031417
46.976,0.031486
46.986,0.03157
46.996,0.031663
47.006,0.031749
47.015,0.031815
47.025,0.031833
47.035,0.031842
47.045,0.031883
47.055,0.031942
47.065,0.032014
47.075,0.032042
47.085,0.032018
47.095,0.031952
47.105,0.03186
47.115,0.031791
47.125,0.031755
47.135,0.031699
47.145,0.031617
47.155,0.031515
47.165,0.031411
47.175,0.031329
47.185,0.031298
47.195,0.031257
47.205,0.031148
47.215,0.03102
47.225,0.030905
47.235,0.030801
47.245,0.030726
47.255,0.030637
47.265,0.030511
47.275,0.030308
47.285,0.030091
47.295,0.029893
47.305,0.029712
47.315,0.029556
47.325,0.029387
47.335,0.029142
47.345,0.028911
47.355,0.028732
47.365,0.028565
47.375,0.028411
47.385,0.028189
47.395,0.027949
47.405,0.02775
47.415,0.027574
47.425,0.027401
47.435,0.027248
47.445,0.027039
47.455,0.026798
47.465,0.026583
47.475,0.026341
47.485,0.026105
47.495,0.025845
47.505,0.025525
47.515,0.025219
47.525,0.024961
47.535,0.024724
47.545,0.024522
47.555,0.024274
47.565,0.023993
47.575,0.023775
47.585,0.023599
47.595,0.023407
47.605,0.023204
47.615,0.022969
47.625,0.022706
47.635,0.022468
47.645,0.022217
47.655,0.021985
47.665,0.021733
47.675,0.021467
47.685,0.021207
47.695,0.020967
47.705,0.020754
47.715,0.02057
47.725,0.02033
47.735,0.020114
47.745,0.019961
47.755,0.0198
47.765,0.019644
47.775,0.019439
47.785,0.019224
47.795,0.019038
47.805,0.018839
47.815,0.018645
47.825,0.018463
47.835,0.018252
47.845,0.018048
47.855,0.017877
47.865,0.017773
47.875,0.0177
47.885,0.017575
47.895,0.017435
47.905,0.017346
47.915,0.017291
47.925,0.017207
47.935,0.017077
47.945,0.016928
47.955,0.016823
47.965,0.016777
47.975,0.016736
47.985,0.016638
47.995,0.016513
48.005,0.016392
48.015,0.016357
48.025,0.016378
48.035,0.016369
48.045,0.016307
48.055,0.016298
48.065,0.016336
48.075,0.016359
48.085,0.016364
48.095,0.016367
48.105,0.01637
48.115,0.016375
48.125,0.016419
48.135,0.016411
48.145,0.01638
48.155,0.016351
48.165,0.016333
48.175,0.016357
48.185,0.01638
48.195,0.016411
48.205,0.016513
48.215,0.016617
48.225,0.016669
48.235,0.016712
48.245,0.016747
48.255,0.016786
48.265,0.016828
48.275,0.016859
48.285,0.016861
48.295,0.016874
48.305,0.016913
48.315,0.016952
48.325,0.016979
48.335,0.017041
48.345,0.017143
48.355,0.017212
48.365,0.017257
48.375,0.017291
48.385,0.017322
48.395,0.017391
48.405,0.01743
48.415,0.017421
48.425,0.017424
48.435,0.017445
48.445,0.017485
48.455,0.017497
48.465,0.017509
48.475,0.017551
48.485,0.017599
48.495,0.017595
48.505,0.017557
48.515,0.01752
48.525,0.017475
48.535,0.017471
48.545,0.017422
48.555,0.01739
48.565,0.017321
48.575,0.01726
48.585,0.017192
48.595,0.0171
48.605,0.017028
48.615,0.016959
48.625,0.016872
48.635,0.016735
48.645,0.016555
48.655,0.016421
48.665,0.016315
48.675,0.016073
48.685,0.015846
48.695,0.015656
48.705,0.015476
48.715,0.015242
48.725,0.015023
48.735,0.01485
48.745,0.014697
48.755,0.014506
48.765,0.014263
48.775,0.013995
48.785,0.013749
48.795,0.013442
48.805,0.013097
48.815,0.012801
48.825,0.012513
48.835,0.012178
48.845,0.011833
48.855,0.011571
48.865,0.011384
48.875,0.01108
48.885,0.010725
48.895,0.01039
48.905,0.010065
48.915,0.0097325
48.925,0.009436
48.934,0.0091733
48.944,0.0088561
48.954,0.0084549
48.964,0.008104
48.974,0.0078209
48.984,0.0075439
48.994,0.0071372
49.004,0.0067099
49.014,0.0063052
49.024,0.0059261
49.034,0.0056384
49.044,0.0054138
49.054,0.0050896
49.064,0.0047292
49.074,0.0044097
49.084,0.0041599
49.094,0.0038175
49.104,0.0034218
49.114,0.0029868
49.124,0.0025384
49.134,0.0021473
49.144,0.0018066
49.154,0.0014347
49.164,0.0010476
49.174,0.00069368
49.184,0.00042076
49.194,0.00011912
49.204,-0.00021393
49.214,-0.00060412
49.224,-0.0010227
49.234,-0.0014209
49.244,-0.001796
49.254,-0.002149
49.264,-0.0026275
49.274,-0.0030048
49.284,-0.0034141
49.294,-0.0038424
49.304,-0.0042954
49.314,-0.0047161
49.324,-0.0051067
49.334,-0.0054149
49.344,-0.0058755
49.354,-0.0063634
49.364,-0.0067434
49.374,-0.0070786
49.384,-0.007458
49.394,-0.0078598
49.404,-0.0081602
49.414,-0.0084487
49.424,-0.0087415
49.434,-0.0091755
49.444,-0.0095516
49.454,-0.0097487
49.464,-0.010154
49.474,-0.010414
49.484,-0.010604
49.494,-0.010754
49.504,-0.010813
49.514,-0.010922
49.524,-0.010885
49.534,-0.010736
49.544,-0.010806
49.554,-0.010799
49.564,-0.010691
49.574,-0.010605
49.584,-0.010415
49.594,-0.010211
49.604,-0.010111
49.614,-0.010129
49.624,-0.010065
49.634,-0.009988
49.644,-0.009871
49.654,-0.0097323
49.664,-0.0097565
49.674,-0.0098465
49.684,-0.009801
49.694,-0.009691
49.704,-0.0095726
49.714,-0.0094201
49.724,-0.0093852
49.734,-0.0094113
49.744,-0.0093414
49.754,-0.0091029
49.764,-0.0089881
49.774,-0.0088895
49.784,-0.0085953
49.794,-0.0083605
49.804,-0.0080728
49.814,-0.008104
49.824,-0.0081481
49.834,-0.008101
49.844,-0.0081468
49.854,-0.0081236
49.864,-0.0079792
49.874,-0.008237
49.884,-0.008098
49.894,-0.0079422
49.904,-0.0074673
49.914,-0.005938
49.924,-0.0040526
49.934,-0.0025112
49.944,-0.0019327
49.954,-0.0017946
49.964,-0.0015651
