3.000000E+2	-8.906353E-12	-7.869000E+1	-0.000000E+0	4.624250E-8	NaN	-0.000000E+0	NaN
2.999000E+2	-7.246623E-13	1.843000E+1	-1.000000E+10	7.781943E-8	-3.165496E+0	-4.093447E+2	3.326117E+1
2.998000E+2	3.373095E-12	1.350000E+2	-2.000000E+10	4.708363E-8	-7.395154E+0	-8.186895E+2	1.193399E+1
2.997000E+2	1.781475E-11	8.591000E+1	-3.000000E+10	5.822687E-8	-9.004324E+0	-1.228034E+3	7.835626E+0
2.996000E+2	5.251527E-12	1.568000E+2	-4.000000E+10	6.569772E-8	-9.944765E+0	-1.637379E+3	5.565405E+0
2.995000E+2	1.337396E-11	4.711000E+1	-5.000000E+10	1.555180E-7	-1.081382E+1	-2.046724E+3	5.998911E+0
2.994000E+2	7.511574E-12	7.868000E+1	-6.000000E+10	5.080022E-8	-1.120553E+1	-2.456068E+3	4.146590E+0
2.993000E+2	1.416253E-11	1.431000E+2	-7.000000E+10	1.401061E-7	-1.163781E+1	-2.865413E+3	4.099192E+0
2.992000E+2	1.191866E-11	1.480000E+2	-8.000000E+10	1.265188E-7	-1.193836E+1	-3.274758E+3	3.671782E+0
2.991000E+2	1.727999E-11	1.312000E+2	-9.000000E+10	1.074323E-7	-1.215199E+1	-3.684103E+3	2.913636E+0
2.990000E+2	4.273735E-11	1.248000E+2	-1.000000E+11	1.982628E-7	-1.238837E+1	-4.093447E+3	3.210945E+0
2.989000E+2	1.437087E-11	1.220000E+2	-1.100000E+11	6.679553E-8	-1.252164E+1	-4.502792E+3	2.401509E+0
2.988000E+2	3.998191E-11	1.105000E+2	-1.200000E+11	1.908847E-7	-1.268431E+1	-4.912137E+3	2.599693E+0
2.987000E+2	3.449180E-11	1.166000E+2	-1.300000E+11	1.884345E-7	-1.280657E+1	-5.321482E+3	2.462271E+0
2.986000E+2	3.461635E-11	8.288000E+1	-1.400000E+11	1.322937E-7	-1.290393E+1	-5.730826E+3	2.145756E+0
2.985000E+2	2.571526E-11	1.325000E+2	-1.500000E+11	2.162241E-7	-1.300184E+1	-6.140171E+3	2.161334E+0
2.984000E+2	5.092969E-11	1.132000E+2	-1.600000E+11	1.603511E-7	-1.318220E+1	-6.549516E+3	1.933016E+0
2.983000E+2	3.453453E-11	1.152000E+2	-1.700000E+11	2.632652E-7	-1.312190E+1	-6.958860E+3	1.989151E+0
2.982000E+2	5.247996E-11	1.072000E+2	-1.800000E+11	1.842652E-7	-1.333065E+1	-7.368205E+3	1.841083E+0
2.981000E+2	5.719789E-11	1.237000E+2	-1.900000E+11	2.895194E-7	-1.322666E+1	-7.777550E+3	1.751804E+0
2.980000E+2	4.675907E-11	1.308000E+2	-2.000000E+11	2.670922E-7	-1.339857E+1	-8.186895E+3	1.790163E+0
2.979000E+2	7.092444E-11	1.118000E+2	-2.100000E+11	2.571722E-7	-1.343446E+1	-8.596239E+3	1.547867E+0
2.978000E+2	3.495315E-11	1.291000E+2	-2.200000E+11	3.474772E-7	-1.343207E+1	-9.005584E+3	1.651937E+0
2.977000E+2	6.546564E-11	1.118000E+2	-2.300000E+11	2.457825E-7	-1.359194E+1	-9.414929E+3	1.526627E+0
2.976000E+2	5.638785E-11	1.125000E+2	-2.400000E+11	3.645853E-7	-1.352911E+1	-9.824274E+3	1.477910E+0
2.975000E+2	7.257379E-11	1.171000E+2	-2.500000E+11	2.767769E-7	-1.367052E+1	-1.023362E+4	1.466042E+0
2.974000E+2	5.091014E-11	1.114000E+2	-2.600000E+11	3.080199E-7	-1.367573E+1	-1.064296E+4	1.326911E+0
2.973000E+2	6.361871E-11	1.107000E+2	-2.700000E+11	3.303445E-7	-1.370483E+1	-1.105231E+4	1.340474E+0
2.972000E+2	8.365726E-11	1.120000E+2	-2.800000E+11	3.014258E-7	-1.377651E+1	-1.146165E+4	1.291437E+0
2.971000E+2	6.578009E-11	1.252000E+2	-2.900000E+11	3.003413E-7	-1.381409E+1	-1.187100E+4	1.216273E+0
2.970000E+2	4.460403E-11	1.242000E+2	-3.000000E+11	3.170373E-7	-1.382521E+1	-1.228034E+4	1.200598E+0
2.969000E+2	5.607072E-11	1.069000E+2	-3.100000E+11	2.731088E-7	-1.389162E+1	-1.268969E+4	1.150411E+0
2.968000E+2	6.726679E-11	1.148000E+2	-3.200000E+11	3.037983E-7	-1.389071E+1	-1.309903E+4	1.095994E+0
2.967000E+2	7.639430E-11	1.137000E+2	-3.300000E+11	2.989680E-7	-1.391734E+1	-1.350838E+4	1.086664E+0
2.966000E+2	7.051159E-11	1.067000E+2	-3.400000E+11	2.840843E-7	-1.395655E+1	-1.391772E+4	1.044752E+0
2.965000E+2	6.866193E-11	1.196000E+2	-3.500000E+11	2.852152E-7	-1.397124E+1	-1.432707E+4	1.007819E+0
2.964000E+2	5.705946E-11	9.490000E+1	-3.600000E+11	2.853183E-7	-1.398170E+1	-1.473641E+4	9.835714E-1
2.963000E+2	5.050581E-11	1.204000E+2	-3.700000E+11	2.732960E-7	-1.401005E+1	-1.514576E+4	9.523098E-1
2.962000E+2	7.771719E-11	1.065000E+2	-3.800000E+11	2.838330E-7	-1.400965E+1	-1.555510E+4	9.242945E-1
2.961000E+2	5.706159E-11	1.016000E+2	-3.900000E+11	2.743285E-7	-1.403185E+1	-1.596444E+4	9.051063E-1
2.960000E+2	7.821809E-11	1.134000E+2	-4.000000E+11	2.755306E-7	-1.404445E+1	-1.637379E+4	8.771197E-1
2.959000E+2	8.908602E-11	1.112000E+2	-4.100000E+11	2.549098E-7	-1.405718E+1	-1.678313E+4	8.569281E-1
2.958000E+2	5.752477E-11	1.218000E+2	-4.200000E+11	2.522115E-7	-1.407569E+1	-1.719248E+4	8.233981E-1
2.957000E+2	9.732116E-11	1.052000E+2	-4.300000E+11	2.395596E-7	-1.407644E+1	-1.760182E+4	8.027981E-1
2.956000E+2	9.225129E-11	9.611000E+1	-4.400000E+11	2.225970E-7	-1.409319E+1	-1.801117E+4	7.769927E-1
2.955000E+2	9.195717E-11	9.945000E+1	-4.500000E+11	2.211680E-7	-1.410217E+1	-1.842051E+4	7.489914E-1
2.954000E+2	7.111678E-11	1.008000E+2	-4.600000E+11	2.011461E-7	-1.410061E+1	-1.882986E+4	7.299117E-1
2.953000E+2	7.451458E-11	1.154000E+2	-4.700000E+11	1.943431E-7	-1.412291E+1	-1.923920E+4	7.046732E-1
2.952000E+2	9.267450E-11	1.104000E+2	-4.800000E+11	1.884442E-7	-1.411484E+1	-1.964855E+4	6.802372E-1
2.951000E+2	9.219185E-11	1.194000E+2	-4.900000E+11	1.842640E-7	-1.412934E+1	-2.005789E+4	6.653727E-1
2.950000E+2	1.127957E-10	1.135000E+2	-5.000000E+11	1.768733E-7	-1.413374E+1	-2.046724E+4	6.468371E-1
2.949000E+2	1.163218E-10	1.151000E+2	-5.100000E+11	1.704383E-7	-1.414803E+1	-2.087658E+4	6.315875E-1
2.948000E+2	1.109958E-10	1.135000E+2	-5.200000E+11	1.560727E-7	-1.415500E+1	-2.128593E+4	6.109677E-1
2.947000E+2	8.145936E-11	1.186000E+2	-5.300000E+11	1.491699E-7	-1.417731E+1	-2.169527E+4	5.955526E-1
2.946000E+2	8.549000E-11	1.130000E+2	-5.400000E+11	1.400054E-7	-1.417807E+1	-2.210462E+4	5.697039E-1
2.945000E+2	9.820846E-11	1.118000E+2	-5.500000E+11	1.143939E-7	-1.419701E+1	-2.251396E+4	5.589230E-1
2.944000E+2	8.727157E-11	1.147000E+2	-5.600000E+11	8.358659E-8	-1.421779E+1	-2.292330E+4	5.327051E-1
2.943000E+2	9.175100E-11	1.045000E+2	-5.700000E+11	1.147401E-7	-1.420559E+1	-2.333265E+4	4.650926E-1
2.942000E+2	9.415453E-11	1.075000E+2	-5.800000E+11	1.182063E-7	-1.417504E+1	-2.374199E+4	4.969372E-1
2.941000E+2	7.539578E-11	1.223000E+2	-5.900000E+11	1.120055E-7	-1.419180E+1	-2.415134E+4	4.937352E-1
2.940000E+2	9.060391E-11	1.180000E+2	-6.000000E+11	1.205353E-7	-1.420592E+1	-2.456068E+4	4.844478E-1
2.939000E+2	8.710781E-11	1.091000E+2	-6.100000E+11	1.191381E-7	-1.420595E+1	-2.497003E+4	4.815125E-1
2.938000E+2	6.647143E-11	1.040000E+2	-6.200000E+11	1.212481E-7	-1.421683E+1	-2.537937E+4	4.690770E-1
2.937000E+2	8.158635E-11	1.084000E+2	-6.300000E+11	1.167946E-7	-1.422490E+1	-2.578872E+4	4.731128E-1
2.936000E+2	9.080819E-11	1.098000E+2	-6.400000E+11	1.136340E-7	-1.423595E+1	-2.619806E+4	4.532835E-1
2.935000E+2	5.986102E-11	1.173000E+2	-6.500000E+11	1.086614E-7	-1.424275E+1	-2.660741E+4	4.523203E-1
2.934000E+2	4.910252E-11	1.140000E+2	-6.600000E+11	1.053868E-7	-1.425019E+1	-2.701675E+4	4.353240E-1
2.933000E+2	4.075192E-11	9.197000E+1	-6.700000E+11	1.012508E-7	-1.425353E+1	-2.742610E+4	4.290944E-1
2.932000E+2	4.477921E-11	1.030000E+2	-6.800000E+11	9.021030E-8	-1.425925E+1	-2.783544E+4	4.164339E-1
2.931000E+2	6.184962E-11	1.132000E+2	-6.900000E+11	9.044424E-8	-1.426564E+1	-2.824479E+4	4.080144E-1
2.930000E+2	3.817434E-11	1.109000E+2	-7.000000E+11	8.405200E-8	-1.426555E+1	-2.865413E+4	3.869217E-1
2.929000E+2	5.274486E-11	1.122000E+2	-7.100000E+11	8.634115E-8	-1.426521E+1	-2.906348E+4	3.884878E-1
2.928000E+2	4.890004E-11	1.183000E+2	-7.200000E+11	8.270330E-8	-1.426698E+1	-2.947282E+4	3.716008E-1
2.927000E+2	3.918850E-11	1.013000E+2	-7.300000E+11	7.510896E-8	-1.427082E+1	-2.988217E+4	3.724448E-1
2.926000E+2	5.416324E-11	1.200000E+2	-7.400000E+11	7.376566E-8	-1.427939E+1	-3.029151E+4	3.607061E-1
2.925000E+2	3.751003E-11	1.334000E+2	-7.500000E+11	5.021251E-8	-1.428174E+1	-3.070085E+4	3.474003E-1
2.924000E+2	4.857057E-11	1.045000E+2	-7.600000E+11	5.837268E-8	-1.429427E+1	-3.111020E+4	3.398991E-1
2.923000E+2	3.995760E-11	1.098000E+2	-7.700000E+11	6.363109E-8	-1.428601E+1	-3.151954E+4	2.970666E-1
2.922000E+2	7.252563E-11	1.084000E+2	-7.800000E+11	5.873359E-8	-1.426462E+1	-3.192889E+4	3.171858E-1
2.921000E+2	4.845056E-11	1.036000E+2	-7.900000E+11	5.645045E-8	-1.428006E+1	-3.233823E+4	3.157548E-1
2.920000E+2	5.586827E-11	1.052000E+2	-8.000000E+11	5.762287E-8	-1.428482E+1	-3.274758E+4	3.047223E-1
2.919000E+2	4.910252E-11	1.140000E+2	-8.100000E+11	5.472320E-8	-1.428348E+1	-3.315692E+4	2.987650E-1
2.918000E+2	4.281364E-11	1.243000E+2	-8.200000E+11	5.488490E-8	-1.428960E+1	-3.356627E+4	2.964946E-1
2.917000E+2	5.772518E-11	1.204000E+2	-8.300000E+11	5.327884E-8	-1.429395E+1	-3.397561E+4	2.885960E-1
2.916000E+2	6.545118E-11	1.147000E+2	-8.400000E+11	5.272665E-8	-1.429722E+1	-3.438496E+4	2.855835E-1
2.915000E+2	4.502620E-11	1.308000E+2	-8.500000E+11	5.179274E-8	-1.430174E+1	-3.479430E+4	2.798172E-1
2.914000E+2	5.980157E-11	1.180000E+2	-8.600000E+11	5.332159E-8	-1.430659E+1	-3.520365E+4	2.758280E-1
2.913000E+2	6.175356E-11	1.098000E+2	-8.700000E+11	4.901073E-8	-1.430633E+1	-3.561299E+4	2.708943E-1
2.912000E+2	3.387817E-11	1.244000E+2	-8.800000E+11	4.918522E-8	-1.431497E+1	-3.602234E+4	2.709186E-1
2.911000E+2	5.345542E-11	1.246000E+2	-8.900000E+11	4.545168E-8	-1.431631E+1	-3.643168E+4	2.605201E-1
2.910000E+2	3.793912E-11	1.063000E+2	-9.000000E+11	4.561475E-8	-1.432327E+1	-3.684103E+4	2.592269E-1
2.909000E+2	5.761487E-11	1.048000E+2	-9.100000E+11	4.558408E-8	-1.432122E+1	-3.725037E+4	2.488384E-1
2.908000E+2	3.249636E-11	1.329000E+2	-9.200000E+11	4.275350E-8	-1.432354E+1	-3.765972E+4	2.475860E-1
2.907000E+2	3.968668E-11	1.056000E+2	-9.300000E+11	4.257476E-8	-1.432533E+1	-3.806906E+4	2.440021E-1
2.906000E+2	3.819162E-11	1.142000E+2	-9.400000E+11	3.931767E-8	-1.432903E+1	-3.847840E+4	2.376325E-1
2.905000E+2	3.065548E-11	1.055000E+2	-9.500000E+11	3.746961E-8	-1.433023E+1	-3.888775E+4	2.348548E-1
2.904000E+2	1.385271E-11	9.519000E+1	-9.600000E+11	3.671130E-8	-1.433556E+1	-3.929709E+4	2.267418E-1
2.903000E+2	3.038917E-11	8.456000E+1	-9.700000E+11	3.183485E-8	-1.433697E+1	-3.970644E+4	2.208898E-1
2.902000E+2	7.186420E-12	1.040000E+2	-9.800000E+11	2.975159E-8	-1.434011E+1	-4.011578E+4	2.181611E-1
2.901000E+2	-3.319628E-12	1.130000E+1	-9.900000E+11	2.285378E-8	-1.434703E+1	-4.052513E+4	2.050831E-1
2.900000E+2	1.686547E-11	1.350000E+2	-1.000000E+12	2.777481E-8	-1.435156E+1	-4.093447E+4	2.035744E-1
2.899000E+2	1.959425E-11	1.013000E+2	-1.010000E+12	2.834209E-8	-1.434995E+1	-4.134382E+4	1.761223E-1
2.898000E+2	1.090993E-11	1.132000E+2	-1.020000E+12	2.544276E-8	-1.433683E+1	-4.175316E+4	1.868740E-1
2.897000E+2	7.919712E-12	4.881000E+1	-1.030000E+12	2.457900E-8	-1.434568E+1	-4.216251E+4	1.874610E-1
2.896000E+2	8.011249E-12	1.640000E+2	-1.040000E+12	2.446482E-8	-1.435737E+1	-4.257185E+4	1.841199E-1
2.895000E+2	4.376455E-13	-1.616000E+2	-1.050000E+12	2.317258E-8	-1.435987E+1	-4.298120E+4	1.745185E-1
2.894000E+2	1.435344E-11	1.509000E+2	-1.060000E+12	2.197587E-8	-1.436517E+1	-4.339054E+4	1.747421E-1
2.893000E+2	4.155715E-12	1.534000E+2	-1.070000E+12	2.065740E-8	-1.437525E+1	-4.379989E+4	1.695600E-1
2.892000E+2	-1.686547E-12	-4.500000E+1	-1.080000E+12	1.909964E-8	-1.438342E+1	-4.420923E+4	1.658921E-1
2.891000E+2	1.029879E-11	1.490000E+2	-1.090000E+12	1.507303E-8	-1.439218E+1	-4.461858E+4	1.603141E-1
2.890000E+2	-1.420290E-11	-5.446000E+1	-1.100000E+12	5.782882E-9	-1.440530E+1	-4.502792E+4	1.530038E-1
2.889000E+2	-2.268597E-12	1.403000E+1	-1.110000E+12	1.057372E-8	-1.442314E+1	-4.543727E+4	1.513366E-1
2.888000E+2	0.000000E+0	8.999000E+1	-1.120000E+12	1.567756E-8	-1.409989E+1	-4.584661E+4	9.605803E-2
2.887000E+2	-1.364452E-11	-1.084000E+2	-1.130000E+12	1.524460E-8	-1.394969E+1	-4.625595E+4	1.078056E-1
2.886000E+2	-1.471042E-11	-3.097000E+1	-1.140000E+12	1.655313E-8	-1.397615E+1	-4.666530E+4	1.027214E-1
2.885000E+2	-1.779316E-11	-5.501000E+1	-1.150000E+12	1.118277E-8	-1.398671E+1	-4.707464E+4	1.374587E-1
2.884000E+2	-2.363872E-11	-6.523000E+1	-1.160000E+12	3.863507E-9	-1.400416E+1	-4.748399E+4	1.261201E-1
2.883000E+2	-1.362819E-12	-1.350000E+2	-1.170000E+12	1.177864E-8	-1.402288E+1	-4.789333E+4	1.301263E-1
2.882000E+2	-1.352066E-11	-6.711000E+0	-1.180000E+12	1.651615E-8	-1.403824E+1	-4.830268E+4	1.013883E-1
2.881000E+2	-1.466280E-11	-4.060000E+1	-1.190000E+12	1.805429E-8	-1.440816E+1	-4.871202E+4	-3.942345E-2
2.880000E+2	4.246371E-12	-1.705000E+2	-1.200000E+12	1.517612E-8	0.000000E+0	0.000000E+0	0.000000E+0
2.879000E+2	-1.109709E-11	-9.634000E+1	-1.210000E+12	1.001304E-8	0.000000E+0	0.000000E+0	0.000000E+0
2.878000E+2	-2.737619E-11	-8.682000E+1	-1.220000E+12	1.503373E-8	0.000000E+0	0.000000E+0	0.000000E+0
2.877000E+2	-2.816545E-11	-5.244000E+1	-1.230000E+12	1.036286E-8	0.000000E+0	0.000000E+0	0.000000E+0
2.876000E+2	-1.990400E-11	-7.290000E+1	-1.240000E+12	1.355703E-8	0.000000E+0	0.000000E+0	0.000000E+0
2.875000E+2	-1.742423E-11	-1.227000E+2	-1.250000E+12	1.312869E-8	0.000000E+0	0.000000E+0	0.000000E+0
2.874000E+2	-1.178930E-11	-1.166000E+2	-1.260000E+12	1.304183E-8	0.000000E+0	0.000000E+0	0.000000E+0
2.873000E+2	-1.589083E-11	-3.788000E+1	-1.270000E+12	1.325413E-8	0.000000E+0	0.000000E+0	0.000000E+0
2.872000E+2	-3.451598E-11	-4.163000E+1	-1.280000E+12	1.104688E-8	0.000000E+0	0.000000E+0	0.000000E+0
2.871000E+2	-4.532544E-11	-7.157000E+1	-1.290000E+12	1.043540E-8	0.000000E+0	0.000000E+0	0.000000E+0
2.870000E+2	-4.869680E-11	-4.997000E+1	-1.300000E+12	8.997738E-9	0.000000E+0	0.000000E+0	0.000000E+0
2.869000E+2	-5.990823E-11	-7.065000E+1	-1.310000E+12	8.777206E-9	0.000000E+0	0.000000E+0	0.000000E+0
2.868000E+2	-4.179559E-11	-6.436000E+1	-1.320000E+12	7.030409E-9	0.000000E+0	0.000000E+0	0.000000E+0
2.867000E+2	-3.801133E-11	-8.523000E+1	-1.330000E+12	8.416395E-9	0.000000E+0	0.000000E+0	0.000000E+0
2.866000E+2	-2.898615E-11	-6.193000E+1	-1.340000E+12	5.498108E-9	0.000000E+0	0.000000E+0	0.000000E+0
2.865000E+2	-5.305696E-11	-4.271000E+1	-1.350000E+12	5.828274E-9	0.000000E+0	0.000000E+0	0.000000E+0
2.864000E+2	-6.866469E-11	-6.042000E+1	-1.360000E+12	4.929166E-9	0.000000E+0	0.000000E+0	0.000000E+0
2.863000E+2	-6.094380E-11	-5.718000E+1	-1.370000E+12	5.071460E-9	0.000000E+0	0.000000E+0	0.000000E+0
2.862000E+2	-6.343731E-11	-6.210000E+1	-1.380000E+12	4.613484E-9	0.000000E+0	0.000000E+0	0.000000E+0
2.861000E+2	-5.919772E-11	-8.384000E+1	-1.390000E+12	3.884376E-9	0.000000E+0	0.000000E+0	0.000000E+0
2.860000E+2	-5.673858E-11	-5.409000E+1	-1.400000E+12	4.337778E-9	0.000000E+0	0.000000E+0	0.000000E+0
2.859000E+2	-6.208036E-11	-7.983000E+1	-1.410000E+12	9.120238E-10	0.000000E+0	0.000000E+0	0.000000E+0
2.858000E+2	-5.809767E-11	-6.344000E+1	-1.420000E+12	5.223933E-9	0.000000E+0	0.000000E+0	0.000000E+0
2.857000E+2	-5.878487E-11	-7.869000E+1	-1.430000E+12	6.207240E-9	0.000000E+0	0.000000E+0	0.000000E+0
2.856000E+2	-5.035603E-11	-5.839000E+1	-1.440000E+12	6.708025E-9	0.000000E+0	0.000000E+0	0.000000E+0
2.855000E+2	-5.351027E-11	-7.831000E+1	-1.450000E+12	6.340035E-9	0.000000E+0	0.000000E+0	0.000000E+0
2.854000E+2	-4.517861E-11	-7.349000E+1	-1.460000E+12	6.676480E-9	0.000000E+0	0.000000E+0	0.000000E+0
2.853000E+2	-8.345691E-11	-6.291000E+1	-1.470000E+12	6.196976E-9	0.000000E+0	0.000000E+0	0.000000E+0
2.852000E+2	-6.321418E-11	-7.386000E+1	-1.480000E+12	6.884980E-9	0.000000E+0	0.000000E+0	0.000000E+0
2.851000E+2	-7.250905E-11	-6.224000E+1	-1.490000E+12	6.191047E-9	0.000000E+0	0.000000E+0	0.000000E+0
2.850000E+2	-6.370571E-11	-8.581000E+1	-1.500000E+12	5.342953E-9	0.000000E+0	0.000000E+0	0.000000E+0
2.849000E+2	-7.237196E-11	-6.108000E+1	-1.510000E+12	6.251945E-9	0.000000E+0	0.000000E+0	0.000000E+0
2.848000E+2	-5.817016E-11	-6.488000E+1	-1.520000E+12	5.515607E-9	0.000000E+0	0.000000E+0	0.000000E+0
2.847000E+2	-8.438311E-11	-7.623000E+1	-1.530000E+12	5.613466E-9	0.000000E+0	0.000000E+0	0.000000E+0
2.846000E+2	-6.683489E-11	-6.026000E+1	-1.540000E+12	5.019367E-9	0.000000E+0	0.000000E+0	0.000000E+0
2.845000E+2	-7.546564E-11	-7.597000E+1	-1.550000E+12	4.509374E-9	0.000000E+0	0.000000E+0	0.000000E+0
2.844000E+2	-4.997381E-11	-5.588000E+1	-1.560000E+12	4.494675E-9	0.000000E+0	0.000000E+0	0.000000E+0
2.843000E+2	-9.402779E-11	-6.075000E+1	-1.570000E+12	3.661149E-9	0.000000E+0	0.000000E+0	0.000000E+0
2.842000E+2	-6.511530E-11	-6.095000E+1	-1.580000E+12	4.481122E-9	0.000000E+0	0.000000E+0	0.000000E+0
2.841000E+2	-5.281748E-11	-5.244000E+1	-1.590000E+12	3.843306E-9	0.000000E+0	0.000000E+0	0.000000E+0
2.840000E+2	-4.290229E-11	-5.631000E+1	-1.600000E+12	2.085384E-9	0.000000E+0	0.000000E+0	0.000000E+0
2.839000E+2	-7.040157E-11	-4.773000E+1	-1.610000E+12	1.786003E-9	0.000000E+0	0.000000E+0	0.000000E+0
2.838000E+2	-5.959144E-11	-6.007000E+1	-1.620000E+12	2.836285E-9	0.000000E+0	0.000000E+0	0.000000E+0
2.837000E+2	-6.182115E-11	-6.875000E+1	-1.630000E+12	3.307190E-9	0.000000E+0	0.000000E+0	0.000000E+0
2.836000E+2	-3.728873E-11	-5.446000E+1	-1.640000E+12	2.175578E-9	0.000000E+0	0.000000E+0	0.000000E+0
2.835000E+2	-3.692070E-11	-5.213000E+1	-1.650000E+12	2.771712E-9	0.000000E+0	0.000000E+0	0.000000E+0
2.834000E+2	-7.441861E-11	-7.077000E+1	-1.660000E+12	1.591285E-9	0.000000E+0	0.000000E+0	0.000000E+0
2.833000E+2	-3.089269E-11	-3.097000E+1	-1.670000E+12	8.761368E-10	0.000000E+0	0.000000E+0	0.000000E+0
2.832000E+2	-5.212108E-11	-4.977000E+1	-1.680000E+12	1.647154E-9	0.000000E+0	0.000000E+0	0.000000E+0
2.831000E+2	-6.627552E-11	-7.701000E+1	-1.690000E+12	2.033359E-9	0.000000E+0	0.000000E+0	0.000000E+0
2.830000E+2	-6.660185E-11	-7.526000E+1	-1.700000E+12	1.984436E-9	0.000000E+0	0.000000E+0	0.000000E+0
2.829000E+2	-7.450381E-11	-6.959000E+1	-1.710000E+12	1.047621E-9	0.000000E+0	0.000000E+0	0.000000E+0
2.828000E+2	-6.002415E-11	-6.620000E+1	-1.720000E+12	5.339609E-10	0.000000E+0	0.000000E+0	0.000000E+0
2.827000E+2	-7.802079E-11	-6.291000E+1	-1.730000E+12	1.495218E-9	0.000000E+0	0.000000E+0	0.000000E+0
2.826000E+2	-5.974248E-11	-6.139000E+1	-1.740000E+12	1.819732E-9	0.000000E+0	0.000000E+0	0.000000E+0
2.825000E+2	-7.820832E-11	-6.799000E+1	-1.750000E+12	1.290776E-9	0.000000E+0	0.000000E+0	0.000000E+0
2.824000E+2	-7.814791E-11	-6.454000E+1	-1.760000E+12	1.790726E-9	0.000000E+0	0.000000E+0	0.000000E+0
2.823000E+2	-9.761973E-11	-7.339000E+1	-1.770000E+12	1.207971E-9	0.000000E+0	0.000000E+0	0.000000E+0
2.822000E+2	-8.184521E-11	-6.638000E+1	-1.780000E+12	1.671470E-9	0.000000E+0	0.000000E+0	0.000000E+0
2.821000E+2	-7.620256E-11	-6.288000E+1	-1.790000E+12	1.015921E-9	0.000000E+0	0.000000E+0	0.000000E+0
2.820000E+2	-9.626983E-11	-6.391000E+1	-1.800000E+12	7.875061E-10	0.000000E+0	0.000000E+0	0.000000E+0
2.819000E+2	-6.366975E-11	-6.716000E+1	-1.810000E+12	1.062130E-9	0.000000E+0	0.000000E+0	0.000000E+0
2.818000E+2	-7.717413E-11	-5.762000E+1	-1.820000E+12	1.306426E-9	0.000000E+0	0.000000E+0	0.000000E+0
2.817000E+2	-1.047001E-10	-5.994000E+1	-1.830000E+12	6.916103E-10	0.000000E+0	0.000000E+0	0.000000E+0
2.816000E+2	-1.054536E-10	-6.870000E+1	-1.840000E+12	9.141487E-10	0.000000E+0	0.000000E+0	0.000000E+0
2.815000E+2	-8.697643E-11	-6.199000E+1	-1.850000E+12	6.747946E-10	0.000000E+0	0.000000E+0	0.000000E+0
2.814000E+2	-1.107623E-10	-7.075000E+1	-1.860000E+12	1.379013E-10	0.000000E+0	0.000000E+0	0.000000E+0
2.813000E+2	-1.109534E-10	-6.866000E+1	-1.870000E+12	6.228897E-10	0.000000E+0	0.000000E+0	0.000000E+0
2.812000E+2	-9.774601E-11	-6.131000E+1	-1.880000E+12	9.143314E-10	0.000000E+0	0.000000E+0	0.000000E+0
2.811000E+2	-1.170179E-10	-5.889000E+1	-1.890000E+12	8.045391E-10	0.000000E+0	0.000000E+0	0.000000E+0
2.810000E+2	-1.144179E-10	-7.023000E+1	-1.900000E+12	7.477901E-10	0.000000E+0	0.000000E+0	0.000000E+0
2.809000E+2	-1.307343E-10	-7.065000E+1	-1.910000E+12	1.011136E-9	0.000000E+0	0.000000E+0	0.000000E+0
2.808000E+2	-1.218418E-10	-6.523000E+1	-1.920000E+12	5.616485E-10	0.000000E+0	0.000000E+0	0.000000E+0
2.807000E+2	-1.175242E-10	-6.087000E+1	-1.930000E+12	1.069079E-9	0.000000E+0	0.000000E+0	0.000000E+0
2.806000E+2	-9.791770E-11	-7.157000E+1	-1.940000E+12	8.004179E-10	0.000000E+0	0.000000E+0	0.000000E+0
2.805000E+2	-1.305805E-10	-5.651000E+1	-1.950000E+12	1.284127E-9	0.000000E+0	0.000000E+0	0.000000E+0
2.804000E+2	-1.008784E-10	-5.888000E+1	-1.960000E+12	1.397914E-9	0.000000E+0	0.000000E+0	0.000000E+0
2.803000E+2	-1.253678E-10	-6.963000E+1	-1.970000E+12	1.299772E-9	0.000000E+0	0.000000E+0	0.000000E+0
2.802000E+2	-1.065803E-10	-6.036000E+1	-1.980000E+12	4.435172E-10	0.000000E+0	0.000000E+0	0.000000E+0
2.801000E+2	-9.559177E-11	-5.953000E+1	-1.990000E+12	6.928025E-10	0.000000E+0	0.000000E+0	0.000000E+0
2.800000E+2	-9.457530E-11	-6.801000E+1	-2.000000E+12	1.029673E-9	0.000000E+0	0.000000E+0	0.000000E+0
2.799000E+2	-8.363978E-11	-6.546000E+1	-2.010000E+12	7.870495E-10	0.000000E+0	0.000000E+0	0.000000E+0
2.798000E+2	-1.236096E-10	-6.481000E+1	-2.020000E+12	1.607236E-10	0.000000E+0	0.000000E+0	0.000000E+0
2.797000E+2	-9.812256E-11	-6.968000E+1	-2.030000E+12	2.359559E-10	0.000000E+0	0.000000E+0	0.000000E+0
2.796000E+2	-1.017490E-10	-6.388000E+1	-2.040000E+12	3.107607E-10	0.000000E+0	0.000000E+0	0.000000E+0
2.795000E+2	-9.684006E-11	-7.665000E+1	-2.050000E+12	6.433578E-10	0.000000E+0	0.000000E+0	0.000000E+0
2.794000E+2	-1.035699E-10	-6.987000E+1	-2.060000E+12	6.407782E-10	0.000000E+0	0.000000E+0	0.000000E+0
2.793000E+2	-9.088657E-11	-6.486000E+1	-2.070000E+12	6.820339E-10	0.000000E+0	0.000000E+0	0.000000E+0
2.792000E+2	-8.890962E-11	-6.297000E+1	-2.080000E+12	9.732659E-10	0.000000E+0	0.000000E+0	0.000000E+0
2.791000E+2	-9.787392E-11	-7.188000E+1	-2.090000E+12	2.280734E-10	0.000000E+0	0.000000E+0	0.000000E+0
2.790000E+2	-9.817656E-11	-6.889000E+1	-2.100000E+12	5.565390E-10	0.000000E+0	0.000000E+0	0.000000E+0
2.789000E+2	-9.739633E-11	-5.953000E+1	-2.110000E+12	3.836230E-10	0.000000E+0	0.000000E+0	0.000000E+0
2.788000E+2	-8.548997E-11	-6.695000E+1	-2.120000E+12	2.734242E-10	0.000000E+0	0.000000E+0	0.000000E+0
2.787000E+2	-7.411085E-11	-6.057000E+1	-2.130000E+12	4.654982E-10	0.000000E+0	0.000000E+0	0.000000E+0
2.786000E+2	-8.900041E-11	-6.391000E+1	-2.140000E+12	2.570689E-10	0.000000E+0	0.000000E+0	0.000000E+0
2.785000E+2	-8.543048E-11	-7.891000E+1	-2.150000E+12	2.301049E-10	0.000000E+0	0.000000E+0	0.000000E+0
2.784000E+2	-7.957786E-11	-6.084000E+1	-2.160000E+12	8.141250E-10	0.000000E+0	0.000000E+0	0.000000E+0
2.783000E+2	-5.723897E-11	-7.748000E+1	-2.170000E+12	3.559256E-10	0.000000E+0	0.000000E+0	0.000000E+0
2.782000E+2	-7.123017E-11	-5.523000E+1	-2.180000E+12	2.597495E-10	0.000000E+0	0.000000E+0	0.000000E+0
2.781000E+2	-7.797132E-11	-7.157000E+1	-2.190000E+12	2.017263E-10	0.000000E+0	0.000000E+0	0.000000E+0
2.780000E+2	-8.365514E-11	-6.592000E+1	-2.200000E+12	2.831068E-10	0.000000E+0	0.000000E+0	0.000000E+0
2.779000E+2	-5.782306E-11	-7.361000E+1	-2.210000E+12	3.638474E-10	0.000000E+0	0.000000E+0	0.000000E+0
2.778000E+2	-3.989277E-11	-7.157000E+1	-2.220000E+12	8.789844E-10	0.000000E+0	0.000000E+0	0.000000E+0
2.777000E+2	-5.728462E-11	-5.677000E+1	-2.230000E+12	1.148830E-9	0.000000E+0	0.000000E+0	0.000000E+0
2.776000E+2	-4.536416E-11	-7.091000E+1	-2.240000E+12	9.447121E-10	0.000000E+0	0.000000E+0	0.000000E+0
2.775000E+2	-5.435649E-11	-6.193000E+1	-2.250000E+12	5.965446E-10	0.000000E+0	0.000000E+0	0.000000E+0
2.774000E+2	-5.632009E-11	-8.164000E+1	-2.260000E+12	6.646461E-10	0.000000E+0	0.000000E+0	0.000000E+0
2.773000E+2	-4.359192E-11	-7.020000E+1	-2.270000E+12	4.062519E-10	0.000000E+0	0.000000E+0	0.000000E+0
2.772000E+2	-3.434730E-11	-6.064000E+1	-2.280000E+12	7.567788E-10	0.000000E+0	0.000000E+0	0.000000E+0
2.771000E+2	-7.087515E-11	-6.945000E+1	-2.290000E+12	1.235045E-9	0.000000E+0	0.000000E+0	0.000000E+0
2.770000E+2	-4.905788E-11	-6.436000E+1	-2.300000E+12	5.042587E-10	0.000000E+0	0.000000E+0	0.000000E+0
2.769000E+2	-4.693952E-11	-6.002000E+1	-2.310000E+12	3.344820E-10	0.000000E+0	0.000000E+0	0.000000E+0
2.768000E+2	-3.674217E-11	-8.288000E+1	-2.320000E+12	1.032892E-9	0.000000E+0	0.000000E+0	0.000000E+0
2.767000E+2	-2.537035E-11	-6.193000E+1	-2.330000E+12	2.946993E-10	0.000000E+0	0.000000E+0	0.000000E+0
2.766000E+2	-5.980339E-11	-6.202000E+1	-2.340000E+12	1.059325E-9	0.000000E+0	0.000000E+0	0.000000E+0
2.765000E+2	-4.520188E-11	-8.409000E+1	-2.350000E+12	5.956477E-11	0.000000E+0	0.000000E+0	0.000000E+0
2.764000E+2	-2.787847E-11	-8.366000E+1	-2.360000E+12	6.558203E-10	0.000000E+0	0.000000E+0	0.000000E+0
2.763000E+2	-3.581346E-11	-4.664000E+1	-2.370000E+12	8.542089E-10	0.000000E+0	0.000000E+0	0.000000E+0
2.762000E+2	-5.535020E-11	-7.802000E+1	-2.380000E+12	2.822163E-10	0.000000E+0	0.000000E+0	0.000000E+0
2.761000E+2	-3.347423E-11	-5.260000E+1	-2.390000E+12	8.614315E-10	0.000000E+0	0.000000E+0	0.000000E+0
2.760000E+2	-4.507639E-11	-4.940000E+1	-2.400000E+12	4.179141E-10	0.000000E+0	0.000000E+0	0.000000E+0
2.759000E+2	-5.455920E-11	-6.586000E+1	-2.410000E+12	4.103259E-10	0.000000E+0	0.000000E+0	0.000000E+0
2.758000E+2	-4.120182E-11	-5.698000E+1	-2.420000E+12	6.297869E-10	0.000000E+0	0.000000E+0	0.000000E+0
2.757000E+2	-4.445647E-11	-7.912000E+1	-2.430000E+12	5.396576E-10	0.000000E+0	0.000000E+0	0.000000E+0
2.756000E+2	-5.991416E-11	-6.344000E+1	-2.440000E+12	5.694017E-10	0.000000E+0	0.000000E+0	0.000000E+0
2.755000E+2	-3.911311E-11	-8.780000E+1	-2.450000E+12	2.853554E-10	0.000000E+0	0.000000E+0	0.000000E+0
2.754000E+2	-5.386803E-11	-5.780000E+1	-2.460000E+12	2.063802E-10	0.000000E+0	0.000000E+0	0.000000E+0
2.753000E+2	-3.413734E-11	-7.597000E+1	-2.470000E+12	1.215002E-10	0.000000E+0	0.000000E+0	0.000000E+0
2.752000E+2	-3.451027E-11	-9.239000E+1	-2.480000E+12	6.228726E-10	0.000000E+0	0.000000E+0	0.000000E+0
2.751000E+2	-4.533169E-11	-6.253000E+1	-2.490000E+12	7.586518E-10	0.000000E+0	0.000000E+0	0.000000E+0
2.750000E+2	-3.967029E-11	-5.942000E+1	-2.500000E+12	4.515842E-10	0.000000E+0	0.000000E+0	0.000000E+0
2.749000E+2	-3.819977E-11	-6.680000E+1	-2.510000E+12	6.275603E-10	0.000000E+0	0.000000E+0	0.000000E+0
2.748000E+2	-5.203716E-11	-7.643000E+1	-2.520000E+12	7.318646E-10	0.000000E+0	0.000000E+0	0.000000E+0
2.747000E+2	-3.615960E-11	-7.331000E+1	-2.530000E+12	9.509746E-10	0.000000E+0	0.000000E+0	0.000000E+0
2.746000E+2	-3.377694E-11	-5.478000E+1	-2.540000E+12	8.207618E-10	0.000000E+0	0.000000E+0	0.000000E+0
2.745000E+2	-3.632417E-11	-8.503000E+1	-2.550000E+12	2.790852E-10	0.000000E+0	0.000000E+0	0.000000E+0
2.744000E+2	-3.058593E-11	-5.857000E+1	-2.560000E+12	4.408695E-10	0.000000E+0	0.000000E+0	0.000000E+0
2.743000E+2	-3.497027E-11	-4.327000E+1	-2.570000E+12	5.166199E-10	0.000000E+0	0.000000E+0	0.000000E+0
2.742000E+2	-2.122449E-11	-2.808000E+1	-2.580000E+12	7.171640E-10	0.000000E+0	0.000000E+0	0.000000E+0
2.741000E+2	-3.849271E-11	-8.288000E+1	-2.590000E+12	2.297904E-10	0.000000E+0	0.000000E+0	0.000000E+0
2.740000E+2	-1.741364E-11	-5.020000E+1	-2.600000E+12	7.393544E-10	0.000000E+0	0.000000E+0	0.000000E+0
2.739000E+2	-5.702312E-11	-5.541000E+1	-2.610000E+12	9.196301E-10	0.000000E+0	0.000000E+0	0.000000E+0
2.738000E+2	-2.569453E-11	-8.663000E+1	-2.620000E+12	1.641104E-10	0.000000E+0	0.000000E+0	0.000000E+0
2.737000E+2	-1.424821E-11	-7.869000E+1	-2.630000E+12	6.117395E-10	0.000000E+0	0.000000E+0	0.000000E+0
2.736000E+2	-1.796754E-11	-7.597000E+1	-2.640000E+12	4.443444E-10	0.000000E+0	0.000000E+0	0.000000E+0
2.735000E+2	-5.685138E-12	0.000000E+0	-2.650000E+12	2.335161E-10	0.000000E+0	0.000000E+0	0.000000E+0
2.734000E+2	-7.252868E-12	-7.157000E+1	-2.660000E+12	3.831095E-10	0.000000E+0	0.000000E+0	0.000000E+0
2.733000E+2	-2.109893E-11	-5.213000E+1	-2.670000E+12	1.145021E-9	0.000000E+0	0.000000E+0	0.000000E+0
2.732000E+2	-6.814094E-13	-1.350000E+2	-2.680000E+12	1.017855E-9	0.000000E+0	0.000000E+0	0.000000E+0
2.731000E+2	-1.631796E-11	-7.157000E+1	-2.690000E+12	6.872683E-10	0.000000E+0	0.000000E+0	0.000000E+0
2.730000E+2	-2.143243E-11	-4.199000E+1	-2.700000E+12	1.950152E-10	0.000000E+0	0.000000E+0	0.000000E+0
2.729000E+2	2.346865E-11	1.059000E+2	-2.710000E+12	9.990583E-10	0.000000E+0	0.000000E+0	0.000000E+0
2.728000E+2	2.064067E-11	1.320000E+2	-2.720000E+12	1.954484E-10	0.000000E+0	0.000000E+0	0.000000E+0
2.727000E+2	1.719898E-11	1.320000E+2	-2.730000E+12	8.701014E-10	0.000000E+0	0.000000E+0	0.000000E+0
2.726000E+2	1.796605E-11	1.040000E+2	-2.740000E+12	1.113384E-10	0.000000E+0	0.000000E+0	0.000000E+0
2.725000E+2	3.450741E-11	8.760000E+1	-2.750000E+12	5.798986E-10	0.000000E+0	0.000000E+0	0.000000E+0
2.724000E+2	3.807695E-11	1.084000E+2	-2.760000E+12	5.025618E-10	0.000000E+0	0.000000E+0	0.000000E+0
2.723000E+2	2.362749E-11	1.105000E+2	-2.770000E+12	4.523596E-10	0.000000E+0	0.000000E+0	0.000000E+0
2.722000E+2	5.190342E-11	8.999000E+1	-2.780000E+12	7.943089E-10	0.000000E+0	0.000000E+0	0.000000E+0
2.721000E+2	4.329332E-11	1.308000E+2	-2.790000E+12	5.572652E-10	0.000000E+0	0.000000E+0	0.000000E+0
2.720000E+2	4.357385E-11	1.166000E+2	-2.800000E+12	2.275302E-10	0.000000E+0	0.000000E+0	0.000000E+0
2.719000E+2	8.173023E-11	1.099000E+2	-2.810000E+12	2.451673E-10	0.000000E+0	0.000000E+0	0.000000E+0
2.718000E+2	4.728971E-11	1.132000E+2	-2.820000E+12	7.565075E-10	0.000000E+0	0.000000E+0	0.000000E+0
2.717000E+2	7.633845E-11	1.107000E+2	-2.830000E+12	9.972115E-11	0.000000E+0	0.000000E+0	0.000000E+0
2.716000E+2	1.018696E-10	1.144000E+2	-2.840000E+12	4.472728E-10	0.000000E+0	0.000000E+0	0.000000E+0
2.715000E+2	1.033210E-10	1.081000E+2	-2.850000E+12	5.066615E-10	0.000000E+0	0.000000E+0	0.000000E+0
2.714000E+2	1.181854E-10	1.121000E+2	-2.860000E+12	2.741640E-10	0.000000E+0	0.000000E+0	0.000000E+0
2.713000E+2	1.090335E-10	1.150000E+2	-2.870000E+12	4.316037E-10	0.000000E+0	0.000000E+0	0.000000E+0
2.712000E+2	1.527718E-10	1.119000E+2	-2.880000E+12	6.787270E-10	0.000000E+0	0.000000E+0	0.000000E+0
2.711000E+2	1.400520E-10	1.145000E+2	-2.890000E+12	5.127913E-10	0.000000E+0	0.000000E+0	0.000000E+0
2.710000E+2	1.362253E-10	1.159000E+2	-2.900000E+12	7.108240E-10	0.000000E+0	0.000000E+0	0.000000E+0
2.709000E+2	1.396681E-10	1.175000E+2	-2.910000E+12	5.362350E-10	0.000000E+0	0.000000E+0	0.000000E+0
2.708000E+2	1.489955E-10	1.160000E+2	-2.920000E+12	3.325097E-10	0.000000E+0	0.000000E+0	0.000000E+0
2.707000E+2	1.582527E-10	1.144000E+2	-2.930000E+12	1.683661E-10	0.000000E+0	0.000000E+0	0.000000E+0
2.706000E+2	1.400693E-10	1.142000E+2	-2.940000E+12	4.236718E-10	0.000000E+0	0.000000E+0	0.000000E+0
2.705000E+2	1.651734E-10	1.166000E+2	-2.950000E+12	9.277555E-10	0.000000E+0	0.000000E+0	0.000000E+0
2.704000E+2	1.904624E-10	1.087000E+2	-2.960000E+12	4.105454E-10	0.000000E+0	0.000000E+0	0.000000E+0
2.703000E+2	1.927424E-10	1.144000E+2	-2.970000E+12	1.750570E-10	0.000000E+0	0.000000E+0	0.000000E+0
2.702000E+2	1.800462E-10	1.116000E+2	-2.980000E+12	1.297306E-9	0.000000E+0	0.000000E+0	0.000000E+0
2.701000E+2	1.981402E-10	1.153000E+2	-2.990000E+12	5.498693E-10	0.000000E+0	0.000000E+0	0.000000E+0
2.700000E+2	1.763989E-10	1.132000E+2	-3.000000E+12	2.799638E-10	0.000000E+0	0.000000E+0	0.000000E+0
2.699000E+2	1.998437E-10	1.159000E+2	-3.010000E+12	3.125293E-10	0.000000E+0	0.000000E+0	0.000000E+0
2.698000E+2	2.107108E-10	1.100000E+2	-3.020000E+12	4.531532E-10	0.000000E+0	0.000000E+0	0.000000E+0
2.697000E+2	1.854819E-10	1.122000E+2	-3.030000E+12	1.952916E-10	0.000000E+0	0.000000E+0	0.000000E+0
2.696000E+2	1.872619E-10	1.152000E+2	-3.040000E+12	4.265812E-10	0.000000E+0	0.000000E+0	0.000000E+0
2.695000E+2	2.143059E-10	1.100000E+2	-3.050000E+12	5.894381E-10	0.000000E+0	0.000000E+0	0.000000E+0
2.694000E+2	2.546007E-10	1.146000E+2	-3.060000E+12	1.836428E-10	0.000000E+0	0.000000E+0	0.000000E+0
2.693000E+2	2.580133E-10	1.157000E+2	-3.070000E+12	1.313431E-9	0.000000E+0	0.000000E+0	0.000000E+0
2.692000E+2	3.000228E-10	1.143000E+2	-3.080000E+12	2.645737E-10	0.000000E+0	0.000000E+0	0.000000E+0
2.691000E+2	3.382954E-10	1.133000E+2	-3.090000E+12	2.284023E-10	0.000000E+0	0.000000E+0	0.000000E+0
2.690000E+2	3.795696E-10	1.163000E+2	-3.100000E+12	6.795958E-10	0.000000E+0	0.000000E+0	0.000000E+0
2.689000E+2	4.127585E-10	1.145000E+2	-3.110000E+12	8.532496E-10	0.000000E+0	0.000000E+0	0.000000E+0
2.688000E+2	4.781894E-10	1.147000E+2	-3.120000E+12	4.032009E-10	0.000000E+0	0.000000E+0	0.000000E+0
2.687000E+2	5.692965E-10	1.128000E+2	-3.130000E+12	3.681732E-10	0.000000E+0	0.000000E+0	0.000000E+0
2.686000E+2	6.493960E-10	1.132000E+2	-3.140000E+12	4.939993E-10	0.000000E+0	0.000000E+0	0.000000E+0
2.685000E+2	7.183151E-10	1.143000E+2	-3.150000E+12	7.808472E-10	0.000000E+0	0.000000E+0	0.000000E+0
2.684000E+2	8.275798E-10	1.134000E+2	-3.160000E+12	5.759252E-10	0.000000E+0	0.000000E+0	0.000000E+0
2.683000E+2	9.585285E-10	1.123000E+2	-3.170000E+12	5.485058E-10	0.000000E+0	0.000000E+0	0.000000E+0
2.682000E+2	1.070959E-9	1.125000E+2	-3.180000E+12	4.471584E-10	0.000000E+0	0.000000E+0	0.000000E+0
2.681000E+2	1.198984E-9	1.133000E+2	-3.190000E+12	3.924440E-10	0.000000E+0	0.000000E+0	0.000000E+0
2.680000E+2	1.361000E-9	1.130000E+2	-3.200000E+12	2.566080E-10	0.000000E+0	0.000000E+0	0.000000E+0
2.679000E+2	1.478998E-9	1.131000E+2	-3.210000E+12	3.785822E-10	0.000000E+0	0.000000E+0	0.000000E+0
2.678000E+2	1.542991E-9	1.132000E+2	-3.220000E+12	8.851264E-10	0.000000E+0	0.000000E+0	0.000000E+0
2.677000E+2	1.443734E-9	1.141000E+2	-3.230000E+12	5.659579E-10	0.000000E+0	0.000000E+0	0.000000E+0
2.676000E+2	1.183984E-9	1.133000E+2	-3.240000E+12	2.477430E-10	0.000000E+0	0.000000E+0	0.000000E+0
2.675000E+2	7.493897E-10	1.133000E+2	-3.250000E+12	9.071984E-10	0.000000E+0	0.000000E+0	0.000000E+0
2.674000E+2	1.798532E-10	1.160000E+2	-3.260000E+12	7.540873E-10	0.000000E+0	0.000000E+0	0.000000E+0
2.673000E+2	-3.364987E-10	-6.684000E+1	-3.270000E+12	6.707510E-10	0.000000E+0	0.000000E+0	0.000000E+0
2.672000E+2	-6.929568E-10	-6.636000E+1	-3.280000E+12	9.188327E-10	0.000000E+0	0.000000E+0	0.000000E+0
2.671000E+2	-8.948928E-10	-6.677000E+1	-3.290000E+12	1.397678E-10	0.000000E+0	0.000000E+0	0.000000E+0
2.670000E+2	-1.032998E-9	-6.690000E+1	-3.300000E+12	5.794188E-10	0.000000E+0	0.000000E+0	0.000000E+0
2.669000E+2	-1.129996E-9	-6.715000E+1	-3.310000E+12	6.596862E-10	0.000000E+0	0.000000E+0	0.000000E+0
2.668000E+2	-1.252934E-9	-6.641000E+1	-3.320000E+12	3.259445E-10	0.000000E+0	0.000000E+0	0.000000E+0
2.667000E+2	-1.440999E-9	-6.695000E+1	-3.330000E+12	6.036442E-10	0.000000E+0	0.000000E+0	0.000000E+0
2.666000E+2	-1.592999E-9	-6.705000E+1	-3.340000E+12	5.431607E-10	0.000000E+0	0.000000E+0	0.000000E+0
2.665000E+2	-1.649980E-9	-6.672000E+1	-3.350000E+12	3.776948E-10	0.000000E+0	0.000000E+0	0.000000E+0
2.664000E+2	-1.551973E-9	-6.666000E+1	-3.360000E+12	1.057351E-9	0.000000E+0	0.000000E+0	0.000000E+0
2.663000E+2	-1.332000E-9	-6.698000E+1	-3.370000E+12	6.654119E-10	0.000000E+0	0.000000E+0	0.000000E+0
2.662000E+2	-1.049998E-9	-6.688000E+1	-3.380000E+12	6.430737E-10	0.000000E+0	0.000000E+0	0.000000E+0
2.661000E+2	-8.403959E-10	-6.682000E+1	-3.390000E+12	9.269033E-10	0.000000E+0	0.000000E+0	0.000000E+0
2.660000E+2	-8.002732E-10	-6.802000E+1	-3.400000E+12	3.526102E-10	0.000000E+0	0.000000E+0	0.000000E+0
2.659000E+2	-8.967350E-10	-6.769000E+1	-3.410000E+12	7.541319E-10	0.000000E+0	0.000000E+0	0.000000E+0
2.658000E+2	-1.110954E-9	-6.648000E+1	-3.420000E+12	1.071653E-9	0.000000E+0	0.000000E+0	0.000000E+0
2.657000E+2	-1.325992E-9	-6.680000E+1	-3.430000E+12	3.287568E-10	0.000000E+0	0.000000E+0	0.000000E+0
2.656000E+2	-1.634962E-9	-6.739000E+1	-3.440000E+12	4.137557E-10	0.000000E+0	0.000000E+0	0.000000E+0
2.655000E+2	-2.009854E-9	-6.631000E+1	-3.450000E+12	8.276345E-10	0.000000E+0	0.000000E+0	0.000000E+0
2.654000E+2	-2.458966E-9	-6.730000E+1	-3.460000E+12	1.367493E-9	0.000000E+0	0.000000E+0	0.000000E+0
2.653000E+2	-2.973997E-9	-6.692000E+1	-3.470000E+12	1.030730E-9	0.000000E+0	0.000000E+0	0.000000E+0
2.652000E+2	-3.656000E-9	-6.698000E+1	-3.480000E+12	1.853122E-10	0.000000E+0	0.000000E+0	0.000000E+0
2.651000E+2	-4.594984E-9	-6.685000E+1	-3.490000E+12	4.725129E-10	0.000000E+0	0.000000E+0	0.000000E+0
2.650000E+2	-5.547966E-9	-6.680000E+1	-3.500000E+12	2.928106E-10	0.000000E+0	0.000000E+0	0.000000E+0
2.649000E+2	-6.547927E-9	-6.673000E+1	-3.510000E+12	1.309431E-10	0.000000E+0	0.000000E+0	0.000000E+0
2.648000E+2	-7.741957E-9	-6.681000E+1	-3.520000E+12	6.077996E-10	0.000000E+0	0.000000E+0	0.000000E+0
2.647000E+2	-9.170980E-9	-6.688000E+1	-3.530000E+12	7.584575E-10	0.000000E+0	0.000000E+0	0.000000E+0
2.646000E+2	-1.083990E-8	-6.675000E+1	-3.540000E+12	8.029152E-10	0.000000E+0	0.000000E+0	0.000000E+0
2.645000E+2	-1.262998E-8	-6.690000E+1	-3.550000E+12	3.488726E-10	0.000000E+0	0.000000E+0	0.000000E+0
2.644000E+2	-1.434000E-8	-6.703000E+1	-3.560000E+12	2.359275E-10	0.000000E+0	0.000000E+0	0.000000E+0
2.643000E+2	-1.566000E-8	-6.703000E+1	-3.570000E+12	2.272387E-10	0.000000E+0	0.000000E+0	0.000000E+0
2.642000E+2	-1.631000E-8	-6.701000E+1	-3.580000E+12	8.034230E-10	0.000000E+0	0.000000E+0	0.000000E+0
2.641000E+2	-1.581999E-8	-6.695000E+1	-3.590000E+12	7.399957E-11	0.000000E+0	0.000000E+0	0.000000E+0
2.640000E+2	-1.347996E-8	-6.686000E+1	-3.600000E+12	7.956838E-10	0.000000E+0	0.000000E+0	0.000000E+0
2.639000E+2	-8.876714E-9	-6.746000E+1	-3.610000E+12	4.568674E-10	0.000000E+0	0.000000E+0	0.000000E+0
2.638000E+2	-2.263030E-9	-6.939000E+1	-3.620000E+12	9.570830E-10	0.000000E+0	0.000000E+0	0.000000E+0
2.637000E+2	5.638304E-9	1.139000E+2	-3.630000E+12	4.678020E-10	0.000000E+0	0.000000E+0	0.000000E+0
2.636000E+2	1.326927E-8	1.136000E+2	-3.640000E+12	3.271085E-10	0.000000E+0	0.000000E+0	0.000000E+0
2.635000E+2	1.951988E-8	1.132000E+2	-3.650000E+12	9.190844E-10	0.000000E+0	0.000000E+0	0.000000E+0
2.634000E+2	2.342996E-8	1.129000E+2	-3.660000E+12	4.124102E-10	0.000000E+0	0.000000E+0	0.000000E+0
2.633000E+2	2.487000E-8	1.130000E+2	-3.670000E+12	7.319912E-10	0.000000E+0	0.000000E+0	0.000000E+0
2.632000E+2	2.426000E-8	1.130000E+2	-3.680000E+12	2.609114E-10	0.000000E+0	0.000000E+0	0.000000E+0
2.631000E+2	2.260997E-8	1.131000E+2	-3.690000E+12	7.348271E-10	0.000000E+0	0.000000E+0	0.000000E+0
2.630000E+2	2.005988E-8	1.132000E+2	-3.700000E+12	2.870080E-10	0.000000E+0	0.000000E+0	0.000000E+0
2.629000E+2	1.711000E-8	1.130000E+2	-3.710000E+12	7.401733E-10	0.000000E+0	0.000000E+0	0.000000E+0
2.628000E+2	1.418000E-8	1.130000E+2	-3.720000E+12	2.326328E-10	0.000000E+0	0.000000E+0	0.000000E+0
2.627000E+2	1.129000E-8	1.130000E+2	-3.730000E+12	5.983996E-10	0.000000E+0	0.000000E+0	0.000000E+0
2.626000E+2	8.466987E-9	1.129000E+2	-3.740000E+12	1.847339E-10	0.000000E+0	0.000000E+0	0.000000E+0
2.625000E+2	5.971991E-9	1.131000E+2	-3.750000E+12	3.855660E-10	0.000000E+0	0.000000E+0	0.000000E+0
2.624000E+2	3.855977E-9	1.132000E+2	-3.760000E+12	7.447362E-10	0.000000E+0	0.000000E+0	0.000000E+0
2.623000E+2	2.128000E-9	1.130000E+2	-3.770000E+12	3.240362E-10	0.000000E+0	0.000000E+0	0.000000E+0
2.622000E+2	5.997286E-10	1.155000E+2	-3.780000E+12	1.063350E-10	0.000000E+0	0.000000E+0	0.000000E+0
2.621000E+2	-9.159413E-10	-6.948000E+1	-3.790000E+12	4.000758E-10	0.000000E+0	0.000000E+0	0.000000E+0
2.620000E+2	-2.386923E-9	-6.746000E+1	-3.800000E+12	4.706386E-10	0.000000E+0	0.000000E+0	0.000000E+0
2.619000E+2	-3.708977E-9	-6.680000E+1	-3.810000E+12	5.238542E-10	0.000000E+0	0.000000E+0	0.000000E+0
2.618000E+2	-4.637837E-9	-6.652000E+1	-3.820000E+12	1.478594E-10	0.000000E+0	0.000000E+0	0.000000E+0
2.617000E+2	-5.010931E-9	-6.670000E+1	-3.830000E+12	2.361354E-10	0.000000E+0	0.000000E+0	0.000000E+0
2.616000E+2	-4.972981E-9	-6.684000E+1	-3.840000E+12	3.091021E-10	0.000000E+0	0.000000E+0	0.000000E+0
2.615000E+2	-4.654843E-9	-6.653000E+1	-3.850000E+12	4.629687E-10	0.000000E+0	0.000000E+0	0.000000E+0
2.614000E+2	-4.221998E-9	-6.705000E+1	-3.860000E+12	8.676276E-10	0.000000E+0	0.000000E+0	0.000000E+0
2.613000E+2	-3.904996E-9	-6.708000E+1	-3.870000E+12	5.515569E-10	0.000000E+0	0.000000E+0	0.000000E+0
2.612000E+2	-3.651000E-9	-6.701000E+1	-3.880000E+12	4.170693E-10	0.000000E+0	0.000000E+0	0.000000E+0
2.611000E+2	-3.410991E-9	-6.713000E+1	-3.890000E+12	5.059046E-10	0.000000E+0	0.000000E+0	0.000000E+0
2.610000E+2	-3.142903E-9	-6.655000E+1	-3.900000E+12	9.878161E-10	0.000000E+0	0.000000E+0	0.000000E+0
2.609000E+2	-2.880998E-9	-6.694000E+1	-3.910000E+12	2.732883E-10	0.000000E+0	0.000000E+0	0.000000E+0
2.608000E+2	-2.435980E-9	-6.677000E+1	-3.920000E+12	6.252419E-10	0.000000E+0	0.000000E+0	0.000000E+0
2.607000E+2	-1.842985E-9	-6.677000E+1	-3.930000E+12	2.139438E-10	0.000000E+0	0.000000E+0	0.000000E+0
2.606000E+2	-1.125977E-9	-6.737000E+1	-3.940000E+12	5.514745E-10	0.000000E+0	0.000000E+0	0.000000E+0
2.605000E+2	-3.217691E-10	-6.483000E+1	-3.950000E+12	3.926623E-10	0.000000E+0	0.000000E+0	0.000000E+0
2.604000E+2	4.219589E-10	1.138000E+2	-3.960000E+12	5.863399E-10	0.000000E+0	0.000000E+0	0.000000E+0
2.603000E+2	8.930660E-10	1.125000E+2	-3.970000E+12	4.540717E-10	0.000000E+0	0.000000E+0	0.000000E+0
2.602000E+2	1.007962E-9	1.125000E+2	-3.980000E+12	4.089822E-10	0.000000E+0	0.000000E+0	0.000000E+0
2.601000E+2	8.982921E-10	1.115000E+2	-3.990000E+12	6.106953E-10	0.000000E+0	0.000000E+0	0.000000E+0
2.600000E+2	7.129902E-10	1.133000E+2	-4.000000E+12	5.587749E-10	0.000000E+0	0.000000E+0	0.000000E+0
2.599000E+2	6.710763E-10	1.119000E+2	-4.010000E+12	3.220302E-10	0.000000E+0	0.000000E+0	0.000000E+0
2.598000E+2	8.037931E-10	1.143000E+2	-4.020000E+12	5.570750E-10	0.000000E+0	0.000000E+0	0.000000E+0
2.597000E+2	1.001986E-9	1.133000E+2	-4.030000E+12	6.182714E-10	0.000000E+0	0.000000E+0	0.000000E+0
2.596000E+2	1.112985E-9	1.133000E+2	-4.040000E+12	5.553791E-10	0.000000E+0	0.000000E+0	0.000000E+0
2.595000E+2	1.092940E-9	1.136000E+2	-4.050000E+12	3.964858E-10	0.000000E+0	0.000000E+0	0.000000E+0
2.594000E+2	9.767985E-10	1.131000E+2	-4.060000E+12	6.163359E-10	0.000000E+0	0.000000E+0	0.000000E+0
2.593000E+2	8.748787E-10	1.134000E+2	-4.070000E+12	6.596144E-10	0.000000E+0	0.000000E+0	0.000000E+0
2.592000E+2	9.567942E-10	1.128000E+2	-4.080000E+12	4.474659E-11	0.000000E+0	0.000000E+0	0.000000E+0
2.591000E+2	1.183912E-9	1.123000E+2	-4.090000E+12	1.974845E-10	0.000000E+0	0.000000E+0	0.000000E+0
2.590000E+2	1.458731E-9	1.141000E+2	-4.100000E+12	4.241976E-10	0.000000E+0	0.000000E+0	0.000000E+0
2.589000E+2	1.627879E-9	1.137000E+2	-4.110000E+12	7.539190E-11	0.000000E+0	0.000000E+0	0.000000E+0
2.588000E+2	1.634960E-9	1.134000E+2	-4.120000E+12	6.058469E-10	0.000000E+0	0.000000E+0	0.000000E+0
2.587000E+2	1.512000E-9	1.130000E+2	-4.130000E+12	3.807328E-10	0.000000E+0	0.000000E+0	0.000000E+0
2.586000E+2	1.247970E-9	1.134000E+2	-4.140000E+12	2.998998E-10	0.000000E+0	0.000000E+0	0.000000E+0
2.585000E+2	8.985658E-10	1.135000E+2	-4.150000E+12	5.368504E-11	0.000000E+0	0.000000E+0	0.000000E+0
2.584000E+2	5.056723E-10	1.136000E+2	-4.160000E+12	3.273301E-10	0.000000E+0	0.000000E+0	0.000000E+0
2.583000E+2	1.048829E-10	1.192000E+2	-4.170000E+12	4.278845E-10	0.000000E+0	0.000000E+0	0.000000E+0
2.582000E+2	-2.424047E-10	-6.109000E+1	-4.180000E+12	4.662987E-10	0.000000E+0	0.000000E+0	0.000000E+0
2.581000E+2	-5.182518E-10	-6.563000E+1	-4.190000E+12	5.723055E-10	0.000000E+0	0.000000E+0	0.000000E+0
2.580000E+2	-7.075836E-10	-6.661000E+1	-4.200000E+12	4.946166E-10	0.000000E+0	0.000000E+0	0.000000E+0
2.579000E+2	-7.930086E-10	-6.613000E+1	-4.210000E+12	4.560295E-10	0.000000E+0	0.000000E+0	0.000000E+0
2.578000E+2	-7.912687E-10	-6.751000E+1	-4.220000E+12	1.827972E-10	0.000000E+0	0.000000E+0	0.000000E+0
2.577000E+2	-7.148993E-10	-6.708000E+1	-4.230000E+12	7.314287E-10	0.000000E+0	0.000000E+0	0.000000E+0
2.576000E+2	-5.911643E-10	-6.763000E+1	-4.240000E+12	4.735269E-10	0.000000E+0	0.000000E+0	0.000000E+0
2.575000E+2	-4.765984E-10	-6.685000E+1	-4.250000E+12	7.786980E-12	0.000000E+0	0.000000E+0	0.000000E+0
2.574000E+2	-3.964466E-10	-6.794000E+1	-4.260000E+12	9.057963E-10	0.000000E+0	0.000000E+0	0.000000E+0
2.573000E+2	-4.360331E-10	-6.992000E+1	-4.270000E+12	3.296035E-10	0.000000E+0	0.000000E+0	0.000000E+0
2.572000E+2	-5.001450E-10	-6.785000E+1	-4.280000E+12	6.643692E-11	0.000000E+0	0.000000E+0	0.000000E+0
2.571000E+2	-5.383514E-10	-6.777000E+1	-4.290000E+12	8.656144E-11	0.000000E+0	0.000000E+0	0.000000E+0
2.570000E+2	-5.727235E-10	-6.522000E+1	-4.300000E+12	2.573031E-10	0.000000E+0	0.000000E+0	0.000000E+0
2.569000E+2	-5.966000E-10	-6.701000E+1	-4.310000E+12	3.413858E-10	0.000000E+0	0.000000E+0	0.000000E+0
2.568000E+2	-6.147998E-10	-6.705000E+1	-4.320000E+12	5.371556E-10	0.000000E+0	0.000000E+0	0.000000E+0
2.567000E+2	-6.836025E-10	-6.531000E+1	-4.330000E+12	4.902458E-10	0.000000E+0	0.000000E+0	0.000000E+0
2.566000E+2	-8.166458E-10	-6.766000E+1	-4.340000E+12	6.095048E-10	0.000000E+0	0.000000E+0	0.000000E+0
2.565000E+2	-1.005618E-9	-6.858000E+1	-4.350000E+12	3.638467E-10	0.000000E+0	0.000000E+0	0.000000E+0
2.564000E+2	-1.149972E-9	-6.740000E+1	-4.360000E+12	2.332025E-10	0.000000E+0	0.000000E+0	0.000000E+0
2.563000E+2	-1.212999E-9	-6.708000E+1	-4.370000E+12	4.006813E-10	0.000000E+0	0.000000E+0	0.000000E+0
2.562000E+2	-1.152821E-9	-6.599000E+1	-4.380000E+12	6.492596E-10	0.000000E+0	0.000000E+0	0.000000E+0
2.561000E+2	-9.931032E-10	-6.620000E+1	-4.390000E+12	4.743515E-10	0.000000E+0	0.000000E+0	0.000000E+0
2.560000E+2	-7.511852E-10	-6.664000E+1	-4.400000E+12	4.494052E-10	0.000000E+0	0.000000E+0	0.000000E+0
2.559000E+2	-5.274681E-10	-6.763000E+1	-4.410000E+12	3.201081E-10	0.000000E+0	0.000000E+0	0.000000E+0
2.558000E+2	-3.673335E-10	-6.591000E+1	-4.420000E+12	2.706869E-10	0.000000E+0	0.000000E+0	0.000000E+0
2.557000E+2	-2.158706E-10	-6.263000E+1	-4.430000E+12	3.707810E-10	0.000000E+0	0.000000E+0	0.000000E+0
2.556000E+2	-5.782306E-11	-7.361000E+1	-4.440000E+12	1.144508E-9	0.000000E+0	0.000000E+0	0.000000E+0
2.555000E+2	6.657803E-11	1.214000E+2	-4.450000E+12	4.241216E-10	0.000000E+0	0.000000E+0	0.000000E+0
2.554000E+2	1.794418E-10	1.179000E+2	-4.460000E+12	5.204969E-10	0.000000E+0	0.000000E+0	0.000000E+0
2.553000E+2	2.418967E-10	1.127000E+2	-4.470000E+12	3.300590E-10	0.000000E+0	0.000000E+0	0.000000E+0
2.552000E+2	2.652829E-10	1.158000E+2	-4.480000E+12	3.687062E-10	0.000000E+0	0.000000E+0	0.000000E+0
2.551000E+2	2.263531E-10	1.075000E+2	-4.490000E+12	9.767087E-10	0.000000E+0	0.000000E+0	0.000000E+0
2.550000E+2	1.686066E-10	1.178000E+2	-4.500000E+12	3.346305E-10	0.000000E+0	0.000000E+0	0.000000E+0
2.549000E+2	9.676729E-11	1.031000E+2	-4.510000E+12	6.636329E-10	0.000000E+0	0.000000E+0	0.000000E+0
2.548000E+2	-4.495757E-11	-5.839000E+1	-4.520000E+12	2.143156E-10	0.000000E+0	0.000000E+0	0.000000E+0
2.547000E+2	-2.616625E-10	-6.456000E+1	-4.530000E+12	3.609120E-10	0.000000E+0	0.000000E+0	0.000000E+0
2.546000E+2	-4.923365E-10	-6.974000E+1	-4.540000E+12	2.731261E-10	0.000000E+0	0.000000E+0	0.000000E+0
2.545000E+2	-6.875749E-10	-6.749000E+1	-4.550000E+12	4.237167E-10	0.000000E+0	0.000000E+0	0.000000E+0
2.544000E+2	-8.948673E-10	-6.749000E+1	-4.560000E+12	4.232227E-10	0.000000E+0	0.000000E+0	0.000000E+0
2.543000E+2	-9.494004E-10	-6.783000E+1	-4.570000E+12	8.685261E-10	0.000000E+0	0.000000E+0	0.000000E+0
2.542000E+2	-8.385975E-10	-6.686000E+1	-4.580000E+12	2.618621E-10	0.000000E+0	0.000000E+0	0.000000E+0
2.541000E+2	-5.874964E-10	-6.680000E+1	-4.590000E+12	1.904649E-10	0.000000E+0	0.000000E+0	0.000000E+0
2.540000E+2	-2.943872E-10	-6.964000E+1	-4.600000E+12	3.736559E-10	0.000000E+0	0.000000E+0	0.000000E+0
2.539000E+2	3.918850E-11	1.247000E+2	-4.610000E+12	4.342897E-10	0.000000E+0	0.000000E+0	0.000000E+0
2.538000E+2	3.154357E-10	1.177000E+2	-4.620000E+12	1.407660E-10	0.000000E+0	0.000000E+0	0.000000E+0
2.537000E+2	4.528890E-10	1.134000E+2	-4.630000E+12	4.458418E-10	0.000000E+0	0.000000E+0	0.000000E+0
2.536000E+2	5.056877E-10	1.126000E+2	-4.640000E+12	4.759610E-10	0.000000E+0	0.000000E+0	0.000000E+0
2.535000E+2	4.637746E-10	1.136000E+2	-4.650000E+12	6.792061E-10	0.000000E+0	0.000000E+0	0.000000E+0
2.534000E+2	3.692724E-10	1.123000E+2	-4.660000E+12	4.167026E-10	0.000000E+0	0.000000E+0	0.000000E+0
2.533000E+2	2.889868E-10	1.152000E+2	-4.670000E+12	1.307498E-10	0.000000E+0	0.000000E+0	0.000000E+0
2.532000E+2	2.400473E-10	1.142000E+2	-4.680000E+12	9.791161E-10	0.000000E+0	0.000000E+0	0.000000E+0
2.531000E+2	1.796829E-10	1.091000E+2	-4.690000E+12	4.084800E-10	0.000000E+0	0.000000E+0	0.000000E+0
2.530000E+2	8.358387E-11	1.156000E+2	-4.700000E+12	3.744622E-10	0.000000E+0	0.000000E+0	0.000000E+0
2.529000E+2	-4.086958E-12	-1.350000E+2	-4.710000E+12	6.909884E-10	0.000000E+0	0.000000E+0	0.000000E+0
2.528000E+2	-1.381919E-10	-6.638000E+1	-4.720000E+12	1.759863E-10	0.000000E+0	0.000000E+0	0.000000E+0
2.527000E+2	-2.363872E-10	-6.523000E+1	-4.730000E+12	4.370261E-10	0.000000E+0	0.000000E+0	0.000000E+0
2.526000E+2	-3.162270E-10	-6.938000E+1	-4.740000E+12	7.342547E-10	0.000000E+0	0.000000E+0	0.000000E+0
2.525000E+2	-3.783447E-10	-6.602000E+1	-4.750000E+12	3.614978E-10	0.000000E+0	0.000000E+0	0.000000E+0
2.524000E+2	-3.692770E-10	-6.636000E+1	-4.760000E+12	5.312584E-10	0.000000E+0	0.000000E+0	0.000000E+0
2.523000E+2	-2.618173E-10	-6.556000E+1	-4.770000E+12	2.516557E-10	0.000000E+0	0.000000E+0	0.000000E+0
2.522000E+2	-1.075690E-10	-7.661000E+1	-4.780000E+12	5.715026E-10	0.000000E+0	0.000000E+0	0.000000E+0
2.521000E+2	8.332565E-11	1.078000E+2	-4.790000E+12	6.665003E-10	0.000000E+0	0.000000E+0	0.000000E+0
2.520000E+2	3.327357E-10	1.148000E+2	-4.800000E+12	5.399163E-10	0.000000E+0	0.000000E+0	0.000000E+0
2.519000E+2	4.782572E-10	1.144000E+2	-4.810000E+12	3.240959E-10	0.000000E+0	0.000000E+0	0.000000E+0
2.518000E+2	5.074807E-10	1.135000E+2	-4.820000E+12	3.832876E-10	0.000000E+0	0.000000E+0	0.000000E+0
2.517000E+2	3.564864E-10	1.125000E+2	-4.830000E+12	3.533256E-10	0.000000E+0	0.000000E+0	0.000000E+0
2.516000E+2	1.582759E-10	1.140000E+2	-4.840000E+12	1.956364E-10	0.000000E+0	0.000000E+0	0.000000E+0
2.515000E+2	2.891865E-11	1.194000E+2	-4.850000E+12	6.628179E-10	0.000000E+0	0.000000E+0	0.000000E+0
2.514000E+2	-2.996018E-12	-1.237000E+2	-4.860000E+12	4.563799E-10	0.000000E+0	0.000000E+0	0.000000E+0
2.513000E+2	9.272422E-11	1.112000E+2	-4.870000E+12	3.118025E-10	0.000000E+0	0.000000E+0	0.000000E+0
2.512000E+2	2.527985E-10	1.128000E+2	-4.880000E+12	3.344279E-10	0.000000E+0	0.000000E+0	0.000000E+0
2.511000E+2	3.565000E-10	1.130000E+2	-4.890000E+12	3.125793E-10	0.000000E+0	0.000000E+0	0.000000E+0
2.510000E+2	3.527060E-10	1.111000E+2	-4.900000E+12	3.503247E-10	0.000000E+0	0.000000E+0	0.000000E+0
2.509000E+2	2.168533E-10	1.064000E+2	-4.910000E+12	3.814290E-10	0.000000E+0	0.000000E+0	0.000000E+0
2.508000E+2	4.271873E-11	8.760000E+1	-4.920000E+12	1.868947E-10	0.000000E+0	0.000000E+0	0.000000E+0
2.507000E+2	-7.757903E-11	-5.966000E+1	-4.930000E+12	4.716128E-10	0.000000E+0	0.000000E+0	0.000000E+0
2.506000E+2	-9.806315E-11	-7.034000E+1	-4.940000E+12	5.443271E-10	0.000000E+0	0.000000E+0	0.000000E+0
2.505000E+2	-7.272528E-11	-6.523000E+1	-4.950000E+12	3.544156E-10	0.000000E+0	0.000000E+0	0.000000E+0
2.504000E+2	3.243708E-11	1.052000E+2	-4.960000E+12	6.559274E-10	0.000000E+0	0.000000E+0	0.000000E+0
2.503000E+2	1.233834E-10	1.089000E+2	-4.970000E+12	3.590516E-10	0.000000E+0	0.000000E+0	0.000000E+0
2.502000E+2	2.199522E-10	1.109000E+2	-4.980000E+12	8.523344E-10	0.000000E+0	0.000000E+0	0.000000E+0
2.501000E+2	2.782487E-10	1.119000E+2	-4.990000E+12	7.229447E-10	0.000000E+0	0.000000E+0	0.000000E+0
2.500000E+2	2.981687E-10	1.113000E+2	0.000000E+0	3.583486E-10	0.000000E+0	0.000000E+0	0.000000E+0
2.499000E+2	2.400967E-10	1.127000E+2	0.000000E+0	4.491289E-10	0.000000E+0	0.000000E+0	0.000000E+0
2.498000E+2	1.690969E-10	1.150000E+2	0.000000E+0	1.214556E-10	0.000000E+0	0.000000E+0	0.000000E+0
2.497000E+2	1.836371E-10	1.145000E+2	0.000000E+0	1.610684E-10	0.000000E+0	0.000000E+0	0.000000E+0
2.496000E+2	2.872582E-10	1.148000E+2	0.000000E+0	9.816343E-11	0.000000E+0	0.000000E+0	0.000000E+0
2.495000E+2	4.019945E-10	1.127000E+2	0.000000E+0	4.081775E-10	0.000000E+0	0.000000E+0	0.000000E+0
2.494000E+2	4.484620E-10	1.165000E+2	0.000000E+0	4.713211E-10	0.000000E+0	0.000000E+0	0.000000E+0
2.493000E+2	3.816364E-10	1.105000E+2	0.000000E+0	6.419020E-10	0.000000E+0	0.000000E+0	0.000000E+0
2.492000E+2	1.923761E-10	1.168000E+2	0.000000E+0	2.840728E-10	0.000000E+0	0.000000E+0	0.000000E+0
2.491000E+2	-1.737959E-11	-9.671000E+1	0.000000E+0	5.824550E-10	0.000000E+0	0.000000E+0	0.000000E+0
2.490000E+2	-2.089095E-10	-7.002000E+1	0.000000E+0	5.476224E-10	0.000000E+0	0.000000E+0	0.000000E+0
2.489000E+2	-3.055849E-10	-6.757000E+1	0.000000E+0	1.554991E-10	0.000000E+0	0.000000E+0	0.000000E+0
2.488000E+2	-2.874000E-10	-6.702000E+1	0.000000E+0	9.213800E-10	0.000000E+0	0.000000E+0	0.000000E+0
2.487000E+2	-1.630417E-10	-6.186000E+1	0.000000E+0	3.672662E-10	0.000000E+0	0.000000E+0	0.000000E+0
2.486000E+2	2.727224E-12	7.156000E+1	0.000000E+0	3.603365E-10	0.000000E+0	0.000000E+0	0.000000E+0
2.485000E+2	1.982891E-10	1.124000E+2	0.000000E+0	3.227223E-10	0.000000E+0	0.000000E+0	0.000000E+0
2.484000E+2	4.166000E-10	1.130000E+2	0.000000E+0	6.996810E-10	0.000000E+0	0.000000E+0	0.000000E+0
2.483000E+2	5.511790E-10	1.135000E+2	0.000000E+0	2.819844E-10	0.000000E+0	0.000000E+0	0.000000E+0
2.482000E+2	5.001726E-10	1.136000E+2	0.000000E+0	8.920394E-10	0.000000E+0	0.000000E+0	0.000000E+0
2.481000E+2	4.037502E-10	1.121000E+2	0.000000E+0	3.542988E-10	0.000000E+0	0.000000E+0	0.000000E+0
2.480000E+2	2.473864E-10	1.124000E+2	0.000000E+0	1.687799E-10	0.000000E+0	0.000000E+0	0.000000E+0
2.479000E+2	2.226324E-10	1.074000E+2	0.000000E+0	6.750695E-10	0.000000E+0	0.000000E+0	0.000000E+0
2.478000E+2	3.142093E-10	1.098000E+2	0.000000E+0	3.537966E-10	0.000000E+0	0.000000E+0	0.000000E+0
2.477000E+2	3.928904E-10	1.134000E+2	0.000000E+0	5.297960E-10	0.000000E+0	0.000000E+0	0.000000E+0
2.476000E+2	3.673547E-10	1.121000E+2	0.000000E+0	5.880491E-10	0.000000E+0	0.000000E+0	0.000000E+0
2.475000E+2	2.507416E-10	1.104000E+2	0.000000E+0	4.025758E-10	0.000000E+0	0.000000E+0	0.000000E+0
2.474000E+2	3.194457E-11	7.596000E+1	0.000000E+0	7.031104E-10	0.000000E+0	0.000000E+0	0.000000E+0
2.473000E+2	-1.854620E-10	-6.584000E+1	0.000000E+0	6.800562E-10	0.000000E+0	0.000000E+0	0.000000E+0
2.472000E+2	-3.035155E-10	-6.948000E+1	0.000000E+0	3.095965E-10	0.000000E+0	0.000000E+0	0.000000E+0
2.471000E+2	-2.824696E-10	-7.255000E+1	0.000000E+0	6.525716E-10	0.000000E+0	0.000000E+0	0.000000E+0
2.470000E+2	-1.237000E-10	-6.701000E+1	0.000000E+0	1.602786E-10	0.000000E+0	0.000000E+0	0.000000E+0
2.469000E+2	6.244939E-11	1.305000E+2	0.000000E+0	4.798362E-10	0.000000E+0	0.000000E+0	0.000000E+0
2.468000E+2	2.272168E-10	1.153000E+2	0.000000E+0	4.794561E-10	0.000000E+0	0.000000E+0	0.000000E+0
2.467000E+2	3.236402E-10	1.112000E+2	0.000000E+0	3.323846E-10	0.000000E+0	0.000000E+0	0.000000E+0
2.466000E+2	3.235613E-10	1.152000E+2	0.000000E+0	6.724373E-10	0.000000E+0	0.000000E+0	0.000000E+0
2.465000E+2	2.671846E-10	1.153000E+2	0.000000E+0	2.553318E-10	0.000000E+0	0.000000E+0	0.000000E+0
2.464000E+2	1.578335E-10	1.174000E+2	0.000000E+0	8.405735E-10	0.000000E+0	0.000000E+0	0.000000E+0
2.463000E+2	8.184988E-11	1.129000E+2	0.000000E+0	6.272119E-10	0.000000E+0	0.000000E+0	0.000000E+0
2.462000E+2	3.620475E-11	1.316000E+2	0.000000E+0	2.932148E-10	0.000000E+0	0.000000E+0	0.000000E+0
2.461000E+2	7.806565E-11	1.166000E+2	0.000000E+0	4.208522E-10	0.000000E+0	0.000000E+0	0.000000E+0
2.460000E+2	1.888863E-10	1.163000E+2	0.000000E+0	1.701495E-10	0.000000E+0	0.000000E+0	0.000000E+0
2.459000E+2	2.906770E-10	1.103000E+2	0.000000E+0	6.150325E-11	0.000000E+0	0.000000E+0	0.000000E+0
2.458000E+2	3.709892E-10	1.144000E+2	0.000000E+0	2.730548E-10	0.000000E+0	0.000000E+0	0.000000E+0
2.457000E+2	3.545617E-10	1.114000E+2	0.000000E+0	7.037260E-11	0.000000E+0	0.000000E+0	0.000000E+0
2.456000E+2	2.979439E-10	1.158000E+2	0.000000E+0	6.592305E-10	0.000000E+0	0.000000E+0	0.000000E+0
2.455000E+2	2.308730E-10	1.149000E+2	0.000000E+0	5.756719E-10	0.000000E+0	0.000000E+0	0.000000E+0
2.454000E+2	1.306647E-10	1.089000E+2	0.000000E+0	4.138508E-10	0.000000E+0	0.000000E+0	0.000000E+0
2.453000E+2	1.108768E-10	1.103000E+2	0.000000E+0	2.514822E-10	0.000000E+0	0.000000E+0	0.000000E+0
2.452000E+2	1.397415E-10	1.089000E+2	0.000000E+0	4.784128E-10	0.000000E+0	0.000000E+0	0.000000E+0
2.451000E+2	1.808701E-10	1.191000E+2	0.000000E+0	3.023013E-10	0.000000E+0	0.000000E+0	0.000000E+0
2.450000E+2	2.483973E-10	1.084000E+2	0.000000E+0	6.955649E-10	0.000000E+0	0.000000E+0	0.000000E+0
2.449000E+2	2.691196E-10	1.116000E+2	0.000000E+0	4.874634E-10	0.000000E+0	0.000000E+0	0.000000E+0
2.448000E+2	2.866282E-10	1.088000E+2	0.000000E+0	3.723977E-10	0.000000E+0	0.000000E+0	0.000000E+0
2.447000E+2	2.670808E-10	1.158000E+2	0.000000E+0	3.691647E-10	0.000000E+0	0.000000E+0	0.000000E+0
2.446000E+2	1.868967E-10	1.088000E+2	0.000000E+0	2.194911E-10	0.000000E+0	0.000000E+0	0.000000E+0
2.445000E+2	7.620448E-11	1.171000E+2	0.000000E+0	5.916082E-10	0.000000E+0	0.000000E+0	0.000000E+0
2.444000E+2	2.346865E-11	1.059000E+2	0.000000E+0	3.438074E-10	0.000000E+0	0.000000E+0	0.000000E+0
2.443000E+2	1.453615E-11	1.105000E+2	0.000000E+0	6.062093E-10	0.000000E+0	0.000000E+0	0.000000E+0
2.442000E+2	4.630745E-11	1.013000E+2	0.000000E+0	8.108862E-10	0.000000E+0	0.000000E+0	0.000000E+0
2.441000E+2	8.910339E-11	1.116000E+2	0.000000E+0	2.361334E-10	0.000000E+0	0.000000E+0	0.000000E+0
2.440000E+2	6.654330E-11	1.044000E+2	0.000000E+0	2.695839E-10	0.000000E+0	0.000000E+0	0.000000E+0
2.439000E+2	-7.396885E-11	-5.966000E+1	0.000000E+0	9.721836E-10	0.000000E+0	0.000000E+0	0.000000E+0
2.438000E+2	-2.491426E-10	-6.577000E+1	0.000000E+0	1.634857E-10	0.000000E+0	0.000000E+0	0.000000E+0
2.437000E+2	-4.037433E-10	-6.604000E+1	0.000000E+0	7.146342E-10	0.000000E+0	0.000000E+0	0.000000E+0
2.436000E+2	-4.910222E-10	-6.802000E+1	0.000000E+0	1.944758E-10	0.000000E+0	0.000000E+0	0.000000E+0
2.435000E+2	-5.418384E-10	-6.522000E+1	0.000000E+0	1.620633E-10	0.000000E+0	0.000000E+0	0.000000E+0
2.434000E+2	-4.961198E-10	-6.448000E+1	0.000000E+0	3.267796E-10	0.000000E+0	0.000000E+0	0.000000E+0
2.433000E+2	-4.526404E-10	-6.506000E+1	0.000000E+0	2.518824E-10	0.000000E+0	0.000000E+0	0.000000E+0
2.432000E+2	-3.709955E-10	-6.564000E+1	0.000000E+0	2.601775E-10	0.000000E+0	0.000000E+0	0.000000E+0
2.431000E+2	-2.691114E-10	-6.553000E+1	0.000000E+0	7.017584E-10	0.000000E+0	0.000000E+0	0.000000E+0
2.430000E+2	-1.782215E-10	-6.870000E+1	0.000000E+0	5.243459E-10	0.000000E+0	0.000000E+0	0.000000E+0
2.429000E+2	-4.170288E-11	-6.236000E+1	0.000000E+0	2.097906E-10	0.000000E+0	0.000000E+0	0.000000E+0
2.428000E+2	7.777711E-11	1.069000E+2	0.000000E+0	2.135895E-10	0.000000E+0	0.000000E+0	0.000000E+0
2.427000E+2	1.923761E-10	1.092000E+2	0.000000E+0	1.048991E-10	0.000000E+0	0.000000E+0	0.000000E+0
2.426000E+2	2.436967E-10	1.127000E+2	0.000000E+0	4.860756E-10	0.000000E+0	0.000000E+0	0.000000E+0
2.425000E+2	2.564859E-10	1.136000E+2	0.000000E+0	6.773764E-10	0.000000E+0	0.000000E+0	0.000000E+0
2.424000E+2	1.873769E-10	1.139000E+2	0.000000E+0	9.003222E-10	0.000000E+0	0.000000E+0	0.000000E+0
2.423000E+2	1.048218E-10	1.195000E+2	0.000000E+0	5.154663E-10	0.000000E+0	0.000000E+0	0.000000E+0
2.422000E+2	1.996067E-11	1.514000E+2	0.000000E+0	2.411376E-10	0.000000E+0	0.000000E+0	0.000000E+0
2.421000E+2	-2.444624E-11	-8.330000E+1	0.000000E+0	5.542822E-10	0.000000E+0	0.000000E+0	0.000000E+0
2.420000E+2	-1.414846E-11	-1.166000E+2	0.000000E+0	2.376584E-10	0.000000E+0	0.000000E+0	0.000000E+0
2.419000E+2	-1.304313E-12	1.843000E+1	0.000000E+0	7.865081E-10	0.000000E+0	0.000000E+0	0.000000E+0
2.418000E+2	5.768513E-11	1.207000E+2	0.000000E+0	5.709793E-10	0.000000E+0	0.000000E+0	0.000000E+0
2.417000E+2	1.203992E-10	1.040000E+2	0.000000E+0	3.868779E-10	0.000000E+0	0.000000E+0	0.000000E+0
2.416000E+2	1.781165E-10	1.156000E+2	0.000000E+0	7.481516E-10	0.000000E+0	0.000000E+0	0.000000E+0
2.415000E+2	2.435797E-10	1.148000E+2	0.000000E+0	2.163715E-10	0.000000E+0	0.000000E+0	0.000000E+0
2.414000E+2	3.344752E-10	1.151000E+2	0.000000E+0	3.126977E-10	0.000000E+0	0.000000E+0	0.000000E+0
2.413000E+2	4.001976E-10	1.132000E+2	0.000000E+0	2.984298E-10	0.000000E+0	0.000000E+0	0.000000E+0
2.412000E+2	4.692993E-10	1.131000E+2	0.000000E+0	4.557142E-10	0.000000E+0	0.000000E+0	0.000000E+0
2.411000E+2	5.163160E-10	1.149000E+2	0.000000E+0	3.727623E-10	0.000000E+0	0.000000E+0	0.000000E+0
2.410000E+2	5.290388E-10	1.148000E+2	0.000000E+0	9.886214E-11	0.000000E+0	0.000000E+0	0.000000E+0
2.409000E+2	5.638579E-10	1.137000E+2	0.000000E+0	4.128595E-10	0.000000E+0	0.000000E+0	0.000000E+0
2.408000E+2	6.146652E-10	1.142000E+2	0.000000E+0	4.662310E-10	0.000000E+0	0.000000E+0	0.000000E+0
2.407000E+2	6.347526E-10	1.123000E+2	0.000000E+0	2.698104E-10	0.000000E+0	0.000000E+0	0.000000E+0
2.406000E+2	5.963956E-10	1.145000E+2	0.000000E+0	2.068669E-10	0.000000E+0	0.000000E+0	0.000000E+0
2.405000E+2	5.347479E-10	1.138000E+2	0.000000E+0	5.034922E-10	0.000000E+0	0.000000E+0	0.000000E+0
2.404000E+2	4.765274E-10	1.140000E+2	0.000000E+0	5.725510E-10	0.000000E+0	0.000000E+0	0.000000E+0
2.403000E+2	4.074497E-10	1.139000E+2	0.000000E+0	4.506336E-10	0.000000E+0	0.000000E+0	0.000000E+0
2.402000E+2	3.837626E-10	1.138000E+2	0.000000E+0	6.468876E-10	0.000000E+0	0.000000E+0	0.000000E+0
2.401000E+2	3.888352E-10	1.158000E+2	0.000000E+0	3.536920E-11	0.000000E+0	0.000000E+0	0.000000E+0
2.400000E+2	3.910404E-10	1.120000E+2	0.000000E+0	9.064268E-10	0.000000E+0	0.000000E+0	0.000000E+0
2.399000E+2	4.019945E-10	1.127000E+2	0.000000E+0	2.927282E-10	0.000000E+0	0.000000E+0	0.000000E+0
2.398000E+2	4.018622E-10	1.145000E+2	0.000000E+0	3.273767E-10	0.000000E+0	0.000000E+0	0.000000E+0
2.397000E+2	3.599345E-10	1.108000E+2	0.000000E+0	9.217955E-10	0.000000E+0	0.000000E+0	0.000000E+0
2.396000E+2	4.158667E-10	1.164000E+2	0.000000E+0	6.491244E-10	0.000000E+0	0.000000E+0	0.000000E+0
2.395000E+2	4.874933E-10	1.127000E+2	0.000000E+0	6.280650E-10	0.000000E+0	0.000000E+0	0.000000E+0
2.394000E+2	6.165399E-10	1.122000E+2	0.000000E+0	3.813975E-10	0.000000E+0	0.000000E+0	0.000000E+0
2.393000E+2	7.111610E-10	1.136000E+2	0.000000E+0	4.642516E-10	0.000000E+0	0.000000E+0	0.000000E+0
2.392000E+2	8.347728E-10	1.140000E+2	0.000000E+0	3.374506E-10	0.000000E+0	0.000000E+0	0.000000E+0
2.391000E+2	9.449263E-10	1.156000E+2	0.000000E+0	5.279664E-10	0.000000E+0	0.000000E+0	0.000000E+0
2.390000E+2	1.022000E-9	1.130000E+2	0.000000E+0	3.964844E-10	0.000000E+0	0.000000E+0	0.000000E+0
2.389000E+2	1.012994E-9	1.132000E+2	0.000000E+0	2.825813E-10	0.000000E+0	0.000000E+0	0.000000E+0
2.388000E+2	9.767940E-10	1.128000E+2	0.000000E+0	3.691072E-10	0.000000E+0	0.000000E+0	0.000000E+0
2.387000E+2	9.003877E-10	1.127000E+2	0.000000E+0	1.843856E-10	0.000000E+0	0.000000E+0	0.000000E+0
2.386000E+2	8.111505E-10	1.119000E+2	0.000000E+0	3.228975E-10	0.000000E+0	0.000000E+0	0.000000E+0
2.385000E+2	7.930988E-10	1.129000E+2	0.000000E+0	2.724858E-10	0.000000E+0	0.000000E+0	0.000000E+0
2.384000E+2	7.748811E-10	1.126000E+2	0.000000E+0	1.381123E-10	0.000000E+0	0.000000E+0	0.000000E+0
2.383000E+2	7.457818E-10	1.126000E+2	0.000000E+0	2.619364E-10	0.000000E+0	0.000000E+0	0.000000E+0
2.382000E+2	7.057957E-10	1.132000E+2	0.000000E+0	2.024227E-10	0.000000E+0	0.000000E+0	0.000000E+0
2.381000E+2	6.438912E-10	1.133000E+2	0.000000E+0	4.108680E-10	0.000000E+0	0.000000E+0	0.000000E+0
2.380000E+2	6.202915E-10	1.127000E+2	0.000000E+0	3.908061E-10	0.000000E+0	0.000000E+0	0.000000E+0
2.379000E+2	6.893485E-10	1.137000E+2	0.000000E+0	2.800385E-10	0.000000E+0	0.000000E+0	0.000000E+0
2.378000E+2	8.203200E-10	1.138000E+2	0.000000E+0	2.088903E-10	0.000000E+0	0.000000E+0	0.000000E+0
2.377000E+2	9.732000E-10	1.130000E+2	0.000000E+0	6.134043E-10	0.000000E+0	0.000000E+0	0.000000E+0
2.376000E+2	1.107757E-9	1.142000E+2	0.000000E+0	1.830192E-10	0.000000E+0	0.000000E+0	0.000000E+0
2.375000E+2	1.156998E-9	1.129000E+2	0.000000E+0	1.214236E-10	0.000000E+0	0.000000E+0	0.000000E+0
2.374000E+2	1.158993E-9	1.128000E+2	0.000000E+0	2.133538E-10	0.000000E+0	0.000000E+0	0.000000E+0
2.373000E+2	1.154984E-9	1.133000E+2	0.000000E+0	1.116863E-10	0.000000E+0	0.000000E+0	0.000000E+0
2.372000E+2	1.045731E-9	1.143000E+2	0.000000E+0	6.555543E-10	0.000000E+0	0.000000E+0	0.000000E+0
2.371000E+2	9.510551E-10	1.143000E+2	0.000000E+0	5.223416E-10	0.000000E+0	0.000000E+0	0.000000E+0
2.370000E+2	8.094803E-10	1.134000E+2	0.000000E+0	1.939158E-10	0.000000E+0	0.000000E+0	0.000000E+0
2.369000E+2	7.039903E-10	1.127000E+2	0.000000E+0	5.490314E-10	0.000000E+0	0.000000E+0	0.000000E+0
2.368000E+2	6.020963E-10	1.128000E+2	0.000000E+0	1.905355E-10	0.000000E+0	0.000000E+0	0.000000E+0
2.367000E+2	5.893102E-10	1.140000E+2	0.000000E+0	6.276530E-10	0.000000E+0	0.000000E+0	0.000000E+0
2.366000E+2	6.200874E-10	1.115000E+2	0.000000E+0	4.693322E-10	0.000000E+0	0.000000E+0	0.000000E+0
2.365000E+2	5.747860E-10	1.134000E+2	0.000000E+0	8.343779E-10	0.000000E+0	0.000000E+0	0.000000E+0
2.364000E+2	5.310798E-10	1.135000E+2	0.000000E+0	7.317290E-10	0.000000E+0	0.000000E+0	0.000000E+0
2.363000E+2	4.328763E-10	1.124000E+2	0.000000E+0	3.107581E-10	0.000000E+0	0.000000E+0	0.000000E+0
2.362000E+2	3.397938E-10	1.158000E+2	0.000000E+0	2.490886E-10	0.000000E+0	0.000000E+0	0.000000E+0
2.361000E+2	3.055623E-10	1.121000E+2	0.000000E+0	1.814291E-10	0.000000E+0	0.000000E+0	0.000000E+0
2.360000E+2	3.309543E-10	1.113000E+2	0.000000E+0	2.979476E-10	0.000000E+0	0.000000E+0	0.000000E+0
2.359000E+2	3.473810E-10	1.124000E+2	0.000000E+0	2.345397E-10	0.000000E+0	0.000000E+0	0.000000E+0
2.358000E+2	4.200560E-10	1.145000E+2	0.000000E+0	4.312364E-10	0.000000E+0	0.000000E+0	0.000000E+0
2.357000E+2	4.690934E-10	1.113000E+2	0.000000E+0	4.957461E-10	0.000000E+0	0.000000E+0	0.000000E+0
2.356000E+2	4.674972E-10	1.132000E+2	0.000000E+0	6.571912E-10	0.000000E+0	0.000000E+0	0.000000E+0
2.355000E+2	3.873788E-10	1.124000E+2	0.000000E+0	3.946219E-10	0.000000E+0	0.000000E+0	0.000000E+0
2.354000E+2	3.072483E-10	1.112000E+2	0.000000E+0	1.833432E-11	0.000000E+0	0.000000E+0	0.000000E+0
2.353000E+2	1.982924E-10	1.135000E+2	0.000000E+0	6.537197E-10	0.000000E+0	0.000000E+0	0.000000E+0
2.352000E+2	1.089080E-10	1.096000E+2	0.000000E+0	5.443308E-10	0.000000E+0	0.000000E+0	0.000000E+0
2.351000E+2	4.857057E-11	1.045000E+2	0.000000E+0	2.390418E-10	0.000000E+0	0.000000E+0	0.000000E+0
2.350000E+2	6.659509E-11	1.047000E+2	0.000000E+0	1.541841E-10	0.000000E+0	0.000000E+0	0.000000E+0
2.349000E+2	8.840755E-11	1.203000E+2	0.000000E+0	5.056294E-10	0.000000E+0	0.000000E+0	0.000000E+0
2.348000E+2	7.413445E-11	1.316000E+2	0.000000E+0	5.490431E-10	0.000000E+0	0.000000E+0	0.000000E+0
2.347000E+2	4.275287E-11	1.013000E+2	0.000000E+0	6.028423E-10	0.000000E+0	0.000000E+0	0.000000E+0
2.346000E+2	-5.633060E-11	-6.963000E+1	0.000000E+0	5.492667E-10	0.000000E+0	0.000000E+0	0.000000E+0
2.345000E+2	-1.574756E-10	-7.285000E+1	0.000000E+0	1.128353E-10	0.000000E+0	0.000000E+0	0.000000E+0
2.344000E+2	-2.613302E-10	-7.078000E+1	0.000000E+0	3.759184E-10	0.000000E+0	0.000000E+0	0.000000E+0
2.343000E+2	-2.708316E-10	-6.498000E+1	0.000000E+0	2.779347E-10	0.000000E+0	0.000000E+0	0.000000E+0
2.342000E+2	-2.363934E-10	-6.528000E+1	0.000000E+0	3.741071E-10	0.000000E+0	0.000000E+0	0.000000E+0
2.341000E+2	-1.654701E-10	-6.809000E+1	0.000000E+0	3.683126E-10	0.000000E+0	0.000000E+0	0.000000E+0
2.340000E+2	-3.095580E-11	-4.060000E+1	0.000000E+0	5.225639E-10	0.000000E+0	0.000000E+0	0.000000E+0
2.339000E+2	9.727403E-11	1.050000E+2	0.000000E+0	1.951859E-10	0.000000E+0	0.000000E+0	0.000000E+0
2.338000E+2	2.091987E-10	1.132000E+2	0.000000E+0	3.378869E-10	0.000000E+0	0.000000E+0	0.000000E+0
2.337000E+2	2.598718E-10	1.154000E+2	0.000000E+0	7.906624E-10	0.000000E+0	0.000000E+0	0.000000E+0
2.336000E+2	3.061830E-10	1.079000E+2	0.000000E+0	7.765090E-10	0.000000E+0	0.000000E+0	0.000000E+0
2.335000E+2	3.091077E-10	1.116000E+2	0.000000E+0	2.120940E-10	0.000000E+0	0.000000E+0	0.000000E+0
2.334000E+2	2.594977E-10	1.091000E+2	0.000000E+0	7.848885E-10	0.000000E+0	0.000000E+0	0.000000E+0
2.333000E+2	2.269260E-10	1.093000E+2	0.000000E+0	1.197628E-10	0.000000E+0	0.000000E+0	0.000000E+0
2.332000E+2	1.782020E-10	1.111000E+2	0.000000E+0	9.761121E-10	0.000000E+0	0.000000E+0	0.000000E+0
2.331000E+2	1.418946E-10	1.135000E+2	0.000000E+0	6.626988E-10	0.000000E+0	0.000000E+0	0.000000E+0
2.330000E+2	1.417055E-10	1.160000E+2	0.000000E+0	2.716647E-10	0.000000E+0	0.000000E+0	0.000000E+0
2.329000E+2	1.181048E-10	1.107000E+2	0.000000E+0	7.749429E-10	0.000000E+0	0.000000E+0	0.000000E+0
2.328000E+2	1.508887E-10	1.152000E+2	0.000000E+0	4.430084E-10	0.000000E+0	0.000000E+0	0.000000E+0
2.327000E+2	2.036553E-10	1.118000E+2	0.000000E+0	4.564673E-10	0.000000E+0	0.000000E+0	0.000000E+0
2.326000E+2	2.273501E-10	1.142000E+2	0.000000E+0	9.284078E-10	0.000000E+0	0.000000E+0	0.000000E+0
2.325000E+2	3.073621E-10	1.139000E+2	0.000000E+0	2.248446E-10	0.000000E+0	0.000000E+0	0.000000E+0
2.324000E+2	3.728949E-10	1.127000E+2	0.000000E+0	9.985216E-11	0.000000E+0	0.000000E+0	0.000000E+0
2.323000E+2	4.546972E-10	1.128000E+2	0.000000E+0	2.712816E-10	0.000000E+0	0.000000E+0	0.000000E+0
2.322000E+2	5.091014E-10	1.146000E+2	0.000000E+0	2.866349E-10	0.000000E+0	0.000000E+0	0.000000E+0
2.321000E+2	5.799465E-10	1.110000E+2	0.000000E+0	1.729737E-10	0.000000E+0	0.000000E+0	0.000000E+0
2.320000E+2	5.638691E-10	1.124000E+2	0.000000E+0	2.649767E-10	0.000000E+0	0.000000E+0	0.000000E+0
2.319000E+2	5.035616E-10	1.109000E+2	0.000000E+0	2.976507E-10	0.000000E+0	0.000000E+0	0.000000E+0
2.318000E+2	4.419569E-10	1.138000E+2	0.000000E+0	5.869908E-11	0.000000E+0	0.000000E+0	0.000000E+0
2.317000E+2	3.273501E-10	1.140000E+2	0.000000E+0	3.396039E-10	0.000000E+0	0.000000E+0	0.000000E+0
2.316000E+2	1.946000E-10	1.130000E+2	0.000000E+0	2.776768E-10	0.000000E+0	0.000000E+0	0.000000E+0
2.315000E+2	1.200588E-10	1.115000E+2	0.000000E+0	3.084637E-10	0.000000E+0	0.000000E+0	0.000000E+0
2.314000E+2	4.445980E-11	1.009000E+2	0.000000E+0	1.084451E-9	0.000000E+0	0.000000E+0	0.000000E+0
2.313000E+2	5.257488E-12	3.980000E+1	0.000000E+0	6.123972E-10	0.000000E+0	0.000000E+0	0.000000E+0
2.312000E+2	7.075337E-12	6.343000E+1	0.000000E+0	4.483157E-10	0.000000E+0	0.000000E+0	0.000000E+0
2.311000E+2	5.448171E-12	4.499000E+1	0.000000E+0	3.778512E-10	0.000000E+0	0.000000E+0	0.000000E+0
2.310000E+2	-3.149196E-12	-1.445000E+2	0.000000E+0	1.286470E-10	0.000000E+0	0.000000E+0	0.000000E+0
2.309000E+2	2.435838E-11	9.601000E+1	0.000000E+0	1.854594E-10	0.000000E+0	0.000000E+0	0.000000E+0
2.308000E+2	7.090500E-11	1.148000E+2	0.000000E+0	7.454071E-10	0.000000E+0	0.000000E+0	0.000000E+0
2.307000E+2	1.671767E-10	1.108000E+2	0.000000E+0	1.009631E-9	0.000000E+0	0.000000E+0	0.000000E+0
2.306000E+2	2.289264E-10	1.158000E+2	0.000000E+0	6.490876E-10	0.000000E+0	0.000000E+0	0.000000E+0
2.305000E+2	2.999830E-10	1.146000E+2	0.000000E+0	4.485736E-10	0.000000E+0	0.000000E+0	0.000000E+0
2.304000E+2	3.437743E-10	1.123000E+2	0.000000E+0	3.559823E-10	0.000000E+0	0.000000E+0	0.000000E+0
2.303000E+2	3.762225E-10	1.152000E+2	0.000000E+0	5.108354E-10	0.000000E+0	0.000000E+0	0.000000E+0
2.302000E+2	4.291110E-10	1.113000E+2	0.000000E+0	5.303923E-10	0.000000E+0	0.000000E+0	0.000000E+0
2.301000E+2	5.147718E-10	1.136000E+2	0.000000E+0	4.838870E-10	0.000000E+0	0.000000E+0	0.000000E+0
2.300000E+2	5.656449E-10	1.122000E+2	0.000000E+0	8.340996E-10	0.000000E+0	0.000000E+0	0.000000E+0
2.299000E+2	5.547316E-10	1.121000E+2	0.000000E+0	1.048202E-9	0.000000E+0	0.000000E+0	0.000000E+0
2.298000E+2	5.164670E-10	1.117000E+2	0.000000E+0	2.871156E-10	0.000000E+0	0.000000E+0	0.000000E+0
2.297000E+2	4.309103E-10	1.147000E+2	0.000000E+0	4.945718E-10	0.000000E+0	0.000000E+0	0.000000E+0
2.296000E+2	3.360691E-10	1.101000E+2	0.000000E+0	4.318089E-10	0.000000E+0	0.000000E+0	0.000000E+0
2.295000E+2	2.346871E-10	1.136000E+2	0.000000E+0	2.612477E-10	0.000000E+0	0.000000E+0	0.000000E+0
2.294000E+2	1.309489E-10	1.146000E+2	0.000000E+0	3.329206E-10	0.000000E+0	0.000000E+0	0.000000E+0
2.293000E+2	-4.369748E-12	-1.431000E+2	0.000000E+0	7.484990E-10	0.000000E+0	0.000000E+0	0.000000E+0
2.292000E+2	-1.327955E-10	-6.653000E+1	0.000000E+0	1.085212E-9	0.000000E+0	0.000000E+0	0.000000E+0
2.291000E+2	-2.526566E-10	-6.507000E+1	0.000000E+0	3.978377E-10	0.000000E+0	0.000000E+0	0.000000E+0
2.290000E+2	-3.983572E-10	-6.616000E+1	0.000000E+0	3.762492E-10	0.000000E+0	0.000000E+0	0.000000E+0
2.289000E+2	-5.001707E-10	-6.638000E+1	0.000000E+0	4.653425E-10	0.000000E+0	0.000000E+0	0.000000E+0
2.288000E+2	-5.620827E-10	-6.745000E+1	0.000000E+0	5.767664E-10	0.000000E+0	0.000000E+0	0.000000E+0
2.287000E+2	-6.038881E-10	-6.736000E+1	0.000000E+0	8.206168E-10	0.000000E+0	0.000000E+0	0.000000E+0
2.286000E+2	-5.948000E-10	-6.701000E+1	0.000000E+0	4.054858E-10	0.000000E+0	0.000000E+0	0.000000E+0
2.285000E+2	-6.002723E-10	-6.755000E+1	0.000000E+0	5.444335E-10	0.000000E+0	0.000000E+0	0.000000E+0
2.284000E+2	-5.891871E-10	-6.546000E+1	0.000000E+0	6.624373E-10	0.000000E+0	0.000000E+0	0.000000E+0
2.283000E+2	-6.347566E-10	-6.633000E+1	0.000000E+0	1.289152E-9	0.000000E+0	0.000000E+0	0.000000E+0
2.282000E+2	-7.239887E-10	-6.732000E+1	0.000000E+0	8.468054E-10	0.000000E+0	0.000000E+0	0.000000E+0
2.281000E+2	-8.312683E-10	-6.650000E+1	0.000000E+0	8.281674E-10	0.000000E+0	0.000000E+0	0.000000E+0
2.280000E+2	-9.276674E-10	-6.748000E+1	0.000000E+0	1.264360E-10	0.000000E+0	0.000000E+0	0.000000E+0
2.279000E+2	-1.030995E-9	-6.682000E+1	0.000000E+0	2.377587E-10	0.000000E+0	0.000000E+0	0.000000E+0
2.278000E+2	-1.089996E-9	-6.716000E+1	0.000000E+0	6.212322E-10	0.000000E+0	0.000000E+0	0.000000E+0
2.277000E+2	-1.129841E-9	-6.604000E+1	0.000000E+0	3.470572E-10	0.000000E+0	0.000000E+0	0.000000E+0
2.276000E+2	-1.081989E-9	-6.726000E+1	0.000000E+0	6.777025E-10	0.000000E+0	0.000000E+0	0.000000E+0
2.275000E+2	-1.059854E-9	-6.795000E+1	0.000000E+0	7.902822E-11	0.000000E+0	0.000000E+0	0.000000E+0
2.274000E+2	-1.007947E-9	-6.641000E+1	0.000000E+0	6.378641E-11	0.000000E+0	0.000000E+0	0.000000E+0
2.273000E+2	-9.312202E-10	-6.625000E+1	0.000000E+0	2.740384E-10	0.000000E+0	0.000000E+0	0.000000E+0
2.272000E+2	-8.038025E-10	-6.573000E+1	0.000000E+0	6.753014E-10	0.000000E+0	0.000000E+0	0.000000E+0
2.271000E+2	-6.857684E-10	-6.645000E+1	0.000000E+0	9.772688E-10	0.000000E+0	0.000000E+0	0.000000E+0
2.270000E+2	-5.347634E-10	-6.633000E+1	0.000000E+0	2.003406E-10	0.000000E+0	0.000000E+0	0.000000E+0
2.269000E+2	-3.754598E-10	-6.274000E+1	0.000000E+0	9.723612E-10	0.000000E+0	0.000000E+0	0.000000E+0
2.268000E+2	-2.255903E-10	-6.647000E+1	0.000000E+0	8.552093E-10	0.000000E+0	0.000000E+0	0.000000E+0
2.267000E+2	-1.023698E-10	-8.723000E+1	0.000000E+0	1.291235E-9	0.000000E+0	0.000000E+0	0.000000E+0
2.266000E+2	3.074493E-11	1.069000E+2	0.000000E+0	5.165142E-10	0.000000E+0	0.000000E+0	0.000000E+0
2.265000E+2	1.775662E-10	1.182000E+2	0.000000E+0	7.193672E-10	0.000000E+0	0.000000E+0	0.000000E+0
2.264000E+2	2.928929E-10	1.134000E+2	0.000000E+0	1.107876E-10	0.000000E+0	0.000000E+0	0.000000E+0
2.263000E+2	3.232631E-10	1.097000E+2	0.000000E+0	6.108055E-10	0.000000E+0	0.000000E+0	0.000000E+0
2.262000E+2	3.364979E-10	1.132000E+2	0.000000E+0	5.379632E-10	0.000000E+0	0.000000E+0	0.000000E+0
2.261000E+2	3.707745E-10	1.106000E+2	0.000000E+0	5.262829E-10	0.000000E+0	0.000000E+0	0.000000E+0
2.260000E+2	3.814765E-10	1.100000E+2	0.000000E+0	1.046655E-9	0.000000E+0	0.000000E+0	0.000000E+0
2.259000E+2	3.835171E-10	1.108000E+2	0.000000E+0	2.619211E-11	0.000000E+0	0.000000E+0	0.000000E+0
2.258000E+2	3.781695E-10	1.150000E+2	0.000000E+0	8.082017E-10	0.000000E+0	0.000000E+0	0.000000E+0
2.257000E+2	2.729000E-10	1.130000E+2	0.000000E+0	9.006671E-10	0.000000E+0	0.000000E+0	0.000000E+0
2.256000E+2	1.525764E-10	1.099000E+2	0.000000E+0	1.260404E-10	0.000000E+0	0.000000E+0	0.000000E+0
2.255000E+2	-2.043265E-11	-1.124000E+2	0.000000E+0	6.794402E-10	0.000000E+0	0.000000E+0	0.000000E+0
2.254000E+2	-2.290955E-10	-6.873000E+1	0.000000E+0	2.268963E-10	0.000000E+0	0.000000E+0	0.000000E+0
2.253000E+2	-4.328924E-10	-6.666000E+1	0.000000E+0	1.647466E-10	0.000000E+0	0.000000E+0	0.000000E+0
2.252000E+2	-6.454728E-10	-6.548000E+1	0.000000E+0	6.851331E-10	0.000000E+0	0.000000E+0	0.000000E+0
2.251000E+2	-8.256035E-10	-6.575000E+1	0.000000E+0	6.124735E-10	0.000000E+0	0.000000E+0	0.000000E+0
2.250000E+2	-9.585963E-10	-6.716000E+1	0.000000E+0	4.925038E-10	0.000000E+0	0.000000E+0	0.000000E+0
2.249000E+2	-1.087988E-9	-6.727000E+1	0.000000E+0	7.413202E-10	0.000000E+0	0.000000E+0	0.000000E+0
2.248000E+2	-1.152909E-9	-6.628000E+1	0.000000E+0	5.213663E-10	0.000000E+0	0.000000E+0	0.000000E+0
2.247000E+2	-1.221821E-9	-6.602000E+1	0.000000E+0	6.486718E-10	0.000000E+0	0.000000E+0	0.000000E+0
2.246000E+2	-1.237000E-9	-6.695000E+1	0.000000E+0	1.076330E-9	0.000000E+0	0.000000E+0	0.000000E+0
2.245000E+2	-1.305984E-9	-6.728000E+1	0.000000E+0	4.268200E-10	0.000000E+0	0.000000E+0	0.000000E+0
2.244000E+2	-1.314939E-9	-6.645000E+1	0.000000E+0	7.198736E-11	0.000000E+0	0.000000E+0	0.000000E+0
2.243000E+2	-1.338957E-9	-6.746000E+1	0.000000E+0	3.993357E-10	0.000000E+0	0.000000E+0	0.000000E+0
2.242000E+2	-1.338989E-9	-6.723000E+1	0.000000E+0	6.801011E-10	0.000000E+0	0.000000E+0	0.000000E+0
2.241000E+2	-1.341997E-9	-6.688000E+1	0.000000E+0	1.789934E-10	0.000000E+0	0.000000E+0	0.000000E+0
2.240000E+2	-1.310998E-9	-6.710000E+1	0.000000E+0	2.955577E-10	0.000000E+0	0.000000E+0	0.000000E+0
2.239000E+2	-1.214876E-9	-6.618000E+1	0.000000E+0	3.825156E-10	0.000000E+0	0.000000E+0	0.000000E+0
2.238000E+2	-1.076959E-9	-6.650000E+1	0.000000E+0	6.920406E-10	0.000000E+0	0.000000E+0	0.000000E+0
2.237000E+2	-9.039995E-10	-6.706000E+1	0.000000E+0	3.048201E-10	0.000000E+0	0.000000E+0	0.000000E+0
2.236000E+2	-7.057953E-10	-6.679000E+1	0.000000E+0	4.403361E-10	0.000000E+0	0.000000E+0	0.000000E+0
2.235000E+2	-4.946071E-10	-6.860000E+1	0.000000E+0	1.999748E-10	0.000000E+0	0.000000E+0	0.000000E+0
2.234000E+2	-2.345905E-10	-6.875000E+1	0.000000E+0	1.046481E-9	0.000000E+0	0.000000E+0	0.000000E+0
2.233000E+2	-1.548993E-11	-1.118000E+2	0.000000E+0	7.789667E-10	0.000000E+0	0.000000E+0	0.000000E+0
2.232000E+2	2.595868E-10	1.166000E+2	0.000000E+0	3.968843E-10	0.000000E+0	0.000000E+0	0.000000E+0
2.231000E+2	5.110502E-10	1.138000E+2	0.000000E+0	2.482920E-10	0.000000E+0	0.000000E+0	0.000000E+0
2.230000E+2	7.857569E-10	1.124000E+2	0.000000E+0	7.751386E-10	0.000000E+0	0.000000E+0	0.000000E+0
2.229000E+2	1.061921E-9	1.123000E+2	0.000000E+0	3.062692E-10	0.000000E+0	0.000000E+0	0.000000E+0
2.228000E+2	1.276969E-9	1.126000E+2	0.000000E+0	5.560560E-10	0.000000E+0	0.000000E+0	0.000000E+0
2.227000E+2	1.465991E-9	1.128000E+2	0.000000E+0	4.453227E-10	0.000000E+0	0.000000E+0	0.000000E+0
2.226000E+2	1.591939E-9	1.135000E+2	0.000000E+0	4.471079E-10	0.000000E+0	0.000000E+0	0.000000E+0
2.225000E+2	1.669997E-9	1.131000E+2	0.000000E+0	8.500163E-10	0.000000E+0	0.000000E+0	0.000000E+0
2.224000E+2	1.729934E-9	1.125000E+2	0.000000E+0	9.835988E-10	0.000000E+0	0.000000E+0	0.000000E+0
2.223000E+2	1.749957E-9	1.134000E+2	0.000000E+0	1.107555E-9	0.000000E+0	0.000000E+0	0.000000E+0
2.222000E+2	1.833955E-9	1.134000E+2	0.000000E+0	8.935430E-10	0.000000E+0	0.000000E+0	0.000000E+0
2.221000E+2	1.947926E-9	1.135000E+2	0.000000E+0	4.111100E-11	0.000000E+0	0.000000E+0	0.000000E+0
2.220000E+2	2.093844E-9	1.137000E+2	0.000000E+0	3.980783E-10	0.000000E+0	0.000000E+0	0.000000E+0
2.219000E+2	2.211970E-9	1.133000E+2	0.000000E+0	4.142022E-11	0.000000E+0	0.000000E+0	0.000000E+0
2.218000E+2	2.351943E-9	1.134000E+2	0.000000E+0	6.235929E-10	0.000000E+0	0.000000E+0	0.000000E+0
2.217000E+2	2.476996E-9	1.129000E+2	0.000000E+0	1.130221E-9	0.000000E+0	0.000000E+0	0.000000E+0
2.216000E+2	2.509996E-9	1.131000E+2	0.000000E+0	8.270204E-10	0.000000E+0	0.000000E+0	0.000000E+0
2.215000E+2	2.524985E-9	1.132000E+2	0.000000E+0	3.240055E-10	0.000000E+0	0.000000E+0	0.000000E+0
2.214000E+2	2.500996E-9	1.129000E+2	0.000000E+0	4.497894E-10	0.000000E+0	0.000000E+0	0.000000E+0
2.213000E+2	2.447940E-9	1.134000E+2	0.000000E+0	9.114671E-10	0.000000E+0	0.000000E+0	0.000000E+0
2.212000E+2	2.407985E-9	1.132000E+2	0.000000E+0	1.992792E-10	0.000000E+0	0.000000E+0	0.000000E+0
2.211000E+2	2.351968E-9	1.133000E+2	0.000000E+0	1.859583E-10	0.000000E+0	0.000000E+0	0.000000E+0
2.210000E+2	2.236969E-9	1.133000E+2	0.000000E+0	2.277187E-10	0.000000E+0	0.000000E+0	0.000000E+0
2.209000E+2	2.102997E-9	1.131000E+2	0.000000E+0	6.908440E-11	0.000000E+0	0.000000E+0	0.000000E+0
2.208000E+2	1.937000E-9	1.130000E+2	0.000000E+0	2.889393E-10	0.000000E+0	0.000000E+0	0.000000E+0
2.207000E+2	1.761000E-9	1.130000E+2	0.000000E+0	4.898034E-10	0.000000E+0	0.000000E+0	0.000000E+0
2.206000E+2	1.525851E-9	1.122000E+2	0.000000E+0	6.492940E-10	0.000000E+0	0.000000E+0	0.000000E+0
2.205000E+2	1.294998E-9	1.131000E+2	0.000000E+0	3.393030E-10	0.000000E+0	0.000000E+0	0.000000E+0
2.204000E+2	1.139000E-9	1.130000E+2	0.000000E+0	7.763659E-10	0.000000E+0	0.000000E+0	0.000000E+0
2.203000E+2	9.785046E-10	1.138000E+2	0.000000E+0	3.316092E-10	0.000000E+0	0.000000E+0	0.000000E+0
2.202000E+2	8.530792E-10	1.134000E+2	0.000000E+0	6.238051E-10	0.000000E+0	0.000000E+0	0.000000E+0
2.201000E+2	6.948619E-10	1.136000E+2	0.000000E+0	1.087719E-10	0.000000E+0	0.000000E+0	0.000000E+0
2.200000E+2	5.456925E-10	1.133000E+2	0.000000E+0	4.566133E-10	0.000000E+0	0.000000E+0	0.000000E+0
2.199000E+2	3.473979E-10	1.132000E+2	0.000000E+0	7.311588E-10	0.000000E+0	0.000000E+0	0.000000E+0
2.198000E+2	1.354121E-10	1.061000E+2	0.000000E+0	9.659881E-10	0.000000E+0	0.000000E+0	0.000000E+0
2.197000E+2	-2.363897E-11	-6.875000E+1	0.000000E+0	9.366985E-10	0.000000E+0	0.000000E+0	0.000000E+0
2.196000E+2	-1.246068E-10	-6.016000E+1	0.000000E+0	8.702990E-10	0.000000E+0	0.000000E+0	0.000000E+0
2.195000E+2	-1.727782E-10	-6.609000E+1	0.000000E+0	6.333527E-10	0.000000E+0	0.000000E+0	0.000000E+0
2.194000E+2	-1.314023E-10	-5.868000E+1	0.000000E+0	9.118408E-10	0.000000E+0	0.000000E+0	0.000000E+0
2.193000E+2	-8.366949E-11	-6.680000E+1	0.000000E+0	1.356096E-9	0.000000E+0	0.000000E+0	0.000000E+0
2.192000E+2	-4.438530E-11	-5.446000E+1	0.000000E+0	5.766037E-10	0.000000E+0	0.000000E+0	0.000000E+0
2.191000E+2	-4.855663E-11	-9.000000E+1	0.000000E+0	1.529529E-9	0.000000E+0	0.000000E+0	0.000000E+0
2.190000E+2	-9.731417E-11	-7.483000E+1	0.000000E+0	1.400570E-9	0.000000E+0	0.000000E+0	0.000000E+0
2.189000E+2	-1.159884E-10	-7.182000E+1	0.000000E+0	5.731559E-10	0.000000E+0	0.000000E+0	0.000000E+0
2.188000E+2	-1.416323E-10	-7.052000E+1	0.000000E+0	1.190805E-9	0.000000E+0	0.000000E+0	0.000000E+0
2.187000E+2	-1.336364E-10	-7.386000E+1	0.000000E+0	2.470968E-10	0.000000E+0	0.000000E+0	0.000000E+0
2.186000E+2	-6.445925E-11	-7.713000E+1	0.000000E+0	5.438419E-10	0.000000E+0	0.000000E+0	0.000000E+0
2.185000E+2	-9.688620E-12	-2.656000E+1	0.000000E+0	9.437603E-10	0.000000E+0	0.000000E+0	0.000000E+0
2.184000E+2	2.109599E-11	1.279000E+2	0.000000E+0	1.048650E-9	0.000000E+0	0.000000E+0	0.000000E+0
2.183000E+2	4.334158E-11	1.306000E+2	0.000000E+0	1.492793E-9	0.000000E+0	0.000000E+0	0.000000E+0
2.182000E+2	7.167655E-11	1.031000E+2	0.000000E+0	2.105010E-9	0.000000E+0	0.000000E+0	0.000000E+0
2.181000E+2	9.386468E-11	1.059000E+2	0.000000E+0	1.789360E-9	0.000000E+0	0.000000E+0	0.000000E+0
2.180000E+2	1.309838E-10	1.121000E+2	0.000000E+0	7.965541E-10	0.000000E+0	0.000000E+0	0.000000E+0
2.179000E+2	1.982997E-10	1.131000E+2	0.000000E+0	1.108866E-9	0.000000E+0	0.000000E+0	0.000000E+0
2.178000E+2	2.780351E-10	1.105000E+2	0.000000E+0	1.547346E-9	0.000000E+0	0.000000E+0	0.000000E+0
2.177000E+2	3.922084E-10	1.096000E+2	0.000000E+0	2.306287E-9	0.000000E+0	0.000000E+0	0.000000E+0
2.176000E+2	4.983241E-10	1.120000E+2	0.000000E+0	1.243901E-9	0.000000E+0	0.000000E+0	0.000000E+0
2.175000E+2	5.927074E-10	1.148000E+2	0.000000E+0	2.598754E-9	0.000000E+0	0.000000E+0	0.000000E+0
2.174000E+2	6.329990E-10	1.129000E+2	0.000000E+0	1.857443E-9	0.000000E+0	0.000000E+0	0.000000E+0
2.173000E+2	6.438843E-10	1.134000E+2	0.000000E+0	1.315363E-9	0.000000E+0	0.000000E+0	0.000000E+0
2.172000E+2	6.347961E-10	1.132000E+2	0.000000E+0	2.019455E-10	0.000000E+0	0.000000E+0	0.000000E+0
2.171000E+2	5.965964E-10	1.128000E+2	0.000000E+0	1.828978E-9	0.000000E+0	0.000000E+0	0.000000E+0
2.170000E+2	5.911676E-10	1.136000E+2	0.000000E+0	3.090169E-9	0.000000E+0	0.000000E+0	0.000000E+0
2.169000E+2	5.655311E-10	1.144000E+2	0.000000E+0	2.409297E-9	0.000000E+0	0.000000E+0	0.000000E+0
2.168000E+2	5.837497E-10	1.143000E+2	0.000000E+0	1.159765E-9	0.000000E+0	0.000000E+0	0.000000E+0
2.167000E+2	5.748000E-10	1.130000E+2	0.000000E+0	8.976749E-10	0.000000E+0	0.000000E+0	0.000000E+0
2.166000E+2	5.856563E-10	1.137000E+2	0.000000E+0	5.841440E-10	0.000000E+0	0.000000E+0	0.000000E+0
2.165000E+2	5.820566E-10	1.123000E+2	0.000000E+0	2.065180E-9	0.000000E+0	0.000000E+0	0.000000E+0
2.164000E+2	5.602147E-10	1.120000E+2	0.000000E+0	2.756688E-9	0.000000E+0	0.000000E+0	0.000000E+0
2.163000E+2	5.037496E-10	1.144000E+2	0.000000E+0	4.136633E-9	0.000000E+0	0.000000E+0	0.000000E+0
2.162000E+2	4.456450E-10	1.121000E+2	0.000000E+0	2.843679E-9	0.000000E+0	0.000000E+0	0.000000E+0
2.161000E+2	3.637978E-10	1.128000E+2	0.000000E+0	2.052010E-9	0.000000E+0	0.000000E+0	0.000000E+0
2.160000E+2	2.582807E-10	1.137000E+2	0.000000E+0	2.126838E-9	0.000000E+0	0.000000E+0	0.000000E+0
2.159000E+2	1.381947E-10	1.125000E+2	0.000000E+0	4.234708E-9	0.000000E+0	0.000000E+0	0.000000E+0
2.158000E+2	1.788541E-11	1.025000E+2	0.000000E+0	4.365022E-9	0.000000E+0	0.000000E+0	0.000000E+0
2.157000E+2	-9.229998E-11	-6.123000E+1	0.000000E+0	4.523378E-9	0.000000E+0	0.000000E+0	0.000000E+0
2.156000E+2	-1.926337E-10	-6.938000E+1	0.000000E+0	5.382045E-9	0.000000E+0	0.000000E+0	0.000000E+0
2.155000E+2	-3.037509E-10	-6.803000E+1	0.000000E+0	5.871820E-9	0.000000E+0	0.000000E+0	0.000000E+0
2.154000E+2	-4.145672E-10	-6.845000E+1	0.000000E+0	5.946692E-9	0.000000E+0	0.000000E+0	0.000000E+0
2.153000E+2	-5.274290E-10	-6.794000E+1	0.000000E+0	5.917729E-9	0.000000E+0	0.000000E+0	0.000000E+0
2.152000E+2	-6.184986E-10	-6.688000E+1	0.000000E+0	6.406275E-9	0.000000E+0	0.000000E+0	0.000000E+0
2.151000E+2	-6.857833E-10	-6.660000E+1	0.000000E+0	7.181319E-9	0.000000E+0	0.000000E+0	0.000000E+0
2.150000E+2	-7.511114E-10	-6.612000E+1	0.000000E+0	6.161059E-9	0.000000E+0	0.000000E+0	0.000000E+0
2.149000E+2	-8.184099E-10	-6.615000E+1	0.000000E+0	7.038516E-9	0.000000E+0	0.000000E+0	0.000000E+0
2.148000E+2	-8.075705E-10	-6.651000E+1	0.000000E+0	6.261922E-9	0.000000E+0	0.000000E+0	0.000000E+0
2.147000E+2	-8.384895E-10	-6.793000E+1	0.000000E+0	6.795910E-9	0.000000E+0	0.000000E+0	0.000000E+0
2.146000E+2	-8.585999E-10	-6.702000E+1	0.000000E+0	7.272265E-9	0.000000E+0	0.000000E+0	0.000000E+0
2.145000E+2	-8.274362E-10	-6.814000E+1	0.000000E+0	7.258112E-9	0.000000E+0	0.000000E+0	0.000000E+0
2.144000E+2	-8.366999E-10	-6.698000E+1	0.000000E+0	7.343787E-9	0.000000E+0	0.000000E+0	0.000000E+0
2.143000E+2	-8.602716E-10	-6.799000E+1	0.000000E+0	7.670300E-9	0.000000E+0	0.000000E+0	0.000000E+0
2.142000E+2	-9.367805E-10	-6.663000E+1	0.000000E+0	5.158825E-9	0.000000E+0	0.000000E+0	0.000000E+0
2.141000E+2	-9.894993E-10	-6.693000E+1	0.000000E+0	1.921973E-10	0.000000E+0	0.000000E+0	0.000000E+0
2.140000E+2	-1.039906E-9	-6.623000E+1	0.000000E+0	5.239970E-9	0.000000E+0	0.000000E+0	0.000000E+0
2.139000E+2	-1.065996E-9	-6.716000E+1	0.000000E+0	4.687177E-9	0.000000E+0	0.000000E+0	0.000000E+0
2.138000E+2	-1.014924E-9	-6.770000E+1	0.000000E+0	5.545720E-9	0.000000E+0	0.000000E+0	0.000000E+0
2.137000E+2	-9.367760E-10	-6.659000E+1	0.000000E+0	5.419434E-9	0.000000E+0	0.000000E+0	0.000000E+0
2.136000E+2	-8.457899E-10	-6.672000E+1	0.000000E+0	5.826892E-9	0.000000E+0	0.000000E+0	0.000000E+0
2.135000E+2	-7.602866E-10	-6.666000E+1	0.000000E+0	6.640375E-9	0.000000E+0	0.000000E+0	0.000000E+0
2.134000E+2	-6.675914E-10	-6.729000E+1	0.000000E+0	6.970161E-9	0.000000E+0	0.000000E+0	0.000000E+0
2.133000E+2	-5.765694E-10	-6.759000E+1	0.000000E+0	8.215848E-9	0.000000E+0	0.000000E+0	0.000000E+0
2.132000E+2	-5.400610E-10	-6.570000E+1	0.000000E+0	7.803139E-9	0.000000E+0	0.000000E+0	0.000000E+0
2.131000E+2	-4.838528E-10	-6.780000E+1	0.000000E+0	9.956140E-9	0.000000E+0	0.000000E+0	0.000000E+0
2.130000E+2	-4.128861E-10	-6.747000E+1	0.000000E+0	1.067457E-8	0.000000E+0	0.000000E+0	0.000000E+0
2.129000E+2	-3.637636E-10	-6.781000E+1	0.000000E+0	1.169904E-8	0.000000E+0	0.000000E+0	0.000000E+0
2.128000E+2	-3.218599E-10	-6.531000E+1	0.000000E+0	1.220484E-8	0.000000E+0	0.000000E+0	0.000000E+0
2.127000E+2	-2.597828E-10	-6.983000E+1	0.000000E+0	1.398737E-8	0.000000E+0	0.000000E+0	0.000000E+0
2.126000E+2	-2.728391E-10	-6.579000E+1	0.000000E+0	1.449445E-8	0.000000E+0	0.000000E+0	0.000000E+0
2.125000E+2	-2.926976E-10	-6.487000E+1	0.000000E+0	1.406497E-8	0.000000E+0	0.000000E+0	0.000000E+0
2.124000E+2	-3.510814E-10	-6.759000E+1	0.000000E+0	1.488463E-8	0.000000E+0	0.000000E+0	0.000000E+0
2.123000E+2	-4.163852E-10	-6.884000E+1	0.000000E+0	1.049968E-8	0.000000E+0	0.000000E+0	0.000000E+0
2.122000E+2	-4.456967E-10	-6.722000E+1	0.000000E+0	1.649535E-8	0.000000E+0	0.000000E+0	0.000000E+0
2.121000E+2	-4.728080E-10	-6.813000E+1	0.000000E+0	1.159396E-8	0.000000E+0	0.000000E+0	0.000000E+0
2.120000E+2	-5.019952E-10	-6.725000E+1	0.000000E+0	1.673930E-8	0.000000E+0	0.000000E+0	0.000000E+0
2.119000E+2	-5.474568E-10	-6.772000E+1	0.000000E+0	1.878145E-8	0.000000E+0	0.000000E+0	0.000000E+0
2.118000E+2	-5.783478E-10	-6.777000E+1	0.000000E+0	1.756794E-8	0.000000E+0	0.000000E+0	0.000000E+0
2.117000E+2	-6.488677E-10	-6.468000E+1	0.000000E+0	1.157944E-8	0.000000E+0	0.000000E+0	0.000000E+0
2.116000E+2	-7.239576E-10	-6.638000E+1	0.000000E+0	4.132355E-9	0.000000E+0	0.000000E+0	0.000000E+0
2.115000E+2	-7.747005E-10	-6.570000E+1	0.000000E+0	1.097687E-8	0.000000E+0	0.000000E+0	0.000000E+0
2.114000E+2	-7.691148E-10	-6.856000E+1	0.000000E+0	1.705803E-8	0.000000E+0	0.000000E+0	0.000000E+0
2.113000E+2	-7.398625E-10	-6.897000E+1	0.000000E+0	1.537542E-8	0.000000E+0	0.000000E+0	0.000000E+0
2.112000E+2	-7.056882E-10	-6.802000E+1	0.000000E+0	1.628064E-8	0.000000E+0	0.000000E+0	0.000000E+0
2.111000E+2	-6.637544E-10	-6.820000E+1	0.000000E+0	1.097019E-8	0.000000E+0	0.000000E+0	0.000000E+0
2.110000E+2	-6.020065E-10	-6.599000E+1	0.000000E+0	7.070848E-9	0.000000E+0	0.000000E+0	0.000000E+0
2.109000E+2	-5.727903E-10	-6.545000E+1	0.000000E+0	1.473773E-8	0.000000E+0	0.000000E+0	0.000000E+0
2.108000E+2	-6.020951E-10	-6.677000E+1	0.000000E+0	1.938515E-8	0.000000E+0	0.000000E+0	0.000000E+0
2.107000E+2	-6.164945E-10	-6.806000E+1	0.000000E+0	2.067518E-8	0.000000E+0	0.000000E+0	0.000000E+0
2.106000E+2	-6.311385E-10	-6.620000E+1	0.000000E+0	2.140070E-8	0.000000E+0	0.000000E+0	0.000000E+0
2.105000E+2	-6.220841E-10	-6.659000E+1	0.000000E+0	2.301639E-8	0.000000E+0	0.000000E+0	0.000000E+0
2.104000E+2	-5.874953E-10	-6.723000E+1	0.000000E+0	2.390623E-8	0.000000E+0	0.000000E+0	0.000000E+0
2.103000E+2	-4.928991E-10	-6.711000E+1	0.000000E+0	2.455117E-8	0.000000E+0	0.000000E+0	0.000000E+0
2.102000E+2	-3.873641E-10	-6.778000E+1	0.000000E+0	2.574692E-8	0.000000E+0	0.000000E+0	0.000000E+0
2.101000E+2	-3.071190E-10	-6.945000E+1	0.000000E+0	2.840465E-8	0.000000E+0	0.000000E+0	0.000000E+0
2.100000E+2	-2.782515E-10	-6.807000E+1	0.000000E+0	2.778778E-8	0.000000E+0	0.000000E+0	0.000000E+0
2.099000E+2	-2.637981E-10	-6.722000E+1	0.000000E+0	2.402255E-8	0.000000E+0	0.000000E+0	0.000000E+0
2.098000E+2	-3.471689E-10	-6.491000E+1	0.000000E+0	2.953557E-8	0.000000E+0	0.000000E+0	0.000000E+0
2.097000E+2	-3.673418E-10	-6.598000E+1	0.000000E+0	3.343799E-8	0.000000E+0	0.000000E+0	0.000000E+0
2.096000E+2	-3.964604E-10	-6.781000E+1	0.000000E+0	3.728656E-8	0.000000E+0	0.000000E+0	0.000000E+0
2.095000E+2	-3.928909E-10	-6.661000E+1	0.000000E+0	3.720105E-8	0.000000E+0	0.000000E+0	0.000000E+0
2.094000E+2	-3.654236E-10	-6.878000E+1	0.000000E+0	3.994053E-8	0.000000E+0	0.000000E+0	0.000000E+0
2.093000E+2	-3.164635E-10	-6.613000E+1	0.000000E+0	4.283665E-8	0.000000E+0	0.000000E+0	0.000000E+0
2.092000E+2	-3.419998E-10	-6.706000E+1	0.000000E+0	4.218855E-8	0.000000E+0	0.000000E+0	0.000000E+0
2.091000E+2	-3.379754E-10	-6.951000E+1	0.000000E+0	4.536453E-8	0.000000E+0	0.000000E+0	0.000000E+0
2.090000E+2	-3.471103E-10	-6.466000E+1	0.000000E+0	4.557800E-8	0.000000E+0	0.000000E+0	0.000000E+0
2.089000E+2	-3.164374E-10	-6.814000E+1	0.000000E+0	4.566286E-8	0.000000E+0	0.000000E+0	0.000000E+0
2.088000E+2	-2.891907E-10	-6.746000E+1	0.000000E+0	4.829849E-8	0.000000E+0	0.000000E+0	0.000000E+0
2.087000E+2	-2.332871E-10	-6.071000E+1	0.000000E+0	4.905134E-8	0.000000E+0	0.000000E+0	0.000000E+0
2.086000E+2	-1.780408E-10	-6.391000E+1	0.000000E+0	5.363862E-8	0.000000E+0	0.000000E+0	0.000000E+0
2.085000E+2	-1.381906E-10	-6.633000E+1	0.000000E+0	5.177852E-8	0.000000E+0	0.000000E+0	0.000000E+0
2.084000E+2	-1.236121E-10	-6.484000E+1	0.000000E+0	5.365335E-8	0.000000E+0	0.000000E+0	0.000000E+0
2.083000E+2	-1.436997E-10	-6.688000E+1	0.000000E+0	5.392073E-8	0.000000E+0	0.000000E+0	0.000000E+0
2.082000E+2	-2.453294E-10	-6.431000E+1	0.000000E+0	5.561064E-8	0.000000E+0	0.000000E+0	0.000000E+0
2.081000E+2	-3.340969E-10	-6.356000E+1	0.000000E+0	5.555532E-8	0.000000E+0	0.000000E+0	0.000000E+0
2.080000E+2	-4.329000E-10	-6.698000E+1	0.000000E+0	5.799433E-8	0.000000E+0	0.000000E+0	0.000000E+0
2.079000E+2	-5.602180E-10	-6.602000E+1	0.000000E+0	5.708903E-8	0.000000E+0	0.000000E+0	0.000000E+0
2.078000E+2	-6.236658E-10	-6.857000E+1	0.000000E+0	5.961195E-8	0.000000E+0	0.000000E+0	0.000000E+0
2.077000E+2	-6.892908E-10	-6.802000E+1	0.000000E+0	6.441971E-8	0.000000E+0	0.000000E+0	0.000000E+0
2.076000E+2	-7.493779E-10	-6.656000E+1	0.000000E+0	5.941740E-8	0.000000E+0	0.000000E+0	0.000000E+0
2.075000E+2	-7.545023E-10	-6.514000E+1	0.000000E+0	5.118077E-8	0.000000E+0	0.000000E+0	0.000000E+0
2.074000E+2	-7.383243E-10	-6.575000E+1	0.000000E+0	7.413143E-8	0.000000E+0	0.000000E+0	0.000000E+0
2.073000E+2	-6.911527E-10	-6.633000E+1	0.000000E+0	7.626710E-8	0.000000E+0	0.000000E+0	0.000000E+0
2.072000E+2	-6.566815E-10	-6.657000E+1	0.000000E+0	8.324984E-8	0.000000E+0	0.000000E+0	0.000000E+0
2.071000E+2	-6.529992E-10	-6.709000E+1	0.000000E+0	8.737535E-8	0.000000E+0	0.000000E+0	0.000000E+0
2.070000E+2	-6.345239E-10	-6.531000E+1	0.000000E+0	8.485748E-8	0.000000E+0	0.000000E+0	0.000000E+0
2.069000E+2	-6.419398E-10	-6.828000E+1	0.000000E+0	9.133891E-8	0.000000E+0	0.000000E+0	0.000000E+0
2.068000E+2	-6.547947E-10	-6.677000E+1	0.000000E+0	9.042132E-8	0.000000E+0	0.000000E+0	0.000000E+0
2.067000E+2	-5.965684E-10	-6.641000E+1	0.000000E+0	1.018242E-7	0.000000E+0	0.000000E+0	0.000000E+0
2.066000E+2	-5.274730E-10	-6.642000E+1	0.000000E+0	1.057814E-7	0.000000E+0	0.000000E+0	0.000000E+0
2.065000E+2	-5.201623E-10	-6.631000E+1	0.000000E+0	1.096759E-7	0.000000E+0	0.000000E+0	0.000000E+0
2.064000E+2	-5.310986E-10	-6.713000E+1	0.000000E+0	1.139837E-7	0.000000E+0	0.000000E+0	0.000000E+0
2.063000E+2	-5.692937E-10	-6.727000E+1	0.000000E+0	1.170281E-7	0.000000E+0	0.000000E+0	0.000000E+0
2.062000E+2	-6.019426E-10	-6.569000E+1	0.000000E+0	1.227711E-7	0.000000E+0	0.000000E+0	0.000000E+0
2.061000E+2	-6.547698E-10	-6.755000E+1	0.000000E+0	1.202315E-7	0.000000E+0	0.000000E+0	0.000000E+0
2.060000E+2	-6.875979E-10	-6.686000E+1	0.000000E+0	1.212421E-7	0.000000E+0	0.000000E+0	0.000000E+0
2.059000E+2	-7.148859E-10	-6.664000E+1	0.000000E+0	1.125052E-7	0.000000E+0	0.000000E+0	0.000000E+0
2.058000E+2	-6.584480E-10	-6.772000E+1	0.000000E+0	1.199172E-7	0.000000E+0	0.000000E+0	0.000000E+0
2.057000E+2	-6.363456E-10	-6.862000E+1	0.000000E+0	1.156831E-7	0.000000E+0	0.000000E+0	0.000000E+0
2.056000E+2	-5.783270E-10	-6.609000E+1	0.000000E+0	8.389640E-8	0.000000E+0	0.000000E+0	0.000000E+0
2.055000E+2	-5.165969E-10	-6.720000E+1	0.000000E+0	1.150647E-7	0.000000E+0	0.000000E+0	0.000000E+0
2.054000E+2	-4.601469E-10	-6.613000E+1	0.000000E+0	1.406096E-7	0.000000E+0	0.000000E+0	0.000000E+0
2.053000E+2	-4.274530E-10	-6.615000E+1	0.000000E+0	1.497618E-7	0.000000E+0	0.000000E+0	0.000000E+0
2.052000E+2	-4.144908E-10	-6.518000E+1	0.000000E+0	1.570997E-7	0.000000E+0	0.000000E+0	0.000000E+0
2.051000E+2	-3.782215E-10	-6.876000E+1	0.000000E+0	1.720260E-7	0.000000E+0	0.000000E+0	0.000000E+0
2.050000E+2	-3.527180E-10	-6.884000E+1	0.000000E+0	1.771931E-7	0.000000E+0	0.000000E+0	0.000000E+0
2.049000E+2	-3.291404E-10	-6.809000E+1	0.000000E+0	1.847358E-7	0.000000E+0	0.000000E+0	0.000000E+0
2.048000E+2	-2.855989E-10	-6.716000E+1	0.000000E+0	1.893470E-7	0.000000E+0	0.000000E+0	0.000000E+0
2.047000E+2	-2.327925E-10	-6.654000E+1	0.000000E+0	1.951729E-7	0.000000E+0	0.000000E+0	0.000000E+0
2.046000E+2	-2.109071E-10	-6.870000E+1	0.000000E+0	2.018237E-7	0.000000E+0	0.000000E+0	0.000000E+0
2.045000E+2	-1.873013E-10	-6.886000E+1	0.000000E+0	2.225264E-7	0.000000E+0	0.000000E+0	0.000000E+0
2.044000E+2	-1.782976E-10	-6.730000E+1	0.000000E+0	2.226558E-7	0.000000E+0	0.000000E+0	0.000000E+0
2.043000E+2	-1.544932E-10	-6.487000E+1	0.000000E+0	2.406406E-7	0.000000E+0	0.000000E+0	0.000000E+0
2.042000E+2	-1.562878E-10	-6.483000E+1	0.000000E+0	2.544778E-7	0.000000E+0	0.000000E+0	0.000000E+0
2.041000E+2	-1.250413E-10	-6.210000E+1	0.000000E+0	2.562878E-7	0.000000E+0	0.000000E+0	0.000000E+0
2.040000E+2	-7.237196E-11	-6.108000E+1	0.000000E+0	2.761537E-7	0.000000E+0	0.000000E+0	0.000000E+0
2.039000E+2	-6.775396E-11	-7.841000E+1	0.000000E+0	2.744312E-7	0.000000E+0	0.000000E+0	0.000000E+0
2.038000E+2	-1.349053E-11	-4.500000E+1	0.000000E+0	2.845772E-7	0.000000E+0	0.000000E+0	0.000000E+0
2.037000E+2	1.768370E-11	9.945000E+1	0.000000E+0	2.735754E-7	0.000000E+0	0.000000E+0	0.000000E+0
2.036000E+2	4.076764E-11	1.260000E+2	0.000000E+0	2.860005E-7	0.000000E+0	0.000000E+0	0.000000E+0
2.035000E+2	7.584666E-11	1.061000E+2	0.000000E+0	2.859161E-7	0.000000E+0	0.000000E+0	0.000000E+0
2.034000E+2	1.124207E-10	1.177000E+2	0.000000E+0	2.847211E-7	0.000000E+0	0.000000E+0	0.000000E+0
2.033000E+2	1.546000E-10	1.130000E+2	0.000000E+0	2.999355E-7	0.000000E+0	0.000000E+0	0.000000E+0
2.032000E+2	1.782020E-10	1.149000E+2	0.000000E+0	3.042944E-7	0.000000E+0	0.000000E+0	0.000000E+0
2.031000E+2	2.200665E-10	1.120000E+2	0.000000E+0	2.732416E-7	0.000000E+0	0.000000E+0	0.000000E+0
2.030000E+2	2.982546E-10	1.140000E+2	0.000000E+0	3.170515E-7	0.000000E+0	0.000000E+0	0.000000E+0
2.029000E+2	2.851547E-10	1.098000E+2	0.000000E+0	3.014338E-7	0.000000E+0	0.000000E+0	0.000000E+0
2.028000E+2	2.946838E-10	1.136000E+2	0.000000E+0	3.023924E-7	0.000000E+0	0.000000E+0	0.000000E+0
2.027000E+2	2.472911E-10	1.147000E+2	0.000000E+0	3.314120E-7	0.000000E+0	0.000000E+0	0.000000E+0
2.026000E+2	1.963803E-10	1.150000E+2	0.000000E+0	3.089498E-7	0.000000E+0	0.000000E+0	0.000000E+0
2.025000E+2	1.625144E-10	1.061000E+2	0.000000E+0	2.764498E-7	0.000000E+0	0.000000E+0	0.000000E+0
2.024000E+2	1.563807E-10	1.121000E+2	0.000000E+0	3.649994E-7	0.000000E+0	0.000000E+0	0.000000E+0
2.023000E+2	2.017890E-10	1.111000E+2	0.000000E+0	2.461562E-7	0.000000E+0	0.000000E+0	0.000000E+0
2.022000E+2	2.600679E-10	1.121000E+2	0.000000E+0	3.485677E-7	0.000000E+0	0.000000E+0	0.000000E+0
2.021000E+2	3.145083E-10	1.150000E+2	0.000000E+0	2.580481E-7	0.000000E+0	0.000000E+0	0.000000E+0
2.020000E+2	3.964396E-10	1.140000E+2	0.000000E+0	2.675957E-7	0.000000E+0	0.000000E+0	0.000000E+0
2.019000E+2	4.202000E-10	1.130000E+2	0.000000E+0	2.899619E-7	0.000000E+0	0.000000E+0	0.000000E+0
2.018000E+2	4.455473E-10	1.115000E+2	0.000000E+0	1.855500E-7	0.000000E+0	0.000000E+0	0.000000E+0
2.017000E+2	4.839000E-10	1.130000E+2	0.000000E+0	2.650932E-7	0.000000E+0	0.000000E+0	0.000000E+0
2.016000E+2	4.674744E-10	1.124000E+2	0.000000E+0	1.605220E-7	0.000000E+0	0.000000E+0	0.000000E+0
2.015000E+2	4.892881E-10	1.134000E+2	0.000000E+0	2.168962E-7	0.000000E+0	0.000000E+0	0.000000E+0
2.014000E+2	4.965811E-10	1.135000E+2	0.000000E+0	1.326048E-7	0.000000E+0	0.000000E+0	0.000000E+0
2.013000E+2	4.873931E-10	1.118000E+2	0.000000E+0	1.887402E-7	0.000000E+0	0.000000E+0	0.000000E+0
2.012000E+2	4.383893E-10	1.126000E+2	0.000000E+0	1.919906E-7	0.000000E+0	0.000000E+0	0.000000E+0
2.011000E+2	3.904902E-10	1.162000E+2	0.000000E+0	6.684637E-8	0.000000E+0	0.000000E+0	0.000000E+0
2.010000E+2	2.891930E-10	1.126000E+2	0.000000E+0	1.982189E-7	0.000000E+0	0.000000E+0	0.000000E+0
2.009000E+2	2.083056E-10	1.077000E+2	0.000000E+0	1.079688E-7	0.000000E+0	0.000000E+0	0.000000E+0
2.008000E+2	1.106425E-10	1.084000E+2	0.000000E+0	1.276794E-7	0.000000E+0	0.000000E+0	0.000000E+0
2.007000E+2	3.819418E-11	1.140000E+2	0.000000E+0	1.407304E-7	0.000000E+0	0.000000E+0	0.000000E+0
2.006000E+2	2.510951E-11	8.999000E+1	0.000000E+0	5.088442E-8	0.000000E+0	0.000000E+0	0.000000E+0
2.005000E+2	-4.143889E-11	-7.494000E+1	0.000000E+0	1.555553E-7	0.000000E+0	0.000000E+0	0.000000E+0
2.004000E+2	-3.668680E-11	-4.345000E+1	0.000000E+0	6.483185E-8	0.000000E+0	0.000000E+0	0.000000E+0
2.003000E+2	-5.047671E-11	-5.935000E+1	0.000000E+0	5.841319E-8	0.000000E+0	0.000000E+0	0.000000E+0
2.002000E+2	-4.709761E-11	-6.183000E+1	0.000000E+0	4.682292E-8	0.000000E+0	0.000000E+0	0.000000E+0
2.001000E+2	-8.730808E-11	-6.738000E+1	0.000000E+0	7.845702E-8	0.000000E+0	0.000000E+0	0.000000E+0
