2.000000E+2	-8.683489E-11	-7.298000E+1	0.000000E+0	2.472156E-8	0.000000E+0	0.000000E+0	0.000000E+0
2.001000E+2	-6.911682E-11	-6.645000E+1	1.000000E+10	7.509961E-8	0.000000E+0	0.000000E+0	0.000000E+0
2.002000E+2	-6.208036E-11	-7.983000E+1	2.000000E+10	6.503687E-8	0.000000E+0	0.000000E+0	0.000000E+0
2.003000E+2	-5.012823E-11	-5.682000E+1	3.000000E+10	4.651142E-8	0.000000E+0	0.000000E+0	0.000000E+0
2.004000E+2	-3.816508E-11	-6.945000E+1	4.000000E+10	5.635065E-8	0.000000E+0	0.000000E+0	0.000000E+0
2.005000E+2	-3.988197E-11	-6.224000E+1	5.000000E+10	1.504116E-7	0.000000E+0	0.000000E+0	0.000000E+0
2.006000E+2	-3.743400E-11	-8.771000E+1	6.000000E+10	6.488971E-8	0.000000E+0	0.000000E+0	0.000000E+0
2.007000E+2	-1.454991E-11	-6.680000E+1	7.000000E+10	1.318272E-7	0.000000E+0	0.000000E+0	0.000000E+0
2.008000E+2	2.179158E-11	1.096000E+2	8.000000E+10	1.311483E-7	0.000000E+0	0.000000E+0	0.000000E+0
2.009000E+2	5.376958E-11	1.394000E+2	9.000000E+10	1.025401E-7	0.000000E+0	0.000000E+0	0.000000E+0
2.010000E+2	1.507482E-10	1.036000E+2	1.000000E+11	2.009770E-7	0.000000E+0	0.000000E+0	0.000000E+0
2.011000E+2	2.382071E-10	1.114000E+2	1.100000E+11	6.490168E-8	0.000000E+0	0.000000E+0	0.000000E+0
2.012000E+2	3.509070E-10	1.111000E+2	1.200000E+11	1.850081E-7	0.000000E+0	0.000000E+0	0.000000E+0
2.013000E+2	4.085796E-10	1.164000E+2	1.300000E+11	1.844384E-7	0.000000E+0	0.000000E+0	0.000000E+0
2.014000E+2	4.401457E-10	1.139000E+2	1.400000E+11	1.257604E-7	0.000000E+0	0.000000E+0	0.000000E+0
2.015000E+2	4.856882E-10	1.126000E+2	1.500000E+11	2.085122E-7	0.000000E+0	0.000000E+0	0.000000E+0
2.016000E+2	4.874993E-10	1.131000E+2	1.600000E+11	1.526289E-7	0.000000E+0	0.000000E+0	0.000000E+0
2.017000E+2	4.747414E-10	1.121000E+2	1.700000E+11	2.529588E-7	0.000000E+0	0.000000E+0	0.000000E+0
2.018000E+2	4.965992E-10	1.131000E+2	1.800000E+11	1.768753E-7	0.000000E+0	0.000000E+0	0.000000E+0
2.019000E+2	4.726119E-10	1.110000E+2	1.900000E+11	2.786862E-7	0.000000E+0	0.000000E+0	0.000000E+0
2.020000E+2	4.765739E-10	1.136000E+2	2.000000E+11	2.571805E-7	0.000000E+0	0.000000E+0	0.000000E+0
2.021000E+2	4.565750E-10	1.124000E+2	2.100000E+11	2.474212E-7	0.000000E+0	0.000000E+0	0.000000E+0
2.022000E+2	4.364504E-10	1.145000E+2	2.200000E+11	3.383231E-7	0.000000E+0	0.000000E+0	0.000000E+0
2.023000E+2	3.819977E-10	1.128000E+2	2.300000E+11	2.341065E-7	0.000000E+0	0.000000E+0	0.000000E+0
2.024000E+2	3.307324E-10	1.157000E+2	2.400000E+11	3.561420E-7	0.000000E+0	0.000000E+0	0.000000E+0
2.025000E+2	2.433660E-10	1.160000E+2	2.500000E+11	2.653421E-7	0.000000E+0	0.000000E+0	0.000000E+0
2.026000E+2	2.066420E-10	1.081000E+2	2.600000E+11	3.011514E-7	0.000000E+0	0.000000E+0	0.000000E+0
2.027000E+2	1.873974E-10	1.127000E+2	2.700000E+11	3.242211E-7	0.000000E+0	0.000000E+0	0.000000E+0
2.028000E+2	1.818665E-10	1.119000E+2	2.800000E+11	2.900845E-7	0.000000E+0	0.000000E+0	0.000000E+0
2.029000E+2	2.127841E-10	1.137000E+2	2.900000E+11	2.955411E-7	0.000000E+0	0.000000E+0	0.000000E+0
2.030000E+2	2.579916E-10	1.158000E+2	3.000000E+11	3.091639E-7	0.000000E+0	0.000000E+0	0.000000E+0
2.031000E+2	2.983000E-10	1.130000E+2	3.100000E+11	2.674221E-7	0.000000E+0	0.000000E+0	0.000000E+0
2.032000E+2	2.800573E-10	1.120000E+2	3.200000E+11	3.001710E-7	0.000000E+0	0.000000E+0	0.000000E+0
2.033000E+2	2.780559E-10	1.154000E+2	3.300000E+11	2.917166E-7	0.000000E+0	0.000000E+0	0.000000E+0
2.034000E+2	2.235637E-10	1.110000E+2	3.400000E+11	2.830310E-7	0.000000E+0	0.000000E+0	0.000000E+0
2.035000E+2	1.618517E-10	1.116000E+2	3.500000E+11	2.805131E-7	0.000000E+0	0.000000E+0	0.000000E+0
2.036000E+2	1.563533E-10	1.116000E+2	3.600000E+11	2.812184E-7	0.000000E+0	0.000000E+0	0.000000E+0
2.037000E+2	7.815699E-11	1.107000E+2	3.700000E+11	2.716374E-7	0.000000E+0	0.000000E+0	0.000000E+0
2.038000E+2	5.871820E-11	1.010000E+2	3.800000E+11	2.792870E-7	0.000000E+0	0.000000E+0	0.000000E+0
2.039000E+2	5.024612E-11	1.036000E+2	3.900000E+11	2.723185E-7	0.000000E+0	0.000000E+0	0.000000E+0
2.040000E+2	7.804977E-12	4.227000E+1	4.000000E+11	2.719491E-7	0.000000E+0	0.000000E+0	0.000000E+0
2.041000E+2	1.506755E-11	8.999000E+1	4.100000E+11	2.509033E-7	0.000000E+0	0.000000E+0	0.000000E+0
2.042000E+2	-3.455979E-11	-6.680000E+1	4.200000E+11	2.500901E-7	0.000000E+0	0.000000E+0	0.000000E+0
2.043000E+2	-9.731417E-11	-7.483000E+1	4.300000E+11	2.337836E-7	0.000000E+0	0.000000E+0	0.000000E+0
2.044000E+2	-1.290880E-10	-6.778000E+1	4.400000E+11	2.180450E-7	0.000000E+0	0.000000E+0	0.000000E+0
2.045000E+2	-1.400332E-10	-6.523000E+1	4.500000E+11	2.185503E-7	0.000000E+0	0.000000E+0	0.000000E+0
2.046000E+2	-1.527996E-10	-6.713000E+1	4.600000E+11	1.979814E-7	0.000000E+0	0.000000E+0	0.000000E+0
2.047000E+2	-1.826255E-10	-7.320000E+1	4.700000E+11	1.902042E-7	0.000000E+0	0.000000E+0	0.000000E+0
2.048000E+2	-1.907654E-10	-6.984000E+1	4.800000E+11	1.868825E-7	0.000000E+0	0.000000E+0	0.000000E+0
2.049000E+2	-2.200572E-10	-6.813000E+1	4.900000E+11	1.804716E-7	0.000000E+0	0.000000E+0	0.000000E+0
2.050000E+2	-2.763574E-10	-6.884000E+1	5.000000E+11	1.751623E-7	0.000000E+0	0.000000E+0	0.000000E+0
2.051000E+2	-2.924347E-10	-7.023000E+1	5.100000E+11	1.675957E-7	0.000000E+0	0.000000E+0	0.000000E+0
2.052000E+2	-3.382687E-10	-6.778000E+1	5.200000E+11	1.537461E-7	0.000000E+0	0.000000E+0	0.000000E+0
2.053000E+2	-3.710665E-10	-6.623000E+1	5.300000E+11	1.475737E-7	0.000000E+0	0.000000E+0	0.000000E+0
2.054000E+2	-4.053840E-10	-6.513000E+1	5.400000E+11	1.374743E-7	0.000000E+0	0.000000E+0	0.000000E+0
2.055000E+2	-4.165939E-10	-6.669000E+1	5.500000E+11	1.092174E-7	0.000000E+0	0.000000E+0	0.000000E+0
2.056000E+2	-4.383846E-10	-6.652000E+1	5.600000E+11	8.381620E-8	0.000000E+0	0.000000E+0	0.000000E+0
2.057000E+2	-4.637570E-10	-6.778000E+1	5.700000E+11	1.151724E-7	0.000000E+0	0.000000E+0	0.000000E+0
2.058000E+2	-5.092641E-10	-6.632000E+1	5.800000E+11	1.198466E-7	0.000000E+0	0.000000E+0	0.000000E+0
2.059000E+2	-5.765830E-10	-6.744000E+1	5.900000E+11	1.137765E-7	0.000000E+0	0.000000E+0	0.000000E+0
2.060000E+2	-6.165615E-10	-6.636000E+1	6.000000E+11	1.212260E-7	0.000000E+0	0.000000E+0	0.000000E+0
2.061000E+2	-6.620915E-10	-6.671000E+1	6.100000E+11	1.236355E-7	0.000000E+0	0.000000E+0	0.000000E+0
2.062000E+2	-6.929911E-10	-6.671000E+1	6.200000E+11	1.242149E-7	0.000000E+0	0.000000E+0	0.000000E+0
2.063000E+2	-6.929145E-10	-6.610000E+1	6.300000E+11	1.171481E-7	0.000000E+0	0.000000E+0	0.000000E+0
2.064000E+2	-6.693765E-10	-6.748000E+1	6.400000E+11	1.175233E-7	0.000000E+0	0.000000E+0	0.000000E+0
2.065000E+2	-6.237217E-10	-6.563000E+1	6.500000E+11	1.108610E-7	0.000000E+0	0.000000E+0	0.000000E+0
2.066000E+2	-5.656758E-10	-6.647000E+1	6.600000E+11	1.093397E-7	0.000000E+0	0.000000E+0	0.000000E+0
2.067000E+2	-5.274681E-10	-6.763000E+1	6.700000E+11	1.043669E-7	0.000000E+0	0.000000E+0	0.000000E+0
2.068000E+2	-5.255847E-10	-6.580000E+1	6.800000E+11	9.659564E-8	0.000000E+0	0.000000E+0	0.000000E+0
2.069000E+2	-5.383752E-10	-6.755000E+1	6.900000E+11	9.674523E-8	0.000000E+0	0.000000E+0	0.000000E+0
2.070000E+2	-5.776644E-10	-6.989000E+1	7.000000E+11	8.889325E-8	0.000000E+0	0.000000E+0	0.000000E+0
2.071000E+2	-6.111966E-10	-6.719000E+1	7.100000E+11	9.509756E-8	0.000000E+0	0.000000E+0	0.000000E+0
2.072000E+2	-6.347986E-10	-6.688000E+1	7.200000E+11	8.951189E-8	0.000000E+0	0.000000E+0	0.000000E+0
2.073000E+2	-6.346893E-10	-6.593000E+1	7.300000E+11	8.461089E-8	0.000000E+0	0.000000E+0	0.000000E+0
2.074000E+2	-6.493952E-10	-6.678000E+1	7.400000E+11	8.118691E-8	0.000000E+0	0.000000E+0	0.000000E+0
2.075000E+2	-6.566980E-10	-6.686000E+1	7.500000E+11	5.921199E-8	0.000000E+0	0.000000E+0	0.000000E+0
2.076000E+2	-6.726143E-10	-6.894000E+1	7.600000E+11	6.672046E-8	0.000000E+0	0.000000E+0	0.000000E+0
2.077000E+2	-7.093544E-10	-6.765000E+1	7.700000E+11	7.186776E-8	0.000000E+0	0.000000E+0	0.000000E+0
2.078000E+2	-7.455805E-10	-6.561000E+1	7.800000E+11	6.678500E-8	0.000000E+0	0.000000E+0	0.000000E+0
2.079000E+2	-7.274184E-10	-6.572000E+1	7.900000E+11	6.479420E-8	0.000000E+0	0.000000E+0	0.000000E+0
2.080000E+2	-7.093544E-10	-6.765000E+1	8.000000E+11	6.486146E-8	0.000000E+0	0.000000E+0	0.000000E+0
2.081000E+2	-6.693990E-10	-6.690000E+1	8.100000E+11	6.280728E-8	0.000000E+0	0.000000E+0	0.000000E+0
2.082000E+2	-5.911676E-10	-6.640000E+1	8.200000E+11	6.294405E-8	0.000000E+0	0.000000E+0	0.000000E+0
2.083000E+2	-4.910381E-10	-6.791000E+1	8.300000E+11	6.079723E-8	0.000000E+0	0.000000E+0	0.000000E+0
2.084000E+2	-3.633594E-10	-6.982000E+1	8.400000E+11	6.113993E-8	0.000000E+0	0.000000E+0	0.000000E+0
2.085000E+2	-2.509838E-10	-6.635000E+1	8.500000E+11	5.802966E-8	0.000000E+0	0.000000E+0	0.000000E+0
2.086000E+2	-1.509756E-10	-6.597000E+1	8.600000E+11	6.057736E-8	0.000000E+0	0.000000E+0	0.000000E+0
2.087000E+2	-1.396681E-10	-6.250000E+1	8.700000E+11	5.586329E-8	0.000000E+0	0.000000E+0	0.000000E+0
2.088000E+2	-1.526163E-10	-6.981000E+1	8.800000E+11	5.618140E-8	0.000000E+0	0.000000E+0	0.000000E+0
2.089000E+2	-1.763731E-10	-6.800000E+1	8.900000E+11	5.106253E-8	0.000000E+0	0.000000E+0	0.000000E+0
2.090000E+2	-2.182050E-10	-6.869000E+1	9.000000E+11	5.189839E-8	0.000000E+0	0.000000E+0	0.000000E+0
2.091000E+2	-2.927914E-10	-6.856000E+1	9.100000E+11	5.150580E-8	0.000000E+0	0.000000E+0	0.000000E+0
2.092000E+2	-3.309835E-10	-6.852000E+1	9.200000E+11	4.903265E-8	0.000000E+0	0.000000E+0	0.000000E+0
2.093000E+2	-3.397522E-10	-6.406000E+1	9.300000E+11	4.784226E-8	0.000000E+0	0.000000E+0	0.000000E+0
2.094000E+2	-3.345662E-10	-6.862000E+1	9.400000E+11	4.624252E-8	0.000000E+0	0.000000E+0	0.000000E+0
2.095000E+2	-3.255881E-10	-6.749000E+1	9.500000E+11	4.261958E-8	0.000000E+0	0.000000E+0	0.000000E+0
2.096000E+2	-3.200788E-10	-6.634000E+1	9.600000E+11	4.323451E-8	0.000000E+0	0.000000E+0	0.000000E+0
2.097000E+2	-3.510952E-10	-6.730000E+1	9.700000E+11	3.888062E-8	0.000000E+0	0.000000E+0	0.000000E+0
2.098000E+2	-3.801110E-10	-6.824000E+1	9.800000E+11	3.663560E-8	0.000000E+0	0.000000E+0	0.000000E+0
2.099000E+2	-3.836210E-10	-6.875000E+1	9.900000E+11	2.938970E-8	0.000000E+0	0.000000E+0	0.000000E+0
2.100000E+2	-3.672345E-10	-6.528000E+1	1.000000E+12	3.441960E-8	0.000000E+0	0.000000E+0	0.000000E+0
2.101000E+2	-3.364973E-10	-6.677000E+1	1.010000E+12	3.409044E-8	0.000000E+0	0.000000E+0	0.000000E+0
2.102000E+2	-2.855655E-10	-6.789000E+1	1.020000E+12	3.320528E-8	0.000000E+0	0.000000E+0	0.000000E+0
2.103000E+2	-2.470722E-10	-6.995000E+1	1.030000E+12	3.186823E-8	0.000000E+0	0.000000E+0	0.000000E+0
2.104000E+2	-2.600999E-10	-6.705000E+1	1.040000E+12	3.149336E-8	0.000000E+0	0.000000E+0	0.000000E+0
2.105000E+2	-3.346887E-10	-6.747000E+1	1.050000E+12	3.021255E-8	0.000000E+0	0.000000E+0	0.000000E+0
2.106000E+2	-4.656856E-10	-6.745000E+1	1.060000E+12	2.946596E-8	0.000000E+0	0.000000E+0	0.000000E+0
2.107000E+2	-5.646084E-10	-7.056000E+1	1.070000E+12	3.097952E-8	0.000000E+0	0.000000E+0	0.000000E+0
2.108000E+2	-6.183575E-10	-6.577000E+1	1.080000E+12	2.701802E-8	0.000000E+0	0.000000E+0	0.000000E+0
2.109000E+2	-6.329889E-10	-6.666000E+1	1.090000E+12	2.298945E-8	0.000000E+0	0.000000E+0	0.000000E+0
2.110000E+2	-5.984790E-10	-6.652000E+1	1.100000E+12	9.324346E-9	0.000000E+0	0.000000E+0	0.000000E+0
2.111000E+2	-5.764376E-10	-6.564000E+1	1.110000E+12	1.935747E-8	0.000000E+0	0.000000E+0	0.000000E+0
2.112000E+2	-5.765606E-10	-6.633000E+1	1.120000E+12	2.098178E-8	0.000000E+0	0.000000E+0	0.000000E+0
2.113000E+2	-5.856720E-10	-6.644000E+1	1.130000E+12	2.291930E-8	0.000000E+0	0.000000E+0	0.000000E+0
2.114000E+2	-6.272403E-10	-6.506000E+1	1.140000E+12	2.370245E-8	0.000000E+0	0.000000E+0	0.000000E+0
2.115000E+2	-6.837500E-10	-6.820000E+1	1.150000E+12	1.800804E-8	0.000000E+0	0.000000E+0	0.000000E+0
2.116000E+2	-7.421551E-10	-6.637000E+1	1.160000E+12	9.592129E-9	0.000000E+0	0.000000E+0	0.000000E+0
2.117000E+2	-7.784183E-10	-6.783000E+1	1.170000E+12	9.512112E-9	0.000000E+0	0.000000E+0	0.000000E+0
2.118000E+2	-7.712803E-10	-6.659000E+1	1.180000E+12	1.784332E-8	0.000000E+0	0.000000E+0	0.000000E+0
2.119000E+2	-7.455341E-10	-6.853000E+1	1.190000E+12	1.727191E-8	0.000000E+0	0.000000E+0	0.000000E+0
2.120000E+2	-6.693985E-10	-6.688000E+1	1.200000E+12	1.703228E-8	0.000000E+0	0.000000E+0	0.000000E+0
2.121000E+2	-6.201707E-10	-6.817000E+1	1.210000E+12	9.695524E-9	0.000000E+0	0.000000E+0	0.000000E+0
2.122000E+2	-5.764254E-10	-6.841000E+1	1.220000E+12	1.442722E-8	0.000000E+0	0.000000E+0	0.000000E+0
2.123000E+2	-5.165484E-10	-6.619000E+1	1.230000E+12	9.008029E-9	0.000000E+0	0.000000E+0	0.000000E+0
2.124000E+2	-4.947701E-10	-6.763000E+1	1.240000E+12	1.279626E-8	0.000000E+0	0.000000E+0	0.000000E+0
2.125000E+2	-4.673683E-10	-6.564000E+1	1.250000E+12	1.336127E-8	0.000000E+0	0.000000E+0	0.000000E+0
2.126000E+2	-4.383955E-10	-6.674000E+1	1.260000E+12	1.378389E-8	0.000000E+0	0.000000E+0	0.000000E+0
2.127000E+2	-3.674000E-10	-6.700000E+1	1.270000E+12	1.291902E-8	0.000000E+0	0.000000E+0	0.000000E+0
2.128000E+2	-3.181774E-10	-6.859000E+1	1.280000E+12	1.301021E-8	0.000000E+0	0.000000E+0	0.000000E+0
2.129000E+2	-2.946998E-10	-6.706000E+1	1.290000E+12	1.211989E-8	0.000000E+0	0.000000E+0	0.000000E+0
2.130000E+2	-2.691871E-10	-6.644000E+1	1.300000E+12	9.986291E-9	0.000000E+0	0.000000E+0	0.000000E+0
2.131000E+2	-3.073444E-10	-6.809000E+1	1.310000E+12	1.109086E-8	0.000000E+0	0.000000E+0	0.000000E+0
2.132000E+2	-3.291980E-10	-6.680000E+1	1.320000E+12	9.659970E-9	0.000000E+0	0.000000E+0	0.000000E+0
2.133000E+2	-4.127921E-10	-6.569000E+1	1.330000E+12	9.843722E-9	0.000000E+0	0.000000E+0	0.000000E+0
2.134000E+2	-4.910849E-10	-6.745000E+1	1.340000E+12	8.892436E-9	0.000000E+0	0.000000E+0	0.000000E+0
2.135000E+2	-5.274473E-10	-6.619000E+1	1.350000E+12	8.998488E-9	0.000000E+0	0.000000E+0	0.000000E+0
2.136000E+2	-6.020511E-10	-6.627000E+1	1.360000E+12	7.889082E-9	0.000000E+0	0.000000E+0	0.000000E+0
2.137000E+2	-6.547856E-10	-6.662000E+1	1.370000E+12	7.255392E-9	0.000000E+0	0.000000E+0	0.000000E+0
2.138000E+2	-7.348847E-10	-6.737000E+1	1.380000E+12	6.494148E-9	0.000000E+0	0.000000E+0	0.000000E+0
2.139000E+2	-8.057850E-10	-6.665000E+1	1.390000E+12	6.881082E-9	0.000000E+0	0.000000E+0	0.000000E+0
2.140000E+2	-9.077000E-10	-6.699000E+1	1.400000E+12	5.541542E-9	0.000000E+0	0.000000E+0	0.000000E+0
2.141000E+2	-1.010933E-9	-6.766000E+1	1.410000E+12	2.274165E-9	0.000000E+0	0.000000E+0	0.000000E+0
2.142000E+2	-1.023989E-9	-6.673000E+1	1.420000E+12	8.835203E-9	0.000000E+0	0.000000E+0	0.000000E+0
2.143000E+2	-1.056999E-9	-6.709000E+1	1.430000E+12	8.177007E-9	0.000000E+0	0.000000E+0	0.000000E+0
2.144000E+2	-1.029994E-9	-6.720000E+1	1.440000E+12	9.382891E-9	0.000000E+0	0.000000E+0	0.000000E+0
2.145000E+2	-9.822883E-10	-6.728000E+1	1.450000E+12	8.521011E-9	0.000000E+0	0.000000E+0	0.000000E+0
2.146000E+2	-8.948526E-10	-6.759000E+1	1.460000E+12	7.599983E-9	0.000000E+0	0.000000E+0	0.000000E+0
2.147000E+2	-8.293211E-10	-6.581000E+1	1.470000E+12	7.707444E-9	0.000000E+0	0.000000E+0	0.000000E+0
2.148000E+2	-8.366730E-10	-6.654000E+1	1.480000E+12	7.907547E-9	0.000000E+0	0.000000E+0	0.000000E+0
2.149000E+2	-8.548953E-10	-6.719000E+1	1.490000E+12	7.686159E-9	0.000000E+0	0.000000E+0	0.000000E+0
2.150000E+2	-8.548208E-10	-6.778000E+1	1.500000E+12	7.730500E-9	0.000000E+0	0.000000E+0	0.000000E+0
2.151000E+2	-8.348186E-10	-6.620000E+1	1.510000E+12	7.552734E-9	0.000000E+0	0.000000E+0	0.000000E+0
2.152000E+2	-8.075858E-10	-6.734000E+1	1.520000E+12	7.278932E-9	0.000000E+0	0.000000E+0	0.000000E+0
2.153000E+2	-7.548944E-10	-6.722000E+1	1.530000E+12	6.794670E-9	0.000000E+0	0.000000E+0	0.000000E+0
2.154000E+2	-6.948691E-10	-6.646000E+1	1.540000E+12	6.694696E-9	0.000000E+0	0.000000E+0	0.000000E+0
2.155000E+2	-6.275119E-10	-6.604000E+1	1.550000E+12	5.874368E-9	0.000000E+0	0.000000E+0	0.000000E+0
2.156000E+2	-5.382528E-10	-6.566000E+1	1.560000E+12	4.917603E-9	0.000000E+0	0.000000E+0	0.000000E+0
2.157000E+2	-4.419789E-10	-6.644000E+1	1.570000E+12	4.305270E-9	0.000000E+0	0.000000E+0	0.000000E+0
2.158000E+2	-3.346728E-10	-6.627000E+1	1.580000E+12	3.606427E-9	0.000000E+0	0.000000E+0	0.000000E+0
2.159000E+2	-2.228179E-10	-6.191000E+1	1.590000E+12	2.895430E-9	0.000000E+0	0.000000E+0	0.000000E+0
2.160000E+2	-1.175928E-10	-6.119000E+1	1.600000E+12	2.106632E-9	0.000000E+0	0.000000E+0	0.000000E+0
2.161000E+2	-1.982280E-11	-1.220000E+2	1.610000E+12	5.452198E-9	0.000000E+0	0.000000E+0	0.000000E+0
2.162000E+2	7.256460E-11	1.088000E+2	1.620000E+12	3.880274E-9	0.000000E+0	0.000000E+0	0.000000E+0
2.163000E+2	1.745870E-10	1.123000E+2	1.630000E+12	3.772146E-9	0.000000E+0	0.000000E+0	0.000000E+0
2.164000E+2	2.691504E-10	1.141000E+2	1.640000E+12	2.395804E-9	0.000000E+0	0.000000E+0	0.000000E+0
2.165000E+2	3.819017E-10	1.117000E+2	1.650000E+12	8.701907E-10	0.000000E+0	0.000000E+0	0.000000E+0
2.166000E+2	4.656546E-10	1.138000E+2	1.660000E+12	3.356749E-9	0.000000E+0	0.000000E+0	0.000000E+0
2.167000E+2	5.438992E-10	1.129000E+2	1.670000E+12	3.988538E-9	0.000000E+0	0.000000E+0	0.000000E+0
2.168000E+2	5.783436E-10	1.138000E+2	1.680000E+12	3.934298E-9	0.000000E+0	0.000000E+0	0.000000E+0
2.169000E+2	5.635565E-10	1.110000E+2	1.690000E+12	5.781270E-9	0.000000E+0	0.000000E+0	0.000000E+0
2.170000E+2	5.856964E-10	1.132000E+2	1.700000E+12	5.130675E-9	0.000000E+0	0.000000E+0	0.000000E+0
2.171000E+2	5.765570E-10	1.123000E+2	1.710000E+12	2.919668E-9	0.000000E+0	0.000000E+0	0.000000E+0
2.172000E+2	5.602147E-10	1.140000E+2	1.720000E+12	3.655115E-9	0.000000E+0	0.000000E+0	0.000000E+0
2.173000E+2	5.965673E-10	1.136000E+2	1.730000E+12	4.460092E-9	0.000000E+0	0.000000E+0	0.000000E+0
2.174000E+2	6.039000E-10	1.130000E+2	1.740000E+12	4.582001E-9	0.000000E+0	0.000000E+0	0.000000E+0
2.175000E+2	6.275990E-10	1.129000E+2	1.750000E+12	4.088049E-9	0.000000E+0	0.000000E+0	0.000000E+0
2.176000E+2	6.438647E-10	1.136000E+2	1.760000E+12	3.879151E-9	0.000000E+0	0.000000E+0	0.000000E+0
2.177000E+2	6.237394E-10	1.143000E+2	1.770000E+12	3.834982E-9	0.000000E+0	0.000000E+0	0.000000E+0
2.178000E+2	6.146165E-10	1.116000E+2	1.780000E+12	3.475654E-9	0.000000E+0	0.000000E+0	0.000000E+0
2.179000E+2	5.365338E-10	1.139000E+2	1.790000E+12	3.383179E-9	0.000000E+0	0.000000E+0	0.000000E+0
2.180000E+2	4.217918E-10	1.148000E+2	1.800000E+12	2.466241E-9	0.000000E+0	0.000000E+0	0.000000E+0
2.181000E+2	2.891643E-10	1.139000E+2	1.810000E+12	2.608068E-9	0.000000E+0	0.000000E+0	0.000000E+0
2.182000E+2	2.073381E-10	1.116000E+2	1.820000E+12	2.641182E-9	0.000000E+0	0.000000E+0	0.000000E+0
2.183000E+2	1.687013E-10	1.086000E+2	1.830000E+12	2.656349E-9	0.000000E+0	0.000000E+0	0.000000E+0
2.184000E+2	1.229765E-10	1.068000E+2	1.840000E+12	2.691621E-9	0.000000E+0	0.000000E+0	0.000000E+0
2.185000E+2	8.000879E-11	1.114000E+2	1.850000E+12	1.993793E-9	0.000000E+0	0.000000E+0	0.000000E+0
2.186000E+2	5.616676E-11	1.181000E+2	1.860000E+12	1.897364E-9	0.000000E+0	0.000000E+0	0.000000E+0
2.187000E+2	3.576418E-11	1.480000E+2	1.870000E+12	1.344117E-9	0.000000E+0	0.000000E+0	0.000000E+0
2.188000E+2	-2.438293E-11	-5.020000E+1	1.880000E+12	1.686281E-9	0.000000E+0	0.000000E+0	0.000000E+0
2.189000E+2	-7.274404E-11	-6.820000E+1	1.890000E+12	1.544797E-9	0.000000E+0	0.000000E+0	0.000000E+0
2.190000E+2	-9.639502E-11	-6.801000E+1	1.900000E+12	1.070460E-9	0.000000E+0	0.000000E+0	0.000000E+0
2.191000E+2	-1.381995E-10	-6.716000E+1	1.910000E+12	2.138040E-9	0.000000E+0	0.000000E+0	0.000000E+0
2.192000E+2	-1.163445E-10	-6.523000E+1	1.920000E+12	1.804488E-9	0.000000E+0	0.000000E+0	0.000000E+0
2.193000E+2	-9.083908E-11	-6.983000E+1	1.930000E+12	2.077424E-9	0.000000E+0	0.000000E+0	0.000000E+0
2.194000E+2	-3.793600E-11	-6.026000E+1	1.940000E+12	2.387602E-9	0.000000E+0	0.000000E+0	0.000000E+0
2.195000E+2	-6.161181E-11	-7.203000E+1	1.950000E+12	3.234925E-9	0.000000E+0	0.000000E+0	0.000000E+0
2.196000E+2	-8.152976E-11	-6.193000E+1	1.960000E+12	2.601967E-9	0.000000E+0	0.000000E+0	0.000000E+0
2.197000E+2	-1.181798E-10	-6.806000E+1	1.970000E+12	2.088480E-9	0.000000E+0	0.000000E+0	0.000000E+0
2.198000E+2	-1.617994E-10	-6.498000E+1	1.980000E+12	1.986034E-9	0.000000E+0	0.000000E+0	0.000000E+0
2.199000E+2	-1.198682E-10	-7.056000E+1	1.990000E+12	1.288913E-9	0.000000E+0	0.000000E+0	0.000000E+0
2.200000E+2	-2.298849E-11	-1.124000E+2	2.000000E+12	2.674367E-9	0.000000E+0	0.000000E+0	0.000000E+0
2.201000E+2	1.327191E-10	1.150000E+2	2.010000E+12	2.557880E-9	0.000000E+0	0.000000E+0	0.000000E+0
2.202000E+2	2.781775E-10	1.113000E+2	2.020000E+12	1.324861E-9	0.000000E+0	0.000000E+0	0.000000E+0
2.203000E+2	4.670550E-10	1.105000E+2	2.030000E+12	2.742722E-9	0.000000E+0	0.000000E+0	0.000000E+0
2.204000E+2	6.493960E-10	1.132000E+2	2.040000E+12	1.431728E-9	0.000000E+0	0.000000E+0	0.000000E+0
2.205000E+2	7.748894E-10	1.133000E+2	2.050000E+12	1.614346E-9	0.000000E+0	0.000000E+0	0.000000E+0
2.206000E+2	9.058117E-10	1.138000E+2	2.060000E+12	2.056921E-9	0.000000E+0	0.000000E+0	0.000000E+0
2.207000E+2	1.076985E-9	1.127000E+2	2.070000E+12	1.917112E-9	0.000000E+0	0.000000E+0	0.000000E+0
2.208000E+2	1.292803E-9	1.140000E+2	2.080000E+12	2.709318E-9	0.000000E+0	0.000000E+0	0.000000E+0
2.209000E+2	1.509814E-9	1.121000E+2	2.090000E+12	2.115546E-9	0.000000E+0	0.000000E+0	0.000000E+0
2.210000E+2	1.718990E-9	1.128000E+2	2.100000E+12	1.635626E-9	0.000000E+0	0.000000E+0	0.000000E+0
2.211000E+2	1.907954E-9	1.134000E+2	2.110000E+12	1.329371E-9	0.000000E+0	0.000000E+0	0.000000E+0
2.212000E+2	2.104920E-9	1.125000E+2	2.120000E+12	1.474732E-9	0.000000E+0	0.000000E+0	0.000000E+0
2.213000E+2	2.242997E-9	1.129000E+2	2.130000E+12	8.795511E-10	0.000000E+0	0.000000E+0	0.000000E+0
2.214000E+2	2.331968E-9	1.133000E+2	2.140000E+12	1.341621E-9	0.000000E+0	0.000000E+0	0.000000E+0
2.215000E+2	2.391967E-9	1.133000E+2	2.150000E+12	1.112658E-9	0.000000E+0	0.000000E+0	0.000000E+0
2.216000E+2	2.453907E-9	1.135000E+2	2.160000E+12	1.816080E-9	0.000000E+0	0.000000E+0	0.000000E+0
2.217000E+2	2.493985E-9	1.132000E+2	2.170000E+12	1.011077E-9	0.000000E+0	0.000000E+0	0.000000E+0
2.218000E+2	2.495985E-9	1.132000E+2	2.180000E+12	8.241499E-10	0.000000E+0	0.000000E+0	0.000000E+0
2.219000E+2	2.500996E-9	1.131000E+2	2.190000E+12	6.321447E-10	0.000000E+0	0.000000E+0	0.000000E+0
2.220000E+2	2.422996E-9	1.131000E+2	2.200000E+12	2.216085E-10	0.000000E+0	0.000000E+0	0.000000E+0
2.221000E+2	2.331911E-9	1.135000E+2	2.210000E+12	5.700427E-10	0.000000E+0	0.000000E+0	0.000000E+0
2.222000E+2	2.202997E-9	1.129000E+2	2.220000E+12	4.483339E-10	0.000000E+0	0.000000E+0	0.000000E+0
2.223000E+2	2.107920E-9	1.125000E+2	2.230000E+12	4.359396E-10	0.000000E+0	0.000000E+0	0.000000E+0
2.224000E+2	1.974853E-9	1.137000E+2	2.240000E+12	1.347639E-9	0.000000E+0	0.000000E+0	0.000000E+0
2.225000E+2	1.856975E-9	1.133000E+2	2.250000E+12	1.118749E-9	0.000000E+0	0.000000E+0	0.000000E+0
2.226000E+2	1.776976E-9	1.133000E+2	2.260000E+12	1.030081E-9	0.000000E+0	0.000000E+0	0.000000E+0
2.227000E+2	1.700959E-9	1.126000E+2	2.270000E+12	1.164650E-9	0.000000E+0	0.000000E+0	0.000000E+0
2.228000E+2	1.669990E-9	1.132000E+2	2.280000E+12	1.592340E-9	0.000000E+0	0.000000E+0	0.000000E+0
2.229000E+2	1.550000E-9	1.130000E+2	2.290000E+12	1.716944E-9	0.000000E+0	0.000000E+0	0.000000E+0
2.230000E+2	1.405998E-9	1.129000E+2	2.300000E+12	2.257978E-9	0.000000E+0	0.000000E+0	0.000000E+0
2.231000E+2	1.190993E-9	1.132000E+2	2.310000E+12	2.185890E-9	0.000000E+0	0.000000E+0	0.000000E+0
2.232000E+2	9.274612E-10	1.143000E+2	2.320000E+12	2.108005E-9	0.000000E+0	0.000000E+0	0.000000E+0
2.233000E+2	6.528568E-10	1.118000E+2	2.330000E+12	1.765271E-9	0.000000E+0	0.000000E+0	0.000000E+0
2.234000E+2	3.636753E-10	1.115000E+2	2.340000E+12	2.205606E-9	0.000000E+0	0.000000E+0	0.000000E+0
2.235000E+2	1.017869E-10	1.157000E+2	2.350000E+12	2.379019E-9	0.000000E+0	0.000000E+0	0.000000E+0
2.236000E+2	-1.433841E-10	-7.080000E+1	2.360000E+12	2.886440E-9	0.000000E+0	0.000000E+0	0.000000E+0
2.237000E+2	-3.764293E-10	-6.589000E+1	2.370000E+12	2.512483E-9	0.000000E+0	0.000000E+0	0.000000E+0
2.238000E+2	-5.929998E-10	-6.695000E+1	2.380000E+12	2.506453E-9	0.000000E+0	0.000000E+0	0.000000E+0
2.239000E+2	-8.130889E-10	-6.670000E+1	2.390000E+12	2.642625E-9	0.000000E+0	0.000000E+0	0.000000E+0
2.240000E+2	-9.985844E-10	-6.668000E+1	2.400000E+12	1.994365E-9	0.000000E+0	0.000000E+0	0.000000E+0
2.241000E+2	-1.169646E-9	-6.559000E+1	2.410000E+12	2.042603E-9	0.000000E+0	0.000000E+0	0.000000E+0
2.242000E+2	-1.240996E-9	-6.715000E+1	2.420000E+12	2.313188E-9	0.000000E+0	0.000000E+0	0.000000E+0
2.243000E+2	-1.307954E-9	-6.652000E+1	2.430000E+12	1.881103E-9	0.000000E+0	0.000000E+0	0.000000E+0
2.244000E+2	-1.334972E-9	-6.663000E+1	2.440000E+12	2.452509E-9	0.000000E+0	0.000000E+0	0.000000E+0
2.245000E+2	-1.341998E-9	-6.691000E+1	2.450000E+12	2.159621E-9	0.000000E+0	0.000000E+0	0.000000E+0
2.246000E+2	-1.325989E-9	-6.677000E+1	2.460000E+12	2.279507E-9	0.000000E+0	0.000000E+0	0.000000E+0
2.247000E+2	-1.323769E-9	-6.593000E+1	2.470000E+12	1.926402E-9	0.000000E+0	0.000000E+0	0.000000E+0
2.248000E+2	-1.278987E-9	-6.674000E+1	2.480000E+12	1.973035E-9	0.000000E+0	0.000000E+0	0.000000E+0
2.249000E+2	-1.250931E-9	-6.760000E+1	2.490000E+12	1.813803E-9	0.000000E+0	0.000000E+0	0.000000E+0
2.250000E+2	-1.198862E-9	-6.613000E+1	2.500000E+12	2.630101E-9	0.000000E+0	0.000000E+0	0.000000E+0
2.251000E+2	-1.110939E-9	-6.640000E+1	2.510000E+12	1.327049E-9	0.000000E+0	0.000000E+0	0.000000E+0
2.252000E+2	-1.025907E-9	-6.623000E+1	2.520000E+12	1.910637E-9	0.000000E+0	0.000000E+0	0.000000E+0
2.253000E+2	-8.802605E-10	-6.802000E+1	2.530000E+12	1.354429E-9	0.000000E+0	0.000000E+0	0.000000E+0
2.254000E+2	-6.820574E-10	-6.636000E+1	2.540000E+12	8.781688E-10	0.000000E+0	0.000000E+0	0.000000E+0
2.255000E+2	-4.947468E-10	-6.616000E+1	2.550000E+12	1.500574E-9	0.000000E+0	0.000000E+0	0.000000E+0
2.256000E+2	-2.878540E-10	-7.253000E+1	2.560000E+12	1.193260E-9	0.000000E+0	0.000000E+0	0.000000E+0
2.257000E+2	-9.273649E-11	-6.546000E+1	2.570000E+12	1.133726E-9	0.000000E+0	0.000000E+0	0.000000E+0
2.258000E+2	1.018874E-10	1.139000E+2	2.580000E+12	1.736895E-9	0.000000E+0	0.000000E+0	0.000000E+0
2.259000E+2	2.507798E-10	1.154000E+2	2.590000E+12	1.361802E-9	0.000000E+0	0.000000E+0	0.000000E+0
2.260000E+2	3.364672E-10	1.138000E+2	2.600000E+12	1.904216E-9	0.000000E+0	0.000000E+0	0.000000E+0
2.261000E+2	3.619912E-10	1.134000E+2	2.610000E+12	1.780576E-9	0.000000E+0	0.000000E+0	0.000000E+0
2.262000E+2	3.579857E-10	1.106000E+2	2.620000E+12	1.633442E-9	0.000000E+0	0.000000E+0	0.000000E+0
2.263000E+2	3.510807E-10	1.124000E+2	2.630000E+12	1.770685E-9	0.000000E+0	0.000000E+0	0.000000E+0
2.264000E+2	3.455742E-10	1.137000E+2	2.640000E+12	1.554180E-9	0.000000E+0	0.000000E+0	0.000000E+0
2.265000E+2	3.255504E-10	1.140000E+2	2.650000E+12	1.708603E-9	0.000000E+0	0.000000E+0	0.000000E+0
2.266000E+2	3.382995E-10	1.131000E+2	2.660000E+12	1.074380E-9	0.000000E+0	0.000000E+0	0.000000E+0
2.267000E+2	2.707817E-10	1.153000E+2	2.670000E+12	1.184502E-9	0.000000E+0	0.000000E+0	0.000000E+0
2.268000E+2	1.651361E-10	1.092000E+2	2.680000E+12	1.290131E-9	0.000000E+0	0.000000E+0	0.000000E+0
2.269000E+2	7.487898E-12	5.903000E+1	2.690000E+12	7.454352E-10	0.000000E+0	0.000000E+0	0.000000E+0
2.270000E+2	-1.124011E-10	-7.182000E+1	2.700000E+12	1.429684E-9	0.000000E+0	0.000000E+0	0.000000E+0
2.271000E+2	-2.673817E-10	-6.767000E+1	2.710000E+12	1.807343E-9	0.000000E+0	0.000000E+0	0.000000E+0
2.272000E+2	-3.940255E-10	-6.365000E+1	2.720000E+12	1.431754E-9	0.000000E+0	0.000000E+0	0.000000E+0
2.273000E+2	-5.456013E-10	-6.591000E+1	2.730000E+12	1.199217E-9	0.000000E+0	0.000000E+0	0.000000E+0
2.274000E+2	-7.129569E-10	-6.763000E+1	2.740000E+12	1.254252E-9	0.000000E+0	0.000000E+0	0.000000E+0
2.275000E+2	-8.621160E-10	-6.780000E+1	2.750000E+12	7.996885E-10	0.000000E+0	0.000000E+0	0.000000E+0
2.276000E+2	-9.567606E-10	-6.752000E+1	2.760000E+12	1.254399E-9	0.000000E+0	0.000000E+0	0.000000E+0
2.277000E+2	-1.029967E-9	-6.654000E+1	2.770000E+12	1.200268E-9	0.000000E+0	0.000000E+0	0.000000E+0
2.278000E+2	-1.052999E-9	-6.692000E+1	2.780000E+12	5.078715E-10	0.000000E+0	0.000000E+0	0.000000E+0
2.279000E+2	-1.076991E-9	-6.724000E+1	2.790000E+12	4.386614E-10	0.000000E+0	0.000000E+0	0.000000E+0
2.280000E+2	-1.123964E-9	-6.654000E+1	2.800000E+12	8.707829E-10	0.000000E+0	0.000000E+0	0.000000E+0
2.281000E+2	-1.065994E-9	-6.681000E+1	2.810000E+12	7.141293E-10	0.000000E+0	0.000000E+0	0.000000E+0
2.282000E+2	-1.012997E-9	-6.687000E+1	2.820000E+12	1.068181E-9	0.000000E+0	0.000000E+0	0.000000E+0
2.283000E+2	-9.076434E-10	-6.636000E+1	2.830000E+12	1.560020E-9	0.000000E+0	0.000000E+0	0.000000E+0
2.284000E+2	-7.821626E-10	-6.756000E+1	2.840000E+12	1.126912E-9	0.000000E+0	0.000000E+0	0.000000E+0
2.285000E+2	-7.057836E-10	-6.661000E+1	2.850000E+12	1.085548E-9	0.000000E+0	0.000000E+0	0.000000E+0
2.286000E+2	-6.256994E-10	-6.692000E+1	2.860000E+12	1.141407E-9	0.000000E+0	0.000000E+0	0.000000E+0
2.287000E+2	-5.965725E-10	-6.645000E+1	2.870000E+12	1.278430E-9	0.000000E+0	0.000000E+0	0.000000E+0
2.288000E+2	-6.074893E-10	-6.666000E+1	2.880000E+12	1.158335E-9	0.000000E+0	0.000000E+0	0.000000E+0
2.289000E+2	-6.129357E-10	-6.783000E+1	2.890000E+12	2.595203E-10	0.000000E+0	0.000000E+0	0.000000E+0
2.290000E+2	-5.838690E-10	-6.641000E+1	2.900000E+12	6.035724E-10	0.000000E+0	0.000000E+0	0.000000E+0
2.291000E+2	-5.308172E-10	-6.513000E+1	2.910000E+12	1.063193E-10	0.000000E+0	0.000000E+0	0.000000E+0
2.292000E+2	-4.564393E-10	-6.548000E+1	2.920000E+12	1.838705E-9	0.000000E+0	0.000000E+0	0.000000E+0
2.293000E+2	-3.489915E-10	-6.502000E+1	2.930000E+12	9.965530E-10	0.000000E+0	0.000000E+0	0.000000E+0
2.294000E+2	-2.125909E-10	-6.446000E+1	2.940000E+12	7.984853E-10	0.000000E+0	0.000000E+0	0.000000E+0
2.295000E+2	-5.628662E-11	-7.047000E+1	2.950000E+12	1.101361E-9	0.000000E+0	0.000000E+0	0.000000E+0
2.296000E+2	6.707370E-11	1.177000E+2	2.960000E+12	3.911383E-10	0.000000E+0	0.000000E+0	0.000000E+0
2.297000E+2	2.036972E-10	1.133000E+2	2.970000E+12	1.179260E-9	0.000000E+0	0.000000E+0	0.000000E+0
2.298000E+2	2.873786E-10	1.123000E+2	2.980000E+12	5.035226E-10	0.000000E+0	0.000000E+0	0.000000E+0
2.299000E+2	3.801855E-10	1.125000E+2	2.990000E+12	1.089348E-9	0.000000E+0	0.000000E+0	0.000000E+0
2.300000E+2	4.564435E-10	1.145000E+2	3.000000E+12	6.810540E-10	0.000000E+0	0.000000E+0	0.000000E+0
2.301000E+2	5.274711E-10	1.124000E+2	3.010000E+12	1.040731E-9	0.000000E+0	0.000000E+0	0.000000E+0
2.302000E+2	5.521377E-10	1.098000E+2	3.020000E+12	2.583128E-10	0.000000E+0	0.000000E+0	0.000000E+0
2.303000E+2	5.292347E-10	1.121000E+2	3.030000E+12	5.933173E-10	0.000000E+0	0.000000E+0	0.000000E+0
2.304000E+2	4.961273E-10	1.155000E+2	3.040000E+12	8.156669E-10	0.000000E+0	0.000000E+0	0.000000E+0
2.305000E+2	4.436675E-10	1.116000E+2	3.050000E+12	7.776501E-10	0.000000E+0	0.000000E+0	0.000000E+0
2.306000E+2	3.797461E-10	1.102000E+2	3.060000E+12	1.120142E-9	0.000000E+0	0.000000E+0	0.000000E+0
2.307000E+2	3.564734E-10	1.137000E+2	3.070000E+12	9.690897E-10	0.000000E+0	0.000000E+0	0.000000E+0
2.308000E+2	3.196901E-10	1.159000E+2	3.080000E+12	9.247118E-10	0.000000E+0	0.000000E+0	0.000000E+0
2.309000E+2	2.527688E-10	1.121000E+2	3.090000E+12	7.484672E-10	0.000000E+0	0.000000E+0	0.000000E+0
2.310000E+2	1.763933E-10	1.125000E+2	3.100000E+12	8.878484E-10	0.000000E+0	0.000000E+0	0.000000E+0
2.311000E+2	6.547840E-11	1.126000E+2	3.110000E+12	7.366767E-10	0.000000E+0	0.000000E+0	0.000000E+0
2.312000E+2	2.494080E-11	1.247000E+2	3.120000E+12	5.379691E-10	0.000000E+0	0.000000E+0	0.000000E+0
2.313000E+2	1.339235E-11	8.999000E+1	3.130000E+12	6.977368E-10	0.000000E+0	0.000000E+0	0.000000E+0
2.314000E+2	0.000000E+0	-1.534000E+2	3.140000E+12	3.890486E-10	0.000000E+0	0.000000E+0	0.000000E+0
2.315000E+2	6.697097E-12	8.999000E+1	3.150000E+12	3.905204E-10	0.000000E+0	0.000000E+0	0.000000E+0
2.316000E+2	1.375730E-11	1.320000E+2	3.160000E+12	7.160777E-10	0.000000E+0	0.000000E+0	0.000000E+0
2.317000E+2	5.101344E-11	1.338000E+2	3.170000E+12	1.007184E-9	0.000000E+0	0.000000E+0	0.000000E+0
2.318000E+2	1.326633E-10	1.156000E+2	3.180000E+12	4.416990E-10	0.000000E+0	0.000000E+0	0.000000E+0
2.319000E+2	2.217648E-10	1.150000E+2	3.190000E+12	6.272842E-10	0.000000E+0	0.000000E+0	0.000000E+0
2.320000E+2	3.255400E-10	1.141000E+2	3.200000E+12	2.739720E-10	0.000000E+0	0.000000E+0	0.000000E+0
2.321000E+2	4.328993E-10	1.129000E+2	3.210000E+12	5.060809E-10	0.000000E+0	0.000000E+0	0.000000E+0
2.322000E+2	5.056230E-10	1.140000E+2	3.220000E+12	9.482448E-10	0.000000E+0	0.000000E+0	0.000000E+0
2.323000E+2	5.565992E-10	1.129000E+2	3.230000E+12	3.515253E-10	0.000000E+0	0.000000E+0	0.000000E+0
2.324000E+2	5.564779E-10	1.142000E+2	3.240000E+12	7.170614E-10	0.000000E+0	0.000000E+0	0.000000E+0
2.325000E+2	5.290936E-10	1.114000E+2	3.250000E+12	6.675144E-10	0.000000E+0	0.000000E+0	0.000000E+0
2.326000E+2	4.782572E-10	1.116000E+2	3.260000E+12	1.091723E-9	0.000000E+0	0.000000E+0	0.000000E+0
2.327000E+2	4.000440E-10	1.146000E+2	3.270000E+12	4.748353E-10	0.000000E+0	0.000000E+0	0.000000E+0
2.328000E+2	3.290190E-10	1.149000E+2	3.280000E+12	1.421114E-9	0.000000E+0	0.000000E+0	0.000000E+0
2.329000E+2	2.561715E-10	1.159000E+2	3.290000E+12	6.482887E-10	0.000000E+0	0.000000E+0	0.000000E+0
2.330000E+2	1.833375E-10	1.166000E+2	3.300000E+12	1.216429E-9	0.000000E+0	0.000000E+0	0.000000E+0
2.331000E+2	1.485621E-10	1.183000E+2	3.310000E+12	9.211255E-10	0.000000E+0	0.000000E+0	0.000000E+0
2.332000E+2	1.345949E-10	1.125000E+2	3.320000E+12	1.239175E-9	0.000000E+0	0.000000E+0	0.000000E+0
2.333000E+2	1.324925E-10	1.091000E+2	3.330000E+12	9.870332E-10	0.000000E+0	0.000000E+0	0.000000E+0
2.334000E+2	1.436368E-10	1.113000E+2	3.340000E+12	8.228751E-10	0.000000E+0	0.000000E+0	0.000000E+0
2.335000E+2	1.795930E-10	1.173000E+2	3.350000E+12	1.087770E-9	0.000000E+0	0.000000E+0	0.000000E+0
2.336000E+2	2.436762E-10	1.138000E+2	3.360000E+12	8.186791E-10	0.000000E+0	0.000000E+0	0.000000E+0
2.337000E+2	2.941503E-10	1.095000E+2	3.370000E+12	9.391340E-10	0.000000E+0	0.000000E+0	0.000000E+0
2.338000E+2	3.019098E-10	1.144000E+2	3.380000E+12	1.324146E-9	0.000000E+0	0.000000E+0	0.000000E+0
2.339000E+2	3.164764E-10	1.137000E+2	3.390000E+12	5.764818E-10	0.000000E+0	0.000000E+0	0.000000E+0
2.340000E+2	2.764053E-10	1.115000E+2	3.400000E+12	1.000535E-9	0.000000E+0	0.000000E+0	0.000000E+0
2.341000E+2	1.789423E-10	1.195000E+2	3.410000E+12	1.066335E-9	0.000000E+0	0.000000E+0	0.000000E+0
2.342000E+2	8.722012E-11	1.156000E+2	3.420000E+12	6.366754E-10	0.000000E+0	0.000000E+0	0.000000E+0
2.343000E+2	-2.874411E-11	-7.597000E+1	3.430000E+12	1.180798E-9	0.000000E+0	0.000000E+0	0.000000E+0
2.344000E+2	-1.709909E-10	-6.759000E+1	3.440000E+12	7.792636E-10	0.000000E+0	0.000000E+0	0.000000E+0
2.345000E+2	-2.432736E-10	-6.361000E+1	3.450000E+12	6.715064E-10	0.000000E+0	0.000000E+0	0.000000E+0
2.346000E+2	-2.909592E-10	-6.604000E+1	3.460000E+12	5.205626E-10	0.000000E+0	0.000000E+0	0.000000E+0
2.347000E+2	-2.526103E-10	-6.478000E+1	3.470000E+12	8.639348E-10	0.000000E+0	0.000000E+0	0.000000E+0
2.348000E+2	-1.571268E-10	-6.002000E+1	3.480000E+12	9.328492E-10	0.000000E+0	0.000000E+0	0.000000E+0
2.349000E+2	-4.464816E-11	-7.791000E+1	3.490000E+12	4.473558E-10	0.000000E+0	0.000000E+0	0.000000E+0
2.350000E+2	4.273735E-11	1.248000E+2	3.500000E+12	4.236292E-10	0.000000E+0	0.000000E+0	0.000000E+0
2.351000E+2	8.366796E-11	1.126000E+2	3.510000E+12	3.829440E-10	0.000000E+0	0.000000E+0	0.000000E+0
2.352000E+2	6.167590E-11	1.173000E+2	3.520000E+12	3.592655E-10	0.000000E+0	0.000000E+0	0.000000E+0
2.353000E+2	4.126619E-11	1.225000E+2	3.530000E+12	4.747254E-10	0.000000E+0	0.000000E+0	0.000000E+0
2.354000E+2	5.700056E-11	1.013000E+2	3.540000E+12	7.977828E-10	0.000000E+0	0.000000E+0	0.000000E+0
2.355000E+2	1.381158E-10	1.150000E+2	3.550000E+12	6.041966E-10	0.000000E+0	0.000000E+0	0.000000E+0
2.356000E+2	2.382768E-10	1.138000E+2	3.560000E+12	2.825605E-10	0.000000E+0	0.000000E+0	0.000000E+0
2.357000E+2	3.746994E-10	1.129000E+2	3.570000E+12	4.514798E-10	0.000000E+0	0.000000E+0	0.000000E+0
2.358000E+2	4.562933E-10	1.109000E+2	3.580000E+12	5.605081E-10	0.000000E+0	0.000000E+0	0.000000E+0
2.359000E+2	4.782769E-10	1.143000E+2	3.590000E+12	3.330345E-10	0.000000E+0	0.000000E+0	0.000000E+0
2.360000E+2	4.637823E-10	1.135000E+2	3.600000E+12	7.198124E-10	0.000000E+0	0.000000E+0	0.000000E+0
2.361000E+2	3.746949E-10	1.127000E+2	3.610000E+12	9.640894E-10	0.000000E+0	0.000000E+0	0.000000E+0
2.362000E+2	3.342714E-10	1.101000E+2	3.620000E+12	6.718369E-11	0.000000E+0	0.000000E+0	0.000000E+0
2.363000E+2	2.799908E-10	1.146000E+2	3.630000E+12	8.516847E-10	0.000000E+0	0.000000E+0	0.000000E+0
2.364000E+2	3.341450E-10	1.163000E+2	3.640000E+12	2.810298E-10	0.000000E+0	0.000000E+0	0.000000E+0
2.365000E+2	3.782703E-10	1.115000E+2	3.650000E+12	3.806619E-10	0.000000E+0	0.000000E+0	0.000000E+0
2.366000E+2	4.565889E-10	1.126000E+2	3.660000E+12	1.270424E-10	0.000000E+0	0.000000E+0	0.000000E+0
2.367000E+2	5.348000E-10	1.130000E+2	3.670000E+12	4.103878E-10	0.000000E+0	0.000000E+0	0.000000E+0
2.368000E+2	5.964901E-10	1.141000E+2	3.680000E+12	4.142364E-10	0.000000E+0	0.000000E+0	0.000000E+0
2.369000E+2	6.073668E-10	1.118000E+2	3.690000E+12	6.342365E-10	0.000000E+0	0.000000E+0	0.000000E+0
2.370000E+2	6.020670E-10	1.136000E+2	3.700000E+12	7.554704E-10	0.000000E+0	0.000000E+0	0.000000E+0
2.371000E+2	6.802161E-10	1.139000E+2	3.710000E+12	4.755493E-10	0.000000E+0	0.000000E+0	0.000000E+0
2.372000E+2	7.674024E-10	1.143000E+2	3.720000E+12	5.155489E-10	0.000000E+0	0.000000E+0	0.000000E+0
2.373000E+2	9.149498E-10	1.124000E+2	3.730000E+12	5.464123E-10	0.000000E+0	0.000000E+0	0.000000E+0
2.374000E+2	1.041994E-9	1.132000E+2	3.740000E+12	5.898071E-10	0.000000E+0	0.000000E+0	0.000000E+0
2.375000E+2	1.122000E-9	1.130000E+2	3.750000E+12	6.585466E-10	0.000000E+0	0.000000E+0	0.000000E+0
2.376000E+2	1.169993E-9	1.132000E+2	3.760000E+12	7.205780E-10	0.000000E+0	0.000000E+0	0.000000E+0
2.377000E+2	1.183993E-9	1.132000E+2	3.770000E+12	3.872583E-10	0.000000E+0	0.000000E+0	0.000000E+0
2.378000E+2	1.120973E-9	1.126000E+2	3.780000E+12	1.724235E-10	0.000000E+0	0.000000E+0	0.000000E+0
2.379000E+2	1.003925E-9	1.123000E+2	3.790000E+12	1.021040E-9	0.000000E+0	0.000000E+0	0.000000E+0
2.380000E+2	8.767947E-10	1.128000E+2	3.800000E+12	3.395472E-10	0.000000E+0	0.000000E+0	0.000000E+0
2.381000E+2	7.201673E-10	1.141000E+2	3.810000E+12	8.269122E-10	0.000000E+0	0.000000E+0	0.000000E+0
2.382000E+2	6.165765E-10	1.125000E+2	3.820000E+12	6.737205E-10	0.000000E+0	0.000000E+0	0.000000E+0
2.383000E+2	6.129916E-10	1.127000E+2	3.830000E+12	1.177944E-9	0.000000E+0	0.000000E+0	0.000000E+0
2.384000E+2	6.347990E-10	1.129000E+2	3.840000E+12	5.905597E-10	0.000000E+0	0.000000E+0	0.000000E+0
2.385000E+2	7.037898E-10	1.144000E+2	3.850000E+12	4.928112E-10	0.000000E+0	0.000000E+0	0.000000E+0
2.386000E+2	7.348093E-10	1.121000E+2	3.860000E+12	7.194732E-10	0.000000E+0	0.000000E+0	0.000000E+0
2.387000E+2	7.766574E-10	1.124000E+2	3.870000E+12	8.703633E-10	0.000000E+0	0.000000E+0	0.000000E+0
2.388000E+2	7.930807E-10	1.126000E+2	3.880000E+12	9.625548E-10	0.000000E+0	0.000000E+0	0.000000E+0
2.389000E+2	8.184551E-10	1.136000E+2	3.890000E+12	4.058119E-10	0.000000E+0	0.000000E+0	0.000000E+0
2.390000E+2	9.112112E-10	1.138000E+2	3.900000E+12	5.499685E-10	0.000000E+0	0.000000E+0	0.000000E+0
2.391000E+2	9.911826E-10	1.142000E+2	3.910000E+12	2.773211E-10	0.000000E+0	0.000000E+0	0.000000E+0
2.392000E+2	1.043593E-9	1.114000E+2	3.920000E+12	5.655690E-10	0.000000E+0	0.000000E+0	0.000000E+0
2.393000E+2	9.931455E-10	1.136000E+2	3.930000E+12	3.746079E-10	0.000000E+0	0.000000E+0	0.000000E+0
2.394000E+2	9.221649E-10	1.135000E+2	3.940000E+12	1.594591E-10	0.000000E+0	0.000000E+0	0.000000E+0
2.395000E+2	7.984222E-10	1.138000E+2	3.950000E+12	5.969828E-10	0.000000E+0	0.000000E+0	0.000000E+0
2.396000E+2	6.784990E-10	1.131000E+2	3.960000E+12	5.049844E-10	0.000000E+0	0.000000E+0	0.000000E+0
2.397000E+2	5.456468E-10	1.122000E+2	3.970000E+12	4.749372E-10	0.000000E+0	0.000000E+0	0.000000E+0
2.398000E+2	4.656993E-10	1.129000E+2	3.980000E+12	4.153342E-10	0.000000E+0	0.000000E+0	0.000000E+0
2.399000E+2	3.964704E-10	1.137000E+2	3.990000E+12	9.242649E-10	0.000000E+0	0.000000E+0	0.000000E+0
2.400000E+2	3.654575E-10	1.146000E+2	4.000000E+12	1.096924E-9	0.000000E+0	0.000000E+0	0.000000E+0
2.401000E+2	3.746977E-10	1.132000E+2	4.010000E+12	4.542596E-10	0.000000E+0	0.000000E+0	0.000000E+0
2.402000E+2	3.964614E-10	1.122000E+2	4.020000E+12	7.277714E-10	0.000000E+0	0.000000E+0	0.000000E+0
2.403000E+2	4.128774E-10	1.136000E+2	4.030000E+12	6.929968E-10	0.000000E+0	0.000000E+0	0.000000E+0
2.404000E+2	3.892621E-10	1.138000E+2	4.040000E+12	1.032003E-9	0.000000E+0	0.000000E+0	0.000000E+0
2.405000E+2	3.891666E-10	1.145000E+2	4.050000E+12	5.569123E-10	0.000000E+0	0.000000E+0	0.000000E+0
2.406000E+2	3.983782E-10	1.124000E+2	4.060000E+12	7.357570E-10	0.000000E+0	0.000000E+0	0.000000E+0
2.407000E+2	4.601551E-10	1.122000E+2	4.070000E+12	7.683488E-10	0.000000E+0	0.000000E+0	0.000000E+0
2.408000E+2	5.564338E-10	1.144000E+2	4.080000E+12	9.017684E-10	0.000000E+0	0.000000E+0	0.000000E+0
2.409000E+2	6.165850E-10	1.134000E+2	4.090000E+12	4.822695E-10	0.000000E+0	0.000000E+0	0.000000E+0
2.410000E+2	6.161033E-10	1.153000E+2	4.100000E+12	6.382662E-11	0.000000E+0	0.000000E+0	0.000000E+0
2.411000E+2	5.910235E-10	1.144000E+2	4.110000E+12	5.269947E-10	0.000000E+0	0.000000E+0	0.000000E+0
2.412000E+2	5.765122E-10	1.140000E+2	4.120000E+12	9.526029E-10	0.000000E+0	0.000000E+0	0.000000E+0
2.413000E+2	5.420472E-10	1.138000E+2	4.130000E+12	5.477928E-10	0.000000E+0	0.000000E+0	0.000000E+0
2.414000E+2	4.965992E-10	1.129000E+2	4.140000E+12	2.859028E-10	0.000000E+0	0.000000E+0	0.000000E+0
2.415000E+2	4.565889E-10	1.134000E+2	4.150000E+12	2.996338E-10	0.000000E+0	0.000000E+0	0.000000E+0
2.416000E+2	3.927271E-10	1.113000E+2	4.160000E+12	7.025519E-10	0.000000E+0	0.000000E+0	0.000000E+0
2.417000E+2	2.837996E-10	1.131000E+2	4.170000E+12	7.819188E-10	0.000000E+0	0.000000E+0	0.000000E+0
2.418000E+2	2.236986E-10	1.128000E+2	4.180000E+12	5.457191E-10	0.000000E+0	0.000000E+0	0.000000E+0
2.419000E+2	1.319199E-10	1.196000E+2	4.190000E+12	5.467476E-10	0.000000E+0	0.000000E+0	0.000000E+0
2.420000E+2	9.815760E-11	1.152000E+2	4.200000E+12	5.422396E-10	0.000000E+0	0.000000E+0	0.000000E+0
2.421000E+2	1.808015E-11	1.067000E+2	4.210000E+12	5.419910E-10	0.000000E+0	0.000000E+0	0.000000E+0
2.422000E+2	-2.314232E-11	-9.897000E+1	4.220000E+12	2.211161E-10	0.000000E+0	0.000000E+0	0.000000E+0
2.423000E+2	-3.975933E-11	-9.978000E+1	4.230000E+12	2.700608E-10	0.000000E+0	0.000000E+0	0.000000E+0
2.424000E+2	-1.818132E-11	-6.523000E+1	4.240000E+12	1.202903E-9	0.000000E+0	0.000000E+0	0.000000E+0
2.425000E+2	3.989109E-11	1.084000E+2	4.250000E+12	2.525183E-10	0.000000E+0	0.000000E+0	0.000000E+0
2.426000E+2	9.449997E-11	1.105000E+2	4.260000E+12	3.586278E-10	0.000000E+0	0.000000E+0	0.000000E+0
2.427000E+2	1.906231E-10	1.166000E+2	4.270000E+12	6.027326E-10	0.000000E+0	0.000000E+0	0.000000E+0
2.428000E+2	2.418996E-10	1.129000E+2	4.280000E+12	3.388008E-10	0.000000E+0	0.000000E+0	0.000000E+0
2.429000E+2	2.453274E-10	1.103000E+2	4.290000E+12	3.441471E-10	0.000000E+0	0.000000E+0	0.000000E+0
2.430000E+2	1.868967E-10	1.172000E+2	4.300000E+12	1.889439E-10	0.000000E+0	0.000000E+0	0.000000E+0
2.431000E+2	7.626552E-11	1.096000E+2	4.310000E+12	2.006193E-10	0.000000E+0	0.000000E+0	0.000000E+0
2.432000E+2	-5.186964E-11	-8.510000E+1	4.320000E+12	1.131224E-9	0.000000E+0	0.000000E+0	0.000000E+0
2.433000E+2	-1.836768E-10	-6.609000E+1	4.330000E+12	9.637080E-11	0.000000E+0	0.000000E+0	0.000000E+0
2.434000E+2	-2.819000E-10	-6.698000E+1	4.340000E+12	7.396182E-11	0.000000E+0	0.000000E+0	0.000000E+0
2.435000E+2	-3.941518E-10	-6.398000E+1	4.350000E+12	2.144917E-10	0.000000E+0	0.000000E+0	0.000000E+0
2.436000E+2	-4.674984E-10	-6.715000E+1	4.360000E+12	4.884752E-10	0.000000E+0	0.000000E+0	0.000000E+0
2.437000E+2	-5.183998E-10	-6.705000E+1	4.370000E+12	4.851621E-10	0.000000E+0	0.000000E+0	0.000000E+0
2.438000E+2	-5.238982E-10	-6.685000E+1	4.380000E+12	3.411316E-10	0.000000E+0	0.000000E+0	0.000000E+0
2.439000E+2	-4.926956E-10	-6.535000E+1	4.390000E+12	2.004842E-10	0.000000E+0	0.000000E+0	0.000000E+0
2.440000E+2	-3.528999E-10	-6.695000E+1	4.400000E+12	8.344031E-10	0.000000E+0	0.000000E+0	0.000000E+0
2.441000E+2	-2.054939E-10	-6.656000E+1	4.410000E+12	6.696848E-10	0.000000E+0	0.000000E+0	0.000000E+0
2.442000E+2	-5.070061E-11	-6.156000E+1	4.420000E+12	5.990531E-10	0.000000E+0	0.000000E+0	0.000000E+0
2.443000E+2	5.279827E-11	9.836000E+1	4.430000E+12	2.571906E-10	0.000000E+0	0.000000E+0	0.000000E+0
2.444000E+2	8.730521E-11	1.136000E+2	4.440000E+12	4.772409E-10	0.000000E+0	0.000000E+0	0.000000E+0
2.445000E+2	4.675907E-11	1.308000E+2	4.450000E+12	9.044314E-10	0.000000E+0	0.000000E+0	0.000000E+0
2.446000E+2	2.717200E-11	1.181000E+2	4.460000E+12	1.194408E-10	0.000000E+0	0.000000E+0	0.000000E+0
2.447000E+2	3.253596E-11	1.194000E+2	4.470000E+12	1.252321E-9	0.000000E+0	0.000000E+0	0.000000E+0
2.448000E+2	6.821147E-11	1.223000E+2	4.480000E+12	1.081584E-9	0.000000E+0	0.000000E+0	0.000000E+0
2.449000E+2	1.615625E-10	1.093000E+2	4.490000E+12	4.554860E-10	0.000000E+0	0.000000E+0	0.000000E+0
2.450000E+2	2.618996E-10	1.131000E+2	4.500000E+12	5.467117E-10	0.000000E+0	0.000000E+0	0.000000E+0
2.451000E+2	2.817450E-10	1.111000E+2	4.510000E+12	4.680551E-11	0.000000E+0	0.000000E+0	0.000000E+0
2.452000E+2	2.782932E-10	1.134000E+2	4.520000E+12	1.202890E-9	0.000000E+0	0.000000E+0	0.000000E+0
2.453000E+2	2.400941E-10	1.126000E+2	4.530000E+12	8.827904E-10	0.000000E+0	0.000000E+0	0.000000E+0
2.454000E+2	1.752661E-10	1.195000E+2	4.540000E+12	3.506558E-10	0.000000E+0	0.000000E+0	0.000000E+0
2.455000E+2	1.435842E-10	1.153000E+2	4.550000E+12	4.660830E-10	0.000000E+0	0.000000E+0	0.000000E+0
2.456000E+2	1.108479E-10	1.100000E+2	4.560000E+12	5.991331E-10	0.000000E+0	0.000000E+0	0.000000E+0
2.457000E+2	1.381745E-10	1.141000E+2	4.570000E+12	4.330303E-10	0.000000E+0	0.000000E+0	0.000000E+0
2.458000E+2	2.436866E-10	1.124000E+2	4.580000E+12	8.311613E-10	0.000000E+0	0.000000E+0	0.000000E+0
2.459000E+2	3.163766E-10	1.146000E+2	4.590000E+12	3.450794E-10	0.000000E+0	0.000000E+0	0.000000E+0
2.460000E+2	3.800865E-10	1.144000E+2	4.600000E+12	2.045159E-10	0.000000E+0	0.000000E+0	0.000000E+0
2.461000E+2	3.437576E-10	1.121000E+2	4.610000E+12	5.796458E-10	0.000000E+0	0.000000E+0	0.000000E+0
2.462000E+2	2.564234E-10	1.144000E+2	4.620000E+12	4.814375E-10	0.000000E+0	0.000000E+0	0.000000E+0
2.463000E+2	1.430142E-10	1.186000E+2	4.630000E+12	3.518796E-10	0.000000E+0	0.000000E+0	0.000000E+0
2.464000E+2	7.630631E-11	1.003000E+2	4.640000E+12	3.541153E-10	0.000000E+0	0.000000E+0	0.000000E+0
2.465000E+2	4.844805E-11	1.363000E+2	4.650000E+12	1.941300E-10	0.000000E+0	0.000000E+0	0.000000E+0
2.466000E+2	8.630540E-11	1.217000E+2	4.660000E+12	7.519845E-10	0.000000E+0	0.000000E+0	0.000000E+0
2.467000E+2	1.489674E-10	1.098000E+2	4.670000E+12	6.089973E-10	0.000000E+0	0.000000E+0	0.000000E+0
2.468000E+2	2.546686E-10	1.139000E+2	4.680000E+12	2.514672E-10	0.000000E+0	0.000000E+0	0.000000E+0
2.469000E+2	3.145083E-10	1.150000E+2	4.690000E+12	4.080615E-10	0.000000E+0	0.000000E+0	0.000000E+0
2.470000E+2	3.273157E-10	1.117000E+2	4.700000E+12	1.413380E-10	0.000000E+0	0.000000E+0	0.000000E+0
2.471000E+2	2.091796E-10	1.122000E+2	4.710000E+12	6.137499E-10	0.000000E+0	0.000000E+0	0.000000E+0
2.472000E+2	3.812462E-11	1.166000E+2	4.720000E+12	6.007793E-10	0.000000E+0	0.000000E+0	0.000000E+0
2.473000E+2	-1.780748E-10	-6.412000E+1	4.730000E+12	2.714929E-10	0.000000E+0	0.000000E+0	0.000000E+0
2.474000E+2	-3.085202E-10	-7.080000E+1	4.740000E+12	4.899929E-10	0.000000E+0	0.000000E+0	0.000000E+0
2.475000E+2	-3.051528E-10	-7.010000E+1	4.750000E+12	7.257511E-10	0.000000E+0	0.000000E+0	0.000000E+0
2.476000E+2	-1.635467E-10	-6.452000E+1	4.760000E+12	4.122894E-10	0.000000E+0	0.000000E+0	0.000000E+0
2.477000E+2	6.867569E-11	1.065000E+2	4.770000E+12	6.519352E-10	0.000000E+0	0.000000E+0	0.000000E+0
2.478000E+2	3.219995E-10	1.129000E+2	4.780000E+12	4.911344E-10	0.000000E+0	0.000000E+0	0.000000E+0
2.479000E+2	4.165772E-10	1.124000E+2	4.790000E+12	5.807740E-10	0.000000E+0	0.000000E+0	0.000000E+0
2.480000E+2	3.592782E-10	1.089000E+2	4.800000E+12	8.877721E-10	0.000000E+0	0.000000E+0	0.000000E+0
2.481000E+2	2.599986E-10	1.114000E+2	4.810000E+12	4.762097E-10	0.000000E+0	0.000000E+0	0.000000E+0
2.482000E+2	2.230104E-10	1.175000E+2	4.820000E+12	4.852490E-10	0.000000E+0	0.000000E+0	0.000000E+0
2.483000E+2	3.091529E-10	1.140000E+2	4.830000E+12	5.205465E-10	0.000000E+0	0.000000E+0	0.000000E+0
2.484000E+2	4.364298E-10	1.114000E+2	4.840000E+12	8.525812E-10	0.000000E+0	0.000000E+0	0.000000E+0
2.485000E+2	5.455130E-10	1.145000E+2	4.850000E+12	1.107600E-9	0.000000E+0	0.000000E+0	0.000000E+0
2.486000E+2	5.165048E-10	1.119000E+2	4.860000E+12	3.393010E-10	0.000000E+0	0.000000E+0	0.000000E+0
2.487000E+2	4.127585E-10	1.115000E+2	4.870000E+12	1.239805E-9	0.000000E+0	0.000000E+0	0.000000E+0
2.488000E+2	2.145791E-10	1.122000E+2	4.880000E+12	3.337228E-10	0.000000E+0	0.000000E+0	0.000000E+0
2.489000E+2	-6.139244E-12	-9.946000E+1	4.890000E+12	9.906055E-10	0.000000E+0	0.000000E+0	0.000000E+0
2.490000E+2	-1.909703E-10	-6.599000E+1	4.900000E+12	8.843931E-10	0.000000E+0	0.000000E+0	0.000000E+0
2.491000E+2	-3.146911E-10	-6.743000E+1	4.910000E+12	5.711484E-10	0.000000E+0	0.000000E+0	0.000000E+0
2.492000E+2	-3.198641E-10	-6.920000E+1	4.920000E+12	1.014159E-9	0.000000E+0	0.000000E+0	0.000000E+0
2.493000E+2	-2.218634E-10	-6.804000E+1	4.930000E+12	4.618125E-10	0.000000E+0	0.000000E+0	0.000000E+0
2.494000E+2	2.527469E-11	1.059000E+2	4.940000E+12	8.856364E-10	0.000000E+0	0.000000E+0	0.000000E+0
2.495000E+2	2.339440E-10	1.084000E+2	4.950000E+12	1.108308E-9	0.000000E+0	0.000000E+0	0.000000E+0
2.496000E+2	3.983612E-10	1.122000E+2	4.960000E+12	6.199974E-10	0.000000E+0	0.000000E+0	0.000000E+0
2.497000E+2	4.419327E-10	1.120000E+2	4.970000E+12	9.747137E-10	0.000000E+0	0.000000E+0	0.000000E+0
2.498000E+2	3.801629E-10	1.138000E+2	4.980000E+12	8.249845E-10	0.000000E+0	0.000000E+0	0.000000E+0
2.499000E+2	2.380155E-10	1.158000E+2	4.990000E+12	9.148623E-10	0.000000E+0	0.000000E+0	0.000000E+0
2.500000E+2	1.982635E-10	1.141000E+2	0.000000E+0	1.485172E-9	0.000000E+0	0.000000E+0	0.000000E+0
2.501000E+2	2.033415E-10	1.164000E+2	0.000000E+0	1.133059E-9	0.000000E+0	0.000000E+0	0.000000E+0
2.502000E+2	2.655996E-10	1.129000E+2	0.000000E+0	8.771571E-10	0.000000E+0	0.000000E+0	0.000000E+0
2.503000E+2	3.290716E-10	1.114000E+2	0.000000E+0	3.565556E-10	0.000000E+0	0.000000E+0	0.000000E+0
2.504000E+2	2.963009E-10	1.109000E+2	0.000000E+0	8.929916E-10	0.000000E+0	0.000000E+0	0.000000E+0
2.505000E+2	2.161222E-10	1.211000E+2	0.000000E+0	9.941516E-10	0.000000E+0	0.000000E+0	0.000000E+0
2.506000E+2	1.140133E-10	1.188000E+2	0.000000E+0	6.794546E-10	0.000000E+0	0.000000E+0	0.000000E+0
2.507000E+2	-1.235882E-11	-5.313000E+1	0.000000E+0	4.733701E-10	0.000000E+0	0.000000E+0	0.000000E+0
2.508000E+2	-4.905508E-11	-6.429000E+1	0.000000E+0	7.005102E-10	0.000000E+0	0.000000E+0	0.000000E+0
2.509000E+2	-8.912843E-11	-6.666000E+1	0.000000E+0	1.264056E-9	0.000000E+0	0.000000E+0	0.000000E+0
2.510000E+2	-8.008211E-11	-7.893000E+1	0.000000E+0	1.048871E-9	0.000000E+0	0.000000E+0	0.000000E+0
2.511000E+2	2.099690E-11	9.712000E+1	0.000000E+0	3.614382E-10	0.000000E+0	0.000000E+0	0.000000E+0
2.512000E+2	2.101647E-10	1.079000E+2	0.000000E+0	9.456297E-10	0.000000E+0	0.000000E+0	0.000000E+0
2.513000E+2	3.327535E-10	1.147000E+2	0.000000E+0	8.744716E-10	0.000000E+0	0.000000E+0	0.000000E+0
2.514000E+2	3.381331E-10	1.112000E+2	0.000000E+0	7.902872E-10	0.000000E+0	0.000000E+0	0.000000E+0
2.515000E+2	2.036392E-10	1.144000E+2	0.000000E+0	3.063171E-10	0.000000E+0	0.000000E+0	0.000000E+0
2.516000E+2	6.184397E-11	1.138000E+2	0.000000E+0	7.952065E-10	0.000000E+0	0.000000E+0	0.000000E+0
2.517000E+2	-3.626434E-11	-7.157000E+1	0.000000E+0	2.136009E-10	0.000000E+0	0.000000E+0	0.000000E+0
2.518000E+2	2.072778E-11	7.747000E+1	0.000000E+0	1.049957E-9	0.000000E+0	0.000000E+0	0.000000E+0
2.519000E+2	2.082369E-10	1.185000E+2	0.000000E+0	8.214580E-10	0.000000E+0	0.000000E+0	0.000000E+0
2.520000E+2	3.983393E-10	1.120000E+2	0.000000E+0	1.272729E-10	0.000000E+0	0.000000E+0	0.000000E+0
2.521000E+2	4.947390E-10	1.139000E+2	0.000000E+0	3.011174E-10	0.000000E+0	0.000000E+0	0.000000E+0
2.522000E+2	4.491460E-10	1.145000E+2	0.000000E+0	5.603287E-10	0.000000E+0	0.000000E+0	0.000000E+0
2.523000E+2	2.618996E-10	1.131000E+2	0.000000E+0	7.976656E-10	0.000000E+0	0.000000E+0	0.000000E+0
2.524000E+2	2.702760E-11	1.052000E+2	0.000000E+0	3.911877E-10	0.000000E+0	0.000000E+0	0.000000E+0
2.525000E+2	-1.763369E-10	-5.849000E+1	0.000000E+0	5.006759E-10	0.000000E+0	0.000000E+0	0.000000E+0
2.526000E+2	-3.164427E-10	-6.809000E+1	0.000000E+0	7.643996E-10	0.000000E+0	0.000000E+0	0.000000E+0
2.527000E+2	-3.819995E-10	-6.709000E+1	0.000000E+0	3.427971E-10	0.000000E+0	0.000000E+0	0.000000E+0
2.528000E+2	-4.019598E-10	-6.781000E+1	0.000000E+0	7.574005E-10	0.000000E+0	0.000000E+0	0.000000E+0
2.529000E+2	-3.489379E-10	-6.922000E+1	0.000000E+0	8.342225E-11	0.000000E+0	0.000000E+0	0.000000E+0
2.530000E+2	-2.857352E-10	-7.317000E+1	0.000000E+0	7.473011E-10	0.000000E+0	0.000000E+0	0.000000E+0
2.531000E+2	-1.468317E-10	-7.157000E+1	0.000000E+0	7.972294E-10	0.000000E+0	0.000000E+0	0.000000E+0
2.532000E+2	-1.364452E-11	-1.084000E+2	0.000000E+0	7.781574E-10	0.000000E+0	0.000000E+0	0.000000E+0
2.533000E+2	9.085637E-11	1.156000E+2	0.000000E+0	5.652729E-10	0.000000E+0	0.000000E+0	0.000000E+0
2.534000E+2	1.812883E-10	1.177000E+2	0.000000E+0	6.920790E-10	0.000000E+0	0.000000E+0	0.000000E+0
2.535000E+2	2.435204E-10	1.152000E+2	0.000000E+0	3.525409E-10	0.000000E+0	0.000000E+0	0.000000E+0
2.536000E+2	3.471667E-10	1.109000E+2	0.000000E+0	5.933777E-10	0.000000E+0	0.000000E+0	0.000000E+0
2.537000E+2	3.906974E-10	1.156000E+2	0.000000E+0	3.754836E-10	0.000000E+0	0.000000E+0	0.000000E+0
2.538000E+2	4.474755E-10	1.136000E+2	0.000000E+0	9.271153E-10	0.000000E+0	0.000000E+0	0.000000E+0
2.539000E+2	4.747935E-10	1.133000E+2	0.000000E+0	8.410471E-10	0.000000E+0	0.000000E+0	0.000000E+0
2.540000E+2	4.165486E-10	1.139000E+2	0.000000E+0	7.564515E-10	0.000000E+0	0.000000E+0	0.000000E+0
2.541000E+2	2.126830E-10	1.149000E+2	0.000000E+0	2.273692E-10	0.000000E+0	0.000000E+0	0.000000E+0
2.542000E+2	-6.159439E-11	-8.167000E+1	0.000000E+0	1.631404E-10	0.000000E+0	0.000000E+0	0.000000E+0
2.543000E+2	-3.907683E-10	-6.936000E+1	0.000000E+0	7.465843E-10	0.000000E+0	0.000000E+0	0.000000E+0
2.544000E+2	-6.874733E-10	-6.810000E+1	0.000000E+0	8.383513E-10	0.000000E+0	0.000000E+0	0.000000E+0
2.545000E+2	-8.948965E-10	-6.684000E+1	0.000000E+0	4.187659E-10	0.000000E+0	0.000000E+0	0.000000E+0
2.546000E+2	-9.620854E-10	-6.579000E+1	0.000000E+0	1.140721E-9	0.000000E+0	0.000000E+0	0.000000E+0
2.547000E+2	-8.437335E-10	-6.556000E+1	0.000000E+0	8.272336E-10	0.000000E+0	0.000000E+0	0.000000E+0
2.548000E+2	-7.167000E-10	-6.701000E+1	0.000000E+0	1.144507E-9	0.000000E+0	0.000000E+0	0.000000E+0
2.549000E+2	-4.964722E-10	-6.570000E+1	0.000000E+0	5.701573E-10	0.000000E+0	0.000000E+0	0.000000E+0
2.550000E+2	-2.231106E-10	-6.284000E+1	0.000000E+0	6.637199E-10	0.000000E+0	0.000000E+0	0.000000E+0
2.551000E+2	1.674274E-12	8.999000E+1	0.000000E+0	5.950464E-10	0.000000E+0	0.000000E+0	0.000000E+0
2.552000E+2	1.089299E-10	1.162000E+2	0.000000E+0	9.082767E-10	0.000000E+0	0.000000E+0	0.000000E+0
2.553000E+2	1.981402E-10	1.107000E+2	0.000000E+0	1.052998E-9	0.000000E+0	0.000000E+0	0.000000E+0
2.554000E+2	2.418702E-10	1.121000E+2	0.000000E+0	1.110837E-9	0.000000E+0	0.000000E+0	0.000000E+0
2.555000E+2	2.637598E-10	1.140000E+2	0.000000E+0	9.126557E-10	0.000000E+0	0.000000E+0	0.000000E+0
2.556000E+2	2.380910E-10	1.106000E+2	0.000000E+0	1.197418E-9	0.000000E+0	0.000000E+0	0.000000E+0
2.557000E+2	1.503299E-10	1.076000E+2	0.000000E+0	9.082337E-10	0.000000E+0	0.000000E+0	0.000000E+0
2.558000E+2	2.546441E-11	1.118000E+2	0.000000E+0	7.453505E-10	0.000000E+0	0.000000E+0	0.000000E+0
2.559000E+2	-1.338676E-10	-6.102000E+1	0.000000E+0	8.836732E-10	0.000000E+0	0.000000E+0	0.000000E+0
2.560000E+2	-2.982852E-10	-6.757000E+1	0.000000E+0	8.415562E-10	0.000000E+0	0.000000E+0	0.000000E+0
2.561000E+2	-4.602000E-10	-6.699000E+1	0.000000E+0	3.892524E-10	0.000000E+0	0.000000E+0	0.000000E+0
2.562000E+2	-6.602974E-10	-6.716000E+1	0.000000E+0	6.483081E-10	0.000000E+0	0.000000E+0	0.000000E+0
2.563000E+2	-8.603746E-10	-6.656000E+1	0.000000E+0	4.869562E-10	0.000000E+0	0.000000E+0	0.000000E+0
2.564000E+2	-1.074998E-9	-6.711000E+1	0.000000E+0	1.051636E-9	0.000000E+0	0.000000E+0	0.000000E+0
2.565000E+2	-1.194930E-9	-6.638000E+1	0.000000E+0	7.194320E-10	0.000000E+0	0.000000E+0	0.000000E+0
2.566000E+2	-1.194998E-9	-6.711000E+1	0.000000E+0	6.644963E-10	0.000000E+0	0.000000E+0	0.000000E+0
2.567000E+2	-1.096996E-9	-6.715000E+1	0.000000E+0	1.420922E-9	0.000000E+0	0.000000E+0	0.000000E+0
2.568000E+2	-1.010995E-9	-6.682000E+1	0.000000E+0	6.292531E-10	0.000000E+0	0.000000E+0	0.000000E+0
2.569000E+2	-8.585099E-10	-6.617000E+1	0.000000E+0	5.264554E-10	0.000000E+0	0.000000E+0	0.000000E+0
2.570000E+2	-6.820973E-10	-6.716000E+1	0.000000E+0	4.521171E-10	0.000000E+0	0.000000E+0	0.000000E+0
2.571000E+2	-6.147994E-10	-6.692000E+1	0.000000E+0	4.507342E-10	0.000000E+0	0.000000E+0	0.000000E+0
2.572000E+2	-5.855960E-10	-6.592000E+1	0.000000E+0	7.156792E-10	0.000000E+0	0.000000E+0	0.000000E+0
2.573000E+2	-5.674985E-10	-6.687000E+1	0.000000E+0	8.219216E-10	0.000000E+0	0.000000E+0	0.000000E+0
2.574000E+2	-5.310912E-10	-6.733000E+1	0.000000E+0	7.233995E-10	0.000000E+0	0.000000E+0	0.000000E+0
2.575000E+2	-4.656319E-10	-6.602000E+1	0.000000E+0	7.629331E-10	0.000000E+0	0.000000E+0	0.000000E+0
2.576000E+2	-4.146780E-10	-6.641000E+1	0.000000E+0	5.450871E-10	0.000000E+0	0.000000E+0	0.000000E+0
2.577000E+2	-4.125616E-10	-6.468000E+1	0.000000E+0	3.317237E-10	0.000000E+0	0.000000E+0	0.000000E+0
2.578000E+2	-4.764323E-10	-6.548000E+1	0.000000E+0	3.428664E-10	0.000000E+0	0.000000E+0	0.000000E+0
2.579000E+2	-6.384614E-10	-6.763000E+1	0.000000E+0	3.216093E-10	0.000000E+0	0.000000E+0	0.000000E+0
2.580000E+2	-7.657685E-10	-6.648000E+1	0.000000E+0	7.393895E-10	0.000000E+0	0.000000E+0	0.000000E+0
2.581000E+2	-8.366997E-10	-6.695000E+1	0.000000E+0	6.077670E-10	0.000000E+0	0.000000E+0	0.000000E+0
2.582000E+2	-7.711940E-10	-6.605000E+1	0.000000E+0	5.749099E-10	0.000000E+0	0.000000E+0	0.000000E+0
2.583000E+2	-6.290503E-10	-6.891000E+1	0.000000E+0	1.238645E-9	0.000000E+0	0.000000E+0	0.000000E+0
2.584000E+2	-4.365962E-10	-6.724000E+1	0.000000E+0	7.798311E-10	0.000000E+0	0.000000E+0	0.000000E+0
2.585000E+2	-1.491872E-10	-6.625000E+1	0.000000E+0	7.373487E-10	0.000000E+0	0.000000E+0	0.000000E+0
2.586000E+2	2.125809E-10	1.156000E+2	0.000000E+0	5.637701E-10	0.000000E+0	0.000000E+0	0.000000E+0
2.587000E+2	5.764279E-10	1.144000E+2	0.000000E+0	6.103621E-10	0.000000E+0	0.000000E+0	0.000000E+0
2.588000E+2	9.476942E-10	1.128000E+2	0.000000E+0	3.280749E-10	0.000000E+0	0.000000E+0	0.000000E+0
2.589000E+2	1.167993E-9	1.128000E+2	0.000000E+0	2.943879E-10	0.000000E+0	0.000000E+0	0.000000E+0
2.590000E+2	1.431998E-9	1.129000E+2	0.000000E+0	2.527661E-10	0.000000E+0	0.000000E+0	0.000000E+0
2.591000E+2	1.625998E-9	1.129000E+2	0.000000E+0	5.624585E-10	0.000000E+0	0.000000E+0	0.000000E+0
2.592000E+2	1.653000E-9	1.130000E+2	0.000000E+0	3.366990E-10	0.000000E+0	0.000000E+0	0.000000E+0
2.593000E+2	1.492980E-9	1.133000E+2	0.000000E+0	2.791509E-10	0.000000E+0	0.000000E+0	0.000000E+0
2.594000E+2	1.210954E-9	1.135000E+2	0.000000E+0	7.071911E-10	0.000000E+0	0.000000E+0	0.000000E+0
2.595000E+2	9.458481E-10	1.124000E+2	0.000000E+0	4.655005E-10	0.000000E+0	0.000000E+0	0.000000E+0
2.596000E+2	8.894946E-10	1.128000E+2	0.000000E+0	1.693117E-10	0.000000E+0	0.000000E+0	0.000000E+0
2.597000E+2	9.494986E-10	1.129000E+2	0.000000E+0	3.289365E-10	0.000000E+0	0.000000E+0	0.000000E+0
2.598000E+2	1.072974E-9	1.134000E+2	0.000000E+0	4.302642E-10	0.000000E+0	0.000000E+0	0.000000E+0
2.599000E+2	1.132915E-9	1.137000E+2	0.000000E+0	3.311445E-10	0.000000E+0	0.000000E+0	0.000000E+0
2.600000E+2	9.640941E-10	1.132000E+2	0.000000E+0	3.947949E-10	0.000000E+0	0.000000E+0	0.000000E+0
2.601000E+2	7.673370E-10	1.145000E+2	0.000000E+0	3.863714E-10	0.000000E+0	0.000000E+0	0.000000E+0
2.602000E+2	6.273849E-10	1.145000E+2	0.000000E+0	3.835101E-10	0.000000E+0	0.000000E+0	0.000000E+0
2.603000E+2	7.075731E-10	1.135000E+2	0.000000E+0	4.766621E-10	0.000000E+0	0.000000E+0	0.000000E+0
2.604000E+2	8.947896E-10	1.139000E+2	0.000000E+0	7.295159E-10	0.000000E+0	0.000000E+0	0.000000E+0
2.605000E+2	9.840460E-10	1.124000E+2	0.000000E+0	3.858749E-10	0.000000E+0	0.000000E+0	0.000000E+0
2.606000E+2	8.530948E-10	1.128000E+2	0.000000E+0	8.509974E-10	0.000000E+0	0.000000E+0	0.000000E+0
2.607000E+2	4.201840E-10	1.125000E+2	0.000000E+0	2.286543E-10	0.000000E+0	0.000000E+0	0.000000E+0
2.608000E+2	-1.963498E-10	-6.924000E+1	0.000000E+0	5.482263E-10	0.000000E+0	0.000000E+0	0.000000E+0
2.609000E+2	-7.093972E-10	-6.684000E+1	0.000000E+0	8.343272E-10	0.000000E+0	0.000000E+0	0.000000E+0
2.610000E+2	-1.456990E-9	-6.679000E+1	0.000000E+0	3.615911E-10	0.000000E+0	0.000000E+0	0.000000E+0
2.611000E+2	-2.195977E-9	-6.674000E+1	0.000000E+0	5.853034E-10	0.000000E+0	0.000000E+0	0.000000E+0
2.612000E+2	-2.693876E-9	-6.645000E+1	0.000000E+0	5.332230E-10	0.000000E+0	0.000000E+0	0.000000E+0
2.613000E+2	-3.077994E-9	-6.711000E+1	0.000000E+0	7.417586E-10	0.000000E+0	0.000000E+0	0.000000E+0
2.614000E+2	-3.380000E-9	-6.701000E+1	0.000000E+0	5.428886E-10	0.000000E+0	0.000000E+0	0.000000E+0
2.615000E+2	-3.642978E-9	-6.680000E+1	0.000000E+0	5.138883E-10	0.000000E+0	0.000000E+0	0.000000E+0
2.616000E+2	-3.910998E-9	-6.694000E+1	0.000000E+0	3.227795E-10	0.000000E+0	0.000000E+0	0.000000E+0
2.617000E+2	-4.226000E-9	-6.698000E+1	0.000000E+0	2.449012E-10	0.000000E+0	0.000000E+0	0.000000E+0
2.618000E+2	-4.603996E-9	-6.692000E+1	0.000000E+0	3.213612E-10	0.000000E+0	0.000000E+0	0.000000E+0
2.619000E+2	-4.950994E-9	-6.691000E+1	0.000000E+0	4.307221E-10	0.000000E+0	0.000000E+0	0.000000E+0
2.620000E+2	-4.979000E-9	-6.700000E+1	0.000000E+0	1.799471E-10	0.000000E+0	0.000000E+0	0.000000E+0
2.621000E+2	-4.434973E-9	-6.720000E+1	0.000000E+0	4.627166E-10	0.000000E+0	0.000000E+0	0.000000E+0
2.622000E+2	-3.379987E-9	-6.716000E+1	0.000000E+0	1.535477E-10	0.000000E+0	0.000000E+0	0.000000E+0
2.623000E+2	-2.094978E-9	-6.726000E+1	0.000000E+0	8.398485E-10	0.000000E+0	0.000000E+0	0.000000E+0
2.624000E+2	-5.838577E-10	-6.631000E+1	0.000000E+0	5.159550E-10	0.000000E+0	0.000000E+0	0.000000E+0
2.625000E+2	7.547344E-10	1.118000E+2	0.000000E+0	7.174443E-10	0.000000E+0	0.000000E+0	0.000000E+0
2.626000E+2	2.258997E-9	1.131000E+2	0.000000E+0	7.646692E-10	0.000000E+0	0.000000E+0	0.000000E+0
2.627000E+2	3.829000E-9	1.130000E+2	0.000000E+0	1.051377E-9	0.000000E+0	0.000000E+0	0.000000E+0
2.628000E+2	5.640863E-9	1.134000E+2	0.000000E+0	7.011069E-10	0.000000E+0	0.000000E+0	0.000000E+0
2.629000E+2	7.035904E-9	1.133000E+2	0.000000E+0	7.409312E-10	0.000000E+0	0.000000E+0	0.000000E+0
2.630000E+2	9.620941E-9	1.132000E+2	0.000000E+0	4.416609E-10	0.000000E+0	0.000000E+0	0.000000E+0
2.631000E+2	1.271000E-8	1.130000E+2	0.000000E+0	4.567751E-10	0.000000E+0	0.000000E+0	0.000000E+0
2.632000E+2	1.603000E-8	1.130000E+2	0.000000E+0	5.939019E-10	0.000000E+0	0.000000E+0	0.000000E+0
2.633000E+2	1.931000E-8	1.130000E+2	0.000000E+0	1.060579E-9	0.000000E+0	0.000000E+0	0.000000E+0
2.634000E+2	2.223997E-8	1.131000E+2	0.000000E+0	3.682555E-10	0.000000E+0	0.000000E+0	0.000000E+0
2.635000E+2	2.434000E-8	1.130000E+2	0.000000E+0	2.989956E-10	0.000000E+0	0.000000E+0	0.000000E+0
2.636000E+2	2.463000E-8	1.130000E+2	0.000000E+0	3.832085E-10	0.000000E+0	0.000000E+0	0.000000E+0
2.637000E+2	2.276000E-8	1.130000E+2	0.000000E+0	7.370510E-10	0.000000E+0	0.000000E+0	0.000000E+0
2.638000E+2	1.877974E-8	1.133000E+2	0.000000E+0	3.667332E-10	0.000000E+0	0.000000E+0	0.000000E+0
2.639000E+2	1.234953E-8	1.135000E+2	0.000000E+0	4.696739E-10	0.000000E+0	0.000000E+0	0.000000E+0
2.640000E+2	3.759932E-9	1.111000E+2	0.000000E+0	1.182681E-9	0.000000E+0	0.000000E+0	0.000000E+0
2.641000E+2	-4.841844E-9	-6.654000E+1	0.000000E+0	1.153725E-9	0.000000E+0	0.000000E+0	0.000000E+0
2.642000E+2	-1.084996E-8	-6.716000E+1	0.000000E+0	1.119666E-9	0.000000E+0	0.000000E+0	0.000000E+0
2.643000E+2	-1.452999E-8	-6.707000E+1	0.000000E+0	6.857970E-10	0.000000E+0	0.000000E+0	0.000000E+0
2.644000E+2	-1.604999E-8	-6.695000E+1	0.000000E+0	4.810458E-10	0.000000E+0	0.000000E+0	0.000000E+0
2.645000E+2	-1.612986E-8	-6.676000E+1	0.000000E+0	7.282265E-10	0.000000E+0	0.000000E+0	0.000000E+0
2.646000E+2	-1.529998E-8	-6.691000E+1	0.000000E+0	5.693582E-10	0.000000E+0	0.000000E+0	0.000000E+0
2.647000E+2	-1.398000E-8	-6.697000E+1	0.000000E+0	1.044491E-9	0.000000E+0	0.000000E+0	0.000000E+0
2.648000E+2	-1.241000E-8	-6.702000E+1	0.000000E+0	1.083440E-9	0.000000E+0	0.000000E+0	0.000000E+0
2.649000E+2	-1.139997E-8	-6.688000E+1	0.000000E+0	1.137003E-9	0.000000E+0	0.000000E+0	0.000000E+0
2.650000E+2	-9.958995E-9	-6.706000E+1	0.000000E+0	1.594096E-9	0.000000E+0	0.000000E+0	0.000000E+0
2.651000E+2	-8.321959E-9	-6.682000E+1	0.000000E+0	6.353198E-10	0.000000E+0	0.000000E+0	0.000000E+0
2.652000E+2	-6.913923E-9	-6.673000E+1	0.000000E+0	1.238871E-9	0.000000E+0	0.000000E+0	0.000000E+0
2.653000E+2	-5.849964E-9	-6.680000E+1	0.000000E+0	1.340832E-9	0.000000E+0	0.000000E+0	0.000000E+0
2.654000E+2	-4.828981E-9	-6.684000E+1	0.000000E+0	1.628580E-9	0.000000E+0	0.000000E+0	0.000000E+0
2.655000E+2	-3.872974E-9	-6.679000E+1	0.000000E+0	8.023521E-10	0.000000E+0	0.000000E+0	0.000000E+0
2.656000E+2	-3.120979E-9	-6.679000E+1	0.000000E+0	6.969889E-10	0.000000E+0	0.000000E+0	0.000000E+0
2.657000E+2	-2.511994E-9	-6.688000E+1	0.000000E+0	1.818612E-9	0.000000E+0	0.000000E+0	0.000000E+0
2.658000E+2	-2.067908E-9	-6.646000E+1	0.000000E+0	1.209795E-9	0.000000E+0	0.000000E+0	0.000000E+0
2.659000E+2	-1.729992E-9	-6.683000E+1	0.000000E+0	8.212371E-10	0.000000E+0	0.000000E+0	0.000000E+0
2.660000E+2	-1.392884E-9	-6.626000E+1	0.000000E+0	1.218015E-9	0.000000E+0	0.000000E+0	0.000000E+0
2.661000E+2	-1.120939E-9	-6.640000E+1	0.000000E+0	1.020772E-9	0.000000E+0	0.000000E+0	0.000000E+0
2.662000E+2	-9.076867E-10	-6.731000E+1	0.000000E+0	1.196312E-9	0.000000E+0	0.000000E+0	0.000000E+0
2.663000E+2	-7.929565E-10	-6.591000E+1	0.000000E+0	1.604974E-9	0.000000E+0	0.000000E+0	0.000000E+0
2.664000E+2	-8.530925E-10	-6.676000E+1	0.000000E+0	9.969419E-10	0.000000E+0	0.000000E+0	0.000000E+0
2.665000E+2	-1.070999E-9	-6.709000E+1	0.000000E+0	1.799737E-9	0.000000E+0	0.000000E+0	0.000000E+0
2.666000E+2	-1.318965E-9	-6.742000E+1	0.000000E+0	9.087215E-10	0.000000E+0	0.000000E+0	0.000000E+0
2.667000E+2	-1.527997E-9	-6.711000E+1	0.000000E+0	1.423557E-9	0.000000E+0	0.000000E+0	0.000000E+0
2.668000E+2	-1.612968E-9	-6.664000E+1	0.000000E+0	1.376382E-9	0.000000E+0	0.000000E+0	0.000000E+0
2.669000E+2	-1.620931E-9	-6.647000E+1	0.000000E+0	1.731334E-9	0.000000E+0	0.000000E+0	0.000000E+0
2.670000E+2	-1.560983E-9	-6.727000E+1	0.000000E+0	1.297287E-9	0.000000E+0	0.000000E+0	0.000000E+0
2.671000E+2	-1.391887E-9	-6.627000E+1	0.000000E+0	1.146766E-9	0.000000E+0	0.000000E+0	0.000000E+0
2.672000E+2	-1.218850E-9	-6.610000E+1	0.000000E+0	8.364282E-10	0.000000E+0	0.000000E+0	0.000000E+0
2.673000E+2	-1.059819E-9	-6.806000E+1	0.000000E+0	1.265663E-9	0.000000E+0	0.000000E+0	0.000000E+0
2.674000E+2	-9.531801E-10	-6.663000E+1	0.000000E+0	6.656267E-10	0.000000E+0	0.000000E+0	0.000000E+0
2.675000E+2	-7.566910E-10	-6.672000E+1	0.000000E+0	1.250656E-9	0.000000E+0	0.000000E+0	0.000000E+0
2.676000E+2	-4.110782E-10	-6.759000E+1	0.000000E+0	8.975474E-10	0.000000E+0	0.000000E+0	0.000000E+0
2.677000E+2	2.859403E-11	1.237000E+2	0.000000E+0	1.004342E-9	0.000000E+0	0.000000E+0	0.000000E+0
2.678000E+2	4.874636E-10	1.123000E+2	0.000000E+0	6.821226E-10	0.000000E+0	0.000000E+0	0.000000E+0
2.679000E+2	9.491746E-10	1.115000E+2	0.000000E+0	2.627908E-10	0.000000E+0	0.000000E+0	0.000000E+0
2.680000E+2	1.327992E-9	1.132000E+2	0.000000E+0	7.504271E-10	0.000000E+0	0.000000E+0	0.000000E+0
2.681000E+2	1.500723E-9	1.141000E+2	0.000000E+0	3.980291E-10	0.000000E+0	0.000000E+0	0.000000E+0
2.682000E+2	1.485991E-9	1.132000E+2	0.000000E+0	5.784527E-10	0.000000E+0	0.000000E+0	0.000000E+0
2.683000E+2	1.338982E-9	1.133000E+2	0.000000E+0	3.448354E-10	0.000000E+0	0.000000E+0	0.000000E+0
2.684000E+2	1.189998E-9	1.131000E+2	0.000000E+0	7.012356E-10	0.000000E+0	0.000000E+0	0.000000E+0
2.685000E+2	1.070920E-9	1.137000E+2	0.000000E+0	1.680124E-10	0.000000E+0	0.000000E+0	0.000000E+0
2.686000E+2	9.549767E-10	1.134000E+2	0.000000E+0	6.146152E-10	0.000000E+0	0.000000E+0	0.000000E+0
2.687000E+2	8.385374E-10	1.137000E+2	0.000000E+0	5.609342E-10	0.000000E+0	0.000000E+0	0.000000E+0
2.688000E+2	7.384955E-10	1.132000E+2	0.000000E+0	9.024101E-10	0.000000E+0	0.000000E+0	0.000000E+0
2.689000E+2	6.365379E-10	1.122000E+2	0.000000E+0	6.774039E-10	0.000000E+0	0.000000E+0	0.000000E+0
2.690000E+2	5.764279E-10	1.144000E+2	0.000000E+0	1.201660E-9	0.000000E+0	0.000000E+0	0.000000E+0
2.691000E+2	5.165803E-10	1.135000E+2	0.000000E+0	8.758246E-10	0.000000E+0	0.000000E+0	0.000000E+0
2.692000E+2	4.727156E-10	1.146000E+2	0.000000E+0	7.357871E-10	0.000000E+0	0.000000E+0	0.000000E+0
2.693000E+2	4.218355E-10	1.146000E+2	0.000000E+0	4.394514E-10	0.000000E+0	0.000000E+0	0.000000E+0
2.694000E+2	3.490639E-10	1.114000E+2	0.000000E+0	7.594414E-10	0.000000E+0	0.000000E+0	0.000000E+0
2.695000E+2	3.237921E-10	1.134000E+2	0.000000E+0	3.699686E-10	0.000000E+0	0.000000E+0	0.000000E+0
2.696000E+2	2.655672E-10	1.121000E+2	0.000000E+0	6.656786E-10	0.000000E+0	0.000000E+0	0.000000E+0
2.697000E+2	2.508314E-10	1.109000E+2	0.000000E+0	9.907094E-10	0.000000E+0	0.000000E+0	0.000000E+0
2.698000E+2	2.290461E-10	1.151000E+2	0.000000E+0	5.023772E-10	0.000000E+0	0.000000E+0	0.000000E+0
2.699000E+2	2.036749E-10	1.121000E+2	0.000000E+0	1.049697E-9	0.000000E+0	0.000000E+0	0.000000E+0
2.700000E+2	1.927894E-10	1.124000E+2	0.000000E+0	1.164023E-9	0.000000E+0	0.000000E+0	0.000000E+0
2.701000E+2	1.654960E-10	1.134000E+2	0.000000E+0	6.463650E-10	0.000000E+0	0.000000E+0	0.000000E+0
2.702000E+2	1.654433E-10	1.145000E+2	0.000000E+0	1.825715E-10	0.000000E+0	0.000000E+0	0.000000E+0
2.703000E+2	1.870893E-10	1.163000E+2	0.000000E+0	8.135444E-10	0.000000E+0	0.000000E+0	0.000000E+0
2.704000E+2	1.873997E-10	1.129000E+2	0.000000E+0	4.342422E-10	0.000000E+0	0.000000E+0	0.000000E+0
2.705000E+2	1.836863E-10	1.137000E+2	0.000000E+0	8.003132E-10	0.000000E+0	0.000000E+0	0.000000E+0
2.706000E+2	1.945997E-10	1.131000E+2	0.000000E+0	8.216630E-10	0.000000E+0	0.000000E+0	0.000000E+0
2.707000E+2	1.654748E-10	1.140000E+2	0.000000E+0	1.137147E-9	0.000000E+0	0.000000E+0	0.000000E+0
2.708000E+2	1.545991E-10	1.132000E+2	0.000000E+0	6.758786E-10	0.000000E+0	0.000000E+0	0.000000E+0
2.709000E+2	1.545715E-10	1.119000E+2	0.000000E+0	9.437755E-10	0.000000E+0	0.000000E+0	0.000000E+0
2.710000E+2	1.545998E-10	1.129000E+2	0.000000E+0	6.732568E-10	0.000000E+0	0.000000E+0	0.000000E+0
2.711000E+2	1.381392E-10	1.113000E+2	0.000000E+0	6.142728E-10	0.000000E+0	0.000000E+0	0.000000E+0
2.712000E+2	1.400787E-10	1.120000E+2	0.000000E+0	1.410356E-9	0.000000E+0	0.000000E+0	0.000000E+0
2.713000E+2	1.136196E-10	1.205000E+2	0.000000E+0	2.968924E-10	0.000000E+0	0.000000E+0	0.000000E+0
2.714000E+2	1.436781E-10	1.120000E+2	0.000000E+0	3.101533E-10	0.000000E+0	0.000000E+0	0.000000E+0
2.715000E+2	1.381897E-10	1.137000E+2	0.000000E+0	2.149443E-10	0.000000E+0	0.000000E+0	0.000000E+0
2.716000E+2	1.484097E-10	1.189000E+2	0.000000E+0	8.389286E-10	0.000000E+0	0.000000E+0	0.000000E+0
2.717000E+2	1.342385E-10	1.172000E+2	0.000000E+0	1.466183E-9	0.000000E+0	0.000000E+0	0.000000E+0
2.718000E+2	1.127861E-10	1.121000E+2	0.000000E+0	7.674388E-10	0.000000E+0	0.000000E+0	0.000000E+0
2.719000E+2	8.722012E-11	1.156000E+2	0.000000E+0	1.270769E-9	0.000000E+0	0.000000E+0	0.000000E+0
2.720000E+2	8.891288E-11	1.170000E+2	0.000000E+0	1.174599E-9	0.000000E+0	0.000000E+0	0.000000E+0
2.721000E+2	5.793219E-11	1.074000E+2	0.000000E+0	1.212595E-9	0.000000E+0	0.000000E+0	0.000000E+0
2.722000E+2	6.927305E-11	9.519000E+1	0.000000E+0	1.619037E-9	0.000000E+0	0.000000E+0	0.000000E+0
2.723000E+2	3.117097E-11	9.519000E+1	0.000000E+0	5.095812E-10	0.000000E+0	0.000000E+0	0.000000E+0
2.724000E+2	4.890788E-11	1.182000E+2	0.000000E+0	1.194955E-9	0.000000E+0	0.000000E+0	0.000000E+0
2.725000E+2	4.634442E-11	8.447000E+1	0.000000E+0	1.229808E-9	0.000000E+0	0.000000E+0	0.000000E+0
2.726000E+2	3.974669E-11	1.063000E+2	0.000000E+0	1.527081E-9	0.000000E+0	0.000000E+0	0.000000E+0
2.727000E+2	2.464755E-11	1.276000E+2	0.000000E+0	1.322289E-9	0.000000E+0	0.000000E+0	0.000000E+0
2.728000E+2	3.363423E-11	1.413000E+2	0.000000E+0	1.696452E-9	0.000000E+0	0.000000E+0	0.000000E+0
2.729000E+2	1.263239E-11	1.059000E+2	0.000000E+0	9.534379E-10	0.000000E+0	0.000000E+0	0.000000E+0
2.730000E+2	1.757838E-11	1.279000E+2	0.000000E+0	1.872765E-9	0.000000E+0	0.000000E+0	0.000000E+0
2.731000E+2	3.145591E-11	1.291000E+2	0.000000E+0	2.353365E-9	0.000000E+0	0.000000E+0	0.000000E+0
2.732000E+2	2.861272E-11	1.025000E+2	0.000000E+0	1.314991E-9	0.000000E+0	0.000000E+0	0.000000E+0
2.733000E+2	6.983389E-13	-1.590000E+2	0.000000E+0	2.115761E-9	0.000000E+0	0.000000E+0	0.000000E+0
2.734000E+2	1.126317E-13	2.655000E+1	0.000000E+0	2.284870E-9	0.000000E+0	0.000000E+0	0.000000E+0
2.735000E+2	-2.407757E-12	-1.844000E+1	0.000000E+0	1.530144E-9	0.000000E+0	0.000000E+0	0.000000E+0
2.736000E+2	-1.403477E-11	-3.602000E+1	0.000000E+0	2.117711E-9	0.000000E+0	0.000000E+0	0.000000E+0
2.737000E+2	-2.354889E-11	-6.170000E+1	0.000000E+0	1.622401E-9	0.000000E+0	0.000000E+0	0.000000E+0
2.738000E+2	-1.034935E-11	-1.287000E+2	0.000000E+0	2.144670E-9	0.000000E+0	0.000000E+0	0.000000E+0
2.739000E+2	-2.700985E-11	-7.507000E+1	0.000000E+0	2.369599E-9	0.000000E+0	0.000000E+0	0.000000E+0
2.740000E+2	-3.726542E-11	-7.970000E+1	0.000000E+0	2.653404E-9	0.000000E+0	0.000000E+0	0.000000E+0
2.741000E+2	-9.486505E-12	-1.287000E+2	0.000000E+0	1.957945E-9	0.000000E+0	0.000000E+0	0.000000E+0
2.742000E+2	-2.621138E-11	-5.091000E+1	0.000000E+0	2.792557E-9	0.000000E+0	0.000000E+0	0.000000E+0
2.743000E+2	-3.993414E-11	-4.964000E+1	0.000000E+0	1.767175E-9	0.000000E+0	0.000000E+0	0.000000E+0
2.744000E+2	-1.465753E-11	-1.245000E+2	0.000000E+0	2.022552E-9	0.000000E+0	0.000000E+0	0.000000E+0
2.745000E+2	-1.012623E-12	-1.490000E+2	0.000000E+0	2.235150E-9	0.000000E+0	0.000000E+0	0.000000E+0
2.746000E+2	-1.939431E-11	-8.125000E+1	0.000000E+0	2.829403E-9	0.000000E+0	0.000000E+0	0.000000E+0
2.747000E+2	-3.478098E-11	-1.071000E+2	0.000000E+0	1.460145E-9	0.000000E+0	0.000000E+0	0.000000E+0
2.748000E+2	-7.513364E-12	-1.013000E+2	0.000000E+0	2.266983E-9	0.000000E+0	0.000000E+0	0.000000E+0
2.749000E+2	-4.299538E-11	-7.701000E+1	0.000000E+0	2.777984E-9	0.000000E+0	0.000000E+0	0.000000E+0
2.750000E+2	-2.510362E-11	-5.727000E+1	0.000000E+0	2.871354E-9	0.000000E+0	0.000000E+0	0.000000E+0
2.751000E+2	-1.435751E-11	-9.571000E+1	0.000000E+0	2.883711E-9	0.000000E+0	0.000000E+0	0.000000E+0
2.752000E+2	-3.275083E-11	-4.119000E+1	0.000000E+0	3.268453E-9	0.000000E+0	0.000000E+0	0.000000E+0
2.753000E+2	-3.422701E-11	-5.904000E+1	0.000000E+0	2.708297E-9	0.000000E+0	0.000000E+0	0.000000E+0
2.754000E+2	-3.334622E-11	-8.223000E+1	0.000000E+0	2.577568E-9	0.000000E+0	0.000000E+0	0.000000E+0
2.755000E+2	-2.874173E-11	-5.800000E+1	0.000000E+0	2.389232E-9	0.000000E+0	0.000000E+0	0.000000E+0
2.756000E+2	-1.450374E-11	-7.157000E+1	0.000000E+0	2.638472E-9	0.000000E+0	0.000000E+0	0.000000E+0
2.757000E+2	-4.464816E-11	-7.791000E+1	0.000000E+0	2.992263E-9	0.000000E+0	0.000000E+0	0.000000E+0
2.758000E+2	-5.017620E-11	-7.687000E+1	0.000000E+0	3.310561E-9	0.000000E+0	0.000000E+0	0.000000E+0
2.759000E+2	-3.516002E-11	-8.188000E+1	0.000000E+0	3.010004E-9	0.000000E+0	0.000000E+0	0.000000E+0
2.760000E+2	-5.191142E-11	-5.677000E+1	0.000000E+0	2.849402E-9	0.000000E+0	0.000000E+0	0.000000E+0
2.761000E+2	-5.843196E-11	-5.375000E+1	0.000000E+0	3.293693E-9	0.000000E+0	0.000000E+0	0.000000E+0
2.762000E+2	-6.695428E-11	-7.281000E+1	0.000000E+0	2.623538E-9	0.000000E+0	0.000000E+0	0.000000E+0
2.763000E+2	-5.158770E-11	-7.905000E+1	0.000000E+0	3.865652E-9	0.000000E+0	0.000000E+0	0.000000E+0
2.764000E+2	-4.637165E-11	-7.831000E+1	0.000000E+0	2.866201E-9	0.000000E+0	0.000000E+0	0.000000E+0
2.765000E+2	-5.651272E-11	-5.313000E+1	0.000000E+0	2.924476E-9	0.000000E+0	0.000000E+0	0.000000E+0
2.766000E+2	-6.506553E-11	-7.345000E+1	0.000000E+0	3.750396E-9	0.000000E+0	0.000000E+0	0.000000E+0
2.767000E+2	-4.546610E-11	-6.625000E+1	0.000000E+0	3.924638E-9	0.000000E+0	0.000000E+0	0.000000E+0
2.768000E+2	-6.155376E-11	-6.139000E+1	0.000000E+0	3.212709E-9	0.000000E+0	0.000000E+0	0.000000E+0
2.769000E+2	-5.243236E-11	-8.309000E+1	0.000000E+0	2.594917E-9	0.000000E+0	0.000000E+0	0.000000E+0
2.770000E+2	-7.165241E-11	-7.701000E+1	0.000000E+0	2.461600E-9	0.000000E+0	0.000000E+0	0.000000E+0
2.771000E+2	-3.906531E-11	-5.446000E+1	0.000000E+0	2.541534E-9	0.000000E+0	0.000000E+0	0.000000E+0
2.772000E+2	-3.806825E-11	-6.224000E+1	0.000000E+0	2.343239E-9	0.000000E+0	0.000000E+0	0.000000E+0
2.773000E+2	-7.404297E-11	-7.388000E+1	0.000000E+0	1.799919E-9	0.000000E+0	0.000000E+0	0.000000E+0
2.774000E+2	-7.548631E-11	-5.813000E+1	0.000000E+0	2.172134E-9	0.000000E+0	0.000000E+0	0.000000E+0
2.775000E+2	-6.349820E-11	-6.279000E+1	0.000000E+0	1.875664E-9	0.000000E+0	0.000000E+0	0.000000E+0
2.776000E+2	-6.211228E-11	-5.430000E+1	0.000000E+0	1.435243E-9	0.000000E+0	0.000000E+0	0.000000E+0
2.777000E+2	-6.530331E-11	-6.279000E+1	0.000000E+0	1.276106E-9	0.000000E+0	0.000000E+0	0.000000E+0
2.778000E+2	-6.305654E-11	-5.904000E+1	0.000000E+0	1.395727E-9	0.000000E+0	0.000000E+0	0.000000E+0
2.779000E+2	-6.911973E-11	-6.716000E+1	0.000000E+0	1.443874E-9	0.000000E+0	0.000000E+0	0.000000E+0
2.780000E+2	-7.946365E-11	-7.388000E+1	0.000000E+0	8.497529E-10	0.000000E+0	0.000000E+0	0.000000E+0
2.781000E+2	-6.519047E-11	-6.161000E+1	0.000000E+0	1.824800E-9	0.000000E+0	0.000000E+0	0.000000E+0
2.782000E+2	-7.978553E-11	-7.157000E+1	0.000000E+0	1.730785E-9	0.000000E+0	0.000000E+0	0.000000E+0
2.783000E+2	-7.691517E-11	-7.748000E+1	0.000000E+0	1.309867E-9	0.000000E+0	0.000000E+0	0.000000E+0
2.784000E+2	-8.484181E-11	-7.406000E+1	0.000000E+0	8.428324E-10	0.000000E+0	0.000000E+0	0.000000E+0
2.785000E+2	-7.426115E-11	-6.170000E+1	0.000000E+0	1.696800E-9	0.000000E+0	0.000000E+0	0.000000E+0
2.786000E+2	-7.966883E-11	-6.148000E+1	0.000000E+0	1.815495E-9	0.000000E+0	0.000000E+0	0.000000E+0
2.787000E+2	-7.606718E-11	-7.235000E+1	0.000000E+0	2.218884E-9	0.000000E+0	0.000000E+0	0.000000E+0
2.788000E+2	-7.775286E-11	-8.073000E+1	0.000000E+0	1.472138E-9	0.000000E+0	0.000000E+0	0.000000E+0
2.789000E+2	-9.568918E-11	-8.006000E+1	0.000000E+0	1.353479E-9	0.000000E+0	0.000000E+0	0.000000E+0
2.790000E+2	-7.756116E-11	-4.837000E+1	0.000000E+0	1.959056E-9	0.000000E+0	0.000000E+0	0.000000E+0
2.791000E+2	-9.447118E-11	-7.851000E+1	0.000000E+0	1.730848E-9	0.000000E+0	0.000000E+0	0.000000E+0
2.792000E+2	-8.180500E-11	-7.912000E+1	0.000000E+0	2.801822E-9	0.000000E+0	0.000000E+0	0.000000E+0
2.793000E+2	-9.276837E-11	-6.666000E+1	0.000000E+0	2.758553E-9	0.000000E+0	0.000000E+0	0.000000E+0
2.794000E+2	-9.707367E-11	-5.820000E+1	0.000000E+0	2.756948E-9	0.000000E+0	0.000000E+0	0.000000E+0
2.795000E+2	-7.996321E-11	-6.449000E+1	0.000000E+0	1.998661E-9	0.000000E+0	0.000000E+0	0.000000E+0
2.796000E+2	-9.761973E-11	-7.339000E+1	0.000000E+0	2.211455E-9	0.000000E+0	0.000000E+0	0.000000E+0
2.797000E+2	-9.836344E-11	-7.738000E+1	0.000000E+0	1.788484E-9	0.000000E+0	0.000000E+0	0.000000E+0
2.798000E+2	-9.818418E-11	-6.875000E+1	0.000000E+0	2.447929E-9	0.000000E+0	0.000000E+0	0.000000E+0
2.799000E+2	-1.197115E-10	-6.239000E+1	0.000000E+0	2.175292E-9	0.000000E+0	0.000000E+0	0.000000E+0
2.800000E+2	-1.051879E-10	-5.161000E+1	0.000000E+0	1.996759E-9	0.000000E+0	0.000000E+0	0.000000E+0
2.801000E+2	-9.822856E-11	-6.731000E+1	0.000000E+0	2.415409E-9	0.000000E+0	0.000000E+0	0.000000E+0
2.802000E+2	-1.195865E-10	-6.170000E+1	0.000000E+0	2.606649E-9	0.000000E+0	0.000000E+0	0.000000E+0
2.803000E+2	-9.715609E-11	-5.852000E+1	0.000000E+0	2.300805E-9	0.000000E+0	0.000000E+0	0.000000E+0
2.804000E+2	-1.254511E-10	-6.860000E+1	0.000000E+0	2.637583E-9	0.000000E+0	0.000000E+0	0.000000E+0
2.805000E+2	-1.089320E-10	-6.382000E+1	0.000000E+0	2.970403E-9	0.000000E+0	0.000000E+0	0.000000E+0
2.806000E+2	-1.202597E-10	-5.759000E+1	0.000000E+0	2.242281E-9	0.000000E+0	0.000000E+0	0.000000E+0
2.807000E+2	-1.319750E-10	-6.061000E+1	0.000000E+0	2.320770E-9	0.000000E+0	0.000000E+0	0.000000E+0
2.808000E+2	-1.198682E-10	-7.056000E+1	0.000000E+0	1.710953E-9	0.000000E+0	0.000000E+0	0.000000E+0
2.809000E+2	-1.134958E-10	-5.904000E+1	0.000000E+0	2.292824E-9	0.000000E+0	0.000000E+0	0.000000E+0
2.810000E+2	-1.411097E-10	-7.305000E+1	0.000000E+0	1.898426E-9	0.000000E+0	0.000000E+0	0.000000E+0
2.811000E+2	-1.344228E-10	-6.406000E+1	0.000000E+0	1.700574E-9	0.000000E+0	0.000000E+0	0.000000E+0
2.812000E+2	-1.118681E-10	-5.963000E+1	0.000000E+0	1.254054E-9	0.000000E+0	0.000000E+0	0.000000E+0
2.813000E+2	-1.310000E-10	-6.699000E+1	0.000000E+0	2.024746E-9	0.000000E+0	0.000000E+0	0.000000E+0
2.814000E+2	-1.400756E-10	-6.807000E+1	0.000000E+0	2.149727E-9	0.000000E+0	0.000000E+0	0.000000E+0
2.815000E+2	-1.254968E-10	-6.659000E+1	0.000000E+0	2.605033E-9	0.000000E+0	0.000000E+0	0.000000E+0
2.816000E+2	-1.118630E-10	-7.439000E+1	0.000000E+0	2.163227E-9	0.000000E+0	0.000000E+0	0.000000E+0
2.817000E+2	-1.221770E-10	-5.800000E+1	0.000000E+0	3.248630E-9	0.000000E+0	0.000000E+0	0.000000E+0
2.818000E+2	-1.251010E-10	-7.157000E+1	0.000000E+0	3.466326E-9	0.000000E+0	0.000000E+0	0.000000E+0
2.819000E+2	-1.145672E-10	-6.563000E+1	0.000000E+0	3.742716E-9	0.000000E+0	0.000000E+0	0.000000E+0
2.820000E+2	-1.123086E-10	-7.235000E+1	0.000000E+0	3.154582E-9	0.000000E+0	0.000000E+0	0.000000E+0
2.821000E+2	-1.126505E-10	-6.995000E+1	0.000000E+0	3.168549E-9	0.000000E+0	0.000000E+0	0.000000E+0
2.822000E+2	-9.804045E-11	-6.344000E+1	0.000000E+0	4.078118E-9	0.000000E+0	0.000000E+0	0.000000E+0
2.823000E+2	-7.767942E-11	-6.026000E+1	0.000000E+0	4.022293E-9	0.000000E+0	0.000000E+0	0.000000E+0
2.824000E+2	-9.083110E-11	-6.993000E+1	0.000000E+0	4.034313E-9	0.000000E+0	0.000000E+0	0.000000E+0
2.825000E+2	-7.811137E-11	-6.398000E+1	0.000000E+0	4.842674E-9	0.000000E+0	0.000000E+0	0.000000E+0
2.826000E+2	-8.727510E-11	-6.538000E+1	0.000000E+0	5.240622E-9	0.000000E+0	0.000000E+0	0.000000E+0
2.827000E+2	-7.996321E-11	-6.449000E+1	0.000000E+0	4.735206E-9	0.000000E+0	0.000000E+0	0.000000E+0
2.828000E+2	-8.526041E-11	-7.120000E+1	0.000000E+0	3.869003E-9	0.000000E+0	0.000000E+0	0.000000E+0
2.829000E+2	-8.827553E-11	-7.494000E+1	0.000000E+0	2.970572E-9	0.000000E+0	0.000000E+0	0.000000E+0
2.830000E+2	-7.056167E-11	-6.108000E+1	0.000000E+0	5.160261E-9	0.000000E+0	0.000000E+0	0.000000E+0
2.831000E+2	-8.956551E-11	-7.701000E+1	0.000000E+0	6.563659E-9	0.000000E+0	0.000000E+0	0.000000E+0
2.832000E+2	-6.180925E-11	-6.908000E+1	0.000000E+0	4.833998E-9	0.000000E+0	0.000000E+0	0.000000E+0
2.833000E+2	-9.639988E-11	-6.783000E+1	0.000000E+0	4.319286E-9	0.000000E+0	0.000000E+0	0.000000E+0
2.834000E+2	-6.109358E-11	-7.597000E+1	0.000000E+0	3.808610E-9	0.000000E+0	0.000000E+0	0.000000E+0
2.835000E+2	-7.321377E-11	-8.761000E+1	0.000000E+0	1.195207E-9	0.000000E+0	0.000000E+0	0.000000E+0
2.836000E+2	-6.354085E-11	-7.065000E+1	0.000000E+0	2.189245E-9	0.000000E+0	0.000000E+0	0.000000E+0
2.837000E+2	-6.841505E-11	-5.881000E+1	0.000000E+0	4.118815E-9	0.000000E+0	0.000000E+0	0.000000E+0
2.838000E+2	-6.464679E-11	-5.785000E+1	0.000000E+0	4.479100E-9	0.000000E+0	0.000000E+0	0.000000E+0
2.839000E+2	-7.275745E-11	-6.748000E+1	0.000000E+0	4.792016E-9	0.000000E+0	0.000000E+0	0.000000E+0
2.840000E+2	-7.451403E-11	-6.459000E+1	0.000000E+0	2.841838E-9	0.000000E+0	0.000000E+0	0.000000E+0
2.841000E+2	-7.972684E-11	-6.193000E+1	0.000000E+0	3.430826E-9	0.000000E+0	0.000000E+0	0.000000E+0
2.842000E+2	-7.781819E-11	-6.119000E+1	0.000000E+0	3.945937E-9	0.000000E+0	0.000000E+0	0.000000E+0
2.843000E+2	-6.285983E-11	-5.785000E+1	0.000000E+0	4.861077E-9	0.000000E+0	0.000000E+0	0.000000E+0
2.844000E+2	-6.354085E-11	-7.065000E+1	0.000000E+0	5.528132E-9	0.000000E+0	0.000000E+0	0.000000E+0
2.845000E+2	-7.713370E-11	-7.656000E+1	0.000000E+0	6.126677E-9	0.000000E+0	0.000000E+0	0.000000E+0
2.846000E+2	-9.454123E-11	-6.516000E+1	0.000000E+0	6.202916E-9	0.000000E+0	0.000000E+0	0.000000E+0
2.847000E+2	-8.120995E-11	-5.983000E+1	0.000000E+0	7.260787E-9	0.000000E+0	0.000000E+0	0.000000E+0
2.848000E+2	-8.730997E-11	-6.695000E+1	0.000000E+0	7.050314E-9	0.000000E+0	0.000000E+0	0.000000E+0
2.849000E+2	-7.807988E-11	-7.043000E+1	0.000000E+0	7.707161E-9	0.000000E+0	0.000000E+0	0.000000E+0
2.850000E+2	-8.540199E-11	-6.440000E+1	0.000000E+0	8.259839E-9	0.000000E+0	0.000000E+0	0.000000E+0
2.851000E+2	-8.158175E-11	-6.236000E+1	0.000000E+0	7.612897E-9	0.000000E+0	0.000000E+0	0.000000E+0
2.852000E+2	-8.682371E-11	-6.095000E+1	0.000000E+0	7.967772E-9	0.000000E+0	0.000000E+0	0.000000E+0
2.853000E+2	-9.274270E-11	-6.839000E+1	0.000000E+0	8.034952E-9	0.000000E+0	0.000000E+0	0.000000E+0
2.854000E+2	-6.739162E-11	-5.416000E+1	0.000000E+0	8.177106E-9	0.000000E+0	0.000000E+0	0.000000E+0
2.855000E+2	-8.115275E-11	-5.291000E+1	0.000000E+0	8.909322E-9	0.000000E+0	0.000000E+0	0.000000E+0
2.856000E+2	-6.902716E-11	-6.403000E+1	0.000000E+0	9.385553E-9	0.000000E+0	0.000000E+0	0.000000E+0
2.857000E+2	-8.301572E-11	-5.983000E+1	0.000000E+0	8.928126E-9	0.000000E+0	0.000000E+0	0.000000E+0
2.858000E+2	-6.358620E-11	-6.406000E+1	0.000000E+0	9.019103E-9	0.000000E+0	0.000000E+0	0.000000E+0
2.859000E+2	-6.173065E-11	-6.344000E+1	0.000000E+0	2.446764E-9	0.000000E+0	0.000000E+0	0.000000E+0
2.860000E+2	-5.942074E-11	-7.517000E+1	0.000000E+0	6.206291E-9	0.000000E+0	0.000000E+0	0.000000E+0
2.861000E+2	-5.957485E-11	-7.406000E+1	0.000000E+0	6.791473E-9	0.000000E+0	0.000000E+0	0.000000E+0
2.862000E+2	-5.210487E-11	-7.597000E+1	0.000000E+0	7.421925E-9	0.000000E+0	0.000000E+0	0.000000E+0
2.863000E+2	-8.730947E-11	-6.680000E+1	0.000000E+0	7.789027E-9	0.000000E+0	0.000000E+0	0.000000E+0
2.864000E+2	-4.641765E-11	-8.606000E+1	0.000000E+0	8.508394E-9	0.000000E+0	0.000000E+0	0.000000E+0
2.865000E+2	-6.092901E-11	-5.710000E+1	0.000000E+0	8.835101E-9	0.000000E+0	0.000000E+0	0.000000E+0
2.866000E+2	-6.450496E-11	-5.710000E+1	0.000000E+0	8.726468E-9	0.000000E+0	0.000000E+0	0.000000E+0
2.867000E+2	-5.535020E-11	-7.802000E+1	0.000000E+0	1.007779E-8	0.000000E+0	0.000000E+0	0.000000E+0
2.868000E+2	-4.155084E-11	-7.374000E+1	0.000000E+0	1.066363E-8	0.000000E+0	0.000000E+0	0.000000E+0
2.869000E+2	-5.454186E-11	-6.884000E+1	0.000000E+0	1.138165E-8	0.000000E+0	0.000000E+0	0.000000E+0
2.870000E+2	-5.044175E-11	-7.494000E+1	0.000000E+0	1.109454E-8	0.000000E+0	0.000000E+0	0.000000E+0
2.871000E+2	-4.028692E-11	-5.134000E+1	0.000000E+0	1.224411E-8	0.000000E+0	0.000000E+0	0.000000E+0
2.872000E+2	-7.795698E-11	-6.230000E+1	0.000000E+0	1.262371E-8	0.000000E+0	0.000000E+0	0.000000E+0
2.873000E+2	-5.785175E-11	-6.064000E+1	0.000000E+0	1.273612E-8	0.000000E+0	0.000000E+0	0.000000E+0
2.874000E+2	-5.625057E-11	-7.103000E+1	0.000000E+0	1.422338E-8	0.000000E+0	0.000000E+0	0.000000E+0
2.875000E+2	-3.139662E-11	-5.053000E+1	0.000000E+0	1.368330E-8	0.000000E+0	0.000000E+0	0.000000E+0
2.876000E+2	-3.633749E-11	-6.977000E+1	0.000000E+0	1.318979E-8	0.000000E+0	0.000000E+0	0.000000E+0
2.877000E+2	-3.761734E-11	-5.698000E+1	0.000000E+0	8.939634E-9	0.000000E+0	0.000000E+0	0.000000E+0
2.878000E+2	-1.364452E-11	-1.084000E+2	0.000000E+0	1.393056E-8	0.000000E+0	0.000000E+0	0.000000E+0
2.879000E+2	-2.480386E-11	-9.853000E+1	0.000000E+0	9.530039E-9	0.000000E+0	0.000000E+0	0.000000E+0
2.880000E+2	-1.589083E-11	-3.788000E+1	0.000000E+0	1.656465E-8	0.000000E+0	0.000000E+0	0.000000E+0
2.881000E+2	-2.856959E-13	-1.560000E+2	0.000000E+0	1.773623E-8	0.000000E+0	0.000000E+0	0.000000E+0
2.882000E+2	-2.808730E-11	-5.184000E+1	0.000000E+0	1.769244E-8	0.000000E+0	0.000000E+0	0.000000E+0
2.883000E+2	-1.802385E-11	-7.475000E+1	0.000000E+0	9.849836E-9	0.000000E+0	0.000000E+0	0.000000E+0
2.884000E+2	-1.080488E-11	-5.904000E+1	0.000000E+0	9.358603E-9	0.000000E+0	0.000000E+0	0.000000E+0
2.885000E+2	-8.131514E-12	-1.670000E+1	0.000000E+0	1.770143E-8	0.000000E+0	0.000000E+0	0.000000E+0
2.886000E+2	-2.623022E-11	-9.897000E+1	0.000000E+0	2.255680E-8	0.000000E+0	0.000000E+0	0.000000E+0
2.887000E+2	-1.158183E-11	-2.975000E+1	0.000000E+0	2.218280E-8	0.000000E+0	0.000000E+0	0.000000E+0
2.888000E+2	-1.796351E-12	1.670000E+1	0.000000E+0	2.100290E-8	0.000000E+0	0.000000E+0	0.000000E+0
2.889000E+2	0.000000E+0	1.800000E+2	0.000000E+0	1.873380E-8	0.000000E+0	0.000000E+0	0.000000E+0
2.890000E+2	-5.390262E-12	-7.597000E+1	0.000000E+0	9.305000E-9	0.000000E+0	0.000000E+0	0.000000E+0
2.891000E+2	-2.552366E-12	1.403000E+1	0.000000E+0	2.183744E-8	0.000000E+0	0.000000E+0	0.000000E+0
2.892000E+2	-4.153244E-12	-2.656000E+1	0.000000E+0	2.673883E-8	0.000000E+0	0.000000E+0	0.000000E+0
2.893000E+2	-5.685138E-12	0.000000E+0	0.000000E+0	3.040666E-8	0.000000E+0	0.000000E+0	0.000000E+0
2.894000E+2	-1.014288E-12	1.843000E+1	0.000000E+0	2.979713E-8	0.000000E+0	0.000000E+0	0.000000E+0
2.895000E+2	-2.461111E-12	-1.413000E+2	0.000000E+0	2.991181E-8	0.000000E+0	0.000000E+0	0.000000E+0
2.896000E+2	1.815411E-11	1.166000E+2	0.000000E+0	3.075799E-8	0.000000E+0	0.000000E+0	0.000000E+0
2.897000E+2	-5.223801E-12	4.391000E+0	0.000000E+0	3.192144E-8	0.000000E+0	0.000000E+0	0.000000E+0
2.898000E+2	1.259507E-11	7.330000E+1	0.000000E+0	3.210178E-8	0.000000E+0	0.000000E+0	0.000000E+0
2.899000E+2	5.126919E-12	1.582000E+2	0.000000E+0	3.366484E-8	0.000000E+0	0.000000E+0	0.000000E+0
2.900000E+2	1.242825E-11	1.255000E+2	0.000000E+0	3.371455E-8	0.000000E+0	0.000000E+0	0.000000E+0
2.901000E+2	1.246638E-11	1.534000E+2	0.000000E+0	2.928418E-8	0.000000E+0	0.000000E+0	0.000000E+0
2.902000E+2	3.029927E-11	1.245000E+2	0.000000E+0	3.742031E-8	0.000000E+0	0.000000E+0	0.000000E+0
2.903000E+2	2.182348E-11	1.144000E+2	0.000000E+0	3.863104E-8	0.000000E+0	0.000000E+0	0.000000E+0
2.904000E+2	1.985656E-11	1.059000E+2	0.000000E+0	4.302469E-8	0.000000E+0	0.000000E+0	0.000000E+0
2.905000E+2	3.798371E-11	1.069000E+2	0.000000E+0	4.340078E-8	0.000000E+0	0.000000E+0	0.000000E+0
2.906000E+2	6.092908E-13	-1.594000E+2	0.000000E+0	4.564187E-8	0.000000E+0	0.000000E+0	0.000000E+0
2.907000E+2	2.061699E-11	9.381000E+1	0.000000E+0	4.723416E-8	0.000000E+0	0.000000E+0	0.000000E+0
2.908000E+2	6.746190E-12	1.350000E+2	0.000000E+0	4.822341E-8	0.000000E+0	0.000000E+0	0.000000E+0
2.909000E+2	3.766505E-11	1.034000E+2	0.000000E+0	5.040848E-8	0.000000E+0	0.000000E+0	0.000000E+0
2.910000E+2	2.606521E-11	1.394000E+2	0.000000E+0	5.138123E-8	0.000000E+0	0.000000E+0	0.000000E+0
2.911000E+2	6.336613E-11	1.186000E+2	0.000000E+0	5.161981E-8	0.000000E+0	0.000000E+0	0.000000E+0
2.912000E+2	3.271587E-11	1.152000E+2	0.000000E+0	5.565517E-8	0.000000E+0	0.000000E+0	0.000000E+0
2.913000E+2	2.652184E-11	1.373000E+2	0.000000E+0	5.631295E-8	0.000000E+0	0.000000E+0	0.000000E+0
2.914000E+2	3.019757E-11	1.421000E+2	0.000000E+0	6.042735E-8	0.000000E+0	0.000000E+0	0.000000E+0
2.915000E+2	4.269002E-11	1.009000E+2	0.000000E+0	5.864427E-8	0.000000E+0	0.000000E+0	0.000000E+0
2.916000E+2	3.819855E-11	1.135000E+2	0.000000E+0	6.070685E-8	0.000000E+0	0.000000E+0	0.000000E+0
2.917000E+2	4.544756E-11	1.148000E+2	0.000000E+0	6.037606E-8	0.000000E+0	0.000000E+0	0.000000E+0
2.918000E+2	4.757167E-11	1.386000E+2	0.000000E+0	6.237232E-8	0.000000E+0	0.000000E+0	0.000000E+0
2.919000E+2	5.782423E-11	1.064000E+2	0.000000E+0	6.267634E-8	0.000000E+0	0.000000E+0	0.000000E+0
2.920000E+2	5.584122E-11	1.210000E+2	0.000000E+0	6.491752E-8	0.000000E+0	0.000000E+0	0.000000E+0
2.921000E+2	5.620016E-11	1.281000E+2	0.000000E+0	6.461813E-8	0.000000E+0	0.000000E+0	0.000000E+0
2.922000E+2	5.274028E-11	1.141000E+2	0.000000E+0	6.622904E-8	0.000000E+0	0.000000E+0	0.000000E+0
2.923000E+2	5.389815E-11	1.040000E+2	0.000000E+0	7.131676E-8	0.000000E+0	0.000000E+0	0.000000E+0
2.924000E+2	3.698658E-11	9.852000E+1	0.000000E+0	6.677611E-8	0.000000E+0	0.000000E+0	0.000000E+0
2.925000E+2	6.182589E-11	1.146000E+2	0.000000E+0	5.920461E-8	0.000000E+0	0.000000E+0	0.000000E+0
2.926000E+2	5.820920E-11	1.127000E+2	0.000000E+0	8.098783E-8	0.000000E+0	0.000000E+0	0.000000E+0
2.927000E+2	4.689613E-11	1.056000E+2	0.000000E+0	8.421588E-8	0.000000E+0	0.000000E+0	0.000000E+0
2.928000E+2	5.998575E-11	1.152000E+2	0.000000E+0	8.965438E-8	0.000000E+0	0.000000E+0	0.000000E+0
2.929000E+2	6.161464E-11	1.180000E+2	0.000000E+0	9.465798E-8	0.000000E+0	0.000000E+0	0.000000E+0
2.930000E+2	5.615792E-11	1.182000E+2	0.000000E+0	8.986782E-8	0.000000E+0	0.000000E+0	0.000000E+0
2.931000E+2	5.386803E-11	1.222000E+2	0.000000E+0	9.644596E-8	0.000000E+0	0.000000E+0	0.000000E+0
2.932000E+2	4.764216E-11	1.337000E+2	0.000000E+0	9.662927E-8	0.000000E+0	0.000000E+0	0.000000E+0
2.933000E+2	3.580504E-11	1.028000E+2	0.000000E+0	1.041514E-7	0.000000E+0	0.000000E+0	0.000000E+0
2.934000E+2	4.171102E-11	1.175000E+2	0.000000E+0	1.092622E-7	0.000000E+0	0.000000E+0	0.000000E+0
2.935000E+2	3.817434E-11	1.109000E+2	0.000000E+0	1.107799E-7	0.000000E+0	0.000000E+0	0.000000E+0
2.936000E+2	4.150086E-11	1.203000E+2	0.000000E+0	1.178741E-7	0.000000E+0	0.000000E+0	0.000000E+0
2.937000E+2	3.710590E-11	1.350000E+2	0.000000E+0	1.172942E-7	0.000000E+0	0.000000E+0	0.000000E+0
2.938000E+2	5.292127E-11	9.888000E+1	0.000000E+0	1.240557E-7	0.000000E+0	0.000000E+0	0.000000E+0
2.939000E+2	5.589870E-11	1.292000E+2	0.000000E+0	1.241542E-7	0.000000E+0	0.000000E+0	0.000000E+0
2.940000E+2	6.448521E-11	1.030000E+2	0.000000E+0	1.219332E-7	0.000000E+0	0.000000E+0	0.000000E+0
2.941000E+2	7.788559E-11	1.077000E+2	0.000000E+0	1.138277E-7	0.000000E+0	0.000000E+0	0.000000E+0
2.942000E+2	9.975641E-11	1.090000E+2	0.000000E+0	1.195976E-7	0.000000E+0	0.000000E+0	0.000000E+0
2.943000E+2	7.337815E-11	1.233000E+2	0.000000E+0	1.150932E-7	0.000000E+0	0.000000E+0	0.000000E+0
2.944000E+2	8.548167E-11	1.122000E+2	0.000000E+0	8.363328E-8	0.000000E+0	0.000000E+0	0.000000E+0
2.945000E+2	8.970268E-11	1.225000E+2	0.000000E+0	1.095164E-7	0.000000E+0	0.000000E+0	0.000000E+0
2.946000E+2	8.683171E-11	1.190000E+2	0.000000E+0	1.369880E-7	0.000000E+0	0.000000E+0	0.000000E+0
2.947000E+2	9.077053E-11	1.166000E+2	0.000000E+0	1.476310E-7	0.000000E+0	0.000000E+0	0.000000E+0
2.948000E+2	8.543258E-11	1.151000E+2	0.000000E+0	1.529341E-7	0.000000E+0	0.000000E+0	0.000000E+0
2.949000E+2	9.795350E-11	1.087000E+2	0.000000E+0	1.678042E-7	0.000000E+0	0.000000E+0	0.000000E+0
2.950000E+2	9.808626E-11	1.161000E+2	0.000000E+0	1.753166E-7	0.000000E+0	0.000000E+0	0.000000E+0
2.951000E+2	9.948807E-11	1.072000E+2	0.000000E+0	1.801109E-7	0.000000E+0	0.000000E+0	0.000000E+0
2.952000E+2	9.234291E-11	1.075000E+2	0.000000E+0	1.870880E-7	0.000000E+0	0.000000E+0	0.000000E+0
2.953000E+2	8.728394E-11	1.116000E+2	0.000000E+0	1.897452E-7	0.000000E+0	0.000000E+0	0.000000E+0
2.954000E+2	7.716967E-11	1.224000E+2	0.000000E+0	1.976239E-7	0.000000E+0	0.000000E+0	0.000000E+0
2.955000E+2	7.526235E-11	1.031000E+2	0.000000E+0	2.187756E-7	0.000000E+0	0.000000E+0	0.000000E+0
2.956000E+2	8.485277E-11	1.200000E+2	0.000000E+0	2.180841E-7	0.000000E+0	0.000000E+0	0.000000E+0
2.957000E+2	7.639953E-11	1.132000E+2	0.000000E+0	2.344411E-7	0.000000E+0	0.000000E+0	0.000000E+0
2.958000E+2	6.641539E-11	1.037000E+2	0.000000E+0	2.499856E-7	0.000000E+0	0.000000E+0	0.000000E+0
2.959000E+2	5.453676E-11	1.150000E+2	0.000000E+0	2.504435E-7	0.000000E+0	0.000000E+0	0.000000E+0
2.960000E+2	4.682978E-11	1.210000E+2	0.000000E+0	2.716352E-7	0.000000E+0	0.000000E+0	0.000000E+0
2.961000E+2	6.694350E-11	1.071000E+2	0.000000E+0	2.718742E-7	0.000000E+0	0.000000E+0	0.000000E+0
2.962000E+2	7.939123E-11	1.203000E+2	0.000000E+0	2.797494E-7	0.000000E+0	0.000000E+0	0.000000E+0
2.963000E+2	4.909923E-11	1.118000E+2	0.000000E+0	2.713471E-7	0.000000E+0	0.000000E+0	0.000000E+0
2.964000E+2	6.925844E-11	1.255000E+2	0.000000E+0	2.814759E-7	0.000000E+0	0.000000E+0	0.000000E+0
2.965000E+2	5.523825E-11	1.246000E+2	0.000000E+0	2.813853E-7	0.000000E+0	0.000000E+0	0.000000E+0
2.966000E+2	5.821000E-11	1.130000E+2	0.000000E+0	2.829191E-7	0.000000E+0	0.000000E+0	0.000000E+0
2.967000E+2	4.641765E-11	9.394000E+1	0.000000E+0	2.922234E-7	0.000000E+0	0.000000E+0	0.000000E+0
2.968000E+2	6.364198E-11	1.147000E+2	0.000000E+0	3.006476E-7	0.000000E+0	0.000000E+0	0.000000E+0
2.969000E+2	4.750252E-11	1.277000E+2	0.000000E+0	2.675514E-7	0.000000E+0	0.000000E+0	0.000000E+0
2.970000E+2	4.890004E-11	1.183000E+2	0.000000E+0	3.093698E-7	0.000000E+0	0.000000E+0	0.000000E+0
2.971000E+2	6.362724E-11	1.109000E+2	0.000000E+0	2.952136E-7	0.000000E+0	0.000000E+0	0.000000E+0
2.972000E+2	7.226310E-11	1.063000E+2	0.000000E+0	2.896643E-7	0.000000E+0	0.000000E+0	0.000000E+0
2.973000E+2	5.797955E-11	1.079000E+2	0.000000E+0	3.235788E-7	0.000000E+0	0.000000E+0	0.000000E+0
2.974000E+2	5.957160E-11	1.286000E+2	0.000000E+0	3.006402E-7	0.000000E+0	0.000000E+0	0.000000E+0
2.975000E+2	4.183898E-11	1.126000E+2	0.000000E+0	2.659682E-7	0.000000E+0	0.000000E+0	0.000000E+0
2.976000E+2	3.253596E-11	1.194000E+2	0.000000E+0	3.570334E-7	0.000000E+0	0.000000E+0	0.000000E+0
2.977000E+2	5.073690E-11	9.712000E+1	0.000000E+0	2.346283E-7	0.000000E+0	0.000000E+0	0.000000E+0
2.978000E+2	4.001976E-11	1.132000E+2	0.000000E+0	3.372271E-7	0.000000E+0	0.000000E+0	0.000000E+0
2.979000E+2	1.454681E-11	1.118000E+2	0.000000E+0	2.467768E-7	0.000000E+0	0.000000E+0	0.000000E+0
2.980000E+2	4.607796E-11	1.260000E+2	0.000000E+0	2.574895E-7	0.000000E+0	0.000000E+0	0.000000E+0
2.981000E+2	5.443707E-11	1.090000E+2	0.000000E+0	2.787151E-7	0.000000E+0	0.000000E+0	0.000000E+0
2.982000E+2	3.669065E-11	9.684000E+1	0.000000E+0	1.765574E-7	0.000000E+0	0.000000E+0	0.000000E+0
2.983000E+2	1.952109E-11	8.641000E+1	0.000000E+0	2.527483E-7	0.000000E+0	0.000000E+0	0.000000E+0
2.984000E+2	3.249958E-11	1.487000E+2	0.000000E+0	1.523337E-7	0.000000E+0	0.000000E+0	0.000000E+0
2.985000E+2	3.247784E-11	9.301000E+1	0.000000E+0	2.091077E-7	0.000000E+0	0.000000E+0	0.000000E+0
2.986000E+2	1.733049E-11	5.709000E+1	0.000000E+0	1.265349E-7	0.000000E+0	0.000000E+0	0.000000E+0
2.987000E+2	3.984239E-11	1.184000E+2	0.000000E+0	1.850326E-7	0.000000E+0	0.000000E+0	0.000000E+0
2.988000E+2	3.621118E-11	1.382000E+2	0.000000E+0	1.858313E-7	0.000000E+0	0.000000E+0	0.000000E+0
2.989000E+2	2.152882E-11	1.453000E+2	0.000000E+0	6.514460E-8	0.000000E+0	0.000000E+0	0.000000E+0
2.990000E+2	1.562943E-11	9.570000E+1	0.000000E+0	2.008020E-7	0.000000E+0	0.000000E+0	0.000000E+0
2.991000E+2	3.574745E-11	1.237000E+2	0.000000E+0	1.021239E-7	0.000000E+0	0.000000E+0	0.000000E+0
2.992000E+2	1.886829E-11	1.552000E+2	0.000000E+0	1.313791E-7	0.000000E+0	0.000000E+0	0.000000E+0
2.993000E+2	1.818457E-11	1.144000E+2	0.000000E+0	1.317005E-7	0.000000E+0	0.000000E+0	0.000000E+0
2.994000E+2	2.132220E-12	1.800000E+2	0.000000E+0	6.432031E-8	0.000000E+0	0.000000E+0	0.000000E+0
2.995000E+2	1.625820E-11	1.197000E+2	0.000000E+0	1.512138E-7	0.000000E+0	0.000000E+0	0.000000E+0
2.996000E+2	-1.418068E-12	1.403000E+1	0.000000E+0	5.617277E-8	0.000000E+0	0.000000E+0	0.000000E+0
2.997000E+2	2.996018E-12	5.630000E+1	0.000000E+0	4.635324E-8	0.000000E+0	0.000000E+0	0.000000E+0
2.998000E+2	2.252633E-13	2.655000E+1	0.000000E+0	6.452728E-8	0.000000E+0	0.000000E+0	0.000000E+0
2.999000E+2	-1.616846E-11	-5.800000E+1	0.000000E+0	7.503405E-8	0.000000E+0	0.000000E+0	0.000000E+0
