0,0.005517369707
0.01999911114,0.005538244736
0.03999822229,0.005281188473
0.05999733343,0.004896555046
0.07999644458,0.004429705468
0.09999555572,0.003984950456
0.1199946669,0.003462195341
0.139993778,0.002990626671
0.1599928892,0.002921485503
0.1799920003,0.002761201499
0.1999911114,0.002482368733
0.2199902226,0.00255663867
0.2399893337,0.002705058353
0.2599884449,0.002548231832
0.279987556,0.002516660866
0.2999866672,0.002712374167
0.3199857783,0.00285867141
0.3399848895,0.002737686587
0.3599840006,0.002721521305
0.3799831117,0.002933948789
0.3999822229,0.003163546571
0.419981334,0.003257791424
0.4399804452,0.003287754796
0.4599795563,0.003481661425
0.4799786675,0.00371245302
0.4999777786,0.003889526479
0.5199768898,0.003887564444
0.5399760009,0.003992539539
0.5599751121,0.004158502705
0.5799742232,0.00451130202
0.5999733343,0.00470483416
0.6199724455,0.004687170288
0.6399715566,0.004805012928
0.6599706678,0.005000540907
0.6799697789,0.005233929089
0.6999688901,0.005423801587
0.7199680012,0.005413656471
0.7399671124,0.005567357814
0.7599662235,0.005779271687
0.7799653346,0.00595174055
0.7999644458,0.006108151261
0.8199635569,0.006194495765
0.8399626681,0.006268335501
0.8599617792,0.006332600555
0.8799608904,0.006443971098
0.8999600015,0.006524273832
0.9199591127,0.006547828146
0.9399582238,0.006438654812
0.9599573349,0.006409688132
0.9799564461,0.006428208385
0.9999555572,0.006568811718
1.019954668,0.0067022943
1.03995378,0.006809969035
1.059952891,0.006804912497
1.079952002,0.006829716978
1.099951113,0.006821499004
1.119950224,0.006893822309
1.139949335,0.006938818629
1.159948446,0.00707052263
1.179947558,0.007217740493
1.199946669,0.007333696441
1.21994578,0.007466061554
1.239944891,0.007590605584
1.259944002,0.007773755306
1.279943113,0.008023801327
1.299942224,0.008296115263
1.319941336,0.008594878461
1.339940447,0.008816277245
1.359939558,0.009074652512
1.379938669,0.009300108088
1.39993778,0.009643517283
1.419936891,0.00991333534
1.439936002,0.01017246248
1.459935114,0.01047068564
1.479934225,0.01078057972
1.499933336,0.01108299827
1.519932447,0.01133533676
1.539931558,0.01162843395
1.559930669,0.0118957812
1.57992978,0.01206993322
1.599928892,0.01233090044
1.619928003,0.01249825731
1.639927114,0.01267497597
1.659926225,0.01277201699
1.679925336,0.01282296399
1.699924447,0.01291979226
1.719923558,0.01302764648
1.73992267,0.01313879467
1.759921781,0.01322076891
1.779920892,0.01325259097
1.799920003,0.01332575245
1.819919114,0.01333497649
1.839918225,0.0133124277
1.859917336,0.01331827014
1.879916448,0.01326611905
1.899915559,0.01323059094
1.91991467,0.0132574412
1.939913781,0.0132290148
1.959912892,0.01316890413
1.979912003,0.01316658144
1.999911114,0.0130406971
2.019910226,0.01292748539
2.039909337,0.01288101785
2.059908448,0.01274402854
2.079907559,0.01263972383
2.09990667,0.0125681513
2.119905781,0.01246029497
2.139904892,0.01226656416
2.159904004,0.0120603221
2.179903115,0.01187380811
2.199902226,0.0116823371
2.219901337,0.01144928859
2.239900448,0.01121584922
2.259899559,0.01104894591
2.27989867,0.01088972589
2.299897782,0.01073215158
2.319896893,0.01056317664
2.339896004,0.01033623684
2.359895115,0.01009062224
2.379894226,0.009914119566
2.399893337,0.00965687001
2.419892449,0.009377846075
2.43989156,0.00922788344
2.459890671,0.009158780765
2.479889782,0.009064590137
2.499888893,0.008978350766
2.519888004,0.008848688875
2.539887115,0.008642917366
2.559886227,0.008427045536
2.579885338,0.008273333676
2.599884449,0.008101384867
2.61988356,0.007938719599
2.639882671,0.007846228036
2.659881782,0.007734886894
2.679880893,0.007572128483
2.699880005,0.007358027483
2.719879116,0.007101163689
2.739878227,0.006783475053
2.759877338,0.006488959197
2.779876449,0.006173575343
2.79987556,0.005810480263
2.819874671,0.005492366075
2.839873783,0.005210441992
2.859872894,0.004896147174
2.879872005,0.004538396886
2.899871116,0.004113596157
2.919870227,0.003605447794
2.939869338,0.003064660607
2.959868449,0.002538439315
2.979867561,0.001981380456
2.999866672,0.001399264044
3.019865783,0.0008443914439
3.039864894,0.0003064849053
3.059864005,-0.0002703829081
3.079863116,-0.0008649218249
3.099862227,-0.0014611839
3.119861339,-0.002138849508
3.13986045,-0.002882884928
3.159859561,-0.003625501206
3.179858672,-0.004361051618
3.199857783,-0.005094067386
3.219856894,-0.0057836684
3.239856005,-0.006443160285
3.259855117,-0.007077620167
3.279854228,-0.007736805644
3.299853339,-0.008373639693
3.31985245,-0.008977115488
3.339851561,-0.009595276374
3.359850672,-0.01015481416
3.379849783,-0.01058225892
3.399848895,-0.01093040569
3.419848006,-0.01123383631
3.439847117,-0.0114342835
3.459846228,-0.01154029372
3.479845339,-0.01157530735
3.49984445,-0.0115241866
3.519843561,-0.01135543351
3.539842673,-0.01115095577
3.559841784,-0.01089624487
3.579840895,-0.01051123083
3.599840006,-0.009992656217
3.619839117,-0.009409103868
3.639838228,-0.008755213186
3.659837339,-0.00797243071
3.679836451,-0.007070983224
3.699835562,-0.006149440836
3.719834673,-0.005161515958
3.739833784,-0.004110462352
3.759832895,-0.003032628472
3.779832006,-0.00192164524
3.799831117,-0.0007549044671
3.819830229,0.0004941320604
3.83982934,0.001775514233
3.859828451,0.003027921829
3.879827562,0.004297564312
3.899826673,0.005614916976
3.919825784,0.006909491623
3.939824896,0.008106918596
3.959824007,0.009285855563
3.979823118,0.01039999777
3.999822229,0.01144283474
4.01982134,0.01252611858
4.039820451,0.01361391271
4.059819562,0.01459768845
4.079818674,0.01549120828
4.099817785,0.01635511516
4.119816896,0.01720980454
4.139816007,0.01798235112
4.159815118,0.01862999303
4.179814229,0.01920377066
4.19981334,0.01972888347
4.219812452,0.02023645788
4.239811563,0.02069428486
4.259810674,0.02114732332
4.279809785,0.02159134077
4.299808896,0.0219101724
4.319808007,0.0221499901
4.339807118,0.02240543302
4.35980623,0.02263733478
4.379805341,0.02278681497
4.399804452,0.02290357347
4.419803563,0.02301843818
4.439802674,0.02308590116
4.459801785,0.02315066281
4.479800896,0.02321140457
4.499800008,0.02328777923
4.519799119,0.02332868085
4.53979823,0.02334452005
4.559797341,0.02335177973
4.579796452,0.02337118275
4.599795563,0.0233104196
4.619794674,0.02320148754
4.639793786,0.02315467417
4.659792897,0.02304969105
4.679792008,0.02289757179
4.699791119,0.02279347291
4.71979023,0.02277447273
4.739789341,0.02274862132
4.759788452,0.02270500871
4.779787564,0.0226754041
4.799786675,0.02265118123
4.819785786,0.02260503129
4.839784897,0.02251497765
4.859784008,0.02242852134
4.879783119,0.02233598591
4.89978223,0.0222493234
4.919781342,0.0222087991
4.939780453,0.02225355077
4.959779564,0.02237503142
4.979778675,0.02246043082
4.999777786,0.02255383898
5.019776897,0.02270251658
5.039776008,0.02287038127
5.05977512,0.02304946936
5.079774231,0.02322397947
5.099773342,0.02345098773
5.119772453,0.02371852466
5.139771564,0.02396509314
5.159770675,0.02423296482
5.179769786,0.024557424
5.199768898,0.02489225666
5.219768009,0.02521788503
5.23976712,0.0255619134
5.259766231,0.02594725256
5.279765342,0.02636053226
5.299764453,0.02674509492
5.319763564,0.0270832926
5.339762676,0.02740797271
5.359761787,0.02770293343
5.379760898,0.02794311837
5.399760009,0.02819428213
5.41975912,0.02848982028
5.439758231,0.02876717701
5.459757343,0.02899402562
5.479756454,0.02920984375
5.499755565,0.02941722315
5.519754676,0.02961839243
5.539753787,0.02978274073
5.559752898,0.02989649428
5.579752009,0.03001095567
5.599751121,0.03014921701
5.619750232,0.03026747667
5.639749343,0.03036119564
5.659748454,0.03047750252
5.679747565,0.03061772765
5.699746676,0.03077393255
5.719745787,0.03091489542
5.739744899,0.03105960005
5.75974401,0.03123236788
5.779743121,0.03141095683
5.799742232,0.03156637752
5.819741343,0.03168943371
5.839740454,0.03181340889
5.859739565,0.03194341009
5.879738677,0.03207702771
5.899737788,0.03219383509
5.919736899,0.03233313485
5.93973601,0.0324858663
5.959735121,0.03256566676
5.979734232,0.03260392872
5.999733343,0.03273123458
6.019732455,0.03285655162
6.039731566,0.03297125392
6.059730677,0.0330231268
6.079729788,0.03303013855
6.099728899,0.03299589134
6.11972801,0.03291938617
6.139727121,0.03278342138
6.159726233,0.03260159463
6.179725344,0.03237861554
6.199724455,0.0320941813
6.219723566,0.03174452296
6.239722677,0.03134197801
6.259721788,0.03091940811
6.279720899,0.03049232674
6.299720011,0.02997743062
6.319719122,0.02934954723
6.339718233,0.0286147419
6.359717344,0.02780594092
6.379716455,0.02691035205
6.399715566,0.02582830114
6.419714677,0.02469613807
6.439713789,0.02352174371
6.4597129,0.02222543975
6.479712011,0.02080907238
6.499711122,0.01935144593
6.519710233,0.01782625387
6.539709344,0.01616958353
6.559708455,0.01440901184
6.579707567,0.01252067085
6.599706678,0.01049355157
6.619705789,0.008321443991
6.6397049,0.005990965528
6.659704011,0.003471641373
6.679703122,0.0007557827058
6.699702233,-0.00210256223
6.719701345,-0.005180416568
6.739700456,-0.008481078887
6.759699567,-0.01206855947
6.779698678,-0.0158156786
6.799697789,-0.0198343092
6.8196969,-0.02411121664
6.839696011,-0.02867687871
6.859695123,-0.03352862707
6.879694234,-0.03860379684
6.899693345,-0.04391970456
6.919692456,-0.04940598397
6.939691567,-0.0551360135
6.959690678,-0.06099816977
6.97968979,-0.0668683166
6.999688901,-0.07283042046
7.019688012,-0.07874406427
7.039687123,-0.08447509402
7.059686234,-0.08993795249
7.079685345,-0.0950841133
7.099684456,-0.099834522
7.119683568,-0.1040939955
7.139682679,-0.1077540073
7.15968179,-0.1107264333
7.179680901,-0.112941979
7.199680012,-0.1143244255
7.219679123,-0.1148279873
7.239678234,-0.1143495554
7.259677346,-0.1128824406
7.279676457,-0.1104550174
7.299675568,-0.1070778787
7.319674679,-0.1027094624
7.33967379,-0.09736395441
7.359672901,-0.0911641583
7.379672012,-0.08421556308
7.399671124,-0.07659143059
7.419670235,-0.0683716204
7.439669346,-0.05964442567
7.459668457,-0.05054136925
7.479667568,-0.04126103279
7.499666679,-0.03193102621
7.51966579,-0.02264272563
7.539664902,-0.01352341717
7.559664013,-0.004761303348
7.579663124,0.003520080769
7.599662235,0.01128554317
7.619661346,0.01842433904
7.639660457,0.02480664354
7.659659568,0.03036527753
7.67965868,0.03508148929
7.699657791,0.03892609243
7.719656902,0.04194114485
7.739656013,0.04412666565
7.759655124,0.04549717416
7.779654235,0.04606267789
7.799653346,0.04589643971
7.819652458,0.04509295542
7.839651569,0.0437046131
7.85965068,0.0418174436
7.879649791,0.03954577698
7.899648902,0.0369801288
7.919648013,0.03418966761
7.939647124,0.03127550813
7.959646236,0.02829724949
7.979645347,0.02537971302
7.999644458,0.02259681209
8.019643569,0.02001446634
8.03964268,0.01770011799
8.059641791,0.01569607437
8.079640902,0.01404055336
8.099640014,0.01275755237
8.119639125,0.01187464454
8.139638236,0.01135661846
8.159637347,0.01117681325
8.179636458,0.01131734707
8.199635569,0.01174880502
8.21963468,0.01239313055
8.239633792,0.01316806982
8.259632903,0.0139930068
8.279632014,0.01479780048
8.299631125,0.01550241486
8.319630236,0.01602871502
8.339629347,0.01630305217
8.359628458,0.01624693566
8.37962757,0.01580569008
8.399626681,0.01492075482
8.419625792,0.01352692631
8.439624903,0.01157907735
8.459624014,0.009105326919
8.479623125,0.006107496274
8.499622237,0.002587352871
8.519621348,-0.001436991048
8.539620459,-0.005910363387
8.55961957,-0.0107590676
8.579618681,-0.01586365121
8.599617792,-0.02114238495
8.619616903,-0.02638148297
8.639616015,-0.03157488546
8.659615126,-0.03646385825
8.679614237,-0.04089515937
8.699613348,-0.04477014614
8.719612459,-0.0478161048
8.73961157,-0.04995192785
8.759610681,-0.05104757747
8.779609793,-0.05095926171
8.799608904,-0.0496242603
8.819608015,-0.04701269061
8.839607126,-0.04303079867
8.859606237,-0.03767833782
8.879605348,-0.03087610836
8.899604459,-0.02267995159
8.919603571,-0.01322430887
8.939602682,-0.002559306653
8.959601793,0.009241873411
8.979600904,0.02206138323
8.999600015,0.0357377461
9.019599126,0.05013849643
9.039598237,0.06513986286
9.059597349,0.0803931321
9.07959646,0.09580389429
9.099595571,0.1113130178
9.119594682,0.1267024111
9.139593793,0.1418478757
9.159592904,0.1566183037
9.179592015,0.1708802004
9.199591127,0.184443312
9.219590238,0.1973013148
9.239589349,0.2094343954
9.25958846,0.2207480896
9.279587571,0.2312192154
9.299586682,0.2408634365
9.319585793,0.2496965182
9.339584905,0.2577509766
9.359584016,0.2651152384
9.379583127,0.2717684954
9.399582238,0.2778334822
9.419581349,0.2833666581
9.43958046,0.2884027447
9.459579571,0.2929818392
9.479578683,0.2971568851
9.499577794,0.3010286293
9.519576905,0.3046519129
9.539576016,0.3080499698
9.559575127,0.3112327479
9.579574238,0.3142079944
9.599573349,0.3170085925
9.619572461,0.3196215795
9.639571572,0.3220189981
9.659570683,0.3241755153
9.679569794,0.3260926068
9.699568905,0.3277147536
9.719568016,0.3290303148
9.739567127,0.3299829797
9.759566239,0.3305101663
9.77956535,0.330579582
9.799564461,0.3301708825
9.819563572,0.329279849
9.839562683,0.3278616176
9.859561794,0.325895376
9.879560905,0.3233366639
9.899560017,0.3201790358
9.919559128,0.3164262217
9.939558239,0.312056971
9.95955735,0.3070915112
9.979556461,0.3015349035
9.999555572,0.2954214497
10.01955468,0.2887926599
10.03955379,0.2816261317
10.05955291,0.2739304247
10.07955202,0.2657466976
10.09955113,0.2571199959
10.11955024,0.2480879304
10.13954935,0.2387003522
10.15954846,0.2290038922
10.17954757,0.2189987933
10.19954668,0.2087088315
10.21954579,0.1981574078
10.23954491,0.1873483292
10.25954402,0.1762735488
10.27954313,0.1649043505
10.29954224,0.1532509884
10.31954135,0.1412607673
10.33954046,0.1288751481
10.35953957,0.1159622919
10.37953868,0.102422521
10.3995378,0.08809860637
10.41953691,0.07290892018
10.43953602,0.05670179126
10.45953513,0.03933178125
10.47953424,0.02053092365
10.49953335,0.0001617709855
10.51953246,-0.02190070276
10.53953157,-0.04588477487
10.55953068,-0.07205982315
10.5795298,-0.1006457936
10.59952891,-0.1316856869
10.61952802,-0.1654117346
10.63952713,-0.2020748978
10.65952624,-0.2420235288
10.67952535,-0.2851798406
10.69952446,-0.3318038936
10.71952357,-0.3823303952
10.73952268,-0.4367572604
10.7595218,-0.4951855134
10.77952091,-0.5576918877
10.79952002,-0.6247654743
10.81951913,-0.6964747528
10.83951824,-0.7728349424
10.85951735,-0.8538599613
10.87951646,-0.939974884
10.89951557,-1.031010957
10.91951469,-1.127159896
10.9395138,-1.227499039
10.95951291,-1.332057402
10.97951202,-1.440978426
10.99951113,-1.554559073
11.01951024,-1.672473129
11.03950935,-1.79459992
11.05950846,-1.919966537
11.07950757,-2.048734024
11.09950669,-2.180218661
11.1195058,-2.314298277
11.13950491,-2.450184114
11.15950402,-2.587172576
11.17950313,-2.728417055
11.19950224,-2.869102738
11.21950135,-3.01230486
11.23950046,-3.154366717
11.25949957,-3.290653556
11.27949869,-3.423723624
11.2994978,-3.559906011
11.31949691,-3.686809255
11.33949602,-3.810277859
11.35949513,-3.924471469
11.37949424,-4.023790771
11.39949335,-4.109586198
11.41949246,-4.188781341
11.43949157,-4.249624964
11.45949069,-4.292763553
11.4794898,-4.318822076
11.49948891,-4.328699569
11.51948802,-4.320671216
11.53948713,-4.292583054
11.55948624,-4.246033841
11.57948535,-4.179910172
11.59948446,-4.093177306
11.61948358,-3.988409088
11.63948269,-3.864093514
11.6594818,-3.720688469
11.67948091,-3.553991533
11.69948002,-3.369758627
11.71947913,-3.163023326
11.73947824,-2.936204072
11.75947735,-2.698207424
11.77947646,-2.439488348
11.79947558,-2.158713775
11.81947469,-1.889489087
11.8394738,-1.6032944
11.85947291,-1.306149475
11.87947202,-1.004426893
11.89947113,-0.6955792474
11.91947024,-0.3867315969
11.93946935,-0.08424012199
11.95946846,0.2115872949
11.97946758,0.4984210444
11.99946669,0.7900135948
12.0194658,1.06618599
12.03946491,1.324180995
12.05946402,1.575350118
12.07946313,1.82216274
12.09946224,2.050962913
12.11946135,2.269525877
12.13946046,2.483000401
12.15945958,2.676239724
12.17945869,2.847832121
12.1994578,3.002539602
12.21945691,3.144780574
12.23945602,3.269257404
12.25945513,3.379676637
12.27945424,3.478825066
12.29945335,3.56075399
12.31945247,3.629819815
12.33945158,3.687505329
12.35945069,3.733819564
12.3794498,3.768772063
12.39944891,3.794347227
12.41944802,3.809042036
12.43944713,3.813472285
12.45944624,3.808020709
12.47944535,3.792627329
12.49944447,3.768466671
12.51944358,3.733896154
12.53944269,3.690631666
12.5594418,3.637101388
12.57944091,3.575603556
12.59944002,3.508088585
12.61943913,3.434516497
12.63943824,3.35315153
12.65943735,3.266610069
12.67943647,3.175024604
12.69943558,3.079643783
12.71943469,2.983770958
12.7394338,2.886164328
12.75943291,2.786160583
12.77943202,2.685404078
12.79943113,2.585157203
12.81943024,2.487753929
12.83942935,2.395905607
12.85942847,2.307093595
12.87942758,2.220270966
12.89942669,2.1395008
12.9194258,2.061921881
12.93942491,1.990636164
12.95942402,1.926649277
12.97942313,1.866987536
12.99942224,1.813093078
13.01942136,1.764555682
13.03942047,1.719425829
13.05941958,1.679561251
13.07941869,1.64290085
13.0994178,1.609669173
13.11941691,1.57778765
13.13941602,1.547750316
13.15941513,1.518717229
13.17941424,1.488740314
13.19941336,1.457748289
13.21941247,1.425714272
13.23941158,1.390745533
13.25941069,1.353063588
13.2794098,1.312233335
13.29940891,1.267365421
13.31940802,1.217976587
13.33940713,1.164455755
13.35940624,1.106448198
13.37940536,1.044675179
13.39940447,0.9780728469
13.41940358,0.9087863739
13.43940269,0.8362134524
13.4594018,0.7605236603
13.47940091,0.6810167922
13.49940002,0.6022116891
13.51939913,0.5240825921
13.53939824,0.4461069765
13.55939736,0.3708447662
13.57939647,0.2975802746
13.59939558,0.2259865482
13.61939469,0.156996295
13.6393938,0.09165812816
13.65939291,0.03303520695
13.67939202,-0.02230360907
13.69939113,-0.07127493342
13.71939025,-0.1157898822
13.73938936,-0.1553322337
13.75938847,-0.1892684787
13.77938758,-0.2199204375
13.79938669,-0.246201662
13.8193858,-0.2690816947
13.83938491,-0.2894488323
13.85938402,-0.3069899651
13.87938313,-0.322701221
13.89938225,-0.3366072149
13.91938136,-0.34936076
13.93938047,-0.3615152346
13.95937958,-0.3736797311
13.97937869,-0.3861497782
13.9993778,-0.3990906089
14.01937691,-0.4128087393
14.03937602,-0.4275418341
14.05937513,-0.4433823698
14.07937425,-0.4604229754
14.09937336,-0.4787635578
14.11937247,-0.4985590102
14.13937158,-0.5197285239
14.15937069,-0.5423350756
14.1793698,-0.5662472286
14.19936891,-0.5914285585
14.21936802,-0.617566868
14.23936714,-0.6446927836
14.25936625,-0.672673087
14.27936536,-0.7011946731
14.29936447,-0.730388638
14.31936358,-0.7597342567
14.33936269,-0.7891774806
14.3593618,-0.8184909409
14.37936091,-0.8473812255
14.39936002,-0.8757652002
14.41935914,-0.9035103742
14.43935825,-0.930033975
14.45935736,-0.9550776232
14.47935647,-0.9784768272
14.49935558,-1.00017309
14.51935469,-1.0197387
14.5393538,-1.037067313
14.55935291,-1.051724334
14.57935202,-1.063577995
14.59935114,-1.072730956
14.61935025,-1.078600163
14.63934936,-1.081241069
14.65934847,-1.080459355
14.67934758,-1.076190684
14.69934669,-1.068359782
14.7193458,-1.057017524
14.73934491,-1.042011519
14.75934402,-1.023561473
14.77934314,-1.001811444
14.79934225,-0.9768260066
14.81934136,-0.9488845434
14.83934047,-0.9185781408
14.85933958,-0.8861166958
14.87933869,-0.851778602
14.8993378,-0.8159500218
14.91933691,-0.7791108506
14.93933603,-0.7412528664
14.95933514,-0.7031252018
14.97933425,-0.6644317743
14.99933336,-0.6261476844
15.01933247,-0.5885309089
15.03933158,-0.551453162
15.05933069,-0.5154434574
15.0793298,-0.4809963473
15.09932891,-0.4486337051
15.11932803,-0.4188622454
15.13932714,-0.3915491542
15.15932625,-0.3677050296
15.17932536,-0.3459738727
15.19932447,-0.3292539819
15.21932358,-0.3160579085
15.23932269,-0.3065944982
15.2593218,-0.3003073926
15.27932091,-0.296945251
15.29932003,-0.2961706349
15.31931914,-0.2976815636
15.33931825,-0.3013114108
15.35931736,-0.3066319997
15.37931647,-0.3133004368
15.39931558,-0.3209019628
15.41931469,-0.329015418
15.4393138,-0.3373022141
15.45931291,-0.3455221292
15.47931203,-0.3534323162
15.49931114,-0.3608049743
15.51931025,-0.3676266639
15.53930936,-0.3734424841
15.55930847,-0.3782503729
15.57930758,-0.382093108
15.59930669,-0.3849920593
15.6193058,-0.3871499704
15.63930492,-0.3887159039
15.65930403,-0.3898875872
15.67930314,-0.3909390988
15.69930225,-0.3921811718
15.71930136,-0.3939019002
15.73930047,-0.3964165412
15.75929958,-0.3999430828
15.77929869,-0.4047566399
15.7992978,-0.4110928894
15.81929692,-0.4190714686
15.83929603,-0.4288134973
15.85929514,-0.4403640548
15.87929425,-0.4537049013
15.89929336,-0.4688337966
15.91929247,-0.4855370803
15.93929158,-0.5034816294
15.95929069,-0.5224142838
15.9792898,-0.5421091747
15.99928892,-0.5621620694
16.01928803,-0.5822236421
16.03928714,-0.6017250068
16.05928625,-0.6202554784
16.07928536,-0.6373557254
16.09928447,-0.6525797352
16.11928358,-0.6654558723
16.13928269,-0.6755331366
16.1592818,-0.6825525801
16.17928092,-0.6861109557
16.19928003,-0.6857860303
16.21927914,-0.6813554636
16.23927825,-0.6726390195
16.25927736,-0.6597343138
16.27927647,-0.6426683217
16.29927558,-0.6215311346
16.31927469,-0.5965503831
16.33927381,-0.5679695356
16.35927292,-0.5362887399
16.37927203,-0.5018308133
16.39927114,-0.4648446256
16.41927025,-0.4256584343
16.43926936,-0.3846951345
16.45926847,-0.3424903486
16.47926758,-0.2994312813
16.49926669,-0.25569136
16.51926581,-0.2117785821
16.53926492,-0.1681384384
16.55926403,-0.1252422069
16.57926314,-0.08338268282
16.59926225,-0.04276328938
16.61926136,-0.003544444907
16.63926047,0.03412289722
16.65925958,0.07012767053
16.67925869,0.1043736295
16.69925781,0.1369355174
16.71925692,0.1676352314
16.73925603,0.1965710164
16.75925514,0.2238045281
16.77925425,0.2494400009
16.79925336,0.2736151957
16.81925247,0.2964219298
16.83925158,0.3178778316
16.8592507,0.3381428865
16.87924981,0.3572911491
16.89924892,0.375396725
16.91924803,0.3925297838
16.93924714,0.40859653
16.95924625,0.4236270534
16.97924536,0.4375910368
16.99924447,0.4503980152
17.01924358,0.4619484004
17.0392427,0.4721726875
17.05924181,0.4809359969
17.07924092,0.4879998551
17.09924003,0.4931665576
17.11923914,0.4963087504
17.13923825,0.4972500209
17.15923736,0.4958199106
17.17923647,0.4918959794
17.19923558,0.4853224131
17.2192347,0.4759984768
17.23923381,0.4639098612
17.25923292,0.4490454372
17.27923203,0.4314571046
17.29923114,0.4113028691
17.31923025,0.3887582201
17.33922936,0.3640272601
17.35922847,0.3373997972
17.37922758,0.3092780117
17.3992267,0.2799656217
17.41922581,0.249835056
17.43922492,0.2192966996
17.45922403,0.1887795723
17.47922314,0.1587155038
17.49922225,0.1295077867
17.51922136,0.1015814665
17.53922047,0.07527379155
17.55921959,0.05093628822
17.5792187,0.02882758347
17.59921781,0.009220678865
17.61921692,-0.007601749693
17.63921603,-0.02153880357
17.65921514,-0.03254546996
17.67921425,-0.04049844363
17.69921336,-0.04556266297
17.71921247,-0.04788592969
17.73921159,-0.04758220151
17.7592107,-0.04496774162
17.77920981,-0.04033357873
17.79920892,-0.03396829528
17.81920803,-0.02627021664
17.83920714,-0.01756071717
17.85920625,-0.008143314073
17.87920536,0.001590026732
17.89920447,0.01137152797
17.91920359,0.02089470501
17.9392027,0.02992936956
17.95920181,0.03823485165
17.97920092,0.04559488566
17.99920003,0.05190260159
18.01919914,0.05710257197
18.03919825,0.06108952562
18.05919736,0.06381676172
18.07919647,0.06527396137
18.09919559,0.06545931894
18.1191947,0.06451229259
18.13919381,0.06252034054
18.15919292,0.05958535007
18.17919203,0.05588664855
18.19919114,0.05158577417
18.21919025,0.04682922065
18.23918936,0.04180105685
18.25918848,0.0366913085
18.27918759,0.03161319505
18.2991867,0.02673021492
18.31918581,0.02206519737
18.33918492,0.0176681751
18.35918403,0.0136366462
18.37918314,0.009977384409
18.39918225,0.006717239512
18.41918136,0.003863649397
18.43918048,0.001399655985
18.45917959,-0.0007048502244
18.4791787,-0.002481871739
18.49917781,-0.003904086513
18.51917692,-0.005009847017
18.53917603,-0.005859883653
18.55917514,-0.00651840479
18.57917425,-0.007060217638
18.59917336,-0.007570310309
18.61917248,-0.008164831781
18.63917159,-0.008986663083
18.6591707,-0.01014747567
18.67916981,-0.01176855818
18.69916892,-0.01397416896
18.71916803,-0.0168983976
18.73916714,-0.02064441481
18.75916625,-0.02523241689
18.77916536,-0.03070845813
18.79916448,-0.03711588069
18.81916359,-0.04448638726
18.8391627,-0.05284504523
18.85916181,-0.0621829829
18.87916092,-0.07246336863
18.89916003,-0.08365739595
18.91915914,-0.09570330701
18.93915825,-0.108596195
18.95915737,-0.1222385874
18.97915648,-0.1364923605
18.99915559,-0.1511832353
19.0191547,-0.1661437845
19.03915381,-0.1812195288
19.05915292,-0.1962827856
19.07915203,-0.2110808252
19.09915114,-0.2254129996
19.11915025,-0.2390544363
19.13914937,-0.2518292423
19.15914848,-0.2635908209
19.17914759,-0.2741683972
19.1991467,-0.2834399487
19.21914581,-0.2913344171
19.23914492,-0.2978185178
19.25914403,-0.3028045444
19.27914314,-0.3063268059
19.29914225,-0.3084335909
19.31914137,-0.309177966
19.33914048,-0.3086530966
19.35913959,-0.3069006972
19.3791387,-0.3040337975
19.39913781,-0.3001563085
19.41913692,-0.295371304
19.43913603,-0.2898005742
19.45913514,-0.2835589618
19.47913425,-0.2767717254
19.49913337,-0.2695503253
19.51913248,-0.2619662185
19.53913159,-0.2541059649
19.5591307,-0.2460610272
19.57912981,-0.2379021803
19.59912892,-0.2296667426
19.61912803,-0.2213522154
19.63912714,-0.2129868759
19.65912626,-0.2045278001
19.67912537,-0.1959529473
19.69912448,-0.1872400546
19.71912359,-0.1783368461
19.7391227,-0.1692328736
19.75912181,-0.1599311022
19.77912092,-0.1504261368
19.79912003,-0.1407079525
19.81911914,-0.1307859073
19.83911826,-0.12070372
19.85911737,-0.1105588898
19.87911648,-0.1003786253
19.89911559,-0.09021027818
19.9191147,-0.08004208118
19.93911381,-0.06996122509
19.95911292,-0.06007945532
19.97911203,-0.05044722728
19.99911114,-0.04109742956
20.01911026,-0.03204890636
20.03910937,-0.02332279971
20.05910848,-0.01499659037
20.07910759,-0.007054885774
20.0991067,0.0004697530877
20.11910581,0.007572601123
20.13910492,0.01427092387
20.15910403,0.02058690804
20.17910315,0.02659206602
20.19910226,0.03234125175
20.21910137,0.03789584013
20.23910048,0.04330549173
20.25909959,0.04863976911
20.2790987,0.05399860439
20.29909781,0.05946718289
20.31909692,0.06513753206
20.33909603,0.07107964132
20.35909515,0.07733666975
20.37909426,0.08394811792
20.39909337,0.09099094019
20.41909248,0.09848182009
20.43909159,0.1064525577
20.4590907,0.1148816924
20.47908981,0.1236768155
20.49908892,0.1327901389
20.51908803,0.1421563827
20.53908715,0.1517186474
20.55908626,0.1613584879
20.57908537,0.1709540291
20.59908448,0.1803219503
20.61908359,0.1893292934
20.6390827,0.19781358
20.65908181,0.2056173297
20.67908092,0.2125459381
20.69908003,0.2184179176
20.71907915,0.2230377752
20.73907826,0.2261259858
20.75907737,0.2274931054
20.77907648,0.227001081
20.79907559,0.2244600141
20.8190747,0.219819707
20.83907381,0.2129775571
20.85907292,0.2038304598
20.87907204,0.1923991672
20.89907115,0.1787163995
20.91907026,0.1629045704
20.93906937,0.14511067
20.95906848,0.1254749436
20.97906759,0.1041877975
20.9990667,0.0815251895
21.01906581,0.05774503209
21.03906492,0.03317295231
21.05906404,0.008090410177
21.07906315,-0.01723415255
21.09906226,-0.04246286112
21.11906137,-0.06724698434
21.13906048,-0.0912773628
21.15905959,-0.1143334776
21.1790587,-0.1360987934
21.19905781,-0.1563211018
21.21905692,-0.1747228081
21.23905604,-0.1911530553
21.25905515,-0.2055051748
21.27905426,-0.2176677115
21.29905337,-0.227503909
21.31905248,-0.2349864708
21.33905159,-0.2400772111
21.3590507,-0.2428300579
21.37904981,-0.2433124158
21.39904892,-0.2416103058
21.41904804,-0.237866101
21.43904715,-0.2321549517
21.45904626,-0.2245750731
21.47904537,-0.2153240641
21.49904448,-0.2045107536
21.51904359,-0.1923465857
21.5390427,-0.1790065669
21.55904181,-0.1646155199
21.57904093,-0.1493004889
21.59904004,-0.1332193853
21.61903915,-0.1165144482
21.63903826,-0.09942426116
21.65903737,-0.08209756837
21.67903648,-0.06466286099
21.69903559,-0.04724015065
21.7190347,-0.02990755991
21.73903381,-0.01281919358
21.75903293,0.003894746161
21.77903204,0.02014169437
21.79903115,0.035837915
21.81903026,0.05094936252
21.83902937,0.06544544805
21.85902848,0.07930193834
21.87902759,0.09246785608
21.8990267,0.1048623432
21.91902581,0.1164443456
21.93902493,0.1271957296
21.95902404,0.1371245298
21.97902315,0.1462418511
21.99902226,0.1545151447
22.01902137,0.1619568823
22.03902048,0.1685946468
22.05901959,0.1744560122
22.0790187,0.1795676304
22.09901781,0.1839668456
22.11901693,0.1876748536
22.13901604,0.190728919
22.15901515,0.1931647625
22.17901426,0.1950074988
22.19901337,0.1963120781
22.21901248,0.1971184653
22.23901159,0.1974746408
22.2590107,0.1973735457
22.27900982,0.1968442626
22.29900893,0.1958852375
22.31900804,0.1945367943
22.33900715,0.1928074254
22.35900626,0.1907351222
22.37900537,0.1883103239
22.39900448,0.1855519386
22.41900359,0.1824493487
22.4390027,0.1790036522
22.45900182,0.1752147495
22.47900093,0.1711029837
22.49900004,0.1666462374
22.51899915,0.161845878
22.53899826,0.1567059768
22.55899737,0.1511933286
22.57899648,0.1452965274
22.59899559,0.1389731139
22.6189947,0.1322320138
22.63899382,0.1250216434
22.65899293,0.1172953911
22.67899204,0.1089925865
22.69899115,0.1000561345
22.71899026,0.09042950941
22.73898937,0.08009152638
22.75898848,0.06901492558
22.77898759,0.05716422387
22.7989867,0.04451994924
22.81898582,0.03105704689
22.83898493,0.016819668
22.85898404,0.001798949611
22.87898315,-0.01392898276
22.89898226,-0.03030778241
22.91898137,-0.04722644959
22.93898048,-0.06456914149
22.95897959,-0.08221180365
22.97897871,-0.09997631086
22.99897782,-0.1177197744
23.01897693,-0.1352689097
23.03897604,-0.1524568964
23.05897515,-0.1690247729
23.07897426,-0.1847769548
23.09897337,-0.1994171837
23.11897248,-0.2127550881
23.13897159,-0.2245187221
23.15897071,-0.2343602907
23.17896982,-0.2421096419
23.19896893,-0.2475823673
23.21896804,-0.2505580159
23.23896715,-0.2510209444
23.25896626,-0.248813993
23.27896537,-0.243971279
23.29896448,-0.2364779005
23.31896359,-0.2263731917
23.33896271,-0.2137710953
23.35896182,-0.1987407831
23.37896093,-0.1815111616
23.39896004,-0.1623143215
23.41895915,-0.1414100951
23.43895826,-0.1190007744
23.45895737,-0.09537081246
23.47895648,-0.07089330205
23.4989556,-0.04602748833
23.51895471,-0.02106897824
23.53895382,0.00356636561
23.55895293,0.02756066614
23.57895204,0.05047969933
23.59895115,0.07193189603
23.61895026,0.09167724985
23.63894937,0.1094272948
23.65894848,0.1248976945
23.6789476,0.1378878065
23.69894671,0.1483446227
23.71894582,0.1561678807
23.73894493,0.1613141078
23.75894404,0.1638126713
23.77894315,0.1637023175
23.79894226,0.1611448352
23.81894137,0.1562825169
23.83894048,0.1492871773
23.8589396,0.1404020063
23.87893871,0.1298616484
23.89893782,0.1179654413
23.91893693,0.1050610043
23.93893604,0.09149519906
23.95893515,0.07763334368
23.97893426,0.06379132626
23.99893337,0.05028123502
24.01893248,0.03740641684
24.0389316,0.02541906091
24.05893071,0.01454160479
24.07892982,0.004956045711
24.09892893,-0.003180549688
24.11892804,-0.009735944779
24.13892715,-0.01465897088
24.15892626,-0.01794183613
24.17892537,-0.0196161963
24.19892449,-0.01975676273
24.2189236,-0.01846392778
24.23892271,-0.01589427159
24.25892182,-0.01226607777
24.27892093,-0.00780607402
24.29892004,-0.00272694363
24.31891915,0.002706994796
24.33891826,0.008260514262
24.35891737,0.0136708372
24.37891649,0.01871799868
24.3989156,0.02320602898
24.41891471,0.02694237409
24.43891382,0.02976536155
24.45891293,0.03154471132
24.47891204,0.03216460974
24.49891115,0.03154592305
24.51891026,0.0296082096
24.53890937,0.02633549623
24.55890849,0.02172680785
24.5789076,0.01585825726
24.59890671,0.00885007155
24.61890582,0.0007887276513
24.63890493,-0.008208836308
24.65890404,-0.01798305678
24.67890315,-0.02837742389
24.69890226,-0.03918895613
24.71890137,-0.05023913106
24.73890049,-0.06133612155
24.7588996,-0.07231190818
24.77889871,-0.08296934761
24.79889782,-0.09318743785
24.81889693,-0.102841971
24.83889604,-0.1118412061
24.85889515,-0.1200763616
24.87889426,-0.1274455103
24.89889338,-0.1338561706
24.91889249,-0.1392565826
24.9388916,-0.1436116177
24.95889071,-0.1468555038
24.97888982,-0.1489893739
24.99888893,-0.1500078783
25.01888804,-0.1499531633
25.03888715,-0.1488619146
25.05888626,-0.1467892256
25.07888538,-0.1438031996
25.09888449,-0.1399835903
25.1188836,-0.1353807864
25.13888271,-0.1300987138
25.15888182,-0.12421506
25.17888093,-0.1177874843
25.19888004,-0.1109034
25.21887915,-0.1036625357
25.23887826,-0.09611931146
25.25887738,-0.08834908317
25.27887649,-0.08037412116
25.2988756,-0.07228253191
25.31887471,-0.06416735981
25.33887382,-0.0561379953
25.35887293,-0.04826098918
25.37887204,-0.040594817
25.39887115,-0.0332272448
25.41887026,-0.02623743092
25.43886938,-0.01972555494
25.45886849,-0.01376462855
25.4788676,-0.008385409214
25.49886671,-0.003621300618
25.51886582,0.0005136167253
25.53886493,0.004023801907
25.55886404,0.006931600717
25.57886315,0.009255515833
25.59886227,0.0110352185
25.61886138,0.0123349724
25.63886049,0.01324448915
25.6588596,0.01384595661
25.67885871,0.0142446124
25.69885782,0.01456445313
25.71885693,0.01492639489
25.73885604,0.01545421283
25.75885515,0.01628165913
25.77885427,0.01753949127
25.79885338,0.0193117562
25.81885249,0.02169130629
25.8388516,0.02471341239
25.85885071,0.02841997804
25.87884982,0.03281404871
25.89884893,0.03788687655
25.91884804,0.04358917941
25.93884715,0.0498405343
25.95884627,0.05649202939
25.97884538,0.06341154114
25.99884449,0.07048493342
26.0188436,0.07757040906
26.03884271,0.08450623388
26.05884182,0.09114350635
26.07884093,0.09732516208
26.09884004,0.102869115
26.11883916,0.1076395538
26.13883827,0.1115153332
26.15883738,0.1143712017
26.17883649,0.116103293
26.1988356,0.1165926745
26.21883471,0.1157278704
26.23883382,0.1134640049
26.25883293,0.1097413247
26.27883204,0.1045966946
26.29883116,0.09807125775
26.31883027,0.09018461952
26.33882938,0.08100611979
26.35882849,0.07058607325
26.3788276,0.05903761788
26.39882671,0.04649540454
26.41882582,0.03308172168
26.43882493,0.01887797873
26.45882404,0.003989987056
26.47882316,-0.0114979369
26.49882227,-0.02741089728
26.51882138,-0.04362943716
26.53882049,-0.06004536022
26.5588196,-0.07648648816
26.57881871,-0.09283553885
26.59881782,-0.1089274578
26.61881693,-0.1246226322
26.63881604,-0.1397682477
26.65881516,-0.1541891445
26.67881427,-0.16773165
26.69881338,-0.1801905151
26.71881249,-0.1914195058
26.7388116,-0.2012834874
26.75881071,-0.2096116227
26.77880982,-0.2163390785
26.79880893,-0.2213424867
26.81880805,-0.2244830816
26.83880716,-0.225782743
26.85880627,-0.2251543695
26.87880538,-0.2226655556
26.89880449,-0.2183503203
26.9188036,-0.2122732342
26.93880271,-0.2045420792
26.95880182,-0.1952951553
26.97880093,-0.1846601316
26.99880005,-0.1728832903
27.01879916,-0.1601925883
27.03879827,-0.1468274192
27.05879738,-0.1329578356
27.07879649,-0.1187452725
27.0987956,-0.1044314009
27.11879471,-0.09024409535
27.13879382,-0.07638483503
27.15879293,-0.06300696236
27.17879205,-0.05024154814
27.19879116,-0.03823272776
27.21879027,-0.02705686879
27.23878938,-0.01677414435
27.25878849,-0.007434960692
27.2787876,0.0008953859463
27.29878671,0.008245098842
27.31878582,0.01467118878
27.33878493,0.02028390474
27.35878405,0.02517601374
27.37878316,0.02946260106
27.39878227,0.03323776781
27.41878138,0.03662925309
27.43878049,0.0397712545
27.4587796,0.04281338496
27.47877871,0.04589119949
27.49877782,0.04908808209
27.51877694,0.05248452345
27.53877605,0.05613081767
27.55877516,0.06005576111
27.57877427,0.06428545914
27.59877338,0.06882743992
27.61877249,0.07365832133
27.6387716,0.07873096472
27.65877071,0.08393220257
27.67876982,0.08916821817
27.69876894,0.09433787216
27.71876805,0.09939133117
27.73876716,0.1042510523
27.75876627,0.108804736
27.77876538,0.1129243079
27.79876449,0.1164786016
27.8187636,0.1193396242
27.83876271,0.1214293429
27.85876182,0.1226292929
27.87876094,0.122848605
27.89876005,0.1219672086
27.91875916,0.1198758083
27.93875827,0.1165101003
27.95875738,0.1118150056
27.97875649,0.1057547152
27.9987556,0.09831793766
28.01875471,0.08952620446
28.03875382,0.07937793201
28.05875294,0.06792491494
28.07875205,0.05523920669
28.09875116,0.04141079914
28.11875027,0.02658326796
28.13874938,0.01084616209
28.15874849,-0.005666843121
28.1787476,-0.02283821377
28.19874671,-0.04047954962
28.21874583,-0.05842384816
28.23874494,-0.07648860089
28.25874405,-0.09445604985
28.27874316,-0.112147553
28.29874227,-0.1293325253
28.31874138,-0.1458080309
28.33874049,-0.161346066
28.3587396,-0.1756946688
28.37873871,-0.1886462253
28.39873783,-0.2000468535
28.41873694,-0.2096991462
28.43873605,-0.2175176034
28.45873516,-0.2234049953
28.47873427,-0.2272642647
28.49873338,-0.2290800055
28.51873249,-0.2288115067
28.5387316,-0.2265130444
28.55873071,-0.222270558
28.57872983,-0.2161929368
28.59872894,-0.2084567699
28.61872805,-0.1992183161
28.63872716,-0.1886160182
28.65872627,-0.1769478968
28.67872538,-0.1644746582
28.69872449,-0.1514052128
28.7187236,-0.1380260931
28.73872271,-0.1245981126
28.75872183,-0.1113207385
28.77872094,-0.09843342288
28.79872005,-0.0860833745
28.81871916,-0.07445726755
28.83871827,-0.0636618931
28.85871738,-0.05374586176
28.87871649,-0.04473281725
28.8987156,-0.03661546366
28.91871472,-0.02937399578
28.93871383,-0.02296001853
28.95871294,-0.01730080068
28.97871205,-0.01234442245
28.99871116,-0.007973052885
29.01871027,-0.004079582451
29.03870938,-0.0005153912062
29.05870849,0.002791630779
29.0787076,0.005938303636
29.09870672,0.008983248056
29.11870583,0.0120007535
29.13870494,0.01505390982
29.15870405,0.01815519931
29.17870316,0.02131876769
29.19870227,0.02447904037
29.21870138,0.02761081641
29.23870049,0.03067336773
29.2586996,0.03364441049
29.27869872,0.03649552234
29.29869783,0.03917656543
29.31869694,0.04162755016
29.33869605,0.0437910832
29.35869516,0.04560405952
29.37869427,0.04702593316
29.39869338,0.0480577201
29.41869249,0.04869250619
29.43869161,0.04895014226
29.45869072,0.04881425041
29.47868983,0.04829314073
29.49868894,0.04741181178
29.51868805,0.04622839231
29.53868716,0.0448411748
29.55868627,0.04332397054
29.57868538,0.04178271415
29.59868449,0.04028055994
29.61868361,0.03890569863
29.63868272,0.03773874689
29.65868183,0.03683455057
29.67868094,0.03623685082
29.69868005,0.0359493289
29.71867916,0.03594308801
29.73867827,0.03617600987
29.75867738,0.036569821
29.77867649,0.0370506169
29.79867561,0.03754314215
29.81867472,0.03797232872
29.83867383,0.03824018808
29.85867294,0.0382509324
29.87867205,0.03792655557
29.89867116,0.03719645202
29.91867027,0.03600513747
29.93866938,0.0343422065
29.95866849,0.03216204954
29.97866761,0.02942610257
29.99866672,0.02610317581
30.01866583,0.02218486672
30.03866494,0.0176952685
30.05866405,0.01267898915
30.07866316,0.007161540077
30.09866227,0.001179548262
30.11866138,-0.00520459395
30.1386605,-0.0118890262
30.15865961,-0.01879118946
30.17865872,-0.02580876928
30.19865783,-0.03284428279
30.21865694,-0.03978740947
30.23865605,-0.04657833483
30.25865516,-0.05313893292
30.27865427,-0.05941706525
30.29865338,-0.06534355235
30.3186525,-0.07085694246
30.33865161,-0.07591250308
30.35865072,-0.08052016028
30.37864983,-0.08465219677
30.39864894,-0.08832979549
30.41864805,-0.09153968942
30.43864716,-0.09429763098
30.45864627,-0.09661146187
30.47864538,-0.09851825424
30.4986445,-0.1000314306
30.51864361,-0.1011936931
30.53864272,-0.1020013538
30.55864183,-0.1024746828
30.57864094,-0.1026007875
30.59864005,-0.1024089473
30.61863916,-0.1018972882
30.63863827,-0.1010893893
30.65863738,-0.09999204403
30.6786365,-0.09861043607
30.69863561,-0.09691901645
30.71863472,-0.09491911679
30.73863383,-0.09262915817
30.75863294,-0.09007497662
30.77863205,-0.08726724375
30.79863116,-0.08421292388
30.81863027,-0.08087664155
30.83862939,-0.07725969445
30.8586285,-0.07334219695
30.87862761,-0.06912276419
30.89862672,-0.06462608342
30.91862583,-0.05985185621
30.93862494,-0.0547655816
30.95862405,-0.04930252778
30.97862316,-0.04345186741
30.99862227,-0.0372462938
31.01862139,-0.03068363257
31.0386205,-0.02378509951
31.05861961,-0.01656353764
31.07861872,-0.009048047026
31.09861783,-0.001307070469
31.11861694,0.006598531019
31.13861605,0.01461911615
31.15861516,0.02267045236
31.17861427,0.03069116655
31.19861339,0.03861382121
31.2186125,0.0463851781
31.23861161,0.05395277592
31.25861072,0.06122558746
31.27860983,0.06809645538
31.29860894,0.07448758878
31.31860805,0.0803262619
31.33860716,0.08555231634
31.35860627,0.09007668703
31.37860539,0.09383263774
31.3986045,0.09680082232
31.41860361,0.09895652742
31.43860272,0.1002875369
31.45860183,0.1008571427
31.47860094,0.1006652864
31.49860005,0.09974591645
31.51859916,0.09815007317
31.53859828,0.0959431852
31.55859739,0.09319036323
31.5785965,0.08998563071
31.59859561,0.08634634961
31.61859472,0.08231318301
31.63859383,0.07792707402
31.65859294,0.07321759703
31.67859205,0.06824504614
31.69859116,0.06308092358
31.71859028,0.05777021128
31.73858939,0.05234379925
31.7585885,0.04677973838
31.77858761,0.0410830384
31.79858672,0.03525584684
31.81858583,0.02928748183
31.83858494,0.02315548231
31.85858405,0.01682365801
31.87858316,0.01024313977
31.89858228,0.003390850152
31.91858139,-0.003747859192
31.9385805,-0.01111946334
31.95857961,-0.01871673967
31.97857872,-0.02649886136
31.99857783,-0.03441452086
32.01857694,-0.04243448523
32.03857605,-0.05049198165
32.05857517,-0.05852281011
32.07857428,-0.06644881912
32.09857339,-0.07418908193
32.1185725,-0.08170212415
32.13857161,-0.08891375161
32.15857072,-0.09579975833
32.17856983,-0.1023374944
32.19856894,-0.1084519608
32.21856805,-0.1140677174
32.23856717,-0.1191711258
32.25856628,-0.1237092984
32.27856539,-0.1276594011
32.2985645,-0.1309798913
32.31856361,-0.1336037648
32.33856272,-0.1355060573
32.35856183,-0.1366808422
32.37856094,-0.1371096727
32.39856005,-0.1368200569
32.41855917,-0.1358349119
32.43855828,-0.1341250278
32.45855739,-0.1316968955
32.4785565,-0.128605408
32.49855561,-0.124819007
32.51855472,-0.1203691519
32.53855383,-0.1152598499
32.55855294,-0.1094814615
32.57855205,-0.103006139
32.59855117,-0.09581230181
32.61855028,-0.08785550588
32.63854939,-0.07922875344
32.6585485,-0.0699666183
32.67854761,-0.06005961896
32.69854672,-0.04951104134
32.71854583,-0.03834479003
32.73854494,-0.02663082682
32.75854406,-0.01445367554
32.77854317,-0.001869027026
32.79854228,0.01102740071
32.81854139,0.02410514251
32.8385405,0.03723794475
32.85853961,0.05031275166
32.87853872,0.06312131205
32.89853783,0.07551698986
32.91853694,0.08725162417
32.93853606,0.09821924192
32.95853517,0.1083061178
32.97853428,0.1173214274
32.99853339,0.12514199
33.0185325,0.1316461118
33.03853161,0.136691665
33.05853072,0.1402146011
33.07852983,0.1422228156
33.09852894,0.1426545215
33.11852806,0.1415072544
33.13852717,0.1388255972
33.15852628,0.1346228064
33.17852539,0.1289806629
33.1985245,0.122031797
33.21852361,0.1138886908
33.23852272,0.1047150589
33.25852183,0.09468269645
33.27852094,0.08391726384
33.29852006,0.07261870276
33.31851917,0.06096518394
33.33851828,0.04913329733
33.35851739,0.03731331536
33.3785165,0.02565010844
33.39851561,0.01426713608
33.41851472,0.0033568273
33.43851383,-0.006974235876
33.45851295,-0.0166174885
33.47851206,-0.02549486934
33.49851117,-0.03358578778
33.51851028,-0.04085072848
33.53850939,-0.04727175451
33.5585085,-0.05287938717
33.57850761,-0.05772938072
33.59850672,-0.06180863456
33.61850583,-0.06521149875
33.63850495,-0.0679979954
33.65850406,-0.07024693078
33.67850317,-0.07203145739
33.69850228,-0.07340779606
33.71850139,-0.07440333796
33.7385005,-0.075070401
33.75849961,-0.07549212523
33.77849872,-0.07573531388
33.79849783,-0.07583789886
33.81849695,-0.07581910981
33.83849606,-0.07567878452
33.85849517,-0.07547137751
33.87849428,-0.07518981566
33.89849339,-0.07484222945
33.9184925,-0.07438392464
33.93849161,-0.0737816959
33.95849072,-0.07298847137
33.97848983,-0.07195561612
33.99848895,-0.07066801707
34.01848806,-0.0691286932
34.03848717,-0.06730533243
34.05848628,-0.06519241155
34.07848539,-0.0627721673
34.0984845,-0.06004052615
34.11848361,-0.05703095272
34.13848272,-0.05379255271
34.15848184,-0.05033216078
34.17848095,-0.04666072611
34.19848006,-0.04279180601
34.21847917,-0.03873531711
34.23847828,-0.03451500142
34.25847739,-0.03020191203
34.2784765,-0.02582679589
34.29847561,-0.02141931869
34.31847472,-0.0169827707
34.33847384,-0.01255780186
34.35847295,-0.008211657656
34.37847206,-0.003971735822
34.39847117,0.0001388780345
34.41847028,0.004063084818
34.43846939,0.007818881793
34.4584685,0.01140786355
34.47846761,0.014863262
34.49846672,0.01816944388
34.51846584,0.02138810997
34.53846495,0.02453920002
34.55846406,0.0276781037
34.57846317,0.03084130578
34.59846228,0.03409486934
34.61846139,0.03746928735
34.6384605,0.04096493572
34.65845961,0.04461884091
34.67845872,0.04845990491
34.69845784,0.05249666123
34.71845695,0.05670786668
34.73845606,0.06106150197
34.75845517,0.0655306198
34.77845428,0.07008246802
34.79845339,0.07468595348
34.8184525,0.0792997116
34.83845161,0.08384394651
34.85845073,0.08824849413
34.87844984,0.09245355006
34.89844895,0.09640313617
34.91844806,0.1000225437
34.93844717,0.1032327582
34.95844628,0.1059701481
34.97844539,0.1081456606
34.9984445,0.1096936883
35.01844361,0.110587091
35.03844273,0.1108140043
35.05844184,0.11033684
35.07844095,0.1091600082
35.09844006,0.1073029102
35.11843917,0.1047716092
35.13843828,0.1016093479
35.15843739,0.0979240942
35.1784365,0.0937974943
35.19843561,0.08929965027
35.21843473,0.08451420801
35.23843384,0.07953162594
35.25843295,0.07445069518
35.27843206,0.06941016911
35.29843117,0.06449447797
35.31843028,0.05981655705
35.33842939,0.05543264723
35.3584285,0.05139931642
35.37842762,0.04774723615
35.39842673,0.0445454464
35.41842584,0.04180013355
35.43842495,0.03952903526
35.45842406,0.03769429916
35.47842317,0.03625839818
35.49842228,0.03517753113
35.51842139,0.03438871745
35.5384205,0.03382344733
35.55841962,0.03341068828
35.57841873,0.03308565062
35.59841784,0.03275715913
35.61841695,0.03237427675
35.63841606,0.03190145298
35.65841517,0.03130306081
35.67841428,0.03050481403
35.69841339,0.02945242604
35.7184125,0.0281125804
35.73841162,0.02648596051
35.75841073,0.02459127347
35.77840984,0.02241594893
35.79840895,0.01993108721
35.81840806,0.01716398539
35.83840717,0.01415222966
35.85840628,0.01093994822
35.87840539,0.007583351123
35.8984045,0.004132901468
35.91840362,0.0006619880993
35.93840273,-0.002810215303
35.95840184,-0.006195676534
35.97840095,-0.009445379489
35.99840006,-0.01247305621
36.01839917,-0.01523006196
36.03839828,-0.01769798623
36.05839739,-0.01987088573
36.07839651,-0.02171531864
36.09839562,-0.02320935849
36.11839473,-0.02433707228
36.13839384,-0.02510245898
36.15839295,-0.02551042109
36.17839206,-0.02556123321
36.19839117,-0.02524103218
36.21839028,-0.02450602016
36.23838939,-0.02334232204
36.25838851,-0.02170343291
36.27838762,-0.01958815097
36.29838673,-0.01700615825
36.31838584,-0.01394638121
36.33838495,-0.01037371305
36.35838406,-0.006260531209
36.37838317,-0.001628458732
36.39838228,0.003485275707
36.41838139,0.009083395334
36.43838051,0.01513881857
36.45837962,0.02167753122
36.47837873,0.02867164881
36.49837784,0.03604057324
36.51837695,0.04372611207
36.53837606,0.05168420913
36.55837517,0.05984811675
36.57837428,0.06817573509
36.59837339,0.07659964088
36.61837251,0.08502302924
36.63837162,0.09329849302
36.65837073,0.101348592
36.67836984,0.1090480359
36.69836895,0.1162933687
36.71836806,0.1229482651
36.73836717,0.1289345542
36.75836628,0.1341418218
36.7783654,0.1385250827
36.79836451,0.1421004936
36.81836362,0.1448363389
36.83836273,0.1467170298
36.85836184,0.1477286075
36.87836095,0.147917582
36.89836006,0.1473107351
36.91835917,0.1459700011
36.93835828,0.1439424524
36.9583574,0.1412666282
36.97835651,0.1379729337
36.99835562,0.1341222194
37.01835473,0.1297721456
37.03835384,0.1249725462
37.05835295,0.1197957299
37.07835206,0.1142909749
37.09835117,0.1085219055
37.11835028,0.1025363903
37.1383494,0.0963980011
37.15834851,0.09014608204
37.17834762,0.08380891268
37.19834673,0.07737424423
37.21834584,0.07082914973
37.23834495,0.06417586266
37.25834406,0.05742330977
37.27834317,0.05059635606
37.29834228,0.04363909458
37.3183414,0.03650695559
37.33834051,0.02919032778
37.35833962,0.0217178666
37.37833873,0.0141153204
37.39833784,0.006403591266
37.41833695,-0.001378779617
37.43833606,-0.009172389437
37.45833517,-0.01691744122
37.47833429,-0.02453908363
37.4983334,-0.03199419376
37.51833251,-0.03921931138
37.53833162,-0.04615081427
37.55833073,-0.05273101016
37.57832984,-0.05887382999
37.59832895,-0.06452878789
37.61832806,-0.06962396104
37.63832717,-0.0740878903
37.65832629,-0.07786580189
37.6783254,-0.08090905616
37.69832451,-0.08317752551
37.71832362,-0.08460699487
37.73832273,-0.08512116925
37.75832184,-0.08469493935
37.77832095,-0.08333542871
37.79832006,-0.0810404998
37.81831917,-0.07777000035
37.83831829,-0.07353057815
37.8583174,-0.06837286914
37.87831651,-0.06235340202
37.89831562,-0.05553447016
37.91831473,-0.04794959471
37.93831384,-0.03966366452
37.95831295,-0.03070803812
37.97831206,-0.02122256246
37.99831117,-0.01131229358
38.01831029,-0.001126437832
38.0383094,0.009211035647
38.05830851,0.01967815389
38.07830762,0.03019065986
38.09830673,0.04059783618
38.11830584,0.05073307736
38.13830495,0.06053188344
38.15830406,0.07001542417
38.17830318,0.07906283758
38.19830229,0.08753154696
38.2183014,0.09536998825
38.23830051,0.1025838882
38.25829962,0.1091322834
38.27829873,0.1149756262
38.29829784,0.120114866
38.31829695,0.124534819
38.33829606,0.1282008892
38.35829518,0.1311008522
38.37829429,0.1332964527
38.3982934,0.134835543
38.41829251,0.1357558995
38.43829162,0.1360790461
38.45829073,0.135855034
38.47828984,0.1351543788
38.49828895,0.1340457609
38.51828806,0.1325334671
38.53828718,0.1306200875
38.55828629,0.1283420331
38.5782854,0.1257158991
38.59828451,0.1227715919
38.61828362,0.1195327798
38.63828273,0.1159679185
38.65828184,0.1120898919
38.67828095,0.1078676468
38.69828007,0.1032827388
38.71827918,0.09835961511
38.73827829,0.09312733584
38.7582774,0.0875711876
38.77827651,0.08165771883
38.79827562,0.07544964466
38.81827473,0.0689971285
38.83827384,0.06233151471
38.85827295,0.0554956176
38.87827207,0.04854828893
38.89827118,0.04155926267
38.91827029,0.03461508668
38.9382694,0.02775425024
38.95826851,0.02104685846
38.97826762,0.01453836662
38.99826673,0.008303085056
39.01826584,0.00238997533
39.03826495,-0.003174292949
39.05826407,-0.008344046393
39.07826318,-0.01312562864
39.09826229,-0.0175114957
39.1182614,-0.02150063394
39.13826051,-0.02507986818
39.15825962,-0.02825847217
39.17825873,-0.03106069779
39.19825784,-0.03355407006
39.21825695,-0.03580184177
39.23825607,-0.03782928054
39.25825518,-0.03965782204
39.27825429,-0.04130705833
39.2982534,-0.04280872486
39.31825251,-0.04417423545
39.33825162,-0.04543063386
39.35825073,-0.04659428803
39.37824984,-0.04765148893
39.39824896,-0.04858692109
39.41824807,-0.0494038147
39.43824718,-0.05008167742
39.45824629,-0.05058303445
39.4782454,-0.05087883796
39.49824451,-0.05094642895
39.51824362,-0.05076536472
39.53824273,-0.0503035985
39.55824184,-0.04955568739
39.57824096,-0.04848495123
39.59824007,-0.04704934292
39.61823918,-0.04521716095
39.63823829,-0.04298919415
39.6582374,-0.04039086257
39.67823651,-0.03743542391
39.69823562,-0.03410783638
39.71823473,-0.0304603403
39.73823384,-0.02657870665
39.75823296,-0.02249756735
39.77823207,-0.01826747918
39.79823118,-0.01396908877
39.81823029,-0.009657735231
39.8382294,-0.005419675898
39.85822851,-0.001331546663
39.87822762,0.002532103428
39.89822673,0.006135623861
39.91822584,0.009470661354
39.93822496,0.01249896189
39.95822407,0.01516247372
39.97822318,0.01742159181
39.99822229,0.01933730893
40.0182214,0.02091761391
40.03822051,0.02214809861
40.05821962,0.02304339028
40.07821873,0.02364250134
40.09821785,0.02399626679
40.11821696,0.02412901003
40.13821607,0.02409946109
40.15821518,0.02393264475
40.17821429,0.02366970307
40.1982134,0.02338073617
40.21821251,0.02314731451
40.23821162,0.02304093112
40.25821073,0.02311270848
40.27820985,0.02335780685
40.29820896,0.02378755945
40.31820807,0.02445612175
40.33820718,0.02536906234
40.35820629,0.02647955945
40.3782054,0.02772077367
40.39820451,0.02904940975
40.41820362,0.0304399468
40.43820273,0.03182896665
40.45820185,0.03307980652
40.47820096,0.03415195839
40.49820007,0.0349769898
40.51819918,0.03556042207
40.53819829,0.0358761549
40.5581974,0.03588084982
40.57819651,0.0355110459
40.59819562,0.0347190099
40.61819473,0.03350134574
40.63819385,0.03187168435
40.65819296,0.02979570888
40.67819207,0.02723543985
40.69819118,0.0242038929
40.71819029,0.02076293524
40.7381894,0.01697040072
40.75818851,0.01283403596
40.77818762,0.008410062915
40.79818674,0.003781828684
40.81818585,-0.0009549729971
40.83818496,-0.005708815409
40.85818407,-0.01043922565
40.87818318,-0.01510704834
40.89818229,-0.01963680709
40.9181814,-0.02402622909
40.93818051,-0.02822174898
40.95817962,-0.03221453
40.97817874,-0.03602521193
40.99817785,-0.03964661359
41.01817696,-0.04307134446
41.03817607,-0.04629498902
41.05817518,-0.04934516007
41.07817429,-0.05225832351
41.0981734,-0.05505434232
41.11817251,-0.05775255615
41.13817162,-0.06033936132
41.15817074,-0.0628247792
41.17816985,-0.06526905776
41.19816896,-0.06768971911
41.21816807,-0.07007913709
41.23816718,-0.07245971911
41.25816629,-0.07483815834
41.2781654,-0.07726642069
41.29816451,-0.0797378522
41.31816363,-0.08221842523
41.33816274,-0.08468494343
41.35816185,-0.08710870909
41.37816096,-0.08948115357
41.39816007,-0.09181738698
41.41815918,-0.09405812366
41.43815829,-0.09614199687
41.4581574,-0.09806522529
41.47815651,-0.09987319781
41.49815563,-0.1015473909
41.51815474,-0.1030422554
41.53815385,-0.1043259076
41.55815296,-0.1053992967
41.57815207,-0.1062744456
41.59815118,-0.1069479009
41.61815029,-0.1073550131
41.6381494,-0.1074498838
41.65814851,-0.1071995791
41.67814763,-0.1066297845
41.69814674,-0.1056482692
41.71814585,-0.1042013895
41.73814496,-0.1022185118
41.75814407,-0.09970559541
41.77814318,-0.09663625474
41.79814229,-0.09291997165
41.8181414,-0.08850937142
41.83814051,-0.08340049611
41.85813963,-0.07758094137
41.87813874,-0.07103338699
41.89813785,-0.06373983763
41.91813696,-0.05567383372
41.93813607,-0.04690070902
41.95813518,-0.03748655431
41.97813429,-0.02748664471
41.9981334,-0.01693320822
42.01813252,-0.005897012617
42.03813163,0.005499064052
42.05813074,0.01707320532
42.07812985,0.02870470888
42.09812896,0.04023555887
42.11812807,0.05153969973
42.13812718,0.06242692281
42.15812629,0.07270156216
42.1781254,0.08219298105
42.19812452,0.09079374641
42.21812363,0.09836716061
42.23812274,0.1047588366
42.25812185,0.1098128802
42.27812096,0.1134907281
42.29812007,0.1157490533
42.31811918,0.116531051
42.33811829,0.1157588575
42.3581174,0.1134190251
42.37811652,0.1096178249
42.39811563,0.1044667909
42.41811474,0.09803048333
42.43811385,0.09034818769
42.45811296,0.0815074385
42.47811207,0.07172967859
42.49811118,0.06119120591
42.51811029,0.0499920163
42.5381094,0.038278892
42.55810852,0.02626400479
42.57810763,0.01415738359
42.59810674,0.002042112194
42.61810585,-0.009872710803
42.63810496,-0.02136914429
42.65810407,-0.03227607843
42.67810318,-0.04245293058
42.69810229,-0.05177889892
42.71810141,-0.06015822416
42.73810052,-0.06750421134
42.75809963,-0.07368098988
42.77809874,-0.07861627629
42.79809785,-0.08231311346
42.81809696,-0.0848043509
42.83809607,-0.08608726828
42.85809518,-0.0861609843
42.87809429,-0.0851011902
42.89809341,-0.0829663941
42.91809252,-0.07979715838
42.93809163,-0.07561233256
42.95809074,-0.07053138753
42.97808985,-0.06468770584
42.99808896,-0.05819912462
43.01808807,-0.05117173799
43.03808718,-0.04368387756
43.05808629,-0.03581808027
43.07808541,-0.02780774816
43.09808452,-0.01979540147
43.11808363,-0.01182580494
43.13808274,-0.004023694279
43.15808185,0.003477236112
43.17808096,0.01056381286
43.19808007,0.01721615048
43.21807918,0.02342586462
43.23807829,0.02908249056
43.25807741,0.0341763754
43.27807652,0.03867195957
43.29807563,0.04257397478
43.31807474,0.04592989483
43.33807385,0.04872687299
43.35807296,0.05097945017
43.37807207,0.05275756754
43.39807118,0.05415493901
43.4180703,0.0552432336
43.43806941,0.05610147595
43.45806852,0.056842856
43.47806763,0.05760248596
43.49806674,0.05851118739
43.51806585,0.05963039124
43.53806496,0.06102581563
43.55806407,0.06280081179
43.57806318,0.06507672205
43.5980623,0.06783828689
43.61806141,0.07109491007
43.63806052,0.07491974915
43.65805963,0.07934920924
43.67805874,0.08432115864
43.69805785,0.08982882257
43.71805696,0.09582678702
43.73805607,0.1022524414
43.75805518,0.1089781031
43.7780543,0.1158823153
43.79805341,0.1227871551
43.81805252,0.1295616395
43.83805163,0.1360711012
43.85805074,0.1421245957
43.87804985,0.147486633
43.89804896,0.1520286216
43.91804807,0.1556227282
43.93804718,0.1581226628
43.9580463,0.1593970417
43.97804541,0.1593516711
43.99804452,0.1579709392
44.01804363,0.1552088837
44.03804274,0.1510072925
44.05804185,0.1453185759
44.07804096,0.1382233553
44.09804007,0.129804319
44.11803919,0.1201115743
44.1380383,0.1093100705
44.15803741,0.09757698658
44.17803652,0.08497822498
44.19803563,0.07162533425
44.21803474,0.05777856107
44.23803385,0.04359433433
44.25803296,0.02927848508
44.27803207,0.01508317311
44.29803119,0.001215718901
44.3180303,-0.01224283724
44.33802941,-0.02511640654
44.35802852,-0.03726076344
44.37802763,-0.04856645214
44.39802674,-0.05891489105
44.41802585,-0.06819245441
44.43802496,-0.07638158641
44.45802407,-0.08341721348
44.47802319,-0.08922032746
44.4980223,-0.09368122595
44.51802141,-0.09678271031
44.53802052,-0.09859263291
44.55801963,-0.09919935858
44.57801874,-0.09858262021
44.59801785,-0.09674797514
44.61801696,-0.09379858361
44.63801608,-0.08979791578
44.65801519,-0.0848115649
44.6780143,-0.07900156543
44.69801341,-0.07242751195
44.71801252,-0.06516797836
44.73801163,-0.05733707325
44.75801074,-0.04914977805
44.77800985,-0.04071536872
44.79800896,-0.03223203538
44.81800808,-0.02383661941
44.83800719,-0.01571245467
44.8580063,-0.008098582627
44.87800541,-0.001126986757
44.89800452,0.005107174364
44.91800363,0.01041950978
44.93800274,0.01476309604
44.95800185,0.01809868795
44.97800096,0.0204343877
44.99800008,0.02175514066
45.01799919,0.02202449086
45.0379983,0.02132566522
45.05799741,0.01977152065
45.07799652,0.01749108175
45.09799563,0.01461480373
45.11799474,0.01126146795
45.13799385,0.00769445082
45.15799296,0.004097634673
45.17799208,0.0006310302885
45.19799119,-0.002481585286
45.2179903,-0.005013227453
45.23798941,-0.006780385284
45.25798852,-0.007618089184
45.27798763,-0.007416552143
45.29798674,-0.006065884901
45.31798585,-0.003536573462
45.33798497,0.0001809415573
45.35798408,0.005169324082
45.37798319,0.01136188156
45.3979823,0.01863240361
45.41798141,0.02690207896
45.43798052,0.03600539988
45.45797963,0.04575830418
45.47797874,0.05593518752
45.49797785,0.06630365779
45.51797697,0.07669417373
45.53797608,0.08688702439
45.55797519,0.09661373405
45.5779743,0.1057755685
45.59797341,0.1142257515
45.61797252,0.1217933194
45.63797163,0.1282743319
45.65797074,0.133708126
45.67796985,0.1380665235
45.69796897,0.1411891784
45.71796808,0.1430961388
45.73796719,0.1438713964
45.7579663,0.1435025167
45.77796541,0.141995995
45.79796452,0.1395198921
45.81796363,0.1362444228
45.83796274,0.1322046017
45.85796185,0.1275355558
45.87796097,0.1224735316
45.89796008,0.1170717278
45.91795919,0.1114233373
45.9379583,0.1056693849
45.95795741,0.09990220646
45.97795652,0.09413864744
45.99795563,0.08851826756
46.01795474,0.08313292636
46.03795386,0.07800525649
46.05795297,0.07314061035
46.07795208,0.06858600455
46.09795119,0.06442484465
46.1179503,0.06063452242
46.13794941,0.05720270532
46.15794852,0.05414490168
46.17794763,0.05140887366
46.19794674,0.04887841218
46.21794586,0.0465544416
46.23794497,0.04444916564
46.25794408,0.04245757012
46.27794319,0.04054156169
46.2979423,0.03870756913
46.31794141,0.03689820066
46.33794052,0.03502004934
46.35793963,0.03306828657
46.37793874,0.03105346701
46.39793786,0.02891733904
46.41793697,0.02658152066
46.43793608,0.02408856842
46.45793519,0.02138584842
46.4779343,0.01839589553
46.49793341,0.01512183591
46.51793252,0.01156960387
46.53793163,0.007651500633
46.55793074,0.003374672074
46.57792986,-0.001202108786
46.59792897,-0.006130655261
46.61792808,-0.01141441764
46.63792719,-0.01692927898
46.6579263,-0.02264465836
46.67792541,-0.02851203083
46.69792452,-0.03438267991
46.71792363,-0.04020271846
46.73792275,-0.0459173119
46.75792186,-0.05145309821
46.77792097,-0.0565617394
46.79792008,-0.06121489908
46.81791919,-0.06527066168
46.8379183,-0.06854883846
46.85791741,-0.07096150804
46.87791652,-0.07237163753
46.89791563,-0.07269622283
46.91791475,-0.07186437398
46.93791386,-0.06981426011
46.95791297,-0.06652742417
46.97791208,-0.06202515547
46.99791119,-0.05632420075
47.0179103,-0.04938291137
47.03790941,-0.04136347465
47.05790852,-0.0324417436
47.07790763,-0.02273270978
47.09790675,-0.01239712461
47.11790586,-0.001709941355
47.13790497,0.009165845782
47.15790408,0.02000069921
47.17790319,0.03049191316
47.1979023,0.04051755577
47.21790141,0.04983511947
47.23790052,0.05807442012
47.25789964,0.06522781127
47.27789875,0.07104034026
47.29789786,0.07532644311
47.31789697,0.07806461132
47.33789608,0.07917193013
47.35789519,0.07854030185
47.3778943,0.07624701988
47.39789341,0.0723255275
47.41789252,0.06687259403
47.43789164,0.06002692959
47.45789075,0.05187091342
47.47788986,0.04256555618
47.49788897,0.03230127764
47.51788808,0.02130766353
47.53788719,0.009781822456
47.5578863,-0.002101081095
47.57788541,-0.01421961976
47.59788452,-0.02637339344
47.61788364,-0.03827630628
47.63788275,-0.04989140619
47.65788186,-0.06098045613
47.67788097,-0.0714065559
47.69788008,-0.0811638313
47.71787919,-0.09017200484
47.7378783,-0.09842486995
47.75787741,-0.1059271194
47.77787652,-0.1126568219
47.79787564,-0.1186177912
47.81787475,-0.1239248682
47.83787386,-0.1286816772
47.85787297,-0.1329826706
47.87787208,-0.136855774
47.89787119,-0.1404140749
47.9178703,-0.1437249477
47.93786941,-0.1468155683
47.95786853,-0.1498154202
47.97786764,-0.1527076196
47.99786675,-0.1555632723
48.01786586,-0.1584541987
48.03786497,-0.1613286371
48.05786408,-0.1642511828
48.07786319,-0.1671298916
48.0978623,-0.1700257236
48.11786141,-0.1728348905
48.13786053,-0.1755448289
48.15785964,-0.1782645207
48.17785875,-0.1808053691
48.19785786,-0.1831643121
48.21785697,-0.1851922974
48.23785608,-0.186881848
48.25785519,-0.1881679838
48.2778543,-0.1890659882
48.29785341,-0.1895651671
48.31785253,-0.1895881901
48.33785164,-0.1891393987
48.35785075,-0.1880595459
48.37784986,-0.1862845887
48.39784897,-0.183764436
48.41784808,-0.1804521099
48.43784719,-0.1762340152
48.4578463,-0.1710765206
48.47784541,-0.1649624659
48.49784453,-0.1578796583
48.51784364,-0.149819487
48.53784275,-0.1407777515
48.55784186,-0.13071184
48.57784097,-0.1197215863
48.59784008,-0.1077860784
48.61783919,-0.09530084468
48.6378383,-0.08203770448
48.65783742,-0.06812531308
48.67783653,-0.05376106087
48.69783564,-0.03916400516
48.71783475,-0.02434080139
48.73783386,-0.009581903858
48.75783297,0.005087304256
48.77783208,0.01951486383
48.79783119,0.03309424128
48.8178303,0.04573986114
48.83782942,0.0573797494
48.85782853,0.06788077237
48.87782764,0.07709814372
48.89782675,0.08490015973
48.91782586,0.09123551285
48.93782497,0.09611653219
48.95782408,0.09957145148
48.97782319,0.1016718891
48.9978223,0.1023793962
49.01782142,0.101936617
49.03782053,0.1004407099
49.05781964,0.09800883733
49.07781875,0.09482389833
49.09781786,0.09090944784
49.11781697,0.08661317096
49.13781608,0.08194614706
49.15781519,0.07726918947
49.1778143,0.07274655593
49.19781342,0.06830465912
49.21781253,0.06414672753
49.23781164,0.06029062469
49.25781075,0.05693998324
49.27780986,0.05416729264
49.29780897,0.05179306473
49.31780808,0.05011220234
49.33780719,0.04891792012
49.35780631,0.04831029071
49.37780542,0.0479384399
49.39780453,0.04790713671
49.41780364,0.04807234198
49.43780275,0.04839062489
49.45780186,0.04861218235
49.47780097,0.0488058784
49.49780008,0.04887229398
49.51779919,0.04866962857
49.53779831,0.04805129207
49.55779742,0.04719908472
49.57779653,0.04608902301
49.59779564,0.04477999517
49.61779475,0.04303636011
49.63779386,0.04109882954
49.65779297,0.03889161369
49.67779208,0.03616940876
49.69779119,0.03337115655
49.71779031,0.03026334679
49.73778942,0.02675454659
49.75778853,0.02339917252
49.77778764,0.01986133499
49.79778675,0.01629969328
49.81778586,0.01295404613
49.83778497,0.009410036537
49.85778408,0.006115925567
49.87778319,0.00278485893
49.89778231,0.0004163228663
49.91778142,-0.0003164685367
49.93778053,0.0008532645937
49.95777964,0.002778279851
49.97777875,0.004844972259
