0,0.004508866251
0.02001486901,0.00474211811
0.04002973802,0.004791189678
0.06004460703,0.00494431262
0.08005947604,0.005035907362
0.100074345,0.005044218673
0.1200892141,0.005103815306
0.1401040831,0.004978020956
0.1601189521,0.004989451968
0.1801338211,0.004944934176
0.2001486901,0.004886238841
0.2201635591,0.004895325609
0.2401784281,0.00471610784
0.2601932971,0.004675636476
0.2802081661,0.004690074303
0.3002230351,0.004640911517
0.3202379042,0.004518577017
0.3402527732,0.004484400945
0.3602676422,0.004580406786
0.3802825112,0.004537586514
0.4002973802,0.004524717467
0.4203122492,0.004676688768
0.4403271182,0.00486332029
0.4603419872,0.004834906915
0.4803568562,0.004802412729
0.5003717252,0.004881322833
0.5203865943,0.005008096238
0.5404014633,0.005126632522
0.5604163323,0.005123890461
0.5804312013,0.005220705615
0.6004460703,0.005406965351
0.6204609393,0.005590992677
0.6404758083,0.005685213981
0.6604906773,0.005754814481
0.6805055463,0.005922080499
0.7005204153,0.006055577004
0.7205352844,0.006234294625
0.7405501534,0.00627925962
0.7605650224,0.006365823222
0.7805798914,0.00655114452
0.8005947604,0.006782616625
0.8206096294,0.006974178616
0.8406244984,0.007087009071
0.8606393674,0.007133296422
0.8806542364,0.007244505015
0.9006691054,0.007468554663
0.9206839744,0.007586882316
0.9406988435,0.007769118742
0.9607137125,0.007833345273
0.9807285815,0.007954434013
1.00074345,0.008092750788
1.020758319,0.008316438658
1.040773189,0.008487532547
1.060788058,0.008674434738
1.080802927,0.008802781691
1.100817796,0.008956191364
1.120832665,0.009125825963
1.140847534,0.009416184289
1.160862403,0.009653887623
1.180877272,0.009923289368
1.200892141,0.01006254693
1.22090701,0.01021606744
1.240921879,0.01046099296
1.260936748,0.01074476827
1.280951617,0.01107607679
1.300966486,0.01131094631
1.320981355,0.01157544935
1.340996224,0.01178769696
1.361011093,0.01206597687
1.381025962,0.01231238191
1.401040831,0.01260840863
1.4210557,0.0128662727
1.441070569,0.01308923408
1.461085438,0.01333566685
1.481100307,0.01351642516
1.501115176,0.0137638481
1.521130045,0.01397510681
1.541144914,0.01420810783
1.561159783,0.01450574732
1.581174652,0.01470188639
1.601189521,0.01494043485
1.62120439,0.01511010291
1.641219259,0.01530066077
1.661234128,0.01551383474
1.681248997,0.01567507987
1.701263866,0.01594467921
1.721278735,0.01613313619
1.741293604,0.01626504009
1.761308473,0.01638642234
1.781323342,0.01646340484
1.801338211,0.01662329965
1.82135308,0.01673046625
1.841367949,0.01683370388
1.861382818,0.01694619649
1.881397687,0.01697251758
1.901412556,0.01700550439
1.921427425,0.01701434607
1.941442294,0.01698286535
1.961457163,0.01701109064
1.981472032,0.01705701044
2.001486901,0.01710997855
2.02150177,0.01711249781
2.041516639,0.0170670141
2.061531508,0.01709288418
2.081546377,0.01708237765
2.101561246,0.0170219964
2.121576115,0.01697863089
2.141590984,0.01694495631
2.161605853,0.01688281539
2.181620722,0.01679184096
2.201635591,0.01669817226
2.22165046,0.01661094443
2.241665329,0.01655799118
2.261680198,0.01647744272
2.281695067,0.01634013742
2.301709936,0.01623270327
2.321724805,0.01612332913
2.341739674,0.01603290729
2.361754543,0.01590417881
2.381769412,0.01575517538
2.401784281,0.01563266537
2.42179915,0.01550867643
2.441814019,0.01532812418
2.461828888,0.01512631629
2.481843757,0.01491724941
2.501858626,0.01474039618
2.521873495,0.01458241669
2.541888364,0.01440117544
2.561903233,0.01418638287
2.581918102,0.01397185746
2.601932971,0.0137908026
2.62194784,0.01358246821
2.641962709,0.01330796133
2.661977578,0.01301372083
2.681992447,0.01275078552
2.702007316,0.01251376121
2.722022185,0.01223608673
2.742037054,0.01188594313
2.762051923,0.01156376715
2.782066792,0.01126307619
2.802081661,0.01096269296
2.82209653,0.01059509907
2.842111399,0.01020983942
2.862126268,0.009806566135
2.882141137,0.009380766464
2.902156006,0.008950164953
2.922170875,0.008462400699
2.942185744,0.007949678636
2.962200613,0.007431306735
2.982215482,0.006891632698
3.002230351,0.00633955821
3.02224522,0.005780469957
3.042260089,0.005185614707
3.062274958,0.004552847145
3.082289827,0.0039047153
3.102304697,0.003247921996
3.122319566,0.002554412707
3.142334435,0.001837303502
3.162349304,0.001099219792
3.182364173,0.000337313141
3.202379042,-0.0004417450165
3.222393911,-0.001215773633
3.24240878,-0.001977970555
3.262423649,-0.002740245334
3.282438518,-0.003496154057
3.302453387,-0.004253710295
3.322468256,-0.004994909559
3.342483125,-0.005707876973
3.362497994,-0.006357376064
3.382512863,-0.006925269802
3.402527732,-0.007442721872
3.422542601,-0.007931768059
3.44255747,-0.00836327428
3.462572339,-0.008678654359
3.482587208,-0.00893611968
3.502602077,-0.009142503533
3.522616946,-0.009241184644
3.542631815,-0.009219294468
3.562646684,-0.009120397098
3.582661553,-0.00890588744
3.602676422,-0.008586162783
3.622691291,-0.008157227443
3.64270616,-0.007626673815
3.662721029,-0.006976348083
3.682735898,-0.006237708292
3.702750767,-0.005428086937
3.722765636,-0.004556385294
3.742780505,-0.00362104915
3.762795374,-0.002617947514
3.782810243,-0.001517574556
3.802825112,-0.000357622179
3.822839981,0.0008522779806
3.84285485,0.002101692971
3.862869719,0.003348064735
3.882884588,0.004606984605
3.902899457,0.005903678797
3.922914326,0.007209224023
3.942929195,0.008469275698
3.962944064,0.009676168817
3.982958933,0.01087397092
4.002973802,0.01208269972
4.022988671,0.01326000446
4.04300354,0.01437053261
4.063018409,0.01543644963
4.083033278,0.01641642296
4.103048147,0.01732714774
4.123063016,0.01819448816
4.143077885,0.01898448985
4.163092754,0.01971482571
4.183107623,0.02039988225
4.203122492,0.02102934025
4.223137361,0.02164794085
4.24315223,0.02218627738
4.263167099,0.02262177196
4.283181968,0.02299912139
4.303196837,0.02335954614
4.323211706,0.02366434364
4.343226575,0.02394047411
4.363241444,0.02419617833
4.383256313,0.02443123375
4.403271182,0.02462097935
4.423286051,0.02474364557
4.44330092,0.02483402383
4.463315789,0.02491017397
4.483330658,0.02494349363
4.503345527,0.0249380048
4.523360396,0.02493852379
4.543375265,0.02493090051
4.563390134,0.0249044929
4.583405003,0.02488015325
4.603419872,0.02486383676
4.623434741,0.02480927946
4.64344961,0.02471959706
4.663464479,0.02464296938
4.683479348,0.02459577407
4.703494217,0.02455683373
4.723509086,0.02451475793
4.743523955,0.02443817708
4.763538824,0.02435154472
4.783553693,0.02428652053
4.803568562,0.02423058041
4.823583431,0.02416017543
4.8435983,0.02409794088
4.863613169,0.02404720165
4.883628038,0.02403475034
4.903642907,0.02401763275
4.923657776,0.02401066927
4.943672645,0.02404802071
4.963687514,0.02408432801
4.983702383,0.02413378709
5.003717252,0.0242070272
5.023732121,0.02427073395
5.04374699,0.02434565657
5.063761859,0.02446669079
5.083776728,0.02463438732
5.103791597,0.02481642565
5.123806466,0.02504785301
5.143821335,0.02527401573
5.163836205,0.02552667741
5.183851074,0.02581530658
5.203865943,0.02610809089
5.223880812,0.02645011628
5.243895681,0.0267868566
5.26391055,0.02711885557
5.283925419,0.02746003826
5.303940288,0.02779415673
5.323955157,0.0281400151
5.343970026,0.02846585167
5.363984895,0.0287978011
5.383999764,0.02913120427
5.404014633,0.02943772583
5.424029502,0.02972942955
5.444044371,0.03001167804
5.46405924,0.03030306807
5.484074109,0.03055851098
5.504088978,0.03075950733
5.524103847,0.03093418781
5.544118716,0.03110235668
5.564133585,0.03128234515
5.584148454,0.0314420351
5.604163323,0.03157190917
5.624178192,0.03168712498
5.644193061,0.031767948
5.66420793,0.03182737895
5.684222799,0.03188560331
5.704237668,0.03195637049
5.724252537,0.03201654117
5.744267406,0.03202219932
5.764282275,0.0320492984
5.784297144,0.03207744889
5.804312013,0.03208678587
5.824326882,0.03212434182
5.844341751,0.03220019876
5.86435662,0.03230632647
5.884371489,0.03241994467
5.904386358,0.03253786146
5.924401227,0.03265253154
5.944416096,0.03275269636
5.964430965,0.03285124712
5.984445834,0.03294052522
6.004460703,0.03301183943
6.024475572,0.03308132325
6.044490441,0.03315585749
6.06450531,0.03323218068
6.084520179,0.03329854487
6.104535048,0.03335725388
6.124549917,0.03341082835
6.144564786,0.03343840996
6.164579655,0.03342654773
6.184594524,0.03335019495
6.204609393,0.03321686198
6.224624262,0.03306223464
6.244639131,0.03284611419
6.264654,0.03257305471
6.284668869,0.03226249439
6.304683738,0.03188412223
6.324698607,0.03146017397
6.344713476,0.03097393676
6.364728345,0.03042571769
6.384743214,0.02983995246
6.404758083,0.02917066599
6.424772952,0.02839623662
6.444787821,0.02752114758
6.46480269,0.02656639711
6.484817559,0.02553600491
6.504832428,0.02442972825
6.524847297,0.02322395348
6.544862166,0.0219199698
6.564877035,0.02051765294
6.584891904,0.01900788065
6.604906773,0.01739897603
6.624921642,0.01568328382
6.644936511,0.01386002611
6.66495138,0.01191757821
6.684966249,0.009826991285
6.704981118,0.007533143139
6.724995987,0.005008658487
6.745010856,0.002322306749
6.765025725,-0.0005500159904
6.785040594,-0.003652887155
6.805055463,-0.006987057089
6.825070332,-0.01057533875
6.845085201,-0.01442402324
6.86510007,-0.01853763118
6.885114939,-0.02290193294
6.905129808,-0.02751858418
6.925144677,-0.03238060475
6.945159546,-0.03749300752
6.965174415,-0.04290889389
6.985189284,-0.04856095038
7.005204153,-0.05440136033
7.025219022,-0.06036999429
7.045233891,-0.06639955847
7.06524876,-0.07242720625
7.085263629,-0.07839956788
7.105278498,-0.08422363145
7.125293367,-0.08982212278
7.145308236,-0.09512972601
7.165323105,-0.1000025262
7.185337974,-0.1043447848
7.205352844,-0.1080848845
7.225367713,-0.1111238293
7.245382582,-0.1134079694
7.265397451,-0.114878203
7.28541232,-0.1154419962
7.305427189,-0.1150342267
7.325442058,-0.1136502969
7.345456927,-0.1112835263
7.365471796,-0.1079125043
7.385486665,-0.1035734291
7.405501534,-0.09834334343
7.425516403,-0.09227190778
7.445531272,-0.08538279722
7.465546141,-0.07776328629
7.48556101,-0.06957162102
7.505575879,-0.06090050879
7.525590748,-0.05186138164
7.545605617,-0.04264139155
7.565620486,-0.0333528955
7.585635355,-0.02408996872
7.605650224,-0.01501409637
7.625665093,-0.006334866676
7.645679962,0.001943910278
7.665694831,0.009694939072
7.6857097,0.0167828154
7.705724569,0.02314273693
7.725739438,0.0286986038
7.745754307,0.0334183518
7.765769176,0.03728345297
7.785784045,0.04028337202
7.805798914,0.04240131914
7.825813783,0.04365975068
7.845828652,0.04411307057
7.865843521,0.04384044028
7.88585839,0.04290112697
7.905873259,0.04136677672
7.925888128,0.03933433611
7.945902997,0.03694050118
7.965917866,0.03424378264
7.985932735,0.0313203858
8.005947604,0.02828684436
8.025962473,0.02524658386
8.045977342,0.02227494017
8.065992211,0.01946088713
8.08600708,0.01687840906
8.106021949,0.0145585353
8.126036818,0.0125430158
8.146051687,0.01087987648
8.166066556,0.009565386934
8.186081425,0.00861851083
8.206096294,0.008044207376
8.226111163,0.007843120003
8.246126032,0.007961245375
8.266140901,0.008328663032
8.28615577,0.0088942478
8.306170639,0.009617899085
8.326185508,0.010427858
8.346200377,0.01120227937
8.366215246,0.01195554557
8.386230115,0.01257858604
8.406244984,0.01295475475
8.426259853,0.01305163845
8.446274722,0.01279194669
8.466289591,0.01211610031
8.48630446,0.01100723421
8.506319329,0.009462465193
8.526334198,0.0075310051
8.546349067,0.00518135839
8.566363936,0.002402122573
8.586378805,-0.0007872379779
8.606393674,-0.004282779842
8.626408543,-0.008052055315
8.646423412,-0.01194271435
8.666438281,-0.01604302485
8.68645315,-0.02011955545
8.706468019,-0.02427528173
8.726482888,-0.02830546553
8.746497757,-0.03220498683
8.766512626,-0.03575956701
8.786527495,-0.03896632833
8.806542364,-0.0418356603
8.826557233,-0.04430088354
8.846572102,-0.04622125891
8.866586971,-0.04725845694
8.88660184,-0.04756541113
8.906616709,-0.04687817656
8.926631578,-0.04506040362
8.946646447,-0.04207952347
8.966661316,-0.03783680087
8.986676185,-0.03230666887
9.006691054,-0.02560135868
9.026705923,-0.01721787635
9.046720792,-0.007898396662
9.066735661,0.002646480324
9.08675053,0.01469905702
9.106765399,0.02752398414
9.126780268,0.04108447742
9.146795137,0.05568576205
9.166810006,0.07077688394
9.186824875,0.08634470603
9.206839744,0.1028591151
9.226854613,0.1189760998
9.246869482,0.1341068684
9.266884352,0.1496115257
9.286899221,0.1647337588
9.30691409,0.1791817341
9.326928959,0.1925453711
9.346943828,0.2058795109
9.366958697,0.2178688287
9.386973566,0.2288012599
9.406988435,0.238997612
9.427003304,0.2485673769
9.447018173,0.2572824432
9.467033042,0.2652383152
9.487047911,0.2719976317
9.50706278,0.2783020469
9.527077649,0.2839797764
9.547092518,0.2892807825
9.567107387,0.2940458839
9.587122256,0.2982220325
9.607137125,0.3021590961
9.627151994,0.3058620966
9.647166863,0.3091601965
9.667181732,0.3122467286
9.687196601,0.3148760793
9.70721147,0.3173268279
9.727226339,0.3194066751
9.747241208,0.3212639555
9.767256077,0.3228022888
9.787270946,0.3240329777
9.807285815,0.3248262371
9.827300684,0.3252301158
9.847315553,0.3252395927
9.867330422,0.3247804008
9.887345291,0.323760468
9.90736016,0.3222476179
9.927375029,0.3202009591
9.947389898,0.3175839806
9.967404767,0.3144329425
9.987419636,0.3108213777
10.0074345,0.3064794459
10.02744937,0.3014805615
10.04746424,0.2958983957
10.06747911,0.2897222761
10.08749398,0.2831282468
10.10750885,0.2759312838
10.12752372,0.26828876
10.14753859,0.2603915363
10.16755346,0.2518199576
10.18756833,0.2428780613
10.20758319,0.2333893328
10.22759806,0.2235015316
10.24761293,0.2131631787
10.2676278,0.2027928436
10.28764267,0.191615651
10.30765754,0.1803761842
10.32767241,0.1693132811
10.34768728,0.1572812699
10.36770215,0.1453757535
10.38771702,0.1323093208
10.40773189,0.1191814253
10.42774675,0.1049598221
10.44776162,0.0903302675
10.46777649,0.07471493679
10.48779136,0.05765857567
10.50780623,0.03958439271
10.5278211,0.01981401647
10.54783597,-0.001387791848
10.56785084,-0.02414790743
10.58786571,-0.04908265206
10.60788058,-0.07615665509
10.62789544,-0.1050060453
10.64791031,-0.1370502372
10.66792518,-0.1719332081
10.68794005,-0.2100430351
10.70795492,-0.2514020713
10.72796979,-0.2965399209
10.74798466,-0.3447975568
10.76799953,-0.3976728845
10.7880144,-0.4546095328
10.80802927,-0.5133061566
10.82804413,-0.5776589335
10.848059,-0.6484337484
10.86807387,-0.7238311288
10.88808874,-0.8047776969
10.90810361,-0.8915855453
10.92811848,-0.9814912467
10.94813335,-1.078301322
10.96814822,-1.179909776
10.98816309,-1.288630115
11.00817796,-1.403070739
11.02819282,-1.523420887
11.04820769,-1.653323332
11.06822256,-1.789134576
11.08823743,-1.929890555
11.1082523,-2.073812473
11.12826717,-2.223747639
11.14828204,-2.371435228
11.16829691,-2.527424509
11.18831178,-2.682060135
11.20832665,-2.838594584
11.22834151,-2.991151481
11.24835638,-3.146741663
11.26837125,-3.297709211
11.28838612,-3.445733336
11.30840099,-3.584122914
11.32841586,-3.721090893
11.34843073,-3.848640923
11.3684456,-3.965469768
11.38846047,-4.065715362
11.40847534,-4.153040138
11.4284902,-4.227274016
11.44850507,-4.284239746
11.46851994,-4.324921464
11.48853481,-4.347700374
11.50854968,-4.349664685
11.52856455,-4.331386244
11.54857942,-4.291083825
11.56859429,-4.22958594
11.58860916,-4.14531424
11.60862403,-4.039337989
11.62863889,-3.912182771
11.64865376,-3.76522495
11.66866863,-3.597809824
11.6886835,-3.413065046
11.70869837,-3.20885749
11.72871324,-2.986493452
11.74872811,-2.744538808
11.76874298,-2.49256103
11.78875785,-2.227440472
11.80877272,-1.95060286
11.82878758,-1.666877937
11.84880245,-1.377103346
11.86881732,-1.078310811
11.88883219,-0.7782915729
11.90884706,-0.4786941969
11.92886193,-0.1843313405
11.9488768,0.1060183824
11.96889167,0.3874787597
11.98890654,0.6647096106
12.00892141,0.9311514639
12.02893627,1.191494715
12.04895114,1.438499786
12.06896601,1.674994259
12.08898088,1.902187364
12.10899575,2.110484391
12.12901062,2.307773703
12.14902549,2.491052884
12.16904036,2.660065697
12.18905523,2.816997739
12.2090701,2.960621662
12.22908496,3.092997226
12.24909983,3.210229025
12.2691147,3.31726606
12.28912957,3.408203542
12.30914444,3.488507853
12.32915931,3.555765948
12.34917418,3.612382454
12.36918905,3.656348542
12.38920392,3.691625075
12.40921879,3.715856555
12.42923366,3.730508363
12.44924852,3.736028678
12.46926339,3.732619424
12.48927826,3.720819724
12.50929313,3.700841279
12.529308,3.673393623
12.54932287,3.63862868
12.56933774,3.596778941
12.58935261,3.54831945
12.60936748,3.493853282
12.62938235,3.433649926
12.64939721,3.368231303
12.66941208,3.298006268
12.68942695,3.223486722
12.70944182,3.14510048
12.72945669,3.063472561
12.74947156,2.979240404
12.76948643,2.892943262
12.7895013,2.80551795
12.80951617,2.717898845
12.82953104,2.630718877
12.8495459,2.544503855
12.86956077,2.459465968
12.88957564,2.376181323
12.90959051,2.295814895
12.92960538,2.219154715
12.94962025,2.146473287
12.96963512,2.077983254
12.98964999,2.014020926
13.00966486,1.954866334
13.02967973,1.900574862
13.04969459,1.851012472
13.06970946,1.805923646
13.08972433,1.764922651
13.1097392,1.727532832
13.12975407,1.693579201
13.14976894,1.662162703
13.16978381,1.632786505
13.18979868,1.604548582
13.20981355,1.576836441
13.22982842,1.548975199
13.24984328,1.520069317
13.26985815,1.489338512
13.28987302,1.456131141
13.30988789,1.420279292
13.32990276,1.380965007
13.34991763,1.337848758
13.3699325,1.290601788
13.38994737,1.23901324
13.40996224,1.183168621
13.42997711,1.123281566
13.44999197,1.059383189
13.47000684,0.991790745
13.49002171,0.9211982231
13.51003658,0.8480667339
13.53005145,0.7730439602
13.55006632,0.6967825462
13.57008119,0.6200659248
13.59009606,0.5437245871
13.61011093,0.4683558161
13.6301258,0.3946696823
13.65014066,0.3233224397
13.67015553,0.2549592942
13.6901704,0.1899915705
13.71018527,0.1287784894
13.73020014,0.07131288241
13.75021501,0.01859243415
13.77022988,-0.0295937882
13.79024475,-0.07338900831
13.81025962,-0.1127651844
13.83027449,-0.1478986383
13.85028935,-0.1789839889
13.87030422,-0.2064577911
13.89031909,-0.2306177971
13.91033396,-0.2516565387
13.93034883,-0.2702212869
13.9503637,-0.2865320761
13.97037857,-0.3010244152
13.99039344,-0.3142136969
14.01040831,-0.3263461546
14.03042318,-0.3379135945
14.05043804,-0.3494184128
14.07045291,-0.361146281
14.09046778,-0.3734267027
14.11048265,-0.3864591319
14.13049752,-0.4005128976
14.15051239,-0.4157029186
14.17052726,-0.432304747
14.19054213,-0.4501769654
14.210557,-0.4694287147
14.23057187,-0.4902354556
14.25058673,-0.5126472674
14.2706016,-0.5364460883
14.29061647,-0.5616993419
14.31063134,-0.5879508859
14.33064621,-0.6158619907
14.35066108,-0.6445158653
14.37067595,-0.6740829629
14.39069082,-0.7040825658
14.41070569,-0.7343529573
14.43072056,-0.7648643423
14.45073543,-0.7951800356
14.47075029,-0.8247353984
14.49076516,-0.8539975726
14.51078003,-0.8817991378
14.5307949,-0.9085867581
14.55080977,-0.9336116031
14.57082464,-0.9567954863
14.59083951,-0.9783161202
14.61085438,-0.9975775801
14.63086925,-1.014550134
14.65088412,-1.028683533
14.67089898,-1.040044879
14.69091385,-1.048459252
14.71092872,-1.053247684
14.73094359,-1.054622286
14.75095846,-1.052607662
14.77097333,-1.046830707
14.7909882,-1.037327646
14.81100307,-1.024172592
14.83101794,-1.007458341
14.85103281,-0.9870750259
14.87104767,-0.9632730153
14.89106254,-0.9355631993
14.91107741,-0.904949952
14.93109228,-0.8703259668
14.95110715,-0.8331522384
14.97112202,-0.7934546888
14.99113689,-0.7532425271
15.01115176,-0.7113387361
15.03116663,-0.6680716684
15.0511815,-0.6259353364
15.07119636,-0.5838150735
15.09121123,-0.5421279242
15.1112261,-0.5018019076
15.13124097,-0.4642361257
15.15125584,-0.4280765479
15.17127071,-0.3945007636
15.19128558,-0.3643879982
15.21130045,-0.3372925099
15.23131532,-0.3135932213
15.25133019,-0.293312215
15.27134505,-0.276381177
15.29135992,-0.2635923833
15.31137479,-0.2552743298
15.33138966,-0.2508943469
15.35140453,-0.2501678198
15.3714194,-0.2522144965
15.39143427,-0.2567002303
15.41144914,-0.2628950714
15.43146401,-0.2704543137
15.45147888,-0.2787719549
15.47149374,-0.2875896953
15.49150861,-0.2964733364
15.51152348,-0.3052034788
15.53153835,-0.3135740472
15.55155322,-0.3212856267
15.57156809,-0.3281159341
15.59158296,-0.334107005
15.61159783,-0.3391683477
15.6316127,-0.3433223749
15.65162757,-0.3467040889
15.67164243,-0.3493842638
15.6916573,-0.3515907789
15.71167217,-0.3534822599
15.73168704,-0.3553535874
15.75170191,-0.3574408766
15.77171678,-0.3599631979
15.79173165,-0.3632009984
15.81174652,-0.3674003287
15.83176139,-0.3727056594
15.85177626,-0.3793961898
15.87179112,-0.3875544947
15.89180599,-0.3972369806
15.91182086,-0.4088086709
15.93183573,-0.4222379625
15.9518506,-0.4373639913
15.97186547,-0.4543372118
15.99188034,-0.4724143569
16.01189521,-0.4917501266
16.03191008,-0.511590511
16.05192495,-0.5318684854
16.07193981,-0.551639707
16.09195468,-0.5712593931
16.11196955,-0.5897829489
16.13198442,-0.6068960594
16.15199929,-0.6219617036
16.17201416,-0.6349478348
16.19202903,-0.6448337558
16.2120439,-0.6518764547
16.23205877,-0.6550232357
16.25207364,-0.6538180397
16.2720885,-0.648152369
16.29210337,-0.6377108882
16.31211824,-0.6225839936
16.33213311,-0.6034047771
16.35214798,-0.5804250622
16.37216285,-0.5534863313
16.39217772,-0.5233732729
16.41219259,-0.4903566322
16.43220746,-0.4546049871
16.45222233,-0.416839653
16.4722372,-0.3771715546
16.49225206,-0.3357113686
16.51226693,-0.2932864897
16.5322818,-0.2498673854
16.55229667,-0.2061342896
16.57231154,-0.1623029991
16.59232641,-0.1189584498
16.61234128,-0.07655774165
16.63235615,-0.03536827844
16.65237102,0.004515811899
16.67238589,0.04282574643
16.69240075,0.07936569942
16.71241562,0.1141664835
16.73243049,0.1473827452
16.75244536,0.1787387904
16.77246023,0.2082459216
16.7924751,0.2359652872
16.81248997,0.2621467376
16.83250484,0.2868782467
16.85251971,0.3101846507
16.87253458,0.3321284832
16.89254944,0.3528999017
16.91256431,0.372504428
16.93257918,0.3909597922
16.95259405,0.4082900583
16.97260892,0.4245547379
16.99262379,0.4397778267
17.01263866,0.4539424218
17.03265353,0.466974458
17.0526684,0.4787861661
17.07268327,0.4892589149
17.09269813,0.4982645583
17.112713,0.5057107093
17.13272787,0.5114392058
17.15274274,0.5152934159
17.17275761,0.5171316004
17.19277248,0.5167691446
17.21278735,0.5140968825
17.23280222,0.5090200027
17.25281709,0.5013420382
17.27283196,0.4910772491
17.29284682,0.4781601833
17.31286169,0.4626194
17.33287656,0.4445756898
17.35289143,0.4240788191
17.3729063,0.4013824822
17.39292117,0.3767652335
17.41293604,0.3503637932
17.43295091,0.3224190002
17.45296578,0.2933736975
17.47298065,0.2636841986
17.49299551,0.233796987
17.51301038,0.2041651085
17.53302525,0.1750412661
17.55304012,0.1467361529
17.57305499,0.1194617072
17.59306986,0.09349823223
17.61308473,0.0694265258
17.6330996,0.0473876977
17.65311447,0.02790911994
17.67312934,0.01118895739
17.6931442,-0.002523527047
17.71315907,-0.01315945943
17.73317394,-0.02063155237
17.75318881,-0.02513396308
17.77320368,-0.02692354884
17.79321855,-0.02627674567
17.81323342,-0.02347444297
17.83324829,-0.01879326838
17.85326316,-0.01254742625
17.87327803,-0.005080176709
17.89329289,0.003269473276
17.91330776,0.01220869677
17.93332263,0.02144910559
17.9533375,0.03070506846
17.97335237,0.03969071575
17.99336724,0.04818555884
18.01338211,0.05597123943
18.03339698,0.06290537719
18.05341185,0.06883021665
18.07342672,0.073622251
18.09344158,0.07720522921
18.11345645,0.07954731266
18.13347132,0.08062999538
18.15348619,0.08051613192
18.17350106,0.07927332725
18.19351593,0.07700270008
18.2135308,0.07383369024
18.23354567,0.0699390592
18.25356054,0.0654885039
18.27357541,0.0606502562
18.29359027,0.05559522636
18.31360514,0.05050215091
18.33362001,0.04550151661
18.35363488,0.04069633924
18.37364975,0.03615181079
18.39366462,0.03191957328
18.41367949,0.02802151903
18.43369436,0.02447249047
18.45370923,0.02125293799
18.4737241,0.01836434044
18.49373896,0.01579466903
18.51375383,0.01354532593
18.5337687,0.01162822413
18.55378357,0.01005267897
18.57379844,0.008786673231
18.59381331,0.007800258592
18.61382818,0.007034531325
18.63384305,0.006391209105
18.65385792,0.005775092097
18.67387279,0.00507258654
18.69388766,0.004159190973
18.71390252,0.002906755338
18.73391739,0.001184401976
18.75393226,-0.001122596703
18.77394713,-0.004135455112
18.793962,-0.007946433128
18.81397687,-0.01261534006
18.83399174,-0.01817784214
18.85400661,-0.02465541662
18.87402148,-0.03207630672
18.89403635,-0.04046048164
18.91405121,-0.04974284048
18.93406608,-0.05991525843
18.95408095,-0.07094743982
18.97409582,-0.08278022657
18.99411069,-0.09535052814
19.01412556,-0.1086299298
19.03414043,-0.1225299033
19.0541553,-0.1369199411
19.07417017,-0.151653736
19.09418504,-0.1665609918
19.1141999,-0.181487973
19.13421477,-0.1961849014
19.15422964,-0.2104876148
19.17424451,-0.2241673956
19.19425938,-0.2370827782
19.21427425,-0.2490737129
19.23428912,-0.2599572675
19.25430399,-0.2695759842
19.27431886,-0.2778700344
19.29433373,-0.2847568401
19.31434859,-0.2901896965
19.33436346,-0.2941667394
19.35437833,-0.2967046593
19.3743932,-0.2978530546
19.39440807,-0.2977170445
19.41442294,-0.2963454079
19.43443781,-0.2938844028
19.45445268,-0.2904227591
19.47446755,-0.2860365709
19.49448242,-0.2808407516
19.51449728,-0.2749557328
19.53451215,-0.268455806
19.55452702,-0.2614532936
19.57454189,-0.2540595073
19.59455676,-0.2463562853
19.61457163,-0.2384232638
19.6345865,-0.2303035013
19.65460137,-0.222083297
19.67461624,-0.2137994659
19.69463111,-0.2054594651
19.71464597,-0.1970563701
19.73466084,-0.1885507245
19.75467571,-0.1799468613
19.77469058,-0.1711762989
19.79470545,-0.1622143011
19.81472032,-0.1530395788
19.83473519,-0.1436589668
19.85475006,-0.1340726109
19.87476493,-0.124310941
19.8947798,-0.1144026909
19.91479466,-0.1044173915
19.93480953,-0.09437991492
19.9548244,-0.08434680473
19.97483927,-0.07435855458
19.99485414,-0.06449656888
20.01486901,-0.05478178073
20.03488388,-0.04525467259
20.05489875,-0.03597010183
20.07491362,-0.026970663
20.09492849,-0.01829778595
20.11494335,-0.01000095461
20.13495822,-0.00208100664
20.15497309,0.005482283772
20.17498796,0.01266425244
20.19500283,0.01948616942
20.2150177,0.02596816786
20.23503257,0.03212500315
20.25504744,0.03802465649
20.27506231,0.04369829101
20.29507718,0.04920279495
20.31509204,0.05462272543
20.33510691,0.06005753977
20.35512178,0.06558992333
20.37513665,0.07130173223
20.39515152,0.07728062439
20.41516639,0.08360718261
20.43518126,0.09032763552
20.45519613,0.09748548376
20.475211,0.1050884289
20.49522587,0.1131603074
20.51524073,0.1216808777
20.5352556,0.1305918444
20.55527047,0.1398307638
20.57528534,0.1493456988
20.59530021,0.158992038
20.61531508,0.1686739501
20.63532995,0.1782460162
20.65534482,0.1875957791
20.67535969,0.1965469494
20.69537456,0.2049456435
20.71538943,0.2126569492
20.73540429,0.2194985626
20.75541916,0.2252599105
20.77543403,0.2297680574
20.7954489,0.2327974617
20.81546377,0.2341440295
20.83547864,0.2336583012
20.85549351,0.2311156897
20.87550838,0.2264577942
20.89552325,0.2195707145
20.91553812,0.2104021297
20.93555298,0.1990218968
20.95556785,0.1854556881
20.97558272,0.1697519121
20.99559759,0.1520848512
21.01561246,0.1325192524
21.03562733,0.1113190595
21.0556422,0.08875382807
21.07565707,0.06503041263
21.09567194,0.04043741366
21.11568681,0.01528129119
21.13570167,-0.01010365718
21.15571654,-0.03536182176
21.17573141,-0.06018900779
21.19574628,-0.08428036965
21.21576115,-0.1073449429
21.23577602,-0.1291346425
21.25579089,-0.1493269038
21.27580576,-0.1677300388
21.29582063,-0.1841226071
21.3158355,-0.1983472322
21.33585036,-0.2103824134
21.35586523,-0.2200274267
21.3758801,-0.2273047493
21.39589497,-0.2322364811
21.41590984,-0.2347763254
21.43592471,-0.2350458812
21.45593958,-0.233152399
21.47595445,-0.2291322832
21.49596932,-0.2231975097
21.51598419,-0.2154571724
21.53599905,-0.2060440234
21.55601392,-0.1951424105
21.57602879,-0.1829137064
21.59604366,-0.1694860881
21.61605853,-0.1550721921
21.6360734,-0.1397684323
21.65608827,-0.1237693747
21.67610314,-0.1072465529
21.69611801,-0.09039020098
21.71613288,-0.07333374351
21.73614774,-0.05623342698
21.75616261,-0.03917245704
21.77617748,-0.02231619308
21.79619235,-0.005771623001
21.81620722,0.01038186904
21.83622209,0.02612431197
21.85623696,0.04139880013
21.87625183,0.05612464608
21.8962667,0.07031880737
21.91628157,0.08388373673
21.93629643,0.09681619797
21.9563113,0.1090844599
21.97632617,0.1206580412
21.99634104,0.1315093194
22.01635591,0.1415781112
22.03637078,0.1508263685
22.05638565,0.1592380007
22.07640052,0.1668307183
22.09641539,0.173594585
22.11643026,0.1795294323
22.13644512,0.1847056105
22.15645999,0.1891142411
22.17647486,0.192857946
22.19648973,0.1959655235
22.2165046,0.1984517323
22.23651947,0.2003489077
22.25653434,0.2016729992
22.27654921,0.2024524119
22.29656408,0.2027568514
22.31657895,0.2025899906
22.33659381,0.2019820786
22.35660868,0.2009460333
22.37662355,0.1995011613
22.39663842,0.1976510048
22.41665329,0.1954202307
22.43666816,0.192823372
22.45668303,0.1898770691
22.4766979,0.1865791494
22.49671277,0.1829466679
22.51672764,0.1789627873
22.5367425,0.1746565825
22.55675737,0.1700189202
22.57677224,0.1650709249
22.59678711,0.1597676579
22.61680198,0.1540836962
22.63681685,0.1479832563
22.65683172,0.1414227317
22.67684659,0.1343863716
22.69686146,0.1268184429
22.71687633,0.1186621074
22.7368912,0.1098839241
22.75690606,0.1004234559
22.77692093,0.0902417708
22.7969358,0.07932161558
22.81695067,0.06757984025
22.83696554,0.05501697395
22.85698041,0.04161551673
22.87699528,0.0273677275
22.89701015,0.01232769418
22.91702502,-0.003471041708
22.93703989,-0.019948365
22.95705475,-0.03699826667
22.97706962,-0.05451070435
22.99708449,-0.07235405991
23.01709936,-0.09040405342
23.03711423,-0.1084863254
23.0571291,-0.1264315356
23.07714397,-0.1440174559
23.09715884,-0.1610122291
23.11717371,-0.1771734606
23.13718858,-0.1922473518
23.15720344,-0.2059157994
23.17721831,-0.2179491538
23.19723318,-0.2280968479
23.21724805,-0.2361152449
23.23726292,-0.2418827223
23.25727779,-0.2451716282
23.27729266,-0.2458786253
23.29730753,-0.2440441601
23.3173224,-0.2395502621
23.33733727,-0.2324694104
23.35735213,-0.2228290601
23.377367,-0.2107103455
23.39738187,-0.1963204701
23.41739674,-0.1798122848
23.43741161,-0.1613223774
23.45742648,-0.1410916636
23.47744135,-0.1193776908
23.49745622,-0.09646197355
23.51747109,-0.07273249076
23.53748596,-0.0484740972
23.55750082,-0.02406366425
23.57751569,0.0001640303891
23.59753056,0.02380307075
23.61754543,0.04647576706
23.6375603,0.06784956038
23.65757517,0.08762946173
23.67759004,0.1055685918
23.69760491,0.1213876825
23.71761978,0.1348742058
23.73763465,0.1459349626
23.75764951,0.1544488677
23.77766438,0.1603396923
23.79767925,0.1636626813
23.81769412,0.1644099658
23.83770899,0.1626766145
23.85772386,0.1586062272
23.87773873,0.1523107582
23.8977536,0.1440507507
23.91776847,0.1340771947
23.93778334,0.1226829493
23.9577982,0.1102369798
23.97781307,0.09703692112
23.99782794,0.08340487161
24.01784281,0.06969480908
24.03785768,0.0562316946
24.05787255,0.04333436598
24.07788742,0.03123250415
24.09790229,0.0201857575
24.11791716,0.01040098715
24.13793203,0.002039741164
24.15794689,-0.004774581934
24.17796176,-0.01002552532
24.19797663,-0.01364282359
24.2179915,-0.0156604344
24.23800637,-0.01618436176
24.25802124,-0.01528448967
24.27803611,-0.01311289445
24.29805098,-0.00989836531
24.31806585,-0.005795451907
24.33808072,-0.001051685522
24.35809558,0.004105197425
24.37811045,0.009420029796
24.39812532,0.01465643931
24.41814019,0.01959422696
24.43815506,0.02402961059
24.45816993,0.02780376195
24.4781848,0.03072092309
24.49819967,0.03263517258
24.51821454,0.03346747742
24.53822941,0.03310911182
24.55824427,0.03150152681
24.57825914,0.02861120103
24.59827401,0.02441214374
24.61828888,0.01898172263
24.63830375,0.01236324431
24.65831862,0.004636540577
24.67833349,-0.004045997469
24.69834836,-0.01356031623
24.71836323,-0.02373940804
24.7383781,-0.03438192766
24.75839297,-0.04531733152
24.77840783,-0.05633960751
24.7984227,-0.06728792567
24.81843757,-0.07798512791
24.83845244,-0.08830006426
24.85846731,-0.09810437574
24.87848218,-0.1072572615
24.89849705,-0.115672592
24.91851192,-0.1232313519
24.93852679,-0.1298574119
24.95854166,-0.1355131304
24.97855652,-0.140106344
24.99857139,-0.1435828331
25.01858626,-0.1459608524
25.03860113,-0.1471860392
25.058616,-0.1473217572
25.07863087,-0.1464065744
25.09864574,-0.1444488764
25.11866061,-0.1415813048
25.13867548,-0.1378720734
25.15869035,-0.1333688882
25.17870521,-0.1281906275
25.19872008,-0.122383514
25.21873495,-0.1160518367
25.23874982,-0.109261456
25.25876469,-0.1020686041
25.27877956,-0.09457641441
25.29879443,-0.0868270426
25.3188093,-0.07886853355
25.33882417,-0.07079306855
25.35883904,-0.0626956759
25.3788539,-0.05465916722
25.39886877,-0.04674438833
25.41888364,-0.03905828542
25.43889851,-0.03168461818
25.45891338,-0.02469235336
25.47892825,-0.01815861119
25.49894312,-0.01211349332
25.51895799,-0.00663832046
25.53897286,-0.001804189958
25.55898773,0.002424714042
25.57900259,0.006016695291
25.59901746,0.009006431663
25.61903233,0.011446975
25.6390472,0.01335053014
25.65906207,0.01480007765
25.67907694,0.0158588495
25.69909181,0.01661593758
25.71910668,0.01718476305
25.73912155,0.01765925558
25.75913642,0.01814665163
25.77915128,0.01878195481
25.79916615,0.01971388856
25.81918102,0.02107551867
25.83919589,0.02292699889
25.85921076,0.02538823266
25.87922563,0.02848608824
25.8992405,0.03224744307
25.91925537,0.03669665758
25.93927024,0.04178713395
25.95928511,0.04744078178
25.97929997,0.05358794352
25.99931484,0.06010113188
26.01932971,0.06688238703
26.03934458,0.0737965181
26.05935945,0.08072039474
26.07937432,0.08749677843
26.09938919,0.09398065465
26.11940406,0.1000627514
26.13941893,0.1055632087
26.1594338,0.1103553278
26.17944866,0.1143066046
26.19946353,0.1172633446
26.2194784,0.1191748681
26.23949327,0.1198641991
26.25950814,0.1192534089
26.27952301,0.117331969
26.29953788,0.1139632197
26.31955275,0.1091856894
26.33956762,0.1029939318
26.35958249,0.09536984941
26.37959735,0.08642049571
26.39961222,0.07621858395
26.41962709,0.06485801276
26.43964196,0.05250348842
26.45965683,0.0391959573
26.4796717,0.02504768331
26.49968657,0.01020025352
26.51970144,-0.005239119218
26.53971631,-0.02113836401
26.55973118,-0.03738724645
26.57974604,-0.05388253172
26.59976091,-0.07044756002
26.61977578,-0.08693389899
26.63979065,-0.1031494485
26.65980552,-0.1190020703
26.67982039,-0.1343062618
26.69983526,-0.1488923958
26.71985013,-0.1626311424
26.739865,-0.1752891329
26.75987987,-0.1867338761
26.77989474,-0.1968814539
26.7999096,-0.2054665034
26.81992447,-0.2124234721
26.83993934,-0.2176577719
26.85995421,-0.2210142208
26.87996908,-0.2225703661
26.89998395,-0.2222305849
26.91999882,-0.2199883685
26.94001369,-0.215993715
26.96002856,-0.2102071639
26.98004343,-0.2027882621
27.00005829,-0.1939395887
27.02007316,-0.1837106563
27.04008803,-0.1723826826
27.0601029,-0.160128947
27.08011777,-0.1471184317
27.10013264,-0.1335603132
27.12014751,-0.1196427153
27.14016238,-0.1055498503
27.16017725,-0.09152549804
27.18019212,-0.07774950463
27.20020698,-0.06438916678
27.22022185,-0.05151859879
27.24023672,-0.03934363557
27.26025159,-0.02795012625
27.28026646,-0.01741385861
27.30028133,-0.007815627761
27.3202962,0.0008683160164
27.34031107,0.00861628999
27.36032594,0.01543645026
27.38034081,0.02144862177
27.40035567,0.02664473364
27.42037054,0.03118442232
27.44038541,0.03519499252
27.46040028,0.03878585383
27.48041515,0.04210435606
27.50043002,0.04528125977
27.52044489,0.04844794114
27.54045976,0.051684389
27.56047463,0.05511241966
27.5804895,0.0587857521
27.60050436,0.06275117544
27.62051923,0.06701605535
27.6405341,0.07158357842
27.66054897,0.07640627215
27.68056384,0.08144747256
27.70057871,0.08661681654
27.72059358,0.09185294257
27.74060845,0.09707342803
27.76062332,0.1021795627
27.78063819,0.1070733092
27.80065305,0.1116529119
27.82066792,0.1158166541
27.84068279,0.1194661164
27.86069766,0.1224867145
27.88071253,0.1248195187
27.9007274,0.1262977532
27.92074227,0.1268306102
27.94075714,0.1263457081
27.96077201,0.124679789
27.98078688,0.1217501753
28.00080174,0.1175692124
28.02081661,0.1120138859
28.04083148,0.1051366062
28.06084635,0.09688696537
28.08086122,0.08727150922
28.10087609,0.07639173338
28.12089096,0.06427781617
28.14090583,0.05099655372
28.1609207,0.03665797351
28.18093557,0.02132851838
28.20095043,0.005155886696
28.2209653,-0.01172429707
28.24098017,-0.02918056715
28.26099504,-0.04700950006
28.28100991,-0.06502773975
28.30102478,-0.08301918779
28.32103965,-0.1008278498
28.34105452,-0.11823974
28.36106939,-0.1349713776
28.38108426,-0.1508500067
28.40109912,-0.1656498289
28.42111399,-0.1791512226
28.44112886,-0.1912144025
28.46114373,-0.2015541711
28.4811586,-0.2100570967
28.50117347,-0.2167205764
28.52118834,-0.2213247539
28.54120321,-0.2238864337
28.56121808,-0.2244622893
28.58123295,-0.2229590318
28.60124781,-0.2195493845
28.62126268,-0.2143038262
28.64127755,-0.2073083416
28.66129242,-0.1988318796
28.68130729,-0.1889982253
28.70132216,-0.1780021947
28.72133703,-0.1661330298
28.7413519,-0.1535707864
28.76136677,-0.1406160639
28.78138164,-0.127482928
28.8013965,-0.114412722
28.82141137,-0.1015834646
28.84142624,-0.08917113864
28.86144111,-0.0773723452
28.88145598,-0.06627997048
28.90147085,-0.05596079051
28.92148572,-0.04651944624
28.94150059,-0.03789158597
28.96151546,-0.03013724388
28.98153033,-0.02321209762
29.0015452,-0.01705181156
29.02156006,-0.011642788
29.04157493,-0.006882155822
29.0615898,-0.002634095529
29.08160467,0.001189690174
29.10161954,0.004685794871
29.12163441,0.007962211285
29.14164928,0.0110845232
29.16166415,0.01413334632
29.18167902,0.0171519865
29.20169389,0.02017498021
29.22170875,0.02322282628
29.24172362,0.02628091598
29.26173849,0.02933988391
29.28175336,0.03235524003
29.30176823,0.03529044224
29.3217831,0.03810169792
29.34179797,0.0407635942
29.36181284,0.04322121206
29.38182771,0.04541460167
29.40184258,0.0473029278
29.42185744,0.04883559195
29.44187231,0.05000006768
29.46188718,0.05079107648
29.48190205,0.05118340921
29.50191692,0.05120209374
29.52193179,0.05085704003
29.54194666,0.05014585369
29.56196153,0.04914525246
29.5819764,0.04790655609
29.60199127,0.0464795326
29.62200613,0.04494957487
29.642021,0.04341132952
29.66203587,0.04197279339
29.68205074,0.04069025402
29.70206561,0.03964554944
29.72208048,0.03889601198
29.74209535,0.03844112174
29.76211022,0.03827064168
29.78212509,0.0383370413
29.80213996,0.03859784734
29.82215482,0.03897169047
29.84216969,0.03937198592
29.86218456,0.0397157908
29.88219943,0.03992210618
29.9022143,0.03992752236
29.92222917,0.03965394467
29.94224404,0.03901137345
29.96225891,0.03797426608
29.98227378,0.03646222838
30.00228865,0.0344467375
30.02230351,0.03192301643
30.04231838,0.02884866942
30.06233325,0.02521928852
30.08234812,0.02106368179
30.10236299,0.01636314802
30.12237786,0.011170985
30.14239273,0.005505360341
30.1624076,-0.0005956586738
30.18242247,-0.00706421859
30.20243734,-0.01380387314
30.2224522,-0.02075555357
30.24246707,-0.02778389851
30.26248194,-0.03479808781
30.28249681,-0.0416871608
30.30251168,-0.04839288423
30.32252655,-0.05483708781
30.34254142,-0.06095534909
30.36255629,-0.06669463286
30.38257116,-0.07200969983
30.40258603,-0.07686713175
30.42260089,-0.081278543
30.44261576,-0.08521599335
30.46263063,-0.08867570528
30.4826455,-0.09167406805
30.50266037,-0.0942152384
30.52267524,-0.09633895807
30.54269011,-0.09807725357
30.56270498,-0.09941991359
30.58271985,-0.100419496
30.60273472,-0.1010883336
30.62274958,-0.1014310757
30.64276445,-0.1014565227
30.66277932,-0.1011734394
30.68279419,-0.1005631898
30.70280906,-0.09963987476
30.72282393,-0.09838689638
30.7428388,-0.096819832
30.76285367,-0.09495418412
30.78286854,-0.09279153958
30.80288341,-0.09035603055
30.82289827,-0.08765675346
30.84291314,-0.08468058023
30.86292801,-0.08142817884
30.88294288,-0.07790809006
30.90295775,-0.07412816723
30.92297262,-0.07006198079
30.94298749,-0.06571652156
30.96300236,-0.06103758439
30.98301723,-0.05603919055
31.0030321,-0.05069511744
31.02304697,-0.04498173159
31.04306183,-0.03888946869
31.0630767,-0.03241812421
31.08309157,-0.02556691646
31.10310644,-0.0183906431
31.12312131,-0.01091140281
31.14313618,-0.003179182132
31.16315105,0.004744296894
31.18316592,0.01279990167
31.20318079,0.02093362627
31.22319566,0.02905945389
31.24321052,0.03712608245
31.26322539,0.04505235905
31.28324026,0.0527769557
31.30325513,0.06020075445
31.32327,0.06724334972
31.34328487,0.07383814592
31.36329974,0.07991856374
31.38331461,0.08541275388
31.40332948,0.09023788947
31.42334435,0.09430444794
31.44335921,0.09759065581
31.46337408,0.1001138333
31.48338895,0.1018449673
31.50340382,0.1027986493
31.52341869,0.1030215583
31.54343356,0.102504147
31.56344843,0.1013085991
31.5834633,0.09949252384
31.60347817,0.09708748892
31.62349304,0.09416950875
31.6435079,0.09078584766
31.66352277,0.08696549684
31.68353764,0.08277526383
31.70355251,0.07826404402
31.72356738,0.07346826497
31.74358225,0.06844000123
31.76359712,0.06322171643
31.78361199,0.05781677834
31.80362686,0.05223593189
31.82364173,0.04650909026
31.84365659,0.04065738624
31.86367146,0.03466412332
31.88368633,0.02850631425
31.9037012,0.02213402912
31.92371607,0.01554735684
31.94373094,0.008699005883
31.96374581,0.001568567153
31.98376068,-0.005829758818
32.00377555,-0.0134681433
32.02379042,-0.02131264961
32.04380528,-0.02929978966
32.06382015,-0.03739589203
32.08383502,-0.04551863446
32.10384989,-0.05361552521
32.12386476,-0.06160720781
32.14387963,-0.0694505595
32.1638945,-0.07708699357
32.18390937,-0.08449971893
32.20392424,-0.0916064836
32.22393911,-0.09837536615
32.24395397,-0.1047211102
32.26396884,-0.1106025739
32.28398371,-0.1159976796
32.30399858,-0.1208609759
32.32401345,-0.1251226156
32.34402832,-0.1287571889
32.36404319,-0.1317178664
32.38405806,-0.1339633748
32.40407293,-0.1354891058
32.4240878,-0.1362982615
32.44410266,-0.1363428493
32.46411753,-0.1356849546
32.4841324,-0.1342997579
32.50414727,-0.1321846947
32.52416214,-0.1293523023
32.54417701,-0.1258623011
32.56419188,-0.1216949058
32.58420675,-0.1168638593
32.60422162,-0.11130935
32.62423649,-0.1050532758
32.64425135,-0.09810440967
32.66426622,-0.09044321687
32.68428109,-0.08204429135
32.70429596,-0.0729310479
32.72431083,-0.06311572173
32.7443257,-0.05263149692
32.76434057,-0.04153977457
32.78435544,-0.02986928436
32.80437031,-0.01768634448
32.82438518,-0.005070066453
32.84440004,0.007852552617
32.86441491,0.02096658324
32.88442978,0.03415508554
32.90444465,0.04730296766
32.92445952,0.0602267135
32.94447439,0.0727574257
32.96448926,0.08472230673
32.98450413,0.09591726944
33.004519,0.1062050654
33.02453387,0.1155001714
33.04454874,0.1236315279
33.0645636,0.1304521529
33.08457847,0.1358873943
33.10459334,0.1398314371
33.12460821,0.1422342929
33.14462308,0.1430929909
33.16463795,0.1423475514
33.18465282,0.1400594793
33.20466769,0.1362889249
33.22468256,0.1310820036
33.24469743,0.1245613521
33.26471229,0.1168956265
33.28472716,0.1081466016
33.30474203,0.09847719925
33.3247569,0.08804287741
33.34477177,0.07701327163
33.36478664,0.06554292941
33.38480151,0.05383783368
33.40481638,0.04206982525
33.42483125,0.03043777552
33.44484612,0.01907838405
33.46486098,0.008116428225
33.48487585,-0.002313477052
33.50489072,-0.01210646134
33.52490559,-0.0212223734
33.54492046,-0.0295406305
33.56493533,-0.03704322118
33.5849502,-0.04373183259
33.60496507,-0.04960719887
33.62497994,-0.05472720853
33.64499481,-0.05910074282
33.66500967,-0.06278543986
33.68502454,-0.06584928192
33.70503941,-0.06835474537
33.72505428,-0.07036260825
33.74506915,-0.07194020593
33.76508402,-0.07312041316
33.78509889,-0.07393597749
33.80511376,-0.07446785612
33.82512863,-0.07477859886
33.8451435,-0.07491017003
33.86515836,-0.07488958034
33.88517323,-0.07476074713
33.9051881,-0.07456089496
33.92520297,-0.07429760205
33.94521784,-0.07396604462
33.96523271,-0.07351940656
33.98524758,-0.0729384704
34.00526245,-0.0721691709
34.02527732,-0.07120588355
34.04529219,-0.06999100547
34.06530705,-0.06851799305
34.08532192,-0.06675254999
34.10533679,-0.06470763112
34.12535166,-0.06237691713
34.14536653,-0.05976289557
34.1653814,-0.05687798794
34.18539627,-0.05374869463
34.20541114,-0.05039553449
34.22542601,-0.04682514203
34.24544088,-0.04305988351
34.26545574,-0.03913832737
34.28547061,-0.03507676009
34.30548548,-0.03089628778
34.32550035,-0.02663831639
34.34551522,-0.02232656583
34.36553009,-0.01800525036
34.38554496,-0.01369621144
34.40555983,-0.009441504106
34.4255747,-0.005256661017
34.44558957,-0.001179587828
34.46560443,0.002761349817
34.4856193,0.006531592725
34.50563417,0.01014774328
34.52564904,0.01361999639
34.54566391,0.01697666441
34.56567878,0.02023683995
34.58569365,0.02345070806
34.60570852,0.02665033867
34.62572339,0.02988860988
34.64573826,0.03319942779
34.66575312,0.03660084933
34.68576799,0.04012901123
34.70578286,0.04380280021
34.72579773,0.0476569964
34.7458126,0.05170356637
34.76582747,0.05590789402
34.78584234,0.0602569169
34.80585721,0.0647333217
34.82587208,0.06929950873
34.84588695,0.07392080509
34.86590181,0.07852942743
34.88591668,0.08305988482
34.90593155,0.08748586129
34.92594642,0.09171877248
34.94596129,0.09567105779
34.96597616,0.09930910652
34.98599103,0.102586143
35.0060059,0.1053904302
35.02602077,0.1076588542
35.04603564,0.1093316881
35.06605051,0.1103412676
35.08606537,0.1106831856
35.10608024,0.1103343335
35.12609511,0.1092961166
35.14610998,0.1075785954
35.16612485,0.1052437735
35.18613972,0.1023178819
35.20615459,0.09883181421
35.22616946,0.09487646695
35.24618433,0.09054566596
35.2661992,0.08591626392
35.28621406,0.0810848786
35.30622893,0.07613516468
35.3262438,0.07117756144
35.34625867,0.06633347593
35.36627354,0.06166511634
35.38628841,0.05725927685
35.40630328,0.05318750697
35.42631815,0.04948192855
35.44633302,0.04620204581
35.46634789,0.04337428746
35.48636275,0.040998422
35.50637762,0.03906098132
35.52639249,0.03754963128
35.54640736,0.03640602909
35.56642223,0.03554999594
35.5864371,0.03491371866
35.60645197,0.03443591509
35.62646684,0.03406276917
35.64648171,0.03371223818
35.66649658,0.03329773208
35.68651144,0.03279435045
35.70652631,0.03214370276
35.72654118,0.03131419355
35.74655605,0.03024885492
35.76657092,0.02892197514
35.78658579,0.02731414432
35.80660066,0.0254027376
35.82661553,0.02320186521
35.8466304,0.02071017073
35.86664527,0.01795157027
35.88666013,0.01495991406
35.906675,0.01177317062
35.92668987,0.00841880244
35.94670474,0.00494888832
35.96671961,0.00141840859
35.98673448,-0.002112527173
36.00674935,-0.005559997356
36.02676422,-0.008870143543
36.04677909,-0.01198615117
36.06679396,-0.01485695504
36.08680882,-0.01745537548
36.10682369,-0.01977365755
36.12683856,-0.02177559786
36.14685343,-0.02343227856
36.1668683,-0.02475601923
36.18688317,-0.02574348685
36.20689804,-0.02637196623
36.22691291,-0.02662833756
36.24692778,-0.02646341078
36.26694265,-0.0258662569
36.28695751,-0.0248060838
36.30697238,-0.02329513517
36.32698725,-0.0213100692
36.34700212,-0.01881832566
36.36701699,-0.0158404502
36.38703186,-0.01235787904
36.40704673,-0.008357108553
36.4270616,-0.003825045428
36.44707647,0.001185990767
36.46709134,0.006676914379
36.4871062,0.01265021514
36.50712107,0.01909243701
36.52713594,0.02595576806
36.54715081,0.0331846742
36.56716568,0.04073400213
36.58718055,0.04856159467
36.60719542,0.05664651592
36.62721029,0.06490288727
36.64722516,0.07322406212
36.66724003,0.08156076748
36.68725489,0.08982151931
36.70726976,0.09784601168
36.72728463,0.1055239228
36.7472995,0.1127699582
36.76731437,0.1194404018
36.78732924,0.1254550485
36.80734411,0.1307308729
36.82735898,0.135247699
36.84737385,0.1389450218
36.86738872,0.1418118042
36.88740358,0.1438341714
36.90741845,0.1449891751
36.92743332,0.1453051707
36.94744819,0.1448663969
36.96746306,0.1437236871
36.98747793,0.1418963824
37.0074928,0.1394244515
37.02750767,0.1363435233
37.04752254,0.1326793593
37.06753741,0.1284502702
37.08755228,0.1237441217
37.10756714,0.1186285799
37.12758201,0.1131721032
37.14759688,0.1074114714
37.16761175,0.1014040485
37.18762662,0.095237512
37.20764149,0.08892826545
37.22765636,0.08251949325
37.24767123,0.07601758669
37.2676861,0.06944091521
37.28770097,0.06279095773
37.30771583,0.05607628105
37.3277307,0.04928807721
37.34774557,0.04237186946
37.36776044,0.0352732252
37.38777531,0.02799192171
37.40779018,0.02053106331
37.42780505,0.0129208933
37.44781992,0.005166957529
37.46783479,-0.002678376567
37.48784966,-0.01056041423
37.50786452,-0.0183792642
37.52787939,-0.02608618772
37.54789426,-0.03361722978
37.56790913,-0.04091759788
37.587924,-0.04791561839
37.60793887,-0.05456769062
37.62795374,-0.06079766922
37.64796861,-0.06652009261
37.66798348,-0.0716606357
37.68799835,-0.07616780699
37.70801321,-0.08000314447
37.72802808,-0.08310156434
37.74804295,-0.08540517564
37.76805782,-0.08686495561
37.78807269,-0.08743903177
37.80808756,-0.08707214917
37.82810243,-0.08575508965
37.8481173,-0.08348209114
37.86813217,-0.08023253637
37.88814704,-0.07603709253
37.9081619,-0.07091379001
37.92817677,-0.06492572231
37.94819164,-0.05811447007
37.96820651,-0.05053545339
37.98822138,-0.04222856846
38.00823625,-0.03331902028
38.02825112,-0.02389291988
38.04826599,-0.01403784984
38.06828086,-0.003867640178
38.08829573,0.006505681728
38.10831059,0.01696189022
38.12832546,0.0274081093
38.14834033,0.0377139499
38.1683552,0.04781599681
38.18837007,0.05762522091
38.20838494,0.06706753776
38.22839981,0.07604265089
38.24841468,0.08451016434
38.26842955,0.09240453021
38.28844442,0.09969697261
38.30845928,0.1063059794
38.32847415,0.1122046365
38.34848902,0.1173683247
38.36850389,0.1218563863
38.38851876,0.1256540908
38.40853363,0.1287364909
38.4285485,0.1311193971
38.44856337,0.1328155908
38.46857824,0.1338579626
38.48859311,0.1342647037
38.50860797,0.1341208497
38.52862284,0.1334745166
38.54863771,0.132370874
38.56865258,0.1308729856
38.58866745,0.1289902527
38.60868232,0.1267442467
38.62869719,0.1241437834
38.64871206,0.1212078524
38.66872693,0.1179637324
38.6887418,0.1144332473
38.70875666,0.1105779253
38.72877153,0.1063838833
38.7487864,0.1018595548
38.76880127,0.09699318314
38.78881614,0.09180200315
38.80883101,0.0862610147
38.82884588,0.08036860138
38.84886075,0.07419550042
38.86887562,0.06778729413
38.88889049,0.0611779002
38.90890535,0.05439138951
38.92892022,0.04748916576
38.94893509,0.04053458951
38.96894996,0.03359369313
38.98896483,0.02671385265
39.0089797,0.01999129574
39.02899457,0.01350108359
39.04900944,0.007288949237
39.06902431,0.001373079782
39.08903918,-0.004201724847
39.10905405,-0.009406749865
39.12906891,-0.01421074429
39.14908378,-0.01864357729
39.16909865,-0.02271683688
39.18911352,-0.02640469127
39.20912839,-0.02969693975
39.22914326,-0.0326306495
39.24915813,-0.03526265214
39.269173,-0.0376072793
39.28918787,-0.03971070158
39.30920274,-0.04160567361
39.3292176,-0.04331134747
39.34923247,-0.04486073215
39.36924734,-0.04628593184
39.38926221,-0.04760603388
39.40927708,-0.04881718297
39.42929195,-0.04989357366
39.44930682,-0.05087099404
39.46932169,-0.05173260372
39.48933656,-0.0524807095
39.50935143,-0.05304968793
39.52936629,-0.05341698456
39.54938116,-0.05354467622
39.56939603,-0.05342251799
39.5894109,-0.05300401561
39.60942577,-0.05226566383
39.62944064,-0.05119680126
39.64945551,-0.04977588374
39.66947038,-0.04800015344
39.68948525,-0.04583891433
39.70950012,-0.04331354605
39.72951498,-0.04040979655
39.74952985,-0.0371625123
39.76954472,-0.03359699075
39.78955959,-0.02978537161
39.80957446,-0.02580269085
39.82958933,-0.02170109029
39.8496042,-0.01751292592
39.86961907,-0.01331794856
39.88963394,-0.009196598708
39.90964881,-0.005206703137
39.92966367,-0.001392174687
39.94967854,0.002163397284
39.96969341,0.00545125612
39.98970828,0.008420154832
40.00972315,0.01101381164
40.02973802,0.01325495433
40.04975289,0.01515650894
40.06976776,0.01671799268
40.08978263,0.01794856459
40.1097975,0.01885416658
40.12981236,0.01945086973
40.14982723,0.01978016082
40.1698421,0.01989552961
40.18985697,0.01982136826
40.20987184,0.01961843
40.22988671,0.0193502455
40.24990158,0.0190694595
40.26991645,0.0188542503
40.28993132,0.01876417868
40.30994619,0.01882540982
40.32996105,0.0190601925
40.34997592,0.01951644818
40.36999079,0.02022717018
40.39000566,0.02116542344
40.41002053,0.02226996478
40.4300354,0.02351199259
40.45005027,0.02484671793
40.47006514,0.02620809744
40.49008001,0.02751792901
40.51009488,0.02871770043
40.53010974,0.02977200338
40.55012461,0.03062602724
40.57013948,0.03123196276
40.59015435,0.03156891287
40.61016922,0.03158305997
40.63018409,0.03120332171
40.65019896,0.03043695464
40.67021383,0.02928949701
40.6902287,0.02770069364
40.71024357,0.02565314077
40.73025843,0.02314597389
40.7502733,0.02017525142
40.77028817,0.01677055792
40.79030304,0.01297327616
40.81031791,0.00883190061
40.83033278,0.004430342905
40.85034765,-0.0001606239905
40.87036252,-0.004855536316
40.89037739,-0.009601287117
40.91039226,-0.01431786621
40.93040712,-0.01893378841
40.95042199,-0.02343842542
40.97043686,-0.02777648419
40.99045173,-0.03191543459
41.0104666,-0.03586835537
41.03048147,-0.0396606646
41.05049634,-0.04330466366
41.07051121,-0.04677206323
41.09052608,-0.05006286185
41.11054095,-0.05319234054
41.13055581,-0.05618012327
41.15057068,-0.059022864
41.17058555,-0.06173058076
41.19060042,-0.06430519766
41.21061529,-0.06679566891
41.23063016,-0.06924093535
41.25064503,-0.07164690022
41.2706599,-0.07403314986
41.29067477,-0.07641560314
41.31068964,-0.0788062594
41.33070451,-0.08122951222
41.35071937,-0.08366418625
41.37073424,-0.08612891196
41.39074911,-0.08861742041
41.41076398,-0.09109941937
41.43077885,-0.09352971872
41.45079372,-0.09587634974
41.47080859,-0.09811995292
41.49082346,-0.1002422414
41.51083833,-0.1022149854
41.5308532,-0.1040365398
41.55086806,-0.105705901
41.57088293,-0.1072053854
41.5908978,-0.108532109
41.61091267,-0.1096909005
41.63092754,-0.1106524415
41.65094241,-0.1113775011
41.67095728,-0.1118604405
41.69097215,-0.1120423876
41.71098702,-0.1118857598
41.73100189,-0.1113634151
41.75101675,-0.1104120016
41.77103162,-0.1089832491
41.79104649,-0.1070147893
41.81106136,-0.104480138
41.83107623,-0.1013210352
41.8510911,-0.0975293061
41.87110597,-0.09306584798
41.89112084,-0.08793370454
41.91113571,-0.08211303076
41.93115058,-0.07553897867
41.95116544,-0.06819770766
41.97118031,-0.0601257057
41.99119518,-0.05136028823
42.01121005,-0.0419309044
42.03122492,-0.03187407179
42.05123979,-0.0212419764
42.07125466,-0.01019124392
42.09126953,0.001204056796
42.1112844,0.01282970067
42.13129927,0.02449554613
42.15131413,0.03607732714
42.171329,0.04736038121
42.19134387,0.05819168837
42.21135874,0.06833129222
42.23137361,0.07766854884
42.25138848,0.08616452669
42.27140335,0.09360695288
42.29141822,0.09982377591
42.31143309,0.1047250113
42.33144796,0.1082725206
42.35146282,0.1103906906
42.37147769,0.1110440141
42.39149256,0.1102127221
42.41150743,0.1079218172
42.4315223,0.1041678474
42.45153717,0.09899323212
42.47155204,0.09246461699
42.49156691,0.08469934236
42.51158178,0.07585585482
42.53159665,0.06611414794
42.55161151,0.05558177553
42.57162638,0.04440922593
42.59164125,0.03273891744
42.61165612,0.02078975591
42.63167099,0.008698362219
42.65168586,-0.003316759784
42.67170073,-0.0151026582
42.6917156,-0.02645298478
42.71173047,-0.03725227816
42.73174534,-0.04738224188
42.7517602,-0.05667521391
42.77177507,-0.06502173514
42.79178994,-0.07227994729
42.81180481,-0.07836089935
42.83181968,-0.08322186109
42.85183455,-0.08685264382
42.87184942,-0.08926555344
42.89186429,-0.0904578639
42.91187916,-0.09045002604
42.93189403,-0.08925069548
42.95190889,-0.08693891165
42.97192376,-0.0835966029
42.99193863,-0.07930999643
43.0119535,-0.07415980194
43.03196837,-0.06824252541
43.05198324,-0.06169615655
43.07199811,-0.05461790877
43.09201298,-0.04707738848
43.11202785,-0.03919774956
43.13204272,-0.03115378463
43.15205758,-0.02308763525
43.17207245,-0.0150742047
43.19208732,-0.007240203506
43.21210219,0.0003079701841
43.23211706,0.007439856246
43.25213193,0.01414901256
43.2721468,0.02037746742
43.29216167,0.026047352
43.31217654,0.03111229239
43.33219141,0.03559721948
43.35220628,0.03950080003
43.37222114,0.04287541324
43.39223601,0.04570647095
43.41225088,0.04799616532
43.43226575,0.04982808136
43.45228062,0.05129562294
43.47229549,0.05247875727
43.49231036,0.05346313241
43.51232523,0.05433809205
43.5323401,0.05520366089
43.55235497,0.0561565792
43.57236983,0.05726533916
43.5923847,0.05860673551
43.61239957,0.06032781172
43.63241444,0.06251342303
43.65242931,0.06520364125
43.67244418,0.06844187244
43.69245905,0.07226460888
43.71247392,0.07667579195
43.73248879,0.08161966551
43.75250366,0.0870759128
43.77251852,0.09302767955
43.79253339,0.09938606274
43.81254826,0.1060259655
43.83256313,0.112854811
43.852578,0.1196823111
43.87259287,0.1263654171
43.89260774,0.1328274128
43.91262261,0.1388486335
43.93263748,0.1442528016
43.95265235,0.1489023195
43.97266721,0.1526179238
43.99268208,0.1552593067
44.01269695,0.1567097014
44.03271182,0.1568565017
44.05272669,0.1556796724
44.07274156,0.1531021362
44.09275643,0.1490696069
44.1127713,0.1436112743
44.13278617,0.1367804564
44.15280104,0.1286240188
44.1728159,0.1192213763
44.19283077,0.1086770804
44.21284564,0.09712946061
44.23286051,0.08464183104
44.25287538,0.07141034721
44.27289025,0.05770886579
44.29290512,0.04368399478
44.31291999,0.02950713325
44.33293486,0.01531561614
44.35294973,0.001285269983
44.37296459,-0.01234371407
44.39297946,-0.02547247416
44.41299433,-0.03789034576
44.4330092,-0.04944447985
44.45302407,-0.06006576658
44.47303894,-0.06966507414
44.49305381,-0.07817049827
44.51306868,-0.08549941285
44.53308355,-0.09156685811
44.55309842,-0.09633246925
44.57311328,-0.09983550553
44.59312815,-0.1020668908
44.61314302,-0.1030350317
44.63315789,-0.1027013572
44.65317276,-0.1011358161
44.67318763,-0.09840582288
44.6932025,-0.09458955649
44.71321737,-0.08974366627
44.73323224,-0.08397572829
44.75324711,-0.07744336197
44.77326197,-0.0702194338
44.79327684,-0.06243447212
44.81329171,-0.0542887269
44.83330658,-0.04588121721
44.85332145,-0.03737571908
44.87333632,-0.02891863104
44.89335119,-0.02069862161
44.91336606,-0.01294634275
44.93338093,-0.005750972953
44.9533958,0.0007742499017
44.97341066,0.006478652702
44.99342553,0.01120681595
45.0134404,0.01490983283
45.03345527,0.01755074359
45.05347014,0.01909266376
45.07348501,0.01960706406
45.09349988,0.01917515392
45.11351475,0.01789986782
45.13352962,0.01584045657
45.15354449,0.01315250611
45.17355935,0.009996478112
45.19357422,0.006545788294
45.21358909,0.003024516042
45.23360396,-0.0003711851357
45.25361883,-0.00341763076
45.2736337,-0.00597723062
45.29364857,-0.007884086987
45.31366344,-0.008939584756
45.33367831,-0.008983771337
45.35369318,-0.007915082918
45.37370805,-0.005714754828
45.39372291,-0.002306548045
45.41373778,0.002348636728
45.43375265,0.008179983865
45.45376752,0.01510250181
45.47378239,0.02303531012
45.49379726,0.03184542948
45.51381213,0.04131811718
45.533827,0.05130535603
45.55384187,0.06160660188
45.57385674,0.0719958425
45.5938716,0.08219566692
45.61388647,0.092060378
45.63390134,0.1013585923
45.65391621,0.1099105985
45.67393108,0.1176538237
45.69394595,0.1244107888
45.71396082,0.1301492722
45.73397569,0.1347141943
45.75399056,0.1381104022
45.77400543,0.1403505761
45.79402029,0.1414560547
45.81403516,0.1414274504
45.83405003,0.1403193185
45.8540649,0.1382151956
45.87407977,0.1352001336
45.89409464,0.1314240289
45.91410951,0.1270288477
45.93412438,0.122117719
45.95413925,0.1167949383
45.97415412,0.1112144368
45.99416898,0.1055482366
46.01418385,0.09984141595
46.03419872,0.09415852587
46.05421359,0.08857327798
46.07422846,0.08316654657
46.09424333,0.07801093111
46.1142582,0.07316765322
46.13427307,0.06866199455
46.15428794,0.06450511676
46.17430281,0.06066393499
46.19431767,0.05717811212
46.21433254,0.05408086474
46.23434741,0.05133494066
46.25436228,0.04886950984
46.27437715,0.04664121407
46.29439202,0.04460335409
46.31440689,0.04267849134
46.33442176,0.04085186331
46.35443663,0.03905676028
46.3744515,0.03725255722
46.39446636,0.03539706732
46.41448123,0.03349048367
46.4344961,0.03155057906
46.45451097,0.02950792274
46.47452584,0.0272541839
46.49454071,0.02481776796
46.51455558,0.02215785765
46.53457045,0.01923814875
46.55458532,0.01606041377
46.57460019,0.01253076592
46.59461505,0.008635335007
46.61462992,0.004391931896
46.63464479,-0.0001931192099
46.65465966,-0.005135748717
46.67467453,-0.01040431752
46.6946894,-0.01599137492
46.71470427,-0.02182908835
46.73471914,-0.02779113083
46.75473401,-0.03377974404
46.77474888,-0.0397370304
46.79476374,-0.04555415285
46.81477861,-0.05113133462
46.83479348,-0.05634226804
46.85480835,-0.06108986501
46.87482322,-0.06522069087
46.89483809,-0.06861076105
46.91485296,-0.07123807733
46.93486783,-0.07292836222
46.9548827,-0.07357224048
46.97489757,-0.07310207559
46.99491243,-0.0713368643
47.0149273,-0.06833385548
47.03494217,-0.06408277772
47.05495704,-0.05853667495
47.07497191,-0.05181253921
47.09498678,-0.04400787467
47.11500165,-0.03523741098
47.13501652,-0.0256669413
47.15503139,-0.015476558
47.17504626,-0.004825717857
47.19506112,0.006085981699
47.21507599,0.01699252377
47.23509086,0.0277216333
47.25510573,0.03810885782
47.2751206,0.04773756594
47.29513547,0.05644604296
47.31515034,0.06407931799
47.33516521,0.07046725218
47.35518008,0.07545440103
47.37519495,0.07890042668
47.39520982,0.08069449579
47.41522468,0.08081886932
47.43523955,0.07922011795
47.45525442,0.07593272646
47.47526929,0.0710902351
47.49528416,0.06478060607
47.51529903,0.05714629817
47.5353139,0.04833960411
47.55532877,0.03855140364
47.57534364,0.02796500157
47.59535851,0.01678034064
47.61537337,0.005186491214
47.63538824,-0.006762592356
47.65540311,-0.01882489361
47.67541798,-0.03081295247
47.69543285,-0.04250827209
47.71544772,-0.05381987527
47.73546259,-0.06455525489
47.75547746,-0.07459410357
47.77549233,-0.08387927904
47.7955072,-0.09248483752
47.81552206,-0.1003615122
47.83553693,-0.1074238938
47.8555518,-0.113735377
47.87556667,-0.1194286115
47.89558154,-0.1245059242
47.91559641,-0.1290367809
47.93561128,-0.1331188004
47.95562615,-0.1368991965
47.97564102,-0.140386561
47.99565589,-0.1436245084
48.01567075,-0.1466713889
48.03568562,-0.1496309519
48.05570049,-0.1524883774
48.07571536,-0.155318604
48.09573023,-0.1581491267
48.1157451,-0.1610734075
48.13575997,-0.1640344225
48.15577484,-0.1669899782
48.17578971,-0.1699379332
48.19580458,-0.1728439778
48.21581944,-0.1756806717
48.23583431,-0.1783270721
48.25584918,-0.1807729588
48.27586405,-0.1830081858
48.29587892,-0.1849277169
48.31589379,-0.1865014082
48.33590866,-0.187663771
48.35592353,-0.1883952425
48.3759384,-0.188613478
48.39595327,-0.1883820339
48.41596813,-0.1876325737
48.435983,-0.1862439925
48.45599787,-0.1841583456
48.47601274,-0.1811503595
48.49602761,-0.1773551733
48.51604248,-0.1726525921
48.53605735,-0.1670021029
48.55607222,-0.1603874017
48.57608709,-0.1527180601
48.59610196,-0.1439767479
48.61611682,-0.1341888828
48.63613169,-0.1234263763
48.65614656,-0.1118618423
48.67616143,-0.09954677608
48.6961763,-0.08644969445
48.71619117,-0.07266172149
48.73620604,-0.05829042473
48.75622091,-0.04354076614
48.77623578,-0.02854240699
48.79625065,-0.0135955357
48.81626551,0.001220796907
48.83628038,0.0156733608
48.85629525,0.02959173706
48.87631012,0.04286124825
48.89632499,0.05514529715
48.91633986,0.06621901591
48.93635473,0.07602303923
48.9563696,0.08454567547
48.97638447,0.09182077414
48.99639934,0.09765400295
49.0164142,0.1018798208
49.03642907,0.1045733153
49.05644394,0.1059133213
49.07645881,0.1060700841
49.09647368,0.1051376736
49.11648855,0.1031399751
49.13650342,0.1002017706
49.15651829,0.09655800715
49.17653316,0.09253964068
49.19654803,0.08809004627
49.21656289,0.08333924051
49.23657776,0.07851444145
49.25659263,0.07385204976
49.2766075,0.06957812236
49.29662237,0.06568744296
49.31663724,0.06206868383
49.33665211,0.05891253896
49.35666698,0.05636515565
49.37668185,0.054511312
49.39669672,0.05321359799
49.41671159,0.05234537809
49.43672645,0.05180450944
49.45674132,0.05173450396
49.47675619,0.05194238771
49.49677106,0.05218755105
49.51678593,0.05252317839
49.5368008,0.0529004228
49.55681567,0.05313158781
49.57683054,0.05303056684
49.59684541,0.05276116169
49.61686028,0.05225037525
49.63687514,0.05135536985
49.65689001,0.05012786
49.67690488,0.04864989034
49.69691975,0.04673109224
49.71693462,0.04441559856
49.73694949,0.04175059595
49.75696436,0.03867769964
49.77697923,0.03526264879
49.7969941,0.0315840275
49.81700897,0.0278014907
49.83702383,0.02397016243
49.8570387,0.0202161095
49.87705357,0.01659125669
49.89706844,0.01295911798
49.91708331,0.009723506091
49.93709818,0.006872657689
49.95711305,0.004436497229
49.97712792,0.002415950921
49.99714279,0.0006369886534
50.01715766,0.002443979651
