0,-0.001433994643
0.01995900078,0.003148480004
0.03991800156,0.004013875028
0.05987700233,0.004111758486
0.07983600311,0.004047420008
0.09979500389,0.004040090287
0.1197540047,0.003954725759
0.1397130054,0.003973541738
0.1596720062,0.003828300766
0.179631007,0.003856521127
0.1995900078,0.003819532389
0.2195490086,0.003735389186
0.2395080093,0.00379141767
0.2594670101,0.003908781515
0.2794260109,0.003838004169
0.2993850117,0.003760598683
0.3193440124,0.003890073581
0.3393030132,0.004010704732
0.359262014,0.004046186955
0.3792210148,0.004153311189
0.3991800156,0.004215353526
0.4191390163,0.004337126412
0.4390980171,0.004487417839
0.4590570179,0.004563376509
0.4790160187,0.004623671757
0.4989750194,0.004773124627
0.5189340202,0.004892561579
0.538893021,0.004884950228
0.5588520218,0.004830919536
0.5788110226,0.004972565304
0.5987700233,0.005127370788
0.6187290241,0.005284258917
0.6386880249,0.005262101432
0.6586470257,0.005272844083
0.6786060264,0.005352165037
0.6985650272,0.005516595146
0.718524028,0.005568799249
0.7384830288,0.005649732704
0.7584420296,0.005736306312
0.7784010303,0.005905435986
0.7983600311,0.006018327528
0.8183190319,0.006175357219
0.8382780327,0.006293269286
0.8582370334,0.00635345654
0.8781960342,0.006479367509
0.898155035,0.006650599173
0.9181140358,0.00676446977
0.9380730366,0.006828133793
0.9580320373,0.006970029376
0.9779910381,0.007088050958
0.9979500389,0.007173251058
1.01790904,0.007379510821
1.03786804,0.007507590359
1.057827041,0.007611228712
1.077786042,0.00767496946
1.097745043,0.007843571218
1.117704044,0.007949466055
1.137663044,0.008169870829
1.157622045,0.00826287631
1.177581046,0.008329228718
1.197540047,0.008406063908
1.217499047,0.008491829758
1.237458048,0.008578649784
1.257417049,0.008706591157
1.27737605,0.008830534913
1.297335051,0.008937137759
1.317294051,0.009092289502
1.337253052,0.009158870994
1.357212053,0.009216559606
1.377171054,0.009326636543
1.397130054,0.009441983353
1.417089055,0.00946240148
1.437048056,0.00960844401
1.457007057,0.00973543558
1.476966058,0.009931023634
1.496925058,0.01011183505
1.516884059,0.01021197903
1.53684306,0.01038311928
1.556802061,0.01055070856
1.576761061,0.01065467219
1.596720062,0.01078298704
1.616679063,0.01092603015
1.636638064,0.01103642182
1.656597065,0.01122195978
1.676556065,0.0114364728
1.696515066,0.0116078166
1.716474067,0.01172744671
1.736433068,0.01181293335
1.756392068,0.01189452508
1.776351069,0.0119895437
1.79631007,0.01218241446
1.816269071,0.01239580658
1.836228072,0.01263804384
1.856187072,0.012901347
1.876146073,0.01306967545
1.896105074,0.01312524791
1.916064075,0.01312306745
1.936023075,0.01319788434
1.955982076,0.01329042033
1.975941077,0.01337413709
1.995900078,0.0134782463
2.015859079,0.01363591222
2.035818079,0.01378538543
2.05577708,0.01386628998
2.075736081,0.01386297781
2.095695082,0.01382968453
2.115654082,0.01383117578
2.135613083,0.01382806477
2.155572084,0.01376608396
2.175531085,0.01374833533
2.195490086,0.01380790498
2.215449086,0.01383650436
2.235408087,0.013814208
2.255367088,0.01377982837
2.275326089,0.01366926579
2.295285089,0.01351960661
2.31524409,0.01334970963
2.335203091,0.01316093201
2.355162092,0.01299158791
2.375121093,0.01290739372
2.395080093,0.01283683941
2.415039094,0.01267516868
2.434998095,0.01247746691
2.454957096,0.01229769834
2.474916096,0.01206924784
2.494875097,0.01183974533
2.514834098,0.01164186754
2.534793099,0.01143335233
2.5547521,0.01117923863
2.5747111,0.01094089155
2.594670101,0.01073264095
2.614629102,0.01052028839
2.634588103,0.01029271064
2.654547103,0.01008577108
2.674506104,0.009910665272
2.694465105,0.009751088701
2.714424106,0.009542564204
2.734383107,0.009284009112
2.754342107,0.009054356749
2.774301108,0.008841693576
2.794260109,0.008644886576
2.81421911,0.008451037291
2.83417811,0.008306748699
2.854137111,0.008164626288
2.874096112,0.008006307921
2.894055113,0.007864848351
2.914014114,0.00772786555
2.933973114,0.00757276282
2.953932115,0.007429586367
2.973891116,0.007295610088
2.993850117,0.007149386866
3.013809117,0.007059450706
3.033768118,0.007039491862
3.053727119,0.006996709855
3.07368612,0.006910766183
3.093645121,0.00680763417
3.113604121,0.006719541355
3.133563122,0.006659561218
3.153522123,0.006600533421
3.173481124,0.006518498221
3.193440124,0.006415494588
3.213399125,0.0063276473
3.233358126,0.006281905906
3.253317127,0.006246176132
3.273276128,0.006207206423
3.293235128,0.006181219045
3.313194129,0.006148529936
3.33315313,0.006095321357
3.353112131,0.006030093769
3.373071131,0.005942805946
3.393030132,0.005820342714
3.412989133,0.005682784303
3.432948134,0.005590220748
3.452907135,0.005552995502
3.472866135,0.005520158488
3.492825136,0.005484390232
3.512784137,0.005454024902
3.532743138,0.005378518234
3.552702138,0.005310668111
3.572661139,0.00525596961
3.59262014,0.005186727961
3.612579141,0.005104298381
3.632538142,0.005044282184
3.652497142,0.004983487986
3.672456143,0.00493715039
3.692415144,0.004900465456
3.712374145,0.004862523831
3.732333145,0.004798837871
3.752292146,0.004712118158
3.772251147,0.004623287182
3.792210148,0.004583830571
3.812169149,0.004569664402
3.832128149,0.004544626348
3.85208715,0.004492747191
3.872046151,0.004454654812
3.892005152,0.004453564313
3.911964152,0.00444779649
3.931923153,0.00440109418
3.951882154,0.004347812673
3.971841155,0.004310488682
3.991800156,0.004280307881
4.011759156,0.004269206659
4.031718157,0.004261317993
4.051677158,0.004239604927
4.071636159,0.004179329073
4.091595159,0.00414246075
4.11155416,0.004151878725
4.131513161,0.004170201479
4.151472162,0.004176901695
4.171431163,0.004135674722
4.191390163,0.004078874091
4.211349164,0.004023980371
4.231308165,0.003980071878
4.251267166,0.003949175099
4.271226166,0.003915889148
4.291185167,0.003909180758
4.311144168,0.003933791179
4.331103169,0.004003953853
4.35106217,0.004068785564
4.37102117,0.004135128221
4.390980171,0.004211260772
4.410939172,0.004241706202
4.430898173,0.004257905672
4.450857173,0.004250015241
4.470816174,0.004246648934
4.490775175,0.004249313312
4.510734176,0.004262034516
4.530693177,0.004281858591
4.550652177,0.004344893393
4.570611178,0.004406411548
4.590570179,0.004446686617
4.61052918,0.004476818942
4.63048818,0.004490130104
4.650447181,0.004492597103
4.670406182,0.004519935264
4.690365183,0.004555106189
4.710324184,0.004606995604
4.730283184,0.004653432168
4.750242185,0.004687630063
4.770201186,0.004739958692
4.790160187,0.004819998628
4.810119187,0.004872380881
4.830078188,0.004892096798
4.850037189,0.004930722643
4.86999619,0.004964618776
4.889955191,0.004997690776
4.909914191,0.005030919972
4.929873192,0.00508150851
4.949832193,0.00511771128
4.969791194,0.005133570157
4.989750194,0.005156092955
5.009709195,0.005208763232
5.029668196,0.00526486398
5.049627197,0.005316854898
5.069586198,0.005379521753
5.089545198,0.005463906396
5.109504199,0.005513603207
5.1294632,0.005546733831
5.149422201,0.005581756269
5.169381201,0.005606606192
5.189340202,0.005636760225
5.209299203,0.005691217981
5.229258204,0.005763721599
5.249217205,0.005844574241
5.269176205,0.005923030338
5.289135206,0.006021129031
5.309094207,0.006143499973
5.329053208,0.006268823231
5.349012208,0.006372261077
5.368971209,0.006458325696
5.38893021,0.006552641357
5.408889211,0.006669819203
5.428848212,0.006759928897
5.448807212,0.006859970678
5.468766213,0.006984214415
5.488725214,0.007114174784
5.508684215,0.007205716885
5.528643215,0.007275275921
5.548602216,0.007358748668
5.568561217,0.007457935899
5.588520218,0.007524376605
5.608479219,0.007546854538
5.628438219,0.00757479658
5.64839722,0.007636797947
5.668356221,0.00769089529
5.688315222,0.007735528121
5.708274222,0.007811500481
5.728233223,0.007924144016
5.748192224,0.008026773953
5.768151225,0.008084025611
5.788110226,0.008137283011
5.808069226,0.008192089316
5.828028227,0.008241837236
5.847987228,0.008272524849
5.867946229,0.008264264865
5.887905229,0.008278911895
5.90786423,0.008324934404
5.927823231,0.008353223698
5.947782232,0.008379759387
5.967741233,0.008412292892
5.987700233,0.00845630119
6.007659234,0.008492378843
6.027618235,0.008518025522
6.047577236,0.008568179035
6.067536236,0.008621035859
6.087495237,0.008635456039
6.107454238,0.008615617323
6.127413239,0.008601849907
6.14737224,0.0085946417
6.16733124,0.008592162928
6.187290241,0.008567782549
6.207249242,0.008531737338
6.227208243,0.008532958408
6.247167243,0.008552808947
6.267126244,0.008547614548
6.287085245,0.00853896267
6.307044246,0.008539352234
6.327003247,0.008532434618
6.346962247,0.008499125534
6.366921248,0.008445053341
6.386880249,0.008381415098
6.40683925,0.008318853533
6.42679825,0.008260977876
6.446757251,0.008191069195
6.466716252,0.008096130775
6.486675253,0.008048922702
6.506634254,0.008031727192
6.526593254,0.007978149654
6.546552255,0.007881151499
6.566511256,0.007773552264
6.586470257,0.007679593107
6.606429257,0.007591578865
6.626388258,0.007476534088
6.646347259,0.007341759112
6.66630626,0.007210484712
6.686265261,0.007112287067
6.706224261,0.007029573064
6.726183262,0.006923760035
6.746142263,0.006851114375
6.766101264,0.00680624817
6.786060264,0.006741754845
6.806019265,0.006669049004
6.825978266,0.006598551953
6.845937267,0.0065307569
6.865896268,0.006440569202
6.885855268,0.006337295669
6.905814269,0.006207099079
6.92577327,0.006086536365
6.945732271,0.006003069266
6.965691271,0.005947459635
6.985650272,0.005885239571
7.005609273,0.005826943205
7.025568274,0.005803186218
7.045527275,0.005791505274
7.065486275,0.00577335176
7.085445276,0.005743489874
7.105404277,0.005724264736
7.125363278,0.005708381699
7.145322278,0.005672811699
7.165281279,0.005637830607
7.18524028,0.005605118678
7.205199281,0.005598535385
7.225158282,0.005607858523
7.245117282,0.005658886013
7.265076283,0.005736384354
7.285035284,0.005832717183
7.304994285,0.005965299205
7.324953285,0.006112634579
7.344912286,0.006261204897
7.364871287,0.006415815417
7.384830288,0.006571256853
7.404789289,0.006740699421
7.424748289,0.006912931653
7.44470729,0.007047522308
7.464666291,0.007194343685
7.484625292,0.007350173571
7.504584292,0.007519709095
7.524543293,0.007726371456
7.544502294,0.007940504767
7.564461295,0.00815663245
7.584420296,0.008405775836
7.604379296,0.008684321257
7.624338297,0.008960769104
7.644297298,0.009199547097
7.664256299,0.00944989133
7.684215299,0.009706094807
7.7041743,0.009958049292
7.724133301,0.01020587703
7.744092302,0.01044159644
7.764051303,0.01067602035
7.784010303,0.01091374601
7.803969304,0.01118295005
7.823928305,0.01145800857
7.843887306,0.01173942035
7.863846306,0.01200511934
7.883805307,0.01228161487
7.903764308,0.01257530189
7.923723309,0.01284617751
7.94368231,0.01310451862
7.96364131,0.01336594006
7.983600311,0.01362436362
8.003559312,0.01387975898
8.023518313,0.01411278354
8.043477313,0.0143300187
8.063436314,0.0145408844
8.083395315,0.01475834866
8.103354316,0.01497123571
8.123313317,0.01517064908
8.143272317,0.0153773538
8.163231318,0.01558798502
8.183190319,0.01578934775
8.20314932,0.01597657459
8.22310832,0.01613487668
8.243067321,0.01627192661
8.263026322,0.01638839789
8.282985323,0.01650178199
8.302944324,0.01661851918
8.322903324,0.01671897675
8.342862325,0.01679724143
8.362821326,0.01683942185
8.382780327,0.01688769057
8.402739327,0.0169369986
8.422698328,0.01700051798
8.442657329,0.01705648878
8.46261633,0.01713073688
8.482575331,0.01720792901
8.502534331,0.01726889575
8.522493332,0.01727871975
8.542452333,0.01727160811
8.562411334,0.01727110217
8.582370334,0.01728794882
8.602329335,0.01730512911
8.622288336,0.01730940723
8.642247337,0.01727461127
8.662206338,0.01722053962
8.682165338,0.01716025394
8.702124339,0.01712014012
8.72208334,0.01709719934
8.742042341,0.01707073199
8.762001341,0.0170673317
8.781960342,0.01707577911
8.801919343,0.0170630263
8.821878344,0.01702227978
8.841837345,0.0169561869
8.861796345,0.01688946797
8.881755346,0.01684623592
8.901714347,0.01679384617
8.921673348,0.0167482932
8.941632348,0.01669788572
8.961591349,0.01661933617
8.98155035,0.01652417177
9.001509351,0.01642712172
9.021468352,0.0163364489
9.041427352,0.01626153099
9.061386353,0.01622014893
9.081345354,0.01618398999
9.101304355,0.01610942233
9.121263355,0.0160242972
9.141222356,0.01595024914
9.161181357,0.01586850048
9.181140358,0.01578435824
9.201099359,0.01569230782
9.221058359,0.01558420716
9.24101736,0.01549084752
9.260976361,0.01541042043
9.280935362,0.01531731348
9.300894362,0.01519777089
9.320853363,0.01506373528
9.340812364,0.01494415741
9.360771365,0.01484616817
9.380730366,0.01477971857
9.400689366,0.01472168829
9.420648367,0.01464133852
9.440607368,0.01453907686
9.460566369,0.0144168223
9.480525369,0.01429661502
9.50048437,0.01416063624
9.520443371,0.0140195432
9.540402372,0.01388019797
9.560361373,0.01372206507
9.580320373,0.01356215445
9.600279374,0.01338319678
9.620238375,0.01317323831
9.640197376,0.01294036054
9.660156376,0.01272044435
9.680115377,0.01249971711
9.700074378,0.01228279148
9.720033379,0.01205103155
9.73999238,0.01179387197
9.75995138,0.0115144291
9.779910381,0.01121963472
9.799869382,0.01091645791
9.819828383,0.01058836343
9.839787383,0.01022862792
9.859746384,0.009858260063
9.879705385,0.009479203411
9.899664386,0.009084187638
9.919623387,0.008657898271
9.939582387,0.008207513032
9.959541388,0.007735520868
9.979500389,0.007240104846
9.99945939,0.006743999822
10.01941839,0.00624712984
10.03937739,0.005711779949
10.05933639,0.005129452955
10.07929539,0.004518933861
10.09925439,0.003903226636
10.11921339,0.003256236267
10.1391724,0.002589859923
10.1591314,0.001919717884
10.1790904,0.001227757928
10.1990494,0.0005240481836
10.2190084,-0.0002160100934
10.2389674,-0.000983154538
10.2589264,-0.001779705989
10.2788854,-0.002601072509
10.2988444,-0.003427519963
10.3188034,-0.004240035086
10.3387624,-0.005049613236
10.3587214,-0.005881908369
10.3786804,-0.006726157712
10.39863941,-0.007563776328
10.41859841,-0.008387886094
10.43855741,-0.009205277373
10.45851641,-0.01003074149
10.47847541,-0.01086291494
10.49843441,-0.0116809121
10.51839341,-0.01247619051
10.53835241,-0.01324595365
10.55831141,-0.01402215015
10.57827041,-0.01479729629
10.59822941,-0.01556784484
10.61818841,-0.0163128529
10.63814741,-0.01700656774
10.65810642,-0.01766756349
10.67806542,-0.01830207048
10.69802442,-0.01889238801
10.71798342,-0.01944001314
10.73794242,-0.01995160662
10.75790142,-0.02043733364
10.77786042,-0.02089309058
10.79781942,-0.02130886314
10.81777842,-0.0216912309
10.83773742,-0.02202721953
10.85769642,-0.02231480437
10.87765542,-0.02254698035
10.89761442,-0.02273125189
10.91757343,-0.02287770873
10.93753243,-0.0229721675
10.95749143,-0.02301650786
10.97745043,-0.02299849916
10.99740943,-0.02292403798
11.01736843,-0.02279331912
11.03732743,-0.02261118142
11.05728643,-0.02238437716
11.07724543,-0.02210412582
11.09720443,-0.02180227601
11.11716343,-0.02145776333
11.13712243,-0.02108470492
11.15708143,-0.02067549268
11.17704044,-0.02023883889
11.19699944,-0.01975277216
11.21695844,-0.01923807614
11.23691744,-0.01869833801
11.25687644,-0.01813015216
11.27683544,-0.01752783186
11.29679444,-0.01689590713
11.31675344,-0.01625080074
11.33671244,-0.01559187036
11.35667144,-0.01492032881
11.37663044,-0.01425427894
11.39658944,-0.01359039937
11.41654844,-0.01293207651
11.43650745,-0.01228915563
11.45646645,-0.0116717628
11.47642545,-0.01107713819
11.49638445,-0.01047388584
11.51634345,-0.009881410822
11.53630245,-0.009327738085
11.55626145,-0.008812024015
11.57622045,-0.008319431865
11.59617945,-0.007843642768
11.61613845,-0.00738280271
11.63609745,-0.006935291219
11.65605645,-0.006523949555
11.67601546,-0.006153498681
11.69597446,-0.005806318923
11.71593346,-0.005459468809
11.73589246,-0.00511212129
11.75585146,-0.004794105581
11.77581046,-0.004524026957
11.79576946,-0.004316563455
11.81572846,-0.004132811072
11.83568746,-0.003956122422
11.85564646,-0.003774987646
11.87560546,-0.003623914815
11.89556446,-0.00347766654
11.91552346,-0.003326537806
11.93548247,-0.003169826283
11.95544147,-0.003011522963
11.97540047,-0.002842991915
11.99535947,-0.002676246219
12.01531847,-0.002502589939
12.03527747,-0.002296251842
12.05523647,-0.00206254669
12.07519547,-0.001800669934
12.09515447,-0.001510764147
12.11511347,-0.001193067379
12.13507247,-0.0008331653242
12.15503147,-0.000435568609
12.17499047,2.033667989e-005
12.19494948,0.0005245563405
12.21490848,0.00107865294
12.23486748,0.001685565864
12.25482648,0.002357909313
12.27478548,0.003111703298
12.29474448,0.003949831545
12.31470348,0.004884327088
12.33466248,0.0058809946
12.35462148,0.006948140923
12.37458048,0.008102561017
12.39453948,0.009372035043
12.41449848,0.01074913301
12.43445748,0.01221429147
12.45441649,0.01376230976
12.47437549,0.01538390938
12.49433449,0.01708809111
12.51429349,0.01885991912
12.53425249,0.02070593235
12.55421149,0.02262479058
12.57417049,0.02462346466
12.59412949,0.02669317003
12.61408849,0.02883250263
12.63404749,0.03104735978
12.65400649,0.03334378445
12.67396549,0.03567602709
12.69392449,0.03806719895
12.7138835,0.04053191528
12.7338425,0.04301691562
12.7538015,0.04559670323
12.7737605,0.04821757526
12.7937195,0.05089068376
12.8136785,0.05355544895
12.8336375,0.05628936121
12.8535965,0.05904127662
12.8735555,0.06178504365
12.8935145,0.06454584106
12.9134735,0.06735107657
12.9334325,0.07025188842
12.9533915,0.07314089183
12.97335051,0.07612225946
12.99330951,0.07917114346
13.01326851,0.08223548653
13.03322751,0.08531384215
13.05318651,0.08832824897
13.07314551,0.0912979261
13.09310451,0.0942476787
13.11306351,0.09705783349
13.13302251,0.09979402953
13.15298151,0.102434318
13.17294051,0.1049561039
13.19289951,0.1073310604
13.21285851,0.1095332405
13.23281752,0.1115996265
13.25277652,0.1135586724
13.27273552,0.1153740951
13.29269452,0.1170022489
13.31265352,0.1184589049
13.33261252,0.1197793932
13.35257152,0.120863371
13.37253052,0.1217282477
13.39248952,0.1223528455
13.41244852,0.1227927388
13.43240752,0.122977173
13.45236652,0.1229299782
13.47232553,0.1226327457
13.49228453,0.122088124
13.51224353,0.1212365275
13.53220253,0.1200440414
13.55216153,0.1185273309
13.57212053,0.1167780273
13.59207953,0.1147020448
13.61203853,0.1123229842
13.63199753,0.109534704
13.65195653,0.1063192255
13.67191553,0.1027602779
13.69187453,0.09869603853
13.71183353,0.09423194231
13.73179254,0.08928177453
13.75175154,0.08388764151
13.77171054,0.07788216106
13.79166954,0.07128982074
13.81162854,0.06427448552
13.83158754,0.05691011189
13.85154654,0.04920460765
13.87150554,0.04075714046
13.89146454,0.03164110316
13.91142354,0.02213370558
13.93138254,0.01182057137
13.95134154,0.0008017174102
13.97130054,-0.01105437411
13.99125955,-0.02366769817
14.01121855,-0.03704828768
14.03117755,-0.05129932059
14.05113655,-0.06572090086
14.07109555,-0.08158898539
14.09105455,-0.09771963506
14.11101355,-0.1151315114
14.13097255,-0.1329617978
14.15093155,-0.1518964032
14.17089055,-0.171855535
14.19084955,-0.1919432863
14.21080855,-0.2129902301
14.23076755,-0.234655286
14.25072656,-0.2573967527
14.27068556,-0.2811706173
14.29064456,-0.3054822015
14.31060356,-0.3311446968
14.33056256,-0.356694066
14.35052156,-0.3833646962
14.37048056,-0.4105703918
14.39043956,-0.4383749175
14.41039856,-0.466719695
14.43035756,-0.495702364
14.45031656,-0.5254174987
14.47027556,-0.5557217629
14.49023456,-0.5858642389
14.51019357,-0.6174732405
14.53015257,-0.6480909928
14.55011157,-0.6795312532
14.57007057,-0.7107241214
14.59002957,-0.7417365071
14.60998857,-0.7723354935
14.62994757,-0.8021202118
14.64990657,-0.8318732389
14.66986557,-0.8611498108
14.68982457,-0.8901245578
14.70978357,-0.9179717314
14.72974257,-0.9451764951
14.74970157,-0.9716038437
14.76966058,-0.9968521007
14.78961958,-1.021270841
14.80957858,-1.044544616
14.82953758,-1.065954524
14.84949658,-1.085868115
14.86945558,-1.104620164
14.88941458,-1.122070849
14.90937358,-1.1378856
14.92933258,-1.152078854
14.94929158,-1.164365232
14.96925058,-1.174972818
14.98920958,-1.183955401
15.00916858,-1.191046525
15.02912759,-1.196107806
15.04908659,-1.198870573
15.06904559,-1.199446109
15.08900459,-1.197481254
15.10896359,-1.19296248
15.12892259,-1.185777231
15.14888159,-1.175853908
15.16884059,-1.163289719
15.18879959,-1.147996233
15.20875859,-1.129479801
15.22871759,-1.107974965
15.24867659,-1.083971173
15.2686356,-1.057724407
15.2885946,-1.028020263
15.3085536,-0.9958796962
15.3285126,-0.9617653121
15.3484716,-0.9246224816
15.3684306,-0.8864920252
15.3883896,-0.8459324621
15.4083486,-0.8033218326
15.4283076,-0.7576050359
15.4482666,-0.7102052367
15.4682256,-0.6610504493
15.4881846,-0.6106651947
15.5081436,-0.5576301409
15.52810261,-0.5038371767
15.54806161,-0.4485866935
15.56802061,-0.3936501139
15.58797961,-0.3361369663
15.60793861,-0.2789182195
15.62789761,-0.2183171981
15.64785661,-0.1582588615
15.66781561,-0.09689322601
15.68777461,-0.03736430886
15.70773361,0.02545781845
15.72769261,0.08655896326
15.74765161,0.1467225424
15.76761061,0.2070036498
15.78756962,0.265685248
15.80752862,0.323106624
15.82748762,0.3808942601
15.84744662,0.4359968806
15.86740562,0.4909545535
15.88736462,0.5440135403
15.90732362,0.5962603793
15.92728262,0.6471305049
15.94724162,0.6956394261
15.96720062,0.7419419446
15.98715962,0.7866836194
16.00711862,0.8288827376
16.02707762,0.871292456
16.04703663,0.9107852804
16.06699563,0.9483534821
16.08695463,0.9835224144
16.10691363,1.015838985
16.12687263,1.045521375
16.14683163,1.072446086
16.16679063,1.09775925
16.18674963,1.120311294
16.20670863,1.141133398
16.22666763,1.159425981
16.24662663,1.17572871
16.26658563,1.189929675
16.28654463,1.202146699
16.30650364,1.212232758
16.32646264,1.220204668
16.34642164,1.226132318
16.36638064,1.230198354
16.38633964,1.232300428
16.40629864,1.232592818
16.42625764,1.231122474
16.44621664,1.227870802
16.46617564,1.223164969
16.48613464,1.216844857
16.50609364,1.209184982
16.52605264,1.200189128
16.54601164,1.189902015
16.56597065,1.178396559
16.58592965,1.165618763
16.60588865,1.151774841
16.62584765,1.136832326
16.64580665,1.121054611
16.66576565,1.104628225
16.68572465,1.08741447
16.70568365,1.06923993
16.72564265,1.050125678
16.74560165,1.03048863
16.76556065,1.010224146
16.78551965,0.989462457
16.80547865,0.968495995
16.82543766,0.9472056992
16.84539666,0.9251661641
16.86535566,0.9031394856
16.88531466,0.8804271679
16.90527366,0.8578883209
16.92523266,0.8351128211
16.94519166,0.8120906707
16.96515066,0.788890791
16.98510966,0.7656640557
17.00506866,0.7430121037
17.02502766,0.7205118671
17.04498666,0.6978357882
17.06494567,0.6753618063
17.08490467,0.6530856872
17.10486367,0.6306703737
17.12482267,0.6081938363
17.14478167,0.5859635484
17.16474067,0.5640982996
17.18469967,0.5422908801
17.20465867,0.5204407838
17.22461767,0.4986944903
17.24457667,0.4769320552
17.26453567,0.4556878978
17.28449467,0.4351963627
17.30445367,0.4148466296
17.32441268,0.3946699309
17.34437168,0.3747864666
17.36433068,0.3552709272
17.38428968,0.3358722175
17.40424868,0.3168776132
17.42420768,0.2980356264
17.44416668,0.2792198404
17.46412568,0.2607065258
17.48408468,0.2425871916
17.50404368,0.224846943
17.52400268,0.207245058
17.54396168,0.1900782874
17.56392068,0.1732717343
17.58387969,0.156786483
17.60383869,0.1406741794
17.62379769,0.1249709236
17.64375669,0.1096619925
17.66371569,0.0947393666
17.68367469,0.08006373847
17.70363369,0.06570942189
17.72359269,0.05170549914
17.74355169,0.0379791407
17.76351069,0.02463481209
17.78346969,0.01154824741
17.80342869,-0.00125128156
17.82338769,-0.01382803899
17.8433467,-0.02619341552
17.8633057,-0.03815572198
17.8832647,-0.04960090649
17.9032237,-0.06071060131
17.9231827,-0.07145583344
17.9431417,-0.08192206423
17.9631007,-0.09201995709
17.9830597,-0.1016449363
18.0030187,-0.1107232366
18.0229777,-0.1193104311
18.0429367,-0.1273958672
18.0628957,-0.1350603384
18.0828547,-0.1423687841
18.10281371,-0.1493243045
18.12277271,-0.1558761646
18.14273171,-0.1620662283
18.16269071,-0.1679082628
18.18264971,-0.1734069698
18.20260871,-0.1785213457
18.22256771,-0.183217995
18.24252671,-0.1875285178
18.26248571,-0.1914836921
18.28244471,-0.1950938494
18.30240371,-0.1983521716
18.32236271,-0.2012188908
18.34232171,-0.2036976844
18.36228072,-0.2058189355
18.38223972,-0.2076283808
18.40219872,-0.2090704312
18.42215772,-0.2101447234
18.44211672,-0.2108911688
18.46207572,-0.2113679045
18.48203472,-0.2115776073
18.50199372,-0.2115555897
18.52195272,-0.2113213383
18.54191172,-0.2108989812
18.56187072,-0.2102979805
18.58182972,-0.2095175935
18.60178872,-0.2085983136
18.62174773,-0.2075620218
18.64170673,-0.2064421378
18.66166573,-0.2052204074
18.68162473,-0.2039031718
18.70158373,-0.202505992
18.72154273,-0.2010693513
18.74150173,-0.1996502157
18.76146073,-0.1982330041
18.78141973,-0.1968317148
18.80137873,-0.195459755
18.82133773,-0.1941300593
18.84129673,-0.1928690073
18.86125574,-0.1916943316
18.88121474,-0.190613131
18.90117374,-0.1896464241
18.92113274,-0.1887927346
18.94109174,-0.1880677265
18.96105074,-0.1874848869
18.98100974,-0.1870329311
19.00096874,-0.1867101817
19.02092774,-0.1865544018
19.04088674,-0.1865645057
19.06084574,-0.1867228148
19.08080474,-0.1870151684
19.10076374,-0.1874258454
19.12072275,-0.1879677555
19.14068175,-0.1886312734
19.16064075,-0.1894597328
19.18059975,-0.1904252077
19.20055875,-0.1915028761
19.22051775,-0.192677038
19.24047675,-0.1939748344
19.26043575,-0.19536269
19.28039475,-0.196806747
19.30035375,-0.1982981247
19.32031275,-0.1998409606
19.34027175,-0.201423684
19.36023075,-0.2030465891
19.38018976,-0.2046911695
19.40014876,-0.2063177202
19.42010776,-0.2079426251
19.44006676,-0.2095347947
19.46002576,-0.2111005694
19.47998476,-0.2125884665
19.49994376,-0.214003684
19.51990276,-0.2152955539
19.53986176,-0.2165094435
19.55982076,-0.2175999322
19.57977976,-0.2185249572
19.59973876,-0.2192801653
19.61969776,-0.2198464211
19.63965677,-0.2201884258
19.65961577,-0.2202645572
19.67957477,-0.2200624352
19.69953377,-0.2195802314
19.71949277,-0.2188298324
19.73945177,-0.2177887166
19.75941077,-0.2164451215
19.77936977,-0.2147869755
19.79932877,-0.2127771632
19.81928777,-0.2104277131
19.83924677,-0.2077103674
19.85920577,-0.2046248273
19.87916477,-0.2011553443
19.89912378,-0.1973134888
19.91908278,-0.1930912719
19.93904178,-0.1884975824
19.95900078,-0.1835809772
19.97895978,-0.1783058967
19.99891878,-0.1726864845
20.01887778,-0.1667288235
20.03883678,-0.1604720423
20.05879578,-0.1540268188
20.07875478,-0.1472925122
20.09871378,-0.1403211309
20.11867278,-0.1331998621
20.13863178,-0.1258974748
20.15859079,-0.118380252
20.17854979,-0.1107074897
20.19850879,-0.1029212839
20.21846779,-0.09498506836
20.23842679,-0.0868914282
20.25838579,-0.07871443356
20.27834479,-0.07049128716
20.29830379,-0.06221795773
20.31826279,-0.05392153203
20.33822179,-0.04562682671
20.35818079,-0.03738955232
20.37813979,-0.02920768149
20.3980988,-0.0211230213
20.4180578,-0.01315758381
20.4380168,-0.005314053059
20.4579758,0.002382656681
20.4779348,0.009863345095
20.4978938,0.01714476435
20.5178528,0.02418134392
20.5378118,0.03096439563
20.5577708,0.0374736451
20.5777298,0.04372113105
20.5976888,0.04969093563
20.6176478,0.05537485317
20.6376068,0.06075111913
20.65756581,0.06580544855
20.67752481,0.07051098953
20.69748381,0.074881865
20.71744281,0.07890097256
20.73740181,0.0825590309
20.75736081,0.08582778906
20.77731981,0.08870137846
20.79727881,0.09121038969
20.81723781,0.09337134705
20.83719681,0.09517183068
20.85715581,0.09662771572
20.87711481,0.09777934849
20.89707381,0.09861283502
20.91703282,0.09911309499
20.93699182,0.09927827832
20.95695082,0.09913299609
20.97690982,0.09870066821
20.99686882,0.09799208633
21.01682782,0.09703210532
21.03678682,0.09584672823
21.05674582,0.09445474541
21.07670482,0.09286023537
21.09666382,0.09107923575
21.11662282,0.08911889637
21.13658182,0.08700354285
21.15654082,0.08472648043
21.17649983,0.08230915057
21.19645883,0.07976244444
21.21641783,0.07710382006
21.23637683,0.07435540219
21.25633583,0.07154646082
21.27629483,0.06870210708
21.29625383,0.0658206204
21.31621283,0.06291055442
21.33617183,0.05995283057
21.35613083,0.05697103904
21.37608983,0.05398875175
21.39604883,0.05103494218
21.41600783,0.04810570738
21.43596684,0.04522535128
21.45592584,0.04240380213
21.47588484,0.03963613735
21.49584384,0.03692065035
21.51580284,0.03426764826
21.53576184,0.03168674159
21.55572084,0.02918095377
21.57567984,0.02675490558
21.59563884,0.0243866226
21.61559784,0.02209349292
21.63555684,0.019871255
21.65551584,0.01772946803
21.67547484,0.01566725593
21.69543385,0.01365998033
21.71539285,0.01171671779
21.73535185,0.0098300114
21.75531085,0.007989339932
21.77526985,0.00620428258
21.79522885,0.004459658528
21.81518785,0.00276331435
21.83514685,0.00109421135
21.85510585,-0.0005423024229
21.87506485,-0.002127552289
21.89502385,-0.003659813888
21.91498285,-0.005149914412
21.93494185,-0.006628058515
21.95490086,-0.008113104946
21.97485986,-0.009623249532
21.99481886,-0.01114781598
22.01477786,-0.01268634143
22.03473686,-0.01423320264
22.05469586,-0.01579693008
22.07465486,-0.01738777879
22.09461386,-0.01900845077
22.11457286,-0.02067668482
22.13453186,-0.02240031538
22.15449086,-0.02416760296
22.17444986,-0.0259829858
22.19440887,-0.02784463125
22.21436787,-0.02975351518
22.23432687,-0.03170016808
22.25428587,-0.0336875398
22.27424487,-0.03572684336
22.29420387,-0.03780656398
22.31416287,-0.0399199873
22.33412187,-0.04206540354
22.35408087,-0.04424809429
22.37403987,-0.04649111594
22.39399887,-0.04877350933
22.41395787,-0.05109971042
22.43391687,-0.05345167332
22.45387588,-0.05581918483
22.47383488,-0.05818960565
22.49379388,-0.06056802559
22.51375288,-0.06294711893
22.53371188,-0.06533089535
22.55367088,-0.0677148665
22.57362988,-0.07008623648
22.59358888,-0.0724584561
22.61354788,-0.07479717557
22.63350688,-0.07709318949
22.65346588,-0.07933694982
22.67342488,-0.08152963293
22.69338388,-0.08367449472
22.71334289,-0.08575403009
22.73330189,-0.08776398167
22.75326089,-0.08970610648
22.77321989,-0.09156163195
22.79317889,-0.09332527779
22.81313789,-0.09498413064
22.83309689,-0.09653189974
22.85305589,-0.09796437342
22.87301489,-0.09927186529
22.89297389,-0.1004600018
22.91293289,-0.101506966
22.93289189,-0.1024139942
22.95285089,-0.1031834834
22.9728099,-0.103819878
22.9927689,-0.1043177
23.0127279,-0.1046605584
23.0326869,-0.1048563781
23.0526459,-0.1049058219
23.0726049,-0.1047966468
23.0925639,-0.1045311956
23.1125229,-0.1041119888
23.1324819,-0.1035352046
23.1524409,-0.1028026649
23.1723999,-0.101926829
23.1923589,-0.1009075649
23.2123179,-0.09975306868
23.23227691,-0.0984532603
23.25223591,-0.09701724703
23.27219491,-0.09545021752
23.29215391,-0.09374297359
23.31211291,-0.09190331697
23.33207191,-0.08993812233
23.35203091,-0.08783712782
23.37198991,-0.08561517631
23.39194891,-0.08327529931
23.41190791,-0.08083104619
23.43186691,-0.07829086764
23.45182591,-0.07568450345
23.47178491,-0.07300752342
23.49174392,-0.07025856099
23.51170292,-0.06741982464
23.53166192,-0.06452222719
23.55162092,-0.06155674357
23.57157992,-0.05856865728
23.59153892,-0.05554881958
23.61149792,-0.05251140716
23.63145692,-0.04943730992
23.65141592,-0.04634244285
23.67137492,-0.04325000395
23.69133392,-0.04016508164
23.71129292,-0.03710182261
23.73125192,-0.03406651478
23.75121093,-0.031058818
23.77116993,-0.02807293155
23.79112893,-0.02513408639
23.81108793,-0.02223839484
23.83104693,-0.01941576839
23.85100593,-0.01667462214
23.87096493,-0.0140058048
23.89092393,-0.01139960953
23.91088293,-0.008867575622
23.93084193,-0.006410308754
23.95080093,-0.004069311222
23.97075993,-0.001816558402
23.99071894,0.0003189320988
24.01067794,0.00235268072
24.03063694,0.004260534422
24.05059594,0.006054191989
24.07055494,0.007710925948
24.09051394,0.00923157074
24.11047294,0.01058837641
24.13043194,0.01180819603
24.15039094,0.01287094245
24.17034994,0.01381508979
24.19030894,0.01461897062
24.21026794,0.01527811789
24.23022694,0.01576666552
24.25018595,0.0160984493
24.27014495,0.01627030569
24.29010395,0.01630201556
24.31006295,0.0161882959
24.33002195,0.01593132048
24.34998095,0.0155212907
24.36993995,0.01497985571
24.38989895,0.01430781062
24.40985795,0.01351540268
24.42981695,0.01259462328
24.44977595,0.01154582507
24.46973495,0.01036567452
24.48969395,0.009060991329
24.50965296,0.00765480071
24.52961196,0.006159588307
24.54957096,0.004595114295
24.56952996,0.002967696822
24.58948896,0.001299998385
24.60944796,-0.0004325309308
24.62940696,-0.002213409786
24.64936596,-0.004036190967
24.66932496,-0.005869215531
24.68928396,-0.007698489471
24.70924296,-0.009502586268
24.72920196,-0.0112839203
24.74916096,-0.01302903493
24.76911997,-0.0147542913
24.78907897,-0.01640338885
24.80903797,-0.01800641845
24.82899697,-0.01951376505
24.84895597,-0.02092833054
24.86891497,-0.02225024234
24.88887397,-0.02349466702
24.90883297,-0.02462937091
24.92879197,-0.02564604688
24.94875097,-0.02651791862
24.96870997,-0.02724746188
24.98866897,-0.02783197789
25.00862797,-0.02827458361
25.02858698,-0.02856868646
25.04854598,-0.02869106308
25.06850498,-0.02864402688
25.08846398,-0.02842463534
25.10842298,-0.02803342273
25.12838198,-0.02747136492
25.14834098,-0.02675609141
25.16829998,-0.0258693118
25.18825898,-0.02481570829
25.20821798,-0.02358179311
25.22817698,-0.02218476212
25.24813598,-0.02064517879
25.26809498,-0.01898873491
25.28805399,-0.01720760722
25.30801299,-0.01529814755
25.32797199,-0.01325523993
25.34793099,-0.01109619646
25.36788999,-0.008821773036
25.38784899,-0.006469704857
25.40780799,-0.004039756982
25.42776699,-0.001549774764
25.44772599,0.001016233741
25.46768499,0.003628715399
25.48764399,0.006295997415
25.50760299,0.008986080162
25.52756199,0.01168806645
25.547521,0.01437618453
25.56748,0.01705624081
25.587439,0.01972575038
25.607398,0.02235994197
25.627357,0.02494233476
25.647316,0.0274594059
25.667275,0.0298834622
25.687234,0.03222487533
25.707193,0.03446952902
25.727152,0.03662490787
25.747111,0.03867894245
25.76707,0.04061252811
25.78702901,0.04241500659
25.80698801,0.04408028563
25.82694701,0.04560405348
25.84690601,0.04695846567
25.86686501,0.04815788528
25.88682401,0.04918665446
25.90678301,0.05004877408
25.92674201,0.050723222
25.94670101,0.05122675472
25.96666001,0.05154893147
25.98661901,0.05168584464
26.00657801,0.05163540086
26.02653701,0.05140397154
26.04649602,0.05097346773
26.06645502,0.05034047377
26.08641402,0.04950592473
26.10637302,0.04850279067
26.12633202,0.04731968242
26.14629102,0.04596625154
26.16625002,0.04444801512
26.18620902,0.04277680288
26.20616802,0.04094644203
26.22612702,0.03896127904
26.24608602,0.0368436926
26.26604502,0.0346166064
26.28600402,0.03228279774
26.30596303,0.02984334172
26.32592203,0.02730199992
26.34588103,0.02468353793
26.36584003,0.02200457518
26.38579903,0.01927149374
26.40575803,0.01648779064
26.42571703,0.01366210906
26.44567603,0.01080372189
26.46563503,0.00791840654
26.48559403,0.005034825755
26.50555303,0.002158605197
26.52551203,-0.000672776588
26.54547103,-0.003455129195
26.56543004,-0.006177990182
26.58538904,-0.008855445875
26.60534804,-0.01145453275
26.62530704,-0.01397375298
26.64526604,-0.01639268156
26.66522504,-0.0187065558
26.68518404,-0.02089738768
26.70514304,-0.02297899007
26.72510204,-0.02494413119
26.74506104,-0.02677883816
26.76502004,-0.02847204301
26.78497904,-0.03001897806
26.80493804,-0.03141427537
26.82489705,-0.03266416831
26.84485605,-0.03376621751
26.86481505,-0.03473296898
26.88477405,-0.03554558808
26.90473305,-0.0362063449
26.92469205,-0.0366996221
26.94465105,-0.03702256986
26.96461005,-0.0372044359
26.98456905,-0.0372356474
27.00452805,-0.03712402097
27.02448705,-0.03685667616
27.04444605,-0.03645603404
27.06440505,-0.03590860145
27.08436406,-0.03523992416
27.10432306,-0.03445794798
27.12428206,-0.03358350657
27.14424106,-0.03261225499
27.16420006,-0.03155829707
27.18415906,-0.03042783901
27.20411806,-0.02923043045
27.22407706,-0.0279848006
27.24403606,-0.02669989928
27.26399506,-0.025378762
27.28395406,-0.02403331454
27.30391306,-0.02265384014
27.32387206,-0.02127137933
27.34383107,-0.01988985776
27.36379007,-0.01851872015
27.38374907,-0.01716275436
27.40370807,-0.01583266668
27.42366707,-0.01453201476
27.44362607,-0.01325683192
27.46358507,-0.01200323823
27.48354407,-0.01081204623
27.50350307,-0.009683061205
27.52346207,-0.008615804317
27.54342107,-0.007617789679
27.56338007,-0.006691160196
27.58333908,-0.005848912602
27.60329808,-0.005091879278
27.62325708,-0.004426338572
27.64321608,-0.00385819847
27.66317508,-0.003370285134
27.68313408,-0.00296244824
27.70309308,-0.002631236729
27.72305208,-0.002375960526
27.74301108,-0.002207414148
27.76297008,-0.002121925007
27.78292908,-0.002130191754
27.80288808,-0.002208092524
27.82284708,-0.002368909264
27.84280609,-0.002597664151
27.86276509,-0.002899810718
27.88272409,-0.00327026302
27.90268309,-0.003721763846
27.92264209,-0.004240562833
27.94260109,-0.004825349619
27.96256009,-0.005462960767
27.98251909,-0.006154547843
28.00247809,-0.006908506785
28.02243709,-0.007710700232
28.04239609,-0.008550069981
28.06235509,-0.009437695569
28.08231409,-0.01034231299
28.1022731,-0.01128335049
28.1222321,-0.01225474439
28.1421911,-0.0132550383
28.1621501,-0.01427117014
28.1821091,-0.01528533409
28.2020681,-0.01631154316
28.2220271,-0.01734900709
28.2419861,-0.01838684336
28.2619451,-0.01942140121
28.2819041,-0.02045289883
28.3018631,-0.0214854428
28.3218221,-0.02251963715
28.3417811,-0.0235328672
28.36174011,-0.02453530117
28.38169911,-0.02549578068
28.40165811,-0.02642409288
28.42161711,-0.02731483197
28.44157611,-0.02816480029
28.46153511,-0.02897866498
28.48149411,-0.02974641318
28.50145311,-0.03047584829
28.52141211,-0.03116340676
28.54137111,-0.03180410867
28.56133011,-0.03238630318
28.58128911,-0.03290634924
28.60124811,-0.03337868981
28.62120712,-0.03377470395
28.64116612,-0.03411435971
28.66112512,-0.03437214191
28.68108412,-0.03458792283
28.70104312,-0.03472972979
28.72100212,-0.03480495471
28.74096112,-0.03481532757
28.76092012,-0.03477027708
28.78087912,-0.0346647892
28.80083812,-0.03448893065
28.82079712,-0.03422787756
28.84075612,-0.03390508183
28.86071512,-0.03349242429
28.88067413,-0.03302377078
28.90063313,-0.03249849983
28.92059213,-0.03194465548
28.94055113,-0.03134552513
28.96051013,-0.03069159983
28.98046913,-0.02995473507
29.00042813,-0.02915355606
29.02038713,-0.02828632652
29.04034613,-0.02737566907
29.06030513,-0.02643367968
29.08026413,-0.0254576156
29.10022313,-0.02445954218
29.12018213,-0.02343452879
29.14014114,-0.02239412305
29.16010014,-0.02132888437
29.18005914,-0.02025823896
29.20001814,-0.01916502455
29.21997714,-0.01805697002
29.23993614,-0.01692664108
29.25989514,-0.01578260877
29.27985414,-0.01463772986
29.29981314,-0.01351671915
29.31977214,-0.01242186569
29.33973114,-0.01134762865
29.35969014,-0.01029020399
29.37964915,-0.009244357436
29.39960815,-0.008211923523
29.41956715,-0.007213726898
29.43952615,-0.00626065786
29.45948515,-0.005365857613
29.47944415,-0.004522545279
29.49940315,-0.003733761638
29.51936215,-0.003004337542
29.53932115,-0.002344582625
29.55928015,-0.001767104795
29.57923915,-0.001274042446
29.59919815,-0.0008420745142
29.61915715,-0.0004880117099
29.63911616,-0.0002020439325
29.65907516,1.122945577e-006
29.67903416,0.0001207915833
29.69899316,0.00014605299
29.71895216,7.893562298e-005
29.73891116,-7.368554103e-005
29.75887016,-0.0003112448463
29.77882916,-0.0006301800746
29.79878816,-0.001023227558
29.81874716,-0.001524978023
29.83870616,-0.00211791686
29.85866516,-0.002804786884
29.87862416,-0.003579271855
29.89858317,-0.004435100598
29.91854217,-0.005371787709
29.93850117,-0.006382678212
29.95846017,-0.007460034607
29.97841917,-0.00861654227
29.99837817,-0.009841738873
30.01833717,-0.01110115586
30.03829617,-0.01239218738
30.05825517,-0.0137172421
30.07821417,-0.01509525563
30.09817317,-0.01652871591
30.11813217,-0.01798594813
30.13809117,-0.01946019792
30.15805018,-0.02093246513
30.17800918,-0.02238970993
30.19796818,-0.02384201286
30.21792718,-0.02526820427
30.23788618,-0.0266812522
30.25784518,-0.02805534627
30.27780418,-0.02940257099
30.29776318,-0.03069944291
30.31772218,-0.0319483138
30.33768118,-0.03314319791
30.35764018,-0.03427123821
30.37759918,-0.03531545779
30.39755818,-0.03626649049
30.41751719,-0.03711219261
30.43747619,-0.03785972214
30.45743519,-0.03851193693
30.47739419,-0.03907496816
30.49735319,-0.03954318788
30.51731219,-0.03989238568
30.53727119,-0.04012165618
30.55723019,-0.0402312745
30.57718919,-0.0402098707
30.59714819,-0.04007674223
30.61710719,-0.03983154414
30.63706619,-0.03947602743
30.65702519,-0.03899910076
30.6769842,-0.03840062016
30.6969432,-0.03770806397
30.7169022,-0.03692639491
30.7368612,-0.03606054131
30.7568202,-0.03508998454
30.7767792,-0.03400030748
30.7967382,-0.03280321681
30.8166972,-0.03149640908
30.8366562,-0.03011814543
30.8566152,-0.02869092099
30.8765742,-0.02721232071
30.8965332,-0.02566749853
30.9164922,-0.02407928478
30.93645121,-0.02244289633
30.95641021,-0.0207890886
30.97636921,-0.01911525674
30.99632821,-0.01744613914
31.01628721,-0.01577402037
31.03624621,-0.01409791732
31.05620521,-0.01242596989
31.07616421,-0.01077011264
31.09612321,-0.009153442567
31.11608221,-0.007576785158
31.13604121,-0.006058546184
31.15600021,-0.004584608716
31.17595922,-0.003150878
31.19591822,-0.001782482313
31.21587722,-0.0004845249034
31.23583622,0.0007256403933
31.25579522,0.001845794766
31.27575422,0.002867531921
31.29571322,0.003792204516
31.31567222,0.004620168303
31.33563122,0.005348489822
31.35559022,0.005948006746
31.37554922,0.006406545947
31.39550822,0.006726425152
31.41546722,0.006912426046
31.43542623,0.006989453243
31.45538523,0.006956363738
31.47534423,0.006794804357
31.49530323,0.006506361262
31.51526223,0.006077212698
31.53522123,0.005516442679
31.55518023,0.004835884722
31.57513923,0.004055438212
31.59509823,0.003177861658
31.61505723,0.002183136985
31.63501623,0.001064356576
31.65497523,-0.0001580401243
31.67493423,-0.001466714397
31.69489324,-0.00284330485
31.71485224,-0.004305197849
31.73481124,-0.005844390479
31.75477024,-0.00745801234
31.77472924,-0.009109249626
31.79468824,-0.01079959424
31.81464724,-0.01251520523
31.83460624,-0.01426412801
31.85456524,-0.01603545429
31.87452424,-0.01784188547
31.89448324,-0.01964994494
31.91444224,-0.02145674355
31.93440124,-0.02322810723
31.95436025,-0.02496930452
31.97431925,-0.02666741492
31.99427825,-0.02833836538
32.01423725,-0.02995492898
32.03419625,-0.03150506667
32.05415525,-0.03295531035
32.07411425,-0.03431533361
32.09407325,-0.03557596818
32.11403225,-0.03676298463
32.13399125,-0.03786170903
32.15395025,-0.03886355544
32.17390925,-0.03973411144
32.19386825,-0.0404701058
32.21382726,-0.04108964542
32.23378626,-0.04162303536
32.25374526,-0.04206712362
32.27370426,-0.04240250241
32.29366326,-0.0425962676
32.31362226,-0.04266037914
32.33358126,-0.04260131146
32.35354026,-0.04242494647
32.37349926,-0.04214488189
32.39345826,-0.04176237345
32.41341726,-0.04126814876
32.43337626,-0.04065411012
32.45333526,-0.03991515241
32.47329427,-0.03907507405
32.49325327,-0.03816357966
32.51321227,-0.03718514172
32.53317127,-0.03613806629
32.55313027,-0.0350045422
32.57308927,-0.03378252818
32.59304827,-0.03248237651
32.61300727,-0.03115204244
32.63296627,-0.02979049912
32.65292527,-0.02839429483
32.67288427,-0.02696148301
32.69284327,-0.02550527165
32.71280227,-0.02403123271
32.73276128,-0.02256082154
32.75272028,-0.02108394445
32.77267928,-0.01960862516
32.79263828,-0.01813585425
32.81259728,-0.01665680707
32.83255628,-0.01518066342
32.85251528,-0.01372855967
32.87247428,-0.01232429024
32.89243328,-0.01096599663
32.91239228,-0.009655107911
32.93235128,-0.008374591998
32.95231028,-0.007117362169
32.97226929,-0.005906067841
32.99222829,-0.00474131616
33.01218729,-0.003657168091
33.03214629,-0.00263352907
33.05210529,-0.001696795078
33.07206429,-0.000817003012
33.09202329,-8.99504016e-006
33.11198229,0.0007112193735
33.13194129,0.001340377483
33.15190029,0.001900966443
33.17185929,0.002384324653
33.19181829,0.002812072172
33.21177729,0.003166956914
33.2317363,0.003433185557
33.2516953,0.003599514149
33.2716543,0.003687732143
33.2916133,0.003697643673
33.3115723,0.003656557314
33.3315313,0.003551362478
33.3514903,0.003358306966
33.3714493,0.003071304985
33.3914083,0.002717561681
33.4113673,0.002284409935
33.4313263,0.001770539303
33.4512853,0.001176390638
33.4712443,0.0005125085648
33.49120331,-0.0002129817876
33.51116231,-0.001004029209
33.53112131,-0.001832391569
33.55108031,-0.002696134212
33.57103931,-0.003600577089
33.59099831,-0.004548052335
33.61095731,-0.005541077828
33.63091631,-0.006578258069
33.65087531,-0.007663673153
33.67083431,-0.008771849339
33.69079331,-0.009887469273
33.71075231,-0.01102213321
33.73071131,-0.01216368986
33.75067032,-0.01332866075
33.77062932,-0.01448901409
33.79058832,-0.01565677687
33.81054732,-0.01681219892
33.83050632,-0.01796898395
33.85046532,-0.01910406637
33.87042432,-0.02022490262
33.89038332,-0.02130882823
33.91034232,-0.0223639654
33.93030132,-0.02336975213
33.95026032,-0.0243501715
33.97021932,-0.02532039705
33.99017832,-0.02625911848
34.01013733,-0.02715632716
34.03009633,-0.02799525429
34.05005533,-0.02877755447
34.07001433,-0.02951268967
34.08997333,-0.03019648057
34.10993233,-0.03080719751
34.12989133,-0.03134685735
34.14985033,-0.03181523298
34.16980933,-0.03221621629
34.18976833,-0.03253228625
34.20972733,-0.03277962451
34.22968633,-0.03295747793
34.24964533,-0.03306302693
34.26960434,-0.03305592956
34.28956334,-0.03294857614
34.30952234,-0.03274484964
34.32948134,-0.03248034321
34.34944034,-0.03213869351
34.36939934,-0.03172449447
34.38935834,-0.03123351859
34.40931734,-0.03066922464
34.42927634,-0.03002298084
34.44923534,-0.0293175688
34.46919434,-0.02853756546
34.48915334,-0.02770163548
34.50911234,-0.02680383134
34.52907135,-0.02586605438
34.54903035,-0.0248663914
34.56898935,-0.02382509337
34.58894835,-0.02274558503
34.60890735,-0.02163233397
34.62886635,-0.02046848535
34.64882535,-0.01924687031
34.66878435,-0.01797517222
34.68874335,-0.01670741328
34.70870235,-0.01544341479
34.72866135,-0.01417632005
34.74862035,-0.01290570705
34.76857936,-0.01163983118
34.78853836,-0.01038207637
34.80849736,-0.009140979323
34.82845636,-0.007943555004
34.84841536,-0.006763014726
34.86837436,-0.005615592783
34.88833336,-0.004497697198
34.90829236,-0.003450374683
34.92825136,-0.002452272019
34.94821036,-0.001523698024
34.96816936,-0.0006334275041
34.98812836,0.0001935657475
35.00808736,0.0009696734227
35.02804637,0.001678468725
35.04800537,0.002314615501
35.06796437,0.002871764348
35.08792337,0.003353150574
35.10788237,0.003751332764
35.12784137,0.004042117186
35.14780037,0.0042179694
35.16775937,0.004303577669
35.18771837,0.004287096303
35.20767737,0.004174738715
35.22763637,0.00397264753
35.24759537,0.003667068261
35.26755437,0.0032693514
35.28751338,0.002775381359
35.30747238,0.002182177735
35.32743138,0.001495534468
35.34739038,0.0007293492265
35.36734938,-9.891069609e-005
35.38730838,-0.0009962096754
35.40726738,-0.001979597247
35.42722638,-0.003041875617
35.44718538,-0.004181856061
35.46714438,-0.005377167323
35.48710338,-0.006630385169
35.50706238,-0.00792350376
35.52702138,-0.009246281127
35.54698039,-0.01059348983
35.56693939,-0.01194223991
35.58689839,-0.0133333977
35.60685739,-0.01473359358
35.62681639,-0.01614549716
35.64677539,-0.01755157802
35.66673439,-0.0189506032
35.68669339,-0.02032420124
35.70665239,-0.02166872249
35.72661139,-0.02298106446
35.74657039,-0.02424518181
35.76652939,-0.02546379244
35.78648839,-0.02663127398
35.8064474,-0.02774872536
35.8264064,-0.02878432034
35.8463654,-0.02973851688
35.8663244,-0.03061965833
35.8862834,-0.03142741204
35.9062424,-0.03215425553
35.9262014,-0.03279450341
35.9461604,-0.03335120769
35.9661194,-0.03380969497
35.9860784,-0.03416097778
36.0060374,-0.03440792785
36.0259964,-0.03454358492
36.0459554,-0.03455812698
36.06591441,-0.03447332911
36.08587341,-0.03427648387
36.10583241,-0.03396681531
36.12579141,-0.03357270809
36.14575041,-0.0330994395
36.16570941,-0.03252258961
36.18566841,-0.03183577246
36.20562741,-0.03105630855
36.22558641,-0.0302078177
36.24554541,-0.0292937941
36.26550441,-0.02832860881
36.28546341,-0.02731779214
36.30542241,-0.02623677989
36.32538142,-0.0251011902
36.34534042,-0.02389838506
36.36529942,-0.0226358386
36.38525842,-0.02132317887
36.40521742,-0.01997124729
36.42517642,-0.01860461866
36.44513542,-0.01719600394
36.46509442,-0.01579019129
36.48505342,-0.01439989275
36.50501242,-0.01303335063
36.52497142,-0.01168518115
36.54493042,-0.01035223655
36.56488943,-0.009043164423
36.58484843,-0.007786381878
36.60480743,-0.006603010406
36.62476643,-0.00549343057
36.64472543,-0.004433755916
36.66468443,-0.003426836204
36.68464343,-0.0024673902
36.70460243,-0.00156525656
36.72456143,-0.0007313168553
36.74452043,3.319309908e-005
36.76447943,0.0007198810919
36.78443843,0.001336822137
36.80439743,0.001875089728
36.82435644,0.002320195692
36.84431544,0.00265838902
36.86427444,0.002932681199
36.88423344,0.00313276959
36.90419244,0.003262422256
36.92415144,0.00328764798
36.94411044,0.003214379044
36.96406944,0.003042194008
36.98402844,0.002791369783
37.00398744,0.002480652981
37.02394644,0.002103013054
37.04390544,0.001675490502
37.06386444,0.001200845334
37.08382345,0.00069517748
37.10378245,0.0001552547638
37.12374145,-0.0004199412243
37.14370045,-0.001025605035
37.16365945,-0.00168730277
37.18361845,-0.002387973813
37.20357745,-0.003094173722
37.22353645,-0.003786740015
37.24349545,-0.004471956122
37.26345445,-0.005162429335
37.28341345,-0.005857645392
37.30337245,-0.006545905897
37.32333145,-0.007218996287
37.34329046,-0.007875452332
37.36324946,-0.008495419369
37.38320846,-0.009081250814
37.40316746,-0.009630051954
37.42312646,-0.01012053578
37.44308546,-0.01054295268
37.46304446,-0.01089326784
37.48300346,-0.01117182292
37.50296246,-0.01141824013
37.52292146,-0.01163598732
37.54288046,-0.01179337676
37.56283946,-0.01187829717
37.58279846,-0.01186498139
37.60275747,-0.01174804524
37.62271647,-0.01154662049
37.64267547,-0.0113002777
37.66263447,-0.0109472738
37.68259347,-0.01056245268
37.70255247,-0.01009360839
37.72251147,-0.009533583907
37.74247047,-0.008897006578
37.76242947,-0.008189708005
37.78238847,-0.007416058109
37.80234747,-0.006541975658
37.82230647,-0.005598732818
37.84226547,-0.004601960883
37.86222448,-0.003590480105
37.88218348,-0.002535299421
37.90214248,-0.001391901071
37.92210148,-0.0002281996574
37.94206048,0.0009702757453
37.96201948,0.002227325526
37.98197848,0.003460205342
38.00193748,0.004726779542
38.02189648,0.005979917941
38.04185548,0.007307813642
38.06181448,0.00863221552
38.08177348,0.009975752396
38.10173248,0.01131219225
38.12169149,0.01268881588
38.14165049,0.01409589388
38.16160949,0.01550645684
38.18156849,0.01687750908
38.20152749,0.01821919162
38.22148649,0.01953588543
38.24144549,0.02083147974
38.26140449,0.02210774794
38.28136349,0.02337113336
38.30132249,0.02460386193
38.32128149,0.02581027523
38.34124049,0.02699379876
38.3611995,0.02814331162
38.3811585,0.02924780558
38.4011175,0.03030219391
38.4210765,0.03131750098
38.4410355,0.03230377436
38.4609945,0.0332767324
38.4809535,0.03422719988
38.5009125,0.03512765622
38.5208715,0.03593886528
38.5408305,0.03664627442
38.5607895,0.0372790167
38.5807485,0.03784047998
38.6007075,0.03835382426
38.62066651,0.03879001593
38.64062551,0.03913429104
38.66058451,0.03941180884
38.68054351,0.03963125032
38.70050251,0.0397977305
38.72046151,0.03989353881
38.74042051,0.03992097543
38.76037951,0.0398844423
38.78033851,0.03981137194
38.80029751,0.03972604018
38.82025651,0.03960022621
38.84021551,0.03939959541
38.86017451,0.03910459288
38.88013352,0.03872563509
38.90009252,0.03829324728
38.92005152,0.0378276038
38.94001052,0.03732020847
38.95996952,0.03675691
38.97992852,0.03614232549
38.99988752,0.03551076676
39.01984652,0.03486930794
39.03980552,0.03420827904
39.05976452,0.03349370183
39.07972352,0.03273767574
39.09968252,0.03197406437
39.11964152,0.03122292175
39.13960053,0.03047303698
39.15955953,0.0297080043
39.17951853,0.0289210914
39.19947753,0.02810710254
39.21943653,0.02728502023
39.23939553,0.02647946262
39.25935453,0.02570258081
39.27931353,0.02493497689
39.29927253,0.02419762209
39.31923153,0.02347603327
39.33919053,0.02277376869
39.35914953,0.02210372915
39.37910853,0.02145298215
39.39906754,0.0208339442
39.41902654,0.02029030342
39.43898554,0.01984173966
39.45894454,0.01946772951
39.47890354,0.01913292874
39.49886254,0.01883315369
39.51882154,0.01857358156
39.53878054,0.01835168205
39.55873954,0.01820763082
39.57869854,0.01810904761
39.59865754,0.01805716585
39.61861654,0.01808053406
39.63857554,0.01817099026
39.65853455,0.01836753731
39.67849355,0.01860772991
39.69845255,0.01891156203
39.71841155,0.01927523794
39.73837055,0.01972323426
39.75832955,0.0202647971
39.77828855,0.02088030392
39.79824755,0.02154282881
39.81820655,0.02224081209
39.83816555,0.0230059543
39.85812455,0.0238282102
39.87808355,0.02473379137
39.89804255,0.02568855748
39.91800156,0.02666910451
39.93796056,0.02771705014
39.95791956,0.02883995651
39.97787856,0.03007944846
39.99783756,0.03134207202
40.01779656,0.03262640319
40.03775556,0.03394984732
40.05771456,0.03530174331
40.07767356,0.03667628089
40.09763256,0.03808530122
40.11759156,0.03949560866
40.13755056,0.04090322447
40.15750957,0.04232524599
40.17746857,0.04377258526
40.19742757,0.04521378059
40.21738657,0.04664375196
40.23734557,0.04800094641
40.25730457,0.04933963298
40.27726357,0.05067854212
40.29722257,0.05199653997
40.31718157,0.05324829863
40.33714057,0.05446654599
40.35709957,0.0556374556
40.37705857,0.05677249287
40.39701757,0.05784390964
40.41697658,0.05885913593
40.43693558,0.05979115686
40.45689458,0.06064907093
40.47685358,0.06143689575
40.49681258,0.06212986735
40.51677158,0.06271902711
40.53673058,0.06321257908
40.55668958,0.06361924315
40.57664858,0.0639539533
40.59660758,0.06421769362
40.61656658,0.0643912682
40.63652558,0.0644735462
40.65648458,0.06447340224
40.67644359,0.06439182491
40.69640259,0.06423597791
40.71636159,0.06396777516
40.73632059,0.06362008081
40.75627959,0.06319890581
40.77623859,0.06268412252
40.79619759,0.06207616782
40.81615659,0.06139487777
40.83611559,0.06061879666
40.85607459,0.05977653435
40.87603359,0.05888622439
40.89599259,0.0579985512
40.91595159,0.05710379559
40.9359106,0.05613192644
40.9558696,0.05516173915
40.9758286,0.05419159427
40.9957876,0.05319388606
41.0157466,0.05219844232
41.0357056,0.05121745082
41.0556646,0.05025660372
41.0756236,0.04929339686
41.0955826,0.04836990974
41.1155416,0.04749632606
41.1355006,0.04665680943
41.1554596,0.04581140412
41.1754186,0.04500494865
41.19537761,0.04426662886
41.21533661,0.04360366211
41.23529561,0.04297282648
41.25525461,0.04240578697
41.27521361,0.04192956995
41.29517261,0.0415620719
41.31513161,0.04127572103
41.33509061,0.04103790422
41.35504961,0.04086098581
41.37500861,0.04075552171
41.39496761,0.04074813917
41.41492661,0.04084390563
41.43488561,0.04097032557
41.45484462,0.0411356977
41.47480362,0.04137181155
41.49476262,0.04169248142
41.51472162,0.04209576117
41.53468062,0.04255704606
41.55463962,0.04305920379
41.57459862,0.04361853987
41.59455762,0.04425914454
41.61451662,0.04494677368
41.63447562,0.04562734632
41.65443462,0.04629528727
41.67439362,0.04700440731
41.69435263,0.04774465275
41.71431163,0.04847369422
41.73427063,0.0491739288
41.75422963,0.04983590906
41.77418863,0.05047331738
41.79414763,0.05110430483
41.81410663,0.05168662292
41.83406563,0.0522305215
41.85402463,0.05276130476
41.87398363,0.05325642597
41.89394263,0.05369218868
41.91390163,0.05403842202
41.93386063,0.05428346681
41.95381964,0.05444957249
41.97377864,0.05455278157
41.99373764,0.05456187699
42.01369664,0.05445662109
42.03365564,0.0542219948
42.05361464,0.05385478057
42.07357364,0.05338578468
42.09353264,0.05281009966
42.11349164,0.05210871211
42.13345064,0.05130354991
42.15340964,0.05040633591
42.17336864,0.04944041151
42.19332764,0.04835021754
42.21328665,0.04712494155
42.23324565,0.04579399471
42.25320465,0.04436072626
42.27316365,0.04282656049
42.29312265,0.04117148219
42.31308165,0.03938077743
42.33304065,0.03747448673
42.35299965,0.03547921361
42.37295865,0.03338358538
42.39291765,0.03119425973
42.41287665,0.02896705331
42.43283565,0.0266998479
42.45279465,0.0244061749
42.47275366,0.02204870911
42.49271266,0.01959168428
42.51267166,0.0170805629
42.53263066,0.01457681738
42.55258966,0.01202321763
42.57254866,0.009427624195
42.59250766,0.006798418028
42.61246666,0.00416928141
42.63242566,0.001548247057
42.65238466,-0.001075817261
42.67234366,-0.003732780102
42.69230266,-0.00631399826
42.71226166,-0.008849413325
42.73222067,-0.01129923655
42.75217967,-0.01374673998
42.77213867,-0.01615964536
42.79209767,-0.01850957017
42.81205667,-0.02078525018
42.83201567,-0.02300939135
42.85197467,-0.02522023744
42.87193367,-0.02732196955
42.89189267,-0.02932178487
42.91185167,-0.03121826771
42.93181067,-0.03307468183
42.95176967,-0.03484456923
42.97172867,-0.03648004017
42.99168768,-0.0379787395
43.01164668,-0.03934394583
43.03160568,-0.04060493017
43.05156468,-0.0417596616
43.07152368,-0.04279222062
43.09148268,-0.0437412182
43.11144168,-0.04463482682
43.13140068,-0.04545863705
43.15135968,-0.04616403774
43.17131868,-0.04672873079
43.19127768,-0.04716267256
43.21123668,-0.04750287467
43.23119568,-0.04774448961
43.25115469,-0.04785563647
43.27111369,-0.04782436854
43.29107269,-0.0476831287
43.31103169,-0.04745478882
43.33099069,-0.0471311092
43.35094969,-0.04675301892
43.37090869,-0.0463270603
43.39086769,-0.04585311352
43.41082669,-0.04531464618
43.43078569,-0.04466242344
43.45074469,-0.04389327513
43.47070369,-0.04308330306
43.4906627,-0.04224456499
43.5106217,-0.04134054437
43.5305807,-0.04033376884
43.5505397,-0.03925518463
43.5704987,-0.0381552692
43.5904577,-0.03701640484
43.6104167,-0.03584117755
43.6303757,-0.03466089578
43.6503347,-0.03351082387
43.6702937,-0.03235154186
43.6902527,-0.03114648619
43.7102117,-0.02987584607
43.7301707,-0.02860751263
43.75012971,-0.0273562357
43.77008871,-0.02611530842
43.79004771,-0.0248825504
43.81000671,-0.02365908451
43.82996571,-0.02244448343
43.84992471,-0.02123665049
43.86988371,-0.02004751672
43.88984271,-0.01891104679
43.90980171,-0.01784364002
43.92976071,-0.0167995736
43.94971971,-0.01576940463
43.96967871,-0.01476511104
43.98963771,-0.01382240801
44.00959672,-0.01294344184
44.02955572,-0.01209462514
44.04951472,-0.01124918007
44.06947372,-0.01044258875
44.08943272,-0.009710367287
44.10939172,-0.009051808982
44.12935072,-0.00845196148
44.14930972,-0.007953235893
44.16926872,-0.007564145406
44.18922772,-0.00721769646
44.20918672,-0.006897535508
44.22914572,-0.006615252334
44.24910472,-0.006386150476
44.26906373,-0.006202604017
44.28902273,-0.006063184438
44.30898173,-0.00595807366
44.32894073,-0.005932717607
44.34889973,-0.005964457263
44.36885873,-0.006044486408
44.38881773,-0.006215583767
44.40877673,-0.006517249229
44.42873573,-0.006877483234
44.44869473,-0.007235360952
44.46865373,-0.007586589522
44.48861273,-0.007978660809
44.50857173,-0.008411779006
44.52853074,-0.008865817865
44.54848974,-0.009335853531
44.56844874,-0.009836053341
44.58840774,-0.01040351553
44.60836674,-0.01097368889
44.62832574,-0.01156799793
44.64828474,-0.01223655313
44.66824374,-0.0129144579
44.68820274,-0.01354903174
44.70816174,-0.01412489463
44.72812074,-0.0147065395
44.74807974,-0.01529429644
44.76803874,-0.0158761677
44.78799775,-0.01643105555
44.80795675,-0.0169882539
44.82791575,-0.01754089899
44.84787475,-0.01805395462
44.86783375,-0.01853056179
44.88779275,-0.01903001256
44.90775175,-0.01951895606
44.92771075,-0.01990680717
44.94766975,-0.02018704399
44.96762875,-0.020432359
44.98758775,-0.02061054137
45.00754675,-0.02070000942
45.02750575,-0.02070488679
45.04746476,-0.02066970788
45.06742376,-0.02060807917
45.08738276,-0.02044117975
45.10734176,-0.02022160734
45.12730076,-0.02001752682
45.14725976,-0.01976257872
45.16721876,-0.01939215103
45.18717776,-0.01891454455
45.20713676,-0.01838633817
45.22709576,-0.01778986545
45.24705476,-0.01708993114
45.26701376,-0.01631207159
45.28697277,-0.0155283128
45.30693177,-0.01472168415
45.32689077,-0.01386053509
45.34684977,-0.01299289808
45.36680877,-0.01209572605
45.38676777,-0.01113933821
45.40672677,-0.01011327171
45.42668577,-0.009094638303
45.44664477,-0.008061525767
45.46660377,-0.006977073161
45.48656277,-0.005877663257
45.50652177,-0.004811432819
45.52648077,-0.003801408806
45.54643978,-0.002791542753
45.56639878,-0.001796694217
45.58635778,-0.000851134331
45.60631678,0.0001083836832
45.62627578,0.00107885208
45.64623478,0.001974977775
45.66619378,0.002796888565
45.68615278,0.00359442257
45.70611178,0.004358124326
45.72607078,0.005032251545
45.74602978,0.005608618736
45.76598878,0.006126453241
45.78594778,0.006530244274
45.80590679,0.006833433343
45.82586579,0.007073139426
45.84582479,0.007255347837
45.86578379,0.007368835694
45.88574279,0.007412887927
45.90570179,0.007407505369
45.92566079,0.007375607394
45.94561979,0.007265530725
45.96557879,0.007061550144
45.98553779,0.00681734355
46.00549679,0.006496191007
46.02545579,0.006112286628
46.04541479,0.005709048454
46.0653738,0.005294291325
46.0853328,0.004803806801
46.1052918,0.004279404117
46.1252508,0.003747626071
46.1452098,0.003183048644
46.1651688,0.002566572971
46.1851278,0.00194863453
46.2050868,0.001299527263
46.2250458,0.0006198661706
46.2450048,-7.417903964e-005
46.2649638,-0.0006866648967
46.2849228,-0.001232537814
46.3048818,-0.001770994128
46.32484081,-0.002283346672
46.34479981,-0.002737832863
46.36475881,-0.00314335997
46.38471781,-0.003487944915
46.40467681,-0.003786466981
46.42463581,-0.004089835572
46.44459481,-0.004325762946
46.46455381,-0.004453771998
46.48451281,-0.004492854526
46.50447181,-0.004484224585
46.52443081,-0.004380363776
46.54438981,-0.004197409816
46.56434881,-0.003922583968
46.58430782,-0.003561834334
46.60426682,-0.003128860718
46.62422582,-0.002658820839
46.64418482,-0.002124077238
46.66414382,-0.001503194742
46.68410282,-0.0008152438205
46.70406182,-5.208381878e-005
46.72402082,0.0007756165862
46.74397982,0.001652034608
46.76393882,0.002614431957
46.78389782,0.003638884489
46.80385682,0.004640112648
46.82381582,0.0056632678
46.84377483,0.006774431193
46.86373383,0.007971498169
46.88369283,0.009175885584
46.90365183,0.01039217536
46.92361083,0.01158237977
46.94356983,0.01276658415
46.96352883,0.01395357206
46.98348783,0.01510819053
47.00344683,0.01619771716
47.02340583,0.01729695429
47.04336483,0.01840545359
47.06332383,0.01946667041
47.08328284,0.02049820219
47.10324184,0.02148533786
47.12320084,0.0223891118
47.14315984,0.02325099787
47.16311884,0.02399432134
47.18307784,0.02460399957
47.20303684,0.02515143096
47.22299584,0.02566986862
47.24295484,0.02611761691
47.26291384,0.02643156993
47.28287284,0.02669038112
47.30283184,0.02681627528
47.32279084,0.02685413162
47.34274985,0.02676458414
47.36270885,0.02654801549
47.38266785,0.02625063412
47.40262685,0.02589838185
47.42258585,0.02543352522
47.44254485,0.02487365089
47.46250385,0.02418850303
47.48246285,0.02346698705
47.50242185,0.02265763823
47.52238085,0.02168338302
47.54233985,0.02060465154
47.56229885,0.01946330385
47.58225785,0.01828934081
47.60221686,0.01707427083
47.62217586,0.01583046532
47.64213486,0.01447080065
47.66209386,0.01309332491
47.68205286,0.01164591445
47.70201186,0.01009726589
47.72197086,0.008514721161
47.74192986,0.006898274974
47.76188886,0.005315543647
47.78184786,0.003790548752
47.80180686,0.002250419978
47.82176586,0.0007438080997
47.84172486,-0.0007393093228
47.86168387,-0.002202284856
47.88164287,-0.003672392412
47.90160187,-0.00512225785
47.92156087,-0.006455995776
47.94151987,-0.007682462125
47.96147887,-0.008900793294
47.98143787,-0.01001459768
48.00139687,-0.01108099594
48.02135587,-0.01204387335
48.04131487,-0.01291452245
48.06127387,-0.01365934885
48.08123287,-0.01423382782
48.10119187,-0.01479127041
48.12115088,-0.01526872827
48.14110988,-0.01562256506
48.16106888,-0.01592897523
48.18102788,-0.01615163555
48.20098688,-0.01622970999
48.22094588,-0.01612746066
48.24090488,-0.0159508468
48.26086388,-0.01566546749
48.28082288,-0.01525965063
48.30078188,-0.01480347593
48.32074088,-0.0143424581
48.34069988,-0.01378733211
48.36065888,-0.01303296129
48.38061789,-0.01222065883
48.40057689,-0.01134907228
48.42053589,-0.01043450447
48.44049489,-0.009462411773
48.46045389,-0.008441724048
48.48041289,-0.007361529638
48.50037189,-0.006120478552
48.52033089,-0.004818318125
48.54028989,-0.003524579704
48.56024889,-0.00225320067
48.58020789,-0.0009859752152
48.60016689,0.0003316361327
48.62012589,0.001741407715
48.6400849,0.003224603719
48.6600439,0.004784746963
48.6800029,0.006208252297
48.6999619,0.007553611315
48.7199209,0.008965581341
48.7398799,0.01041000268
48.7598389,0.01182908282
48.7797979,0.01327466715
48.7997569,0.01461410866
48.8197159,0.01582427955
48.8396749,0.01708488986
48.8596339,0.01834391132
48.87959291,0.01961561719
48.89955191,0.02077099792
48.91951091,0.02174155479
48.93946991,0.02258898444
48.95942891,0.02347290565
48.97938791,0.02439748539
48.99934691,0.02522660845
49.01930591,0.02593066227
49.03926491,0.02638488826
49.05922391,0.0268723035
49.07918291,0.02739280571
49.09914191,0.02773923239
49.11910091,0.02795616506
49.13905992,0.02795337646
49.15901892,0.02802254649
49.17897792,0.02821312374
49.19893692,0.02813141187
49.21889592,0.02795588867
49.23885492,0.02764932018
49.25881392,0.02737071346
49.27877292,0.02717195658
49.29873192,0.02671707029
49.31869092,0.02607080169
49.33864992,0.02550581316
49.35860892,0.02495712785
49.37856792,0.02416559993
49.39852693,0.0230498235
49.41848593,0.02211432527
49.43844493,0.02130222049
49.45840393,0.02009173686
49.47836293,0.01872471041
49.49832193,0.01758430513
49.51828093,0.01626096533
49.53823993,0.01457137562
49.55819893,0.01291705389
49.57815793,0.01126243954
49.59811693,0.009491122189
49.61807593,0.007821693091
49.63803493,0.006202121413
49.65799394,0.004509541034
49.67795294,0.003136095447
49.69791194,0.001574650088
49.71787094,0.0002683475204
49.73782994,-0.0008562382841
49.75778894,-0.002070613806
49.77774794,-0.002932437891
49.79770694,-0.00397835761
49.81766594,-0.004863650354
49.83762494,-0.005927951715
49.85758394,-0.006931490272
49.87754294,-0.005795211474
