0,0.00212593507
0.02003004875,0.004767631518
0.04006009749,0.004830362837
0.06009014624,0.00476895724
0.08012019498,0.004785970494
0.1001502437,0.004855930834
0.1201802925,0.00507436344
0.1402103412,0.005159144929
0.16024039,0.005408072528
0.1802704387,0.005559386159
0.2003004875,0.005552485082
0.2203305362,0.005633014496
0.2403605849,0.005635677507
0.2603906337,0.005536908976
0.2804206824,0.005629191758
0.3004507312,0.005649787781
0.3204807799,0.005489637435
0.3405108287,0.005580828822
0.3605408774,0.005723997998
0.3805709262,0.005736355282
0.4006009749,0.005660524144
0.4206310237,0.005781726859
0.4406610724,0.005837113297
0.4606911211,0.005801635671
0.4807211699,0.005781334725
0.5007512186,0.005902419348
0.5207812674,0.006002040228
0.5408113161,0.005958509503
0.5608413649,0.006004917352
0.5808714136,0.006150869865
0.6009014624,0.006289836481
0.6209315111,0.006298384696
0.6409615598,0.006232157506
0.6609916086,0.006340432742
0.6810216573,0.006486994087
0.7010517061,0.006525182734
0.7210817548,0.006447264527
0.7411118036,0.006481925773
0.7611418523,0.006528954646
0.7811719011,0.006631174579
0.8012019498,0.006713401808
0.8212319986,0.006736518282
0.8412620473,0.006832660182
0.861292096,0.006958336329
0.8813221448,0.007066714295
0.9013521935,0.007192036762
0.9213822423,0.007128631381
0.941412291,0.007144697665
0.9614423398,0.007199029405
0.9814723885,0.007328399571
1.001502437,0.007470997905
1.021532486,0.007580257956
1.041562535,0.007572048754
1.061592583,0.007659953785
1.081622632,0.007770715158
1.101652681,0.007999242595
1.12168273,0.008255700115
1.141712778,0.008339343334
1.161742827,0.008358077324
1.181772876,0.008387985467
1.201802925,0.008497233805
1.221832973,0.0086997297
1.241863022,0.008910872097
1.261893071,0.009003539043
1.28192312,0.009056428274
1.301953168,0.009136034275
1.321983217,0.009224690821
1.342013266,0.009391307608
1.362043315,0.009577148899
1.382073363,0.009763958312
1.402103412,0.009919183117
1.422133461,0.01008362498
1.44216351,0.01021269349
1.462193558,0.0103143482
1.482223607,0.01040600743
1.502253656,0.0105136809
1.522283705,0.01058147685
1.542313753,0.01067364972
1.562343802,0.01077455552
1.582373851,0.01089088191
1.6024039,0.01104670276
1.622433948,0.01118672126
1.642463997,0.01133829058
1.662494046,0.01149018938
1.682524095,0.01155503692
1.702554143,0.01164256136
1.722584192,0.01173395627
1.742614241,0.01179786692
1.76264429,0.0119001557
1.782674338,0.01201456678
1.802704387,0.01203206107
1.822734436,0.01203553368
1.842764485,0.01204213446
1.862794533,0.01204319478
1.882824582,0.01206754872
1.902854631,0.01215154689
1.92288468,0.01227465464
1.942914728,0.01235624063
1.962944777,0.01239930868
1.982974826,0.0124401217
2.003004875,0.01238704259
2.023034923,0.01232814158
2.043064972,0.01228448313
2.063095021,0.01229900098
2.08312507,0.01230677374
2.103155118,0.01234410792
2.123185167,0.01231975305
2.143215216,0.01232028068
2.163245264,0.01227866295
2.183275313,0.0121794814
2.203305362,0.01211228146
2.223335411,0.01204928831
2.243365459,0.01195595813
2.263395508,0.01188813822
2.283425557,0.01180025327
2.303455606,0.01177360073
2.323485654,0.01170205409
2.343515703,0.01157951492
2.363545752,0.01147589737
2.383575801,0.01133289685
2.403605849,0.01121697898
2.423635898,0.01109689697
2.443665947,0.01097909433
2.463695996,0.01085484759
2.483726044,0.01068919256
2.503756093,0.01051400036
2.523786142,0.01031366602
2.543816191,0.01013184645
2.563846239,0.01000544721
2.583876288,0.009920049326
2.603906337,0.00976935524
2.623936386,0.009592931957
2.643966434,0.009404010756
2.663996483,0.009205206144
2.684026532,0.008993668103
2.704056581,0.008767629434
2.724086629,0.008537788719
2.744116678,0.008370617765
2.764146727,0.008192051904
2.784176776,0.008010646217
2.804206824,0.007856088143
2.824236873,0.007692535143
2.844266922,0.007495587849
2.864296971,0.007316018529
2.884327019,0.007151024645
2.904357068,0.006946744081
2.924387117,0.006744059375
2.944417166,0.006588795932
2.964447214,0.0064153655
2.984477263,0.006263090232
3.004507312,0.006129125423
3.024537361,0.00598111012
3.044567409,0.005794740881
3.064597458,0.00559778603
3.084627507,0.00541010492
3.104657556,0.005200604084
3.124687604,0.004998615224
3.144717653,0.004832385444
3.164747702,0.004720270343
3.18477775,0.004615526446
3.204807799,0.004485183116
3.224837848,0.004389339302
3.244867897,0.004255019245
3.264897945,0.004117422616
3.284927994,0.003956303903
3.304958043,0.0037815509
3.324988092,0.003591006236
3.34501814,0.003440858996
3.365048189,0.003335317993
3.385078238,0.003243900603
3.405108287,0.003177968649
3.425138335,0.003096725803
3.445168384,0.002995625002
3.465198433,0.002902891392
3.485228482,0.002794818178
3.50525853,0.002680037718
3.525288579,0.002531502132
3.545318628,0.002379861014
3.565348677,0.002255231113
3.585378725,0.002165440077
3.605408774,0.002125359471
3.625438823,0.002030521835
3.645468872,0.001924683506
3.66549892,0.001785980584
3.685528969,0.001636973459
3.705559018,0.001573077382
3.725589067,0.001455696384
3.745619115,0.001345739938
3.765649164,0.001287657382
3.785679213,0.00119743497
3.805709262,0.001107141123
3.82573931,0.001048514151
3.845769359,0.001026016059
3.865799408,0.0009719838188
3.885829457,0.0009028616805
3.905859505,0.0008166247181
3.925889554,0.0007738454619
3.945919603,0.0007057377211
3.965949652,0.0007055422985
3.9859797,0.000656462674
4.006009749,0.0005839664906
4.026039798,0.0005319743605
4.046069847,0.0004814260529
4.066099895,0.0004586520857
4.086129944,0.0004191588092
4.106159993,0.000357766733
4.126190042,0.0003083532679
4.14622009,0.0002175904777
4.166250139,0.0001923715034
4.186280188,0.0002066388956
4.206310237,0.0001432822816
4.226340285,8.583093138e-005
4.246370334,4.215722235e-005
4.266400383,-2.191579196e-005
4.286430431,-0.000120826195
4.30646048,-0.00013997235
4.326490529,-0.0001658854516
4.346520578,-0.0002067695167
4.366550626,-0.0002029753489
4.386580675,-0.000232962288
4.406610724,-0.0002196021892
4.426640773,-0.0001241958033
4.446670821,-4.99132884e-005
4.46670087,-5.886881686e-005
4.486730919,-3.978355791e-005
4.506760968,-1.452915844e-005
4.526791016,2.167976296e-005
4.546821065,5.515054024e-005
4.566851114,6.941113139e-005
4.586881163,9.984119876e-005
4.606911211,0.0001423220584
4.62694126,0.0001559542644
4.646971309,0.0001705843088
4.667001358,0.00023802408
4.687031406,0.0002880956735
4.707061455,0.0002778728062
4.727091504,0.0002898873583
4.747121553,0.0003736867907
4.767151601,0.0004542041939
4.78718165,0.0004899771461
4.807211699,0.0005264168
4.827241748,0.0005612472792
4.847271796,0.0006066790316
4.867301845,0.0006464964667
4.887331894,0.0006829512941
4.907361943,0.000700602338
4.927391991,0.0007655808276
4.94742204,0.0008294159621
4.967452089,0.0009179380121
4.987482138,0.001053274293
5.007512186,0.00117529171
5.027542235,0.001281138476
5.047572284,0.001350509058
5.067602333,0.001429497696
5.087632381,0.001566085011
5.10766243,0.001696563462
5.127692479,0.001799465581
5.147722528,0.001866949235
5.167752576,0.001965322463
5.187782625,0.002069612826
5.207812674,0.002162921018
5.227842723,0.00225635657
5.247872771,0.002387658891
5.26790282,0.002526052726
5.287932869,0.002644442544
5.307962917,0.002732913519
5.327992966,0.002847478198
5.348023015,0.002987397588
5.368053064,0.003122616156
5.388083112,0.003223920649
5.408113161,0.003295617326
5.42814321,0.003390025406
5.448173259,0.003498659034
5.468203307,0.003601385882
5.488233356,0.003705261757
5.508263405,0.003873925671
5.528293454,0.003978265091
5.548323502,0.004065082759
5.568353551,0.004175404072
5.5883836,0.004269309449
5.608413649,0.004362278892
5.628443697,0.004449305816
5.648473746,0.004531202169
5.668503795,0.004631780263
5.688533844,0.004711887946
5.708563892,0.004821328469
5.728593941,0.004954845108
5.74862399,0.00509285985
5.768654039,0.005209337575
5.788684087,0.005261909329
5.808714136,0.005327053593
5.828744185,0.005432155267
5.848774234,0.005548295718
5.868804282,0.005628463345
5.888834331,0.00570305361
5.90886438,0.005794285992
5.928894429,0.005876600016
5.948924477,0.00595654925
5.968954526,0.006030207516
5.988984575,0.006123390421
6.009014624,0.006224150843
6.029044672,0.006282347469
6.049074721,0.006320433713
6.06910477,0.006374521142
6.089134819,0.006426647099
6.109164867,0.006451798798
6.129194916,0.006443810213
6.149224965,0.006459977592
6.169255014,0.006490652507
6.189285062,0.006503239713
6.209315111,0.006524302127
6.22934516,0.006535044435
6.249375209,0.006589389563
6.269405257,0.006681937194
6.289435306,0.006753266977
6.309465355,0.0067678399
6.329495404,0.00675475226
6.349525452,0.00672884827
6.369555501,0.006696320367
6.38958555,0.006618750214
6.409615598,0.006535461945
6.429645647,0.006456495463
6.449675696,0.006390401741
6.469705745,0.006323239221
6.489735793,0.006257364166
6.509765842,0.006222474265
6.529795891,0.006220612535
6.54982594,0.00621215909
6.569855988,0.006155416242
6.589886037,0.00607057274
6.609916086,0.005976682501
6.629946135,0.005852356534
6.649976183,0.005716349338
6.670006232,0.00556932379
6.690036281,0.005436004243
6.71006633,0.005309578908
6.730096378,0.005199469932
6.750126427,0.005111942605
6.770156476,0.005053789525
6.790186525,0.005015575319
6.810216573,0.004952404038
6.830246622,0.004870180573
6.850276671,0.004808525671
6.87030672,0.004727976125
6.890336768,0.00462316423
6.910366817,0.004499805796
6.930396866,0.004400204959
6.950426915,0.004317108511
6.970456963,0.004230884178
6.990487012,0.004159510977
7.010517061,0.004126953796
7.03054711,0.004110313147
7.050577158,0.004094942468
7.070607207,0.004086256635
7.090637256,0.004100043504
7.110667305,0.004104615217
7.130697353,0.004113872656
7.150727402,0.004114205157
7.170757451,0.004120676826
7.1907875,0.00415180214
7.210817548,0.004211023181
7.230847597,0.004285488008
7.250877646,0.004365493714
7.270907695,0.004458926316
7.290937743,0.004581009646
7.310967792,0.004718374888
7.330997841,0.004856440283
7.35102789,0.004988818933
7.371057938,0.005130560984
7.391087987,0.005278197945
7.411118036,0.005433015821
7.431148084,0.005585405695
7.451178133,0.005746350189
7.471208182,0.005905514562
7.491238231,0.00611359454
7.511268279,0.006307850383
7.531298328,0.006474439871
7.551328377,0.006662317666
7.571358426,0.006881466828
7.591388474,0.007110509945
7.611418523,0.007341523131
7.631448572,0.007567557112
7.651478621,0.0077836677
7.671508669,0.008001210077
7.691538718,0.008207654081
7.711568767,0.008390891008
7.731598816,0.008556228383
7.751628864,0.008723730335
7.771658913,0.008904920247
7.791688962,0.009087579569
7.811719011,0.009268359602
7.831749059,0.009475393095
7.851779108,0.009693448486
7.871809157,0.009926277277
7.891839206,0.01016321968
7.911869254,0.01038007884
7.931899303,0.01059157882
7.951929352,0.01079597569
7.971959401,0.0109616356
7.991989449,0.01109346103
8.012019498,0.01121309441
8.032049547,0.01131890863
8.052079596,0.01143374254
8.072109644,0.01156474363
8.092139693,0.01168335018
8.112169742,0.01180433213
8.132199791,0.0119520166
8.152229839,0.01211167407
8.172259888,0.01227211554
8.192289937,0.01242523317
8.212319986,0.01257060603
8.232350034,0.01273106607
8.252380083,0.01285636047
8.272410132,0.01293396009
8.292440181,0.01300445097
8.312470229,0.013083698
8.332500278,0.01315939852
8.352530327,0.01322732032
8.372560376,0.01327831306
8.392590424,0.01333278252
8.412620473,0.01343127701
8.432650522,0.01354725845
8.452680571,0.01364894393
8.472710619,0.01374904394
8.492740668,0.01384234841
8.512770717,0.01393526687
8.532800765,0.01403925204
8.552830814,0.01411675646
8.572860863,0.01416310851
8.592890912,0.01421435746
8.61292096,0.014263949
8.632951009,0.01429658619
8.652981058,0.01431703917
8.673011107,0.01432987701
8.693041155,0.01435338021
8.713071204,0.01440059685
8.733101253,0.01446921852
8.753131302,0.0145441529
8.77316135,0.01463621123
8.793191399,0.01472371527
8.813221448,0.01480284437
8.833251497,0.01486999413
8.853281545,0.01492348735
8.873311594,0.01498495363
8.893341643,0.01503586526
8.913371692,0.01507934288
8.93340174,0.01509822242
8.953431789,0.01512513794
8.973461838,0.01517599343
8.993491887,0.01524518982
9.013521935,0.01532408251
9.033551984,0.01541971881
9.053582033,0.0155096216
9.073612082,0.01559205789
9.09364213,0.01567404206
9.113672179,0.01576542767
9.133702228,0.01584300079
9.153732277,0.0159094437
9.173762325,0.01596155835
9.193792374,0.01602324034
9.213822423,0.0160829912
9.233852472,0.01616213811
9.25388252,0.01624999781
9.273912569,0.01635096967
9.293942618,0.01644899155
9.313972667,0.0165661205
9.334002715,0.01669976863
9.354032764,0.01683243866
9.374062813,0.01693869226
9.394092862,0.01703596252
9.41412291,0.01712557478
9.434152959,0.01721994318
9.454183008,0.01730350774
9.474213057,0.01737160115
9.494243105,0.01744203226
9.514273154,0.01751982246
9.534303203,0.01759809131
9.554333251,0.01767415273
9.5743633,0.01774501245
9.594393349,0.01780614379
9.614423398,0.01786330277
9.634453446,0.01791849652
9.654483495,0.01796411035
9.674513544,0.01798527216
9.694543593,0.01796538756
9.714573641,0.0179126072
9.73460369,0.01781815818
9.754633739,0.0176857562
9.774663788,0.01751811553
9.794693836,0.01733072625
9.814723885,0.01712213777
9.834753934,0.01691007694
9.854783983,0.01667903537
9.874814031,0.01642099188
9.89484408,0.01613258702
9.914874129,0.01582181494
9.934904178,0.01549661419
9.954934226,0.01515360299
9.974964275,0.01478212745
9.994994324,0.01435940739
10.01502437,0.01389021113
10.03505442,0.01336870975
10.05508447,0.01278890543
10.07511452,0.01215044746
10.09514457,0.01145420175
10.11517462,0.01072174781
10.13520467,0.009949633071
10.15523471,0.009144756681
10.17526476,0.008311416303
10.19529481,0.007441251337
10.21532486,0.006545064673
10.23535491,0.005633972064
10.25538496,0.004710948453
10.27541501,0.003785613111
10.29544506,0.00284738638
10.3154751,0.001906196958
10.33550515,0.0009335069167
10.3555352,-6.041740539e-005
10.37556525,-0.001060347182
10.3955953,-0.002068109185
10.41562535,-0.003082939595
10.4356554,-0.004114889375
10.45568545,-0.005133282352
10.47571549,-0.0061468063
10.49574554,-0.00714001191
10.51577559,-0.008107369081
10.53580564,-0.009040830445
10.55583569,-0.009929134349
10.57586574,-0.01076844444
10.59589579,-0.01152888004
10.61592583,-0.01222483722
10.63595588,-0.01287184457
10.65598593,-0.01347398959
10.67601598,-0.01404075492
10.69604603,-0.01458016505
10.71607608,-0.01507864923
10.73610613,-0.01552478692
10.75613618,-0.01590724655
10.77616622,-0.01623867111
10.79619627,-0.01650111512
10.81622632,-0.01669504673
10.83625637,-0.01685026171
10.85628642,-0.01695092555
10.87631647,-0.01697985045
10.89634652,-0.01692099567
10.91637657,-0.01678546383
10.93640661,-0.01661103069
10.95643666,-0.0163883981
10.97646671,-0.01611188964
10.99649676,-0.01579077619
11.01652681,-0.01546377374
11.03655686,-0.01510708229
11.05658691,-0.01473320152
11.07661696,-0.01433925535
11.096647,-0.01390145039
11.11667705,-0.01343910104
11.1367071,-0.01294151932
11.15673715,-0.01244449991
11.1767672,-0.01192938718
11.19679725,-0.01140117391
11.2168273,-0.01088070097
11.23685735,-0.01034789744
11.25688739,-0.009810227006
11.27691744,-0.009262027207
11.29694749,-0.008731617851
11.31697754,-0.008238493841
11.33700759,-0.007773868936
11.35703764,-0.00734311305
11.37706769,-0.006939960382
11.39709774,-0.006564485365
11.41712778,-0.006195789162
11.43715783,-0.00586315744
11.45718788,-0.005580085501
11.47721793,-0.005334478398
11.49724798,-0.005128228797
11.51727803,-0.004966058529
11.53730808,-0.00483872757
11.55733813,-0.004742868798
11.57736817,-0.004679099897
11.59739822,-0.004656778982
11.61742827,-0.004666836018
11.63745832,-0.004735880241
11.65748837,-0.004849280352
11.67751842,-0.005004394878
11.69754847,-0.005184662701
11.71757852,-0.005410592797
11.73760856,-0.005645097841
11.75763861,-0.005885944998
11.77766866,-0.006160137462
11.79769871,-0.006449198136
11.81772876,-0.006756445306
11.83775881,-0.007069848256
11.85778886,-0.007395739068
11.87781891,-0.007727691452
11.89784895,-0.008049097127
11.917879,-0.008353648455
11.93790905,-0.008637750671
11.9579391,-0.008922307036
11.97796915,-0.009196219063
11.9979992,-0.009455766433
12.01802925,-0.009674232946
12.0380593,-0.009854713123
12.05808934,-0.009985887007
12.07811939,-0.01005341986
12.09814944,-0.01004361637
12.11817949,-0.009947562883
12.13820954,-0.009776739829
12.15823959,-0.009496546722
12.17826964,-0.009110283618
12.19829969,-0.008633038499
12.21832973,-0.008057158222
12.23835978,-0.007367398846
12.25838983,-0.006567449418
12.27841988,-0.005683328829
12.29844993,-0.004688620922
12.31847998,-0.003595536694
12.33851003,-0.002387230842
12.35854008,-0.001072725191
12.37857012,0.000361550812
12.39860017,0.001920030019
12.41863022,0.003583283704
12.43866027,0.005378432245
12.45869032,0.007263119575
12.47872037,0.009266299027
12.49875042,0.01138414822
12.51878047,0.01361768692
12.53881051,0.01594986959
12.55884056,0.01838524645
12.57887061,0.0209200046
12.59890066,0.023543113
12.61893071,0.02624146988
12.63896076,0.02899819023
12.65899081,0.03181478059
12.67902086,0.03471222342
12.6990509,0.03766082454
12.71908095,0.04065015377
12.739111,0.04372308183
12.75914105,0.04684698686
12.7791711,0.05002184855
12.79920115,0.05324297368
12.8192312,0.05648779766
12.83926125,0.05973520012
12.85929129,0.06295999506
12.87932134,0.06619037617
12.89935139,0.06946048821
12.91938144,0.07275700323
12.93941149,0.07609079112
12.95944154,0.07946088252
12.97947159,0.08281673808
12.99950164,0.08622065721
13.01953168,0.08957688916
13.03956173,0.09286452293
13.05959178,0.0961144538
13.07962183,0.09938602503
13.09965188,0.1026281476
13.11968193,0.1057502396
13.13971198,0.1087781042
13.15974203,0.1118050198
13.17977207,0.1147267831
13.19980212,0.1176633542
13.21983217,0.120488737
13.23986222,0.123261293
13.25989227,0.1258919107
13.27992232,0.1284354536
13.29995237,0.1309215984
13.31998242,0.1332811991
13.34001246,0.1354930216
13.36004251,0.1376185882
13.38007256,0.1396522549
13.40010261,0.1415384436
13.42013266,0.1433131626
13.44016271,0.1449303724
13.46019276,0.1464230229
13.48022281,0.1477720483
13.50025285,0.1489577842
13.5202829,0.1499807373
13.54031295,0.1507780089
13.560343,0.1513789719
13.58037305,0.151816864
13.6004031,0.1520619377
13.62043315,0.1520765623
13.6404632,0.1518265691
13.66049324,0.151301729
13.68052329,0.1504802763
13.70055334,0.1493128805
13.72058339,0.1477774748
13.74061344,0.1458846536
13.76064349,0.1436261004
13.78067354,0.1409563102
13.80070359,0.1378370642
13.82073363,0.1342157134
13.84076368,0.1301658156
13.86079373,0.1255260576
13.88082378,0.1203720175
13.90085383,0.1144784255
13.92088388,0.1079089833
13.94091393,0.1004811763
13.96094398,0.09247772565
13.98097402,0.08389466744
14.00100407,0.07443174084
14.02103412,0.06406038735
14.04106417,0.05302058418
14.06109422,0.04100752874
14.08112427,0.02816158672
14.10115432,0.01425800703
14.12118437,-0.0006934106107
14.14121441,-0.01666049298
14.16124446,-0.03356076094
14.18127451,-0.0519941368
14.20130456,-0.07147203461
14.22133461,-0.09235408616
14.24136466,-0.1142637161
14.26139471,-0.1374156812
14.28142476,-0.1621195818
14.3014548,-0.1875345158
14.32148485,-0.2142910566
14.3415149,-0.2415759211
14.36154495,-0.2707598808
14.381575,-0.3008492118
14.40160505,-0.3317603429
14.4216351,-0.3632365638
14.44166515,-0.3966149835
14.46169519,-0.4308524935
14.48172524,-0.4661000766
14.50175529,-0.5023142371
14.52178534,-0.5399433927
14.54181539,-0.5776704735
14.56184544,-0.6160798152
14.58187549,-0.6543436361
14.60190554,-0.6931531612
14.62193558,-0.731416582
14.64196563,-0.7698190058
14.66199568,-0.807315315
14.68202573,-0.8443329087
14.70205578,-0.8803030992
14.72208583,-0.9159125752
14.74211588,-0.9507679515
14.76214593,-0.9850969118
14.78217597,-1.018329568
14.80220602,-1.0502737
14.82223607,-1.080873892
14.84226612,-1.109401165
14.86229617,-1.136134124
14.88232622,-1.160746366
14.90235627,-1.182641494
14.92238632,-1.20188436
14.94241636,-1.218885482
14.96244641,-1.233101696
14.98247646,-1.243968579
15.00250651,-1.252072467
15.02253656,-1.25737834
15.04256661,-1.259921331
15.06259666,-1.259451202
15.08262671,-1.256000714
15.10265675,-1.249579578
15.1226868,-1.240154387
15.14271685,-1.227840542
15.1627469,-1.212836049
15.18277695,-1.195145409
15.202807,-1.174889545
15.22283705,-1.151813459
15.2428671,-1.126038296
15.26289714,-1.097350753
15.28292719,-1.065936382
15.30295724,-1.031564074
15.32298729,-0.994303939
15.34301734,-0.9545595925
15.36304739,-0.9130894755
15.38307744,-0.8697006377
15.40310749,-0.8245071794
15.42313753,-0.7781939099
15.44316758,-0.7304895402
15.46319763,-0.6809427178
15.48322768,-0.6301451394
15.50325773,-0.5773502464
15.52328778,-0.5224121341
15.54331783,-0.4665853898
15.56334788,-0.4102398606
15.58337792,-0.3557384872
15.60340797,-0.3009771975
15.62343802,-0.2461625895
15.64346807,-0.1911933217
15.66349812,-0.1354713451
15.68352817,-0.08069323915
15.70355822,-0.02554167827
15.72358827,0.02799193167
15.74361831,0.08054745388
15.76364836,0.1312077772
15.78367841,0.1811686833
15.80370846,0.2306025506
15.82373851,0.2783646486
15.84376856,0.3245048095
15.86379861,0.3695636317
15.88382866,0.4122175984
15.9038587,0.4538551887
15.92388875,0.4939988304
15.9439188,0.5325450102
15.96394885,0.5695753972
15.9839789,0.605049989
16.00400895,0.6392673117
16.024039,0.6717492488
16.04406904,0.7026083704
16.06409909,0.7319850063
16.08412914,0.7600528631
16.10415919,0.7866166302
16.12418924,0.8114950516
16.14421929,0.8349171762
16.16424934,0.8570424263
16.18427939,0.8778196269
16.20430943,0.8971244814
16.22433948,0.914891946
16.24436953,0.9314272544
16.26439958,0.9469307541
16.28442963,0.9609169041
16.30445968,0.9739203056
16.32448973,0.9853189848
16.34451978,0.9954480801
16.36454982,1.004338392
16.38457987,1.012014183
16.40460992,1.018558335
16.42463997,1.023929063
16.44467002,1.028223181
16.46470007,1.031601454
16.48473012,1.034103171
16.50476017,1.035634073
16.52479021,1.036224228
16.54482026,1.035861468
16.56485031,1.03451648
16.58488036,1.032325027
16.60491041,1.029373666
16.62494046,1.025603957
16.64497051,1.021072994
16.66500056,1.01587686
16.6850306,1.009832131
16.70506065,1.003091059
16.7250907,0.9956672104
16.74512075,0.9876446156
16.7651508,0.9790941669
16.78518085,0.9699588994
16.8052109,0.960370375
16.82524095,0.9504281426
16.84527099,0.9400723047
16.86530104,0.9292082242
16.88533109,0.9178054086
16.90536114,0.9058699005
16.92539119,0.8935889104
16.94542124,0.8809141384
16.96545129,0.8678155956
16.98548134,0.8543635572
17.00551138,0.8406215021
17.02554143,0.8265826089
17.04557148,0.8122642122
17.06560153,0.7977047469
17.08563158,0.7829054838
17.10566163,0.7677881862
17.12569168,0.7524715057
17.14572173,0.7368730933
17.16575177,0.7210829617
17.18578182,0.7051528204
17.20581187,0.6891195058
17.22584192,0.6729294815
17.24587197,0.6565576517
17.26590202,0.6400190455
17.28593207,0.6234304945
17.30596212,0.6066405375
17.32599216,0.5896866053
17.34602221,0.5725328959
17.36605226,0.5552745163
17.38608231,0.5379950729
17.40611236,0.5205559986
17.42614241,0.5030556649
17.44617246,0.485377235
17.46620251,0.4675332362
17.48623255,0.4495744303
17.5062626,0.4314833116
17.52629265,0.4132693292
17.5463227,0.3953124981
17.56635275,0.3771941782
17.5863828,0.3592433269
17.60641285,0.3416510919
17.6264429,0.3238722481
17.64647294,0.3062202545
17.66650299,0.2884233561
17.68653304,0.2705448455
17.70656309,0.2528221821
17.72659314,0.2352241842
17.74662319,0.217757198
17.76665324,0.2004045069
17.78668329,0.1832208242
17.80671333,0.1662027576
17.82674338,0.1494256472
17.84677343,0.1329328051
17.86680348,0.1166306485
17.88683353,0.1005873864
17.90686358,0.08495155707
17.92689363,0.069685908
17.94692368,0.05470001923
17.96695372,0.04005734355
17.98698377,0.02576974995
18.00701382,0.01179160423
18.02704387,-0.001731706156
18.04707392,-0.01482169875
18.06710397,-0.02755742879
18.08713402,-0.0399604445
18.10716407,-0.05198268125
18.12719411,-0.06358710686
18.14722416,-0.07474377076
18.16725421,-0.08539914794
18.18728426,-0.09554590604
18.20731431,-0.1051822289
18.22734436,-0.1143139257
18.24737441,-0.1229286222
18.26740446,-0.1310121746
18.2874345,-0.1385702978
18.30746455,-0.1456179737
18.3274946,-0.1521306646
18.34752465,-0.1581622052
18.3675547,-0.1637286344
18.38758475,-0.1688648041
18.4076148,-0.173570006
18.42764485,-0.1778557093
18.44767489,-0.1817481953
18.46770494,-0.1852807182
18.48773499,-0.1884632055
18.50776504,-0.1913144294
18.52779509,-0.1938442876
18.54782514,-0.1960849925
18.56785519,-0.1980603993
18.58788524,-0.1997836841
18.60791528,-0.201269708
18.62794533,-0.2025461108
18.64797538,-0.2036396789
18.66800543,-0.2045840726
18.68803548,-0.2053743139
18.70806553,-0.2060388602
18.72809558,-0.2065788308
18.74812563,-0.207019394
18.76815567,-0.2074161332
18.78818572,-0.2077784906
18.80821577,-0.2081404824
18.82824582,-0.2084976962
18.84827587,-0.2088738014
18.86830592,-0.2092731003
18.88833597,-0.2097297284
18.90836602,-0.2102581989
18.92839606,-0.2108594433
18.94842611,-0.211517524
18.96845616,-0.2122325467
18.98848621,-0.2130318984
19.00851626,-0.2139331805
19.02854631,-0.2149426263
19.04857636,-0.2160442685
19.06860641,-0.2172329168
19.08863645,-0.2185072326
19.1086665,-0.2198927265
19.12869655,-0.221355226
19.1487266,-0.2229172387
19.16875665,-0.2245562274
19.1887867,-0.2262894586
19.20881675,-0.2280942023
19.2288468,-0.2299746235
19.24887684,-0.2318943958
19.26890689,-0.2338566424
19.28893694,-0.2358466823
19.30896699,-0.2378619624
19.32899704,-0.2398802865
19.34902709,-0.2418815197
19.36905714,-0.2438252993
19.38908719,-0.2456912413
19.40911723,-0.2474768294
19.42914728,-0.2491677091
19.44917733,-0.250710758
19.46920738,-0.2521047287
19.48923743,-0.2533331116
19.50926748,-0.2543746007
19.52929753,-0.2552022444
19.54932758,-0.2558278369
19.56935762,-0.2562341127
19.58938767,-0.2564260405
19.60941772,-0.2563677785
19.62944777,-0.2560401927
19.64947782,-0.2554464052
19.66950787,-0.2545693053
19.68953792,-0.2533872175
19.70956797,-0.251915407
19.72959801,-0.2501398669
19.74962806,-0.2480338521
19.76965811,-0.2456043618
19.78968816,-0.2428266339
19.80971821,-0.2397174333
19.82974826,-0.236266529
19.84977831,-0.2324732411
19.86980836,-0.228352218
19.8898384,-0.2239222912
19.90986845,-0.2191693821
19.9298985,-0.2141008234
19.94992855,-0.2087424725
19.9699586,-0.2031046772
19.98998865,-0.1971961322
20.0100187,-0.1910321644
20.03004875,-0.1846298027
20.05007879,-0.1780254627
20.07010884,-0.1712344236
20.09013889,-0.1642728735
20.11016894,-0.157166504
20.13019899,-0.1499313566
20.15022904,-0.1425625014
20.17025909,-0.1350942546
20.19028914,-0.1275585553
20.21031918,-0.1199621272
20.23034923,-0.1123286995
20.25037928,-0.1046827284
20.27040933,-0.09706567156
20.29043938,-0.08947763174
20.31046943,-0.08194379265
20.33049948,-0.07448432893
20.35052953,-0.06715147479
20.37055957,-0.05994167937
20.39058962,-0.05288115439
20.41061967,-0.04596853807
20.43064972,-0.03923075291
20.45067977,-0.03269726455
20.47070982,-0.02637903489
20.49073987,-0.02027587952
20.51076992,-0.01440136729
20.53079996,-0.008764688155
20.55083001,-0.003384403164
20.57086006,0.001740039265
20.59089011,0.006601435008
20.61092016,0.01120673981
20.63095021,0.01553436852
20.65098026,0.01958270871
20.67101031,0.02333559716
20.69104035,0.02682515622
20.7110704,0.0300468866
20.73110045,0.03301164044
20.7511305,0.03571258595
20.77116055,0.03814783414
20.7911906,0.04034560934
20.81122065,0.04231502584
20.8312507,0.04405857213
20.85128074,0.04558715105
20.87131079,0.04689425755
20.89134084,0.04801374516
20.91137089,0.04895907065
20.93140094,0.04976043064
20.95143099,0.05042665821
20.97146104,0.0509688182
20.99149109,0.05140014879
21.01152113,0.05171624465
21.03155118,0.05193776255
21.05158123,0.05207115917
21.07161128,0.05213123953
21.09164133,0.05212036598
21.11167138,0.05205528533
21.13170143,0.05192997907
21.15173148,0.05178714629
21.17176152,0.0515917431
21.19179157,0.05137818135
21.21182162,0.05113821067
21.23185167,0.05088401383
21.25188172,0.05062814639
21.27191177,0.0503681444
21.29194182,0.05011475286
21.31197186,0.04987442929
21.33200191,0.04964199636
21.35203196,0.04943733296
21.37206201,0.04924313913
21.39209206,0.04907594394
21.41212211,0.04891813647
21.43215216,0.04877377135
21.45218221,0.04862325225
21.47221225,0.04847950822
21.4922423,0.04832158795
21.51227235,0.04816297211
21.5323024,0.04799398073
21.55233245,0.04781169834
21.5723625,0.0476036883
21.59239255,0.04738311212
21.6124226,0.04714986215
21.63245264,0.04690937543
21.65248269,0.04662568741
21.67251274,0.04630813832
21.69254279,0.04595962976
21.71257284,0.04557925408
21.73260289,0.04516830043
21.75263294,0.04471823949
21.77266299,0.04423017597
21.79269303,0.04368497084
21.81272308,0.0430782969
21.83275313,0.04240539769
21.85278318,0.04165377779
21.87281323,0.04082277778
21.89284328,0.03991929989
21.91287333,0.03893448132
21.93290338,0.03786118956
21.95293342,0.03668821917
21.97296347,0.035407915
21.99299352,0.03403037608
22.01302357,0.03254334151
22.03305362,0.03096631049
22.05308367,0.02928635751
22.07311372,0.02749579149
22.09314377,0.02560705041
22.11317381,0.02360698514
22.13320386,0.02150776435
22.15323391,0.01930521599
22.17326396,0.01701067413
22.19329401,0.01460805708
22.21332406,0.01210431248
22.23335411,0.009493351715
22.25338416,0.00677524744
22.2734142,0.003952937923
22.29344425,0.001035151955
22.3134743,-0.00196291579
22.33350435,-0.005038457058
22.3535344,-0.008184029972
22.37356445,-0.01140132372
22.3935945,-0.01469596567
22.41362455,-0.01806740694
22.43365459,-0.02148674737
22.45368464,-0.02495630209
22.47371469,-0.02846413053
22.49374474,-0.03199040397
22.51377479,-0.03554058323
22.53380484,-0.03908385914
22.55383489,-0.04262067868
22.57386494,-0.04614031219
22.59389498,-0.04964316784
22.61392503,-0.05311349686
22.63395508,-0.05654348215
22.65398513,-0.05993086249
22.67401518,-0.0632567797
22.69404523,-0.06649859784
22.71407528,-0.06965378966
22.73410533,-0.0727060788
22.75413537,-0.07564697798
22.77416542,-0.07847641554
22.79419547,-0.08119484472
22.81422552,-0.08378103138
22.83425557,-0.08624364716
22.85428562,-0.08856480186
22.87431567,-0.09075381222
22.89434572,-0.09279923612
22.91437576,-0.09467570111
22.93440581,-0.09640858871
22.95443586,-0.09795811648
22.97446591,-0.099339747
22.99449596,-0.1005536198
23.01452601,-0.1015915809
23.03455606,-0.1024550944
23.05458611,-0.1031513132
23.07461615,-0.103668777
23.0946462,-0.1040181213
23.11467625,-0.1041947272
23.1347063,-0.1041659029
23.15473635,-0.1039690503
23.1747664,-0.1036091411
23.19479645,-0.1030919868
23.2148265,-0.102418367
23.23485654,-0.1015791177
23.25488659,-0.100573542
23.27491664,-0.09942339454
23.29494669,-0.0981386166
23.31497674,-0.09673309248
23.33500679,-0.09519784248
23.35503684,-0.09353794143
23.37506689,-0.09174020682
23.39509693,-0.08981472471
23.41512698,-0.08776245131
23.43515703,-0.08560869953
23.45518708,-0.08335199072
23.47521713,-0.08098807616
23.49524718,-0.07852511456
23.51527723,-0.0759717951
23.53530728,-0.07332678573
23.55533732,-0.07060384147
23.57536737,-0.06780220339
23.59539742,-0.06493646319
23.61542747,-0.06200493181
23.63545752,-0.05900536967
23.65548757,-0.05593155985
23.67551762,-0.05280815463
23.69554767,-0.04965764092
23.71557771,-0.04649094074
23.73560776,-0.04330674054
23.75563781,-0.04012067045
23.77566786,-0.03692301161
23.79569791,-0.03372238274
23.81572796,-0.03051617776
23.83575801,-0.02732615686
23.85578806,-0.02417184503
23.8758181,-0.02106705033
23.89584815,-0.01801543104
23.9158782,-0.01501643511
23.93590825,-0.01208518154
23.9559383,-0.009239455357
23.97596835,-0.006488371074
23.9959984,-0.00383983813
24.01602845,-0.001308536161
24.03605849,0.001112166838
24.05608854,0.003404159634
24.07611859,0.005557596964
24.09614864,0.007543752841
24.11617869,0.009365535667
24.13620874,0.01100105278
24.15623879,0.01248092974
24.17626884,0.01376997881
24.19629888,0.01485648572
24.21632893,0.01575105528
24.23635898,0.01644289442
24.25638903,0.01693455495
24.27641908,0.0172115575
24.29644913,0.01728581375
24.31647918,0.01717493655
24.33650923,0.01687264635
24.35653927,0.01636228352
24.37656932,0.01567030186
24.39659937,0.01479146529
24.41662942,0.01373060774
24.43665947,0.01251447729
24.45668952,0.01114539825
24.47671957,0.009640108329
24.49674962,0.008006915496
24.51677966,0.006227492009
24.53680971,0.004337655555
24.55683976,0.002352431487
24.57686981,0.00030750375
24.59689986,-0.00179325096
24.61692991,-0.003931853494
24.63695996,-0.006098197796
24.65699001,-0.008283363907
24.67702005,-0.01046075281
24.6970501,-0.01261408569
24.71708015,-0.01473774666
24.7371102,-0.01681171359
24.75714025,-0.01881419468
24.7771703,-0.02075130305
24.79720035,-0.02260164896
24.8172304,-0.0243502049
24.83726044,-0.02598480301
24.85729049,-0.02748901445
24.87732054,-0.02886408681
24.89735059,-0.03007589404
24.91738064,-0.03113400798
24.93741069,-0.03202530212
24.95744074,-0.03274121127
24.97747079,-0.03326761169
24.99750083,-0.03360227612
25.01753088,-0.03373567274
25.03756093,-0.03368611903
25.05759098,-0.03345703055
25.07762103,-0.03302623336
25.09765108,-0.03241649263
25.11768113,-0.03162397725
25.13771118,-0.03064842441
25.15774122,-0.02950603168
25.17777127,-0.02819847615
25.19780132,-0.02674570359
25.21783137,-0.02514319583
25.23786142,-0.02337980177
25.25789147,-0.02147164315
25.27792152,-0.01942261319
25.29795157,-0.01725970518
25.31798161,-0.01497021717
25.33801166,-0.01258622497
25.35804171,-0.01010830191
25.37807176,-0.007533900602
25.39810181,-0.004892021742
25.41813186,-0.002175054416
25.43816191,0.0005884872952
25.45819196,0.003403840954
25.478222,0.00623173533
25.49825205,0.009070543684
25.5182821,0.01190970996
25.53831215,0.01473951091
25.5583422,0.01753054041
25.57837225,0.02028299319
25.5984023,0.0229713111
25.61843235,0.02559226486
25.63846239,0.02812185663
25.65849244,0.03057028386
25.67852249,0.03292689713
25.69855254,0.0351749875
25.71858259,0.03731388825
25.73861264,0.03933328147
25.75864269,0.04123636837
25.77867274,0.0430047555
25.79870278,0.04463559392
25.81873283,0.04613433449
25.83876288,0.04747679695
25.85879293,0.04865637855
25.87882298,0.04967095463
25.89885303,0.0505167012
25.91888308,0.05119378886
25.93891313,0.05168290221
25.95894317,0.05198118416
25.97897322,0.05208087078
25.99900327,0.05196803102
26.01903332,0.0516648897
26.03906337,0.05119410403
26.05909342,0.05054126917
26.07912347,0.04970191793
26.09915352,0.04867634728
26.11918356,0.04745603725
26.13921361,0.04606319909
26.15924366,0.04449299066
26.17927371,0.04275310019
26.19930376,0.04087230643
26.21933381,0.03885959735
26.23936386,0.03672854398
26.25939391,0.03447932957
26.27942395,0.03212282482
26.299454,0.02966325644
26.31948405,0.02711482881
26.3395141,0.02449735323
26.35954415,0.021819739
26.3795742,0.01910023483
26.39960425,0.01636439976
26.4196343,0.01362890315
26.43966434,0.01091000232
26.45969439,0.008219950631
26.47972444,0.005573343233
26.49975449,0.002965805054
26.51978454,0.000411957495
26.53981459,-0.002069055141
26.55984464,-0.004442065555
26.57987468,-0.006709957173
26.59990473,-0.008868153176
26.61993478,-0.01088245769
26.63996483,-0.01277335768
26.65999488,-0.01454206947
26.68002493,-0.01616529425
26.70005498,-0.01764222107
26.72008503,-0.01895484465
26.74011507,-0.02011300624
26.76014512,-0.02112462996
26.78017517,-0.02198548374
26.80020522,-0.02269106818
26.82023527,-0.02324862227
26.84026532,-0.02364218678
26.86029537,-0.02387335787
26.88032542,-0.02393653632
26.90035546,-0.02386203857
26.92038551,-0.02365428866
26.94041556,-0.02332068136
26.96044561,-0.02285379608
26.98047566,-0.02227268568
27.00050571,-0.02157910965
27.02053576,-0.02079106862
27.04056581,-0.01993092871
27.06059585,-0.0189956973
27.0806259,-0.01800444417
27.10065595,-0.01696651874
27.120686,-0.01589148863
27.14071605,-0.01480788381
27.1607461,-0.01371124675
27.18077615,-0.01260778937
27.2008062,-0.01148875833
27.22083624,-0.01035259477
27.24086629,-0.009224263445
27.26089634,-0.008102618435
27.28092639,-0.007003406167
27.30095644,-0.005924135097
27.32098649,-0.004882458266
27.34101654,-0.003890145582
27.36104659,-0.002946604846
27.38107663,-0.002039657683
27.40110668,-0.001175311969
27.42113673,-0.0003565939922
27.44116678,0.0004049997258
27.46119683,0.001108388947
27.48122688,0.001745185489
27.50125693,0.002309623511
27.52128698,0.002796440351
27.54131702,0.003215976007
27.56134707,0.003554522976
27.58137712,0.003830715477
27.60140717,0.0040430248
27.62143722,0.004189292212
27.64146727,0.004288885448
27.66149732,0.004337042294
27.68152737,0.004326872523
27.70155741,0.004263693104
27.72158746,0.004122172796
27.74161751,0.003920865538
27.76164756,0.003652443522
27.78167761,0.003316392322
27.80170766,0.002904487111
27.82173771,0.002434280364
27.84176776,0.001892937906
27.8617978,0.001298379858
27.88182785,0.0006371390574
27.9018579,-9.493709079e-005
27.92188795,-0.0009100705769
27.941918,-0.001804185736
27.96194805,-0.0027658787
27.9819781,-0.003782218217
28.00200815,-0.004848058586
28.02203819,-0.005967789411
28.04206824,-0.007115720937
28.06209829,-0.008297598803
28.08212834,-0.00949870227
28.10215839,-0.01071495885
28.12218844,-0.01195629322
28.14221849,-0.01321048888
28.16224854,-0.01448348673
28.18227858,-0.01575660533
28.20230863,-0.01703999746
28.22233868,-0.01832050478
28.24236873,-0.01961456188
28.26239878,-0.02089675428
28.28242883,-0.02217072277
28.30245888,-0.02343028971
28.32248893,-0.02468120782
28.34251897,-0.02589500236
28.36254902,-0.02708305916
28.38257907,-0.02825236196
28.40260912,-0.0293843256
28.42263917,-0.03045807951
28.44266922,-0.03145288263
28.46269927,-0.03236764602
28.48272932,-0.03320676141
28.50275936,-0.03399011909
28.52278941,-0.0347048512
28.54281946,-0.03536353042
28.56284951,-0.03592775515
28.58287956,-0.03640928669
28.60290961,-0.03681541028
28.62293966,-0.03715457571
28.64296971,-0.0374156204
28.66299975,-0.03761526427
28.6830298,-0.03773624661
28.70305985,-0.03780473671
28.7230899,-0.03777191149
28.74311995,-0.0376447123
28.76315,-0.03745083815
28.78318005,-0.03719232092
28.8032101,-0.03686566392
28.82324014,-0.03644936235
28.84327019,-0.03595190471
28.86330024,-0.03538644417
28.88333029,-0.0347558906
28.90336034,-0.03407221424
28.92339039,-0.03332408771
28.94342044,-0.03251191799
28.96345049,-0.03163164859
28.98348053,-0.03071220562
29.00351058,-0.02974848283
29.02354063,-0.02874250538
29.04357068,-0.02768624442
29.06360073,-0.02659388966
29.08363078,-0.02546820001
29.10366083,-0.02432191993
29.12369088,-0.02313717395
29.14372092,-0.02191097089
29.16375097,-0.0206663695
29.18378102,-0.01940908018
29.20381107,-0.01815745344
29.22384112,-0.01688257521
29.24387117,-0.01560596759
29.26390122,-0.01433313317
29.28393127,-0.01306647922
29.30396131,-0.01180294311
29.32399136,-0.01057312602
29.34402141,-0.009381028069
29.36405146,-0.008239097437
29.38408151,-0.00712870743
29.40411156,-0.00607644912
29.42414161,-0.00507943002
29.44417166,-0.004160067373
29.4642017,-0.003309991449
29.48423175,-0.002573111072
29.5042618,-0.001905082127
29.52429185,-0.001324979336
29.5443219,-0.0008161456119
29.56435195,-0.000406823922
29.584382,-0.0001061833426
29.60441205,0.0001032807585
29.62444209,0.0002223344262
29.64447214,0.0002402694567
29.66450219,0.0001545119709
29.68453224,-3.325573359e-005
29.70456229,-0.0003284384239
29.72459234,-0.000746078283
29.74462239,-0.0013016034
29.76465244,-0.001990566079
29.78468248,-0.002786617349
29.80471253,-0.003704283113
29.82474258,-0.004721657416
29.84477263,-0.00585906832
29.86480268,-0.007106733635
29.88483273,-0.008459135087
29.90486278,-0.009883046557
29.92489283,-0.01137086898
29.94492287,-0.01292624353
29.96495292,-0.01452851222
29.98498297,-0.01617724955
30.00501302,-0.01784473563
30.02504307,-0.01952961622
30.04507312,-0.02123173606
30.06510317,-0.02293589161
30.08513322,-0.02462684365
30.10516326,-0.02630693232
30.12519331,-0.02796349373
30.14522336,-0.02959273242
30.16525341,-0.03118990511
30.18528346,-0.03274513064
30.20531351,-0.03425120719
30.22534356,-0.03569230481
30.24537361,-0.0370672349
30.26540365,-0.03835006363
30.2854337,-0.03953629758
30.30546375,-0.04062258656
30.3254938,-0.04159285722
30.34552385,-0.04245783343
30.3655539,-0.04320132471
30.38558395,-0.04381805445
30.405614,-0.04431306518
30.42564404,-0.04467201274
30.44567409,-0.04489457334
30.46570414,-0.04500414349
30.48573419,-0.04499045114
30.50576424,-0.0448456595
30.52579429,-0.04458303888
30.54582434,-0.04417903902
30.56585439,-0.04365210098
30.58588443,-0.04300610007
30.60591448,-0.04225411071
30.62594453,-0.04140466659
30.64597458,-0.04046030351
30.66600463,-0.03941254735
30.68603468,-0.03825412378
30.70606473,-0.0369937006
30.72609478,-0.0356541154
30.74612482,-0.0342507388
30.76615487,-0.03277638529
30.78618492,-0.03122443884
30.80621497,-0.02960999822
30.82624502,-0.02793716584
30.84627507,-0.02621838545
30.86630512,-0.02446092911
30.88633517,-0.02267216663
30.90636521,-0.02086572168
30.92639526,-0.01904794353
30.94642531,-0.01722346179
30.96645536,-0.01539780097
30.98648541,-0.0135933844
31.00651546,-0.01183767972
31.02654551,-0.01012082338
31.04657556,-0.008439870594
31.0666056,-0.006802672401
31.08663565,-0.005228169513
31.1066657,-0.00373017471
31.12669575,-0.002320035798
31.1467258,-0.0009943792006
31.16675585,0.0002619068836
31.1867859,0.00141224644
31.20681595,0.002451148134
31.22684599,0.003384695583
31.24687604,0.004205727288
31.26690609,0.004891416951
31.28693614,0.005445073889
31.30696619,0.005854250355
31.32699624,0.0061317047
31.34702629,0.006258919984
31.36705634,0.006240142038
31.38708638,0.00608533605
31.40711643,0.005789554639
31.42714648,0.005350695205
31.44717653,0.004793115615
31.46720658,0.004100017364
31.48723663,0.003269082899
31.50726668,0.002319924691
31.52729673,0.001267870176
31.54732677,9.458386357e-005
31.56735682,-0.001180631014
31.58738687,-0.002570048504
31.60741692,-0.004055358849
31.62744697,-0.005634035601
31.64747702,-0.007295839187
31.66750707,-0.009035841609
31.68753712,-0.01082888044
31.70756716,-0.01266713377
31.72759721,-0.01452625185
31.74762726,-0.01641983639
31.76765731,-0.01832882589
31.78768736,-0.02023318794
31.80771741,-0.02211218265
31.82774746,-0.02394511464
31.8477775,-0.02572751348
31.86780755,-0.02746661269
31.8878376,-0.02915121521
31.90786765,-0.0307781412
31.9278977,-0.03233429791
31.94792775,-0.03381016525
31.9679578,-0.03519515935
31.98798785,-0.03649852835
32.00801789,-0.03771626812
32.02804794,-0.03883526018
32.04807799,-0.03985291959
32.06810804,-0.04076911313
32.08813809,-0.04156826739
32.10816814,-0.04225903266
32.12819819,-0.04283494277
32.14822824,-0.04331468365
32.16825828,-0.04368722362
32.18828833,-0.04394798804
32.20831838,-0.04409701427
32.22834843,-0.04413120288
32.24837848,-0.04403500706
32.26840853,-0.04383264776
32.28843858,-0.04351747026
32.30846863,-0.04311179117
32.32849867,-0.04260652256
32.34852872,-0.04200799642
32.36855877,-0.04131560094
32.38858882,-0.04053701999
32.40861887,-0.0396934768
32.42864892,-0.0387926769
32.44867897,-0.03783238059
32.46870902,-0.03682809521
32.48873906,-0.03576931032
32.50876911,-0.03467854158
32.52879916,-0.03355017285
32.54882921,-0.03238539598
32.56885926,-0.03120272503
32.58888931,-0.02999494252
32.60891936,-0.02876517778
32.62894941,-0.02750690119
32.64897945,-0.02623516654
32.6690095,-0.02494980021
32.68903955,-0.02365642119
32.7090696,-0.0223710798
32.72909965,-0.02108200613
32.7491297,-0.01979541812
32.76915975,-0.01851495769
32.7891898,-0.0172616389
32.80921984,-0.01604777333
32.82924989,-0.01487403177
32.84927994,-0.01374493584
32.86930999,-0.01265166628
32.88934004,-0.01158681148
32.90937009,-0.0105557469
32.92940014,-0.009568144529
32.94943019,-0.00861949556
32.96946023,-0.007727644101
32.98949028,-0.006879992583
33.00952033,-0.006076009188
33.02955038,-0.005304463781
33.04958043,-0.004578535073
33.06961048,-0.003904049402
33.08964053,-0.003288357886
33.10967058,-0.00272638502
33.12970062,-0.002217215166
33.14973067,-0.001774201841
33.16976072,-0.001402234288
33.18979077,-0.001105422444
33.20982082,-0.0008892755547
33.22985087,-0.000716698733
33.24988092,-0.0005982492654
33.26991097,-0.0005369865861
33.28994101,-0.0005550299961
33.30997106,-0.0006489392197
33.33000111,-0.0008219847014
33.35003116,-0.001083964475
33.37006121,-0.001417791089
33.39009126,-0.001799625988
33.41012131,-0.002243595687
33.43015136,-0.0027501145
33.4501814,-0.003326505141
33.47021145,-0.003965238854
33.4902415,-0.00465256861
33.51027155,-0.005384353339
33.5303016,-0.006172230038
33.55033165,-0.007011271932
33.5703617,-0.007905271716
33.59039175,-0.008850894517
33.61042179,-0.009825983648
33.63045184,-0.01083510071
33.65048189,-0.01187561617
33.67051194,-0.01294629161
33.69054199,-0.01405222404
33.71057204,-0.01519590123
33.73060209,-0.01636655514
33.75063214,-0.017544528
33.77066218,-0.01871780945
33.79069223,-0.01989799656
33.81072228,-0.0210591812
33.83075233,-0.02220395709
33.85078238,-0.02333607991
33.87081243,-0.02446145376
33.89084248,-0.02556499673
33.91087253,-0.02663795114
33.93090257,-0.02767717685
33.95093262,-0.02869372071
33.97096267,-0.0296476202
33.99099272,-0.0305492731
34.01102277,-0.03138475555
34.03105282,-0.03215071193
34.05108287,-0.03286542585
34.07111292,-0.03352064059
34.09114296,-0.03411448317
34.11117301,-0.03464308531
34.13120306,-0.03509489859
34.15123311,-0.03545885957
34.17126316,-0.0357291339
34.19129321,-0.03591794162
34.21132326,-0.03601452898
34.23135331,-0.03603224449
34.25138335,-0.03597874232
34.2714134,-0.03584087478
34.29144345,-0.03562062156
34.3114735,-0.03530926857
34.33150355,-0.03492567168
34.3515336,-0.03445208788
34.37156365,-0.03391292435
34.3915937,-0.03328824769
34.41162374,-0.03257048144
34.43165379,-0.03176699965
34.45168384,-0.0308867855
34.47171389,-0.02992200664
34.49174394,-0.02891222244
34.51177399,-0.02785173488
34.53180404,-0.02674261555
34.55183409,-0.02556696874
34.57186413,-0.02433865165
34.59189418,-0.02306271238
34.61192423,-0.02177396336
34.63195428,-0.02046749195
34.65198433,-0.01915432758
34.67201438,-0.01783370366
34.69204443,-0.01651663591
34.71207448,-0.015212201
34.73210452,-0.01390478345
34.75213457,-0.01260733649
34.77216462,-0.01131746907
34.79219467,-0.01006105492
34.81222472,-0.008818956711
34.83225477,-0.007623217757
34.85228482,-0.006478902033
34.87231487,-0.005391520124
34.89234491,-0.004343614047
34.91237496,-0.003336345035
34.93240501,-0.002385921166
34.95243506,-0.001489139567
34.97246511,-0.0006722288919
34.99249516,5.74391111e-005
35.01252521,0.0007081597964
35.03255526,0.001272745651
35.0525853,0.001729785062
35.07261535,0.00207816937
35.0926454,0.002321175695
35.11267545,0.002475835425
35.1327055,0.002532199017
35.15273555,0.00250448606
35.1727656,0.002356720188
35.19279565,0.002108967705
35.21282569,0.00176317689
35.23285574,0.001322582943
35.25288579,0.0007858246744
35.27291584,0.0001865462615
35.29294589,-0.0004750298228
35.31297594,-0.001194135355
35.33300599,-0.001977719113
35.35303604,-0.002819046725
35.37306608,-0.003732504407
35.39309613,-0.004717751205
35.41312618,-0.005763494276
35.43315623,-0.006859061319
35.45318628,-0.008016443274
35.47321633,-0.009219529175
35.49324638,-0.01046283002
35.51327643,-0.01172922631
35.53330647,-0.01300062548
35.55333652,-0.01428694819
35.57336657,-0.01558168503
35.59339662,-0.01688721901
35.61342667,-0.01817423972
35.63345672,-0.01943030938
35.65348677,-0.02063646388
35.67351682,-0.0217804857
35.69354686,-0.02288063111
35.71357691,-0.02391731512
35.73360696,-0.0248919578
35.75363701,-0.02579377194
35.77366706,-0.02662619292
35.79369711,-0.0273838833
35.81372716,-0.02807290499
35.83375721,-0.02867113933
35.85378725,-0.02915591177
35.8738173,-0.02951604614
35.89384735,-0.02979246938
35.9138774,-0.02997284954
35.93390745,-0.0300752166
35.9539375,-0.03007658734
35.97396755,-0.02998071977
35.9939976,-0.02977281497
36.01402764,-0.02944168279
36.03405769,-0.02901284015
36.05408774,-0.02847752116
36.07411779,-0.02785487631
36.09414784,-0.02713185747
36.11417789,-0.02631742547
36.13420794,-0.02540737445
36.15423799,-0.02443950425
36.17426803,-0.02339284364
36.19429808,-0.02227587058
36.21432813,-0.02110184811
36.23435818,-0.01989379141
36.25438823,-0.01864908227
36.27441828,-0.01737724305
36.29444833,-0.01610082356
36.31447838,-0.01481090116
36.33450842,-0.01351327683
36.35453847,-0.01219878155
36.37456852,-0.01090941034
36.39459857,-0.009641537212
36.41462862,-0.008408302425
36.43465867,-0.00720843125
36.45468872,-0.006052659275
36.47471877,-0.004942675767
36.49474881,-0.003883984634
36.51477886,-0.002899314149
36.53480891,-0.001994734518
36.55483896,-0.001186013344
36.57486901,-0.0004423114505
36.59489906,0.0002320227707
36.61492911,0.0008081259674
36.63495916,0.001271750373
36.6549892,0.001656505346
36.67501925,0.001954896926
36.6950493,0.002169974152
36.71507935,0.002319604633
36.7351094,0.002377599472
36.75513945,0.002329006055
36.7751695,0.002167996877
36.79519955,0.001936105224
36.81522959,0.001620575587
36.83525964,0.001227642138
36.85528969,0.0007508955812
36.87531974,0.0002080599175
36.89534979,-0.0004073107529
36.91537984,-0.001085763779
36.93540989,-0.001813104473
36.95543994,-0.002586272994
36.97546998,-0.003383407315
36.99550003,-0.004210863424
37.01553008,-0.005057907827
37.03556013,-0.005928405422
37.05559018,-0.006789987545
37.07562023,-0.007657044845
37.09565028,-0.008526599417
37.11568032,-0.009407778429
37.13571037,-0.01029208451
37.15574042,-0.0111678532
37.17577047,-0.01203413074
37.19580052,-0.01287068214
37.21583057,-0.01369093559
37.23586062,-0.01448384576
37.25589067,-0.01525055122
37.27592071,-0.01597379671
37.29595076,-0.01663824565
37.31598081,-0.01724335993
37.33601086,-0.01778041839
37.35604091,-0.01826043857
37.37607096,-0.01865852262
37.39610101,-0.01898528922
37.41613106,-0.01922873202
37.4361611,-0.01942103887
37.45619115,-0.01955484966
37.4762212,-0.01959233842
37.49625125,-0.01954718481
37.5162813,-0.01942059579
37.53631135,-0.01925070901
37.5563414,-0.01902100501
37.57637145,-0.018739153
37.59640149,-0.0183985848
37.61643154,-0.01799349659
37.63646159,-0.0175246918
37.65649164,-0.01698814884
37.67652169,-0.01638245951
37.69655174,-0.01570699387
37.71658179,-0.01495919018
37.73661184,-0.01412058218
37.75664188,-0.01321706729
37.77667193,-0.01227047299
37.79670198,-0.01125984337
37.81673203,-0.01020458227
37.83676208,-0.009096209877
37.85679213,-0.00795078281
37.87682218,-0.006761980149
37.89685223,-0.005543363035
37.91688227,-0.004313619001
37.93691232,-0.003059915075
37.95694237,-0.001787241364
37.97697242,-0.0004677496091
37.99700247,0.0008923854077
38.01703252,0.002294898949
38.03706257,0.003711973811
38.05709262,0.005156552964
38.07712266,0.006608936791
38.09715271,0.008067948857
38.11718276,0.009522083415
38.13721281,0.01096984762
38.15724286,0.01242779262
38.17727291,0.01387870492
38.19730296,0.01531410449
38.21733301,0.01670978541
38.23736305,0.01805768148
38.2573931,0.01937732267
38.27742315,0.02067770551
38.2974532,0.02194342307
38.31748325,0.02315791833
38.3375133,0.02432213845
38.35754335,0.02545731155
38.3775734,0.02656925124
38.39760344,0.02764880732
38.41763349,0.02866800431
38.43766354,0.02962765942
38.45769359,0.03052049216
38.47772364,0.03135974981
38.49775369,0.03215446133
38.51778374,0.03289446419
38.53781379,0.03357371622
38.55784383,0.03418615096
38.57787388,0.03472930782
38.59790393,0.03520507835
38.61793398,0.03564069072
38.63796403,0.03602457274
38.65799408,0.03632764206
38.67802413,0.03657054072
38.69805418,0.03675951905
38.71808422,0.03690895455
38.73811427,0.03701375547
38.75814432,0.03706579226
38.77817437,0.03707187876
38.79820442,0.03701640384
38.81823447,0.03691812218
38.83826452,0.03675875996
38.85829457,0.03655055654
38.87832461,0.03627956152
38.89835466,0.03596264593
38.91838471,0.0356107435
38.93841476,0.03521958886
38.95844481,0.03479648208
38.97847486,0.03434777468
38.99850491,0.03387724815
39.01853496,0.03339536408
39.038565,0.03289673059
39.05859505,0.0323756483
39.0786251,0.031838842
39.09865515,0.03128120399
39.1186852,0.03068408098
39.13871525,0.03004401851
39.1587453,0.02939025764
39.17877535,0.02871689241
39.19880539,0.02802889415
39.21883544,0.02731793076
39.23886549,0.02660464067
39.25889554,0.02589819816
39.27892559,0.02521137308
39.29895564,0.02454071092
39.31898569,0.02388960895
39.33901574,0.02327311036
39.35904578,0.02269761785
39.37907583,0.02216965329
39.39910588,0.02166836415
39.41913593,0.02118024591
39.43916598,0.02073525509
39.45919603,0.02031821032
39.47922608,0.01993857486
39.49925613,0.01960503782
39.51928617,0.01931408693
39.53931622,0.01904943378
39.55934627,0.01882232
39.57937632,0.01865529577
39.59940637,0.01854310286
39.61943642,0.01849493578
39.63946647,0.01850596299
39.65949652,0.01859319446
39.67952656,0.01876702099
39.69955661,0.01903116282
39.71958666,0.01939406652
39.73961671,0.01984756818
39.75964676,0.02039000738
39.77967681,0.02100661232
39.79970686,0.02166607772
39.81973691,0.02237980191
39.83976695,0.02313397545
39.859797,0.02394529789
39.87982705,0.02479269274
39.8998571,0.02570741576
39.91988715,0.02669182949
39.9399172,0.02774107289
39.95994725,0.02881567293
39.9799773,0.02991802379
40.00000734,0.03106962585
40.02003739,0.0322604766
40.04006744,0.03351726971
40.06009749,0.03482425923
40.08012754,0.03617999093
40.10015759,0.03747796803
40.12018764,0.03875515754
40.14021769,0.0401249027
40.16024773,0.04134242069
40.18027778,0.04256614703
40.20030783,0.04371063056
40.22033788,0.04483572131
40.24036793,0.04590813901
40.26039798,0.04691689368
40.28042803,0.04785085359
40.30045808,0.04870304171
40.32048812,0.04943009477
40.34051817,0.05012044466
40.36054822,0.05068640458
40.38057827,0.05114608003
40.40060832,0.05153470104
40.42063837,0.05185494362
40.44066842,0.05209304244
40.46069847,0.05227600002
40.48072851,0.05239430261
40.50075856,0.05242850726
40.52078861,0.05236810609
40.54081866,0.05222754709
40.56084871,0.05199696656
40.58087876,0.05167098606
40.60090881,0.05128970907
40.62093886,0.05085277797
40.6409689,0.0503391693
40.66099895,0.0498002359
40.681029,0.049225987
40.70105905,0.04860216583
40.7210891,0.04790804958
40.74111915,0.04713769287
40.7611492,0.0463642744
40.78117925,0.04555123133
40.80120929,0.04469193302
40.82123934,0.04380452451
40.84126939,0.04287312996
40.86129944,0.04194226503
40.88132949,0.04097684895
40.90135954,0.04003058952
40.92138959,0.03910365744
40.94141964,0.03818871438
40.96144968,0.03729201911
40.98147973,0.03643347001
41.00150978,0.03562389559
41.02153983,0.03485586003
41.04156988,0.0341287887
41.06159993,0.03345738935
41.08162998,0.03286769226
41.10166003,0.03236133164
41.12169007,0.03190820644
41.14172012,0.03152317097
41.16175017,0.03122313977
41.18178022,0.03102064288
41.20181027,0.03092779195
41.22184032,0.03089738878
41.24187037,0.03096617857
41.26190042,0.0311355227
41.28193046,0.03143055708
41.30196051,0.03184062574
41.32199056,0.0323330143
41.34202061,0.03290236537
41.36205066,0.03358838485
41.38208071,0.03437341272
41.40211076,0.03521965317
41.42214081,0.03610368837
41.44217085,0.03705813287
41.4622009,0.0380776952
41.48223095,0.03915833362
41.502261,0.04030626095
41.52229105,0.04151809251
41.5423211,0.04278258388
41.56235115,0.04410270977
41.5823812,0.04547937041
41.60241124,0.04689589903
41.62244129,0.0483178474
41.64247134,0.0497310698
41.66250139,0.05114154025
41.68253144,0.05249808094
41.70256149,0.05378694258
41.72259154,0.05502165181
41.74262159,0.05622709354
41.76265163,0.05740720874
41.78268168,0.05854337135
41.80271173,0.05963961674
41.82274178,0.06070613951
41.84277183,0.06171017084
41.86280188,0.06263995081
41.88283193,0.06349615965
41.90286198,0.06424293925
41.92289202,0.06488210328
41.94292207,0.0654051317
41.96295212,0.0658027667
41.98298217,0.0660545731
42.00301222,0.06619490539
42.02304227,0.06621258457
42.04307232,0.06608118117
42.06310237,0.06579895825
42.08313241,0.06543031436
42.10316246,0.06497427646
42.12319251,0.06436773829
42.14322256,0.06363572653
42.16325261,0.0628154252
42.18328266,0.06186572999
42.20331271,0.06078870521
42.22334276,0.05958097005
42.2433728,0.05825609982
42.26340285,0.05681365424
42.2834329,0.05523230014
42.30346295,0.05352107262
42.323493,0.05169725122
42.34352305,0.04977371592
42.3635531,0.04777540085
42.38358314,0.04571790281
42.40361319,0.04357997419
42.42364324,0.04136970372
42.44367329,0.03910014649
42.46370334,0.03677949128
42.48373339,0.03440704064
42.50376344,0.03198244256
42.52379349,0.02954217078
42.54382353,0.02707224062
42.56385358,0.0245694949
42.58388363,0.02206830884
42.60391368,0.01956146792
42.62394373,0.01706274437
42.64397378,0.01458230837
42.66400383,0.01212242019
42.68403388,0.009678618398
42.70406392,0.007253993309
42.72409397,0.004865721361
42.74412402,0.002474576763
42.76415407,0.0001126588536
42.78418412,-0.002196200695
42.80421417,-0.004458907831
42.82424422,-0.006688309464
42.84427427,-0.008859254268
42.86430431,-0.01094045478
42.88433436,-0.01294490954
42.90436441,-0.01487883013
42.92439446,-0.01671028408
42.94442451,-0.01846668946
42.96445456,-0.02016545898
42.98448461,-0.02179196843
43.00451466,-0.02335231624
43.0245447,-0.02483600333
43.04457475,-0.02622789117
43.0646048,-0.02754728983
43.08463485,-0.02877462894
43.1046649,-0.0299124294
43.12469495,-0.0309679566
43.144725,-0.03193218033
43.16475505,-0.03282757978
43.18478509,-0.03364369272
43.20481514,-0.03433600381
43.22484519,-0.03492929593
43.24487524,-0.03545241963
43.26490529,-0.03591695783
43.28493534,-0.03633421741
43.30496539,-0.03667635427
43.32499544,-0.03692675635
43.34502548,-0.03712457706
43.36505553,-0.03729871728
43.38508558,-0.03740479741
43.40511563,-0.03741227991
43.42514568,-0.03736872557
43.44517573,-0.03728818076
43.46520578,-0.0371201678
43.48523583,-0.03686861555
43.50526587,-0.0365906358
43.52529592,-0.03627352556
43.54532597,-0.0359023657
43.56535602,-0.03551078372
43.58538607,-0.03508479421
43.60541612,-0.0346223152
43.62544617,-0.03415857633
43.64547622,-0.03369235301
43.66550626,-0.03320243765
43.68553631,-0.03270449708
43.70556636,-0.03222490839
43.72559641,-0.03172760309
43.74562646,-0.03120445181
43.76565651,-0.03065877508
43.78568656,-0.03010417965
43.80571661,-0.02956121337
43.82574665,-0.0290037367
43.8457767,-0.0284356835
43.86580675,-0.02791113671
43.8858368,-0.02742171521
43.90586685,-0.02695017549
43.9258969,-0.02649748268
43.94592695,-0.02608566802
43.965957,-0.0257101779
43.98598704,-0.02534301483
44.00601709,-0.02499660337
44.02604714,-0.02470017459
44.04607719,-0.02443301052
44.06610724,-0.02420270359
44.08613729,-0.02400720371
44.10616734,-0.02381910848
44.12619739,-0.02367085286
44.14622743,-0.02357498466
44.16625748,-0.02349503321
44.18628753,-0.02342767534
44.20631758,-0.02342859092
44.22634763,-0.02347451912
44.24637768,-0.02354768663
44.26640773,-0.02368385142
44.28643778,-0.02385680217
44.30646782,-0.02405952465
44.32649787,-0.02428862443
44.34652792,-0.02452929539
44.36655797,-0.0247549266
44.38658802,-0.02501827509
44.40661807,-0.0253511473
44.42664812,-0.02570768135
44.44667817,-0.02604675946
44.46670821,-0.02641572736
44.48673826,-0.0268030232
44.50676831,-0.027202977
44.52679836,-0.02763949063
44.54682841,-0.02807191863
44.56685846,-0.0284895433
44.58688851,-0.02890658283
44.60691856,-0.02930053065
44.6269486,-0.02971067028
44.64697865,-0.03014944167
44.6670087,-0.03056463412
44.68703875,-0.03093623499
44.7070688,-0.03129344712
44.72709885,-0.03160894306
44.7471289,-0.03186955882
44.76715895,-0.03211140654
44.78718899,-0.03233356063
44.80721904,-0.03250986888
44.82724909,-0.03266078357
44.84727914,-0.03277019694
44.86730919,-0.03281094173
44.88733924,-0.03283336246
44.90736929,-0.03278927887
44.92739934,-0.03265240974
44.94742938,-0.03243447807
44.96745943,-0.0321161299
44.98748948,-0.03171749773
45.00751953,-0.03126721271
45.02754958,-0.03073384425
45.04757963,-0.03011538193
45.06760968,-0.02943197136
45.08763973,-0.02865251482
45.10766977,-0.02775814837
45.12769982,-0.02684554139
45.14772987,-0.02587470645
45.16775992,-0.02481220228
45.18778997,-0.02369648709
45.20782002,-0.02251008091
45.22785007,-0.02124319639
45.24788012,-0.01990175052
45.26791016,-0.01850892424
45.28794021,-0.01704247288
45.30797026,-0.01552898366
45.32800031,-0.01395635702
45.34803036,-0.01239575095
45.36806041,-0.01089976867
45.38809046,-0.009431150556
45.40812051,-0.007928137452
45.42815055,-0.006450325682
45.4481806,-0.005020135298
45.46821065,-0.003611665508
45.4882407,-0.002207441803
45.50827075,-0.0008146102592
45.5283008,0.0004972178771
45.54833085,0.001753229046
45.5683609,0.002969900882
45.58839094,0.004082100365
45.60842099,0.005056353164
45.62845104,0.005942706573
45.64848109,0.00673879692
45.66851114,0.007471928507
45.68854119,0.008109914134
45.70857124,0.008632782914
45.72860129,0.009093572183
45.74863133,0.009450254986
45.76866138,0.00970850525
45.78869143,0.009894076554
45.80872148,0.00998147842
45.82875153,0.009953845884
45.84878158,0.009853679483
45.86881163,0.009640732438
45.88884168,0.009359227525
45.90887172,0.00902513195
45.92890177,0.008635229676
45.94893182,0.008193020319
45.96896187,0.007721102996
45.98899192,0.007205096267
46.00902197,0.006642441614
46.02905202,0.006072031604
46.04908207,0.005483375223
46.06911211,0.004846546326
46.08914216,0.004219541249
46.10917221,0.003628996009
46.12920226,0.003068209608
46.14923231,0.002520780131
46.16926236,0.002027713489
46.18929241,0.001571491879
46.20932246,0.001103459148
46.2293525,0.0006467945679
46.24938255,0.0002579799395
46.2694126,-0.0001163812351
46.28944265,-0.0004178065328
46.3094727,-0.0006356605121
46.32950275,-0.0007568529813
46.3495328,-0.0007712331695
46.36956285,-0.0006961818926
46.38959289,-0.0005631532397
46.40962294,-0.0003777282997
46.42965299,-0.0001559617917
46.44968304,9.720753729e-005
46.46971309,0.0004069540294
46.48974314,0.0007880065034
46.50977319,0.001259827135
46.52980324,0.001860444539
46.54983328,0.002539920317
46.56986333,0.003294665005
46.58989338,0.004142424764
46.60992343,0.005032168723
46.62995348,0.005921996478
46.64998353,0.006810017531
46.67001358,0.007743033425
46.69004363,0.00873656289
46.71007367,0.009812319185
46.73010372,0.01093887195
46.75013377,0.01211279986
46.77016382,0.01335818223
46.79019387,0.01463514091
46.81022392,0.01593434384
46.83025397,0.01720775592
46.85028402,0.01845559765
46.87031406,0.01973166406
46.89034411,0.02100797424
46.91037416,0.02224406084
46.93040421,0.02345045646
46.95043426,0.02469510274
46.97046431,0.02595429871
46.99049436,0.02717628813
47.01052441,0.02835872138
47.03055445,0.02942459728
47.0505845,0.0304238926
47.07061455,0.03135418992
47.0906446,0.03217431834
47.11067465,0.03293426116
47.1307047,0.03365176359
47.15073475,0.03430168965
47.1707648,0.03484702859
47.19079484,0.03528418672
47.21082489,0.03556326385
47.23085494,0.03571472683
47.25088499,0.03578335968
47.27091504,0.03573551809
47.29094509,0.03558780169
47.31097514,0.03532119823
47.33100519,0.03496882341
47.35103523,0.03445932863
47.37106528,0.03382666029
47.39109533,0.03304258276
47.41112538,0.03218659023
47.43115543,0.0311906786
47.45118548,0.03015281683
47.47121553,0.02904599367
47.49124558,0.0278634648
47.51127562,0.02660427438
47.53130567,0.02525994162
47.55133572,0.02382855709
47.57136577,0.02229823521
47.59139582,0.02069620631
47.61142587,0.01909369641
47.63145592,0.01747182788
47.65148597,0.01582889941
47.67151601,0.01423977362
47.69154606,0.01263410293
47.71157611,0.01105395558
47.73160616,0.009390204494
47.75163621,0.007722794969
47.77166626,0.006099041381
47.79169631,0.004539818469
47.81172635,0.003115785087
47.8317564,0.00178265176
47.85178645,0.0005212064036
47.8718165,-0.0006698416494
47.89184655,-0.00187272987
47.9118766,-0.003087764982
47.93190665,-0.004197942729
47.9519367,-0.00525715306
47.97196674,-0.006182884238
47.99199679,-0.006995280691
48.01202684,-0.007666135841
48.03205689,-0.008217899178
48.05208694,-0.008757120984
48.07211699,-0.009295931457
48.09214704,-0.00969517981
48.11217709,-0.01006265986
48.13220713,-0.01031585961
48.15223718,-0.0104810287
48.17226723,-0.01048147246
48.19229728,-0.01037131643
48.21232733,-0.01031110604
48.23235738,-0.01019086516
48.25238743,-0.009973872516
48.27241748,-0.009729825936
48.29244752,-0.00937178035
48.31247757,-0.008939470533
48.33250762,-0.008369187083
48.35253767,-0.007800063679
48.37256772,-0.007174450112
48.39259777,-0.006451838842
48.41262782,-0.005748884808
48.43265787,-0.004893147113
48.45268791,-0.003992534078
48.47271796,-0.003035093348
48.49274801,-0.002073259847
48.51277806,-0.00108826162
48.53280811,1.373990709e-005
48.55283816,0.001123071745
48.57286821,0.002298996903
48.59289826,0.003533134717
48.6129283,0.004772073821
48.63295835,0.00592977926
48.6529884,0.007165366088
48.67301845,0.008362280176
48.6930485,0.009605732151
48.71307855,0.01091644353
48.7331086,0.01220603876
48.75313865,0.01342915369
48.77316869,0.0145735291
48.79319874,0.0157337082
48.81322879,0.01690191184
48.83325884,0.01815447572
48.85328889,0.01939764748
48.87331894,0.020567691
48.89334899,0.02154973233
48.91337904,0.02251095187
48.93340908,0.02340240016
48.95343913,0.02430142667
48.97346918,0.0252190756
48.99349923,0.02607227786
49.01352928,0.02670551242
49.03355933,0.0272139942
49.05358938,0.02763807433
49.07361943,0.02809856533
49.09364947,0.02857880899
49.11367952,0.02889274618
49.13370957,0.02902594674
49.15373962,0.02900950223
49.17376967,0.02893841822
49.19379972,0.02890287152
49.21382977,0.02874181541
49.23385982,0.02840273589
49.25388986,0.02804948352
49.27391991,0.02765330986
49.29394996,0.02729671382
49.31398001,0.02676382013
49.33401006,0.02601828799
49.35404011,0.02526817391
49.37407016,0.02449818445
49.39410021,0.02360846234
49.41413025,0.02262390366
49.4341603,0.02162857383
49.45419035,0.02068144199
49.4742204,0.01981198822
49.49425045,0.018732772
49.5142805,0.01738360867
49.53431055,0.01611811968
49.5543406,0.01495313772
49.57437064,0.01367098938
49.59440069,0.01212170735
49.61443074,0.01073373634
49.63446079,0.00944401719
49.65449084,0.007963776364
49.67452089,0.0063369986
49.69455094,0.005003424542
49.71458099,0.003724654027
49.73461103,0.002159925761
49.75464108,0.0008339997961
49.77467113,-0.0002806525363
49.79470118,-0.001750896526
49.81473123,-0.002934892779
49.83476128,-0.003789645476
49.85479133,-0.005036428199
49.87482138,-0.005793230013
49.89485142,-0.006634075976
49.91488147,-0.007576129704
49.93491152,-0.007948084007
49.95494157,-0.008677506044
49.97497162,-0.008948300045
49.99500167,-0.009190147661
50.01503172,-0.009555070272
50.03506177,-0.008887093557
50.05509181,-0.003894180975
