0,0.002202077401
0.01998761217,0.005334381873
0.03997522433,0.006108633502
0.0599628365,0.006739147539
0.07995044867,0.006697738321
0.09993806083,0.007197724156
0.119925673,0.007558473291
0.1399132852,0.007655638032
0.1599008973,0.007875306858
0.1798885095,0.007998517352
0.1998761217,0.007826328863
0.2198637338,0.007932238957
0.239851346,0.007996259648
0.2598389582,0.00770690566
0.2798265703,0.007582741428
0.2998141825,0.007637254526
0.3198017947,0.007590650383
0.3397894068,0.007252997465
0.359777019,0.007109331542
0.3797646312,0.007155429116
0.3997522433,0.007051895513
0.4197398555,0.006856918121
0.4397274677,0.006820668131
0.4597150798,0.007009065787
0.479702692,0.007123499132
0.4996903042,0.007164028782
0.5196779163,0.007141822689
0.5396655285,0.007261742517
0.5596531407,0.007481057141
0.5796407528,0.007633216611
0.599628365,0.007731892972
0.6196159772,0.00783780086
0.6396035893,0.008005416789
0.6595912015,0.008217841659
0.6795788137,0.008418454029
0.6995664258,0.008471470313
0.719554038,0.008506981645
0.7395416502,0.008675863436
0.7595292623,0.00880407021
0.7795168745,0.008849355214
0.7995044867,0.008873222526
0.8194920988,0.008749849689
0.839479711,0.008769945068
0.8594673232,0.008791303744
0.8794549353,0.00888465504
0.8994425475,0.00891727367
0.9194301597,0.008861213306
0.9394177718,0.008810946295
0.959405384,0.008828087695
0.9793929962,0.008867741847
0.9993806083,0.008950158235
1.01936822,0.008987984394
1.039355833,0.009003639591
1.059343445,0.009106842128
1.079331057,0.009179873043
1.099318669,0.009192591464
1.119306281,0.00928448519
1.139293893,0.00937567046
1.159281506,0.009481575252
1.179269118,0.009569908953
1.19925673,0.009761061251
1.219244342,0.009906203794
1.239231954,0.01002413582
1.259219566,0.01014355908
1.279207179,0.01030440793
1.299194791,0.0104246326
1.319182403,0.01051540205
1.339170015,0.0106847134
1.359157627,0.01089048604
1.379145239,0.0110321189
1.399132852,0.01122713159
1.419120464,0.0114275508
1.439108076,0.01155023902
1.459095688,0.01161135464
1.4790833,0.01170100003
1.499070912,0.01190966509
1.519058525,0.0121621371
1.539046137,0.01240314791
1.559033749,0.01253845575
1.579021361,0.01268408284
1.599008973,0.01281387513
1.618996585,0.01296287555
1.638984198,0.01303011733
1.65897181,0.01321963161
1.678959422,0.013377387
1.698947034,0.01337906788
1.718934646,0.01338138818
1.738922258,0.01334165336
1.758909871,0.01333871079
1.778897483,0.01344677674
1.798885095,0.01349168511
1.818872707,0.0136031965
1.838860319,0.01370966279
1.858847931,0.01362497853
1.878835544,0.01361507189
1.898823156,0.01364620622
1.918810768,0.01363731455
1.93879838,0.01367924767
1.958785992,0.01371776254
1.978773604,0.01370090876
1.998761217,0.01371392451
2.018748829,0.01371850016
2.038736441,0.01371047897
2.058724053,0.01366243684
2.078711665,0.01360158331
2.098699277,0.01352031389
2.11868689,0.0134099777
2.138674502,0.01336580617
2.158662114,0.01336161254
2.178649726,0.01336698167
2.198637338,0.01330641928
2.21862495,0.01325260761
2.238612563,0.0131904511
2.258600175,0.01306809781
2.278587787,0.01292783146
2.298575399,0.01276529563
2.318563011,0.01257545243
2.338550623,0.01242705182
2.358538236,0.0123694981
2.378525848,0.0122808519
2.39851346,0.01218052984
2.418501072,0.01209106756
2.438488684,0.01189696823
2.458476296,0.01169454802
2.478463909,0.011440691
2.498451521,0.01113074867
2.518439133,0.01090284683
2.538426745,0.01074705933
2.558414357,0.01070235889
2.578401969,0.01062683431
2.598389582,0.01045504108
2.618377194,0.01026475264
2.638364806,0.01003343572
2.658352418,0.009762355465
2.67834003,0.009463266556
2.698327642,0.009216812619
2.718315255,0.009055177057
2.738302867,0.008928306706
2.758290479,0.008791123219
2.778278091,0.008625796834
2.798265703,0.008410610072
2.818253315,0.008197062404
2.838240928,0.0079233622
2.85822854,0.007682668792
2.878216152,0.007444203224
2.898203764,0.007268244258
2.918191376,0.007166803989
2.938178988,0.007070744917
2.958166601,0.006930478221
2.978154213,0.006792915234
2.998141825,0.006656959117
3.018129437,0.006449568675
3.038117049,0.006275113675
3.058104661,0.006089508455
3.078092274,0.005922398145
3.098079886,0.005711900875
3.118067498,0.005580110446
3.13805511,0.005507557094
3.158042722,0.005462393487
3.178030334,0.005350321418
3.198017947,0.005235712416
3.218005559,0.005121817782
3.237993171,0.0050238862
3.257980783,0.004858364928
3.277968395,0.004707494525
3.297956007,0.004562047513
3.31794362,0.004467762093
3.337931232,0.004377218639
3.357918844,0.004282662595
3.377906456,0.004187995521
3.397894068,0.004124805548
3.41788168,0.00405017125
3.437869293,0.003990594639
3.457856905,0.0038643705
3.477844517,0.003739690718
3.497832129,0.003637456306
3.517819741,0.003570629989
3.537807353,0.003475330591
3.557794966,0.003407098835
3.577782578,0.0033363729
3.59777019,0.003238485108
3.617757802,0.003111034477
3.637745414,0.003022059341
3.657733026,0.003014722441
3.677720639,0.002973014841
3.697708251,0.002924489183
3.717695863,0.002867555598
3.737683475,0.002791417707
3.757671087,0.002665927395
3.777658699,0.002620380043
3.797646312,0.002535768569
3.817633924,0.002406749419
3.837621536,0.002292035969
3.857609148,0.002195327648
3.87759676,0.002152254127
3.897584372,0.002103783076
3.917571985,0.00213070165
3.937559597,0.002096239544
3.957547209,0.002054798564
3.977534821,0.002004598513
3.997522433,0.001938749922
4.017510045,0.001850569571
4.037497658,0.001725847943
4.05748527,0.001633737468
4.077472882,0.001559383796
4.097460494,0.001541009036
4.117448106,0.001575374954
4.137435718,0.001601959174
4.157423331,0.001612853386
4.177410943,0.00162076747
4.197398555,0.001630372246
4.217386167,0.001648913109
4.237373779,0.001645367099
4.257361391,0.001602887534
4.277349004,0.001580828712
4.297336616,0.001542344897
4.317324228,0.001487066326
4.33731184,0.001520278831
4.357299452,0.001596177935
4.377287064,0.001707353081
4.397274677,0.001798798278
4.417262289,0.001857974612
4.437249901,0.001878751655
4.457237513,0.001927131674
4.477225125,0.001922401675
4.497212737,0.001903478748
4.51720035,0.0019014898
4.537187962,0.00187903149
4.557175574,0.001933124738
4.577163186,0.001992635115
4.597150798,0.002069028505
4.61713841,0.002165288926
4.637126023,0.002261956164
4.657113635,0.002338931498
4.677101247,0.002453792674
4.697088859,0.002566547979
4.717076471,0.002605848091
4.737064083,0.002615124832
4.757051696,0.002667872836
4.777039308,0.002740678083
4.79702692,0.002805699837
4.817014532,0.002871318353
4.837002144,0.002934962478
4.856989756,0.003006127948
4.876977369,0.003080898189
4.896964981,0.003163065279
4.916952593,0.003231163409
4.936940205,0.003307601369
4.956927817,0.003367776552
4.976915429,0.003382753446
4.996903042,0.003403504336
5.016890654,0.003446416457
5.036878266,0.003490482847
5.056865878,0.003570802468
5.07685349,0.003686066155
5.096841102,0.003801456327
5.116828715,0.003904166551
5.136816327,0.003979405382
5.156803939,0.004034857066
5.176791551,0.004073326262
5.196779163,0.004082185495
5.216766775,0.004093160777
5.236754388,0.004121573763
5.256742,0.0041541469
5.276729612,0.004176483971
5.296717224,0.004225749918
5.316704836,0.004293732828
5.336692448,0.004358623067
5.356680061,0.004424511818
5.376667673,0.004489925358
5.396655285,0.004532991674
5.416642897,0.004562297555
5.436630509,0.004569760519
5.456618121,0.004554336384
5.476605734,0.004575725789
5.496593346,0.004622878488
5.516580958,0.004632462922
5.53656857,0.004610658046
5.556556182,0.00461309066
5.576543794,0.004674507961
5.596531407,0.004762809896
5.616519019,0.004846238922
5.636506631,0.004919841739
5.656494243,0.004965154251
5.676481855,0.005019250934
5.696469467,0.005047636802
5.71645708,0.005039693426
5.736444692,0.005055527077
5.756432304,0.005076009767
5.776419916,0.005089137737
5.796407528,0.00511177381
5.81639514,0.005196408159
5.836382753,0.005326499124
5.856370365,0.005434186328
5.876357977,0.00551865506
5.896345589,0.00559371283
5.916333201,0.005664547423
5.936320813,0.00569414917
5.956308426,0.005652496643
5.976296038,0.00563322733
5.99628365,0.005656812459
6.016271262,0.005681532856
6.036258874,0.005688127853
6.056246486,0.005681222157
6.076234099,0.005702166046
6.096221711,0.00577438099
6.116209323,0.005844747598
6.136196935,0.005906854107
6.156184547,0.005953916336
6.176172159,0.006008132181
6.196159772,0.006019877238
6.216147384,0.005969050218
6.236134996,0.005929481184
6.256122608,0.005935068676
6.27611022,0.005933050744
6.296097832,0.005916774435
6.316085445,0.005924903021
6.336073057,0.005952693481
6.356060669,0.005980173628
6.376048281,0.005989729919
6.396035893,0.005971912049
6.416023505,0.005942405026
6.436011118,0.005916280736
6.45599873,0.005851968691
6.475986342,0.005734137133
6.495973954,0.005628049757
6.515961566,0.005540471771
6.535949178,0.005422616472
6.555936791,0.005294603895
6.575924403,0.005186518085
6.595912015,0.005102748524
6.615899627,0.005011356077
6.635887239,0.0049115398
6.655874851,0.004816763809
6.675862464,0.004706619344
6.695850076,0.004604756102
6.715837688,0.00445968701
6.7358253,0.004293518093
6.755812912,0.004125675802
6.775800524,0.003979044473
6.795788137,0.003831879557
6.815775749,0.00367883105
6.835763361,0.003555171759
6.855750973,0.003454907742
6.875738585,0.00338248228
6.895726197,0.00332199324
6.91571381,0.00326219846
6.935701422,0.003198264677
6.955689034,0.003134858959
6.975676646,0.003082491683
6.995664258,0.003007247947
7.01565187,0.002909891322
7.035639483,0.002821336406
7.055627095,0.002746484497
7.075614707,0.002689774467
7.095602319,0.002646167781
7.115589931,0.002633741872
7.135577543,0.002671096503
7.155565156,0.002723792995
7.175552768,0.00276564671
7.19554038,0.00278663389
7.215527992,0.002810207892
7.235515604,0.00287664135
7.255503216,0.00295475639
7.275490829,0.003016478984
7.295478441,0.003086895572
7.315466053,0.003162358317
7.335453665,0.003244805328
7.355441277,0.003337137402
7.375428889,0.003454379277
7.395416502,0.003589978969
7.415404114,0.003762655666
7.435391726,0.003984635765
7.455379338,0.00419521274
7.47536695,0.004390594095
7.495354562,0.004580944402
7.515342175,0.004787936895
7.535329787,0.004993748289
7.555317399,0.005194724739
7.575305011,0.005392884411
7.595292623,0.005594688178
7.615280235,0.005826796315
7.635267848,0.006074523755
7.65525546,0.006316927128
7.675243072,0.006552540553
7.695230684,0.006843399594
7.715218296,0.007167886923
7.735205908,0.00745789246
7.755193521,0.007690433099
7.775181133,0.007907446522
7.795168745,0.008159148359
7.815156357,0.008420910157
7.835143969,0.008673793672
7.855131581,0.008906569724
7.875119194,0.009127928798
7.895106806,0.009381550198
7.915094418,0.009646124125
7.93508203,0.009917014618
7.955069642,0.01018800339
7.975057254,0.01047786663
7.995044867,0.01079621463
8.015032479,0.01111230778
8.035020091,0.01138879542
8.055007703,0.01163095046
8.074995315,0.01186150541
8.094982927,0.01209235284
8.11497054,0.01230220587
8.134958152,0.01249861051
8.154945764,0.01270494579
8.174933376,0.01292419991
8.194920988,0.01313720327
8.2149086,0.01333162864
8.234896213,0.01351528282
8.254883825,0.01371046038
8.274871437,0.01394046253
8.294859049,0.01418296909
8.314846661,0.01438724584
8.334834273,0.01455782294
8.354821886,0.01470619107
8.374809498,0.01484808672
8.39479711,0.01497060819
8.414784722,0.01510393461
8.434772334,0.01523901763
8.454759946,0.01536785391
8.474747559,0.01549808403
8.494735171,0.01558982269
8.514722783,0.01566678059
8.534710395,0.01574466765
8.554698007,0.01583350219
8.574685619,0.01594701576
8.594673232,0.01606472722
8.614660844,0.01614888052
8.634648456,0.01618560746
8.654636068,0.01621009743
8.67462368,0.01623156736
8.694611292,0.0162640496
8.714598905,0.01628538506
8.734586517,0.0163136122
8.754574129,0.01635527685
8.774561741,0.01639482637
8.794549353,0.01642701471
8.814536965,0.01643345619
8.834524578,0.0164318489
8.85451219,0.01644271712
8.874499802,0.01649602677
8.894487414,0.01655859215
8.914475026,0.01659216503
8.934462638,0.0166079734
8.954450251,0.01659911115
8.974437863,0.01658391387
8.994425475,0.01655243012
9.014413087,0.01651794037
9.034400699,0.01648148217
9.054388311,0.01644614632
9.074375924,0.01643081353
9.094363536,0.01642005292
9.114351148,0.01637798312
9.13433876,0.01631666919
9.154326372,0.01625658875
9.174313984,0.0162165941
9.194301597,0.01618532992
9.214289209,0.0161507192
9.234276821,0.01611120452
9.254264433,0.01607377342
9.274252045,0.01602277636
9.294239657,0.01595399535
9.31422727,0.01586554684
9.334214882,0.01576005994
9.354202494,0.01565779999
9.374190106,0.01556983446
9.394177718,0.01549984504
9.41416533,0.01540503169
9.434152943,0.01527170295
9.454140555,0.01511248312
9.474128167,0.01496744251
9.494115779,0.01484460138
9.514103391,0.01472892312
9.534091003,0.01457996732
9.554078616,0.01440418598
9.574066228,0.0142181066
9.59405384,0.01401550838
9.614041452,0.01379906008
9.634029064,0.01355561871
9.654016676,0.01327989747
9.674004289,0.01299050293
9.693991901,0.01271048442
9.713979513,0.01243291636
9.733967125,0.01213548721
9.753954737,0.01181407004
9.773942349,0.01147486121
9.793929962,0.01112417365
9.813917574,0.0107688712
9.833905186,0.01038775233
9.853892798,0.009961556464
9.87388041,0.009489049492
9.893868022,0.008990216221
9.913855635,0.008479852052
9.933843247,0.007935581709
9.953830859,0.007342717621
9.973818471,0.006711138547
9.993806083,0.006075615015
10.0137937,0.005448435282
10.03378131,0.004813218048
10.05376892,0.004132037528
10.07375653,0.003427716625
10.09374414,0.002704489539
10.11373176,0.001955315598
10.13371937,0.001204646788
10.15370698,0.0004278445915
10.17369459,-0.0003809873503
10.1936822,-0.001218857504
10.21366982,-0.002067154208
10.23365743,-0.00293042089
10.25364504,-0.003804599154
10.27363265,-0.00467509991
10.29362027,-0.005556742916
10.31360788,-0.006436541911
10.33359549,-0.007314855025
10.3535831,-0.008182621662
10.37357071,-0.009047182927
10.39355833,-0.009908150109
10.41354594,-0.01073849054
10.43353355,-0.01154865698
10.45352116,-0.01233087742
10.47350878,-0.01311201349
10.49349639,-0.01388169727
10.513484,-0.01462070301
10.53347161,-0.0153141936
10.55345922,-0.015979388
10.57344684,-0.01661778968
10.59343445,-0.0172358632
10.61342206,-0.01781808117
10.63340967,-0.01836972403
10.65339728,-0.01888046076
10.6733849,-0.01932359128
10.69337251,-0.01972487358
10.71336012,-0.02008499127
10.73334773,-0.02041041827
10.75333535,-0.02068273021
10.77332296,-0.02090409299
10.79331057,-0.02109092211
10.81329818,-0.02125280551
10.83328579,-0.02137697282
10.85327341,-0.02146027071
10.87326102,-0.02150702097
10.89324863,-0.02152172941
10.91323624,-0.02151182057
10.93322386,-0.02147905791
10.95321147,-0.02142043485
10.97319908,-0.02132008101
10.99318669,-0.02117298413
11.0131743,-0.02099312137
11.03316192,-0.0207959978
11.05314953,-0.02056624835
11.07313714,-0.02031394838
11.09312475,-0.02004160641
11.11311236,-0.01974271479
11.13309998,-0.01943500906
11.15308759,-0.01913504998
11.1730752,-0.01880429707
11.19306281,-0.01845175305
11.21305043,-0.01810935213
11.23303804,-0.01776505416
11.25302565,-0.01741323638
11.27301326,-0.01706610858
11.29300087,-0.01674877908
11.31298849,-0.01643201547
11.3329761,-0.01610257275
11.35296371,-0.01577775703
11.37295132,-0.01546036108
11.39293893,-0.01514424858
11.41292655,-0.01482548273
11.43291416,-0.01450904284
11.45290177,-0.01418124638
11.47288938,-0.01387003784
11.492877,-0.01356389525
11.51286461,-0.01325310855
11.53285222,-0.01296989242
11.55283983,-0.01271415122
11.57282744,-0.01249092694
11.59281506,-0.01227866384
11.61280267,-0.01209302447
11.63279028,-0.01190648206
11.65277789,-0.01173172788
11.67276551,-0.01156260814
11.69275312,-0.01138532378
11.71274073,-0.01119419824
11.73272834,-0.0109894743
11.75271595,-0.01079631639
11.77270357,-0.01058902141
11.79269118,-0.01036404573
11.81267879,-0.01011194964
11.8326664,-0.009849446418
11.85265401,-0.009586730682
11.87264163,-0.009307999416
11.89262924,-0.009012313636
11.91261685,-0.008690558493
11.93260446,-0.00834775927
11.95259208,-0.007982270021
11.97257969,-0.007593209192
11.9925673,-0.00717020104
12.01255491,-0.006696526554
12.03254252,-0.006166630344
12.05253014,-0.005592291927
12.07251775,-0.004990391048
12.09250536,-0.004323422661
12.11249297,-0.003589670163
12.13248059,-0.002792551061
12.1524682,-0.001944146306
12.17245581,-0.001032127694
12.19244342,-5.884162293e-005
12.21243103,0.0009670976538
12.23241865,0.002053795058
12.25240626,0.003193980927
12.27239387,0.004396866663
12.29238148,0.005674059163
12.31236909,0.007016709449
12.33235671,0.008440165063
12.35234432,0.009955677127
12.37233193,0.01153280476
12.39231954,0.01316236191
12.41230716,0.01485214011
12.43229477,0.01662604063
12.45228238,0.01846453925
12.47226999,0.02039785706
12.4922576,0.02241381924
12.51224522,0.02450556115
12.53223283,0.02667757972
12.55222044,0.02891488705
12.57220805,0.03122406679
12.59219566,0.03364274316
12.61218328,0.03606400112
12.63217089,0.03852790154
12.6521585,0.04104508918
12.67214611,0.04366898934
12.69213373,0.04631136904
12.71212134,0.04909605234
12.73210895,0.05189481911
12.75209656,0.05475719929
12.77208417,0.05769554257
12.79207179,0.06069836556
12.8120594,0.06368782403
12.83204701,0.06671054602
12.85203462,0.06975927029
12.87202224,0.07286110569
12.89200985,0.07601082842
12.91199746,0.07914702374
12.93198507,0.08225330353
12.95197268,0.08533138188
12.9719603,0.08837165111
12.99194791,0.09143621004
13.01193552,0.09446156615
13.03192313,0.09746225099
13.05191074,0.1004735486
13.07189836,0.103527005
13.09188597,0.1064467436
13.11187358,0.1094140698
13.13186119,0.1122611189
13.15184881,0.1150191897
13.17183642,0.1177041677
13.19182403,0.1203070309
13.21181164,0.1227887911
13.23179925,0.125165349
13.25178687,0.1274427265
13.27177448,0.1295846342
13.29176209,0.1315850792
13.3117497,0.1334340084
13.33173732,0.13516136
13.35172493,0.1367182369
13.37171254,0.1380885463
13.39170015,0.1392993391
13.41168776,0.1402889147
13.43167538,0.1410679449
13.45166299,0.1415880669
13.4716506,0.1418259974
13.49163821,0.1418167236
13.51162582,0.1415277723
13.53161344,0.1409338453
13.55160105,0.140010097
13.57158866,0.1387373828
13.59157627,0.1371280843
13.61156389,0.1351273144
13.6315515,0.1327327776
13.65153911,0.129896758
13.67152672,0.1266015082
13.69151433,0.1227799174
13.71150195,0.1184321229
13.73148956,0.1134716159
13.75147717,0.1079254513
13.77146478,0.1019034998
13.79145239,0.09531744282
13.81144001,0.0880984788
13.83142762,0.08030438667
13.85141523,0.07176776318
13.87140284,0.06238019487
13.89139046,0.05210450188
13.91137807,0.04128177172
13.93136568,0.02959825792
13.95135329,0.01700713167
13.9713409,0.003511309281
13.99132852,-0.01081847745
14.01131613,-0.02624945627
14.03130374,-0.0426891309
14.05129135,-0.0602867344
14.07127897,-0.07873446375
14.09126658,-0.09836151107
14.11125419,-0.1188745524
14.1312418,-0.1405137955
14.15122941,-0.1630985096
14.17121703,-0.1863456368
14.19120464,-0.2106692309
14.21119225,-0.2359138158
14.23117986,-0.2618907368
14.25116747,-0.2885414206
14.27115509,-0.316320337
14.2911427,-0.3454781829
14.31113031,-0.3747711679
14.33111792,-0.4055465047
14.35110554,-0.4370322654
14.37109315,-0.4687161968
14.39108076,-0.5009392799
14.41106837,-0.5329796981
14.43105598,-0.565267378
14.4510436,-0.5980518575
14.47103121,-0.6306620885
14.49101882,-0.6636580265
14.51100643,-0.6974559395
14.53099405,-0.7310586572
14.55098166,-0.7645684082
14.57096927,-0.7974082187
14.59095688,-0.8299001882
14.61094449,-0.8617056815
14.63093211,-0.892612995
14.65091972,-0.9227568228
14.67090733,-0.9519805325
14.69089494,-0.9807205331
14.71088255,-1.008180087
14.73087017,-1.034552343
14.75085778,-1.059462927
14.77084539,-1.082524977
14.790833,-1.103989004
14.81082062,-1.123718425
14.83080823,-1.141771173
14.85079584,-1.158069472
14.87078345,-1.172105871
14.89077106,-1.184437111
14.91075868,-1.194534452
14.93074629,-1.2025751
14.9507339,-1.208398246
14.97072151,-1.211903272
14.99070912,-1.213079117
15.01069674,-1.211674152
15.03068435,-1.207855046
15.05067196,-1.201623435
15.07065957,-1.192977585
15.09064719,-1.181750674
15.1106348,-1.167891069
15.13062241,-1.151808392
15.15061002,-1.133411849
15.17059763,-1.112571987
15.19058525,-1.089650478
15.21057286,-1.064328879
15.23056047,-1.036759599
15.25054808,-1.006935697
15.2705357,-0.9747090288
15.29052331,-0.9408424945
15.31051092,-0.904560767
15.33049853,-0.866202055
15.35048614,-0.8262135189
15.37047376,-0.7851735176
15.39046137,-0.7418951579
15.41044898,-0.6966241911
15.43043659,-0.6502501842
15.4504242,-0.6024282368
15.47041182,-0.5538025217
15.49039943,-0.504122841
15.51038704,-0.4540100695
15.53037465,-0.4028274136
15.55036227,-0.3503234299
15.57034988,-0.2972109471
15.59033749,-0.2440574212
15.6103251,-0.190295568
15.63031271,-0.136426252
15.65030033,-0.08169388049
15.67028794,-0.02686522452
15.69027555,0.02721096659
15.71026316,0.08051148152
15.73025078,0.1328247069
15.75023839,0.1844316736
15.770226,0.2357425516
15.79021361,0.2858275359
15.81020122,0.3355284966
15.83018884,0.3834233125
15.85017645,0.431733742
15.87016406,0.4784182107
15.89015167,0.523872515
15.91013928,0.5683072259
15.9301269,0.6120977261
15.95011451,0.6546869305
15.97010212,0.6958190799
15.99008973,0.7353441224
16.01007735,0.7738635135
16.03006496,0.8105590066
16.05005257,0.8462809336
16.07004018,0.8801568018
16.09002779,0.9119395683
16.11001541,0.9422007199
16.13000302,0.9707932283
16.14999063,0.9977204683
16.16997824,1.022823456
16.18996585,1.046322608
16.20995347,1.068153729
16.22994108,1.088191141
16.24992869,1.106324516
16.2699163,1.122413011
16.28990392,1.136937872
16.30989153,1.149819592
16.32987914,1.160899475
16.34986675,1.17048295
16.36985436,1.178538086
16.38984198,1.185080079
16.40982959,1.190041495
16.4298172,1.19350216
16.44980481,1.195411537
16.46979243,1.195816397
16.48978004,1.194634972
16.50976765,1.191977902
16.52975526,1.187773323
16.54974287,1.182206042
16.56973049,1.175325701
16.5897181,1.167213772
16.60970571,1.157810592
16.62969332,1.147248048
16.64968093,1.135464588
16.66966855,1.122720662
16.68965616,1.108981784
16.70964377,1.094365552
16.72963138,1.078820044
16.749619,1.062683175
16.76960661,1.045256901
16.78959422,1.027395725
16.80958183,1.008168228
16.82956944,0.9881470154
16.84955706,0.9673633017
16.86954467,0.9461802233
16.88953228,0.9241340334
16.90951989,0.9009779816
16.92950751,0.8778971988
16.94949512,0.854064658
16.96948273,0.8297154481
16.98947034,0.8047863848
17.00945795,0.7791030519
17.02944557,0.7534036719
17.04943318,0.7287542067
17.06942079,0.7032485313
17.0894084,0.6788694135
17.10939601,0.6546929914
17.12938363,0.6308204075
17.14937124,0.6072432248
17.16935885,0.5834544945
17.18934646,0.5599256111
17.20933408,0.5365393238
17.22932169,0.5135545155
17.2493093,0.4911404389
17.26929691,0.4689127874
17.28928452,0.4465598499
17.30927214,0.425013423
17.32925975,0.4037708584
17.34924736,0.3826639248
17.36923497,0.3621060481
17.38922258,0.3419641756
17.4092102,0.322245747
17.42919781,0.3031223725
17.44918542,0.2843673148
17.46917303,0.2656515864
17.48916065,0.2472700184
17.50914826,0.2293687935
17.52913587,0.2120059524
17.54912348,0.194750988
17.56911109,0.1775792624
17.58909871,0.1606901748
17.60908632,0.1440910163
17.62907393,0.1278357583
17.64906154,0.1119204274
17.66904916,0.09617481536
17.68903677,0.08083290483
17.70902438,0.06584948958
17.72901199,0.05157154373
17.7489996,0.03746411294
17.76898722,0.02383035889
17.78897483,0.01049510377
17.80896244,-0.002405031831
17.82895005,-0.01504914009
17.84893766,-0.02741739661
17.86892528,-0.03947790708
17.88891289,-0.05111489112
17.9089005,-0.06229278391
17.92888811,-0.07303813635
17.94887573,-0.08336638162
17.96886334,-0.09313588584
17.98885095,-0.1023486048
18.00883856,-0.1110457403
18.02882617,-0.1193615049
18.04881379,-0.1272644341
18.0688014,-0.1347861112
18.08878901,-0.141845171
18.10877662,-0.1484887848
18.12876424,-0.1547204922
18.14875185,-0.1605550056
18.16873946,-0.1659709248
18.18872707,-0.171114077
18.20871468,-0.175826592
18.2287023,-0.1801672639
18.24868991,-0.1841168785
18.26867752,-0.1877440444
18.28866513,-0.1910264051
18.30865274,-0.1939962785
18.32864036,-0.1966437992
18.34862797,-0.1989844555
18.36861558,-0.2010101832
18.38860319,-0.2027123176
18.40859081,-0.2041031253
18.42857842,-0.2051893988
18.44856603,-0.2059879043
18.46855364,-0.2065438799
18.48854125,-0.2068745182
18.50852887,-0.2070266031
18.52851648,-0.2070033151
18.54850409,-0.2068195869
18.5684917,-0.2064834363
18.58847931,-0.2060151857
18.60846693,-0.205449403
18.62845454,-0.2047951208
18.64844215,-0.2040555032
18.66842976,-0.2032443258
18.68841738,-0.2023874947
18.70840499,-0.2015182526
18.7283926,-0.200636064
18.74838021,-0.1997766964
18.76836782,-0.1989468005
18.78835544,-0.198138241
18.80834305,-0.1973511478
18.82833066,-0.1966044999
18.84831827,-0.195927101
18.86830589,-0.1953433655
18.8882935,-0.1948456674
18.90828111,-0.1944524529
18.92826872,-0.1941637914
18.94825633,-0.193983947
18.96824395,-0.193922082
18.98823156,-0.1939720124
19.00821917,-0.1941243646
19.02820678,-0.1944305384
19.04819439,-0.1948689298
19.06818201,-0.1954233229
19.08816962,-0.1960859013
19.10815723,-0.1968765748
19.12814484,-0.1977922168
19.14813246,-0.1988286445
19.16812007,-0.1999601047
19.18810768,-0.201169712
19.20809529,-0.2024509051
19.2280829,-0.2037972456
19.24807052,-0.2051956525
19.26805813,-0.2066318425
19.28804574,-0.2080929689
19.30803335,-0.209570066
19.32802097,-0.2110466469
19.34800858,-0.2124979276
19.36799619,-0.2139203748
19.3879838,-0.2152761423
19.40797141,-0.216565825
19.42795903,-0.2177831338
19.44794664,-0.2188950988
19.46793425,-0.2199005916
19.48792186,-0.220780788
19.50790947,-0.2215086631
19.52789709,-0.2220653799
19.5478847,-0.2224277747
19.56787231,-0.2225770547
19.58785992,-0.2225124704
19.60784754,-0.2222123527
19.62783515,-0.2216549406
19.64782276,-0.2208530955
19.66781037,-0.219791372
19.68779798,-0.2184718553
19.7077856,-0.2168616939
19.72777321,-0.2149650338
19.74776082,-0.2127784663
19.76774843,-0.2103164597
19.78773604,-0.2075556555
19.80772366,-0.2044947672
19.82771127,-0.2011370961
19.84769888,-0.1974806298
19.86768649,-0.1935263405
19.88767411,-0.1893032236
19.90766172,-0.1847995666
19.92764933,-0.1800215654
19.94763694,-0.1750012612
19.96762455,-0.1697449574
19.98761217,-0.164235137
20.00759978,-0.1585049843
20.02758739,-0.1525671662
20.047575,-0.1464712057
20.06756262,-0.1402149384
20.08755023,-0.133759939
20.10753784,-0.1271246394
20.12752545,-0.1203380342
20.14751306,-0.1134453943
20.16750068,-0.1064705793
20.18748829,-0.09939743642
20.2074759,-0.09221643847
20.22746351,-0.08496371862
20.24745112,-0.07765818734
20.26743874,-0.07032842076
20.28742635,-0.0629936965
20.30741396,-0.05566240503
20.32740157,-0.04836931013
20.34738919,-0.04112689158
20.3673768,-0.03396882088
20.38736441,-0.02692379997
20.40735202,-0.02002294438
20.42733963,-0.01326045343
20.44732725,-0.006637975261
20.46731486,-0.0001859012323
20.48730247,0.006078540321
20.50729008,0.0122132188
20.5272777,0.01817752495
20.54726531,0.02392884223
20.56725292,0.02943823205
20.58724053,0.03470348161
20.60722814,0.0397342881
20.62721576,0.04451986299
20.64720337,0.04906094549
20.66719098,0.05335623082
20.68717859,0.05736475237
20.7071662,0.06109916296
20.72715382,0.06456396163
20.74714143,0.06776822433
20.76712904,0.07073218648
20.78711665,0.07344861408
20.80710427,0.07591964344
20.82709188,0.07813944722
20.84707949,0.08009938274
20.8670671,0.08180430128
20.88705471,0.08328411181
20.90704233,0.08454339376
20.92702994,0.08557303169
20.94701755,0.08635640148
20.96700516,0.08691043724
20.98699277,0.08726457313
21.00698039,0.08742547319
21.026968,0.08741332276
21.04695561,0.08722154075
21.06694322,0.08686086078
21.08693084,0.08632713994
21.10691845,0.0856198372
21.12690606,0.08474175015
21.14689367,0.08372555407
21.16688128,0.08258487016
21.1868689,0.08132442449
21.20685651,0.07993895511
21.22684412,0.07842785711
21.24683173,0.07678805378
21.26681935,0.07504283654
21.28680696,0.07319451119
21.30679457,0.0712738922
21.32678218,0.0692629581
21.34676979,0.06716707395
21.36675741,0.06499307629
21.38674502,0.06276132702
21.40673263,0.06049155916
21.42672024,0.05818838075
21.44670785,0.05585920353
21.46669547,0.05350516398
21.48668308,0.05111210589
21.50667069,0.04867299743
21.5266583,0.04621248698
21.54664592,0.04374936111
21.56663353,0.04130097594
21.58662114,0.03884503284
21.60660875,0.03639062717
21.62659636,0.03393000224
21.64658398,0.03148153086
21.66657159,0.02904823874
21.6865592,0.02663200925
21.70654681,0.02423248384
21.72653443,0.02182954917
21.74652204,0.0194322455
21.76650965,0.01705357347
21.78649726,0.01470359472
21.80648487,0.01238863799
21.82647249,0.01010860945
21.8464601,0.007858853016
21.86644771,0.005629149193
21.88643532,0.003431632837
21.90642293,0.001254325793
21.92641055,-0.0008980921834
21.94639816,-0.003028188438
21.96638577,-0.005144112634
21.98637338,-0.00724634573
22.006361,-0.009333607943
22.02634861,-0.01142063316
22.04633622,-0.01350229339
22.06632383,-0.01557239667
22.08631144,-0.0176279107
22.10629906,-0.019680779
22.12628667,-0.02175108988
22.14627428,-0.02385620232
22.16626189,-0.02597084422
22.1862495,-0.02809845642
22.20623712,-0.03020737529
22.22622473,-0.03231199507
22.24621234,-0.03440846639
22.26619995,-0.03650972959
22.28618757,-0.03862294128
22.30617518,-0.04075425439
22.32616279,-0.0428856033
22.3461504,-0.0450247878
22.36613801,-0.047164418
22.38612563,-0.04931080012
22.40611324,-0.05148394703
22.42610085,-0.05367809475
22.44608846,-0.05587369763
22.46607608,-0.05804928459
22.48606369,-0.06021424638
22.5060513,-0.06234506488
22.52603891,-0.06446285569
22.54602652,-0.06654221275
22.56601414,-0.06858709766
22.58600175,-0.07058828232
22.60598936,-0.07254185433
22.62597697,-0.07444771193
22.64596458,-0.07631284703
22.6659522,-0.07813141906
22.68593981,-0.07990529884
22.70592742,-0.08161125886
22.72591503,-0.08324850151
22.74590265,-0.08480959629
22.76589026,-0.08629401911
22.78587787,-0.08771174598
22.80586548,-0.0890400645
22.82585309,-0.09029227081
22.84584071,-0.09144861203
22.86582832,-0.09248728212
22.88581593,-0.09340959285
22.90580354,-0.09421842867
22.92579116,-0.09491849906
22.94577877,-0.09551489897
22.96576638,-0.09598945643
22.98575399,-0.09634205456
23.0057416,-0.09656461268
23.02572922,-0.09665168386
23.04571683,-0.09661146925
23.06570444,-0.09645288982
23.08569205,-0.09617385546
23.10567966,-0.09577817105
23.12566728,-0.0952461652
23.14565489,-0.09456860093
23.1656425,-0.09375460769
23.18563011,-0.09282780953
23.20561773,-0.09179984638
23.22560534,-0.09065735222
23.24559295,-0.08938085611
23.26558056,-0.08797840291
23.28556817,-0.08644244688
23.30555579,-0.0847822819
23.3255434,-0.08301173005
23.34553101,-0.08112037228
23.36551862,-0.07913009661
23.38550623,-0.07703560184
23.40549385,-0.07483630787
23.42548146,-0.0725352821
23.44546907,-0.07014658974
23.46545668,-0.06768608437
23.4854443,-0.06515478347
23.50543191,-0.06254435972
23.52541952,-0.05984310891
23.54540713,-0.05706671006
23.56539474,-0.0542412986
23.58538236,-0.05139701067
23.60536997,-0.04851226089
23.62535758,-0.04558486288
23.64534519,-0.0426082964
23.66533281,-0.03959702123
23.68532042,-0.03655967487
23.70530803,-0.03350995615
23.72529564,-0.03045760198
23.74528325,-0.02741470135
23.76527087,-0.02437882472
23.78525848,-0.02136461476
23.80524609,-0.01837196714
23.8252337,-0.0154198334
23.84522131,-0.01254737451
23.86520893,-0.009775850497
23.88519654,-0.007083840735
23.90518415,-0.004483306675
23.92517176,-0.001972518308
23.94515938,0.000422272223
23.96514699,0.002685293314
23.9851346,0.004811679338
24.00512221,0.00680865672
24.02510982,0.008670345151
24.04509744,0.0104209241
24.06508505,0.01202981744
24.08507266,0.01347128711
24.10506027,0.0147437514
24.12504789,0.01586879755
24.1450355,0.0168234229
24.16502311,0.01761014084
24.18501072,0.01821590358
24.20499833,0.01864807767
24.22498595,0.01888727839
24.24497356,0.0189361851
24.26496117,0.01880844052
24.28494878,0.01852107946
24.30493639,0.01807432423
24.32492401,0.01747912556
24.34491162,0.01672727028
24.36489923,0.01580282501
24.38488684,0.0147358576
24.40487446,0.01355155125
24.42486207,0.01227756351
24.44484968,0.01092314097
24.46483729,0.009492370682
24.4848249,0.00799244428
24.50481252,0.00643110604
24.52480013,0.004814640724
24.54478774,0.00314538617
24.56477535,0.001434944817
24.58476296,-0.0003032780936
24.60475058,-0.002053002736
24.62473819,-0.003818580483
24.6447258,-0.005587848906
24.66471341,-0.007335720954
24.68470103,-0.009038824397
24.70468864,-0.01068713513
24.72467625,-0.01228053461
24.74466386,-0.0138132762
24.76465147,-0.01526639563
24.78463909,-0.01662367815
24.8046267,-0.01787032079
24.82461431,-0.01900163422
24.84460192,-0.02000294793
24.86458954,-0.02088071718
24.88457715,-0.02163691485
24.90456476,-0.02226333458
24.92455237,-0.02276489047
24.94453998,-0.02314687285
24.9645276,-0.02339571889
24.98451521,-0.02349336112
25.00450282,-0.02345559965
25.02449043,-0.02328695907
25.04447804,-0.02299064286
25.06446566,-0.02258282659
25.08445327,-0.02204757486
25.10444088,-0.02138951605
25.12442849,-0.02061189587
25.14441611,-0.01972287696
25.16440372,-0.01870946989
25.18439133,-0.01756767177
25.20437894,-0.01631799167
25.22436655,-0.01496056868
25.24435417,-0.01350225879
25.26434178,-0.01194945693
25.28432939,-0.01031986336
25.304317,-0.008619093194
25.32430462,-0.006848035507
25.34429223,-0.005004131371
25.36427984,-0.003106903484
25.38426745,-0.001148586841
25.40425506,0.0008331051738
25.42424268,0.002840578349
25.44423029,0.004842160124
25.4642179,0.006851622594
25.48420551,0.008856521641
25.50419312,0.01086805842
25.52418074,0.01286692942
25.54416835,0.01483854907
25.56415596,0.01680234214
25.58414357,0.01875137618
25.60413119,0.02066037835
25.6241188,0.02253784857
25.64410641,0.02437518462
25.66409402,0.02615927924
25.68408163,0.02788037453
25.70406925,0.02953068717
25.72405686,0.03109094874
25.74404447,0.03255034253
25.76403208,0.03390916231
25.78401969,0.03514548055
25.80400731,0.03626083291
25.82399492,0.03724020571
25.84398253,0.03809581047
25.86397014,0.03882567247
25.88395776,0.03942659888
25.90394537,0.03988449842
25.92393298,0.04020861544
25.94392059,0.04039545807
25.9639082,0.04045070709
25.98389582,0.04036712353
26.00388343,0.0401528814
26.02387104,0.0398036717
26.04385865,0.03932156265
26.06384627,0.03869767349
26.08383388,0.03794293362
26.10382149,0.03705382207
26.1238091,0.03603793144
26.14379671,0.03491760756
26.16378433,0.03368642659
26.18377194,0.03234136434
26.20375955,0.03087177321
26.22374716,0.02928755595
26.24373477,0.02760997776
26.26372239,0.02585366048
26.28371,0.02404135684
26.30369761,0.02216062614
26.32368522,0.02022094391
26.34367284,0.01822712028
26.36366045,0.01622143002
26.38364806,0.01420955139
26.40363567,0.01220875496
26.42362328,0.01021111425
26.4436109,0.008227146462
26.46359851,0.006270804608
26.48358612,0.004347447441
26.50357373,0.002463583348
26.52356135,0.0006420683085
26.54354896,-0.001112025749
26.56353657,-0.00279070557
26.58352418,-0.004396556345
26.60351179,-0.005927689871
26.62349941,-0.007370930656
26.64348702,-0.008729311376
26.66347463,-0.01000373422
26.68346224,-0.01118205784
26.70344985,-0.01224088739
26.72343747,-0.01318466152
26.74342508,-0.01402037425
26.76341269,-0.01474388346
26.7834003,-0.01535028051
26.80338792,-0.01584506197
26.82337553,-0.01622733701
26.84336314,-0.01651868963
26.86335075,-0.01672315258
26.88333836,-0.01684766737
26.90332598,-0.01689802935
26.92331359,-0.0168612813
26.9433012,-0.01674912682
26.96328881,-0.0165617573
26.98327642,-0.01630582571
27.00326404,-0.0159932263
27.02325165,-0.01563485931
27.04323926,-0.01522459008
27.06322687,-0.01476946249
27.08321449,-0.01428113909
27.1032021,-0.01375697339
27.12318971,-0.01319063827
27.14317732,-0.01257240067
27.16316493,-0.01190508871
27.18315255,-0.01119586541
27.20314016,-0.01045671627
27.22312777,-0.009716952734
27.24311538,-0.008970726718
27.263103,-0.008247001535
27.28309061,-0.00753662904
27.30307822,-0.006834389841
27.32306583,-0.006142644691
27.34305344,-0.005465697729
27.36304106,-0.004815235397
27.38302867,-0.004195764632
27.40301628,-0.00361191897
27.42300389,-0.003058516386
27.4429915,-0.002518744482
27.46297912,-0.001996475337
27.48296673,-0.001495793107
27.50295434,-0.00102237627
27.52294195,-0.0005820752748
27.54292957,-0.0001722019985
27.56291718,0.0002002470339
27.58290479,0.0005322697324
27.6028924,0.0008323963506
27.62288001,0.001078177431
27.64286763,0.001259161405
27.66285524,0.001370264822
27.68284285,0.001408447117
27.70283046,0.001379974498
27.72281808,0.001277169035
27.74280569,0.001116218876
27.7627933,0.0008933949023
27.78278091,0.0006066292366
27.80276852,0.0002624797887
27.82275614,-0.0001547978234
27.84274375,-0.0006415523762
27.86273136,-0.001209339423
27.88271897,-0.00183567964
27.90270658,-0.002532562366
27.9226942,-0.003276278904
27.94268181,-0.004082817621
27.96266942,-0.004948154162
27.98265703,-0.005852910169
28.00264465,-0.006805008999
28.02263226,-0.007796763035
28.04261987,-0.008856272219
28.06260748,-0.009958196212
28.08259509,-0.01110363645
28.10258271,-0.01228062028
28.12257032,-0.0134892481
28.14255793,-0.01473865843
28.16254554,-0.01602836732
28.18253315,-0.01734352141
28.20252077,-0.01866284678
28.22250838,-0.01996850121
28.24249599,-0.0212776125
28.2624836,-0.02256950491
28.28247122,-0.02385205918
28.30245883,-0.02511784626
28.32244644,-0.02635000022
28.34243405,-0.02753742366
28.36242166,-0.02867173383
28.38240928,-0.0297558828
28.40239689,-0.03078656214
28.4223845,-0.03177555591
28.44237211,-0.03271781877
28.46235973,-0.03360753849
28.48234734,-0.03444349983
28.50233495,-0.03521219049
28.52232256,-0.03591389013
28.54231017,-0.0365491273
28.56229779,-0.03710628468
28.5822854,-0.03759750095
28.60227301,-0.03799291138
28.62226062,-0.038298764
28.64224823,-0.03851445565
28.66223585,-0.03866744546
28.68222346,-0.03875414022
28.70221107,-0.03876046388
28.72219868,-0.03868386471
28.7421863,-0.03852150569
28.76217391,-0.03827437543
28.78216152,-0.03794773621
28.80214913,-0.0375552314
28.82213674,-0.0371136471
28.84212436,-0.03661165658
28.86211197,-0.03603624216
28.88209958,-0.03539518288
28.90208719,-0.03467155585
28.92207481,-0.0338944078
28.94206242,-0.03308126732
28.96205003,-0.0322330792
28.98203764,-0.03133758004
29.00202525,-0.0303746322
29.02201287,-0.02935540775
29.04200048,-0.02829600366
29.06198809,-0.02720018846
29.0819757,-0.02608982126
29.10196331,-0.02494626719
29.12195093,-0.02376339161
29.14193854,-0.02254276555
29.16192615,-0.02130857635
29.18191376,-0.02005181951
29.20190138,-0.0187951242
29.22188899,-0.01754763501
29.2418766,-0.01630362273
29.26186421,-0.01507234034
29.28185182,-0.01385561301
29.30183944,-0.01266705203
29.32182705,-0.01153155722
29.34181466,-0.01043490003
29.36180227,-0.009367834552
29.38178988,-0.008321198384
29.4017775,-0.0073120457
29.42176511,-0.006368666524
29.44175272,-0.005511135175
29.46174033,-0.004752240921
29.48172795,-0.004070106803
29.50171556,-0.003442719302
29.52170317,-0.002871705726
29.54169078,-0.002365559401
29.56167839,-0.001966465974
29.58166601,-0.001677926341
29.60165362,-0.001495930731
29.62164123,-0.001410763296
29.64162884,-0.00140919376
29.66161646,-0.001520850545
29.68160407,-0.001736270835
29.70159168,-0.002065139035
29.72157929,-0.002508258042
29.7415669,-0.003063415114
29.76155452,-0.003690826803
29.78154213,-0.004378265929
29.80152974,-0.005129253987
29.82151735,-0.005968433867
29.84150496,-0.006893941667
29.86149258,-0.00789399284
29.88148019,-0.008959838386
29.9014678,-0.01007212619
29.92145541,-0.01122652776
29.94144303,-0.01241219567
29.96143064,-0.0136727649
29.98141825,-0.01496184264
30.00140586,-0.01626262247
30.02139347,-0.01756491369
30.04138109,-0.01887410566
30.0613687,-0.02020285424
30.08135631,-0.02154643834
30.10134392,-0.02290265469
30.12133154,-0.02423840317
30.14131915,-0.02555149907
30.16130676,-0.0268227632
30.18129437,-0.02804791119
30.20128198,-0.02922110826
30.2212696,-0.03033537672
30.24125721,-0.03139197686
30.26124482,-0.03238919947
30.28123243,-0.03333047771
30.30122004,-0.03420139575
30.32120766,-0.03500541785
30.34119527,-0.03572603444
30.36118288,-0.03637166637
30.38117049,-0.03691409753
30.40115811,-0.0373598721
30.42114572,-0.0377226513
30.44113333,-0.03800432828
30.46112094,-0.03820154557
30.48110855,-0.03831698777
30.50109617,-0.03836772432
30.52108378,-0.03833313884
30.54107139,-0.03820918313
30.561059,-0.03799151219
30.58104661,-0.03766939334
30.60103423,-0.03726162686
30.62102184,-0.0367668409
30.64100945,-0.03619765262
30.66099706,-0.03554583008
30.68098468,-0.0348148814
30.70097229,-0.03401691218
30.7209599,-0.03315039694
30.74094751,-0.03222899821
30.76093512,-0.03126571214
30.78092274,-0.03024764282
30.80091035,-0.02918201264
30.82089796,-0.02806256592
30.84088557,-0.02690304731
30.86087319,-0.02572160973
30.8808608,-0.02451216447
30.90084841,-0.02328434733
30.92083602,-0.02203288974
30.94082363,-0.02075709866
30.96081125,-0.01946873915
30.98079886,-0.0181738808
31.00078647,-0.01690645096
31.02077408,-0.01565160089
31.04076169,-0.01441776926
31.06074931,-0.01320809641
31.08073692,-0.01203105129
31.10072453,-0.01090763426
31.12071214,-0.009833605887
31.14069976,-0.008820739976
31.16068737,-0.007866827776
31.18067498,-0.006961623791
31.20066259,-0.006113866339
31.2206502,-0.005346708104
31.24063782,-0.00466555653
31.26062543,-0.004082022465
31.28061304,-0.003578743087
31.30060065,-0.003176819911
31.32058827,-0.002877592331
31.34057588,-0.002662261058
31.36056349,-0.00254050241
31.3805511,-0.002516948592
31.40053871,-0.002603540456
31.42052633,-0.002789798726
31.44051394,-0.003054759274
31.46050155,-0.003422481527
31.48048916,-0.003876420129
31.50047677,-0.004427457339
31.52046439,-0.005048794837
31.540452,-0.005735739245
31.56043961,-0.006483956105
31.58042722,-0.007284620574
31.60041484,-0.008151855528
31.62040245,-0.009102397462
31.64039006,-0.01011526447
31.66037767,-0.01118439745
31.68036528,-0.01228839762
31.7003529,-0.01342244046
31.72034051,-0.01458946299
31.74032812,-0.01577831829
31.76031573,-0.01699032106
31.78030334,-0.01819483762
31.80029096,-0.01937970484
31.82027857,-0.02054169434
31.84026618,-0.02168718284
31.86025379,-0.02283655356
31.88024141,-0.02396334076
31.90022902,-0.02506612196
31.92021663,-0.02613293798
31.94020424,-0.02714767719
31.96019185,-0.02813830744
31.98017947,-0.02907467098
32.00016708,-0.02996724211
32.02015469,-0.03079528678
32.0401423,-0.03157955863
32.06012992,-0.03230119517
32.08011753,-0.03296256963
32.10010514,-0.03354478538
32.12009275,-0.03405511025
32.14008036,-0.03449465219
32.16006798,-0.034862725
32.18005559,-0.03514885478
32.2000432,-0.03537384211
32.22003081,-0.03552826356
32.24001842,-0.03562737188
32.26000604,-0.03565954065
32.27999365,-0.03562142317
32.29998126,-0.03551623613
32.31996887,-0.03534267465
32.33995649,-0.03508723465
32.3599441,-0.03477288732
32.37993171,-0.03440778598
32.39991932,-0.03398529594
32.41990693,-0.0335097722
32.43989455,-0.03298066149
32.45988216,-0.03240482921
32.47986977,-0.03178739679
32.49985738,-0.03111577474
32.519845,-0.03040283851
32.53983261,-0.02964471098
32.55982022,-0.0288428805
32.57980783,-0.02798316756
32.59979544,-0.02709977529
32.61978306,-0.02617096933
32.63977067,-0.02522756809
32.65975828,-0.02425043491
32.67974589,-0.02324791952
32.6997335,-0.02222722213
32.71972112,-0.02119620061
32.73970873,-0.02014735415
32.75969634,-0.01910068982
32.77968395,-0.01805101297
32.79967157,-0.01701259242
32.81965918,-0.01597757628
32.83964679,-0.01496197615
32.8596344,-0.01396344741
32.87962201,-0.01298978765
32.89960963,-0.01204013484
32.91959724,-0.01110283405
32.93958485,-0.01018349873
32.95957246,-0.009283788951
32.97956007,-0.008403302605
32.99954769,-0.007573717205
33.0195353,-0.006791701369
33.03952291,-0.006064147854
33.05951052,-0.005387775085
33.07949814,-0.00477473115
33.09948575,-0.004213310672
33.11947336,-0.003711161414
33.13946097,-0.003273290154
33.15944858,-0.002913667884
33.1794362,-0.002624783887
33.19942381,-0.002407839069
33.21941142,-0.002267418512
33.23939903,-0.002216316471
33.25938665,-0.002241231366
33.27937426,-0.002332805779
33.29936187,-0.002486447088
33.31934948,-0.002711906826
33.33933709,-0.003004115192
33.35932471,-0.00336293594
33.37931232,-0.003796071524
33.39929993,-0.004311691989
33.41928754,-0.004892293407
33.43927515,-0.00552999747
33.45926277,-0.006234413279
33.47925038,-0.007009721677
33.49923799,-0.007846214426
33.5192256,-0.008736616336
33.53921322,-0.009672448993
33.55920083,-0.01064819818
33.57918844,-0.01167447436
33.59917605,-0.01274477112
33.61916366,-0.01385818527
33.63915128,-0.0149991483
33.65913889,-0.01615951176
33.6791265,-0.01732432425
33.69911411,-0.01851035195
33.71910173,-0.01968028794
33.73908934,-0.02087275299
33.75907695,-0.0220759173
33.77906456,-0.02327735043
33.79905217,-0.02445147152
33.81903979,-0.02560436599
33.8390274,-0.02671870841
33.85901501,-0.02779850337
33.87900262,-0.02883171696
33.89899023,-0.02985459993
33.91897785,-0.03084342929
33.93896546,-0.03177409641
33.95895307,-0.032640119
33.97894068,-0.03345745523
33.9989283,-0.03422803497
34.01891591,-0.03494429432
34.03890352,-0.03559069121
34.05889113,-0.0361416794
34.07887874,-0.03660602505
34.09886636,-0.03697725736
34.11885397,-0.03727153773
34.13884158,-0.0374818783
34.15882919,-0.03761258901
34.1788168,-0.03766166083
34.19880442,-0.0376182764
34.21879203,-0.0374925627
34.23877964,-0.03728610028
34.25876725,-0.03701473749
34.27875487,-0.03667827755
34.29874248,-0.03624995787
34.31873009,-0.03573168009
34.3387177,-0.03512861598
34.35870531,-0.03446876395
34.37869293,-0.0337359881
34.39868054,-0.03292583718
34.41866815,-0.03202669271
34.43865576,-0.0310698713
34.45864338,-0.03004787635
34.47863099,-0.02898701189
34.4986186,-0.02786598258
34.51860621,-0.02670201274
34.53859382,-0.02548574677
34.55858144,-0.02424705406
34.57856905,-0.02299021921
34.59855666,-0.02173200307
34.61854427,-0.02048081959
34.63853188,-0.01923556296
34.6585195,-0.01799427735
34.67850711,-0.01675113971
34.69849472,-0.01551856286
34.71848233,-0.01429751185
34.73846995,-0.01310115024
34.75845756,-0.01192557627
34.77844517,-0.01078155342
34.79843278,-0.009647411515
34.81842039,-0.008563904554
34.83840801,-0.007517234735
34.85839562,-0.006515655694
34.87838323,-0.005555749116
34.89837084,-0.004650849548
34.91835846,-0.003817271627
34.93834607,-0.003072569387
34.95833368,-0.002419584626
34.97832129,-0.001849765632
34.9983089,-0.001353391794
35.01829652,-0.0009159260109
35.03828413,-0.0005415041235
35.05827174,-0.0002399478678
35.07825935,-2.771890155e-005
35.09824696,9.987462026e-005
35.11823458,0.0001476055796
35.13822219,0.0001308341625
35.1582098,2.430072214e-005
35.17819741,-0.0001460991301
35.19818503,-0.0004174651799
35.21817264,-0.0007707963118
35.23816025,-0.001189205175
35.25814786,-0.001658576614
35.27813547,-0.002206660706
35.29812309,-0.002841656432
35.3181107,-0.003569485352
35.33809831,-0.004373245759
35.35808592,-0.00523811873
35.37807353,-0.006160950652
35.39806115,-0.007118725216
35.41804876,-0.008115673109
35.43803637,-0.009142918149
35.45802398,-0.01020938218
35.4780116,-0.01129539191
35.49799921,-0.01239555939
35.51798682,-0.01348933385
35.53797443,-0.01458958225
35.55796204,-0.01569213815
35.57794966,-0.01678992435
35.59793727,-0.01785718076
35.61792488,-0.01890297649
35.63791249,-0.01993604033
35.65790011,-0.0209549221
35.67788772,-0.02194473055
35.69787533,-0.02290105193
35.71786294,-0.0238189168
35.73785055,-0.02468647021
35.75783817,-0.0255134182
35.77782578,-0.02626048125
35.79781339,-0.02693073786
35.817801,-0.02751939339
35.83778861,-0.02802322277
35.85777623,-0.02845186208
35.87776384,-0.02880314239
35.89775145,-0.02907361538
35.91773906,-0.02926689423
35.93772668,-0.02938810555
35.95771429,-0.02941225912
35.9777019,-0.02934687589
35.99768951,-0.02919166007
36.01767712,-0.02898890076
36.03766474,-0.02872629868
36.05765235,-0.02840454712
36.07763996,-0.02800494478
36.09762757,-0.02753268822
36.11761519,-0.02698451454
36.1376028,-0.02637580731
36.15759041,-0.02570428637
36.17757802,-0.02498784531
36.19756563,-0.02422466192
36.21755325,-0.02341813564
36.23754086,-0.02258084942
36.25752847,-0.02172191891
36.27751608,-0.02083483912
36.29750369,-0.019905016
36.31749131,-0.01895157532
36.33747892,-0.01799463326
36.35746653,-0.01704916582
36.37745414,-0.01613032297
36.39744176,-0.01522600801
36.41742937,-0.01435220574
36.43741698,-0.01349732442
36.45740459,-0.01267399735
36.4773922,-0.01188673292
36.49737982,-0.01114019492
36.51736743,-0.01043768743
36.53735504,-0.009759777736
36.55734265,-0.009097961237
36.57733026,-0.008475258466
36.59731788,-0.007901592527
36.61730549,-0.007384158857
36.6372931,-0.006920184133
36.65728071,-0.00649401222
36.67726833,-0.006117110861
36.69725594,-0.005794558609
36.71724355,-0.005540641243
36.73723116,-0.005352478174
36.75721877,-0.005226312111
36.77720639,-0.005162960635
36.797194,-0.005137291639
36.81718161,-0.005138667905
36.83716922,-0.005177132098
36.85715684,-0.005275145484
36.87714445,-0.005416215248
36.89713206,-0.005587230746
36.91711967,-0.005770652038
36.93710728,-0.006010008965
36.9570949,-0.006282359272
36.97708251,-0.006587447277
36.99707012,-0.006909369854
37.01705773,-0.007250912616
37.03704534,-0.007603604632
37.05703296,-0.007989360962
37.07702057,-0.008409659023
37.09700818,-0.008846887698
37.11699579,-0.009278669982
37.13698341,-0.009705478811
37.15697102,-0.01014093974
37.17695863,-0.01056880215
37.19694624,-0.01100042012
37.21693385,-0.01143061082
37.23692147,-0.01182700123
37.25690908,-0.01218934715
37.27689669,-0.0125193845
37.2968843,-0.01284905493
37.31687192,-0.01316037772
37.33685953,-0.01343302957
37.35684714,-0.0136786724
37.37683475,-0.01389989252
37.39682236,-0.01409477068
37.41680998,-0.01426962976
37.43679759,-0.01442131342
37.4567852,-0.01452771267
37.47677281,-0.01458077015
37.49676042,-0.01458566353
37.51674804,-0.01454704732
37.53673565,-0.01445546204
37.55672326,-0.01429707402
37.57671087,-0.01407432273
37.59669849,-0.01379228254
37.6166861,-0.01346477324
37.63667371,-0.01308917755
37.65666132,-0.0126639619
37.67664893,-0.01217963049
37.69663655,-0.01163380715
37.71662416,-0.01105011211
37.73661177,-0.01043179792
37.75659938,-0.009767373862
37.77658699,-0.009041431352
37.79657461,-0.008257644685
37.81656222,-0.007396495196
37.83654983,-0.006480447548
37.85653744,-0.005509481487
37.87652506,-0.004514984354
37.89651267,-0.003482708686
37.91650028,-0.002377462144
37.93648789,-0.001206057666
37.9564755,1.050777273e-005
37.97646312,0.001249014237
37.99645073,0.002512705999
38.01643834,0.003816992255
38.03642595,0.005153338039
38.05641357,0.006489569335
38.07640118,0.007818504116
38.09638879,0.009143206957
38.1163764,0.01048627998
38.13636401,0.01185754454
38.15635163,0.01324425512
38.17633924,0.01463414336
38.19632685,0.01601301515
38.21631446,0.01736338935
38.23630207,0.018715945
38.25628969,0.02008592563
38.2762773,0.02146308669
38.29626491,0.02280484833
38.31625252,0.02410140411
38.33624014,0.02535766988
38.35622775,0.02658520786
38.37621536,0.0277817847
38.39620297,0.02893087144
38.41619058,0.03001317481
38.4361782,0.03102908288
38.45616581,0.03199770812
38.47615342,0.03295363283
38.49614103,0.03388005332
38.51612865,0.03475364478
38.53611626,0.03553376998
38.55610387,0.03623813409
38.57609148,0.03687928149
38.59607909,0.03746943419
38.61606671,0.0380086532
38.63605432,0.03848346158
38.65604193,0.03888885685
38.67602954,0.03922891414
38.69601715,0.0395308063
38.71600477,0.03977113647
38.73599238,0.03991817197
38.75597999,0.03996615478
38.7759676,0.03994493427
38.79595522,0.03989040282
38.81594283,0.03979299761
38.83593044,0.03964502836
38.85591805,0.03943767369
38.87590566,0.03913566853
38.89589328,0.03877774373
38.91588089,0.03836834184
38.9358685,0.03792220315
38.95585611,0.03742206654
38.97584372,0.03689071095
38.99583134,0.03633104197
39.01581895,0.03575313046
39.03580656,0.03515524571
39.05579417,0.03449519198
39.07578179,0.03377855612
39.0957694,0.03302848956
39.11575701,0.03225545874
39.13574462,0.03149382874
39.15573223,0.03074037334
39.17571985,0.02998004802
39.19570746,0.02921496199
39.21569507,0.0284538226
39.23568268,0.0277034658
39.2556703,0.02696452843
39.27565791,0.02624300116
39.29564552,0.02551517229
39.31563313,0.02480667752
39.33562074,0.02414537241
39.35560836,0.02352125609
39.37559597,0.02292817341
39.39558358,0.02234706705
39.41557119,0.02179666767
39.4355588,0.02131655106
39.45554642,0.02090874656
39.47553403,0.02057010829
39.49552164,0.02027337254
39.51550925,0.02001100847
39.53549687,0.01980829023
39.55548448,0.01966532134
39.57547209,0.01959800184
39.5954597,0.01959614886
39.61544731,0.01964816238
39.63543493,0.01975697225
39.65542254,0.01994398308
39.67541015,0.0202135566
39.69539776,0.02053445785
39.71538538,0.02091046394
39.73537299,0.02133800912
39.7553606,0.02183934964
39.77534821,0.02244999392
39.79533582,0.02313702223
39.81532344,0.02388184452
39.83531105,0.02468281219
39.85529866,0.02554504097
39.87528627,0.02645432512
39.89527388,0.02739010877
39.9152615,0.0283785368
39.93524911,0.0293963766
39.95523672,0.03045814428
39.97522433,0.03157546721
39.99521195,0.03272099492
40.01519956,0.03386841872
40.03518717,0.03500389841
40.05517478,0.03612715693
40.07516239,0.03726588739
40.09515001,0.03842918156
40.11513762,0.03959992644
40.13512523,0.0407521601
40.15511284,0.04187983097
40.17510045,0.04300014646
40.19508807,0.04409231526
40.21507568,0.04518052642
40.23506329,0.04623738097
40.2550509,0.04723355343
40.27503852,0.04817428952
40.29502613,0.04907427467
40.31501374,0.04990755313
40.33500135,0.05067588594
40.35498896,0.05135454118
40.37497658,0.05196265679
40.39496419,0.05252724034
40.4149518,0.05305014881
40.43493941,0.05353716162
40.45492703,0.05394742924
40.47491464,0.05427439895
40.49490225,0.05453296496
40.51488986,0.05472546227
40.53487747,0.05486629825
40.55486509,0.05492509459
40.5748527,0.0549257394
40.59484031,0.05487776108
40.61482792,0.05475817423
40.63481553,0.05456778562
40.65480315,0.05430997423
40.67479076,0.05397954765
40.69477837,0.05360653359
40.71476598,0.05320591024
40.7347536,0.05275233403
40.75474121,0.05224513859
40.77472882,0.05171901516
40.79471643,0.05117435128
40.81470404,0.0506117384
40.83469166,0.0500261633
40.85467927,0.04943120213
40.87466688,0.04882990703
40.89465449,0.04824025409
40.91464211,0.04765210878
40.93462972,0.04706217895
40.95461733,0.04645659205
40.97460494,0.04584827914
40.99459255,0.04524055423
41.01458017,0.04467129766
41.03456778,0.04416297263
41.05455539,0.04368914071
41.074543,0.04322822191
41.09453061,0.04280963652
41.11451823,0.0424238385
41.13450584,0.04209467844
41.15449345,0.04182815191
41.17448106,0.04163963797
41.19446868,0.04151578423
41.21445629,0.04144150143
41.2344439,0.04141764964
41.25443151,0.04142508712
41.27441912,0.04147296277
41.29440674,0.04156963676
41.31439435,0.04173952462
41.33438196,0.0419584775
41.35436957,0.04219715931
41.37435718,0.04247548165
41.3943448,0.04280834409
41.41433241,0.04318966066
41.43432002,0.04357990536
41.45430763,0.04398975473
41.47429525,0.04444483648
41.49428286,0.04494291865
41.51427047,0.04544937562
41.53425808,0.04595325292
41.55424569,0.0464381907
41.57423331,0.04691413716
41.59422092,0.04739953864
41.61420853,0.04789670747
41.63419614,0.04837919968
41.65418376,0.04885275844
41.67417137,0.04932463298
41.69415898,0.04979251887
41.71414659,0.0502212658
41.7341342,0.05059427889
41.75412182,0.05092323525
41.77410943,0.05122381753
41.79409704,0.05147502421
41.81408465,0.05166763412
41.83407226,0.05177269807
41.85405988,0.05179098962
41.87404749,0.05173507127
41.8940351,0.05162454227
41.91402271,0.0514453601
41.93401033,0.05116554794
41.95399794,0.05082828389
41.97398555,0.05044524879
41.99397316,0.05000013251
42.01396077,0.0494523727
42.03394839,0.04879749072
42.053936,0.04804561684
42.07392361,0.04722754572
42.09391122,0.04634300282
42.11389884,0.04534208935
42.13388645,0.04422774271
42.15387406,0.04304173844
42.17386167,0.04179744522
42.19384928,0.04046908655
42.2138369,0.03902716263
42.23382451,0.03751072445
42.25381212,0.03593067678
42.27379973,0.03429123711
42.29378734,0.03258864477
42.31377496,0.03078993809
42.33376257,0.02892519464
42.35375018,0.02702537325
42.37373779,0.02505141606
42.39372541,0.02300839289
42.41371302,0.0208884555
42.43370063,0.01872338387
42.45368824,0.01656177914
42.47367585,0.01439976
42.49366347,0.0121642906
42.51365108,0.009881452624
42.53363869,0.007599437189
42.5536263,0.005331097618
42.57361391,0.003068138102
42.59360153,0.000794307748
42.61358914,-0.00150613054
42.63357675,-0.003786904327
42.65356436,-0.00602231311
42.67355198,-0.008248476339
42.69353959,-0.01047365458
42.7135272,-0.01266134445
42.73351481,-0.01479763169
42.75350242,-0.01691368936
42.77349004,-0.01900706635
42.79347765,-0.02103915251
42.81346526,-0.02297657958
42.83345287,-0.02483404893
42.85344049,-0.02660382177
42.8734281,-0.02832265874
42.89341571,-0.02995593316
42.91340332,-0.03147475684
42.93339093,-0.03292101978
42.95337855,-0.03433096635
42.97336616,-0.03568428571
42.99335377,-0.03691916852
43.01334138,-0.03803419293
43.03332899,-0.03906636785
43.05331661,-0.04004925151
43.07330422,-0.04091804678
43.09329183,-0.04164029544
43.11327944,-0.04225214633
43.13326706,-0.04273811964
43.15325467,-0.04313249092
43.17324228,-0.04342753932
43.19322989,-0.04362710485
43.2132175,-0.04377031626
43.23320512,-0.04384500463
43.25319273,-0.04382463327
43.27318034,-0.04367697566
43.29316795,-0.04342468757
43.31315557,-0.0430924143
43.33314318,-0.04268482912
43.35313079,-0.04215668946
43.3731184,-0.04154349683
43.39310601,-0.0408543489
43.41309363,-0.04012965379
43.43308124,-0.03934146078
43.45306885,-0.03844725187
43.47305646,-0.03747488679
43.49304407,-0.03647818201
43.51303169,-0.03544425209
43.5330193,-0.03432480808
43.55300691,-0.03313897826
43.57299452,-0.03194363438
43.59298214,-0.03074814915
43.61296975,-0.02947649999
43.63295736,-0.02818458685
43.65294497,-0.02688749964
43.67293258,-0.02558063664
43.6929202,-0.02425365069
43.71290781,-0.02290201695
43.73289542,-0.02155515559
43.75288303,-0.02023666323
43.77287064,-0.01894125294
43.79285826,-0.01766511578
43.81284587,-0.01641630516
43.83283348,-0.01520472579
43.85282109,-0.01403659728
43.87280871,-0.01285780901
43.89279632,-0.01167840328
43.91278393,-0.01054252851
43.93277154,-0.009488494544
43.95275915,-0.008466099568
43.97274677,-0.007462539092
43.99273438,-0.006510738657
44.01272199,-0.005644714957
44.0327096,-0.004872398145
44.05269722,-0.00417121464
44.07268483,-0.003512981048
44.09267244,-0.002904158651
44.11266005,-0.002356114683
44.13264766,-0.001804130928
44.15263528,-0.001294894007
44.17262289,-0.000909009309
44.1926105,-0.0006396550251
44.21259811,-0.0003979410443
44.23258572,-0.0001895458035
44.25257334,-4.943357611e-005
44.27256095,1.084413135e-005
44.29254856,1.193314665e-005
44.31253617,-5.39362766e-005
44.33252379,-0.000204114333
44.3525114,-0.0004062700807
44.37249901,-0.0006243027128
44.39248662,-0.0008410585492
44.41247423,-0.001109965024
44.43246185,-0.001473806953
44.45244946,-0.001857544347
44.47243707,-0.002248524699
44.49242468,-0.002659734846
44.5124123,-0.003111866718
44.53239991,-0.003616599011
44.55238752,-0.004157209098
44.57237513,-0.004747141479
44.59236274,-0.005357050854
44.61235036,-0.005952658938
44.63233797,-0.006510890389
44.65232558,-0.007069443547
44.67231319,-0.007645898409
44.6923008,-0.008234590469
44.71228842,-0.008804959066
44.73227603,-0.009338136974
44.75226364,-0.009836228066
44.77225125,-0.01031982353
44.79223887,-0.0107878362
44.81222648,-0.01126146846
44.83221409,-0.01171841085
44.8522017,-0.01213016944
44.87218931,-0.01246226406
44.89217693,-0.01272368134
44.91216454,-0.01295493657
44.93215215,-0.01317861617
44.95213976,-0.01331396406
44.97212737,-0.01339344682
44.99211499,-0.01345066154
45.0121026,-0.0134458523
45.03209021,-0.01336427646
45.05207782,-0.01323888327
45.07206544,-0.0130832314
45.09205305,-0.01283961828
45.11204066,-0.0124766064
45.13202827,-0.01201956442
45.15201588,-0.01155627179
45.1720035,-0.01107139861
45.19199111,-0.01051704911
45.21197872,-0.009927312196
45.23196633,-0.009309884554
45.25195395,-0.008672988563
45.27194156,-0.008032664872
45.29192917,-0.007387732999
45.31191678,-0.006739628584
45.33190439,-0.006034630546
45.35189201,-0.005253581383
45.37187962,-0.004470310955
45.39186723,-0.003742961578
45.41185484,-0.003024475151
45.43184245,-0.002316702071
45.45183007,-0.001633075103
45.47181768,-0.0009761420636
45.49180529,-0.0003510283962
45.5117929,0.0002008188776
45.53178052,0.0006479222114
45.55176813,0.001081343215
45.57175574,0.001539390103
45.59174335,0.001978936541
45.61173096,0.002323212062
45.63171858,0.002608429039
45.65170619,0.002856715055
45.6716938,0.003031635351
45.69168141,0.003137273918
45.71166903,0.003214055877
45.73165664,0.00322317883
45.75164425,0.003151913216
45.77163186,0.003045680449
45.79161947,0.002958332059
45.81160709,0.002835051954
45.8315947,0.002632399844
45.85158231,0.002380234781
45.87156992,0.002133377118
45.89155753,0.001843259302
45.91154515,0.001510947664
45.93153276,0.001157389696
45.95152037,0.0007767906551
45.97150798,0.000344645815
45.9914956,-7.801318105e-005
46.01148321,-0.000430284566
46.03147082,-0.0007566924941
46.05145843,-0.001130900299
46.07144604,-0.001522468425
46.09143366,-0.00190905536
46.11142127,-0.002283917909
46.13140888,-0.002594519309
46.15139649,-0.002846700251
46.1713841,-0.003085327419
46.19137172,-0.003379611771
46.21135933,-0.003591288891
46.23134694,-0.003716324062
46.25133455,-0.00380039785
46.27132217,-0.003886992362
46.29130978,-0.003912378317
46.31129739,-0.003920596431
46.331285,-0.003900690808
46.35127261,-0.003785510606
46.37126023,-0.003622766832
46.39124784,-0.003475610351
46.41123545,-0.003261043843
46.43122306,-0.002918838485
46.45121068,-0.002569725526
46.47119829,-0.002216695384
46.4911859,-0.001816086009
46.51117351,-0.001373675441
46.53116112,-0.0009214749098
46.55114874,-0.0004009105689
46.57113635,0.0002214786317
46.59112396,0.0008173518565
46.61111157,0.001456678187
46.63109918,0.002196548882
46.6510868,0.002941760776
46.67107441,0.003753068989
46.69106202,0.004661451882
46.71104963,0.005586674592
46.73103725,0.006500304351
46.75102486,0.007458728917
46.77101247,0.008485909674
46.79100008,0.009482012626
46.81098769,0.01053109106
46.83097531,0.01161313983
46.85096292,0.01266015439
46.87095053,0.01375371877
46.89093814,0.01485515813
46.91092576,0.01587784991
46.93091337,0.01691049629
46.95090098,0.0179989144
46.97088859,0.01903227575
46.9908762,0.02002162633
47.01086382,0.02106018238
47.03085143,0.0220207737
47.05083904,0.0229000558
47.07082665,0.02377792572
47.09081426,0.02456940771
47.11080188,0.02526227838
47.13078949,0.02596357264
47.1507771,0.02657848178
47.17076471,0.02703855301
47.19075233,0.02746797644
47.21073994,0.0278496151
47.23072755,0.02808272429
47.25071516,0.02825831208
47.27070277,0.02831389501
47.29069039,0.02822508782
47.310678,0.02806110328
47.33066561,0.02778366877
47.35065322,0.02740731861
47.37064083,0.02703106942
47.39062845,0.02653065526
47.41061606,0.02593763047
47.43060367,0.02531287396
47.45059128,0.02454537176
47.4705789,0.02369358277
47.49056651,0.02279345023
47.51055412,0.02181308921
47.53054173,0.02078392474
47.55052934,0.01975968299
47.57051696,0.01867451296
47.59050457,0.01751837414
47.61049218,0.01635517891
47.63047979,0.01513582522
47.65046741,0.01392220174
47.67045502,0.01263515714
47.69044263,0.01130937707
47.71043024,0.01004193062
47.73041785,0.008805714181
47.75040547,0.007634499301
47.77039308,0.006398645365
47.79038069,0.005109417243
47.8103683,0.003907724928
47.83035591,0.002712523478
47.85034353,0.001526513164
47.87033114,0.0004506200771
47.89031875,-0.0005185779871
47.91030636,-0.001417593429
47.93029398,-0.002351931126
47.95028159,-0.003272323724
47.9702692,-0.004024641258
47.99025681,-0.004778688712
48.01024442,-0.005484279172
48.03023204,-0.006051064604
48.05021965,-0.006553506009
48.07020726,-0.006954674767
48.09019487,-0.007327711314
48.11018249,-0.007670492749
48.1301701,-0.007908673743
48.15015771,-0.008086193185
48.17014532,-0.008219704124
48.19013293,-0.008223323971
48.21012055,-0.008151605738
48.23010816,-0.00801779213
48.25009577,-0.007858215075
48.27008338,-0.007577294462
48.29007099,-0.007228157595
48.31005861,-0.006840000509
48.33004622,-0.006333877674
48.35003383,-0.005695821584
48.37002144,-0.005030252112
48.39000906,-0.004397927976
48.40999667,-0.003615354756
48.42998428,-0.002770508293
48.44997189,-0.001867331725
48.4699595,-0.0008337228866
48.48994712,0.0002215877735
48.50993473,0.001198677413
48.52992234,0.002232981962
48.54990995,0.003300369089
48.56989756,0.0044527032
48.58988518,0.005644428681
48.60987279,0.006934674848
48.6298604,0.008188336851
48.64984801,0.009368907867
48.66983563,0.01059226076
48.68982324,0.01186067839
48.70981085,0.01313642902
48.72979846,0.01443684632
48.74978607,0.01572190307
48.76977369,0.01697979702
48.7897613,0.01821196732
48.80974891,0.01948384063
48.82973652,0.02061428068
48.84972414,0.0217881577
48.86971175,0.02291480813
48.88969936,0.02398092705
48.90968697,0.02492254573
48.92967458,0.02587581324
48.9496622,0.02674706292
48.96964981,0.02757616157
48.98963742,0.02824795099
49.00962503,0.02881199077
49.02961264,0.02931037998
49.04960026,0.02977019792
49.06958787,0.03009897414
49.08957548,0.0303585214
49.10956309,0.0304693285
49.12955071,0.03049958857
49.14953832,0.03047966641
49.16952593,0.03041419602
49.18951354,0.03020094416
49.20950115,0.02988658584
49.22948877,0.02951863301
49.24947638,0.02904719568
49.26946399,0.02846684099
49.2894516,0.02773296343
49.30943922,0.02687454836
49.32942683,0.02604385444
49.34941444,0.02512122888
49.36940205,0.0240757326
49.38938966,0.02292274113
49.40937728,0.02183359133
49.42936489,0.02066316035
49.4493525,0.01930354553
49.46934011,0.0179206153
49.48932772,0.01670668862
49.50931534,0.01532993576
49.52930295,0.01383460144
49.54929056,0.01222705648
49.56927817,0.01074629654
49.58926579,0.009135832399
49.6092534,0.007481690982
49.62924101,0.005901852217
49.64922862,0.004299350715
49.66921623,0.002652215821
49.68920385,0.001046126321
49.70919146,-0.0004162479251
49.72917907,-0.001917931647
49.74916668,-0.003374162952
49.76915429,-0.004463224303
49.78914191,-0.005701948859
49.80912952,-0.006780913638
49.82911713,-0.007745144696
49.84910474,-0.008677845787
49.86909236,-0.009551347757
49.88907997,-0.01033264329
49.90906758,-0.01090469185
49.92905519,-0.009545877047
49.9490428,-0.004605409668
