0,-0.008365103621
0.02002760451,-0.001313421155
0.04005520903,0.003454301805
0.06008281354,0.004646613113
0.08011041806,0.004552962637
0.1001380226,0.004795350528
0.1201656271,0.004805438021
0.1401932316,0.004822646244
0.1602208361,0.005095370409
0.1802484406,0.004891767766
0.2002760451,0.005051874986
0.2203036497,0.005084025292
0.2403312542,0.004994207253
0.2603588587,0.005163628692
0.2803864632,0.005206527345
0.3004140677,0.005108633781
0.3204416722,0.005202145312
0.3404692768,0.005330025316
0.3604968813,0.005289672267
0.3805244858,0.005304031911
0.4005520903,0.005381799906
0.4205796948,0.005421229556
0.4406072993,0.005370800546
0.4606349038,0.005433121505
0.4806625084,0.005530236601
0.5006901129,0.00560778039
0.5207177174,0.005655955776
0.5407453219,0.005715562878
0.5607729264,0.005677657785
0.5808005309,0.005770749185
0.6008281354,0.00592203115
0.62085574,0.005953994657
0.6408833445,0.005980885274
0.660910949,0.006029361617
0.6809385535,0.006078623385
0.700966158,0.006152728679
0.7209937625,0.006166898241
0.741021367,0.006219755816
0.7610489716,0.006221741349
0.7810765761,0.006283404923
0.8011041806,0.006400306958
0.8211317851,0.006560629167
0.8411593896,0.006611957508
0.8611869941,0.006595085104
0.8812145987,0.006626336339
0.9012422032,0.006673615994
0.9212698077,0.00671027521
0.9412974122,0.006807952735
0.9613250167,0.00679751286
0.9813526212,0.006877900374
1.001380226,0.006939328589
1.02140783,0.007047419378
1.041435435,0.007154948815
1.061463039,0.007289752286
1.081490644,0.007343082042
1.101518248,0.007394906131
1.121545853,0.007456619254
1.141573457,0.007548672251
1.161601062,0.007649709702
1.181628666,0.007736769013
1.201656271,0.007792731255
1.221683875,0.007811917272
1.24171148,0.007845077649
1.261739084,0.007967045744
1.281766689,0.008138480746
1.301794293,0.00830503074
1.321821898,0.00841794651
1.341849502,0.008500206893
1.361877107,0.008561136342
1.381904712,0.008603860044
1.401932316,0.008750000447
1.421959921,0.008881932044
1.441987525,0.009094173797
1.46201513,0.009286376756
1.482042734,0.009440291826
1.502070339,0.009513755231
1.522097943,0.009561537313
1.542125548,0.009720951001
1.562153152,0.00995307826
1.582180757,0.01014325558
1.602208361,0.01035974252
1.622235966,0.01049421515
1.64226357,0.01054352688
1.662291175,0.01064347696
1.682318779,0.01072206537
1.702346384,0.01084138378
1.722373988,0.01097779024
1.742401593,0.011156851
1.762429197,0.01132135367
1.782456802,0.01145701128
1.802484406,0.01146836694
1.822512011,0.01147026304
1.842539615,0.01153551867
1.86256722,0.01158171207
1.882594824,0.01167957078
1.902622429,0.01180572227
1.922650033,0.01187113546
1.942677638,0.01189806369
1.962705242,0.01190591959
1.982732847,0.01183844857
2.002760451,0.01181448737
2.022788056,0.0118427914
2.042815661,0.01186122983
2.062843265,0.01191958687
2.08287087,0.01193286943
2.102898474,0.01190228544
2.122926079,0.01183265365
2.142953683,0.01176353193
2.162981288,0.01171822838
2.183008892,0.0116697633
2.203036497,0.01161465574
2.223064101,0.01156697531
2.243091706,0.01148380782
2.26311931,0.01139309511
2.283146915,0.01135583507
2.303174519,0.01129558995
2.323202124,0.01121519618
2.343229728,0.01113499041
2.363257333,0.01096225499
2.383284937,0.01085771158
2.403312542,0.01080734581
2.423340146,0.0106900006
2.443367751,0.01055116799
2.463395355,0.01048583948
2.48342296,0.01031799067
2.503450564,0.01010639499
2.523478169,0.009928606422
2.543505773,0.009710842969
2.563533378,0.009547153191
2.583560982,0.009414352717
2.603588587,0.009258481531
2.623616191,0.009106509473
2.643643796,0.008977360792
2.6636714,0.008821232152
2.683699005,0.008603171565
2.70372661,0.008366989719
2.723754214,0.008132228443
2.743781819,0.007866175794
2.763809423,0.007631504258
2.783837028,0.00743148225
2.803864632,0.007224501825
2.823892237,0.007018431455
2.843919841,0.006843846892
2.863947446,0.006700959872
2.88397505,0.006544503966
2.904002655,0.006388464307
2.924030259,0.006203445099
2.944057864,0.005950664863
2.964085468,0.005681119622
2.984113073,0.005366089634
3.004140677,0.00509806841
3.024168282,0.004983596949
3.044195886,0.004924538675
3.064223491,0.004832240705
3.084251095,0.004758501275
3.1042787,0.004653481668
3.124306304,0.004453297533
3.144333909,0.004170355231
3.164361513,0.00384588713
3.184389118,0.003565773486
3.204416722,0.003369699083
3.224444327,0.003213424484
3.244471931,0.003100198078
3.264499536,0.003019925667
3.28452714,0.002916798729
3.304554745,0.002799288509
3.324582349,0.002682325286
3.344609954,0.002536348025
3.364637558,0.002314863424
3.384665163,0.002076486118
3.404692768,0.001894560272
3.424720372,0.001715283062
3.444747977,0.001569104692
3.464775581,0.001503111265
3.484803186,0.001453181932
3.50483079,0.001378872224
3.524858395,0.001342651237
3.544885999,0.001327974078
3.564913604,0.001208014735
3.584941208,0.001037619777
3.604968813,0.000861093406
3.624996417,0.0007011511084
3.645024022,0.0005476539447
3.665051626,0.0004887655448
3.685079231,0.0004152283911
3.705106835,0.0003603940476
3.72513444,0.0003151771813
3.745162044,0.0002878332168
3.765189649,0.000231094337
3.785217253,0.0001815411267
3.805244858,6.665102858e-005
3.825272462,-7.549140202e-005
3.845300067,-0.0002346270336
3.865327671,-0.000266709768
3.885355276,-0.0002915720693
3.90538288,-0.0003463274215
3.925410485,-0.0004180541896
3.945438089,-0.0004038606054
3.965465694,-0.0004119579875
3.985493298,-0.0004355728974
4.005520903,-0.0004139321502
4.025548507,-0.0004121576583
4.045576112,-0.0004655831211
4.065603717,-0.0005184294072
4.085631321,-0.0005439186813
4.105658926,-0.0005872754086
4.12568653,-0.0006345263917
4.145714135,-0.0006918439422
4.165741739,-0.0007370498056
4.185769344,-0.0007576192116
4.205796948,-0.0007507680038
4.225824553,-0.0007206162445
4.245852157,-0.0006817723714
4.265879762,-0.0006664672316
4.285907366,-0.0006498017294
4.305934971,-0.0006173311212
4.325962575,-0.0006168934849
4.34599018,-0.0006459389588
4.366017784,-0.0006373103719
4.386045389,-0.0005876610304
4.406072993,-0.000564289353
4.426100598,-0.0005295129838
4.446128202,-0.0004785187266
4.466155807,-0.0003901180124
4.486183411,-0.0003308936659
4.506211016,-0.0003038334699
4.52623862,-0.0002518063435
4.546266225,-0.0001879606321
4.566293829,-0.000130497756
4.586321434,-9.418624347e-005
4.606349038,-4.966380237e-005
4.626376643,-1.737601756e-006
4.646404247,4.244613292e-005
4.666431852,8.202843692e-005
4.686459456,0.0001194795653
4.706487061,0.0001659674243
4.726514666,0.0002487260526
4.74654227,0.0003520182655
4.766569875,0.0004752494415
4.786597479,0.0006006762398
4.806625084,0.0006800568486
4.826652688,0.0007179774316
4.846680293,0.0007429627219
4.866707897,0.0007871850931
4.886735502,0.000868260993
4.906763106,0.0009552613711
4.926790711,0.001059726128
4.946818315,0.001178894394
4.96684592,0.001305523427
4.986873524,0.001420911776
5.006901129,0.001528966177
5.026928733,0.001643046697
5.046956338,0.001723603519
5.066983942,0.001781667174
5.087011547,0.001853410902
5.107039151,0.001920618197
5.127066756,0.002004278656
5.14709436,0.002116371841
5.167121965,0.002254433787
5.187149569,0.002410498149
5.207177174,0.00254667015
5.227204778,0.002676658502
5.247232383,0.002816987853
5.267259987,0.002952179728
5.287287592,0.003050321904
5.307315196,0.003139779678
5.327342801,0.003243997044
5.347370405,0.003347416323
5.36739801,0.00347253343
5.387425614,0.003601705265
5.407453219,0.003729390277
5.427480824,0.003830243914
5.447508428,0.003898346232
5.467536033,0.003972104628
5.487563637,0.004081335131
5.507591242,0.004207706553
5.527618846,0.004344330722
5.547646451,0.004457833348
5.567674055,0.004575186236
5.58770166,0.004702703059
5.607729264,0.004823972283
5.627756869,0.004927756015
5.647784473,0.004991912195
5.667812078,0.005051803747
5.687839682,0.005138471804
5.707867287,0.005226663053
5.727894891,0.005339854866
5.747922496,0.005477130622
5.7679501,0.005607291232
5.787977705,0.005712437918
5.808005309,0.00578837425
5.828032914,0.005880905491
5.848060518,0.005949289807
5.868088123,0.006027346776
5.888115727,0.006085732591
5.908143332,0.006122081645
5.928170936,0.006178036294
5.948198541,0.006245458231
5.968226145,0.006299642647
5.98825375,0.006357518432
6.008281354,0.006425255709
6.028308959,0.00651039612
6.048336563,0.006596814573
6.068364168,0.006646386367
6.088391773,0.006701787797
6.108419377,0.006776757538
6.128446982,0.006830188623
6.148474586,0.006852298308
6.168502191,0.006867718973
6.188529795,0.006870586261
6.2085574,0.006864859796
6.228585004,0.006881999541
6.248612609,0.00686912134
6.268640213,0.006851813135
6.288667818,0.006865610008
6.308695422,0.006894365329
6.328723027,0.006925490465
6.348750631,0.006950751445
6.368778236,0.006998290454
6.38880584,0.00703620703
6.408833445,0.007025529926
6.428861049,0.00699503595
6.448888654,0.006948285205
6.468916258,0.006873322576
6.488943863,0.006792197137
6.508971467,0.006734080547
6.528999072,0.006684396468
6.549026676,0.006646056493
6.569054281,0.006621490234
6.589081885,0.006603007383
6.60910949,0.006590514702
6.629137094,0.006573849699
6.649164699,0.006510977564
6.669192303,0.006437962233
6.689219908,0.006355554622
6.709247512,0.006261874887
6.729275117,0.006144053343
6.749302722,0.00603286439
6.769330326,0.005932927616
6.789357931,0.005834390478
6.809385535,0.005734843152
6.82941314,0.005627148489
6.849440744,0.00552892986
6.869468349,0.005456237748
6.889495953,0.005375389224
6.909523558,0.005277080504
6.929551162,0.005187285594
6.949578767,0.005108913229
6.969606371,0.005025715321
6.989633976,0.004930491271
7.00966158,0.004807953188
7.029689185,0.004680727857
7.049716789,0.004544177032
7.069744394,0.004402540535
7.089771998,0.004293879244
7.109799603,0.004210143413
7.129827207,0.0041421427
7.149854812,0.004110692039
7.169882416,0.004082031311
7.189910021,0.004092701996
7.209937625,0.00412209274
7.22996523,0.004139195163
7.249992834,0.004151451194
7.270020439,0.004142375662
7.290048043,0.004125197303
7.310075648,0.004097349834
7.330103252,0.004048942926
7.350130857,0.004062516657
7.370158461,0.004101667036
7.390186066,0.004124218486
7.41021367,0.004168977713
7.430241275,0.004263784772
7.45026888,0.00438737335
7.470296484,0.004537151471
7.490324089,0.004693829378
7.510351693,0.004839130304
7.530379298,0.004957528956
7.550406902,0.005075555208
7.570434507,0.00519926278
7.590462111,0.005327109831
7.610489716,0.005465016303
7.63051732,0.005607105088
7.650544925,0.005756390703
7.670572529,0.005926417267
7.690600134,0.006093384365
7.710627738,0.006282222337
7.730655343,0.006504695814
7.750682947,0.006739592904
7.770710552,0.006994710639
7.790738156,0.007248510894
7.810765761,0.007519386248
7.830793365,0.007782594728
7.85082097,0.008029640827
7.870848574,0.008265136853
7.890876179,0.008499440442
7.910903783,0.008742379632
7.930931388,0.008978989955
7.950958992,0.009180815492
7.970986597,0.009380558654
7.991014201,0.009587738351
8.011041806,0.009835093797
8.03106941,0.01010655514
8.051097015,0.01039242114
8.071124619,0.01065892526
8.091152224,0.01091948457
8.111179829,0.01116939754
8.131207433,0.01140300035
8.151235038,0.01160580401
8.171262642,0.01179199869
8.191290247,0.01197031689
8.211317851,0.01213871127
8.231345456,0.01228787738
8.25137306,0.01242803667
8.271400665,0.0125591153
8.291428269,0.01268782422
8.311455874,0.01284648176
8.331483478,0.01302068627
8.351511083,0.01321406602
8.371538687,0.01339263854
8.391566292,0.01356226003
8.411593896,0.0137059681
8.431621501,0.0138059869
8.451649105,0.01390047355
8.47167671,0.01401187017
8.491704314,0.0141527961
8.511731919,0.01428939946
8.531759523,0.01437222684
8.551787128,0.01444728729
8.571814732,0.01451919145
8.591842337,0.01459857771
8.611869941,0.01468095741
8.631897546,0.01477363001
8.65192515,0.01486035707
8.671952755,0.01493883259
8.691980359,0.01502909696
8.712007964,0.01513192207
8.732035568,0.01523176879
8.752063173,0.01528835463
8.772090778,0.01535689486
8.792118382,0.01544861211
8.812145987,0.01554328527
8.832173591,0.01560321805
8.852201196,0.01562202335
8.8722288,0.01563477336
8.892256405,0.01564168317
8.912284009,0.01566289403
8.932311614,0.01570704899
8.952339218,0.01577025371
8.972366823,0.01585257541
8.992394427,0.015954602
9.012422032,0.01606247454
9.032449636,0.01615569035
9.052477241,0.01624932519
9.072504845,0.01635344609
9.09253245,0.01646761976
9.112560054,0.01656754996
9.132587659,0.01664544735
9.152615263,0.0167018078
9.172642868,0.01675096172
9.192670472,0.01680474751
9.212698077,0.01687058908
9.232725681,0.01695346143
9.252753286,0.01704335168
9.27278089,0.01715107854
9.292808495,0.01725812904
9.312836099,0.01735941939
9.332863704,0.01745732314
9.352891308,0.01752347512
9.372918913,0.01759039791
9.392946517,0.01769029301
9.412974122,0.01780295637
9.433001726,0.01791382119
9.453029331,0.01800356589
9.473056936,0.01806702457
9.49308454,0.01810174403
9.513112145,0.01811941536
9.533139749,0.01814635342
9.553167354,0.0181848654
9.573194958,0.01819388161
9.593222563,0.01818075512
9.613250167,0.01816818963
9.633277772,0.01816810243
9.653305376,0.01817224902
9.673332981,0.01817387733
9.693360585,0.01816548637
9.71338819,0.01814357228
9.733415794,0.01810395683
9.753443399,0.01803606331
9.773471003,0.01793352662
9.793498608,0.01780832663
9.813526212,0.01764102729
9.833553817,0.01743754815
9.853581421,0.01719885681
9.873609026,0.01693353581
9.89363663,0.01666899404
9.913664235,0.01639746139
9.933691839,0.01611146662
9.953719444,0.01582673816
9.973747048,0.01551920768
9.993774653,0.01517788597
10.01380226,0.01481706694
10.03382986,0.01444809013
10.05385747,0.01405816637
10.07388507,0.01362519133
10.09391268,0.01314948776
10.11394028,0.01262676618
10.13396788,0.01206528436
10.15399549,0.01149331869
10.17402309,0.01089478472
10.1940507,0.01024035099
10.2140783,0.009542299484
10.23410591,0.008818409447
10.25413351,0.008083090251
10.27416112,0.007321152179
10.29418872,0.006528137706
10.31421633,0.005722078554
10.33424393,0.004888894879
10.35427153,0.004048637923
10.37429914,0.003197531189
10.39432674,0.002359076849
10.41435435,0.001487484525
10.43438195,0.0006016971386
10.45440956,-0.0002768609336
10.47443716,-0.001175953402
10.49446477,-0.002103351979
10.51449237,-0.00307936057
10.53451997,-0.004071182452
10.55454758,-0.005040900143
10.57457518,-0.006007857278
10.59460279,-0.006972302625
10.61463039,-0.007934316282
10.634658,-0.00886829754
10.6546856,-0.009771086793
10.67471321,-0.01065150006
10.69474081,-0.01147700259
10.71476842,-0.01224689962
10.73479602,-0.0129755787
10.75482362,-0.01368419682
10.77485123,-0.01437352789
10.79487883,-0.01502201895
10.81490644,-0.01564082453
10.83493404,-0.01625125966
10.85496165,-0.01685094983
10.87498925,-0.01742962605
10.89501686,-0.01796069584
10.91504446,-0.01845417423
10.93507207,-0.01889105017
10.95509967,-0.01928052042
10.97512727,-0.01962657146
10.99515488,-0.01991000312
11.01518248,-0.02013380712
11.03521009,-0.02030868677
11.05523769,-0.0204429429
11.0752653,-0.02051999422
11.0952929,-0.02055921568
11.11532051,-0.02056500868
11.13534811,-0.02054208348
11.15537571,-0.02050111101
11.17540332,-0.02043593375
11.19543092,-0.02033641149
11.21545853,-0.02019589735
11.23548613,-0.02002480373
11.25551374,-0.01983736072
11.27554134,-0.01962052029
11.29556895,-0.01938032468
11.31559655,-0.01912026493
11.33562416,-0.01883333471
11.35565176,-0.0185203602
11.37567936,-0.01819452964
11.39570697,-0.01783964809
11.41573457,-0.01745521395
11.43576218,-0.01705298618
11.45578978,-0.0166406531
11.47581739,-0.01622380472
11.49584499,-0.01580332459
11.5158726,-0.0153814736
11.5359002,-0.01497533971
11.55592781,-0.01458646436
11.57595541,-0.0142267686
11.59598301,-0.01388653238
11.61601062,-0.01354368983
11.63603822,-0.0132152503
11.65606583,-0.01288698725
11.67609343,-0.01255755916
11.69612104,-0.01222196358
11.71614864,-0.01188409159
11.73617625,-0.01151835105
11.75620385,-0.01112408158
11.77623145,-0.01072343694
11.79625906,-0.01034289887
11.81628666,-0.00997718295
11.83631427,-0.009628462277
11.85634187,-0.009283050084
11.87636948,-0.008940728306
11.89639708,-0.008635483769
11.91642469,-0.008346112045
11.93645229,-0.008068290908
11.9564799,-0.007785098803
11.9765075,-0.00748758713
11.9965351,-0.007175484114
12.01656271,-0.006846949754
12.03659031,-0.006519552857
12.05661792,-0.006176972217
12.07664552,-0.005819970663
12.09667313,-0.005431606712
12.11670073,-0.005017253018
12.13672834,-0.004572160635
12.15675594,-0.00410111931
12.17678355,-0.00360597682
12.19681115,-0.003082122362
12.21683875,-0.002546973004
12.23686636,-0.001985966272
12.25689396,-0.001404486582
12.27692157,-0.0007851373932
12.29694917,-0.0001227661035
12.31697678,0.0005800094174
12.33700438,0.001330665061
12.35703199,0.00211725939
12.37705959,0.002930684188
12.39708719,0.003765893595
12.4171148,0.004634557663
12.4371424,0.005562331846
12.45717001,0.006566872012
12.47719761,0.007651655599
12.49722522,0.008793276997
12.51725282,0.009992915414
12.53728043,0.01126388623
12.55730803,0.01264187629
12.57733564,0.01409718345
12.59736324,0.01560830466
12.61739084,0.0172068788
12.63741845,0.01888635831
12.65744605,0.02062464414
12.67747366,0.02243957078
12.69750126,0.02435835791
12.71752887,0.02633167941
12.73755647,0.02838896501
12.75758408,0.03052860996
12.77761168,0.0327380619
12.79763928,0.03493625864
12.81766689,0.03727211107
12.83769449,0.03963557879
12.8577221,0.04209269972
12.8777497,0.04461296248
12.89777731,0.04717228057
12.91780491,0.04980355731
12.93783252,0.05242369546
12.95786012,0.05514885352
12.97788773,0.05783089324
12.99791533,0.06054719247
13.01794293,0.06327658131
13.03797054,0.06609704987
13.05799814,0.06906600269
13.07802575,0.07193918612
13.09805335,0.07478603372
13.11808096,0.07774756784
13.13810856,0.08067693031
13.15813617,0.08359247019
13.17816377,0.08647633222
13.19819138,0.08928565627
13.21821898,0.09217924693
13.23824658,0.09505764462
13.25827419,0.09786760163
13.27830179,0.1006221854
13.2983294,0.103352864
13.318357,0.1059929278
13.33838461,0.1086362348
13.35841221,0.111230124
13.37843982,0.1136708203
13.39846742,0.115989417
13.41849502,0.1182467355
13.43852263,0.1204171776
13.45855023,0.1223305611
13.47857784,0.1241655162
13.49860544,0.1258587208
13.51863305,0.1273345086
13.53866065,0.1286531119
13.55868826,0.1297610573
13.57871586,0.1306241855
13.59874347,0.1312492709
13.61877107,0.1316217356
13.63879867,0.1317276512
13.65882628,0.1315337385
13.67885388,0.1310654442
13.69888149,0.1302492459
13.71890909,0.1290676652
13.7389367,0.1275682059
13.7589643,0.1257296162
13.77899191,0.1234778311
13.79901951,0.1207764504
13.81904712,0.1176633423
13.83907472,0.1140697275
13.85910232,0.1099904796
13.87912993,0.1052296148
13.89915753,0.09989269057
13.91918514,0.09404666435
13.93921274,0.08768651152
13.95924035,0.08067488268
13.97926795,0.07310214271
13.99929556,0.06493461955
14.01932316,0.05618253393
14.03935076,0.04682332053
14.05937837,0.03660165374
14.07940597,0.02525040114
14.09943358,0.0133480383
14.11946118,0.0005723969909
14.13948879,-0.01296733596
14.15951639,-0.02737834481
14.179544,-0.04276178852
14.1995716,-0.05911877935
14.21959921,-0.07660257229
14.23962681,-0.09440745946
14.25965441,-0.1134517263
14.27968202,-0.1335318932
14.29970962,-0.1545413794
14.31973723,-0.1763678397
14.33976483,-0.1991420216
14.35979244,-0.2227087768
14.37982004,-0.2467683522
14.39984765,-0.2718750963
14.41987525,-0.2972319806
14.43990286,-0.3235102023
14.45993046,-0.3506342596
14.47995806,-0.3786330303
14.49998567,-0.4074832923
14.52001327,-0.4375382776
14.54004088,-0.4684472507
14.56006848,-0.4995619449
14.58009609,-0.5314443234
14.60012369,-0.5630759253
14.6201513,-0.5951871994
14.6401789,-0.6281121456
14.6602065,-0.6609801236
14.68023411,-0.6934680207
14.70026171,-0.725242611
14.72028932,-0.7571428699
14.74031692,-0.7891242498
14.76034453,-0.8207977746
14.78037213,-0.8519917082
14.80039974,-0.8828428124
14.82042734,-0.9132509178
14.84045495,-0.9422753844
14.86048255,-0.9706116831
14.88051015,-0.9979056887
14.90053776,-1.024045544
14.92056536,-1.049103595
14.94059297,-1.072350919
14.96062057,-1.09456172
14.98064818,-1.115107489
15.00067578,-1.133834019
15.02070339,-1.150775638
15.04073099,-1.166182182
15.0607586,-1.179422273
15.0807862,-1.190519459
15.1008138,-1.199274205
15.12084141,-1.205839058
15.14086901,-1.209918559
15.16089662,-1.211648996
15.18092422,-1.210903381
15.20095183,-1.207566135
15.22097943,-1.20171477
15.24100704,-1.19319971
15.26103464,-1.182205453
15.28106224,-1.168532756
15.30108985,-1.152197719
15.32111745,-1.133321401
15.34114506,-1.111669516
15.36117266,-1.087545868
15.38120027,-1.060480624
15.40122787,-1.030586746
15.42125548,-0.9984248958
15.44128308,-0.9631881062
15.46131069,-0.9262082539
15.48133829,-0.886931877
15.50136589,-0.8452148407
15.5213935,-0.8014394388
15.5414211,-0.756110802
15.56144871,-0.7087046271
15.58147631,-0.6587574376
15.60150392,-0.6080313987
15.62153152,-0.556177334
15.64155913,-0.5029648885
15.66158673,-0.4484894663
15.68161434,-0.3927374018
15.70164194,-0.336528881
15.72166954,-0.2797552338
15.74169715,-0.2230251813
15.76172475,-0.1652082676
15.78175236,-0.1066841098
15.80177996,-0.04709092181
15.82180757,0.01304087827
15.84183517,0.07242298454
15.86186278,0.1316083452
15.88189038,0.1893709918
15.90191798,0.2459154582
15.92194559,0.301412871
15.94197319,0.3561427165
15.9620008,0.4099630597
15.9820284,0.4628632494
16.00205601,0.5142798281
16.02208361,0.5643968972
16.04211122,0.6125023422
16.06213882,0.6584361375
16.08216643,0.7025753378
16.10219403,0.7449166149
16.12222163,0.7851794234
16.14224924,0.8236318264
16.16227684,0.859948705
16.18230445,0.8940922965
16.20233205,0.9263590717
16.22235966,0.956712499
16.24238726,0.9847881011
16.26241487,1.010916744
16.28244247,1.035081075
16.30247008,1.0571836
16.32249768,1.077308018
16.34252528,1.09524799
16.36255289,1.111144729
16.38258049,1.125192063
16.4026081,1.137318239
16.4226357,1.147607021
16.44266331,1.155992512
16.46269091,1.162560378
16.48271852,1.167400038
16.50274612,1.170606089
16.52277372,1.172192739
16.54280133,1.172277383
16.56282893,1.170960398
16.58285654,1.168267312
16.60288414,1.16429287
16.62291175,1.15909104
16.64293935,1.152717257
16.66296696,1.14524677
16.68299456,1.1367311
16.70302217,1.127168677
16.72304977,1.116637722
16.74307737,1.105148632
16.76310498,1.092766503
16.78313258,1.079576036
16.80316019,1.065595686
16.82318779,1.050886598
16.8432154,1.035496404
16.863243,1.019449073
16.88327061,1.002793236
16.90329821,0.9855687267
16.92332582,0.9677433462
16.94335342,0.9493893733
16.96338102,0.9306876665
16.98340863,0.911595334
17.00343623,0.8921934913
17.02346384,0.872504478
17.04349144,0.8525658578
17.06351905,0.8324415538
17.08354665,0.8121336406
17.10357426,0.791654429
17.12360186,0.7710412247
17.14362946,0.7503922591
17.16365707,0.7296826506
17.18368467,0.7088983058
17.20371228,0.6881095202
17.22373988,0.6673423115
17.24376749,0.646638544
17.26379509,0.6260220074
17.2838227,0.6055166677
17.3038503,0.5851188467
17.32387791,0.5648539861
17.34390551,0.544789809
17.36393311,0.5249190459
17.38396072,0.5052306122
17.40398832,0.4857672123
17.42401593,0.4665056285
17.44404353,0.4474583944
17.46407114,0.4286077988
17.48409874,0.40997603
17.50412635,0.3915774853
17.52415395,0.3733885007
17.54418156,0.3554292671
17.56420916,0.3376883875
17.58423676,0.3201807162
17.60426437,0.3029393482
17.62429197,0.2859769676
17.64431958,0.2692804088
17.66434718,0.2528595709
17.68437479,0.2367231082
17.70440239,0.2208626834
17.72443,0.2052174647
17.7444576,0.1898149933
17.7644852,0.1746361639
17.78451281,0.1597293485
17.80454041,0.1450818715
17.82456802,0.1306806284
17.84459562,0.1165220393
17.86462323,0.1026058883
17.88465083,0.08896396579
17.90467844,0.07558868361
17.92470604,0.06249650704
17.94473365,0.04967248549
17.96476125,0.03714312955
17.98478885,0.02491958853
18.00481646,0.01300574843
18.02484406,0.001417371939
18.04487167,-0.009859828333
18.06489927,-0.02085861504
18.08492688,-0.03157732386
18.10495448,-0.04200500294
18.12498209,-0.05212062267
18.14500969,-0.06190531795
18.16503729,-0.07137464135
18.1850649,-0.08052017152
18.2050925,-0.08930264692
18.22512011,-0.09773898302
18.24514771,-0.1058147171
18.26517532,-0.1135401207
18.28520292,-0.1209033295
18.30523053,-0.127892243
18.32525813,-0.1345137361
18.34528574,-0.1407926753
18.36531334,-0.1466982802
18.38534094,-0.1522599797
18.40536855,-0.1574701717
18.42539615,-0.1623491792
18.44542376,-0.1668932075
18.46545136,-0.1711115655
18.48547897,-0.1749884651
18.50550657,-0.1785734031
18.52553418,-0.1818465763
18.54556178,-0.1848204401
18.56558939,-0.1875353082
18.58561699,-0.1899612684
18.60564459,-0.1921249729
18.6256722,-0.1940444772
18.6456998,-0.195722379
18.66572741,-0.1971829845
18.68575501,-0.1984453335
18.70578262,-0.1995242749
18.72581022,-0.2004450209
18.74583783,-0.2012286944
18.76586543,-0.2018828036
18.78589303,-0.2024317528
18.80592064,-0.2028627945
18.82594824,-0.2031892586
18.84597585,-0.2034494221
18.86600345,-0.2036617275
18.88603106,-0.2038584267
18.90605866,-0.204041217
18.92608627,-0.2042170714
18.94611387,-0.204372605
18.96614148,-0.2045389003
18.98616908,-0.2047479792
19.00619668,-0.2050426737
19.02622429,-0.2053935601
19.04625189,-0.2057955955
19.0662795,-0.2062486494
19.0863071,-0.2067592737
19.10633471,-0.2073472902
19.12636231,-0.2080184856
19.14638992,-0.2087648346
19.16641752,-0.2095836221
19.18644513,-0.2104649104
19.20647273,-0.2114077594
19.22650033,-0.2124284428
19.24652794,-0.2135228129
19.26655554,-0.2146845902
19.28658315,-0.215908602
19.30661075,-0.2171877862
19.32663836,-0.2185266281
19.34666596,-0.2199055867
19.36669357,-0.2213274673
19.38672117,-0.2227717112
19.40674877,-0.2242345218
19.42677638,-0.2257020569
19.44680398,-0.2271411734
19.46683159,-0.2285307152
19.48685919,-0.2298623091
19.5068868,-0.2311203478
19.5269144,-0.2322981718
19.54694201,-0.2333892336
19.56696961,-0.2343610617
19.58699722,-0.2352024973
19.60702482,-0.2358999541
19.62705242,-0.2364563963
19.64708003,-0.2368472234
19.66710763,-0.2370540431
19.68713524,-0.2370629599
19.70716284,-0.2368443261
19.72719045,-0.236406228
19.74721805,-0.2357487338
19.76724566,-0.2348553142
19.78727326,-0.233714488
19.80730087,-0.2323090806
19.82732847,-0.2306189632
19.84735607,-0.2286501238
19.86738368,-0.2264171687
19.88741128,-0.2238966487
19.90743889,-0.2210993689
19.92746649,-0.2179875874
19.9474941,-0.2145576822
19.9675217,-0.2108189178
19.98754931,-0.2067817274
20.00757691,-0.2024332232
20.02760451,-0.197809014
20.04763212,-0.1928844181
20.06765972,-0.1876865943
20.08768733,-0.1822039327
20.10771493,-0.1764427692
20.12774254,-0.1704445534
20.14777014,-0.1642240455
20.16779775,-0.1577582544
20.18782535,-0.1510570953
20.20785296,-0.144157131
20.22788056,-0.1370672488
20.24790816,-0.1298102731
20.26793577,-0.1224197978
20.28796337,-0.1148981833
20.30799098,-0.1072719173
20.32801858,-0.09955579541
20.34804619,-0.09176994567
20.36807379,-0.08394794135
20.3881014,-0.07608646999
20.408129,-0.06821567149
20.42815661,-0.06036780849
20.44818421,-0.0525542742
20.46821181,-0.04479845562
20.48823942,-0.03710911389
20.50826702,-0.02950140341
20.52829463,-0.02201104814
20.54832223,-0.01467252121
20.56834984,-0.007489346098
20.58837744,-0.0005052783855
20.60840505,0.006285974273
20.62843265,0.01284795998
20.64846025,0.01916410619
20.66848786,0.02523385248
20.68851546,0.03102397076
20.70854307,0.03651820335
20.72857067,0.04174199043
20.74859828,0.04668142414
20.76862588,0.05132485845
20.78865349,0.05566161848
20.80868109,0.05969309318
20.8287087,0.06341580494
20.8487363,0.06683649925
20.8687639,0.06992878765
20.88879151,0.07272217164
20.90881911,0.07520912716
20.92884672,0.07739350195
20.94887432,0.07926476455
20.96890193,0.08082299054
20.98892953,0.08207417268
21.00895714,0.08304408619
21.02898474,0.08373576214
21.04901235,0.08415177397
21.06903995,0.08429990953
21.08906755,0.0841866158
21.10909516,0.0838357184
21.12912276,0.08325708129
21.14915037,0.08245584442
21.16917797,0.08146672048
21.18920558,0.08029190671
21.20923318,0.07893362005
21.22926079,0.07743413818
21.24928839,0.07582170685
21.26931599,0.07410120893
21.2893436,0.07228626209
21.3093712,0.07039063567
21.32939881,0.06842445188
21.34942641,0.0663930155
21.36945402,0.06429614809
21.38948162,0.06214680333
21.40950923,0.0599649715
21.42953683,0.0577400915
21.44956444,0.05549221623
21.46959204,0.05323528196
21.48961964,0.05096932355
21.50964725,0.04871211947
21.52967485,0.04647187229
21.54970246,0.04425182821
21.56973006,0.04206857903
21.58975767,0.03993427349
21.60978527,0.03784797718
21.62981288,0.03584409566
21.64984048,0.03390629583
21.66986809,0.03204921683
21.68989569,0.03024749722
21.70992329,0.02850798046
21.7299509,0.02683150847
21.7499785,0.02521251955
21.77000611,0.02366066298
21.79003371,0.02216877806
21.81006132,0.02072440463
21.83008892,0.01932260371
21.85011653,0.01795676672
21.87014413,0.01662905917
21.89017173,0.01534686788
21.91019934,0.01410221712
21.93022694,0.01290028402
21.95025455,0.01173620537
21.97028215,0.0105924931
21.99030976,0.009474914675
22.01033736,0.008381800977
22.03036497,0.007304893677
22.05039257,0.006244516788
22.07042018,0.005190981021
22.09044778,0.00414433946
22.11047538,0.003094010801
22.13050299,0.002034071103
22.15053059,0.0009543043798
22.1705582,-0.0001576895269
22.1905858,-0.001293678097
22.21061341,-0.002455021022
22.23064101,-0.003657150331
22.25066862,-0.004906816148
22.27069622,-0.006220403641
22.29072383,-0.007594527918
22.31075143,-0.009026991164
22.33077903,-0.01051534161
22.35080664,-0.0120545913
22.37083424,-0.01366933921
22.39086185,-0.01535817244
22.41088945,-0.01710834174
22.43091706,-0.0189134098
22.45094466,-0.02078022597
22.47097227,-0.02269362834
22.49099987,-0.02465246894
22.51102747,-0.02665930971
22.53105508,-0.02871997356
22.55108268,-0.03081811379
22.57111029,-0.03295751491
22.59113789,-0.03513050383
22.6111655,-0.03734868627
22.6311931,-0.03960734597
22.65122071,-0.04189602068
22.67124831,-0.04421960135
22.69127592,-0.04658609463
22.71130352,-0.04896807346
22.73133112,-0.05135699719
22.75135873,-0.05374948828
22.77138633,-0.05613957533
22.79141394,-0.0585022903
22.81144154,-0.06083342653
22.83146915,-0.06312102182
22.85149675,-0.06535526227
22.87152436,-0.06752267302
22.89155196,-0.06962177193
22.91157956,-0.0716530844
22.93160717,-0.07361180794
22.95163477,-0.07548438731
22.97166238,-0.07727046519
22.99168998,-0.07895418053
23.01171759,-0.08055083615
23.03174519,-0.08204881957
23.0517728,-0.0834400765
23.0718004,-0.08471580932
23.09182801,-0.08586557565
23.11185561,-0.08690703115
23.13188321,-0.08781271713
23.15191082,-0.08858628895
23.17193842,-0.08921922727
23.19196603,-0.08971837882
23.21199363,-0.09007693596
23.23202124,-0.09028084016
23.25204884,-0.09033871062
23.27207645,-0.09023094845
23.29210405,-0.08998314073
23.31213166,-0.0896018064
23.33215926,-0.08906786665
23.35218686,-0.08838836103
23.37221447,-0.08756000449
23.39224207,-0.08659900794
23.41226968,-0.08550983595
23.43229728,-0.08430186393
23.45232489,-0.08296619883
23.47235249,-0.08152454148
23.4923801,-0.07996099042
23.5124077,-0.07827055418
23.5324353,-0.07647597847
23.55246291,-0.07456792018
23.57249051,-0.07256698478
23.59251812,-0.07048168545
23.61254572,-0.06831155217
23.63257333,-0.06606017876
23.65260093,-0.06371235383
23.67262854,-0.06127823016
23.69265614,-0.05878351539
23.71268375,-0.05623700758
23.73271135,-0.05364684028
23.75273895,-0.05101053932
23.77276656,-0.04830676526
23.79279416,-0.04554816966
23.81282177,-0.04274705358
23.83284937,-0.03993092323
23.85287698,-0.03711675722
23.87290458,-0.03429510984
23.89293219,-0.03147859483
23.91295979,-0.02866155947
23.9329874,-0.02585335085
23.953015,-0.02307135836
23.9730426,-0.02031289305
23.99307021,-0.01761325434
24.01309781,-0.014972838
24.03312542,-0.01238521248
24.05315302,-0.009854631999
24.07318063,-0.007387711614
24.09320823,-0.005003219617
24.11323584,-0.002702022302
24.13326344,-0.0004924219832
24.15329104,0.001632371585
24.17331865,0.00364271116
24.19334625,0.005543981524
24.21337386,0.007308517033
24.23340146,0.008955731097
24.25342907,0.01046240496
24.27345667,0.01183905206
24.29348428,0.01309353527
24.31351188,0.01422037231
24.33353949,0.01519156535
24.35356709,0.01601100802
24.37359469,0.01667822326
24.3936223,0.0171925333
24.4136499,0.01755118127
24.43367751,0.01774419533
24.45370511,0.01777065212
24.47373272,0.01763500649
24.49376032,0.01732630186
24.51378793,0.01686754018
24.53381553,0.01627164854
24.55384314,0.01553006506
24.57387074,0.01466970227
24.59389834,0.01368424446
24.61392595,0.01258527884
24.63395355,0.01136923537
24.65398116,0.01002658829
24.67400876,0.008603208653
24.69403637,0.00713372934
24.71406397,0.005613350962
24.73409158,0.004033971115
24.75411918,0.002392278499
24.77414678,0.0006888315641
24.79417439,-0.001044589382
24.81420199,-0.002792382068
24.8342296,-0.004539961462
24.8542572,-0.006290444755
24.87428481,-0.00805177517
24.89431241,-0.009785687792
24.91434002,-0.01147765307
24.93436762,-0.01310125644
24.95439523,-0.01465339467
24.97442283,-0.01611615622
24.99445043,-0.01748992934
25.01447804,-0.01875798041
25.03450564,-0.01993270815
25.05453325,-0.0209670243
25.07456085,-0.02186273288
25.09458846,-0.02260357523
25.11461606,-0.02319673399
25.13464367,-0.02365419704
25.15467127,-0.02397129247
25.17469888,-0.02414168566
25.19472648,-0.02416562507
25.21475408,-0.02403885047
25.23478169,-0.02377126057
25.25480929,-0.02336238504
25.2748369,-0.02279502022
25.2948645,-0.02208714311
25.31489211,-0.02122011665
25.33491971,-0.02021481361
25.35494732,-0.01908256266
25.37497492,-0.01781260885
25.39500252,-0.01642049109
25.41503013,-0.01490752269
25.43505773,-0.01327665151
25.45508534,-0.0115338324
25.47511294,-0.009676037878
25.49514055,-0.00774137266
25.51516815,-0.005719956443
25.53519576,-0.003625673826
25.55522336,-0.001459506049
25.57525097,0.0007568839108
25.59527857,0.003023270589
25.61530617,0.005319766156
25.63533378,0.00763003009
25.65536138,0.00993125484
25.67538899,0.01220725013
25.69541659,0.0144600925
25.7154442,0.01668266467
25.7354718,0.01887894402
25.75549941,0.02102905345
25.77552701,0.02310988368
25.79555462,0.02511749228
25.81558222,0.0270300929
25.83560982,0.02886649313
25.85563743,0.03063914344
25.87566503,0.03233166946
25.89569264,0.03393137628
25.91572024,0.03540846517
25.93574785,0.03678585121
25.95577545,0.03805349705
25.97580306,0.03920314695
25.99583066,0.04020622603
26.01585826,0.04106219394
26.03588587,0.04176967627
26.05591347,0.04234457829
26.07594108,0.04276566696
26.09596868,0.04302391937
26.11599629,0.04310149477
26.13602389,0.04300452633
26.1560515,0.04273798513
26.1760791,0.04232312464
26.19610671,0.04175235536
26.21613431,0.04104232881
26.23616191,0.04018361061
26.25618952,0.0391771579
26.27621712,0.03804250814
26.29624473,0.03678907837
26.31627233,0.03539919294
26.33629994,0.03389188888
26.35632754,0.03227845891
26.37635515,0.03055857472
26.39638275,0.02873686942
26.41641036,0.02680372837
26.43643796,0.02477939393
26.45646556,0.02266823534
26.47649317,0.02047540798
26.49652077,0.01820783896
26.51654838,0.01588406206
26.53657598,0.0135149706
26.55660359,0.01112162048
26.57663119,0.008703499615
26.5966588,0.006274613315
26.6166864,0.003851515499
26.636714,0.001454243996
26.65674161,-0.00090649227
26.67676921,-0.003221467646
26.69679682,-0.005495270736
26.71682442,-0.00770477099
26.73685203,-0.009830620215
26.75687963,-0.01185573017
26.77690724,-0.01378462237
26.79693484,-0.01562734559
26.81696245,-0.01736255219
26.83699005,-0.0189720576
26.85701765,-0.02045229362
26.87704526,-0.02180186919
26.89707286,-0.02303024076
26.91710047,-0.0241190744
26.93712807,-0.02507772099
26.95715568,-0.02590272641
26.97718328,-0.02661128385
26.99721089,-0.02719045159
27.01723849,-0.02764185197
27.0372661,-0.02794811681
27.0572937,-0.02813725267
27.0773213,-0.02820006533
27.09734891,-0.02812680594
27.11737651,-0.02793260615
27.13740412,-0.02761239251
27.15743172,-0.02716815935
27.17745933,-0.02662984652
27.19748693,-0.02598841743
27.21751454,-0.02525815423
27.23754214,-0.02443378998
27.25756974,-0.02353990288
27.27759735,-0.02260668429
27.29762495,-0.02163814116
27.31765256,-0.02063109566
27.33768016,-0.0195801574
27.35770777,-0.01849870123
27.37773537,-0.01741340025
27.39776298,-0.01631666698
27.41779058,-0.01522543722
27.43781819,-0.01413078145
27.45784579,-0.01304308968
27.47787339,-0.011977476
27.497901,-0.01092342982
27.5179286,-0.009902718169
27.53795621,-0.008908444256
27.55798381,-0.00796094266
27.57801142,-0.007066910292
27.59803902,-0.00622322432
27.61806663,-0.005426674052
27.63809423,-0.00468891493
27.65812184,-0.004015190415
27.67814944,-0.00341617556
27.69817704,-0.00288745374
27.71820465,-0.00243891587
27.73823225,-0.002059780314
27.75825986,-0.001761971413
27.77828746,-0.001536923802
27.79831507,-0.001376029551
27.81834267,-0.001301276369
27.83837028,-0.001288774458
27.85839788,-0.001359378382
27.87842548,-0.001510875944
27.89845309,-0.001742633151
27.91848069,-0.002047368666
27.9385083,-0.002433020376
27.9585359,-0.002899450096
27.97856351,-0.003443186999
27.99859111,-0.004045442109
28.01861872,-0.004707357128
28.03864632,-0.005427383277
28.05867393,-0.006216215067
28.07870153,-0.007059998868
28.09872913,-0.007957546045
28.11875674,-0.008899474551
28.13878434,-0.009897304279
28.15881195,-0.01097185449
28.17883955,-0.01210464154
28.19886716,-0.01328810206
28.21889476,-0.01450388172
28.23892237,-0.01575362917
28.25894997,-0.01703991532
28.27897757,-0.01835551966
28.29900518,-0.01970729624
28.31903278,-0.02107125044
28.33906039,-0.0224525898
28.35908799,-0.02385152989
28.3791156,-0.02525866939
28.3991432,-0.02666445102
28.41917081,-0.0280487281
28.43919841,-0.02941338301
28.45922602,-0.03075082994
28.47925362,-0.03206215382
28.49928122,-0.03335222864
28.51930883,-0.03462155041
28.53933643,-0.03587565873
28.55936404,-0.03711005393
28.57939164,-0.0382973181
28.59941925,-0.03942376127
28.61944685,-0.04049042706
28.63947446,-0.04150823899
28.65950206,-0.04246251708
28.67952967,-0.04335625029
28.69955727,-0.04416971183
28.71958487,-0.04491701285
28.73961248,-0.04558974616
28.75964008,-0.04619308938
28.77966769,-0.04671175206
28.79969529,-0.04714179537
28.8197229,-0.04748324361
28.8397505,-0.04774343488
28.85977811,-0.04790371396
28.87980571,-0.04796646454
28.89983331,-0.04794754576
28.91986092,-0.04785958234
28.93988852,-0.04770922695
28.95991613,-0.04746377297
28.97994373,-0.04711086985
28.99997134,-0.04665318587
29.01999894,-0.04611243183
29.04002655,-0.04549971502
29.06005415,-0.0448127084
29.08008176,-0.04407286201
29.10010936,-0.04327190823
29.12013696,-0.04241851072
29.14016457,-0.04150006892
29.16019217,-0.04052437718
29.18021978,-0.03949207634
29.20024738,-0.03842458643
29.22027499,-0.03732741812
29.24030259,-0.03619315388
29.2603302,-0.0350216804
29.2803578,-0.03380049167
29.30038541,-0.03255201251
29.32041301,-0.03128260972
29.34044061,-0.03000863282
29.36046822,-0.02871875289
29.38049582,-0.02742184546
29.40052343,-0.02612993353
29.42055103,-0.02485279551
29.44057864,-0.02359277331
29.46060624,-0.02235647994
29.48063385,-0.02115214289
29.50066145,-0.02000437673
29.52068905,-0.01891311997
29.54071666,-0.01788992129
29.56074426,-0.01692908187
29.58077187,-0.01601151398
29.60079947,-0.01514804792
29.62082708,-0.01434932201
29.64085468,-0.01361900653
29.66088229,-0.01295396578
29.68090989,-0.01237450666
29.7009375,-0.01188138375
29.7209651,-0.01147867743
29.7409927,-0.01115805499
29.76102031,-0.01091373468
29.78104791,-0.01076661681
29.80107552,-0.01072424621
29.82110312,-0.01080084411
29.84113073,-0.01097887168
29.86115833,-0.01126180998
29.88118594,-0.01163047132
29.90121354,-0.01210172252
29.92124115,-0.01267219088
29.94126875,-0.01334730178
29.96129635,-0.01412905542
29.98132396,-0.0150134501
30.00135156,-0.01599598605
30.02137917,-0.01704574178
30.04140677,-0.01815806361
30.06143438,-0.01934049017
30.08146198,-0.02060399428
30.10148959,-0.02194228564
30.12151719,-0.02335521108
30.14154479,-0.02480244997
30.1615724,-0.02628983459
30.1816,-0.02780262266
30.20162761,-0.02933349844
30.22165521,-0.03087353799
30.24168282,-0.03241065232
30.26171042,-0.03395042382
30.28173803,-0.03546927672
30.30176563,-0.03696416369
30.32179324,-0.03842461617
30.34182084,-0.03985393667
30.36184844,-0.0412372388
30.38187605,-0.04259253478
30.40190365,-0.04388427366
30.42193126,-0.04511601534
30.44195886,-0.04625659198
30.46198647,-0.0473146528
30.48201407,-0.04828347762
30.50204168,-0.04915469438
30.52206928,-0.04990910273
30.54209689,-0.050544832
30.56212449,-0.05105617095
30.58215209,-0.05145454491
30.6021797,-0.05171729892
30.6222073,-0.05186299389
30.64223491,-0.05186654146
30.66226251,-0.05175242074
30.68229012,-0.05151377996
30.70231772,-0.05117401387
30.72234533,-0.05072051966
30.74237293,-0.05017551423
30.76240053,-0.04952548718
30.78242814,-0.04876200203
30.80245574,-0.04787810665
30.82248335,-0.04689168193
30.84251095,-0.04580101376
30.86253856,-0.0446119402
30.88256616,-0.04332154311
30.90259377,-0.04194421677
30.92262137,-0.04048328789
30.94264898,-0.03895030727
30.96267658,-0.0373538271
30.98270418,-0.03571717634
31.00273179,-0.03401709502
31.02275939,-0.0322681584
31.042787,-0.03046495522
31.0628146,-0.02865250023
31.08284221,-0.02681648693
31.10286981,-0.02498111848
31.12289742,-0.02316487158
31.14292502,-0.02137284279
31.16295263,-0.01959516226
31.18298023,-0.0178469421
31.20300783,-0.01612874453
31.22303544,-0.01447800007
31.24306304,-0.01287993575
31.26309065,-0.01135666107
31.28311825,-0.009897117104
31.30314586,-0.008505336292
31.32317346,-0.007189844178
31.34320107,-0.005971300342
31.36322867,-0.004851205237
31.38325627,-0.003844135594
31.40328388,-0.002931657863
31.42331148,-0.002117532237
31.44333909,-0.001390571751
31.46336669,-0.0007691376364
31.4833943,-0.0002566347799
31.5034219,0.0001238732991
31.52344951,0.0003658991079
31.54347711,0.0004654534516
31.56350472,0.0004304302745
31.58353232,0.000271543505
31.60355992,-1.203972167e-005
31.62358753,-0.0004401833488
31.64361513,-0.0009935589052
31.66364274,-0.001672241201
31.68367034,-0.002465638788
31.70369795,-0.003374427246
31.72372555,-0.004376173571
31.74375316,-0.005492977653
31.76378076,-0.00668927094
31.78380837,-0.007964994274
31.80383597,-0.00929133976
31.82386357,-0.01067372193
31.84389118,-0.01211439209
31.86391878,-0.01361202228
31.88394639,-0.01516792117
31.90397399,-0.01679287247
31.9240016,-0.01847221922
31.9440292,-0.02018588088
31.96405681,-0.0219230029
31.98408441,-0.02367691228
32.00411201,-0.02542038221
32.02413962,-0.02714480001
32.04416722,-0.02883245691
32.06419483,-0.03049048157
32.08422243,-0.03209782748
32.10425004,-0.03366305205
32.12427764,-0.03516696049
32.14430525,-0.03661345949
32.16433285,-0.03797173322
32.18436046,-0.03925232568
32.20438806,-0.04043454046
32.22441566,-0.04151498349
32.24444327,-0.04250010022
32.26447087,-0.04339258385
32.28449848,-0.04418918911
32.30452608,-0.04489476998
32.32455369,-0.04547580061
32.34458129,-0.04595567084
32.3646089,-0.0463067025
32.3846365,-0.0465571513
32.40466411,-0.04668799127
32.42469171,-0.04671886494
32.44471931,-0.04663729293
32.46474692,-0.04645863243
32.48477452,-0.04616730976
32.50480213,-0.04577745265
32.52482973,-0.04527864351
32.54485734,-0.04469103695
32.56488494,-0.04399035447
32.58491255,-0.04318758885
32.60494015,-0.04230749346
32.62496775,-0.04134602351
32.64499536,-0.04029852809
32.66502296,-0.039182155
32.68505057,-0.03798554988
32.70507817,-0.03673436743
32.72510578,-0.03543356125
32.74513338,-0.034102767
32.76516099,-0.03272816482
32.78518859,-0.03132052982
32.8052162,-0.02988329721
32.8252438,-0.02843538604
32.8452714,-0.02697225274
32.86529901,-0.02550402211
32.88532661,-0.02402537077
32.90535422,-0.02255828227
32.92538182,-0.02109551819
32.94540943,-0.01962480213
32.96543703,-0.01816020294
32.98546464,-0.016709136
33.00549224,-0.01527187967
33.02551984,-0.01385691783
33.04554745,-0.01246570092
33.06557505,-0.01111299153
33.08560266,-0.009814510603
33.10563026,-0.008567594846
33.12565787,-0.007396987027
33.14568547,-0.006264387681
33.16571308,-0.005198753681
33.18574068,-0.004195185569
33.20576829,-0.003252673101
33.22579589,-0.002362088877
33.24582349,-0.001542763303
33.2658511,-0.0007827052017
33.2858787,-9.237235428e-005
33.30590631,0.0005328505509
33.32593391,0.001094099939
33.34596152,0.00159456465
33.36598912,0.002030143847
33.38601673,0.002390670737
33.40604433,0.002668574426
33.42607194,0.002867212052
33.44609954,0.002991585834
33.46612714,0.00305062872
33.48615475,0.003012601755
33.50618235,0.002895652433
33.52620996,0.002694224282
33.54623756,0.002447033093
33.56626517,0.002139730129
33.58629277,0.001763125481
33.60632038,0.001290785168
33.62634798,0.0007421202881
33.64637558,0.0001131692579
33.66640319,-0.0005759468393
33.68643079,-0.001320802472
33.7064584,-0.00211444049
33.726486,-0.00297302871
33.74651361,-0.003880622243
33.76654121,-0.004830515732
33.78656882,-0.005815234262
33.80659642,-0.006827404795
33.82662403,-0.007854559646
33.84665163,-0.008897968181
33.86667923,-0.009982179672
33.88670684,-0.01108953123
33.90673444,-0.01220735845
33.92676205,-0.01333469605
33.94678965,-0.01446560362
33.96681726,-0.0155964496
33.98684486,-0.01672884588
34.00687247,-0.01784303689
34.02690007,-0.01895428964
34.04692768,-0.02005669038
34.06695528,-0.02114534663
34.08698288,-0.02218882908
34.10701049,-0.02317336516
34.12703809,-0.02410239617
34.1470657,-0.0249798147
34.1670933,-0.02578442705
34.18712091,-0.02653223787
34.20714851,-0.02721784958
34.22717612,-0.02784172414
34.24720372,-0.02838353378
34.26723132,-0.02887752793
34.28725893,-0.02931860689
34.30728653,-0.02969214786
34.32731414,-0.02997871921
34.34734174,-0.03017795467
34.36736935,-0.03029293177
34.38739695,-0.03033863132
34.40742456,-0.03030872804
34.42745216,-0.03019684491
34.44747977,-0.03001219119
34.46750737,-0.02975190874
34.48753497,-0.02939704913
34.50756258,-0.02896761023
34.52759018,-0.02847131563
34.54761779,-0.02789799096
34.56764539,-0.02726060851
34.587673,-0.0265616634
34.6077006,-0.02581318958
34.62772821,-0.02498471051
34.64775581,-0.02407989591
34.66778342,-0.02311439623
34.68781102,-0.02210365757
34.70783862,-0.02105468189
34.72786623,-0.01996955842
34.74789383,-0.01885381945
34.76792144,-0.01770658279
34.78794904,-0.01654707023
34.80797665,-0.01537850408
34.82800425,-0.01423653405
34.84803186,-0.01312739889
34.86805946,-0.01202505861
34.88808706,-0.01090622743
34.90811467,-0.009782201572
34.92814227,-0.008670891898
34.94816988,-0.007614576251
34.96819748,-0.006597581836
34.98822509,-0.005642102739
35.00825269,-0.004703285572
35.0282803,-0.003792541575
35.0483079,-0.00290056675
35.06833551,-0.002076499408
35.08836311,-0.001315253427
35.10839071,-0.0006339854223
35.12841832,-3.093660826e-005
35.14844592,0.0004949832898
35.16847353,0.000939782083
35.18850113,0.001294234335
35.20852874,0.001545713266
35.22855634,0.001697323414
35.24858395,0.00175873691
35.26861155,0.001752043493
35.28863916,0.001668847858
35.30866676,0.001529346602
35.32869436,0.00131008103
35.34872197,0.0009971971264
35.36874957,0.0005847009395
35.38877718,9.099302451e-005
35.40880478,-0.0004653741898
35.42883239,-0.001074165964
35.44885999,-0.001742575791
35.4688876,-0.002472208934
35.4889152,-0.003283811589
35.5089428,-0.004184143994
35.52897041,-0.005146287715
35.54899801,-0.00614442098
35.56902562,-0.007184712426
35.58905322,-0.008260625251
35.60908083,-0.009388671609
35.62910843,-0.01055025103
35.64913604,-0.01174447737
35.66916364,-0.01295974738
35.68919125,-0.01418975103
35.70921885,-0.01543131056
35.72924645,-0.01666601933
35.74927406,-0.01788109792
35.76930166,-0.01906510603
35.78932927,-0.02021378309
35.80935687,-0.02130282457
35.82938448,-0.02232545261
35.84941208,-0.02328662015
35.86943969,-0.02418261372
35.88946729,-0.02503791828
35.9094949,-0.02584060465
35.9295225,-0.02659745472
35.9495501,-0.02728066895
35.96957771,-0.02789680799
35.98960531,-0.02844331439
36.00963292,-0.02891859767
36.02966052,-0.02930602712
36.04968813,-0.02958494923
36.06971573,-0.02976474381
36.08974334,-0.02984411766
36.10977094,-0.02983042469
36.12979854,-0.02968605783
36.14982615,-0.0294255922
36.16985375,-0.02904407762
36.18988136,-0.02856291313
36.20990896,-0.02795558481
36.22993657,-0.02723639434
36.24996417,-0.02642165133
36.26999178,-0.02553659646
36.29001938,-0.02458838914
36.31004699,-0.02358076843
36.33007459,-0.02249715346
36.35010219,-0.02134845732
36.3701298,-0.02014521712
36.3901574,-0.01888724767
36.41018501,-0.01757669491
36.43021261,-0.01620586685
36.45024022,-0.01481031344
36.47026782,-0.01338115164
36.49029543,-0.01192254394
36.51032303,-0.01042050219
36.53035064,-0.008919752615
36.55037824,-0.007407408448
36.57040584,-0.005893758287
36.59043345,-0.004386723565
36.61046105,-0.002907829223
36.63048866,-0.001475828978
36.65051626,-0.0001081587696
36.67054387,0.001206838461
36.69057147,0.002476045727
36.71059908,0.003690584667
36.73062668,0.004834428321
36.75065428,0.005901487632
36.77068189,0.006889190835
36.79070949,0.007790516891
36.8107371,0.00860689145
36.8307647,0.009340536167
36.85079231,0.00998702121
36.87081991,0.0105561621
36.89084752,0.01103932169
36.91087512,0.01145739888
36.93090273,0.01179804846
36.95093033,0.01207158174
36.97095793,0.01225151572
36.99098554,0.01232378067
37.01101314,0.01229974812
37.03104075,0.01220103929
37.05106835,0.01202305945
37.07109596,0.01175203219
37.09112356,0.01139992356
37.11115117,0.01097161746
37.13117877,0.01047206487
37.15120638,0.009901762585
37.17123398,0.009280732229
37.19126158,0.008614661451
37.21128919,0.007904330742
37.23131679,0.007175655948
37.2513444,0.006426104575
37.271372,0.005675881071
37.29139961,0.00493724386
37.31142721,0.004190358144
37.33145482,0.003401153901
37.35148242,0.002577804194
37.37151002,0.001749722031
37.39153763,0.0009217555094
37.41156523,9.520699836e-005
37.43159284,-0.0007172704596
37.45162044,-0.001501297651
37.47164805,-0.002258629921
37.49167565,-0.002984552893
37.51170326,-0.00367188726
37.53173086,-0.004324384411
37.55175847,-0.004924850601
37.57178607,-0.005475891061
37.59181367,-0.005968103049
37.61184128,-0.006388593127
37.63186888,-0.006730603344
37.65189649,-0.0070125155
37.67192409,-0.00724887883
37.6919517,-0.007441492029
37.7119793,-0.007560991396
37.73200691,-0.007598012305
37.75203451,-0.007566580636
37.77206211,-0.007464326952
37.79208972,-0.007302560304
37.81211732,-0.007053718275
37.83214493,-0.006741078541
37.85217253,-0.006367361045
37.87220014,-0.005942049593
37.89222774,-0.005457062387
37.91225535,-0.004897249159
37.93228295,-0.004278349359
37.95231056,-0.003563133672
37.97233816,-0.002768916002
37.99236576,-0.001899560888
38.01239337,-0.0009832435132
38.03242097,-7.199645232e-006
38.05244858,0.001051797426
38.07247618,0.002177263278
38.09250379,0.003347620038
38.11253139,0.004547043841
38.132559,0.005781810952
38.1525866,0.007050016452
38.17261421,0.008354436128
38.19264181,0.009693422854
38.21266941,0.01105073137
38.23269702,0.01244375699
38.25272462,0.01383164817
38.27275223,0.01523788777
38.29277983,0.01667066311
38.31280744,0.01812914566
38.33283504,0.0195804422
38.35286265,0.02101681945
38.37289025,0.02246659249
38.39291785,0.02392093721
38.41294546,0.02535942005
38.43297306,0.02677115646
38.45300067,0.0281581169
38.47302827,0.02951435322
38.49305588,0.03083092621
38.51308348,0.03210032204
38.53311109,0.03332213486
38.55313869,0.03451482022
38.5731663,0.03565122062
38.5931939,0.03672716135
38.6132215,0.03774700561
38.63324911,0.03871020983
38.65327671,0.03961664994
38.67330432,0.04044697144
38.69333192,0.04120567228
38.71335953,0.0419124214
38.73338713,0.04256917452
38.75341474,0.04316533901
38.77344234,0.04366514705
38.79346995,0.04408997886
38.81349755,0.04445485502
38.83352515,0.04477391341
38.85355276,0.04503700257
38.87358036,0.04523211805
38.89360797,0.04536173363
38.91363557,0.04538122366
38.93366318,0.04531751862
38.95369078,0.04517686848
38.97371839,0.04498860217
38.99374599,0.044748228
39.01377359,0.04444291088
39.0338012,0.04408497279
39.0538288,0.04368880972
39.07385641,0.04325093161
39.09388401,0.04278299368
39.11391162,0.04228192798
39.13393922,0.04173147659
39.15396683,0.04113899235
39.17399443,0.04051303282
39.19402204,0.03985780322
39.21404964,0.03918084054
39.23407724,0.03845878527
39.25410485,0.03768243831
39.27413245,0.03687340777
39.29416006,0.03607541189
39.31418766,0.03526193685
39.33421527,0.03444674691
39.35424287,0.03361421324
39.37427048,0.03279934265
39.39429808,0.03200938598
39.41432569,0.0312372802
39.43435329,0.03048036368
39.45438089,0.02974830181
39.4744085,0.02905575617
39.4944361,0.02838367379
39.51446371,0.02773896666
39.53449131,0.02711283077
39.55451892,0.02653090252
39.57454652,0.02597034449
39.59457413,0.02544958487
39.61460173,0.02498413797
39.63462933,0.02455841455
39.65465694,0.02415977429
39.67468454,0.02380910857
39.69471215,0.02350164267
39.71473975,0.023255608
39.73476736,0.02307255456
39.75479496,0.02296938053
39.77482257,0.02291964009
39.79485017,0.02294226745
39.81487778,0.0230485727
39.83490538,0.02325093817
39.85493298,0.02352051014
39.87496059,0.02385115587
39.89498819,0.02422928253
39.9150158,0.02465758469
39.9350434,0.02516324429
39.95507101,0.0257128839
39.97509861,0.02630918585
39.99512622,0.02694254142
40.01515382,0.02762473924
40.03518143,0.02837764337
40.05520903,0.0291835198
40.07523663,0.03004271943
40.09526424,0.03095185479
40.11529184,0.03191527458
40.13531945,0.03293107285
40.15534705,0.03397595076
40.17537466,0.03507867121
40.19540226,0.03619845802
40.21542987,0.03732233347
40.23545747,0.03844060254
40.25548507,0.03957950181
40.27551268,0.04072612607
40.29554028,0.04186473488
40.31556789,0.04295728697
40.33559549,0.04402446325
40.3556231,0.04507135204
40.3756507,0.0461081295
40.39567831,0.04712965908
40.41570591,0.04811252439
40.43573352,0.04905484247
40.45576112,0.04995884604
40.47578872,0.05082556923
40.49581633,0.05166026916
40.51584393,0.05245002745
40.53587154,0.05317343966
40.55589914,0.05383108882
40.57592675,0.05439332908
40.59595435,0.05489977785
40.61598196,0.05533815328
40.63600956,0.05569194559
40.65603717,0.05595484619
40.67606477,0.05612505169
40.69609237,0.05621189307
40.71611998,0.0562280898
40.73614758,0.05616997807
40.75617519,0.05602130895
40.77620279,0.05580953936
40.7962304,0.05554760442
40.816258,0.05524867583
40.83628561,0.05490177031
40.85631321,0.05450651609
40.87634081,0.05404432655
40.89636842,0.05351009
40.91639602,0.05291467915
40.93642363,0.05226498172
40.95645123,0.05156612924
40.97647884,0.05080680745
40.99650644,0.05000022284
41.01653405,0.04917418706
41.03656165,0.0483555064
41.05658926,0.04756117656
41.07661686,0.04678512615
41.09664446,0.04602697563
41.11667207,0.04528562749
41.13669967,0.04459312369
41.15672728,0.04394133046
41.17675488,0.04333647677
41.19678249,0.04275486367
41.21681009,0.04218388985
41.2368377,0.04163901148
41.2568653,0.04114740983
41.27689291,0.04071885462
41.29692051,0.04033868651
41.31694811,0.04002848112
41.33697572,0.0398028213
41.35700332,0.03964631389
41.37703093,0.0395671575
41.39705853,0.03957168995
41.41708614,0.03966147753
41.43711374,0.03985695782
41.45714135,0.04015320327
41.47716895,0.04053656538
41.49719655,0.04100827607
41.51722416,0.04154186296
41.53725176,0.04214285274
41.55727937,0.04282523633
41.57730697,0.04358147245
41.59733458,0.04440202791
41.61736218,0.04528555017
41.63738979,0.0461983803
41.65741739,0.04714903142
41.677445,0.04816016171
41.6974726,0.04922387436
41.7175002,0.05033373041
41.73752781,0.05149882095
41.75755541,0.05271737888
41.77758302,0.05397488228
41.79761062,0.05524950193
41.81763823,0.05650040528
41.83766583,0.05772200619
41.85769344,0.05892167886
41.87772104,0.06007500366
41.89774865,0.0612130568
41.91777625,0.06229441993
41.93780385,0.06329594409
41.95783146,0.06423505772
41.97785906,0.06512557039
41.99788667,0.0659751838
42.01791427,0.06675825076
42.03794188,0.06745373488
42.05796948,0.06804973322
42.07799709,0.06856708006
42.09802469,0.069010816
42.11805229,0.06933536056
42.1380799,0.06953914119
42.1581075,0.06962160435
42.17813511,0.0695823173
42.19816271,0.06943617278
42.21819032,0.06918059905
42.23821792,0.06878526815
42.25824553,0.06827127432
42.27827313,0.06762226553
42.29830074,0.06683408054
42.31832834,0.06592436065
42.33835594,0.06491418457
42.35838355,0.0637618987
42.37841115,0.06248884709
42.39843876,0.06107831926
42.41846636,0.05956177322
42.43849397,0.05796405553
42.45852157,0.05627179728
42.47854918,0.05446951089
42.49857678,0.05255006451
42.51860439,0.05051484908
42.53863199,0.0483892142
42.55865959,0.04615810004
42.5786872,0.04382469306
42.5987148,0.04139686622
42.61874241,0.03890052435
42.63877001,0.03637395756
42.65879762,0.0338171813
42.67882522,0.03121443859
42.69885283,0.02857517996
42.71888043,0.0258948487
42.73890803,0.02318573486
42.75893564,0.02047048435
42.77896324,0.01773027987
42.79899085,0.01497163297
42.81901845,0.01220773834
42.83904606,0.009462642982
42.85907366,0.006718597976
42.87910127,0.003982226739
42.89912887,0.001297760217
42.91915648,-0.001293697707
42.93918408,-0.003835096368
42.95921168,-0.006366530453
42.97923929,-0.008840845312
42.99926689,-0.01124517418
43.0192945,-0.01360782926
43.0393221,-0.01589126601
43.05934971,-0.01809218801
43.07937731,-0.0202096366
43.09940492,-0.02222534872
43.11943252,-0.02414285389
43.13946012,-0.02598967573
43.15948773,-0.02777073638
43.17951533,-0.02945323082
43.19954294,-0.03102221787
43.21957054,-0.03252169273
43.23959815,-0.03394647562
43.25962575,-0.03527471082
43.27965336,-0.0364697842
43.29968096,-0.03753318192
43.31970857,-0.03845832133
43.33973617,-0.0392930912
43.35976377,-0.04003066369
43.37979138,-0.04064529208
43.39981898,-0.04117299403
43.41984659,-0.04164295705
43.43987419,-0.04207129378
43.4599018,-0.04241134843
43.4799294,-0.04264629409
43.49995701,-0.04277877013
43.51998461,-0.04281785767
43.54001222,-0.04276556656
43.56003982,-0.04263125794
43.58006742,-0.04237877074
43.60009503,-0.04203216351
43.62012263,-0.04163520252
43.64015024,-0.04116952334
43.66017784,-0.04065983021
43.68020545,-0.04011304334
43.70023305,-0.0395137527
43.72026066,-0.03886604673
43.74028826,-0.03818733092
43.76031586,-0.03745954958
43.78034347,-0.03669690667
43.80037107,-0.03592048966
43.82039868,-0.03512878918
43.84042628,-0.03428860361
43.86045389,-0.03338719131
43.88048149,-0.0324736888
43.9005091,-0.03155785085
43.9205367,-0.03063379847
43.94056431,-0.02973422085
43.96059191,-0.02884686625
43.98061951,-0.02796337204
44.00064712,-0.0271244841
44.02067472,-0.02634335602
44.04070233,-0.02558787278
44.06072993,-0.02486007105
44.08075754,-0.02416033132
44.10078514,-0.0234681176
44.12081275,-0.02276022311
44.14084035,-0.02205528897
44.16086796,-0.02135309407
44.18089556,-0.02066973787
44.20092316,-0.0200477154
44.22095077,-0.01947851777
44.24097837,-0.01898716945
44.26100598,-0.01857685765
44.28103358,-0.01820455582
44.30106119,-0.01790954924
44.32108879,-0.01767270015
44.3411164,-0.0174675799
44.361144,-0.01725383675
44.3811716,-0.01705426724
44.40119921,-0.0168678824
44.42122681,-0.01672345629
44.44125442,-0.01664598827
44.46128202,-0.01663789716
44.48130963,-0.01667872309
44.50133723,-0.01678145668
44.52136484,-0.01692098607
44.54139244,-0.01708123171
44.56142005,-0.01729473522
44.58144765,-0.01756702342
44.60147525,-0.01786058306
44.62150286,-0.01815434299
44.64153046,-0.01847746613
44.66155807,-0.01882004818
44.68158567,-0.01917163669
44.70161328,-0.01950833357
44.72164088,-0.01984033973
44.74166849,-0.02019494362
44.76169609,-0.0205405635
44.7817237,-0.02089924977
44.8017513,-0.02129061028
44.8217789,-0.02173329128
44.84180651,-0.02216730114
44.86183411,-0.02256420888
44.88186172,-0.02294544547
44.90188932,-0.02329509783
44.92191693,-0.02357961562
44.94194453,-0.02376737811
44.96197214,-0.02390020746
44.98199974,-0.02405766621
45.00202734,-0.02420887287
45.02205495,-0.02428557245
45.04208255,-0.0243269472
45.06211016,-0.02438458106
45.08213776,-0.02440004434
45.10216537,-0.02433266469
45.12219297,-0.02419158546
45.14222058,-0.02397685106
45.16224818,-0.02369270959
45.18227579,-0.02332037415
45.20230339,-0.02289106187
45.22233099,-0.02245347894
45.2423586,-0.02196849485
45.2623862,-0.02141647568
45.28241381,-0.02078861853
45.30244141,-0.02011366029
45.32246902,-0.01936835409
45.34249662,-0.01855882784
45.36252423,-0.01770281059
45.38255183,-0.01678681015
45.40257944,-0.0158185869
45.42260704,-0.01479534319
45.44263464,-0.01372851324
45.46266225,-0.01262794836
45.48268985,-0.01147808808
45.50271746,-0.01032465234
45.52274506,-0.009152156843
45.54277267,-0.007957764808
45.56280027,-0.006758344573
45.58282788,-0.005591006532
45.60285548,-0.004439968645
45.62288308,-0.003279303831
45.64291069,-0.002110462713
45.66293829,-0.0009523576072
45.6829659,0.0001619305786
45.7029935,0.001236573371
45.72302111,0.002273524332
45.74304871,0.003227383697
45.76307632,0.004088194905
45.78310392,0.00487615267
45.80313153,0.005667637077
45.82315913,0.006393855991
45.84318673,0.007036409418
45.86321434,0.007625981256
45.88324194,0.008180235823
45.90326955,0.008612462488
45.92329715,0.008965122327
45.94332476,0.009254977776
45.96335236,0.009460757503
45.98337997,0.009584470054
46.00340757,0.009673964133
46.02343518,0.009737385086
46.04346278,0.009695665432
46.06349038,0.009605003804
46.08351799,0.009469527695
46.10354559,0.009242497869
46.1235732,0.008913742208
46.1436008,0.008547417552
46.16362841,0.008168127548
46.18365601,0.007791143319
46.20368362,0.007390472649
46.22371122,0.006994380341
46.24373882,0.006578525186
46.26376643,0.006108472918
46.28379403,0.005582434175
46.30382164,0.005063149929
46.32384924,0.004555773239
46.34387685,0.004041812767
46.36390445,0.003602646681
46.38393206,0.003237702162
46.40395966,0.002929455063
46.42398727,0.002653632489
46.44401487,0.002416788436
46.46404247,0.002160831314
46.48407008,0.001967327966
46.50409768,0.001825500442
46.52412529,0.001754920849
46.54415289,0.001713658957
46.5641805,0.001713469391
46.5842081,0.001786905162
46.60423571,0.001958852775
46.62426331,0.002214289291
46.64429092,0.002554253893
46.66431852,0.002954303785
46.68434612,0.003421232729
46.70437373,0.003924629775
46.72440133,0.004446031207
46.74442894,0.004970539233
46.76445654,0.005529135709
46.78448415,0.00613647709
46.80451175,0.006863791967
46.82453936,0.007715162119
46.84456696,0.008645144156
46.86459456,0.0095963711
46.88462217,0.01057528142
46.90464977,0.01154556449
46.92467738,0.01245858518
46.94470498,0.01336209093
46.96473259,0.01431407249
46.98476019,0.01528826112
47.0047878,0.01628554287
47.0248154,0.0173618685
47.04484301,0.0184153723
47.06487061,0.01948280178
47.08489821,0.02052161048
47.10492582,0.02148062212
47.12495342,0.022367452
47.14498103,0.02323112985
47.16500863,0.02402183423
47.18503624,0.02478322031
47.20506384,0.02554611357
47.22509145,0.02625796144
47.24511905,0.02694676843
47.26514666,0.02765317285
47.28517426,0.02827891129
47.30520186,0.02873703869
47.32522947,0.02905287672
47.34525707,0.02924702731
47.36528468,0.02931915773
47.38531228,0.02937505868
47.40533989,0.02939415884
47.42536749,0.0293966454
47.4453951,0.02937743945
47.4654227,0.02917034038
47.4854503,0.02880392819
47.50547791,0.02827422851
47.52550551,0.02761029579
47.54553312,0.02686818313
47.56556072,0.02607551034
47.58558833,0.02520269054
47.60561593,0.02427379033
47.62564354,0.02328410872
47.64567114,0.02217104565
47.66569875,0.0209787709
47.68572635,0.01970544596
47.70575395,0.01834916593
47.72578156,0.01691750471
47.74580916,0.01542577703
47.76583677,0.01390417134
47.78586437,0.01238817901
47.80589198,0.01081492644
47.82591958,0.009224973884
47.84594719,0.00765555185
47.86597479,0.005968474954
47.88600239,0.004208648265
47.90603,0.002477215771
47.9260576,0.0007643108222
47.94608521,-0.0007906327488
47.96611281,-0.002323676229
47.98614042,-0.003787703904
48.00616802,-0.005202912164
48.02619563,-0.006671354754
48.04622323,-0.008104154565
48.06625084,-0.009386746889
48.08627844,-0.01058503272
48.10630604,-0.01162853744
48.12633365,-0.01270045533
48.14636125,-0.01365836333
48.16638886,-0.01449399404
48.18641646,-0.0153382767
48.20644407,-0.01602585822
48.22647167,-0.01660718387
48.24649928,-0.01712215322
48.26652688,-0.01755952635
48.28655449,-0.01791822136
48.30658209,-0.01809452851
48.32660969,-0.01818827472
48.3466373,-0.01816339157
48.3666649,-0.01805874584
48.38669251,-0.01790512314
48.40672011,-0.01763771923
48.42674772,-0.017280009
48.44677532,-0.01677221218
48.46680293,-0.0162425744
48.48683053,-0.01561984789
48.50685813,-0.01487026624
48.52688574,-0.01406144394
48.54691334,-0.01315330056
48.56694095,-0.01223981837
48.58696855,-0.01121001886
48.60699616,-0.01018425136
48.62702376,-0.009069685117
48.64705137,-0.007848418108
48.66707897,-0.006548101687
48.68710658,-0.005352698949
48.70713418,-0.004121633346
48.72716178,-0.002844688569
48.74718939,-0.001441482884
48.76721699,4.019449523e-005
48.7872446,0.001541298135
48.8072722,0.00298197281
48.82729981,0.00427669926
48.84732741,0.005647046589
48.86735502,0.007087666513
48.88738262,0.008553481878
48.90741023,0.01002205324
48.92743783,0.01149128873
48.94746543,0.01281168215
48.96749304,0.01411916584
48.98752064,0.01534932677
49.00754825,0.01669088267
49.02757585,0.01801929338
49.04760346,0.01924082999
49.06763106,0.02030658621
49.08765867,0.02122470136
49.10768627,0.02214641225
49.12771387,0.02318224999
49.14774148,0.0241644742
49.16776908,0.0249026496
49.18779669,0.02548223208
49.20782429,0.02597977554
49.2278519,0.02645886242
49.2478795,0.02698483435
49.26790711,0.02734492483
49.28793471,0.02755356459
49.30796232,0.02763476346
49.32798992,0.02762274321
49.34801752,0.02761325772
49.36804513,0.02748290223
49.38807273,0.02712679151
49.40810034,0.02667231417
49.42812794,0.02611879528
49.44815555,0.02558382954
49.46818315,0.02487078594
49.48821076,0.02403315149
49.50823836,0.02309970417
49.52826597,0.0221963991
49.54829357,0.02113984727
49.56832117,0.01997991301
49.58834878,0.01870583189
49.60837638,0.01748129174
49.62840399,0.01619219814
49.64843159,0.01484069848
49.6684592,0.01331207712
49.6884868,0.01186862487
49.70851441,0.01042305335
49.72854201,0.008874861385
49.74856961,0.007285157982
49.76859722,0.005640577415
49.78862482,0.004203582117
49.80865243,0.002557063397
49.82868003,0.0009948190558
49.84870764,-0.0004276041078
49.86873524,-0.001942614396
49.88876285,-0.003394682316
49.90879045,-0.004894906834
49.92881806,-0.006183139916
49.94884566,-0.00746938053
49.96887326,-0.008491738627
49.98890087,-0.009438837148
50.00892847,-0.01025553377
50.02895608,-0.01097791988
50.04898368,-0.01103198734
