0,0.005165973141
0.01999952215,0.005431643697
0.0399990443,0.005365521674
0.05999856645,0.005317634272
0.07999808859,0.005319935631
0.09999761074,0.005224054305
0.1199971329,0.005524716226
0.139996655,0.005622139631
0.1599961772,0.005793188491
0.1799956993,0.00618209409
0.1999952215,0.006384107344
0.2199947436,0.006616450304
0.2399942658,0.006942845188
0.2599937879,0.007220734096
0.2799933101,0.007308096841
0.2999928322,0.007386911809
0.3199923544,0.007618587741
0.3399918765,0.007730774213
0.3599913987,0.007678793371
0.3799909208,0.007564872766
0.399990443,0.007553076577
0.4199899651,0.007490782634
0.4399894873,0.007288320673
0.4599890094,0.006957196644
0.4799885316,0.006694986228
0.4999880537,0.006522843794
0.5199875759,0.006275848336
0.539987098,0.00600310169
0.5599866202,0.005765403292
0.5799861423,0.005726441905
0.5999856645,0.005565096179
0.6199851866,0.005400630142
0.6399847088,0.005378717972
0.6599842309,0.005419456255
0.6799837531,0.00562069431
0.6999832752,0.005727754188
0.7199827973,0.005714539965
0.7399823195,0.005942521032
0.7599818416,0.006137981247
0.7799813638,0.006347675905
0.7999808859,0.006586990971
0.8199804081,0.0067644348
0.8399799302,0.007061265399
0.8599794524,0.007366810977
0.8799789745,0.007702078307
0.8999784967,0.007935402293
0.9199780188,0.008107703653
0.939977541,0.008333040855
0.9599770631,0.008606279175
0.9799765853,0.008738541928
0.9999761074,0.008782533602
1.01997563,0.008864431825
1.039975152,0.009006375821
1.059974674,0.009122106413
1.079974196,0.009196379436
1.099973718,0.009118897886
1.11997324,0.009038648044
1.139972762,0.009027077669
1.159972285,0.00904343551
1.179971807,0.00906060525
1.199971329,0.009081011999
1.219970851,0.009018475366
1.239970373,0.00898626034
1.259969895,0.009066845084
1.279969418,0.009098025969
1.29996894,0.00914947097
1.319968462,0.009224255637
1.339967984,0.00927125991
1.359967506,0.009344059917
1.379967028,0.009428972549
1.39996655,0.009518104711
1.419966073,0.009590479556
1.439965595,0.009660282722
1.459965117,0.009836178394
1.479964639,0.009908553333
1.499964161,0.009997368568
1.519963683,0.01019477956
1.539963205,0.01033954924
1.559962728,0.010537406
1.57996225,0.01069942408
1.599961772,0.01094254568
1.619961294,0.01117600655
1.639960816,0.01142316238
1.659960338,0.01165843125
1.67995986,0.01183098977
1.699959383,0.01197231966
1.719958905,0.01210434009
1.739958427,0.01230172145
1.759957949,0.01253415037
1.779957471,0.0127869815
1.799956993,0.01296845048
1.819956516,0.01310737553
1.839956038,0.01316345811
1.85995556,0.013221068
1.879955082,0.01325991947
1.899954604,0.01334445094
1.919954126,0.01342298267
1.939953648,0.01348646402
1.959953171,0.01353003917
1.979952693,0.01356482072
1.999952215,0.01356284384
2.019951737,0.01355321213
2.039951259,0.01357474511
2.059950781,0.01353783895
2.079950303,0.01351547028
2.099949826,0.01353986772
2.119949348,0.01350469387
2.13994887,0.01344717757
2.159948392,0.01330056549
2.179947914,0.01313091824
2.199947436,0.01296322881
2.219946958,0.01277094343
2.239946481,0.01259077778
2.259946003,0.0124379929
2.279945525,0.01234258851
2.299945047,0.01222618516
2.319944569,0.01212910018
2.339944091,0.01199852109
2.359943614,0.0118424347
2.379943136,0.01167504594
2.399942658,0.01147597511
2.41994218,0.0112292119
2.439941702,0.01097638532
2.459941224,0.01076809456
2.479940746,0.0105643513
2.499940269,0.01041831098
2.519939791,0.01024684515
2.539939313,0.01000546246
2.559938835,0.009780407865
2.579938357,0.009523975657
2.599937879,0.00920202412
2.619937401,0.008861148414
2.639936924,0.00851707284
2.659936446,0.00821171488
2.679935968,0.007950547612
2.69993549,0.007724450464
2.719935012,0.007487980396
2.739934534,0.007332680287
2.759934057,0.007192382812
2.779933579,0.007027995362
2.799933101,0.006832584733
2.819932623,0.006634490475
2.839932145,0.006416714166
2.859931667,0.006199904798
2.879931189,0.006039118772
2.899930712,0.005857526072
2.919930234,0.005649137046
2.939929756,0.0055126013
2.959929278,0.005375109623
2.9799288,0.005198683608
2.999928322,0.004992398251
3.019927844,0.004758170213
3.039927367,0.004537418465
3.059926889,0.004365273299
3.079926411,0.00421341398
3.099925933,0.004078862648
3.119925455,0.003931518685
3.139924977,0.003787682537
3.159924499,0.003666380972
3.179924022,0.003540277743
3.199923544,0.003399145049
3.219923066,0.003266673635
3.239922588,0.003153184555
3.25992211,0.003078122449
3.279921632,0.003025136247
3.299921155,0.003009491616
3.319920677,0.00296399379
3.339920199,0.002873802015
3.359919721,0.002814312203
3.379919243,0.002744643854
3.399918765,0.002669723203
3.419918287,0.00260621449
3.43991781,0.002553784963
3.459917332,0.002453384513
3.479916854,0.002349536183
3.499916376,0.002252459144
3.519915898,0.002171233898
3.53991542,0.002109260369
3.559914942,0.002053597285
3.579914465,0.002002267553
3.599913987,0.001907060906
3.619913509,0.001809838835
3.639913031,0.001719939746
3.659912553,0.001660866268
3.679912075,0.001600271301
3.699911597,0.001533424479
3.71991112,0.001496776056
3.739910642,0.001437807482
3.759910164,0.001367802072
3.779909686,0.001312129321
3.799909208,0.001223663167
3.81990873,0.001127455307
3.839908253,0.001072901456
3.859907775,0.001022997226
3.879907297,0.0009510902579
3.899906819,0.0009068485977
3.919906341,0.0008921997366
3.939905863,0.0008891954788
3.959905385,0.0008350003865
3.979904908,0.0007847136029
3.99990443,0.0007101295233
4.019903952,0.000610881978
4.039903474,0.0005281904668
4.059902996,0.000474474959
4.079902518,0.0004305286037
4.09990204,0.0004088946147
4.119901563,0.000407143813
4.139901085,0.000392150412
4.159900607,0.0003546719576
4.179900129,0.0003060833993
4.199899651,0.0002560699127
4.219899173,0.0002134128947
4.239898695,0.0001695204298
4.259898218,7.664000234e-005
4.27989774,-1.994289677e-006
4.299897262,-6.448408501e-005
4.319896784,-0.000128493073
4.339896306,-0.0001374724496
4.359895828,-0.0001411130401
4.379895351,-0.0001280510679
4.399894873,-8.987926302e-005
4.419894395,-7.516514364e-005
4.439893917,-9.973633341e-005
4.459893439,-9.904408214e-005
4.479892961,-0.0001349649625
4.499892483,-0.00020001816
4.519892006,-0.0002552942011
4.539891528,-0.0002764383395
4.55989105,-0.0002603451711
4.579890572,-0.0002176278432
4.599890094,-0.0001595200982
4.619889616,-0.0001104078193
4.639889138,-6.231136378e-005
4.659888661,-4.130999869e-005
4.679888183,-1.485530482e-005
4.699887705,2.55691286e-005
4.719887227,4.815049392e-005
4.739886749,2.989547527e-005
4.759886271,-4.353738674e-006
4.779885794,2.126467704e-006
4.799885316,8.357338885e-005
4.819884838,0.0001665351852
4.83988436,0.0002517156597
4.859883882,0.0003517762157
4.879883404,0.000442022105
4.899882926,0.0005132596053
4.919882449,0.00057826707
4.939881971,0.0006438942902
4.959881493,0.0007204154316
4.979881015,0.0007941218493
4.999880537,0.0008781549904
5.019880059,0.0009828604739
5.039879581,0.001139257713
5.059879104,0.001257754713
5.079878626,0.00132307434
5.099878148,0.001418058702
5.11987767,0.00154423555
5.139877192,0.001674958136
5.159876714,0.001765576087
5.179876236,0.001866518464
5.199875759,0.001983024125
5.219875281,0.002065431433
5.239874803,0.002132044824
5.259874325,0.002218133909
5.279873847,0.002337161358
5.299873369,0.002494140539
5.319872892,0.002601482392
5.339872414,0.002701710142
5.359871936,0.002832725675
5.379871458,0.002928505848
5.39987098,0.002994752076
5.419870502,0.003060097671
5.439870024,0.003129219296
5.459869547,0.003204053268
5.479869069,0.003280777546
5.499868591,0.003357258353
5.519868113,0.003464847967
5.539867635,0.003571215959
5.559867157,0.003681375318
5.579866679,0.003804019917
5.599866202,0.00389563933
5.619865724,0.003966914185
5.639865246,0.004022888135
5.659864768,0.004060251718
5.67986429,0.00413628912
5.699863812,0.004225163136
5.719863334,0.004317191691
5.739862857,0.004395323103
5.759862379,0.004506352794
5.779861901,0.004625990144
5.799861423,0.004710763316
5.819860945,0.004754220234
5.839860467,0.004787073396
5.85985999,0.004793111625
5.879859512,0.004819084429
5.899859034,0.004844018532
5.919858556,0.004859380401
5.939858078,0.004903448103
5.9598576,0.004951789571
5.979857122,0.00501565107
5.999856645,0.005027399185
6.019856167,0.005047193159
6.039855689,0.005073827685
6.059855211,0.005069040704
6.079854733,0.005087483598
6.099854255,0.005092148052
6.119853777,0.005085691369
6.1398533,0.005069645631
6.159852822,0.005013213908
6.179852344,0.004985016329
6.199851866,0.004945738879
6.219851388,0.00494900443
6.23985091,0.004957686903
6.259850433,0.004984236507
6.279849955,0.004974982218
6.299849477,0.004967588918
6.319848999,0.004963945745
6.339848521,0.004936580753
6.359848043,0.00489569309
6.379847565,0.004883419256
6.399847088,0.00485177527
6.41984661,0.004826092131
6.439846132,0.004813173972
6.459845654,0.004784289774
6.479845176,0.004749556256
6.499844698,0.004707976287
6.51984422,0.004645139092
6.539843743,0.004611079635
6.559843265,0.004608077898
6.579842787,0.004631044374
6.599842309,0.00467034126
6.619841831,0.004670712623
6.639841353,0.004644216061
6.659840875,0.004557066208
6.679840398,0.004455238506
6.69983992,0.004316028182
6.719839442,0.004161017561
6.739838964,0.00405939914
6.759838486,0.004003441049
6.779838008,0.003954798621
6.799837531,0.003919401422
6.819837053,0.003887932342
6.839836575,0.003860879456
6.859836097,0.00386611136
6.879835619,0.003884387609
6.899835141,0.003874112525
6.919834663,0.003826285875
6.939834186,0.003812205495
6.959833708,0.003783738151
6.97983323,0.003738147976
6.999832752,0.003689787202
7.019832274,0.003665001498
7.039831796,0.003663255274
7.059831318,0.003670905139
7.079830841,0.003688217509
7.099830363,0.003747010127
7.119829885,0.003805802083
7.139829407,0.003858924704
7.159828929,0.003930360881
7.179828451,0.004010383178
7.199827973,0.004079158099
7.219827496,0.004146044244
7.239827018,0.004220564516
7.25982654,0.004282110297
7.279826062,0.004350097492
7.299825584,0.004457477321
7.319825106,0.00458711017
7.339824629,0.004707183411
7.359824151,0.004820670957
7.379823673,0.004930272218
7.399823195,0.005028642262
7.419822717,0.005147454695
7.439822239,0.005294701584
7.459821761,0.005467450198
7.479821284,0.005620139158
7.499820806,0.005772048522
7.519820328,0.005966353447
7.53981985,0.00617078184
7.559819372,0.006361513814
7.579818894,0.006574368761
7.599818416,0.006800960826
7.619817939,0.007037116494
7.639817461,0.007277551164
7.659816983,0.007525678559
7.679816505,0.007766814087
7.699816027,0.007991492301
7.719815549,0.008211319788
7.739815071,0.008427261454
7.759814594,0.008649050868
7.779814116,0.008876535983
7.799813638,0.009111946282
7.81981316,0.009342488945
7.839812682,0.009557175031
7.859812204,0.009793389557
7.879811727,0.0100532635
7.899811249,0.01031332282
7.919810771,0.01056367576
7.939810293,0.01083064051
7.959809815,0.01108029124
7.979809337,0.01130888189
7.999808859,0.0115275697
8.019808382,0.01174767439
8.039807904,0.01196075597
8.059807426,0.01216182666
8.079806948,0.01233656785
8.09980647,0.01249406009
8.119805992,0.01265405005
8.139805514,0.01280422261
8.159805037,0.01297328114
8.179804559,0.01315317132
8.199804081,0.01334340718
8.219803603,0.0135486393
8.239803125,0.01374565583
8.259802647,0.01392787346
8.27980217,0.01409540118
8.299801692,0.01422931823
8.319801214,0.01435117434
8.339800736,0.01448648195
8.359800258,0.01460857019
8.37979978,0.01471802068
8.399799302,0.01481412092
8.419798825,0.01489445583
8.439798347,0.01497726028
8.459797869,0.01506467488
8.479797391,0.01516130349
8.499796913,0.01525315654
8.519796435,0.01535027099
8.539795957,0.01544114747
8.55979548,0.01553734066
8.579795002,0.01564321213
8.599794524,0.01572369043
8.619794046,0.0157952663
8.639793568,0.01587305574
8.65979309,0.01596057705
8.679792612,0.0160360692
8.699792135,0.01611101864
8.719791657,0.01618507401
8.739791179,0.01626135139
8.759790701,0.01633324337
8.779790223,0.0163892707
8.799789745,0.01643473581
8.819789268,0.01648436499
8.83978879,0.01654020862
8.859788312,0.01658476343
8.879787834,0.01662051924
8.899787356,0.01666303116
8.919786878,0.01670857765
8.9397864,0.01676454743
8.959785923,0.01681422442
8.979785445,0.01685009157
8.999784967,0.0168786904
9.019784489,0.01691437112
9.039784011,0.01694275926
9.059783533,0.0169656469
9.079783055,0.016966707
9.099782578,0.01697102661
9.1197821,0.01697643569
9.139781622,0.01699328581
9.159781144,0.01700749549
9.179780666,0.01701829852
9.199780188,0.01698836768
9.21977971,0.01694593108
9.239779233,0.01689204547
9.259778755,0.01683495475
9.279778277,0.0167641273
9.299777799,0.01668420315
9.319777321,0.01661343755
9.339776843,0.01654106797
9.359776366,0.01647282951
9.379775888,0.01641696966
9.39977541,0.01634935562
9.419774932,0.01624087601
9.439774454,0.01612525134
9.459773976,0.01601568342
9.479773498,0.01593147706
9.499773021,0.01583496105
9.519772543,0.01570127903
9.539772065,0.01553245745
9.559771587,0.01533624476
9.579771109,0.01511664334
9.599770631,0.01488279235
9.619770153,0.01465268284
9.639769676,0.01443592929
9.659769198,0.01420673564
9.67976872,0.01396182529
9.699768242,0.01370028665
9.719767764,0.01340702353
9.739767286,0.01309168553
9.759766809,0.01277869154
9.779766331,0.01246850112
9.799765853,0.01217110459
9.819765375,0.01184843071
9.839764897,0.01149158776
9.859764419,0.01109667597
9.879763941,0.01065198306
9.899763464,0.01018120955
9.919762986,0.009695708346
9.939762508,0.009209918469
9.95976203,0.008704744676
9.979761552,0.008180314346
9.999761074,0.007644169899
10.0197606,0.00707844067
10.03976012,0.006462960025
10.05975964,0.005834010999
10.07975916,0.00519465345
10.09975869,0.004566094582
10.11975821,0.003921288279
10.13975773,0.003234464593
10.15975725,0.002500355165
10.17975677,0.001746076844
10.1997563,0.0009710737958
10.21975582,0.0001705619015
10.23975534,-0.0006666665203
10.25975486,-0.00151252963
10.27975438,-0.002357128669
10.29975391,-0.003213230677
10.31975343,-0.004089776856
10.33975295,-0.00497777456
10.35975247,-0.005848912444
10.379752,-0.006730857844
10.39975152,-0.007607965548
10.41975104,-0.008477450142
10.43975056,-0.009327443969
10.45975008,-0.01018461351
10.47974961,-0.0110646446
10.49974913,-0.01195362873
10.51974865,-0.01282385472
10.53974817,-0.01368107038
10.55974769,-0.01450489096
10.57974722,-0.01529704615
10.59974674,-0.01605986732
10.61974626,-0.01678751726
10.63974578,-0.01747716309
10.65974531,-0.01813998864
10.67974483,-0.01876532789
10.69974435,-0.01933327906
10.71974387,-0.0198491454
10.73974339,-0.02031007785
10.75974292,-0.02071827474
10.77974244,-0.02107187062
10.79974196,-0.02138511075
10.81974148,-0.02165731179
10.839741,-0.0218716749
10.85974053,-0.02203322493
10.87974005,-0.02212659055
10.89973957,-0.02214765992
10.91973909,-0.02210220697
10.93973862,-0.02198548898
10.95973814,-0.02179281301
10.97973766,-0.02153990638
10.99973718,-0.02122761777
11.0197367,-0.02086389053
11.03973623,-0.02045181242
11.05973575,-0.01998218182
11.07973527,-0.01945021231
11.09973479,-0.01886304295
11.11973431,-0.0182306561
11.13973384,-0.01757900963
11.15973336,-0.01690856866
11.17973288,-0.0161966085
11.1997324,-0.01547942181
11.21973193,-0.01473245075
11.23973145,-0.01395392834
11.25973097,-0.01313917483
11.27973049,-0.01229777151
11.29973001,-0.01143622613
11.31972954,-0.01057653833
11.33972906,-0.009735821762
11.35972858,-0.008895080332
11.3797281,-0.008073349873
11.39972762,-0.00727713088
11.41972715,-0.006518163948
11.43972667,-0.005781985345
11.45972619,-0.005074492928
11.47972571,-0.004408234859
11.49972524,-0.003779082598
11.51972476,-0.003216918445
11.53972428,-0.002710525337
11.5597238,-0.002230213512
11.57972332,-0.00176511562
11.59972285,-0.001318327716
11.61972237,-0.0009050594433
11.63972189,-0.0005267686221
11.65972141,-0.0002000939788
11.67972093,8.048130117e-005
11.69972046,0.0003117438802
11.71971998,0.0005169174216
11.7397195,0.000696895413
11.75971902,0.0008504725842
11.77971855,0.0009728466767
11.79971807,0.0010480123
11.81971759,0.001077107239
11.83971711,0.00107807522
11.85971663,0.001051379452
11.87971616,0.00100031481
11.89971568,0.0009179277274
11.9197152,0.0008240393046
11.93971472,0.0007417439199
11.95971424,0.0006747360585
11.97971377,0.0006228070171
11.99971329,0.0005892744779
12.01971281,0.0005822170864
12.03971233,0.0006129826962
12.05971186,0.0006744243025
12.07971138,0.0007737695172
12.0997109,0.0009218511418
12.11971042,0.001121164075
12.13970994,0.001358560931
12.15970947,0.001650154976
12.17970899,0.001989466348
12.19970851,0.002390282836
12.21970803,0.002841566786
12.23970755,0.003374834245
12.25970708,0.003979579551
12.2797066,0.00468283661
12.29970612,0.005496734593
12.31970564,0.006425813571
12.33970517,0.007461039246
12.35970469,0.008604468102
12.37970421,0.009863059171
12.39970373,0.0112419828
12.41970325,0.01274739312
12.43970278,0.01436571348
12.4597023,0.01609033732
12.47970182,0.01791341529
12.49970134,0.0198275715
12.51970087,0.0218363877
12.53970039,0.02394525314
12.55969991,0.0261667138
12.57969943,0.02850175641
12.59969895,0.0309286856
12.61969848,0.03343997458
12.639698,0.03606689418
12.65969752,0.03878889676
12.67969704,0.04161018325
12.69969656,0.04453286112
12.71969609,0.04751603825
12.73969561,0.05056988185
12.75969513,0.05367681221
12.77969465,0.05681509772
12.79969418,0.05998858945
12.8196937,0.06318733018
12.83969322,0.06638755168
12.85969274,0.06957760742
12.87969226,0.07274473221
12.89969179,0.07585678545
12.91969131,0.07893595478
12.93969083,0.08196670554
12.95969035,0.08495062272
12.97968987,0.08788913319
12.9996894,0.09074354194
13.01968892,0.09352101356
13.03968844,0.09621734989
13.05968796,0.09882567807
13.07968749,0.1013370039
13.09968701,0.1037361133
13.11968653,0.1060433646
13.13968605,0.108206924
13.15968557,0.1102344691
13.1796851,0.1121049025
13.19968462,0.1138310795
13.21968414,0.1154175744
13.23968366,0.1168386014
13.25968318,0.1180739318
13.27968271,0.1190983624
13.29968223,0.1199031003
13.31968175,0.1205324008
13.33968127,0.1209548134
13.3596808,0.1211627339
13.37968032,0.121140239
13.39967984,0.120902576
13.41967936,0.1204515149
13.43967888,0.1197933891
13.45967841,0.1188907517
13.47967793,0.117710264
13.49967745,0.116243453
13.51967697,0.1144792194
13.53967649,0.1124572208
13.55967602,0.1100797302
13.57967554,0.1073905019
13.59967506,0.1043557353
13.61967458,0.1008695488
13.63967411,0.09692649604
13.65967363,0.09261820118
13.67967315,0.08790731053
13.69967267,0.08272610831
13.71967219,0.07698416905
13.73967172,0.07104128291
13.75967124,0.06446697746
13.77967076,0.05735248654
13.79967028,0.04966285048
13.8196698,0.04138631801
13.83966933,0.03272446925
13.85966885,0.0232224739
13.87966837,0.01321566364
13.89966789,0.002452212835
13.91966742,-0.00906685799
13.93966694,-0.02100337612
13.95966646,-0.03372994303
13.97966598,-0.04709625612
13.9996655,-0.06109766125
14.01966503,-0.07556386001
14.03966455,-0.09096560327
14.05966407,-0.1068862828
14.07966359,-0.1236094392
14.09966311,-0.1409670001
14.11966264,-0.1591192069
14.13966216,-0.1778926434
14.15966168,-0.1973783494
14.1796612,-0.2177709257
14.19966073,-0.2389924196
14.21966025,-0.2610230625
14.23965977,-0.2838819883
14.25965929,-0.30744598
14.27965881,-0.3318119682
14.29965834,-0.3568870016
14.31965786,-0.3827074685
14.33965738,-0.4094979646
14.3596569,-0.4370569814
14.37965642,-0.4651602923
14.39965595,-0.4938965668
14.41965547,-0.5233313545
14.43965499,-0.5532084497
14.45965451,-0.5840685234
14.47965404,-0.6149113361
14.49965356,-0.6463063185
14.51965308,-0.6777593994
14.5396526,-0.7093708017
14.55965212,-0.7411120587
14.57965165,-0.7728587595
14.59965117,-0.8043821899
14.61965069,-0.8358851113
14.63965021,-0.8669484881
14.65964973,-0.8976225012
14.67964926,-0.9277181043
14.69964878,-0.9571716747
14.7196483,-0.9859534187
14.73964782,-1.014031776
14.75964735,-1.040987
14.77964687,-1.066828316
14.79964639,-1.091427299
14.81964591,-1.114594997
14.83964543,-1.136160081
14.85964496,-1.156061186
14.87964448,-1.174294084
14.899644,-1.190782816
14.91964352,-1.205225898
14.93964304,-1.217664088
14.95964257,-1.227658548
14.97964209,-1.235197378
14.99964161,-1.240263291
15.01964113,-1.24275146
15.03964066,-1.242591247
15.05964018,-1.239707009
15.0796397,-1.234010223
15.09963922,-1.225505834
15.11963874,-1.214166368
15.13963827,-1.199946312
15.15963779,-1.182827213
15.17963731,-1.162670509
15.19963683,-1.13954789
15.21963636,-1.113481614
15.23963588,-1.084522361
15.2596354,-1.052706445
15.27963492,-1.017978285
15.29963444,-0.9804544878
15.31963397,-0.9401436465
15.33963349,-0.8972325113
15.35963301,-0.8516591426
15.37963253,-0.8037436177
15.39963205,-0.7538210457
15.41963158,-0.7020517043
15.4396311,-0.6483844122
15.45963062,-0.5927427601
15.47963014,-0.5352274795
15.49962967,-0.4765716487
15.51962919,-0.4168724905
15.53962871,-0.356030853
15.55962823,-0.2944339639
15.57962775,-0.2322900567
15.59962728,-0.1699511245
15.6196268,-0.1075974274
15.63962632,-0.04542979849
15.65962584,0.01691441988
15.67962536,0.07854921397
15.69962489,0.1394793745
15.71962441,0.1995221878
15.73962393,0.2584398571
15.75962345,0.316233213
15.77962298,0.3727316064
15.7996225,0.4283382368
15.81962202,0.4828319431
15.83962154,0.5356098052
15.85962106,0.5869501875
15.87962059,0.6362721754
15.89962011,0.6839751588
15.91961963,0.7297082299
15.93961915,0.773371711
15.95961867,0.8151403464
15.9796182,0.8553007997
15.99961772,0.8927115271
16.01961724,0.9281786047
16.03961676,0.9614241749
16.05961629,0.9918805195
16.07961581,1.020236934
16.09961533,1.046066573
16.11961485,1.069546874
16.13961437,1.090740356
16.1596139,1.109341604
16.17961342,1.125819199
16.19961294,1.139759071
16.21961246,1.15160494
16.23961198,1.1613636
16.25961151,1.169159888
16.27961103,1.174964332
16.29961055,1.178747665
16.31961007,1.180708389
16.3396096,1.180945202
16.35960912,1.179662118
16.37960864,1.176827754
16.39960816,1.172488735
16.41960768,1.166807751
16.43960721,1.159957456
16.45960673,1.151842882
16.47960625,1.142606157
16.49960577,1.132541688
16.51960529,1.1215045
16.53960482,1.109643984
16.55960434,1.09712832
16.57960386,1.084093378
16.59960338,1.070385994
16.61960291,1.056198869
16.63960243,1.041442375
16.65960195,1.026195382
16.67960147,1.010414832
16.69960099,0.9941206244
16.71960052,0.9774786161
16.73960004,0.9602105366
16.75959956,0.9427438972
16.77959908,0.9252355109
16.7995986,0.9077597475
16.81959813,0.890094945
16.83959765,0.8725847823
16.85959717,0.8551958822
16.87959669,0.8377613056
16.89959622,0.8202180835
16.91959574,0.8024842696
16.93959526,0.7849044803
16.95959478,0.7672045651
16.9795943,0.7497614234
16.99959383,0.7325006067
17.01959335,0.7147417968
17.03959287,0.6973255208
17.05959239,0.6794919851
17.07959191,0.6623684974
17.09959144,0.6451596585
17.11959096,0.6281030173
17.13959048,0.6112373154
17.15959,0.5943036079
17.17958953,0.5774059341
17.19958905,0.5606426495
17.21958857,0.544055821
17.23958809,0.527213814
17.25958761,0.5106801914
17.27958714,0.4940681007
17.29958666,0.4774230327
17.31958618,0.4609915436
17.3395857,0.4445456167
17.35958522,0.4280984544
17.37958475,0.4117126082
17.39958427,0.3953921121
17.41958379,0.379113957
17.43958331,0.3628783326
17.45958284,0.3464801872
17.47958236,0.3303460855
17.49958188,0.3142510455
17.5195814,0.298509243
17.53958092,0.2828915799
17.55958045,0.267310074
17.57957997,0.2518035414
17.59957949,0.2363325413
17.61957901,0.2209960327
17.63957854,0.2053980178
17.65957806,0.1899216696
17.67957758,0.1743915548
17.6995771,0.1590148567
17.71957662,0.1437355808
17.73957615,0.1285801773
17.75957567,0.1135023271
17.77957519,0.09867563032
17.79957471,0.0838805174
17.81957423,0.06925430697
17.83957376,0.05472681584
17.85957328,0.04021795697
17.8795728,0.0259280776
17.89957232,0.01198724836
17.91957185,-0.001743752808
17.93957137,-0.01518676414
17.95957089,-0.02827379412
17.97957041,-0.04129042704
17.99956993,-0.05383135019
18.01956946,-0.06612882723
18.03956898,-0.07811771024
18.0595685,-0.08982700242
18.07956802,-0.1011973446
18.09956754,-0.1121558172
18.11956707,-0.12293006
18.13956659,-0.1332689597
18.15956611,-0.1430174367
18.17956563,-0.1522100515
18.19956516,-0.1610680757
18.21956468,-0.1693282815
18.2395642,-0.1772101449
18.25956372,-0.1845532056
18.27956324,-0.1914564105
18.29956277,-0.1978231642
18.31956229,-0.2037686919
18.33956181,-0.209286779
18.35956133,-0.2143413035
18.37956085,-0.2188874587
18.39956038,-0.2229793263
18.4195599,-0.2266608193
18.43955942,-0.2299261599
18.45955894,-0.2327752785
18.47955847,-0.2351991806
18.49955799,-0.2372142795
18.51955751,-0.2388415279
18.53955703,-0.240106963
18.55955655,-0.2410266356
18.57955608,-0.2416189805
18.5995556,-0.2419318955
18.61955512,-0.2419633871
18.63955464,-0.2417401678
18.65955416,-0.2412999801
18.67955369,-0.2406579887
18.69955321,-0.2398498151
18.71955273,-0.238892043
18.73955225,-0.2377999495
18.75955178,-0.236591416
18.7795513,-0.2353233631
18.79955082,-0.2340093239
18.81955034,-0.2326720451
18.83954986,-0.2313125777
18.85954939,-0.2299483317
18.87954891,-0.2286062846
18.89954843,-0.2273278162
18.91954795,-0.2260948519
18.93954747,-0.2249177108
18.959547,-0.2238165667
18.97954652,-0.2228184885
18.99954604,-0.2219137031
19.01954556,-0.2211258141
19.03954509,-0.2204687379
19.05954461,-0.2199503251
19.07954413,-0.2195673839
19.09954365,-0.2193239361
19.11954317,-0.2192197461
19.1395427,-0.2192837251
19.15954222,-0.219498017
19.17954174,-0.2198465542
19.19954126,-0.2203075444
19.21954078,-0.2208978689
19.23954031,-0.2216024306
19.25953983,-0.2224172231
19.27953935,-0.2232990784
19.29953887,-0.2242589312
19.3195384,-0.2252676305
19.33953792,-0.2263357381
19.35953744,-0.227458706
19.37953696,-0.2286223888
19.39953648,-0.2297933179
19.41953601,-0.230954977
19.43953553,-0.2320856519
19.45953505,-0.2331852755
19.47953457,-0.2342248438
19.49953409,-0.2351887526
19.51953362,-0.2360581482
19.53953314,-0.2368062322
19.55953266,-0.2373974833
19.57953218,-0.2378204183
19.59953171,-0.2380505707
19.61953123,-0.2380774706
19.63953075,-0.2378997413
19.65953027,-0.2374874054
19.67952979,-0.236811702
19.69952932,-0.2358500831
19.71952884,-0.2345625594
19.73952836,-0.2329551025
19.75952788,-0.231028369
19.7795274,-0.2287764792
19.79952693,-0.2262040756
19.81952645,-0.2232891693
19.83952597,-0.2200255283
19.85952549,-0.2163958568
19.87952502,-0.2124013093
19.89952454,-0.2080466358
19.91952406,-0.2033515032
19.93952358,-0.1983118319
19.9595231,-0.1929551605
19.97952263,-0.1872155773
19.99952215,-0.1811147174
20.01952167,-0.1746577378
20.03952119,-0.167893453
20.05952072,-0.1608224656
20.07952024,-0.1534735984
20.09951976,-0.145815548
20.11951928,-0.1379161309
20.1395188,-0.1297931273
20.15951833,-0.1214997028
20.17951785,-0.1130613665
20.19951737,-0.1044845663
20.21951689,-0.09580087524
20.23951641,-0.08701847834
20.25951594,-0.07817939133
20.27951546,-0.06926860365
20.29951498,-0.06030785344
20.3195145,-0.05135778166
20.33951403,-0.04247303588
20.35951355,-0.03369509039
20.37951307,-0.02504839882
20.39951259,-0.01651074377
20.41951211,-0.008137402008
20.43951164,2.910979016e-005
20.45951116,0.007957369291
20.47951068,0.01566731328
20.4995102,0.02307786461
20.51950972,0.03021187258
20.53950925,0.03703713121
20.55950877,0.04352698805
20.57950829,0.0496733923
20.59950781,0.05545421216
20.61950734,0.06084504139
20.63950686,0.06585922975
20.65950638,0.07046706474
20.6795059,0.07467487167
20.69950542,0.07846158078
20.71950495,0.08182862836
20.73950447,0.084777247
20.75950399,0.08732089881
20.77950351,0.08946559387
20.79950303,0.09121275634
20.81950256,0.0925815546
20.83950208,0.0935750703
20.8595016,0.09421535304
20.87950112,0.09451669982
20.89950065,0.09448630907
20.91950017,0.09412256318
20.93949969,0.0934522154
20.95949921,0.09248075542
20.97949873,0.09122747796
20.99949826,0.08971838761
21.01949778,0.08797588518
21.0394973,0.08601776643
21.05949682,0.08385448385
21.07949634,0.08149974337
21.09949587,0.07899280346
21.11949539,0.07637276541
21.13949491,0.07366165998
21.15949443,0.07088185323
21.17949396,0.0680473544
21.19949348,0.06518108417
21.219493,0.06228421507
21.23949252,0.05939164137
21.25949204,0.05652136072
21.27949157,0.05370444633
21.29949109,0.05092861789
21.31949061,0.04818981114
21.33949013,0.04548037298
21.35948965,0.04283549231
21.37948918,0.04027182044
21.3994887,0.03781463076
21.41948822,0.03547093659
21.43948774,0.0332475833
21.45948727,0.03113802105
21.47948679,0.02914481473
21.49948631,0.02726473012
21.51948583,0.02550885829
21.53948535,0.02386807714
21.55948488,0.02234748687
21.5794844,0.0209519026
21.59948392,0.01968962742
21.61948344,0.01854146426
21.63948296,0.01748325626
21.65948249,0.01653291899
21.67948201,0.01567599356
21.69948153,0.01490029502
21.71948105,0.01420300635
21.73948058,0.01356138639
21.7594801,0.0129819556
21.77947962,0.01244982586
21.79947914,0.01195265584
21.81947866,0.01148239673
21.83947819,0.011023019
21.85947771,0.01055742771
21.87947723,0.01008768656
21.89947675,0.009597265704
21.91947627,0.009080508348
21.9394758,0.008542391118
21.95947532,0.007976580614
21.97947484,0.007374205424
21.99947436,0.006720901094
22.01947389,0.006004334162
22.03947341,0.005231879501
22.05947293,0.004388252734
22.07947245,0.003481952758
22.09947197,0.002497201008
22.1194715,0.001425938612
22.13947102,0.0002894154341
22.15947054,-0.0009264875244
22.17947006,-0.002238431362
22.19946958,-0.003656469505
22.21946911,-0.005195931764
22.23946863,-0.006843629369
22.25946815,-0.008606283656
22.27946767,-0.01047398158
22.2994672,-0.01244809677
22.31946672,-0.01453350372
22.33946624,-0.01671938049
22.35946576,-0.01898397707
22.37946528,-0.02132163892
22.39946481,-0.02372717462
22.41946433,-0.02620636245
22.43946385,-0.02875076669
22.45946337,-0.0313467751
22.47946289,-0.03400290493
22.49946242,-0.03670712097
22.51946194,-0.0394569284
22.53946146,-0.04224072771
22.55946098,-0.04507163834
22.57946051,-0.04791940694
22.59946003,-0.05079633172
22.61945955,-0.05366748178
22.63945907,-0.05653368766
22.65945859,-0.05937860888
22.67945812,-0.0621935803
22.69945764,-0.06496431924
22.71945716,-0.0676669372
22.73945668,-0.07030739274
22.75945621,-0.07288398081
22.77945573,-0.07538304884
22.79945525,-0.07781992786
22.81945477,-0.08015189238
22.83945429,-0.08239808151
22.85945382,-0.0845283622
22.87945334,-0.08655636781
22.89945286,-0.0884829211
22.91945238,-0.0902865414
22.9394519,-0.09195807607
22.95945143,-0.0934800301
22.97945095,-0.09485095025
22.99945047,-0.09605740462
23.01944999,-0.09712180232
23.03944952,-0.09801882709
23.05944904,-0.09874219377
23.07944856,-0.09931548577
23.09944808,-0.09972218744
23.1194476,-0.09994600765
23.13944713,-0.09999530407
23.15944665,-0.09986880454
23.17944617,-0.09957202731
23.19944569,-0.09910901316
23.21944521,-0.09847865072
23.23944474,-0.09768235017
23.25944426,-0.09672573283
23.27944378,-0.09560436015
23.2994433,-0.09433356148
23.31944283,-0.09290783474
23.33944235,-0.0913430219
23.35944187,-0.0896313679
23.37944139,-0.08779203691
23.39944091,-0.08582681155
23.41944044,-0.08373085029
23.43943996,-0.08149433159
23.45943948,-0.07916107392
23.479439,-0.07671771827
23.49943852,-0.07416954522
23.51943805,-0.07152495654
23.53943757,-0.0687819659
23.55943709,-0.06595341306
23.57943661,-0.06306137316
23.59943614,-0.06009679602
23.61943566,-0.05708434347
23.63943518,-0.05401436503
23.6594347,-0.05090484724
23.67943422,-0.047767702
23.69943375,-0.0446016205
23.71943327,-0.04142044064
23.73943279,-0.03824847887
23.75943231,-0.03507016849
23.77943183,-0.03190059798
23.79943136,-0.02873928078
23.81943088,-0.02560261923
23.8394304,-0.02249277683
23.85942992,-0.01943260091
23.87942945,-0.01641963401
23.89942897,-0.01345051579
23.91942849,-0.01055471573
23.93942801,-0.007735532147
23.95942753,-0.004984849989
23.97942706,-0.002318453912
23.99942658,0.0002347898287
24.0194261,0.002690487582
24.03942562,0.005029459432
24.05942514,0.007255818971
24.07942467,0.009345046916
24.09942419,0.01129568151
24.11942371,0.0130865635
24.13942323,0.01474272781
24.15942276,0.01624470815
24.17942228,0.01758597913
24.1994218,0.01876765221
24.21942132,0.01977963725
24.23942084,0.02062720745
24.25942037,0.02128836496
24.27941989,0.02175858707
24.29941941,0.02204444993
24.31941893,0.02213761804
24.33941845,0.02206290062
24.35941798,0.02179968308
24.3794175,0.02135951811
24.39941702,0.02074204895
24.41941654,0.01996100452
24.43941607,0.01903401695
24.45941559,0.01795404503
24.47941511,0.0167095837
24.49941463,0.01531245532
24.51941415,0.01379828081
24.53941368,0.01219276783
24.5594132,0.0104951535
24.57941272,0.008699428659
24.59941224,0.006812576742
24.61941176,0.004860323997
24.63941129,0.002856151962
24.65941081,0.0008162219177
24.67941033,-0.001246951738
24.69940985,-0.003315386343
24.71940938,-0.00537114144
24.7394089,-0.007405807799
24.75940842,-0.009409645105
24.77940794,-0.01137134278
24.79940746,-0.01326606309
24.81940699,-0.01506849307
24.83940651,-0.01676247929
24.85940603,-0.01833923947
24.87940555,-0.019794644
24.89940507,-0.02112711005
24.9194046,-0.0223079865
24.93940412,-0.02333856221
24.95940364,-0.0242037895
24.97940316,-0.02491099379
24.99940269,-0.02543165598
25.01940221,-0.0257668403
25.03940173,-0.02590592739
25.05940125,-0.02585188201
25.07940077,-0.02560672797
25.0994003,-0.02514007778
25.11939982,-0.02448743827
25.13939934,-0.02363861115
25.15939886,-0.02260584957
25.17939839,-0.02139905596
25.19939791,-0.0200179183
25.21939743,-0.0184536216
25.23939695,-0.01671865913
25.25939647,-0.01482885553
25.279396,-0.01280854935
25.29939552,-0.0106588256
25.31939504,-0.00839410606
25.33939456,-0.006014930366
25.35939408,-0.003545470869
25.37939361,-0.0009812345732
25.39939313,0.001663182567
25.41939265,0.004367407512
25.43939217,0.007116486766
25.4593917,0.009901555617
25.47939122,0.01269668757
25.49939074,0.01550327384
25.51939026,0.01829027261
25.53938978,0.02105820284
25.55938931,0.02376869609
25.57938883,0.02642185899
25.59938835,0.02901897197
25.61938787,0.03154353829
25.63938739,0.03397679037
25.65938692,0.03629943632
25.67938644,0.03851748288
25.69938596,0.04062210582
25.71938548,0.04259920099
25.73938501,0.04443344425
25.75938453,0.04610347348
25.77938405,0.04762670009
25.79938357,0.04898239633
25.81938309,0.05015190342
25.83938262,0.05115395866
25.85938214,0.05196527684
25.87938166,0.0525925438
25.89938118,0.05302831759
25.9193807,0.05326797951
25.93938023,0.05330777924
25.95937975,0.05315089216
25.97937927,0.05279810306
25.99937879,0.05226195393
26.01937832,0.05153733528
26.03937784,0.05060603218
26.05937736,0.04949356348
26.07937688,0.04820061628
26.0993764,0.0467208108
26.11937593,0.04507680715
26.13937545,0.04325029377
26.15937497,0.04126587419
26.17937449,0.0391277951
26.19937401,0.03682148758
26.21937354,0.03437376891
26.23937306,0.03178984021
26.25937258,0.02911336475
26.2793721,0.02634920488
26.29937163,0.02350016576
26.31937115,0.02055997744
26.33937067,0.01755565348
26.35937019,0.01448083158
26.37936971,0.01138769225
26.39936924,0.008271109705
26.41936876,0.005158777752
26.43936828,0.00205384274
26.4593678,-0.001025499219
26.47936732,-0.004078288554
26.49936685,-0.007085810222
26.51936637,-0.01002807699
26.53936589,-0.01288485985
26.55936541,-0.01565535871
26.57936494,-0.01832652083
26.59936446,-0.02090556229
26.61936398,-0.02334853775
26.6393635,-0.02565115278
26.65936302,-0.02780193785
26.67936255,-0.02979051824
26.69936207,-0.03160930225
26.71936159,-0.03326774412
26.73936111,-0.03475295096
26.75936063,-0.036066502
26.77936016,-0.03719580149
26.79935968,-0.03809833393
26.8193592,-0.03880269455
26.83935872,-0.03930871646
26.85935825,-0.03961429853
26.87935777,-0.03972794574
26.89935729,-0.03963128637
26.91935681,-0.03933657102
26.93935633,-0.03886428086
26.95935586,-0.0382187039
26.97935538,-0.03740712202
26.9993549,-0.03643803712
27.01935442,-0.03532720314
27.03935394,-0.03407474991
27.05935347,-0.03270132059
27.07935299,-0.03120970655
27.09935251,-0.02962672081
27.11935203,-0.02794831227
27.13935156,-0.02621029955
27.15935108,-0.02440481871
27.1793506,-0.02255535308
27.19935012,-0.02067916411
27.21934964,-0.01878743588
27.23934917,-0.01690514396
27.25934869,-0.01504927992
27.27934821,-0.01319852581
27.29934773,-0.01138441486
27.31934725,-0.009602703427
27.33934678,-0.007878084384
27.3593463,-0.006221366709
27.37934582,-0.004642469628
27.39934534,-0.003162629757
27.41934487,-0.001782746816
27.43934439,-0.0005048140721
27.45934391,0.0006731730599
27.47934343,0.001758133226
27.49934295,0.002718343874
27.51934248,0.00354435932
27.539342,0.004236772005
27.55934152,0.004812165993
27.57934104,0.005268811397
27.59934057,0.005600513032
27.61934009,0.005812929746
27.63933961,0.005896387967
27.65933913,0.005858901222
27.67933865,0.005706742666
27.69933818,0.005427613873
27.7193377,0.005051604171
27.73933722,0.004561330908
27.75933674,0.003966448668
27.77933626,0.003266817189
27.79933579,0.00246223989
27.81933531,0.001560488543
27.83933483,0.0005596899688
27.85933435,-0.0005195071344
27.87933388,-0.001667385937
27.8993334,-0.002886336322
27.91933292,-0.00419602614
27.93933244,-0.005557036847
27.95933196,-0.006974120161
27.97933149,-0.008443599995
27.99933101,-0.009966367532
28.01933053,-0.01153619779
28.03933005,-0.01316244065
28.05932957,-0.0148108826
28.0793291,-0.01646850837
28.09932862,-0.01812494642
28.11932814,-0.01979868038
28.13932766,-0.02148828155
28.15932719,-0.023186567
28.17932671,-0.02488766294
28.19932623,-0.02656860225
28.21932575,-0.02824076738
28.23932527,-0.02988628388
28.2593248,-0.03149245235
28.27932432,-0.03308301144
28.29932384,-0.03462856172
28.31932336,-0.03614687266
28.33932288,-0.03762315136
28.35932241,-0.03903695644
28.37932193,-0.04041271558
28.39932145,-0.04172984856
28.41932097,-0.04299213417
28.4393205,-0.04418552165
28.45932002,-0.04529199905
28.47931954,-0.0463152525
28.49931906,-0.04725936107
28.51931858,-0.04811429104
28.53931811,-0.04887246667
28.55931763,-0.04954358843
28.57931715,-0.0501283431
28.59931667,-0.05060668487
28.61931619,-0.05098383976
28.63931572,-0.0512640978
28.65931524,-0.05144690469
28.67931476,-0.05152126874
28.69931428,-0.05148067703
28.71931381,-0.05132079093
28.73931333,-0.05103904236
28.75931285,-0.05065831263
28.77931237,-0.050178173
28.79931189,-0.04961643852
28.81931142,-0.04898347364
28.83931094,-0.04827148171
28.85931046,-0.04747370774
28.87930998,-0.04659164664
28.8993095,-0.04563432098
28.91930903,-0.04461279733
28.93930855,-0.04353796398
28.95930807,-0.0424201625
28.97930759,-0.04123118776
28.99930712,-0.03999988432
29.01930664,-0.03872626558
29.03930616,-0.0374111765
29.05930568,-0.03606011541
29.0793052,-0.03465803017
29.09930473,-0.03321263377
29.11930425,-0.03173301911
29.13930377,-0.03021209589
29.15930329,-0.02867672666
29.17930281,-0.02712749048
29.19930234,-0.02560342761
29.21930186,-0.02408218497
29.23930138,-0.02256727611
29.2593009,-0.02106265895
29.27930043,-0.01958327901
29.29929995,-0.01812673485
29.31929947,-0.01669255345
29.33929899,-0.01529802416
29.35929851,-0.01396410769
29.37929804,-0.01267221717
29.39929756,-0.01143651562
29.41929708,-0.01026728515
29.4392966,-0.009153897645
29.45929612,-0.008116962652
29.47929565,-0.007161256774
29.49929517,-0.006270965884
29.51929469,-0.00545982714
29.53929421,-0.004734324881
29.55929374,-0.004105399955
29.57929326,-0.003586983979
29.59929278,-0.003182423061
29.6192923,-0.002881377305
29.63929182,-0.002689102796
29.65929135,-0.002617452626
29.67929087,-0.002662272023
29.69929039,-0.002833768538
29.71928991,-0.003128191544
29.73928943,-0.003553640133
29.75928896,-0.00410635205
29.77928848,-0.0047777143
29.799288,-0.005572041982
29.81928752,-0.006507133704
29.83928705,-0.007544370427
29.85928657,-0.008693366759
29.87928609,-0.009933228035
29.89928561,-0.01126756584
29.91928513,-0.01269349166
29.93928466,-0.0142320362
29.95928418,-0.01586467904
29.9792837,-0.01759307274
29.99928322,-0.01938144187
30.01928275,-0.0212361223
30.03928227,-0.02313711756
30.05928179,-0.0250743197
30.07928131,-0.02703991758
30.09928083,-0.02905023868
30.11928036,-0.03108280356
30.13927988,-0.03312975494
30.1592794,-0.03514069039
30.17927892,-0.03713050558
30.19927844,-0.03905991872
30.21927797,-0.04092867258
30.23927749,-0.0427259126
30.25927701,-0.04445524337
30.27927653,-0.04608954498
30.29927606,-0.04762157225
30.31927558,-0.04902015593
30.3392751,-0.05033282261
30.35927462,-0.05153550494
30.37927414,-0.05261248078
30.39927367,-0.0535413279
30.41927319,-0.05432008589
30.43927271,-0.05493583051
30.45927223,-0.0553800306
30.47927175,-0.05567340479
30.49927128,-0.05581515253
30.5192708,-0.05579339719
30.53927032,-0.05562089042
30.55926984,-0.05528673241
30.57926937,-0.05478863755
30.59926889,-0.05412363604
30.61926841,-0.05329060917
30.63926793,-0.05231310768
30.65926745,-0.05118878211
30.67926698,-0.04989462058
30.6992665,-0.04845769228
30.71926602,-0.04688274096
30.73926554,-0.04521777281
30.75926506,-0.04344954014
30.77926459,-0.04157765381
30.79926411,-0.03962166651
30.81926363,-0.03758511956
30.83926315,-0.0354783743
30.85926268,-0.03331257169
30.8792622,-0.03109827714
30.89926172,-0.02883543429
30.91926124,-0.0265312658
30.93926076,-0.02421042895
30.95926029,-0.02188758387
30.97925981,-0.01956554856
30.99925933,-0.01725174412
31.01925885,-0.0149763496
31.03925837,-0.01272925967
31.0592579,-0.0105266147
31.07925742,-0.008363350925
31.09925694,-0.006268280736
31.11925646,-0.004246516199
31.13925599,-0.002323738191
31.15925551,-0.0005036809988
31.17925503,0.001201655875
31.19925455,0.002776322843
31.21925407,0.004236491053
31.2392536,0.005574520409
31.25925312,0.00675369372
31.27925264,0.007803342046
31.29925216,0.008696800944
31.31925168,0.009439147106
31.33925121,0.01002943071
31.35925073,0.01047338758
31.37925025,0.0107583521
31.39924977,0.01087475711
31.4192493,0.01080138631
31.43924882,0.01055056952
31.45924834,0.0101362542
31.47924786,0.009569056799
31.49924738,0.008846170268
31.51924691,0.007968821983
31.53924643,0.006920405299
31.55924595,0.005703445254
31.57924547,0.004333554512
31.59924499,0.002826814019
31.61924452,0.001195805881
31.63924404,-0.0005468234362
31.65924356,-0.002406889914
31.67924308,-0.004376502778
31.69924261,-0.006444106411
31.71924213,-0.008587036011
31.73924165,-0.01077674515
31.75924117,-0.01302447449
31.77924069,-0.01533715868
31.79924022,-0.01768568231
31.81923974,-0.02005698809
31.83923926,-0.02242017732
31.85923878,-0.02477618113
31.8792383,-0.02710561809
31.89923783,-0.02939541425
31.91923735,-0.03163365678
31.93923687,-0.03381277805
31.95923639,-0.03593626011
31.97923592,-0.03797631443
31.99923544,-0.03991548547
32.01923496,-0.04175075149
32.03923448,-0.04345905305
32.059234,-0.04505846497
32.07923353,-0.04652060441
32.09923305,-0.04783505687
32.11923257,-0.04899256115
32.13923209,-0.04998360874
32.15923161,-0.0508090032
32.17923114,-0.05145907197
32.19923066,-0.05194470536
32.21923018,-0.05227157691
32.2392297,-0.05242784516
32.25922923,-0.05242744533
32.27922875,-0.05228304066
32.29922827,-0.05198699417
32.31922779,-0.05155676952
32.33922731,-0.0509830442
32.35922684,-0.05028302919
32.37922636,-0.04944452405
32.39922588,-0.04847275685
32.4192254,-0.04736726361
32.43922492,-0.04615167078
32.45922445,-0.04483714712
32.47922397,-0.04342507693
32.49922349,-0.04191952219
32.51922301,-0.04033961403
32.53922254,-0.03869537019
32.55922206,-0.03699673127
32.57922158,-0.03526552235
32.5992211,-0.03350531833
32.61922062,-0.03172722106
32.63922015,-0.02992534677
32.65921967,-0.02810211013
32.67921919,-0.02627155071
32.69921871,-0.02447463914
32.71921824,-0.02270838327
32.73921776,-0.02098166658
32.75921728,-0.01928142762
32.7792168,-0.01761365932
32.79921632,-0.01597995232
32.81921585,-0.01440793387
32.83921537,-0.01290363875
32.85921489,-0.01145434973
32.87921441,-0.01005927446
32.89921393,-0.008728972642
32.91921346,-0.00747982737
32.93921298,-0.006315463809
32.9592125,-0.005235545475
32.97921202,-0.004242654313
32.99921155,-0.003335356041
33.01921107,-0.002516963244
33.03921059,-0.001783969559
33.05921011,-0.001144008224
33.07920963,-0.0005841149439
33.09920916,-0.0001207032326
33.11920868,0.0002568014537
33.1392082,0.0005483588825
33.15920772,0.0007709578586
33.17920724,0.0009186722899
33.19920677,0.0009690027925
33.21920629,0.0009269283904
33.23920581,0.0008102516982
33.25920533,0.0006202335172
33.27920486,0.0003585057404
33.29920438,2.395333555e-005
33.3192039,-0.0003947121653
33.33920342,-0.0008881076847
33.35920294,-0.001462467339
33.37920247,-0.002120348528
33.39920199,-0.002844332237
33.41920151,-0.003615402507
33.43920103,-0.004424059976
33.45920055,-0.005273648107
33.47920008,-0.006189639655
33.4991996,-0.007160036843
33.51919912,-0.008178080667
33.53919864,-0.009212294796
33.55919817,-0.01027213791
33.57919769,-0.0113648129
33.59919721,-0.01248375194
33.61919673,-0.01362327222
33.63919625,-0.01475546751
33.65919578,-0.01588891872
33.6791953,-0.01702611123
33.69919482,-0.01818591003
33.71919434,-0.01936080218
33.73919386,-0.02052967687
33.75919339,-0.02169776291
33.77919291,-0.02285104788
33.79919243,-0.02398263685
33.81919195,-0.02508809148
33.83919148,-0.02616839263
33.859191,-0.0272149283
33.87919052,-0.0282235657
33.89919004,-0.02918176341
33.91918956,-0.03008161891
33.93918909,-0.03093051729
33.95918861,-0.0317412345
33.97918813,-0.03249200153
33.99918765,-0.0331870923
34.01918717,-0.03379934044
34.0391867,-0.03432886245
34.05918622,-0.03479082101
34.07918574,-0.03519361617
34.09918526,-0.03553374576
34.11918479,-0.03580314578
34.13918431,-0.03598315984
34.15918383,-0.03607553812
34.17918335,-0.03609240052
34.19918287,-0.03603536636
34.2191824,-0.03588424642
34.23918192,-0.03565178578
34.25918144,-0.03533239916
34.27918096,-0.03492304683
34.29918048,-0.03442389379
34.31918001,-0.03384749737
34.33917953,-0.03319124292
34.35917905,-0.03246270978
34.37917857,-0.03165298593
34.3991781,-0.03075850438
34.41917762,-0.02979944321
34.43917714,-0.02879990337
34.45917666,-0.02773165999
34.47917618,-0.02658210587
34.49917571,-0.02536356546
34.51917523,-0.02409480895
34.53917475,-0.02278825513
34.55917427,-0.02145409818
34.57917379,-0.02007342037
34.59917332,-0.0186725533
34.61917284,-0.01723520492
34.63917236,-0.01575995494
34.65917188,-0.01427360124
34.67917141,-0.01278271668
34.69917093,-0.0112863001
34.71917045,-0.009791343348
34.73916997,-0.008308658689
34.75916949,-0.006832348242
34.77916902,-0.00539127819
34.79916854,-0.003991252676
34.81916806,-0.002642330443
34.83916758,-0.001345175827
34.8591671,-0.000112332207
34.87916663,0.001071513353
34.89916615,0.002199469566
34.91916567,0.003271930997
34.93916519,0.004264451477
34.95916472,0.005165007596
34.97916424,0.005960241727
34.99916376,0.006665300926
35.01916328,0.007288477456
35.0391628,0.007818363652
35.05916233,0.00824491936
35.07916185,0.008569289248
35.09916137,0.008789600828
35.11916089,0.008917683357
35.13916042,0.008956338778
35.15915994,0.008891569363
35.17915946,0.008719485139
35.19915898,0.0084246052
35.2191585,0.008007286179
35.23915803,0.007478991965
35.25915755,0.006842727395
35.27915707,0.00611072111
35.29915659,0.005292616449
35.31915611,0.004374128648
35.33915564,0.003374735653
35.35915516,0.002308375572
35.37915468,0.0011981567
35.3991542,2.628951235e-005
35.41915373,-0.001206066706
35.43915325,-0.002506223563
35.45915277,-0.003879681899
35.47915229,-0.005296598144
35.49915181,-0.006750774035
35.51915134,-0.008220442192
35.53915086,-0.009718264858
35.55915038,-0.01123719884
35.5791499,-0.01277053986
35.59914942,-0.0142924286
35.61914895,-0.01578894127
35.63914847,-0.01725690002
35.65914799,-0.01870189705
35.67914751,-0.02010565374
35.69914704,-0.02146175518
35.71914656,-0.02275072663
35.73914608,-0.02395722377
35.7591456,-0.02508559957
35.77914512,-0.02613821867
35.79914465,-0.02712570573
35.81914417,-0.02802648254
35.83914369,-0.02883583172
35.85914321,-0.02952904465
35.87914273,-0.03012089025
35.89914226,-0.03058610795
35.91914178,-0.0309326502
35.9391413,-0.03115747303
35.95914082,-0.03126880288
35.97914035,-0.03126987836
35.99913987,-0.03114543356
36.01913939,-0.03090520175
36.03913891,-0.03054695533
36.05913843,-0.03008739861
36.07913796,-0.02949410246
36.09913748,-0.02878619635
36.119137,-0.02794098217
36.13913652,-0.0269852845
36.15913604,-0.02593518176
36.17913557,-0.02478758677
36.19913509,-0.02354705269
36.21913461,-0.02221801615
36.23913413,-0.0207992198
36.25913366,-0.01930730533
36.27913318,-0.01776278248
36.2991327,-0.01618805842
36.31913222,-0.01458578176
36.33913174,-0.01294602931
36.35913127,-0.01128428092
36.37913079,-0.009612017161
36.39913031,-0.007959295943
36.41912983,-0.006327126229
36.43912935,-0.004718754957
36.45912888,-0.003117812554
36.4791284,-0.001550972717
36.49912792,-4.007886657e-005
36.51912744,0.001386040037
36.53912697,0.002742129086
36.55912649,0.004027441889
36.57912601,0.005223658221
36.59912553,0.006347195427
36.61912505,0.007359049984
36.63912458,0.008252507954
36.6591241,0.009058053091
36.67912362,0.009750909113
36.69912314,0.01032645235
36.71912266,0.01079634772
36.73912219,0.01115211191
36.75912171,0.0113709796
36.77912123,0.01145451998
36.79912075,0.0114185941
36.81912028,0.01126977454
36.8391198,0.01100111422
36.85911932,0.01060273547
36.87911884,0.01010390035
36.89911836,0.009496030531
36.91911789,0.008777069211
36.93911741,0.007958885931
36.95911693,0.007053028808
36.97911645,0.00606142475
36.99911597,0.004982808133
37.0191155,0.003837558243
37.03911502,0.002633279146
37.05911454,0.001385038714
37.07911406,0.0001001048929
37.09911359,-0.001210089378
37.11911311,-0.002513620963
37.13911263,-0.003817794746
37.15911215,-0.00510853621
37.17911167,-0.006395885388
37.1991112,-0.007662272133
37.21911072,-0.008921986914
37.23911024,-0.01016061396
37.25910976,-0.01136939213
37.27910928,-0.0125270739
37.29910881,-0.01361602184
37.31910833,-0.01464786209
37.33910785,-0.01561871388
37.35910737,-0.01652880456
37.3791069,-0.01737173311
37.39910642,-0.01812122106
37.41910594,-0.01876943243
37.43910546,-0.01931635732
37.45910498,-0.01974168279
37.47910451,-0.02005126772
37.49910403,-0.02022470741
37.51910355,-0.02028463687
37.53910307,-0.02024348806
37.5591026,-0.020112672
37.57910212,-0.01988227014
37.59910164,-0.01956525177
37.61910116,-0.01913470954
37.63910068,-0.01860375916
37.65910021,-0.01798379172
37.67909973,-0.01727449593
37.69909925,-0.01647740691
37.71909877,-0.01558397055
37.73909829,-0.01460428989
37.75909782,-0.01354595491
37.77909734,-0.01241951081
37.79909686,-0.0112028791
37.81909638,-0.009889041035
37.83909591,-0.008499379679
37.85909543,-0.00703497033
37.87909495,-0.00551991283
37.89909447,-0.003945449618
37.91909399,-0.002315462734
37.93909352,-0.0006260688979
37.95909304,0.001061344943
37.97909256,0.002767606707
37.99909208,0.004502190644
38.0190916,0.006321680062
38.03909113,0.008127186705
38.05909065,0.009888775364
38.07909017,0.01166308193
38.09908969,0.01342252839
38.11908922,0.01517577163
38.13908874,0.01692319805
38.15908826,0.01864289537
38.17908778,0.02033024454
38.1990873,0.02200047778
38.21908683,0.02361396917
38.23908635,0.02519192877
38.25908587,0.0267078856
38.27908539,0.02818713804
38.29908491,0.02959155313
38.31908444,0.03096600844
38.33908396,0.03227126631
38.35908348,0.03351535719
38.379083,0.03467649654
38.39908253,0.03576734159
38.41908205,0.0367884245
38.43908157,0.03773336778
38.45908109,0.03862887067
38.47908061,0.03943969615
38.49908014,0.04016896015
38.51907966,0.04082466102
38.53907918,0.04140047885
38.5590787,0.04189396788
38.57907822,0.04231312065
38.59907775,0.04266027614
38.61907727,0.04291837192
38.63907679,0.04308053116
38.65907631,0.04316257677
38.67907584,0.04317616916
38.69907536,0.04311896644
38.71907488,0.04298627476
38.7390744,0.04279771851
38.75907392,0.04252684454
38.77907345,0.04218795315
38.79907297,0.0418107721
38.81907249,0.04139192664
38.83907201,0.04094611407
38.85907153,0.04047136956
38.87907106,0.03993060637
38.89907058,0.03933064272
38.9190701,0.03870380838
38.93906962,0.03806884974
38.95906915,0.03738485393
38.97906867,0.03667458997
38.99906819,0.03591536911
39.01906771,0.03516715944
39.03906723,0.03436689211
39.05906676,0.03359088178
39.07906628,0.03285463811
39.0990658,0.03210508225
39.11906532,0.03135120969
39.13906484,0.03062089899
39.15906437,0.02987609663
39.17906389,0.0291557062
39.19906341,0.02845304538
39.21906293,0.027788317
39.23906246,0.02714862953
39.25906198,0.02653211989
39.2790615,0.02595020048
39.29906102,0.02541487136
39.31906054,0.02490365589
39.33906007,0.02439249743
39.35905959,0.02389359056
39.37905911,0.02346264097
39.39905863,0.02307605423
39.41905815,0.02274504752
39.43905768,0.02247776785
39.4590572,0.0222718879
39.47905672,0.02212117797
39.49905624,0.02203219407
39.51905577,0.02201007481
39.53905529,0.0220525094
39.55905481,0.02215613575
39.57905433,0.02230710576
39.59905385,0.02251479752
39.61905338,0.02277492411
39.6390529,0.02311483131
39.65905242,0.02350245116
39.67905194,0.02392658751
39.69905146,0.02443498026
39.71905099,0.02498462986
39.73905051,0.02560431676
39.75905003,0.02630087055
39.77904955,0.02708725045
39.79904908,0.02794876991
39.8190486,0.02886905413
39.83904812,0.02983741387
39.85904764,0.03085560805
39.87904716,0.03194297212
39.89904669,0.03309596132
39.91904621,0.03430553575
39.93904573,0.03554872716
39.95904525,0.03684431926
39.97904477,0.03814914473
39.9990443,0.03949384944
40.01904382,0.04091546598
40.03904334,0.04233133865
40.05904286,0.04380890638
40.07904239,0.04524026047
40.09904191,0.04673870206
40.11904143,0.04821024756
40.13904095,0.04972792726
40.15904047,0.05119169264
40.17904,0.05263087533
40.19903952,0.05403928472
40.21903904,0.05537856993
40.23903856,0.05668620197
40.25903809,0.05792854186
40.27903761,0.05915010216
40.29903713,0.06026753416
40.31903665,0.06131465236
40.33903617,0.06226519902
40.3590357,0.06314412279
40.37903522,0.06394556126
40.39903474,0.06464718118
40.41903426,0.06523818231
40.43903378,0.06576186368
40.45903331,0.0662249239
40.47903283,0.06658956629
40.49903235,0.06689235018
40.51903187,0.06709634942
40.5390314,0.06718436965
40.55903092,0.06714574271
40.57903044,0.06698718412
40.59902996,0.06670076049
40.61902948,0.0662978713
40.63902901,0.06578660455
40.65902853,0.06520493137
40.67902805,0.06455191896
40.69902757,0.06384657113
40.71902709,0.06309178407
40.73902662,0.06224627672
40.75902614,0.06130283351
40.77902566,0.06028645984
40.79902518,0.05921878748
40.81902471,0.05808872002
40.83902423,0.05687556322
40.85902375,0.05559269159
40.87902327,0.05425826634
40.89902279,0.05287629179
40.91902232,0.05144813945
40.93902184,0.05000181572
40.95902136,0.04854943649
40.97902088,0.04712251579
40.9990204,0.04572948449
41.01901993,0.04438522713
41.03901945,0.0430803641
41.05901897,0.04183222098
41.07901849,0.0406439121
41.09901802,0.0395376038
41.11901754,0.03850290429
41.13901706,0.03752190728
41.15901658,0.03659535106
41.1790161,0.03576092584
41.19901563,0.03499670741
41.21901515,0.03431894036
41.23901467,0.03372920774
41.25901419,0.03322666355
41.27901371,0.03283335178
41.29901324,0.03257627386
41.31901276,0.03245580507
41.33901228,0.03248185734
41.3590118,0.03262406634
41.37901133,0.03287130445
41.39901085,0.03323479227
41.41901037,0.033700775
41.43900989,0.03423284075
41.45900941,0.03484813009
41.47900894,0.035554717
41.49900846,0.0363253579
41.51900798,0.03716292806
41.5390075,0.03807184011
41.55900702,0.03905862893
41.57900655,0.04012052208
41.59900607,0.04126344277
41.61900559,0.04246773919
41.63900511,0.04371254746
41.65900464,0.04498627771
41.67900416,0.04625865248
41.69900368,0.04751314804
41.7190032,0.04873883315
41.73900272,0.04992914402
41.75900225,0.051071097
41.77900177,0.05215334534
41.79900129,0.05315901682
41.81900081,0.05406862065
41.83900033,0.05492431547
41.85899986,0.05574394537
41.87899938,0.05649998274
41.8989989,0.0571747362
41.91899842,0.05777283085
41.93899795,0.05825881749
41.95899747,0.05859708497
41.97899699,0.05882172146
41.99899651,0.05891655751
42.01899603,0.05887153332
42.03899556,0.05867288336
42.05899508,0.0583289903
42.0789946,0.05783586301
42.09899412,0.0571704256
42.11899364,0.05633134789
42.13899317,0.05535418489
42.15899269,0.05423772713
42.17899221,0.05298710516
42.19899173,0.05159260454
42.21899126,0.05006275083
42.23899078,0.04838199014
42.2589903,0.04658557977
42.27898982,0.0446674874
42.29898934,0.04261504219
42.31898887,0.04043115207
42.33898839,0.03815960631
42.35898791,0.03577803572
42.37898743,0.03329731301
42.39898695,0.03074545074
42.41898648,0.02813633538
42.438986,0.02550072887
42.45898552,0.02282658945
42.47898504,0.02009040323
42.49898457,0.01730777813
42.51898409,0.01448583742
42.53898361,0.01165785986
42.55898313,0.008848995138
42.57898265,0.006035405819
42.59898218,0.003235285499
42.6189817,0.0004604848274
42.63898122,-0.002307896379
42.65898074,-0.005035728603
42.67898027,-0.007695605242
42.69897979,-0.01025859334
42.71897931,-0.01274780302
42.73897883,-0.01516126068
42.75897835,-0.01748824526
42.77897788,-0.01972999643
42.7989774,-0.02189188244
42.81897692,-0.02397978577
42.83897644,-0.02597653235
42.85897596,-0.0278794007
42.87897549,-0.0296963635
42.89897501,-0.03141308346
42.91897453,-0.0330403811
42.93897405,-0.0345605085
42.95897358,-0.03592473937
42.9789731,-0.03715757462
42.99897262,-0.03824936198
43.01897214,-0.03922103115
43.03897166,-0.04007716094
43.05897119,-0.04081369912
43.07897071,-0.04143155036
43.09897023,-0.04191742597
43.11896975,-0.04224407699
43.13896927,-0.04245030631
43.1589688,-0.04256866566
43.17896832,-0.04259155479
43.19896784,-0.04251336502
43.21896736,-0.04230891959
43.23896689,-0.04198988809
43.25896641,-0.04158681337
43.27896593,-0.04108461916
43.29896545,-0.04050556139
43.31896497,-0.03985282669
43.3389645,-0.03913861881
43.35896402,-0.03833654679
43.37896354,-0.03745972361
43.39896306,-0.03652055145
43.41896258,-0.0355594037
43.43896211,-0.03456378642
43.45896163,-0.03351977606
43.47896115,-0.03243655684
43.49896067,-0.03132704154
43.5189602,-0.03019123502
43.53895972,-0.02904495553
43.55895924,-0.02787522693
43.57895876,-0.02669167262
43.59895828,-0.02549137177
43.61895781,-0.02427396828
43.63895733,-0.02306821549
43.65895685,-0.02188187784
43.67895637,-0.02073094322
43.69895589,-0.0196411254
43.71895542,-0.01859476489
43.73895494,-0.01752367271
43.75895446,-0.01646158892
43.77895398,-0.01543772291
43.79895351,-0.01444636981
43.81895303,-0.01348355599
43.83895255,-0.01252518301
43.85895207,-0.01160426061
43.87895159,-0.01074577156
43.89895112,-0.009920677135
43.91895064,-0.009143366838
43.93895016,-0.00845130414
43.95894968,-0.007794738683
43.9789492,-0.007187868143
43.99894873,-0.006630632155
44.01894825,-0.006074834474
44.03894777,-0.005579323891
44.05894729,-0.005168167807
44.07894682,-0.004808244124
44.09894634,-0.00448700247
44.11894586,-0.004205916582
44.13894538,-0.004001197127
44.1589449,-0.003848605913
44.17894443,-0.003742638194
44.19894395,-0.003663727658
44.21894347,-0.003657630299
44.23894299,-0.003741711738
44.25894251,-0.003862890973
44.27894204,-0.004022823015
44.29894156,-0.004245591294
44.31894108,-0.004509550063
44.3389406,-0.004782764082
44.35894013,-0.00507217476
44.37893965,-0.005421048721
44.39893917,-0.005825537305
44.41893869,-0.006248678022
44.43893821,-0.006669676202
44.45893774,-0.007126213941
44.47893726,-0.007661564272
44.49893678,-0.008225789941
44.5189363,-0.008796032656
44.53893582,-0.00937691032
44.55893535,-0.009946826725
44.57893487,-0.01050148773
44.59893439,-0.01103139284
44.61893391,-0.01156677045
44.63893344,-0.01209775076
44.65893296,-0.01261026604
44.67893248,-0.01312555571
44.698932,-0.01360369695
44.71893152,-0.01407933037
44.73893105,-0.01455755557
44.75893057,-0.01499695202
44.77893009,-0.01542453817
44.79892961,-0.01584989721
44.81892913,-0.01624212928
44.83892866,-0.01655483069
44.85892818,-0.0168323119
44.8789277,-0.01707151004
44.89892722,-0.01723911946
44.91892675,-0.01734879638
44.93892627,-0.01739734995
44.95892579,-0.01741981282
44.97892531,-0.01740586128
44.99892483,-0.01734234899
45.01892436,-0.01722590523
45.03892388,-0.01702469566
45.0589234,-0.01673425439
45.07892292,-0.01639220476
45.09892245,-0.01598258081
45.11892197,-0.01551410536
45.13892149,-0.01498953234
45.15892101,-0.01437691105
45.17892053,-0.01369531061
45.19892006,-0.01294779816
45.21891958,-0.0121487146
45.2389191,-0.01133467302
45.25891862,-0.01047858685
45.27891814,-0.009555726053
45.29891767,-0.008534877907
45.31891719,-0.00747582339
45.33891671,-0.006374187616
45.35891623,-0.005252449678
45.37891576,-0.004096733394
45.39891528,-0.002920389798
45.4189148,-0.001736161783
45.43891432,-0.0005743303634
45.45891384,0.0005481592136
45.47891337,0.001648135901
45.49891289,0.002768542843
45.51891241,0.003901973588
45.53891193,0.005006999011
45.55891145,0.006101242956
45.57891098,0.007141305522
45.5989105,0.008078954266
45.61891002,0.008954893578
45.63890954,0.0097984376
45.65890907,0.0105804738
45.67890859,0.01125880711
45.69890811,0.01179704936
45.71890763,0.0122700293
45.73890715,0.01268090354
45.75890668,0.01303298543
45.7789062,0.01327933876
45.79890572,0.0134062551
45.81890524,0.01341018858
45.83890476,0.01329618939
45.85890429,0.01308113709
45.87890381,0.01277974269
45.89890333,0.01235996803
45.91890285,0.0118265048
45.93890238,0.01122197493
45.9589019,0.01057091586
45.97890142,0.009865843061
45.99890094,0.009098831178
46.01890046,0.008255235444
46.03889999,0.007333701214
46.05889951,0.006367760277
46.07889903,0.00538250633
46.09889855,0.004356641939
46.11889807,0.003267887924
46.1388976,0.002156800658
46.15889712,0.001115538763
46.17889664,0.0001273944267
46.19889616,-0.0008115702078
46.21889569,-0.001710085436
46.23889521,-0.002605837356
46.25889473,-0.003454326704
46.27889425,-0.004226069827
46.29889377,-0.004945639763
46.3188933,-0.005626727517
46.33889282,-0.006257251136
46.35889234,-0.006795805776
46.37889186,-0.007174739723
46.39889138,-0.007399428532
46.41889091,-0.0075293237
46.43889043,-0.007586304215
46.45888995,-0.007545506555
46.47888947,-0.007382351894
46.498889,-0.00711972222
46.51888852,-0.006789036556
46.53888804,-0.006404165291
46.55888756,-0.005905414704
46.57888708,-0.005256300562
46.59888661,-0.004480072584
46.61888613,-0.003590027057
46.63888565,-0.002605784505
46.65888517,-0.001578845863
46.67888469,-0.0005259254438
46.69888422,0.0006073442929
46.71888374,0.001778156474
46.73888326,0.003003958944
46.75888278,0.004302010812
46.77888231,0.005679018125
46.79888183,0.007127239974
46.81888135,0.008598845394
46.83888087,0.010065316
46.85888039,0.01155202563
46.87887992,0.01300353028
46.89887944,0.01445519906
46.91887896,0.01591345648
46.93887848,0.0173036626
46.958878,0.01870611381
46.97887753,0.0201321356
46.99887705,0.02151488165
47.01887657,0.02282909612
47.03887609,0.02410989294
47.05887562,0.02527951421
47.07887514,0.02629494963
47.09887466,0.02726896023
47.11887418,0.02820629411
47.1388737,0.02906012896
47.15887323,0.02991944295
47.17887275,0.03068193758
47.19887227,0.03132527971
47.21887179,0.03184799858
47.23887131,0.03217615357
47.25887084,0.03234974364
47.27887036,0.03243021624
47.29886988,0.03243920628
47.3188694,0.03238346623
47.33886893,0.03229610702
47.35886845,0.03206459611
47.37886797,0.03170676298
47.39886749,0.03115981215
47.41886701,0.03038573376
47.43886654,0.0294682634
47.45886606,0.0284989326
47.47886558,0.02739461248
47.4988651,0.02618290974
47.51886463,0.02494270224
47.53886415,0.02362593964
47.55886367,0.02220072581
47.57886319,0.02064278543
47.59886271,0.01895006704
47.61886224,0.01720094673
47.63886176,0.01536108924
47.65886128,0.01346292694
47.6788608,0.01160461326
47.69886032,0.009749896578
47.71885985,0.007860004791
47.73885937,0.005947619723
47.75885889,0.003989887799
47.77885841,0.00203659752
47.79885794,9.958170697e-005
47.81885746,-0.001837489954
47.83885698,-0.003663996161
47.8588565,-0.005358119003
47.87885602,-0.006989150022
47.89885555,-0.008599033003
47.91885507,-0.01023458203
47.93885459,-0.01175951132
47.95885411,-0.01311215819
47.97885363,-0.0143229523
47.99885316,-0.01538386535
48.01885268,-0.01634276354
48.0388522,-0.01721857892
48.05885172,-0.01800879586
48.07885125,-0.0187520461
48.09885077,-0.01929604629
48.11885029,-0.01971415669
48.13884981,-0.01997209483
48.15884933,-0.01997839144
48.17884886,-0.01990530873
48.19884838,-0.0196908745
48.2188479,-0.01944528707
48.23884742,-0.01908621002
48.25884694,-0.0185704919
48.27884647,-0.01791482353
48.29884599,-0.01707593162
48.31884551,-0.01615304971
48.33884503,-0.01505938663
48.35884456,-0.01396719
48.37884408,-0.01282995484
48.3988436,-0.01157533443
48.41884312,-0.01029426274
48.43884264,-0.008864030972
48.45884217,-0.007390198983
48.47884169,-0.005865524717
48.49884121,-0.004382820131
48.51884073,-0.002835553492
48.53884025,-0.001256159187
48.55883978,0.0003624480578
48.5788393,0.002063450686
48.59883882,0.003768032662
48.61883834,0.005477516478
48.63883787,0.007025238692
48.65883739,0.008554912537
48.67883691,0.01008447835
48.69883643,0.01171723523
48.71883595,0.01329446831
48.73883548,0.01479817441
48.758835,0.0159982143
48.77883452,0.01723536488
48.79883404,0.01846230105
48.81883356,0.01976441021
48.83883309,0.0209719821
48.85883261,0.02203004113
48.87883213,0.02285376463
48.89883165,0.02359689718
48.91883118,0.02438840627
48.9388307,0.02516145696
48.95883022,0.02591297612
48.97882974,0.02647189679
48.99882926,0.02694906913
49.01882879,0.02725269152
49.03882831,0.02766048012
49.05882783,0.02804720153
49.07882735,0.02840892405
49.09882687,0.02848292022
49.1188264,0.02837570808
49.13882592,0.02835023064
49.15882544,0.02826066203
49.17882496,0.02816640136
49.19882449,0.0278629501
49.21882401,0.02748464334
49.23882353,0.02713987376
49.25882305,0.02672168229
49.27882257,0.02621636546
49.2988221,0.02557834862
49.31882162,0.02470927005
49.33882114,0.02392905911
49.35882066,0.0231042012
49.37882018,0.02206660369
49.39881971,0.02081892356
49.41881923,0.01966008147
49.43881875,0.01857457165
49.45881827,0.01731692173
49.4788178,0.01587783267
49.49881732,0.01444748977
49.51881684,0.01305158758
49.53881636,0.01140482628
49.55881588,0.009700996374
49.57881541,0.008218418214
49.59881493,0.006785702534
49.61881445,0.005112918408
49.63881397,0.00342712366
49.65881349,0.001940797747
49.67881302,0.0002200352151
49.69881254,-0.001499716587
49.71881206,-0.002805621863
49.73881158,-0.004113515471
49.75881111,-0.005473236874
49.77881063,-0.00659851748
49.79881015,-0.00765502476
49.81880967,-0.008487876089
49.83880919,-0.00925452614
49.85880872,-0.01015206334
49.87880824,-0.0105287543
49.89880776,-0.01113949545
49.91880728,-0.01166427623
49.9388068,-0.01069613738
49.95880633,-0.003654652032
49.97880585,0.003385495795
