0,0.004121457304
0.02002602707,0.006006259907
0.04005205415,0.006119430979
0.06007808122,0.00627674519
0.08010410829,0.006445164613
0.1001301354,0.006191488937
0.1201561624,0.00623617105
0.1401821895,0.006067344648
0.1602082166,0.006231416152
0.1802342437,0.006302581048
0.2002602707,0.006379452605
0.2202862978,0.006588397361
0.2403123249,0.006680121377
0.260338352,0.006722313673
0.280364379,0.006899312544
0.3003904061,0.007052886973
0.3204164332,0.007110673595
0.3404424603,0.007267996521
0.3604684873,0.007432624085
0.3804945144,0.007449599927
0.4005205415,0.007503976336
0.4205465685,0.007667743363
0.4405725956,0.007850343928
0.4605986227,0.007862174907
0.4806246498,0.007978842161
0.5006506768,0.008205576666
0.5206767039,0.008287149768
0.540702731,0.008279912518
0.5607287581,0.008306773277
0.5807547851,0.008293187461
0.6007808122,0.008354919137
0.6208068393,0.008365285582
0.6408328664,0.008348062478
0.6608588934,0.008319713069
0.6808849205,0.008445944593
0.7009109476,0.008540160627
0.7209369747,0.008576547522
0.7409630017,0.008587754388
0.7609890288,0.008654353514
0.7810150559,0.008795255535
0.8010410829,0.008958622685
0.82106711,0.009054143909
0.8410931371,0.009153347645
0.8611191642,0.009233768458
0.8811451912,0.009405113661
0.9011712183,0.00957758818
0.9211972454,0.009679919815
0.9412232725,0.009753309531
0.9612492995,0.00985116161
0.9812753266,0.009936624094
1.001301354,0.01006719532
1.021327381,0.01016893984
1.041353408,0.01023520335
1.061379435,0.01038435315
1.081405462,0.0104418407
1.101431489,0.0104304598
1.121457516,0.01042898487
1.141483543,0.01054224637
1.16150957,0.01055849832
1.181535597,0.01065480663
1.201561624,0.01070225527
1.221587651,0.01076617454
1.241613679,0.01088124153
1.261639706,0.01099897705
1.281665733,0.01111974436
1.30169176,0.01126650982
1.321717787,0.01147308321
1.341743814,0.01161767474
1.361769841,0.0117979597
1.381795868,0.01192593963
1.401821895,0.01202249603
1.421847922,0.01212772089
1.441873949,0.01223341009
1.461899976,0.01241563276
1.481926003,0.0124979579
1.501952031,0.01257846992
1.521978058,0.01268051961
1.542004085,0.01277799921
1.562030112,0.01290675009
1.582056139,0.01305106186
1.602082166,0.01321655238
1.622108193,0.01335466764
1.64213422,0.01350958201
1.662160247,0.01361165708
1.682186274,0.01368742736
1.702212301,0.01379179227
1.722238328,0.01391228444
1.742264355,0.01397731446
1.762290382,0.0140490335
1.78231641,0.0141191305
1.802342437,0.01417901194
1.822368464,0.01418696477
1.842394491,0.01421287438
1.862420518,0.01425789967
1.882446545,0.01429352366
1.902472572,0.01432592634
1.922498599,0.01434206145
1.942524626,0.01430583261
1.962550653,0.01422402525
1.98257668,0.01409147184
2.002602707,0.01399269747
2.022628734,0.01391592431
2.042654762,0.01386364255
2.062680789,0.01378601499
2.082706816,0.01374824231
2.102732843,0.0137081006
2.12275887,0.01363520831
2.142784897,0.0135057651
2.162810924,0.01333511342
2.182836951,0.01324143377
2.202862978,0.01318938487
2.222889005,0.01312926586
2.242915032,0.01304934078
2.262941059,0.01296390321
2.282967086,0.01288255939
2.302993113,0.01277308549
2.323019141,0.01257065534
2.343045168,0.01240385301
2.363071195,0.01225652489
2.383097222,0.01215657203
2.403123249,0.01211190916
2.423149276,0.01208486198
2.443175303,0.01201858279
2.46320133,0.01191954071
2.483227357,0.01182072981
2.503253384,0.01165902439
2.523279411,0.01148593525
2.543305438,0.01136453573
2.563331465,0.01125613367
2.583357493,0.01116848797
2.60338352,0.0111140838
2.623409547,0.01096631895
2.643435574,0.01084663291
2.663461601,0.01072191524
2.683487628,0.01053522485
2.703513655,0.01031944231
2.723539682,0.01015790768
2.743565709,0.009992230755
2.763591736,0.009801133375
2.783617763,0.009625275973
2.80364379,0.009456066116
2.823669817,0.009221895035
2.843695844,0.008946174538
2.863721872,0.008699355591
2.883747899,0.008460125864
2.903773926,0.008220429353
2.923799953,0.008010134338
2.94382598,0.007786566053
2.963852007,0.007543008645
2.983878034,0.007286329479
3.003904061,0.006986403083
3.023930088,0.006695891385
3.043956115,0.006389711541
3.063982142,0.006037772193
3.084008169,0.005744359419
3.104034196,0.005472965958
3.124060223,0.005200704208
3.144086251,0.004948424218
3.164112278,0.004719190135
3.184138305,0.00450633802
3.204164332,0.004311039566
3.224190359,0.004110218325
3.244216386,0.003866831483
3.264242413,0.003611710521
3.28426844,0.003370472976
3.304294467,0.00315271489
3.324320494,0.002966521617
3.344346521,0.002791869595
3.364372548,0.002642369596
3.384398575,0.002509949666
3.404424603,0.00235594269
3.42445063,0.002183030969
3.444476657,0.002016722045
3.464502684,0.001846082915
3.484528711,0.001708784385
3.504554738,0.001606543974
3.524580765,0.001503829912
3.544606792,0.001414707316
3.564632819,0.001365933315
3.584658846,0.001341174516
3.604684873,0.001279890781
3.6247109,0.001192047056
3.644736927,0.001134349048
3.664762954,0.001073965736
3.684788982,0.0009717592311
3.704815009,0.0008648881778
3.724841036,0.0008010603346
3.744867063,0.0008018038968
3.76489309,0.0007817419759
3.784919117,0.0007443653304
3.804945144,0.000761637404
3.824971171,0.0007902350243
3.844997198,0.0008130036858
3.865023225,0.0008181889208
3.885049252,0.0008131687508
3.905075279,0.0007855431586
3.925101306,0.0007595005803
3.945127334,0.000781542718
3.965153361,0.0008307997026
3.985179388,0.0008524220239
4.005205415,0.0008510152635
4.025231442,0.0008833979661
4.045257469,0.0008581852348
4.065283496,0.0007929794764
4.085309523,0.0007454225188
4.10533555,0.0007150227383
4.125361577,0.0006337786336
4.145387604,0.0005333673566
4.165413631,0.0004625791218
4.185439658,0.000432364197
4.205465685,0.0003922732272
4.225491713,0.0003545082849
4.24551774,0.0003365016476
4.265543767,0.0002796825596
4.285569794,0.0001713561221
4.305595821,7.361674662e-005
4.325621848,-3.210291712e-005
4.345647875,-0.0001677998859
4.365673902,-0.0002999279912
4.385699929,-0.0003777478686
4.405725956,-0.0004282676699
4.425751983,-0.0004522630451
4.44577801,-0.0004713469339
4.465804037,-0.000488967552
4.485830064,-0.0005058824318
4.505856092,-0.0005717737445
4.525882119,-0.0006468043942
4.545908146,-0.0006957429655
4.565934173,-0.000737367609
4.5859602,-0.0007943564844
4.605986227,-0.0008366964877
4.626012254,-0.0008521459732
4.646038281,-0.0008319230151
4.666064308,-0.0007878990096
4.686090335,-0.0007338496293
4.706116362,-0.0006815671735
4.726142389,-0.0006622802196
4.746168416,-0.0006684201558
4.766194444,-0.0006485185008
4.786220471,-0.0006179810093
4.806246498,-0.0005916507478
4.826272525,-0.0005832671902
4.846298552,-0.0005456344922
4.866324579,-0.0004824755193
4.886350606,-0.0003926321855
4.906376633,-0.0002789986481
4.92640266,-0.0001506082376
4.946428687,-2.043248258e-005
4.966454714,8.879955652e-005
4.986480741,0.0001787042559
5.006506768,0.0002784849472
5.026532795,0.0003989306777
5.046558823,0.0004917522973
5.06658485,0.0005650630991
5.086610877,0.0006564430732
5.106636904,0.0007799943464
5.126662931,0.0009301571707
5.146688958,0.001057655476
5.166714985,0.001193597945
5.186741012,0.001341360659
5.206767039,0.001468405819
5.226793066,0.001579116836
5.246819093,0.001681062299
5.26684512,0.001784222597
5.286871147,0.001875465307
5.306897175,0.001955816988
5.326923202,0.002062528167
5.346949229,0.002177091693
5.366975256,0.002298620408
5.387001283,0.002448184949
5.40702731,0.002593616897
5.427053337,0.002726593321
5.447079364,0.00282082668
5.467105391,0.002896458054
5.487131418,0.002938804928
5.507157445,0.00295501412
5.527183472,0.002994952434
5.547209499,0.003043318425
5.567235526,0.003094109543
5.587261554,0.003165679762
5.607287581,0.003256878421
5.627313608,0.003344270506
5.647339635,0.003422578383
5.667365662,0.003509187594
5.687391689,0.003603140595
5.707417716,0.003688212329
5.727443743,0.003717242152
5.74746977,0.003713476627
5.767495797,0.003731753656
5.787521824,0.003785027351
5.807547851,0.003850022673
5.827573878,0.003893670335
5.847599906,0.003946897444
5.867625933,0.003985622414
5.88765196,0.00402842201
5.907677987,0.004080634244
5.927704014,0.004160022115
5.947730041,0.004230771243
5.967756068,0.00427317238
5.987782095,0.004304951379
6.007808122,0.004332511489
6.027834149,0.004371167957
6.047860176,0.004418964837
6.067886203,0.004475170943
6.08791223,0.004537026777
6.107938257,0.004597704149
6.127964285,0.004635042857
6.147990312,0.004685064512
6.168016339,0.004772427787
6.188042366,0.004849669987
6.208068393,0.00491568957
6.22809442,0.004973879542
6.248120447,0.005019549199
6.268146474,0.005062597582
6.288172501,0.005096007447
6.308198528,0.00512910174
6.328224555,0.005173128955
6.348250582,0.005207088466
6.368276609,0.005210174937
6.388302636,0.005192889521
6.408328664,0.005187330544
6.428354691,0.005205903514
6.448380718,0.005217503973
6.468406745,0.005203825078
6.488432772,0.005157810469
6.508458799,0.005097536883
6.528484826,0.005046650317
6.548510853,0.005008313852
6.56853688,0.004973329108
6.588562907,0.004939866947
6.608588934,0.004920515279
6.628614961,0.004880352929
6.648640988,0.004819792416
6.668667016,0.004780235861
6.688693043,0.004755232883
6.70871907,0.004745659625
6.728745097,0.00475158866
6.748771124,0.004744308776
6.768797151,0.004717060662
6.788823178,0.004676068864
6.808849205,0.00464302614
6.828875232,0.004644576558
6.848901259,0.004636215639
6.868927286,0.004627439123
6.888953313,0.004620920883
6.90897934,0.004571679006
6.929005367,0.004512767792
6.949031395,0.004479109225
6.969057422,0.004435940864
6.989083449,0.004404224306
7.009109476,0.004375462578
7.029135503,0.004336605206
7.04916153,0.004289314263
7.069187557,0.004236710293
7.089213584,0.004189572049
7.109239611,0.00413121641
7.129265638,0.004099581513
7.149291665,0.004106488964
7.169317692,0.004125516681
7.189343719,0.004147019167
7.209369747,0.00416857853
7.229395774,0.004174857183
7.249421801,0.00418055513
7.269447828,0.004179736527
7.289473855,0.004170034572
7.309499882,0.004151311693
7.329525909,0.00413010961
7.349551936,0.004110751578
7.369577963,0.004099738333
7.38960399,0.004130604329
7.409630017,0.004195903588
7.429656044,0.004274144602
7.449682071,0.004356208426
7.469708098,0.004463970024
7.489734126,0.004577329375
7.509760153,0.004681183968
7.52978618,0.004784225572
7.549812207,0.004880724793
7.569838234,0.004975464072
7.589864261,0.005093601686
7.609890288,0.005217100234
7.629916315,0.005324846463
7.649942342,0.005444914588
7.669968369,0.005570546257
7.689994396,0.005716471362
7.710020423,0.005876313899
7.73004645,0.006037373345
7.750072478,0.006197760108
7.770098505,0.006378127279
7.790124532,0.00656401889
7.810150559,0.006755552062
7.830176586,0.006950626235
7.850202613,0.007120256325
7.87022864,0.007294408261
7.890254667,0.007493067339
7.910280694,0.007695429282
7.930306721,0.007884431574
7.950332748,0.00806859319
7.970358775,0.008261128326
7.990384802,0.008460339493
8.010410829,0.008661310195
8.030436857,0.008866940779
8.050462884,0.009091470438
8.070488911,0.009324452577
8.090514938,0.009545584755
8.110540965,0.009766096307
8.130566992,0.009967746194
8.150593019,0.01014958576
8.170619046,0.01030763083
8.190645073,0.01046269716
8.2106711,0.01062049721
8.230697127,0.0107862775
8.250723154,0.01095559363
8.270749181,0.01112111067
8.290775208,0.01126648571
8.310801236,0.01142722336
8.330827263,0.01160908633
8.35085329,0.01178773346
8.370879317,0.01195666844
8.390905344,0.01211333279
8.410931371,0.01226250457
8.430957398,0.01239844659
8.450983425,0.01250453223
8.471009452,0.01260260186
8.491035479,0.0126733039
8.511061506,0.01272295057
8.531087533,0.01279154828
8.55111356,0.01287624946
8.571139588,0.01293252053
8.591165615,0.01298566145
8.611191642,0.01305185902
8.631217669,0.01314310446
8.651243696,0.01321648471
8.671269723,0.01328752966
8.69129575,0.01337294503
8.711321777,0.01347446001
8.731347804,0.01353002144
8.751373831,0.01356093988
8.771399858,0.01356309922
8.791425885,0.01357247196
8.811451912,0.01357592735
8.831477939,0.01356571193
8.851503967,0.01355612621
8.871529994,0.01353456658
8.891556021,0.01351324464
8.911582048,0.01351345548
8.931608075,0.01353340159
8.951634102,0.01356006957
8.971660129,0.01360888369
8.991686156,0.01364650184
9.011712183,0.01366421132
9.03173821,0.01366067064
9.051764237,0.01365206847
9.071790264,0.01366312437
9.091816291,0.01365834399
9.111842319,0.01362419565
9.131868346,0.01357830458
9.151894373,0.0135588422
9.1719204,0.01354459217
9.191946427,0.01354057623
9.211972454,0.01355433574
9.231998481,0.01358772895
9.252024508,0.01362317875
9.272050535,0.01366191766
9.292076562,0.01367020826
9.312102589,0.01364522462
9.332128616,0.01362247803
9.352154643,0.01360181884
9.37218067,0.01357985719
9.392206698,0.01354092537
9.412232725,0.01348028683
9.432258752,0.01343565723
9.452284779,0.01341330759
9.472310806,0.01340628625
9.492336833,0.01339014361
9.51236286,0.01336228579
9.532388887,0.0133231473
9.552414914,0.01329900945
9.572440941,0.01327814442
9.592466968,0.01323895909
9.612492995,0.01316379694
9.632519022,0.01306622299
9.65254505,0.01297184596
9.672571077,0.01288328938
9.692597104,0.01280152329
9.712623131,0.01268463491
9.732649158,0.01254913922
9.752675185,0.01242235917
9.772701212,0.01229055264
9.792727239,0.01214656973
9.812753266,0.01197969301
9.832779293,0.01180014601
9.85280532,0.0116149003
9.872831347,0.01142974302
9.892857374,0.01122542121
9.912883401,0.01099323014
9.932909429,0.01072880114
9.952935456,0.01046050215
9.972961483,0.01017334753
9.99298751,0.009864483452
10.01301354,0.009524655256
10.03303956,0.009129394511
10.05306559,0.008708486891
10.07309162,0.008278354252
10.09311765,0.007834843091
10.11314367,0.007356425598
10.1331697,0.006865742438
10.15319573,0.006353815781
10.17322175,0.005816205361
10.19324778,0.005260505141
10.21327381,0.004685737677
10.23329983,0.004083680086
10.25332586,0.003442272234
10.27335189,0.002766509962
10.29337792,0.002059182788
10.31340394,0.001344572258
10.33342997,0.0005891515993
10.353456,-0.0002012283846
10.37348202,-0.001025313789
10.39350805,-0.001839726449
10.41353408,-0.002671418647
10.43356011,-0.003496082976
10.45358613,-0.004325432091
10.47361216,-0.005171104645
10.49363819,-0.006016201465
10.51366421,-0.006861608669
10.53369024,-0.007711739489
10.55371627,-0.008579128323
10.57374229,-0.009470169923
10.59376832,-0.01034511666
10.61379435,-0.01119310317
10.63382038,-0.01200946053
10.6538464,-0.01282565682
10.67387243,-0.01365868405
10.69389846,-0.01448552861
10.71392448,-0.01528936902
10.73395051,-0.01604612285
10.75397654,-0.01675608999
10.77400257,-0.01742378536
10.79402859,-0.01805563706
10.81405462,-0.01866997632
10.83408065,-0.01924921964
10.85410667,-0.01977688004
10.8741327,-0.02026845514
10.89415873,-0.02074719856
10.91418476,-0.02118863658
10.93421078,-0.02158424369
10.95423681,-0.02191947455
10.97426284,-0.02219962566
10.99428886,-0.02246517737
11.01431489,-0.02270959205
11.03434092,-0.02290504136
11.05436694,-0.02303114254
11.07439297,-0.0230909595
11.094419,-0.02308926698
11.11444503,-0.02303731445
11.13447105,-0.02293873145
11.15449708,-0.02280031302
11.17452311,-0.02262294569
11.19454913,-0.02242784438
11.21457516,-0.0222190226
11.23460119,-0.02198472399
11.25462722,-0.0216975689
11.27465324,-0.02135353441
11.29467927,-0.02099470001
11.3147053,-0.02061604887
11.33473132,-0.02024294756
11.35475735,-0.01982886603
11.37478338,-0.01938334493
11.3948094,-0.01891370972
11.41483543,-0.01842749951
11.43486146,-0.01791901215
11.45488749,-0.01738276128
11.47491351,-0.01682778093
11.49493954,-0.0162716161
11.51496557,-0.01571079693
11.53499159,-0.01515518435
11.55501762,-0.01459439532
11.57504365,-0.01403837585
11.59506968,-0.01346508251
11.6150957,-0.01289614098
11.63512173,-0.01234097622
11.65514776,-0.01182869453
11.67517378,-0.01134938006
11.69519981,-0.01086372895
11.71522584,-0.01036328922
11.73525187,-0.009856678344
11.75527789,-0.009357406892
11.77530392,-0.008879362696
11.79532995,-0.008390306395
11.81535597,-0.007935787981
11.835382,-0.007496440653
11.85540803,-0.007081575385
11.87543405,-0.006693323788
11.89546008,-0.006326803943
11.91548611,-0.00598121723
11.93551214,-0.005652815361
11.95553816,-0.005332659335
11.97556419,-0.005030410168
11.99559022,-0.004752308362
12.01561624,-0.004467856813
12.03564227,-0.004182420684
12.0556683,-0.003880611284
12.07569433,-0.003578805078
12.09572035,-0.003261867105
12.11574638,-0.002950329888
12.13577241,-0.002610345456
12.15579843,-0.002244956627
12.17582446,-0.001864554323
12.19585049,-0.001487525168
12.21587651,-0.001101010629
12.23590254,-0.0006861893797
12.25592857,-0.0002428132137
12.2759546,0.0002668623973
12.29598062,0.0008043771947
12.31600665,0.001336677452
12.33603268,0.001930938343
12.3560587,0.002588754704
12.37608473,0.003305914441
12.39611076,0.004081442357
12.41613679,0.004874914216
12.43616281,0.00570553984
12.45618884,0.006610105221
12.47621487,0.007583405852
12.49624089,0.008590340613
12.51626692,0.009674453482
12.53629295,0.0107993174
12.55631898,0.01197978383
12.576345,0.01326578468
12.59637103,0.01466106884
12.61639706,0.01611518215
12.63642308,0.01767646759
12.65644911,0.01926116848
12.67647514,0.02094671052
12.69650116,0.02269350061
12.71652719,0.02452332276
12.73655322,0.02647816702
12.75657925,0.02851057009
12.77660527,0.03056057076
12.7966313,0.03265290787
12.81665733,0.03479447449
12.83668335,0.03703712083
12.85670938,0.03925728021
12.87673541,0.04154022632
12.89676144,0.04387076512
12.91678746,0.04620147556
12.93681349,0.04859140417
12.95683952,0.05101731982
12.97686554,0.05353726055
12.99689157,0.05606849755
13.0169176,0.05853111212
13.03694362,0.06097844681
13.05696965,0.06356165308
13.07699568,0.0661493554
13.09702171,0.06874503024
13.11704773,0.0713390383
13.13707376,0.07383230501
13.15709979,0.07632690556
13.17712581,0.07880507177
13.19715184,0.0812248298
13.21717787,0.08348058561
13.2372039,0.08580517984
13.25722992,0.08803899217
13.27725595,0.09018605269
13.29728198,0.09230077409
13.317308,0.09432669049
13.33733403,0.09622363748
13.35736006,0.09800430714
13.37738609,0.09966752672
13.39741211,0.1012421815
13.41743814,0.1026997445
13.43746417,0.1040214913
13.45749019,0.1052064974
13.47751622,0.1062629851
13.49754225,0.1071606944
13.51756827,0.107890438
13.5375943,0.1084555797
13.55762033,0.1087922294
13.57764636,0.1089154298
13.59767238,0.1088035813
13.61769841,0.1084918009
13.63772444,0.1079782454
13.65775046,0.1072693907
13.67777649,0.106292682
13.69780252,0.1050280815
13.71782855,0.103483019
13.73785457,0.1016558419
13.7578806,0.09948741428
13.77790663,0.09701238866
13.79793265,0.09415798911
13.81795868,0.0909403022
13.83798471,0.08730475176
13.85801073,0.08321121499
13.87803676,0.07872302999
13.89806279,0.07382462524
13.91808882,0.0685441344
13.93811484,0.06280561737
13.95814087,0.05664317805
13.9781669,0.05006635088
13.99819292,0.04295075385
14.01821895,0.03530648808
14.03824498,0.02716950099
14.05827101,0.01844485896
14.07829703,0.009082564791
14.09832306,-0.0009366888026
14.11834909,-0.01168988184
14.13837511,-0.0230672895
14.15840114,-0.03511362375
14.17842717,-0.04791040881
14.1984532,-0.06138264704
14.21847922,-0.07536145846
14.23850525,-0.08994614619
14.25853128,-0.105122331
14.2785573,-0.1209161703
14.29858333,-0.1374823779
14.31860936,-0.1547132659
14.33863538,-0.1727700412
14.35866141,-0.1917534496
14.37868744,-0.2113822727
14.39871347,-0.2316234086
14.41873949,-0.2532980132
14.43876552,-0.2759444324
14.45879155,-0.3003529586
14.47881757,-0.3252424678
14.4988436,-0.3511588766
14.51886963,-0.3783909083
14.53889566,-0.40572787
14.55892168,-0.4331875342
14.57894771,-0.4616020942
14.59897374,-0.4905111543
14.61899976,-0.5197090803
14.63902579,-0.5495686435
14.65905182,-0.5797324422
14.67907784,-0.6097332547
14.69910387,-0.6407447506
14.7191299,-0.6717175342
14.73915593,-0.7023908812
14.75918195,-0.7337322688
14.77920798,-0.7659900648
14.79923401,-0.7974261529
14.81926003,-0.8280006303
14.83928606,-0.8583769168
14.85931209,-0.8867185817
14.87933812,-0.9142854773
14.89936414,-0.9399341989
14.91939017,-0.9639921641
14.9394162,-0.9870278233
14.95944222,-1.008624313
14.97946825,-1.028830389
14.99949428,-1.047526364
15.01952031,-1.064692366
15.03954633,-1.08025677
15.05957236,-1.094134313
15.07959839,-1.106201191
15.09962441,-1.116370133
15.11965044,-1.124605756
15.13967647,-1.130809855
15.15970249,-1.134946436
15.17972852,-1.136986141
15.19975455,-1.136901687
15.21978058,-1.134648847
15.2398066,-1.130257576
15.25983263,-1.123676826
15.27985866,-1.114878153
15.29988468,-1.103908009
15.31991071,-1.090778164
15.33993674,-1.075524375
15.35996277,-1.058218118
15.37998879,-1.03876482
15.40001482,-1.017226347
15.42004085,-0.9935400576
15.44006687,-0.9678327731
15.4600929,-0.9400006052
15.48011893,-0.9101100496
15.50014496,-0.8778929376
15.52017098,-0.8439091384
15.54019701,-0.8079684115
15.56022304,-0.769775564
15.58024906,-0.7296088961
15.60027509,-0.6874904472
15.62030112,-0.6439028252
15.64032714,-0.5982397007
15.66035317,-0.5514678975
15.6803792,-0.5032136598
15.70040523,-0.4540135411
15.72043125,-0.4044928385
15.74045728,-0.3543395912
15.76048331,-0.3034265423
15.78050933,-0.2509839722
15.80053536,-0.2003764426
15.82056139,-0.148048528
15.84058742,-0.09592352326
15.86061344,-0.04398631712
15.88063947,0.00723044722
15.9006655,0.05853285471
15.92069152,0.1096248982
15.94071755,0.1610841637
15.96074358,0.2121669456
15.9807696,0.2626473455
16.00079563,0.3130707695
16.02082166,0.3630477483
16.04084769,0.4124716585
16.06087371,0.4613149345
16.08089974,0.5085941678
16.10092577,0.5537169365
16.12095179,0.5981429569
16.14097782,0.6411941042
16.16100385,0.6834125452
16.18102988,0.723996734
16.2010559,0.7633760941
16.22108193,0.8010333687
16.24110796,0.8369280616
16.26113398,0.8694248088
16.28116001,0.9004339088
16.30118604,0.928821004
16.32121207,0.9554506511
16.34123809,0.9803492342
16.36126412,1.003292738
16.38129015,1.024465249
16.40131617,1.043937922
16.4213422,1.062004025
16.44136823,1.078659441
16.46139425,1.093655868
16.48142028,1.106923666
16.50144631,1.118550846
16.52147234,1.128421169
16.54149836,1.136665986
16.56152439,1.143319463
16.58155042,1.148175091
16.60157644,1.151130743
16.62160247,1.152377662
16.6416285,1.152071177
16.66165453,1.150333027
16.68168055,1.147185161
16.70170658,1.142671923
16.72173261,1.136881718
16.74175863,1.129871573
16.76178466,1.121689057
16.78181069,1.11222769
16.80183671,1.101558065
16.82186274,1.089665896
16.84188877,1.076634522
16.8619148,1.062457519
16.88194082,1.04709316
16.90196685,1.030951933
16.92199288,1.013566971
16.9420189,0.9956469815
16.96204493,0.9772620129
16.98207096,0.9582955184
17.00209699,0.9388238104
17.02212301,0.9192362149
17.04214904,0.8989900838
17.06217507,0.8784684515
17.08220109,0.8573166851
17.10222712,0.8356729793
17.12225315,0.8135360631
17.14227918,0.7910140422
17.1623052,0.7682088059
17.18233123,0.7452147295
17.20235726,0.7223658675
17.22238328,0.6997043399
17.24240931,0.6771331227
17.26243534,0.6548398323
17.28246136,0.6327561214
17.30248739,0.6108604325
17.32251342,0.5891365144
17.34253945,0.5676098682
17.36256547,0.5462979903
17.3825915,0.5251511215
17.40261753,0.5041950562
17.42264355,0.4834768789
17.44266958,0.4629981511
17.46269561,0.4427467359
17.48272164,0.4227267903
17.50274766,0.4029527251
17.52277369,0.3834127447
17.54279972,0.3641279156
17.56282574,0.3450814644
17.58285177,0.3262936061
17.6028778,0.3077658753
17.62290382,0.289480527
17.64292985,0.2714760776
17.66295588,0.2537373207
17.68298191,0.2362745097
17.70300793,0.2190946608
17.72303396,0.2021318101
17.74305999,0.1854192993
17.76308601,0.1689359771
17.78311204,0.1527376646
17.80313807,0.1368403913
17.8231641,0.1212568675
17.84319012,0.1059949671
17.86321615,0.09106757759
17.88324218,0.07649482529
17.9032682,0.06226664773
17.92329423,0.04832657455
17.94332026,0.03469495497
17.96334629,0.02137270893
17.98337231,0.008388401344
18.00339834,-0.004277123742
18.02342437,-0.01660270652
18.04345039,-0.02857123209
18.06347642,-0.04013584293
18.08350245,-0.05131403774
18.10352847,-0.06210214317
18.1235545,-0.07250094
18.14358053,-0.08253371994
18.16360656,-0.09217803449
18.18363258,-0.1013998044
18.20365861,-0.1101973434
18.22368464,-0.1185851524
18.24371066,-0.1265597449
18.26373669,-0.134143553
18.28376272,-0.1412971194
18.30378875,-0.1480222863
18.32381477,-0.1543225892
18.3438408,-0.1602197225
18.36386683,-0.1657243663
18.38389285,-0.1708465507
18.40391888,-0.1755810281
18.42394491,-0.1799324413
18.44397093,-0.1839238852
18.46399696,-0.1875513457
18.48402299,-0.1908152924
18.50404902,-0.1937526215
18.52407504,-0.1963483349
18.54410107,-0.1986386259
18.5641271,-0.2006113533
18.58415312,-0.2022711072
18.60417915,-0.2036299584
18.62420518,-0.204714194
18.64423121,-0.2055257891
18.66425723,-0.2061003564
18.68428326,-0.2064296218
18.70430929,-0.2065423649
18.72433531,-0.206455441
18.74436134,-0.20619164
18.76438737,-0.2057755262
18.7844134,-0.2052248506
18.80443942,-0.2045491911
18.82446545,-0.2037673799
18.84449148,-0.2028896877
18.8645175,-0.2019410341
18.88454353,-0.2009306554
18.90456956,-0.199875871
18.92459558,-0.1987936598
18.94462161,-0.1977191146
18.96464764,-0.1966557156
18.98467367,-0.1956257742
19.00469969,-0.1946250544
19.02472572,-0.1936832107
19.04475175,-0.192789915
19.06477777,-0.1919756894
19.0848038,-0.1912318054
19.10482983,-0.1905844044
19.12485586,-0.1900465016
19.14488188,-0.1896331851
19.16490791,-0.1893273497
19.18493394,-0.1891336982
19.20495996,-0.1890538292
19.22498599,-0.1890932612
19.24501202,-0.1892561583
19.26503804,-0.1895519293
19.28506407,-0.1899580546
19.3050901,-0.1904750449
19.32511613,-0.191091395
19.34514215,-0.1918313605
19.36516818,-0.1926799811
19.38519421,-0.1936332939
19.40522023,-0.1946761789
19.42524626,-0.1958008487
19.44527229,-0.1969699155
19.46529832,-0.1981994032
19.48532434,-0.1994738326
19.50535037,-0.2007855866
19.5253764,-0.2021036268
19.54540242,-0.2034186761
19.56542845,-0.2047234522
19.58545448,-0.2059999417
19.60548051,-0.2072174552
19.62550653,-0.2083754176
19.64553256,-0.2094425292
19.66555859,-0.2104134106
19.68558461,-0.211257424
19.70561064,-0.2119754111
19.72563667,-0.2125346402
19.74566269,-0.2129294609
19.76568872,-0.2131586671
19.78571475,-0.2132115858
19.80574078,-0.2130736923
19.8257668,-0.2127004513
19.84579283,-0.2120955611
19.86581886,-0.2112434112
19.88584488,-0.2101298399
19.90587091,-0.2087657033
19.92589694,-0.2071206532
19.94592297,-0.2051900407
19.96594899,-0.2029806312
19.98597502,-0.2005013335
20.00600105,-0.1977498936
20.02602707,-0.1947158012
20.0460531,-0.1913708205
20.06607913,-0.1877458806
20.08610515,-0.1838187979
20.10613118,-0.1796152205
20.12615721,-0.1751600785
20.14618324,-0.170436122
20.16620926,-0.1654790624
20.18623529,-0.1602835217
20.20626132,-0.1548610777
20.22628734,-0.1492023769
20.24631337,-0.1433158482
20.2663394,-0.1372550803
20.28636543,-0.1310182845
20.30639145,-0.1246251599
20.32641748,-0.1180600261
20.34644351,-0.1113485819
20.36646953,-0.1045196174
20.38649556,-0.09760578235
20.40652159,-0.09060273191
20.42654762,-0.08354027997
20.44657364,-0.07643774751
20.46659967,-0.06930226628
20.4866257,-0.06216975519
20.50665172,-0.05503704035
20.52667775,-0.04795157636
20.54670378,-0.04092735539
20.5667298,-0.03397986283
20.58675583,-0.02711542726
20.60678186,-0.02034265849
20.62680789,-0.01371026268
20.64683391,-0.007233924889
20.66685994,-0.0009239843948
20.68688597,0.005211366217
20.70691199,0.01115799246
20.72693802,0.01689591546
20.74696405,0.02242195058
20.76699008,0.02771337271
20.7870161,0.0327566456
20.80704213,0.03753579562
20.82706816,0.04207240197
20.84709418,0.04634566899
20.86712021,0.05035333735
20.88714624,0.05409208218
20.90717226,0.0575622699
20.92719829,0.06076218505
20.94722432,0.06368163361
20.96725035,0.06632361788
20.98727637,0.06869907423
21.0073024,0.07082682323
21.02732843,0.07267746761
21.04735445,0.07426472401
21.06738048,0.07561842231
21.08740651,0.07672990547
21.10743254,0.07761899506
21.12745856,0.0782623544
21.14748459,0.07866151077
21.16751062,0.07882685187
21.18753664,0.07877135921
21.20756267,0.07849787005
21.2275887,0.07804095866
21.24761473,0.07741873208
21.26764075,0.07663329306
21.28766678,0.07569269705
21.30769281,0.07458743062
21.32771883,0.0733431213
21.34774486,0.07196630128
21.36777089,0.07047382257
21.38779691,0.06886555654
21.40782294,0.06715172572
21.42784897,0.06534425278
21.447875,0.06346708392
21.46790102,0.06153029831
21.48792705,0.05954158288
21.50795308,0.0575092493
21.5279791,0.05543864781
21.54800513,0.05333323746
21.56803116,0.05120545109
21.58805719,0.04905572482
21.60808321,0.04691815346
21.62810924,0.04478419705
21.64813527,0.04266095556
21.66816129,0.04056076165
21.68818732,0.03848215155
21.70821335,0.03645234729
21.72823937,0.034448255
21.7482654,0.03248788253
21.76829143,0.03057847552
21.78831746,0.02872187715
21.80834348,0.02691608154
21.82836951,0.02515987655
21.84839554,0.0234577327
21.86842156,0.02182051716
21.88844759,0.02025575274
21.90847362,0.01875843519
21.92849965,0.01731069968
21.94852567,0.01588778216
21.9685517,0.01448862568
21.98857773,0.01312387062
22.00860375,0.01181058878
22.02862978,0.01054253066
22.04865581,0.009300279515
22.06868184,0.008082612854
22.08870786,0.006882203886
22.10873389,0.005703572856
22.12875992,0.004528546185
22.14878594,0.00336889526
22.16881197,0.002217783452
22.188838,0.001068234799
22.20886402,-8.351279426e-005
22.22889005,-0.001260364119
22.24891608,-0.002450810444
22.26894211,-0.003665454684
22.28896813,-0.004890679465
22.30899416,-0.006145157467
22.32902019,-0.007439113528
22.34904621,-0.008769833278
22.36907224,-0.01014595849
22.38909827,-0.01156256523
22.4091243,-0.01301558759
22.42915032,-0.01451642043
22.44917635,-0.01605853167
22.46920238,-0.01765414864
22.4892284,-0.01928762227
22.50925443,-0.02096986446
22.52928046,-0.02270261604
22.54930648,-0.02447562989
22.56933251,-0.02628349885
22.58935854,-0.02814407311
22.60938457,-0.03007371211
22.62941059,-0.03205532226
22.64943662,-0.03409433091
22.66946265,-0.03613656709
22.68948867,-0.03819856578
22.7095147,-0.04027752441
22.72954073,-0.04238347832
22.74956676,-0.04449813997
22.76959278,-0.04660305937
22.78961881,-0.0486856871
22.80964484,-0.05074902974
22.82967086,-0.05279801694
22.84969689,-0.0548211156
22.86972292,-0.05682336354
22.88974895,-0.05879010198
22.90977497,-0.0607132178
22.929801,-0.06257010661
22.94982703,-0.06437955809
22.96985305,-0.06611821051
22.98987908,-0.06781144649
23.00990511,-0.06943508276
23.02993113,-0.07098612254
23.04995716,-0.07245330901
23.06998319,-0.07384125779
23.09000922,-0.07514643834
23.11003524,-0.07636471925
23.13006127,-0.07748334058
23.1500873,-0.07849382859
23.17011332,-0.07939417568
23.19013935,-0.08017899781
23.21016538,-0.08085050273
23.23019141,-0.08140674766
23.25021743,-0.08185138293
23.27024346,-0.08216759252
23.29026949,-0.08235685511
23.31029551,-0.08242755669
23.33032154,-0.08238297765
23.35034757,-0.08221652205
23.37037359,-0.08191754383
23.39039962,-0.08149508413
23.41042565,-0.08095422225
23.43045168,-0.08030557284
23.4504777,-0.0795453161
23.47050373,-0.07867833549
23.49052976,-0.07771218149
23.51055578,-0.07665450592
23.53058181,-0.07549467572
23.55060784,-0.07421163773
23.57063387,-0.0728240303
23.59065989,-0.07132849811
23.61068592,-0.06974187628
23.63071195,-0.06806387752
23.65073797,-0.06630105351
23.670764,-0.06442438485
23.69079003,-0.06246430501
23.71081606,-0.06040539182
23.73084208,-0.05826619111
23.75086811,-0.05604070815
23.77089414,-0.05374858905
23.79092016,-0.05140615541
23.81094619,-0.04901571165
23.83097222,-0.04659211305
23.85099824,-0.04411757678
23.87102427,-0.04159278905
23.8910503,-0.03904185983
23.91107633,-0.03646913424
23.93110235,-0.03388413381
23.95112838,-0.03127063365
23.97115441,-0.02864788333
23.99118043,-0.02602536549
24.01120646,-0.02341606264
24.03123249,-0.02083894677
24.05125852,-0.01828980432
24.07128454,-0.01577595912
24.09131057,-0.01329490582
24.1113366,-0.01087421883
24.13136262,-0.008513637273
24.15138865,-0.006217212891
24.17141468,-0.003993010227
24.1914407,-0.001857148403
24.21146673,0.0001896891756
24.23149276,0.002121832805
24.25151879,0.003942946119
24.27154481,0.005655875718
24.29157084,0.007248657659
24.31159687,0.008711213855
24.33162289,0.01006624759
24.35164892,0.01128635241
24.37167495,0.01238575927
24.39170098,0.01334663695
24.411727,0.0141709445
24.43175303,0.01484629287
24.45177906,0.01537289965
24.47180508,0.0157411705
24.49183111,0.0159745651
24.51185714,0.01607785243
24.53188317,0.0160906693
24.55190919,0.01598192443
24.57193522,0.01573564756
24.59196125,0.01535211947
24.61198727,0.01485634418
24.6320133,0.0142564129
24.65203933,0.01355673814
24.67206535,0.01275933575
24.69209138,0.01186563103
24.71211741,0.01087893816
24.73214344,0.009826792914
24.75216946,0.008731362813
24.77219549,0.007589485854
24.79222152,0.00640866295
24.81224754,0.005181226348
24.83227357,0.003934065656
24.8522996,0.002667427331
24.87232563,0.001421179794
24.89235165,0.0001796701042
24.91237768,-0.001029524497
24.93240371,-0.002232703147
24.95242973,-0.003406131774
24.97245576,-0.004549905618
24.99248179,-0.005657029432
25.01250781,-0.006720705301
25.03253384,-0.007736590239
25.05255987,-0.008688943269
25.0725859,-0.009569188414
25.09261192,-0.01037650387
25.11263795,-0.01109089382
25.13266398,-0.0116990924
25.15269,-0.01218640997
25.17271603,-0.01255907969
25.19274206,-0.01281685459
25.21276809,-0.012971647
25.23279411,-0.01303020028
25.25282014,-0.01298665492
25.27284617,-0.01283482605
25.29287219,-0.01256324107
25.31289822,-0.01217268196
25.33292425,-0.01167279916
25.35295028,-0.01106854461
25.3729763,-0.01037127789
25.39300233,-0.009559457545
25.41302836,-0.008646100808
25.43305438,-0.007625100312
25.45308041,-0.006505406245
25.47310644,-0.005300293846
25.49313246,-0.004007706346
25.51315849,-0.002635798076
25.53318452,-0.001170182348
25.55321055,0.0003607417963
25.57323657,0.001962804547
25.5932626,0.003625133935
25.61328863,0.005337884278
25.63331465,0.007093683606
25.65334068,0.008872887434
25.67336671,0.01068879258
25.69339274,0.01255136401
25.71341876,0.01444124084
25.73344479,0.01632614434
25.75347082,0.01819310311
25.77349684,0.02004836541
25.79352287,0.02188620092
25.8135489,0.02369368175
25.83357493,0.02545671134
25.85360095,0.02717889834
25.87362698,0.02883531978
25.89365301,0.03043753767
25.91367903,0.03196274821
25.93370506,0.03342350018
25.95373109,0.03480491508
25.97375711,0.03609789615
25.99378314,0.03728649205
26.01380917,0.03835159016
26.0338352,0.0392943436
26.05386122,0.04011446651
26.07388725,0.04082465797
26.09391328,0.04140462709
26.1139393,0.04184187049
26.13396533,0.04213268854
26.15399136,0.04226902121
26.17401739,0.04225791384
26.19404341,0.0420912106
26.21406944,0.04177461771
26.23409547,0.0413041957
26.25412149,0.04066689028
26.27414752,0.03988575351
26.29417355,0.03896575752
26.31419957,0.0379262827
26.3342256,0.03675411116
26.35425163,0.03545289109
26.37427766,0.03403114904
26.39430368,0.032493378
26.41432971,0.03084812618
26.43435574,0.02910289479
26.45438176,0.02726788271
26.47440779,0.02535500888
26.49443382,0.02336740007
26.51445985,0.02131417659
26.53448587,0.01919808506
26.5545119,0.01704502252
26.57453793,0.01486818284
26.59456395,0.01267564393
26.61458998,0.01046122226
26.63461601,0.008241897096
26.65464204,0.006022116756
26.67466806,0.003827349463
26.69469409,0.001666704593
26.71472012,-0.0004403284279
26.73474614,-0.002486760092
26.75477217,-0.004473667659
26.7747982,-0.00639403361
26.79482422,-0.008252654079
26.81485025,-0.01002467724
26.83487628,-0.01171015906
26.85490231,-0.01328684249
26.87492833,-0.01476539862
26.89495436,-0.01614648079
26.91498039,-0.01743061584
26.93500641,-0.01860729153
26.95503244,-0.01967304245
26.97505847,-0.02062192087
26.9950845,-0.02146480593
27.01511052,-0.02219896696
27.03513655,-0.02283927674
27.05516258,-0.02338469261
27.0751886,-0.02383116982
27.09521463,-0.02415480918
27.11524066,-0.02436483858
27.13526668,-0.02445459362
27.15529271,-0.02444126342
27.17531874,-0.02435035907
27.19534477,-0.02417830387
27.21537079,-0.02393223341
27.23539682,-0.0235903456
27.25542285,-0.02317541946
27.27544887,-0.02269993611
27.2954749,-0.02215999916
27.31550093,-0.02157648502
27.33552696,-0.020945932
27.35555298,-0.02027381537
27.37557901,-0.01955213586
27.39560504,-0.0187904729
27.41563106,-0.01800753184
27.43565709,-0.01722002957
27.45568312,-0.01643254351
27.47570915,-0.01563082149
27.49573517,-0.01479661187
27.5157612,-0.01393566337
27.53578723,-0.01307400901
27.55581325,-0.01222945966
27.57583928,-0.01142658157
27.59586531,-0.01064152776
27.61589133,-0.00986539221
27.63591736,-0.009097941008
27.65594339,-0.008357898439
27.67596942,-0.007646491223
27.69599544,-0.006980472772
27.71602147,-0.006367748188
27.7360475,-0.005809249814
27.75607352,-0.005305181306
27.77609955,-0.004846540443
27.79612558,-0.004448772573
27.81615161,-0.004127734228
27.83617763,-0.003882812716
27.85620366,-0.00370504059
27.87622969,-0.003576559061
27.89625571,-0.003514261091
27.91628174,-0.003517608296
27.93630777,-0.003599221641
27.95633379,-0.003761718584
27.97635982,-0.00400859614
27.99638585,-0.004339953108
28.01641188,-0.004736988856
28.0364379,-0.005189209353
28.05646393,-0.00570339241
28.07648996,-0.00628734676
28.09651598,-0.006969685583
28.11654201,-0.007724704509
28.13656804,-0.008538968898
28.15659407,-0.009403394059
28.17662009,-0.01031976355
28.19664612,-0.01130672511
28.21667215,-0.01236626731
28.23669817,-0.01349165297
28.2567242,-0.01466546842
28.27675023,-0.01586016417
28.29677626,-0.01707580055
28.31680228,-0.01831694709
28.33682831,-0.01958147853
28.35685434,-0.02086972218
28.37688036,-0.02216511685
28.39690639,-0.02345692743
28.41693242,-0.02472594171
28.43695844,-0.0259861428
28.45698447,-0.02722861406
28.4770105,-0.02845228491
28.49703653,-0.02966448169
28.51706255,-0.03084656652
28.53708858,-0.03199888105
28.55711461,-0.03312520452
28.57714063,-0.03421932051
28.59716666,-0.03528468442
28.61719269,-0.03629028853
28.63721872,-0.03725580073
28.65724474,-0.03815898252
28.67727077,-0.03901100659
28.6972968,-0.0397915576
28.71732282,-0.04051199522
28.73734885,-0.0411807919
28.75737488,-0.04178880999
28.7774009,-0.04231882611
28.79742693,-0.04276696573
28.81745296,-0.04312966332
28.83747899,-0.04340551449
28.85750501,-0.04360716415
28.87753104,-0.04375470326
28.89755707,-0.04385129559
28.91758309,-0.04389003259
28.93760912,-0.04384248479
28.95763515,-0.04371948498
28.97766118,-0.04352973416
28.9976872,-0.04327544258
29.01771323,-0.04297542043
29.03773926,-0.04260370986
29.05776528,-0.04216106659
29.07779131,-0.04165568312
29.09781734,-0.04108400677
29.11784337,-0.04043544204
29.13786939,-0.03973384226
29.15789542,-0.03896689778
29.17792145,-0.03816060113
29.19794747,-0.03729092339
29.2179735,-0.03636589276
29.23799953,-0.03540063195
29.25802555,-0.03440233801
29.27805158,-0.03338844383
29.29807761,-0.03235652524
29.31810364,-0.03130196673
29.33812966,-0.03023042344
29.35815569,-0.02912952573
29.37818172,-0.02801673279
29.39820774,-0.0268843783
29.41823377,-0.02574665281
29.4382598,-0.0246079344
29.45828583,-0.02347980927
29.47831185,-0.02235405413
29.49833788,-0.02124348738
29.51836391,-0.02016079119
29.53838993,-0.01912565583
29.55841596,-0.01812400361
29.57844199,-0.01715899753
29.59846801,-0.01623125474
29.61849404,-0.0153576757
29.63852007,-0.01453284565
29.6585461,-0.01377013409
29.67857212,-0.01308605665
29.69859815,-0.01246878946
29.71862418,-0.01192231267
29.7386502,-0.01145244963
29.75867623,-0.01106759344
29.77870226,-0.01078552026
29.79872829,-0.01060014459
29.81875431,-0.01050377468
29.83878034,-0.01049378401
29.85880637,-0.01057062387
29.87883239,-0.01075029203
29.89885842,-0.01101773876
29.91888445,-0.01138140096
29.93891048,-0.01183878529
29.9589365,-0.01239539627
29.97896253,-0.01300791102
29.99898856,-0.01368552012
30.01901458,-0.01443575649
30.03904061,-0.01526720996
30.05906664,-0.01617246986
30.07909266,-0.01715580318
30.09911869,-0.01820356057
30.11914472,-0.01932222954
30.13917075,-0.02049887657
30.15919677,-0.02171988137
30.1792228,-0.02297154143
30.19924883,-0.02424736782
30.21927485,-0.02554133642
30.23930088,-0.02683628848
30.25932691,-0.02814513704
30.27935294,-0.02946052108
30.29937896,-0.03077671199
30.31940499,-0.03209107815
30.33943102,-0.03338577486
30.35945704,-0.03463514231
30.37948307,-0.03583929396
30.3995091,-0.03701209918
30.41953512,-0.03815078071
30.43956115,-0.03924529839
30.45958718,-0.0402965858
30.47961321,-0.04129552832
30.49963923,-0.0422335132
30.51966526,-0.04309509881
30.53969129,-0.04387272395
30.55971731,-0.04458585122
30.57974334,-0.04521444499
30.59976937,-0.04574968553
30.6197954,-0.0461845142
30.63982142,-0.04651711603
30.65984745,-0.04675628652
30.67987348,-0.04689975825
30.6998995,-0.04694705601
30.71992553,-0.04689161374
30.73995156,-0.04673452066
30.75997759,-0.04647156304
30.78000361,-0.04611281911
30.80002964,-0.04568037739
30.82005567,-0.04516950763
30.84008169,-0.044552785
30.86010772,-0.04381791685
30.88013375,-0.04299382278
30.90015977,-0.04207957534
30.9201858,-0.04110792827
30.94021183,-0.04006808629
30.96023786,-0.03897626031
30.98026388,-0.03780742393
31.00028991,-0.03656520328
31.02031594,-0.03524692148
31.04034196,-0.0338627062
31.06036799,-0.03241561591
31.08039402,-0.0309345297
31.10042005,-0.02942128242
31.12044607,-0.02788036922
31.1404721,-0.02630451949
31.16049813,-0.02470549855
31.18052415,-0.02310956868
31.20055018,-0.0215212417
31.22057621,-0.01995886216
31.24060223,-0.01840115976
31.26062826,-0.01686305564
31.28065429,-0.01535825787
31.30068032,-0.01390011844
31.32070634,-0.01250861622
31.34073237,-0.01117744084
31.3607584,-0.009893711379
31.38078442,-0.008663993685
31.40081045,-0.007516508964
31.42083648,-0.006458920643
31.44086251,-0.005491679339
31.46088853,-0.004615251586
31.48091456,-0.003832553348
31.50094059,-0.003149756305
31.52096661,-0.002567623753
31.54099264,-0.002096693322
31.56101867,-0.001751787467
31.5810447,-0.001541859705
31.60107072,-0.001444147504
31.62109675,-0.001445248246
31.64112278,-0.001527876408
31.6611488,-0.001709742575
31.68117483,-0.002017931828
31.70120086,-0.002457452832
31.72122688,-0.003034957385
31.74125291,-0.003705731155
31.76127894,-0.004473915755
31.78130497,-0.005324643505
31.80133099,-0.006261901747
31.82135702,-0.007270305147
31.84138305,-0.008357674614
31.86140907,-0.009513110215
31.8814351,-0.01072744461
31.90146113,-0.01198827483
31.92148716,-0.01330670376
31.94151318,-0.01468305141
31.96153921,-0.01611374155
31.98156524,-0.01757953372
32.00159126,-0.0190511662
32.02161729,-0.02051759848
32.04164332,-0.02199173793
32.06166934,-0.02347438642
32.08169537,-0.02497965153
32.1017214,-0.02648428983
32.12174743,-0.02796984189
32.14177345,-0.02940952543
32.16179948,-0.03079036025
32.18182551,-0.03212049947
32.20185153,-0.03339908179
32.22187756,-0.03462540387
32.24190359,-0.0357950557
32.26192962,-0.0368974065
32.28195564,-0.03793003861
32.30198167,-0.03889237522
32.3220077,-0.03980276083
32.34203372,-0.04065953864
32.36205975,-0.04143857298
32.38208578,-0.04211486114
32.40211181,-0.04269229254
32.42213783,-0.04317096797
32.44216386,-0.04357321013
32.46218989,-0.04389329296
32.48221591,-0.04413473594
32.50224194,-0.04428644667
32.52226797,-0.04433751496
32.54229399,-0.04428775972
32.56232002,-0.04415037482
32.58234605,-0.04392846368
32.60237208,-0.04361407625
32.6223981,-0.04320200581
32.64242413,-0.04268801917
32.66245016,-0.04210204013
32.68247618,-0.04147132217
32.70250221,-0.04079237021
32.72252824,-0.04005652265
32.74255427,-0.0392524934
32.76258029,-0.03836289782
32.78260632,-0.03740237647
32.80263235,-0.03639013823
32.82265837,-0.03533618848
32.8426844,-0.03426312799
32.86271043,-0.03317116793
32.88273645,-0.03204808468
32.90276248,-0.03089254
32.92278851,-0.02969994384
32.94281454,-0.02848078134
32.96284056,-0.02723574799
32.98286659,-0.02597106929
33.00289262,-0.02468141251
33.02291864,-0.02338831986
33.04294467,-0.02209918057
33.0629707,-0.02083922319
33.08299673,-0.01961002355
33.10302275,-0.01840386348
33.12304878,-0.01721478024
33.14307481,-0.01605201862
33.16310083,-0.01490685107
33.18312686,-0.01379968409
33.20315289,-0.01273054152
33.22317892,-0.01173076226
33.24320494,-0.01079729158
33.26323097,-0.009926382996
33.283257,-0.009087330451
33.30328302,-0.008298507221
33.32330905,-0.007552140522
33.34333508,-0.006872190737
33.3633611,-0.00625920502
33.38338713,-0.005713013961
33.40341316,-0.005207107436
33.42343919,-0.004771255191
33.44346521,-0.004427458278
33.46349124,-0.004175998108
33.48351727,-0.004001302355
33.50354329,-0.003902879094
33.52356932,-0.003870399078
33.54359535,-0.003900695949
33.56362138,-0.00400438776
33.5836474,-0.004188813324
33.60367343,-0.004453624036
33.62369946,-0.004788742306
33.64372548,-0.005175201782
33.66375151,-0.005607872194
33.68377754,-0.006083489538
33.70380356,-0.006608914492
33.72382959,-0.007184688173
33.74385562,-0.007800816129
33.76388165,-0.00846756432
33.78390767,-0.009185561988
33.8039337,-0.009946237052
33.82395973,-0.01074544813
33.84398575,-0.01158107191
33.86401178,-0.01245969401
33.88403781,-0.01335865724
33.90406384,-0.01426960626
33.92408986,-0.01518706622
33.94411589,-0.01611563473
33.96414192,-0.01706306849
33.98416794,-0.01800716098
34.00419397,-0.01894868423
34.02422,-0.01986242456
34.04424603,-0.02076332721
34.06427205,-0.02163494047
34.08429808,-0.022476255
34.10432411,-0.02327983559
34.12435013,-0.02404327541
34.14437616,-0.02475549035
34.16440219,-0.02544207352
34.18442821,-0.02609946001
34.20445424,-0.02672394209
34.22448027,-0.02728894056
34.2445063,-0.02778349845
34.26453232,-0.02822990403
34.28455835,-0.0286194875
34.30458438,-0.02895700127
34.3246104,-0.02921684192
34.34463643,-0.02941871936
34.36466246,-0.02954547593
34.38468849,-0.02959922642
34.40471451,-0.02958701191
34.42474054,-0.02951564077
34.44476657,-0.02937612534
34.46479259,-0.02914796295
34.48481862,-0.0288272911
34.50484465,-0.02842608017
34.52487067,-0.02796203158
34.5448967,-0.02745979194
34.56492273,-0.02690417516
34.58494876,-0.02628362119
34.60497478,-0.02559724406
34.62500081,-0.02483645083
34.64502684,-0.02403237246
34.66505286,-0.02317739717
34.68507889,-0.02228556531
34.70510492,-0.02134030857
34.72513095,-0.02036017464
34.74515697,-0.01934245486
34.765183,-0.01830141069
34.78520903,-0.0172223409
34.80523505,-0.01613303507
34.82526108,-0.01502983625
34.84528711,-0.01391633746
34.86531314,-0.01277565722
34.88533916,-0.01162664669
34.90536519,-0.01049670776
34.92539122,-0.009395934044
34.94541724,-0.008315802823
34.96544327,-0.007250899884
34.9854693,-0.006213567711
35.00549532,-0.005211676238
35.02552135,-0.004256178359
35.04554738,-0.003345013172
35.06557341,-0.002494142321
35.08559943,-0.001685171971
35.10562546,-0.0009266565963
35.12565149,-0.0001960652155
35.14567751,0.0004485898152
35.16570354,0.001026017899
35.18572957,0.001511548336
35.2057556,0.001939681142
35.22578162,0.002296292057
35.24580765,0.002570952672
35.26583368,0.002775462713
35.2858597,0.002910010246
35.30588573,0.002961004547
35.32591176,0.002919739475
35.34593779,0.002804715572
35.36596381,0.002603966929
35.38598984,0.0023344607
35.40601587,0.001982166113
35.42604189,0.001570641539
35.44606792,0.001092264894
35.46609395,0.0005550076932
35.48611997,-5.855608614e-005
35.506146,-0.0007417006978
35.52617203,-0.001492402476
35.54619806,-0.002298690933
35.56622408,-0.003152470659
35.58625011,-0.004030689342
35.60627614,-0.004954842254
35.62630216,-0.005905976024
35.64632819,-0.006920391774
35.66635422,-0.007961767482
35.68638025,-0.009009651152
35.70640627,-0.01007028087
35.7264323,-0.01113277605
35.74645833,-0.01221421018
35.76648435,-0.01329619718
35.78651038,-0.01438137583
35.80653641,-0.01545108558
35.82656243,-0.0165002338
35.84658846,-0.01750107535
35.86661449,-0.01846782812
35.88664052,-0.01940675881
35.90666654,-0.02030691223
35.92669257,-0.02115380585
35.9467186,-0.02195072892
35.96674462,-0.02268800118
35.98677065,-0.02335973531
36.00679668,-0.02395167432
36.02682271,-0.02447556846
36.04684873,-0.02493683322
36.06687476,-0.02533092088
36.08690079,-0.02566898434
36.10692681,-0.02592541572
36.12695284,-0.02609233243
36.14697887,-0.02616315641
36.1670049,-0.02615389854
36.18703092,-0.02605052591
36.20705695,-0.02585111191
36.22708298,-0.02556905986
36.247109,-0.02519645438
36.26713503,-0.02474863962
36.28716106,-0.02421938248
36.30718708,-0.02362541625
36.32721311,-0.02297231579
36.34723914,-0.02225106974
36.36726517,-0.02145588003
36.38729119,-0.02059872331
36.40731722,-0.01966650502
36.42734325,-0.01868523203
36.44736927,-0.01769277134
36.4673953,-0.01667129337
36.48742133,-0.01561703566
36.50744736,-0.01450583044
36.52747338,-0.01337986476
36.54749941,-0.01222191237
36.56752544,-0.01106180945
36.58755146,-0.009888395288
36.60757749,-0.00872212432
36.62760352,-0.007573893198
36.64762954,-0.006436026262
36.66765557,-0.005323126921
36.6876816,-0.004237539792
36.70770763,-0.003192000853
36.72773365,-0.002182213498
36.74775968,-0.00121914115
36.76778571,-0.0002985123843
36.78781173,0.0005712068506
36.80783776,0.001382666071
36.82786379,0.002138475245
36.84788982,0.00283305984
36.86791584,0.003477810805
36.88794187,0.004078639065
36.9079679,0.004631649093
36.92799392,0.00511366411
36.94801995,0.005537834655
36.96804598,0.005907117672
36.98807201,0.006225022385
37.00809803,0.006463632139
37.02812406,0.006634487839
37.04815009,0.006728560954
37.06817611,0.006756479028
37.08820214,0.006724394966
37.10822817,0.006646896683
37.12825419,0.006517750694
37.14828022,0.006320546438
37.16830625,0.006068169549
37.18833228,0.005754281969
37.2083583,0.005400967617
37.22838433,0.005019313431
37.24841036,0.004610054435
37.26843638,0.004178393882
37.28846241,0.003711744439
37.30848844,0.003219916052
37.32851447,0.00272130122
37.34854049,0.002197234958
37.36856652,0.001641514119
37.38859255,0.001066299694
37.40861857,0.0004933163725
37.4286446,-8.101691126e-005
37.44867063,-0.0006558701586
37.46869665,-0.001232811939
37.48872268,-0.001800334604
37.50874871,-0.002381366963
37.52877474,-0.002940483488
37.54880076,-0.003479717713
37.56882679,-0.003998288366
37.58885282,-0.004489985007
37.60887884,-0.004934480619
37.62890487,-0.005325831376
37.6489309,-0.005676673385
37.66895693,-0.0059737011
37.68898295,-0.006216197685
37.70900898,-0.006427404331
37.72903501,-0.006609497349
37.74906103,-0.006754272618
37.76908706,-0.006839999104
37.78911309,-0.006856424789
37.80913912,-0.006805503842
37.82916514,-0.006709945033
37.84919117,-0.006576801455
37.8692172,-0.006387452374
37.88924322,-0.006131609681
37.90926925,-0.005809492361
37.92929528,-0.005418110033
37.9493213,-0.004955313965
37.96934733,-0.00440934166
37.98937336,-0.00378731416
38.00939939,-0.00308989868
38.02942541,-0.002329858434
38.04945144,-0.001500912477
38.06947747,-0.0006342332605
38.08950349,0.0002645682974
38.10952952,0.001195038499
38.12955555,0.002182644931
38.14958158,0.003207666315
38.1696076,0.004262595555
38.18963363,0.005367322616
38.20965966,0.006505016528
38.22968568,0.007668221757
38.24971171,0.00883454564
38.26973774,0.01001542359
38.28976376,0.01122211649
38.30978979,0.01246357587
38.32981582,0.01373508704
38.34984185,0.01503111282
38.36986787,0.01632714067
38.3898939,0.01760311078
38.40991993,0.01885815515
38.42994595,0.02008224672
38.44997198,0.0212968325
38.46999801,0.02249736846
38.49002404,0.02366860586
38.51005006,0.02480462291
38.53007609,0.025898427
38.55010212,0.02695870148
38.57012814,0.02799365024
38.59015417,0.02899873086
38.6101802,0.0299671451
38.63020623,0.03089985835
38.65023225,0.03178818308
38.67025828,0.03263820443
38.69028431,0.03345572619
38.71031033,0.03420005961
38.73033636,0.03485304842
38.75036239,0.03543416531
38.77038841,0.0359500044
38.79041444,0.03640722376
38.81044047,0.03680603743
38.8304665,0.03714272945
38.85049252,0.03740753908
38.87051855,0.03762684453
38.89054458,0.03781657602
38.9105706,0.0379621312
38.93059663,0.03804182772
38.95062266,0.03805800499
38.97064869,0.03802124402
38.99067471,0.03795330405
39.01070074,0.03786369614
39.03072677,0.03773133805
39.05075279,0.03754464694
39.07077882,0.03727636261
39.09080485,0.03695034158
39.11083087,0.03658682721
39.1308569,0.03621772086
39.15088293,0.03579653149
39.17090896,0.03532530615
39.19093498,0.03482055331
39.21096101,0.034315799
39.23098704,0.03377637568
39.25101306,0.03319901111
39.27103909,0.0325995192
39.29106512,0.03197821409
39.31109115,0.03135471069
39.33111717,0.03073843901
39.3511432,0.03013182578
39.37116923,0.02952176465
39.39119525,0.0288906683
39.41122128,0.02824313026
39.43124731,0.02760930984
39.45127334,0.02698746412
39.47129936,0.02637844083
39.49132539,0.0257693699
39.51135142,0.02519560443
39.53137744,0.02464465509
39.55140347,0.02414780346
39.5714295,0.02369466873
39.59145552,0.02328533298
39.61148155,0.02291722972
39.63150758,0.02261082437
39.65153361,0.0223518883
39.67155963,0.0221384166
39.69158566,0.02196183498
39.71161169,0.02184341507
39.73163771,0.02177457512
39.75166374,0.02176137596
39.77168977,0.02179798741
39.7917158,0.0218810324
39.81174182,0.02201510207
39.83176785,0.02221385012
39.85179388,0.02250130234
39.8718199,0.02286933269
39.89184593,0.02332440553
39.91187196,0.02383674902
39.93189798,0.02440999077
39.95192401,0.02505608399
39.97195004,0.02577391297
39.99197607,0.02652716803
40.01200209,0.02730983204
40.03202812,0.02814005652
40.05205415,0.02901817237
40.07208017,0.0299433714
40.0921062,0.03090492044
40.11213223,0.03189822269
40.13215826,0.03291800734
40.15218428,0.03396637428
40.17221031,0.03503216203
40.19223634,0.03612937181
40.21226236,0.0372501172
40.23228839,0.03837962524
40.25231442,0.03949217788
40.27234045,0.04060491245
40.29236647,0.04173488014
40.3123925,0.0428611498
40.33241853,0.04397250857
40.35244455,0.04503835258
40.37247058,0.04604940408
40.39249661,0.04706052941
40.41252263,0.04804613179
40.43254866,0.04897567916
40.45257469,0.04984150068
40.47260072,0.05068946168
40.49262674,0.0515022221
40.51265277,0.05228365983
40.5326788,0.05301184652
40.55270482,0.05367932056
40.57273085,0.05426587219
40.59275688,0.05479241054
40.61278291,0.05526240671
40.63280893,0.05567160855
40.65283496,0.05599791321
40.67286099,0.05622760559
40.69288701,0.05639486531
40.71291304,0.05649335226
40.73293907,0.05652588117
40.75296509,0.05649073246
40.77299112,0.05638913524
40.79301715,0.05621705171
40.81304318,0.0560054323
40.8330692,0.05574615333
40.85309523,0.05543835754
40.87312126,0.05508639608
40.89314728,0.05468071458
40.91317331,0.05420662253
40.93319934,0.05366965798
40.95322537,0.05308810396
40.97325139,0.05245703464
40.99327742,0.05176643156
41.01330345,0.05104591499
41.03332947,0.05030599631
41.0533555,0.04954503748
41.07338153,0.04877195069
41.09340756,0.04800620188
41.11343358,0.04726059762
41.13345961,0.04653939428
41.15348564,0.04584428017
41.17351166,0.04515668907
41.19353769,0.04448237284
41.21356372,0.0438456197
41.23358974,0.04323618677
41.25361577,0.04265719804
41.2736418,0.04211649654
41.29366783,0.04161577742
41.31369385,0.04113913298
41.33371988,0.04069961455
41.35374591,0.0403188809
41.37377193,0.04002064225
41.39379796,0.03980947694
41.41382399,0.03966331819
41.43385002,0.0395895741
41.45387604,0.03958446909
41.47390207,0.03964061073
41.4939281,0.03975040206
41.51395412,0.0399092005
41.53398015,0.04013125356
41.55400618,0.04042603095
41.5740322,0.04079271904
41.59405823,0.04121708212
41.61408426,0.04167751008
41.63411029,0.04220212075
41.65413631,0.04279890136
41.67416234,0.0434546601
41.69418837,0.04415133543
41.71421439,0.04488767716
41.73424042,0.0456668336
41.75426645,0.04649734663
41.77429248,0.04735644308
41.7943185,0.04822855186
41.81434453,0.04909325979
41.83437056,0.04995814108
41.85439658,0.05082883521
41.87442261,0.05170297149
41.89444864,0.05253489947
41.91447467,0.05332640489
41.93450069,0.05410367254
41.95452672,0.05489160694
41.97455275,0.0556491237
41.99457877,0.05633741983
42.0146048,0.0569841088
42.03463083,0.05760057844
42.05465685,0.05816839563
42.07468288,0.05866928895
42.09470891,0.05908214272
42.11473494,0.05939245148
42.13476096,0.05962557995
42.15478699,0.05977798811
42.17481302,0.05986473779
42.19483904,0.05985134354
42.21486507,0.05973463617
42.2348911,0.05951727935
42.25491713,0.05920271956
42.27494315,0.05879759789
42.29496918,0.05827375483
42.31499521,0.05764362275
42.33502123,0.05694040088
42.35504726,0.05613271655
42.37507329,0.05518259644
42.39509931,0.05410381047
42.41512534,0.052915092
42.43515137,0.05164462348
42.4551774,0.05026766752
42.47520342,0.04874732943
42.49522945,0.04711469563
42.51525548,0.04540764253
42.5352815,0.04361889108
42.55530753,0.041757976
42.57533356,0.03981907901
42.59535959,0.0378013104
42.61538561,0.03572309619
42.63541164,0.03358038318
42.65543767,0.03137892903
42.67546369,0.02912255965
42.69548972,0.02680324819
42.71551575,0.02443470544
42.73554178,0.02203602882
42.7555678,0.01959690888
42.77559383,0.01715013991
42.79561986,0.01471347651
42.81564588,0.01226491312
42.83567191,0.00983527297
42.85569794,0.007415740971
42.87572396,0.004998349581
42.89574999,0.002603937175
42.91577602,0.0002195434349
42.93580205,-0.002154830967
42.95582807,-0.004477829515
42.9758541,-0.006757368905
42.99588013,-0.008986191586
43.01590615,-0.01116073845
43.03593218,-0.0133017876
43.05595821,-0.01540016766
43.07598424,-0.01740478286
43.09601026,-0.01932034275
43.11603629,-0.02116989728
43.13606232,-0.02293749045
43.15608834,-0.02463975189
43.17611437,-0.02626907591
43.1961404,-0.02778541867
43.21616642,-0.02919335811
43.23619245,-0.03050720872
43.25621848,-0.03174661742
43.27624451,-0.0329026789
43.29627053,-0.03394960885
43.31629656,-0.03491191004
43.33632259,-0.03578111329
43.35634861,-0.03653661404
43.37637464,-0.03719637535
43.39640067,-0.03778943028
43.4164267,-0.03830560637
43.43645272,-0.03872658897
43.45647875,-0.03903114619
43.47650478,-0.03923481132
43.4965308,-0.03936199949
43.51655683,-0.03942532016
43.53658286,-0.03944074302
43.55660889,-0.03939852908
43.57663491,-0.03930767447
43.59666094,-0.03913870621
43.61668697,-0.03888594262
43.63671299,-0.03856882896
43.65673902,-0.03818664505
43.67676505,-0.03775341871
43.69679107,-0.03729434544
43.7168171,-0.03678280665
43.73684313,-0.03622231926
43.75686916,-0.03562832889
43.77689518,-0.03499325573
43.79692121,-0.03434512922
43.81694724,-0.03366735201
43.83697326,-0.03296728907
43.85699929,-0.03224573095
43.87702532,-0.03150376041
43.89705135,-0.03074210286
43.91707737,-0.02998538539
43.9371034,-0.02925682752
43.95712943,-0.02855685786
43.97715545,-0.02784482388
43.99718148,-0.02711052576
44.01720751,-0.02637485055
44.03723353,-0.02568848813
44.05725956,-0.02504598711
44.07728559,-0.02441158994
44.09731162,-0.02381004173
44.11733764,-0.02323371057
44.13736367,-0.02267919212
44.1573897,-0.02213099273
44.17741572,-0.02160996539
44.19744175,-0.02113622527
44.21746778,-0.02070844018
44.23749381,-0.02031507792
44.25751983,-0.01997702027
44.27754586,-0.019666702
44.29757189,-0.01936697415
44.31759791,-0.01909282792
44.33762394,-0.01888954311
44.35764997,-0.01874404757
44.377676,-0.0186286944
44.39770202,-0.01853961304
44.41772805,-0.01846358996
44.43775408,-0.01841582215
44.4577801,-0.01841974808
44.47780613,-0.01845947133
44.49783216,-0.01852677962
44.51785818,-0.01860231119
44.53788421,-0.01869577053
44.55791024,-0.01883187445
44.57793627,-0.01900359456
44.59796229,-0.01917993276
44.61798832,-0.01937445384
44.63801435,-0.0195965892
44.65804037,-0.01982848338
44.6780664,-0.02007276319
44.69809243,-0.02034284032
44.71811846,-0.02062201842
44.73814448,-0.0208606396
44.75817051,-0.02110546252
44.77819654,-0.02135566931
44.79822256,-0.0215994343
44.81824859,-0.02183125173
44.83827462,-0.02209786769
44.85830064,-0.02236942113
44.87832667,-0.02259633011
44.8983527,-0.02279782465
44.91837873,-0.02300617783
44.93840475,-0.02319469809
44.95843078,-0.02333475785
44.97845681,-0.02343003686
44.99848283,-0.0235069215
45.01850886,-0.02353374435
45.03853489,-0.02351683102
45.05856092,-0.02348830508
45.07858694,-0.02342742631
45.09861297,-0.02330735188
45.118639,-0.02312642408
45.13866502,-0.02291306592
45.15869105,-0.02264550027
45.17871708,-0.02233361162
45.19874311,-0.02198326169
45.21876913,-0.02156761862
45.23879516,-0.02110695923
45.25882119,-0.02057973417
45.27884721,-0.01999575368
45.29887324,-0.01936909828
45.31889927,-0.01867474027
45.33892529,-0.01792114159
45.35895132,-0.01711628948
45.37897735,-0.01627720123
45.39900338,-0.01542042855
45.4190294,-0.01450845032
45.43905543,-0.01352799501
45.45908146,-0.01252988707
45.47910748,-0.01154525762
45.49913351,-0.01053573944
45.51915954,-0.009487113125
45.53918557,-0.008423886427
45.55921159,-0.007397616695
45.57923762,-0.006374046584
45.59926365,-0.005325339496
45.61928967,-0.004298320941
45.6393157,-0.003262829004
45.65934173,-0.002198971026
45.67936776,-0.00113585481
45.69939378,-0.0001425624968
45.71941981,0.0007997177086
45.73944584,0.001674229206
45.75947186,0.002478108918
45.77949789,0.00326577505
45.79952392,0.004045378167
45.81954994,0.004800875094
45.83957597,0.00549306578
45.859602,0.006149023901
45.87962803,0.006783915533
45.89965405,0.007353888629
45.91968008,0.00781637011
45.93970611,0.008226277587
45.95973213,0.00858386177
45.97975816,0.008874205391
45.99978419,0.009110801707
46.01981022,0.009335593176
46.03983624,0.009541348919
46.05986227,0.009684886779
46.0798883,0.009793834504
46.09991432,0.009866692277
46.11994035,0.009876493066
46.13996638,0.009802385536
46.1599924,0.009659797911
46.18001843,0.009488235149
46.20004446,0.009282923643
46.22007049,0.009084254656
46.24009651,0.008883034098
46.26012254,0.008644664757
46.28014857,0.00837221226
46.30017459,0.008098404423
46.32020062,0.007868384335
46.34022665,0.007615159626
46.36025268,0.007334653289
46.3802787,0.007030087917
46.40030473,0.006702535888
46.42033076,0.006394563723
46.44035678,0.006139045533
46.46038281,0.005910960256
46.48040884,0.005654743731
46.50043487,0.005425054389
46.52046089,0.005250793021
46.54048692,0.005104599424
46.56051295,0.004975356118
46.58053897,0.004871666287
46.600565,0.004782329853
46.62059103,0.004719285285
46.64061705,0.004769387939
46.66064308,0.004881265614
46.68066911,0.004987395727
46.70069514,0.00518901548
46.72072116,0.005489042964
46.74074719,0.005831285235
46.76077322,0.00619698931
46.78079924,0.006587438003
46.80082527,0.006972290227
46.8208513,0.007433927697
46.84087733,0.008016756807
46.86090335,0.008659418422
46.88092938,0.009261979121
46.90095541,0.009918748663
46.92098143,0.01064338047
46.94100746,0.01134730899
46.96103349,0.0120136331
46.98105951,0.01269312278
47.00108554,0.01341617309
47.02111157,0.0142198984
47.0411376,0.01506127649
47.06116362,0.01590113253
47.08118965,0.01674893498
47.10121568,0.01762715366
47.1212417,0.01845791832
47.14126773,0.01927313641
47.16129376,0.02004153833
47.18131979,0.02075995515
47.20134581,0.02150523255
47.22137184,0.02229707456
47.24139787,0.02305183118
47.26142389,0.02372272831
47.28144992,0.02436369865
47.30147595,0.0249746279
47.32150198,0.02552398612
47.341528,0.02596591319
47.36155403,0.02630144416
47.38158006,0.02658970089
47.40160608,0.02685822884
47.42163211,0.02707572306
47.44165814,0.02714892378
47.46168416,0.02712768391
47.48171019,0.02699704773
47.50173622,0.02683631355
47.52176225,0.02655831835
47.54178827,0.0261646584
47.5618143,0.02569761041
47.58184033,0.02524880664
47.60186635,0.02472032135
47.62189238,0.02407329805
47.64191841,0.02327245753
47.66194444,0.02239588775
47.68197046,0.02146634806
47.70199649,0.02045960424
47.72202252,0.01934767464
47.74204854,0.01825212453
47.76207457,0.01716882392
47.7821006,0.0160249243
47.80212662,0.01478040789
47.82215265,0.01350049867
47.84217868,0.01223498967
47.86220471,0.01089208888
47.88223073,0.009501535706
47.90225676,0.008156572539
47.92228279,0.006861197795
47.94230881,0.005579072439
47.96233484,0.004238117553
47.98236087,0.002876174262
48.0023869,0.001565774998
48.02241292,0.000305017595
48.04243895,-0.0009610990862
48.06246498,-0.002149755937
48.082491,-0.003272051174
48.10251703,-0.004339141607
48.12254306,-0.005421510782
48.14256909,-0.006472812527
48.16259511,-0.007489515169
48.18262114,-0.008438566227
48.20264717,-0.009313474089
48.22267319,-0.01006784859
48.24269922,-0.01072494437
48.26272525,-0.01130105978
48.28275127,-0.01181835232
48.3027773,-0.01234472914
48.32280333,-0.01274885077
48.34282936,-0.01309437181
48.36285538,-0.01334261297
48.38288141,-0.01341125135
48.40290744,-0.01346504784
48.42293346,-0.01342262389
48.44295949,-0.01333863927
48.46298552,-0.01315185939
48.48301155,-0.01288019648
48.50303757,-0.01246133482
48.5230636,-0.01194108597
48.54308963,-0.01133463367
48.56311565,-0.01066685928
48.58314168,-0.009958194227
48.60316771,-0.009152379993
48.62319373,-0.008289014138
48.64321976,-0.007331379296
48.66324579,-0.006271447741
48.68327182,-0.005176568183
48.70329784,-0.0041002674
48.72332387,-0.002943481886
48.7433499,-0.001794744176
48.76337592,-0.0005842781212
48.78340195,0.0007108613984
48.80342798,0.002057747798
48.82345401,0.003389319703
48.84348003,0.004660186292
48.86350606,0.005932046976
48.88353209,0.007313598877
48.90355811,0.008729117378
48.92358414,0.01010221823
48.94361017,0.01138814625
48.9636362,0.01266882444
48.98366222,0.0139171567
49.00368825,0.0151927667
49.02371428,0.0164960365
49.0437403,0.01777233762
49.06376633,0.01894963433
49.08379236,0.02005772654
49.10381838,0.02109077916
49.12384441,0.02220648629
49.14387044,0.02321865546
49.16389647,0.02406356178
49.18392249,0.02479910052
49.20394852,0.02544481643
49.22397455,0.02609409044
49.24400057,0.02672062059
49.2640266,0.0270999512
49.28405263,0.02741431859
49.30407866,0.02759128256
49.32410468,0.02789005375
49.34413071,0.02803152064
49.36415674,0.02793402488
49.38418276,0.02773790303
49.40420879,0.02755616452
49.42423482,0.02739916341
49.44426084,0.02687053022
49.46428687,0.02629099921
49.4843129,0.02562958405
49.50433893,0.02494711851
49.52436495,0.02406682178
49.54439098,0.02315861601
49.56441701,0.02219193751
49.58444303,0.02128647372
49.60446906,0.02024916863
49.62449509,0.01904892075
49.64452112,0.01797336599
49.66454714,0.01697936907
49.68457317,0.01582199976
49.7045992,0.01467456961
49.72462522,0.01350686619
49.74465125,0.01209361614
49.76467728,0.01077977259
49.78470331,0.009298576628
49.80472933,0.007634993274
49.82475536,0.0058852642
49.84478139,0.00415608299
49.86480741,0.002296768353
49.88483344,0.0005688552157
49.90485947,-0.0009825336219
49.92488549,-0.00228906551
49.94491152,-0.003511600897
49.96493755,-0.004572771421
49.98496358,-0.005527415261
50.0049896,-0.006133364055
50.02501563,-0.006114469446
50.04504166,-0.003015225525
