0,0.014727
0.0099972,0.011992
0.019994,0.0072599
0.029992,0.0022172
0.039989,-0.0011241
0.049986,-0.0018602
0.059983,-0.002346
0.06998,-0.002632
0.079978,-0.0027611
0.089975,-0.0028864
0.099972,-0.0030151
0.10997,-0.0030979
0.11997,-0.0031831
0.12996,-0.0032832
0.13996,-0.0034309
0.14996,-0.0035298
0.15996,-0.0035753
0.16995,-0.0036569
0.17995,-0.0037521
0.18995,-0.0038773
0.19994,-0.0039453
0.20994,-0.0039987
0.21994,-0.0040465
0.22994,-0.00408
0.23993,-0.00412
0.24993,-0.0041751
0.25993,-0.0042784
0.26992,-0.0043409
0.27992,-0.0043805
0.28992,-0.004419
0.29992,-0.004421
0.30991,-0.0044501
0.31991,-0.0045246
0.32991,-0.0045732
0.33991,-0.0046256
0.3499,-0.0046916
0.3599,-0.0047483
0.3699,-0.0047882
0.37989,-0.0048702
0.38989,-0.0049521
0.39989,-0.005016
0.40989,-0.0050913
0.41988,-0.0051703
0.42988,-0.0052021
0.43988,-0.005281
0.44987,-0.0053591
0.45987,-0.005403
0.46987,-0.005444
0.47987,-0.0055145
0.48986,-0.0055644
0.49986,-0.0056259
0.50986,-0.0056819
0.51986,-0.0057221
0.52985,-0.0057529
0.53985,-0.0057896
0.54985,-0.0058304
0.55984,-0.0058971
0.56984,-0.0059874
0.57984,-0.0060353
0.58984,-0.0060933
0.59983,-0.0061607
0.60983,-0.0061929
0.61983,-0.0062202
0.62982,-0.0062829
0.63982,-0.0063275
0.64982,-0.0063726
0.65982,-0.0063842
0.66981,-0.0063818
0.67981,-0.006394
0.68981,-0.0064804
0.6998,-0.0065407
0.7098,-0.00656
0.7198,-0.0065796
0.7298,-0.0065629
0.73979,-0.0065361
0.74979,-0.006528
0.75979,-0.0065034
0.76979,-0.0064719
0.77978,-0.0064792
0.78978,-0.0064817
0.79978,-0.0064899
0.80977,-0.0065304
0.81977,-0.0065668
0.82977,-0.0065918
0.83977,-0.0066088
0.84976,-0.006611
0.85976,-0.0066019
0.86976,-0.0065779
0.87975,-0.0065878
0.88975,-0.0065892
0.89975,-0.0066048
0.90975,-0.006662
0.91974,-0.0066835
0.92974,-0.006714
0.93974,-0.0067092
0.94974,-0.0067127
0.95973,-0.0067005
0.96973,-0.0066752
0.97973,-0.0066645
0.98972,-0.0066517
0.99972,-0.0065994
1.0097,-0.0065729
1.0197,-0.0065451
1.0297,-0.0065468
1.0397,-0.0065563
1.0497,-0.0065532
1.0597,-0.0065347
1.0697,-0.0065091
1.0797,-0.0065178
1.0897,-0.0065162
1.0997,-0.0064706
1.1097,-0.0064392
1.1197,-0.0063958
1.1297,-0.0063266
1.1397,-0.0062516
1.1497,-0.0062057
1.1597,-0.0061847
1.1697,-0.0061537
1.1797,-0.006147
1.1897,-0.0061364
1.1997,-0.0061339
1.2097,-0.0060881
1.2197,-0.006038
1.2297,-0.00597
1.2397,-0.0059096
1.2497,-0.0058493
1.2596,-0.0058115
1.2696,-0.0057443
1.2796,-0.0057102
1.2896,-0.0056649
1.2996,-0.0056284
1.3096,-0.0056057
1.3196,-0.005553
1.3296,-0.0054879
1.3396,-0.0054293
1.3496,-0.0053812
1.3596,-0.0053316
1.3696,-0.0052637
1.3796,-0.005191
1.3896,-0.0051173
1.3996,-0.005044
1.4096,-0.0050018
1.4196,-0.0049439
1.4296,-0.0049092
1.4396,-0.0048735
1.4496,-0.0048361
1.4596,-0.0048155
1.4696,-0.0047499
1.4796,-0.0046962
1.4896,-0.0046128
1.4996,-0.0045178
1.5096,-0.0044372
1.5196,-0.0043771
1.5296,-0.0043308
1.5396,-0.0042576
1.5496,-0.0042019
1.5596,-0.0041581
1.5696,-0.0041245
1.5796,-0.0040805
1.5896,-0.0040711
1.5996,-0.0040361
1.6096,-0.0040251
1.6195,-0.0039974
1.6295,-0.0039573
1.6395,-0.0039248
1.6495,-0.0038834
1.6595,-0.0038596
1.6695,-0.0038269
1.6795,-0.0037954
1.6895,-0.0037713
1.6995,-0.0037349
1.7095,-0.0037092
1.7195,-0.0036917
1.7295,-0.0036605
1.7395,-0.0036502
1.7495,-0.0036355
1.7595,-0.0036074
1.7695,-0.0035968
1.7795,-0.0035954
1.7895,-0.0035839
1.7995,-0.0035475
1.8095,-0.0035244
1.8195,-0.003483
1.8295,-0.0034373
1.8395,-0.0034112
1.8495,-0.0033808
1.8595,-0.0033532
1.8695,-0.0033401
1.8795,-0.0033296
1.8895,-0.0033221
1.8995,-0.0033157
1.9095,-0.0033109
1.9195,-0.0033017
1.9295,-0.0032825
1.9395,-0.0032752
1.9495,-0.0032604
1.9595,-0.0032417
1.9695,-0.0032269
1.9794,-0.0032156
1.9894,-0.003187
1.9994,-0.0031612
2.0094,-0.0031341
2.0194,-0.0031149
2.0294,-0.003117
2.0394,-0.0031212
2.0494,-0.0031344
2.0594,-0.003137
2.0694,-0.0031337
2.0794,-0.0031496
2.0894,-0.0031598
2.0994,-0.0031606
2.1094,-0.0031651
2.1194,-0.003176
2.1294,-0.0031786
2.1394,-0.0031881
2.1494,-0.00319
2.1594,-0.0031961
2.1694,-0.0032053
2.1794,-0.0032368
2.1894,-0.0032705
2.1994,-0.0032935
2.2094,-0.0033061
2.2194,-0.0033441
2.2294,-0.0033688
2.2394,-0.0033879
2.2494,-0.003414
2.2594,-0.0034557
2.2694,-0.0034695
2.2794,-0.003488
2.2894,-0.0035059
2.2994,-0.0035265
2.3094,-0.0035514
2.3194,-0.0035719
2.3294,-0.0035842
2.3393,-0.0036107
2.3493,-0.0036445
2.3593,-0.0036778
2.3693,-0.0037048
2.3793,-0.0037242
2.3893,-0.0037457
2.3993,-0.0037927
2.4093,-0.0038284
2.4193,-0.0038673
2.4293,-0.0039008
2.4393,-0.0039361
2.4493,-0.0039533
2.4593,-0.0039845
2.4693,-0.0040166
2.4793,-0.0040403
2.4893,-0.0040621
2.4993,-0.0040921
2.5093,-0.0041061
2.5193,-0.0041346
2.5293,-0.0041569
2.5393,-0.0041655
2.5493,-0.0041836
2.5593,-0.0042075
2.5693,-0.0042424
2.5793,-0.0042642
2.5893,-0.0042794
2.5993,-0.0042953
2.6093,-0.0043187
2.6193,-0.0043571
2.6293,-0.0043847
2.6393,-0.0043948
2.6493,-0.0043877
2.6593,-0.0043784
2.6693,-0.0043632
2.6793,-0.0043534
2.6893,-0.0043495
2.6992,-0.0043563
2.7092,-0.0043562
2.7192,-0.0043436
2.7292,-0.0043262
2.7392,-0.0043394
2.7492,-0.0043362
2.7592,-0.0043405
2.7692,-0.0043344
2.7792,-0.0043094
2.7892,-0.0043095
2.7992,-0.0043106
2.8092,-0.004307
2.8192,-0.0043094
2.8292,-0.0042879
2.8392,-0.004275
2.8492,-0.0042471
2.8592,-0.0042074
2.8692,-0.004183
2.8792,-0.0041688
2.8892,-0.0041461
2.8992,-0.0041331
2.9092,-0.004105
2.9192,-0.004077
2.9292,-0.0040571
2.9392,-0.0040376
2.9492,-0.0040066
2.9592,-0.0039899
2.9692,-0.0039753
2.9792,-0.0039404
2.9892,-0.0039112
2.9992,-0.0038589
3.0092,-0.0038094
3.0192,-0.0037626
3.0292,-0.0037165
3.0392,-0.0036648
3.0491,-0.0036102
3.0591,-0.0035758
3.0691,-0.0035395
3.0791,-0.0035141
3.0891,-0.0034926
3.0991,-0.0034583
3.1091,-0.0034148
3.1191,-0.0033658
3.1291,-0.0033197
3.1391,-0.0032831
3.1491,-0.0032419
3.1591,-0.0032182
3.1691,-0.003175
3.1791,-0.0031412
3.1891,-0.0030788
3.1991,-0.0030274
3.2091,-0.0029808
3.2191,-0.0029435
3.2291,-0.0028932
3.2391,-0.0028426
3.2491,-0.0027877
3.2591,-0.0027532
3.2691,-0.0027224
3.2791,-0.0026843
3.2891,-0.0026412
3.2991,-0.0025925
3.3091,-0.0025559
3.3191,-0.0025004
3.3291,-0.0024424
3.3391,-0.0023761
3.3491,-0.0023116
3.3591,-0.002252
3.3691,-0.0021811
3.3791,-0.0021032
3.3891,-0.0020308
3.3991,-0.0019631
3.409,-0.0018998
3.419,-0.0018206
3.429,-0.0017407
3.439,-0.0016626
3.449,-0.0015926
3.459,-0.0015296
3.469,-0.0014503
3.479,-0.0013682
3.489,-0.0012793
3.499,-0.0011862
3.509,-0.0011006
3.519,-0.0010302
3.529,-0.00095337
3.539,-0.00088115
3.549,-0.00080317
3.559,-0.00072737
3.569,-0.00065661
3.579,-0.00059058
3.589,-0.0005208
3.599,-0.00044415
3.609,-0.00035388
3.619,-0.00027861
3.629,-0.00020656
3.639,-0.00013004
3.649,-3.9424e-005
3.659,4.2154e-005
3.669,0.00013902
3.679,0.00022988
3.689,0.00034729
3.699,0.00044741
3.709,0.00053983
3.719,0.0006529
3.729,0.00074872
3.739,0.00084638
3.749,0.00094589
3.759,0.0010454
3.7689,0.0011419
3.7789,0.0012402
3.7889,0.0013293
3.7989,0.0014306
3.8089,0.001546
3.8189,0.0016578
3.8289,0.0017719
3.8389,0.0018655
3.8489,0.0019696
3.8589,0.0020724
3.8689,0.0021817
3.8789,0.0022821
3.8889,0.0023747
3.8989,0.0024626
3.9089,0.0025468
3.9189,0.0026359
3.9289,0.0027187
3.9389,0.0027993
3.9489,0.002865
3.9589,0.0029432
3.9689,0.0030162
3.9789,0.0031018
3.9889,0.0031903
3.9989,0.0032672
4.0089,0.0033533
4.0189,0.0034313
4.0289,0.0035099
4.0389,0.0035865
4.0489,0.0036669
4.0589,0.0037603
4.0689,0.0038485
4.0789,0.0039509
4.0889,0.0040421
4.0989,0.0041354
4.1089,0.0042262
4.1189,0.0043136
4.1288,0.0044071
4.1388,0.0045046
4.1488,0.0045728
4.1588,0.0046583
4.1688,0.0047534
4.1788,0.004839
4.1888,0.0049213
4.1988,0.0050104
4.2088,0.0051107
4.2188,0.0051994
4.2288,0.0052858
4.2388,0.005383
4.2488,0.0054695
4.2588,0.005554
4.2688,0.0056394
4.2788,0.0057222
4.2888,0.0058192
4.2988,0.0059145
4.3088,0.0060082
4.3188,0.0060956
4.3288,0.0061926
4.3388,0.0062742
4.3488,0.00635
4.3588,0.0064291
4.3688,0.0065023
4.3788,0.0065776
4.3888,0.0066624
4.3988,0.0067323
4.4088,0.006802
4.4188,0.0068799
4.4288,0.0069494
4.4388,0.0070224
4.4488,0.0070837
4.4588,0.0071324
4.4688,0.0071895
4.4788,0.0072504
4.4887,0.007306
4.4987,0.0073683
4.5087,0.007428
4.5187,0.0074853
4.5287,0.0075274
4.5387,0.0075729
4.5487,0.0076317
4.5587,0.0076864
4.5687,0.0077461
4.5787,0.0078005
4.5887,0.0078502
4.5987,0.0078882
4.6087,0.0079357
4.6187,0.0079851
4.6287,0.0080302
4.6387,0.0080722
4.6487,0.0081252
4.6587,0.0081736
4.6687,0.0082185
4.6787,0.0082607
4.6887,0.0082869
4.6987,0.0083198
4.7087,0.0083408
4.7187,0.0083754
4.7287,0.0084157
4.7387,0.0084335
4.7487,0.0084635
4.7587,0.0085007
4.7687,0.0085223
4.7787,0.0085476
4.7887,0.0085863
4.7987,0.0086095
4.8087,0.0086319
4.8187,0.0086775
4.8287,0.0087191
4.8387,0.008777
4.8486,0.0088189
4.8586,0.008862
4.8686,0.0088824
4.8786,0.0089011
4.8886,0.0089378
4.8986,0.0089698
4.9086,0.0090125
4.9186,0.009062
4.9286,0.0090872
4.9386,0.0091228
4.9486,0.0091616
4.9586,0.0091789
4.9686,0.0092094
4.9786,0.0092382
4.9886,0.0092763
4.9986,0.0092728
5.0086,0.0092642
5.0186,0.0092826
5.0286,0.009277
5.0386,0.0092816
5.0486,0.0092834
5.0586,0.009303
5.0686,0.0093025
5.0786,0.0093398
5.0886,0.0093804
5.0986,0.0093923
5.1086,0.0094153
5.1186,0.0094517
5.1286,0.0094829
5.1386,0.009507
5.1486,0.0095257
5.1586,0.0095667
5.1686,0.009558
5.1786,0.0095659
5.1886,0.0095684
5.1986,0.0095868
5.2085,0.0096098
5.2185,0.0096412
5.2285,0.0096594
5.2385,0.0096487
5.2485,0.0096538
5.2585,0.0096562
5.2685,0.0096679
5.2785,0.0096846
5.2885,0.0096825
5.2985,0.0096891
5.3085,0.0097055
5.3185,0.0097243
5.3285,0.0097214
5.3385,0.0097256
5.3485,0.0097331
5.3585,0.0097598
5.3685,0.0097718
5.3785,0.0097965
5.3885,0.0098298
5.3985,0.0098674
5.4085,0.009895
5.4185,0.0099337
5.4285,0.0099811
5.4385,0.010032
5.4485,0.010067
5.4585,0.01012
5.4685,0.010175
5.4785,0.010229
5.4885,0.010267
5.4985,0.010305
5.5085,0.010346
5.5185,0.010353
5.5285,0.010394
5.5385,0.010441
5.5485,0.01048
5.5585,0.010524
5.5684,0.010546
5.5784,0.010598
5.5884,0.010637
5.5984,0.010672
5.6084,0.010722
5.6184,0.010766
5.6284,0.010802
5.6384,0.010845
5.6484,0.01089
5.6584,0.010921
5.6684,0.010956
5.6784,0.010961
5.6884,0.010975
5.6984,0.011008
5.7084,0.011047
5.7184,0.011095
5.7284,0.01112
5.7384,0.011156
5.7484,0.011184
5.7584,0.011224
5.7684,0.011253
5.7784,0.011309
5.7884,0.011357
5.7984,0.011383
5.8084,0.011438
5.8184,0.011472
5.8284,0.011484
5.8384,0.011526
5.8484,0.01159
5.8584,0.011619
5.8684,0.011666
5.8784,0.011697
5.8884,0.011728
5.8984,0.01175
5.9084,0.011753
5.9183,0.011783
5.9283,0.011809
5.9383,0.011818
5.9483,0.011829
5.9583,0.011865
5.9683,0.011888
5.9783,0.01191
5.9883,0.011964
5.9983,0.011993
6.0083,0.012018
6.0183,0.012065
6.0283,0.012114
6.0383,0.012148
6.0483,0.012158
6.0583,0.012201
6.0683,0.012217
6.0783,0.012247
6.0883,0.012258
6.0983,0.012261
6.1083,0.012279
6.1183,0.012279
6.1283,0.012312
6.1383,0.012348
6.1483,0.012389
6.1583,0.012434
6.1683,0.012469
6.1783,0.012505
6.1883,0.012544
6.1983,0.012579
6.2083,0.012609
6.2183,0.012645
6.2283,0.012689
6.2383,0.012726
6.2483,0.012761
6.2583,0.012798
6.2683,0.012827
6.2782,0.012854
6.2882,0.012889
6.2982,0.012902
6.3082,0.012938
6.3182,0.012958
6.3282,0.012994
6.3382,0.013032
6.3482,0.013064
6.3582,0.013084
6.3682,0.013112
6.3782,0.013141
6.3882,0.013182
6.3982,0.013214
6.4082,0.013241
6.4182,0.013264
6.4282,0.013298
6.4382,0.013324
6.4482,0.013364
6.4582,0.013396
6.4682,0.013431
6.4782,0.013475
6.4882,0.013519
6.4982,0.013561
6.5082,0.013613
6.5182,0.013665
6.5282,0.013709
6.5382,0.013739
6.5482,0.01378
6.5582,0.013817
6.5682,0.013853
6.5782,0.01389
6.5882,0.013913
6.5982,0.013941
6.6082,0.013966
6.6182,0.013997
6.6282,0.014021
6.6381,0.014032
6.6481,0.014046
6.6581,0.014064
6.6681,0.014083
6.6781,0.014095
6.6881,0.014117
6.6981,0.014137
6.7081,0.014159
6.7181,0.014185
6.7281,0.014195
6.7381,0.014206
6.7481,0.014226
6.7581,0.01424
6.7681,0.014261
6.7781,0.014281
6.7881,0.014296
6.7981,0.014309
6.8081,0.014325
6.8181,0.014349
6.8281,0.014369
6.8381,0.014378
6.8481,0.014385
6.8581,0.014397
6.8681,0.014401
6.8781,0.014408
6.8881,0.014406
6.8981,0.014422
6.9081,0.014437
6.9181,0.014453
6.9281,0.014462
6.9381,0.014479
6.9481,0.01451
6.9581,0.014538
6.9681,0.014573
6.9781,0.014599
6.9881,0.014617
6.998,0.014641
7.008,0.014663
7.018,0.014677
7.028,0.014704
7.038,0.014727
7.048,0.01475
7.058,0.014767
7.068,0.014789
7.078,0.014796
7.088,0.014795
7.098,0.014803
7.108,0.01481
7.118,0.014826
7.128,0.014845
7.138,0.014858
7.148,0.014859
7.158,0.014861
7.168,0.014857
7.178,0.014851
7.188,0.014847
7.198,0.014846
7.208,0.014847
7.218,0.014846
7.228,0.014852
7.238,0.01486
7.248,0.014858
7.258,0.014878
7.268,0.014898
7.278,0.014903
7.288,0.014905
7.298,0.014907
7.308,0.014917
7.318,0.014929
7.328,0.014936
7.338,0.014949
7.348,0.01496
7.3579,0.014969
7.3679,0.014973
7.3779,0.014973
7.3879,0.014968
7.3979,0.014967
7.4079,0.014963
7.4179,0.014959
7.4279,0.014951
7.4379,0.014956
7.4479,0.01496
7.4579,0.014951
7.4679,0.014943
7.4779,0.014943
7.4879,0.014936
7.4979,0.014927
7.5079,0.014905
7.5179,0.014884
7.5279,0.014875
7.5379,0.014872
7.5479,0.014868
7.5579,0.014858
7.5679,0.014843
7.5779,0.01484
7.5879,0.014832
7.5979,0.014824
7.6079,0.014816
7.6179,0.014812
7.6279,0.01481
7.6379,0.014796
7.6479,0.014785
7.6579,0.014774
7.6679,0.014754
7.6779,0.014745
7.6879,0.01473
7.6979,0.014715
7.7079,0.014702
7.7178,0.014689
7.7278,0.014681
7.7378,0.014675
7.7478,0.014656
7.7578,0.014644
7.7678,0.014631
7.7778,0.014628
7.7878,0.014629
7.7978,0.014621
7.8078,0.014613
7.8178,0.014606
7.8278,0.014584
7.8378,0.014567
7.8478,0.014556
7.8578,0.014543
7.8678,0.014525
7.8778,0.01451
7.8878,0.014493
7.8978,0.014482
7.9078,0.014471
7.9178,0.014465
7.9278,0.014457
7.9378,0.014438
7.9478,0.014423
7.9578,0.014409
7.9678,0.014399
7.9778,0.01439
7.9878,0.014383
7.9978,0.014366
8.0078,0.014344
8.0178,0.014327
8.0278,0.014311
8.0378,0.014289
8.0478,0.014266
8.0578,0.014245
8.0678,0.014212
8.0777,0.014174
8.0877,0.014134
8.0977,0.014091
8.1077,0.014041
8.1177,0.013981
8.1277,0.013916
8.1377,0.013851
8.1477,0.013781
8.1577,0.013725
8.1677,0.013674
8.1777,0.013619
8.1877,0.013564
8.1977,0.013496
8.2077,0.013425
8.2177,0.013357
8.2277,0.013274
8.2377,0.013204
8.2477,0.013126
8.2577,0.013033
8.2677,0.012949
8.2777,0.012856
8.2877,0.012759
8.2977,0.012654
8.3077,0.012547
8.3177,0.012431
8.3277,0.012312
8.3377,0.0122
8.3477,0.012079
8.3577,0.01195
8.3677,0.011824
8.3777,0.011697
8.3877,0.011558
8.3977,0.011409
8.4077,0.011264
8.4177,0.011122
8.4277,0.010991
8.4376,0.010866
8.4476,0.01073
8.4576,0.010595
8.4676,0.01045
8.4776,0.010312
8.4876,0.010182
8.4976,0.01005
8.5076,0.0099261
8.5176,0.0098109
8.5276,0.0096907
8.5376,0.0095717
8.5476,0.00946
8.5576,0.0093536
8.5676,0.0092467
8.5776,0.0091419
8.5876,0.0090381
8.5976,0.0089414
8.6076,0.0088503
8.6176,0.0087589
8.6276,0.0086764
8.6376,0.0086132
8.6476,0.0085517
8.6576,0.008477
8.6676,0.0084027
8.6776,0.0083249
8.6876,0.0082521
8.6976,0.0081882
8.7076,0.0081398
8.7176,0.0080999
8.7276,0.008069
8.7376,0.0080568
8.7476,0.0080479
8.7576,0.0080487
8.7676,0.0080627
8.7776,0.0080861
8.7876,0.0081101
8.7975,0.0081452
8.8075,0.0081835
8.8175,0.0082302
8.8275,0.0082896
8.8375,0.0083597
8.8475,0.0084393
8.8575,0.008533
8.8675,0.0086279
8.8775,0.0087389
8.8875,0.008854
8.8975,0.0089662
8.9075,0.0090939
8.9175,0.0092282
8.9275,0.0093698
8.9375,0.0095275
8.9475,0.0096785
8.9575,0.0098369
8.9675,0.010008
8.9775,0.010187
8.9875,0.010366
8.9975,0.010553
9.0075,0.010751
9.0175,0.010948
9.0275,0.011152
9.0375,0.011362
9.0475,0.011586
9.0575,0.011807
9.0675,0.012033
9.0775,0.012268
9.0875,0.012504
9.0975,0.012746
9.1075,0.013
9.1175,0.013241
9.1275,0.01349
9.1375,0.013737
9.1474,0.013976
9.1574,0.014213
9.1674,0.014455
9.1774,0.014688
9.1874,0.014922
9.1974,0.015151
9.2074,0.015378
9.2174,0.015601
9.2274,0.015819
9.2374,0.016025
9.2474,0.016236
9.2574,0.016443
9.2674,0.016638
9.2774,0.016821
9.2874,0.017005
9.2974,0.017184
9.3074,0.017368
9.3174,0.017542
9.3274,0.017705
9.3374,0.017866
9.3474,0.018029
9.3574,0.018178
9.3674,0.018328
9.3774,0.018477
9.3874,0.018617
9.3974,0.018744
9.4074,0.018863
9.4174,0.01899
9.4274,0.019113
9.4374,0.019227
9.4474,0.01934
9.4574,0.019437
9.4674,0.019525
9.4774,0.019608
9.4874,0.01968
9.4974,0.019742
9.5073,0.019802
9.5173,0.01986
9.5273,0.019903
9.5373,0.019946
9.5473,0.019983
9.5573,0.020018
9.5673,0.020042
9.5773,0.020057
9.5873,0.020071
9.5973,0.020087
9.6073,0.020099
9.6173,0.0201
9.6273,0.020102
9.6373,0.020108
9.6473,0.020102
9.6573,0.02009
9.6673,0.020066
9.6773,0.020037
9.6873,0.019997
9.6973,0.019955
9.7073,0.019907
9.7173,0.019844
9.7273,0.01978
9.7373,0.019718
9.7473,0.019657
9.7573,0.019586
9.7673,0.019505
9.7773,0.019423
9.7873,0.019336
9.7973,0.019235
9.8073,0.019129
9.8173,0.019019
9.8273,0.018908
9.8373,0.018791
9.8473,0.018666
9.8573,0.018539
9.8672,0.01841
9.8772,0.018277
9.8872,0.018138
9.8972,0.017996
9.9072,0.01785
9.9172,0.017702
9.9272,0.017531
9.9372,0.017363
9.9472,0.017194
9.9572,0.017015
9.9672,0.016838
9.9772,0.016662
9.9872,0.016478
9.9972,0.016295
10.007,0.016108
10.017,0.015912
10.027,0.015713
10.037,0.01551
10.047,0.015308
10.057,0.015099
10.067,0.014879
10.077,0.01466
10.087,0.014446
10.097,0.014229
10.107,0.014013
10.117,0.013799
10.127,0.013582
10.137,0.013364
10.147,0.013128
10.157,0.012893
10.167,0.012673
10.177,0.012447
10.187,0.012212
10.197,0.011981
10.207,0.011752
10.217,0.011527
10.227,0.011298
10.237,0.011067
10.247,0.010842
10.257,0.010625
10.267,0.010413
10.277,0.010198
10.287,0.0099825
10.297,0.0097643
10.307,0.0095598
10.317,0.009364
10.327,0.0091624
10.337,0.0089615
10.347,0.0087671
10.357,0.0085797
10.367,0.0083858
10.377,0.0082061
10.387,0.0080357
10.397,0.0078601
10.407,0.0076765
10.417,0.0074907
10.427,0.0073129
10.437,0.0071356
10.447,0.0069595
10.457,0.0067813
10.467,0.0066093
10.477,0.0064413
10.487,0.0062761
10.497,0.0061137
10.507,0.0059494
10.517,0.0057907
10.527,0.0056343
10.537,0.0054754
10.547,0.0053123
10.557,0.0051628
10.567,0.0050158
10.577,0.0048732
10.587,0.0047231
10.597,0.004588
10.607,0.004455
10.617,0.0043139
10.627,0.0041752
10.637,0.0040391
10.647,0.0038881
10.657,0.0037425
10.667,0.0036078
10.677,0.0034696
10.687,0.0033414
10.697,0.0032211
10.707,0.0030929
10.717,0.0029666
10.727,0.0028447
10.737,0.0027222
10.747,0.0026131
10.757,0.0024994
10.767,0.0023758
10.777,0.0022587
10.787,0.0021448
10.797,0.0020247
10.807,0.0019024
10.817,0.0017882
10.827,0.001668
10.837,0.0015487
10.847,0.0014365
10.857,0.0013239
10.867,0.001214
10.877,0.001106
10.887,0.0010015
10.897,0.0009037
10.907,0.00080968
10.917,0.00070795
10.927,0.00060951
10.937,0.00051152
10.947,0.00042349
10.957,0.0003368
10.967,0.00025711
10.977,0.00018288
10.987,0.00012052
10.997,5.5872e-005
11.007,-1.0844e-005
11.017,-7.734e-005
11.027,-0.00014765
11.037,-0.00022231
11.047,-0.00028889
11.057,-0.00034978
11.067,-0.00041895
11.077,-0.00048179
11.087,-0.00053434
11.097,-0.000582
11.107,-0.00062462
11.117,-0.00066247
11.127,-0.00070463
11.137,-0.00074407
11.147,-0.00076786
11.157,-0.00079739
11.167,-0.00082021
11.177,-0.00084646
11.187,-0.00087259
11.197,-0.00089536
11.207,-0.00091941
11.217,-0.0009439
11.227,-0.00096479
11.237,-0.00098625
11.247,-0.0010101
11.257,-0.0010362
11.267,-0.001066
11.277,-0.0010895
11.287,-0.0011238
11.297,-0.0011617
11.307,-0.0011897
11.317,-0.0012163
11.327,-0.0012374
11.337,-0.0012639
11.347,-0.0012979
11.357,-0.0013269
11.367,-0.0013475
11.377,-0.0013747
11.387,-0.0014064
11.397,-0.0014245
11.407,-0.0014379
11.417,-0.0014566
11.427,-0.0014684
11.437,-0.0014873
11.447,-0.0015033
11.457,-0.0015137
11.467,-0.0015146
11.477,-0.0015125
11.487,-0.0015084
11.497,-0.0015024
11.507,-0.0014861
11.517,-0.0014728
11.527,-0.001466
11.537,-0.0014628
11.547,-0.0014536
11.557,-0.0014434
11.567,-0.0014374
11.577,-0.0014252
11.587,-0.001407
11.597,-0.0013804
11.607,-0.0013529
11.617,-0.0013252
11.627,-0.0012899
11.637,-0.001256
11.647,-0.0012187
11.657,-0.0011668
11.667,-0.0011197
11.677,-0.0010766
11.687,-0.0010225
11.697,-0.00097046
11.707,-0.00091504
11.717,-0.00085046
11.727,-0.00077677
11.737,-0.00069426
11.747,-0.00061596
11.757,-0.00052973
11.767,-0.00043189
11.777,-0.00032702
11.787,-0.0002223
11.797,-0.00011995
11.807,-2.538e-005
11.817,8.3732e-005
11.827,0.00019632
11.837,0.00031229
11.847,0.00043251
11.857,0.00054773
11.867,0.00067432
11.877,0.00079875
11.887,0.00092547
11.897,0.0010488
11.907,0.0011664
11.917,0.0012788
11.927,0.0013946
11.937,0.0015113
11.947,0.0016311
11.957,0.0017438
11.967,0.0018503
11.977,0.0019507
11.987,0.0020489
11.997,0.0021421
12.007,0.0022298
12.017,0.002313
12.027,0.0024013
12.037,0.0024707
12.047,0.002541
12.057,0.0026117
12.067,0.0026767
12.077,0.0027344
12.087,0.0027977
12.097,0.0028615
12.107,0.0029195
12.117,0.0029764
12.127,0.0030366
12.137,0.0031044
12.147,0.0031615
12.157,0.0032196
12.167,0.0032828
12.177,0.0033411
12.187,0.0033895
12.197,0.0034392
12.207,0.0034908
12.217,0.0035507
12.227,0.0036195
12.237,0.0036931
12.247,0.0037718
12.257,0.0038531
12.267,0.0039478
12.277,0.0040492
12.287,0.0041602
12.297,0.0042907
12.307,0.0044237
12.317,0.0045712
12.327,0.0047335
12.337,0.0049165
12.347,0.005118
12.357,0.0053424
12.367,0.0055909
12.377,0.0058653
12.387,0.0061613
12.397,0.0064827
12.407,0.0068394
12.417,0.0072169
12.427,0.0076173
12.437,0.0080473
12.447,0.008501
12.457,0.0089757
12.467,0.0094826
12.477,0.010019
12.487,0.010585
12.497,0.011176
12.507,0.011796
12.517,0.01244
12.527,0.013102
12.537,0.013788
12.547,0.014505
12.556,0.015246
12.566,0.016004
12.576,0.016766
12.586,0.01755
12.596,0.018341
12.606,0.019132
12.616,0.019927
12.626,0.020726
12.636,0.021533
12.646,0.022336
12.656,0.02313
12.666,0.023909
12.676,0.024677
12.686,0.025425
12.696,0.026143
12.706,0.026834
12.716,0.027502
12.726,0.028135
12.736,0.028716
12.746,0.029247
12.756,0.029732
12.766,0.030172
12.776,0.030559
12.786,0.030882
12.796,0.031135
12.806,0.031319
12.816,0.031438
12.826,0.031487
12.836,0.031463
12.846,0.031355
12.856,0.031162
12.866,0.030888
12.876,0.030529
12.886,0.030079
12.896,0.02954
12.906,0.028918
12.916,0.028197
12.926,0.027382
12.936,0.026488
12.946,0.025515
12.956,0.024438
12.966,0.02328
12.976,0.022049
12.986,0.02073
12.996,0.019346
13.006,0.017882
13.016,0.016338
13.026,0.014713
13.036,0.013023
13.046,0.01127
13.056,0.0094391
13.066,0.0075682
13.076,0.0056336
13.086,0.0036443
13.096,0.00162
13.106,-0.00043936
13.116,-0.0025542
13.126,-0.0046935
13.136,-0.0068451
13.146,-0.0090153
13.156,-0.011195
13.166,-0.013374
13.176,-0.015577
13.186,-0.017807
13.196,-0.020044
13.206,-0.022267
13.216,-0.024474
13.226,-0.026663
13.236,-0.028841
13.246,-0.031001
13.256,-0.033104
13.266,-0.03517
13.276,-0.037209
13.286,-0.039253
13.296,-0.041195
13.306,-0.043085
13.316,-0.044933
13.326,-0.046777
13.336,-0.048558
13.346,-0.050276
13.356,-0.051942
13.366,-0.053564
13.376,-0.055132
13.386,-0.05667
13.396,-0.058168
13.406,-0.059603
13.416,-0.060901
13.426,-0.062202
13.436,-0.063419
13.446,-0.064622
13.456,-0.065739
13.466,-0.066795
13.476,-0.067813
13.486,-0.068797
13.496,-0.069791
13.506,-0.070702
13.516,-0.071581
13.526,-0.072433
13.536,-0.073271
13.546,-0.074061
13.556,-0.074825
13.566,-0.075599
13.576,-0.076351
13.586,-0.077126
13.596,-0.077866
13.606,-0.078556
13.616,-0.079274
13.626,-0.079969
13.636,-0.080654
13.646,-0.081359
13.656,-0.082008
13.666,-0.082673
13.676,-0.08335
13.686,-0.084015
13.696,-0.08471
13.706,-0.085401
13.716,-0.086089
13.726,-0.086772
13.736,-0.087472
13.746,-0.088196
13.756,-0.088926
13.766,-0.089718
13.776,-0.090521
13.786,-0.091352
13.796,-0.092157
13.806,-0.09302
13.816,-0.093845
13.826,-0.094702
13.836,-0.095618
13.846,-0.09658
13.856,-0.097543
13.866,-0.09853
13.876,-0.099492
13.886,-0.10041
13.896,-0.10135
13.906,-0.1023
13.916,-0.10327
13.926,-0.10426
13.936,-0.1052
13.946,-0.10613
13.956,-0.10697
13.966,-0.10789
13.976,-0.10871
13.986,-0.10946
13.996,-0.11023
14.006,-0.11094
14.016,-0.11163
14.026,-0.11226
14.036,-0.1128
14.046,-0.11322
14.056,-0.11366
14.066,-0.11397
14.076,-0.11417
14.086,-0.11431
14.096,-0.11436
14.106,-0.11437
14.116,-0.11427
14.126,-0.11408
14.136,-0.11382
14.146,-0.11348
14.156,-0.11306
14.166,-0.11259
14.176,-0.11204
14.186,-0.1114
14.196,-0.1107
14.206,-0.10993
14.216,-0.10909
14.226,-0.10819
14.236,-0.10724
14.246,-0.1062
14.256,-0.10506
14.266,-0.10393
14.276,-0.10278
14.286,-0.1016
14.296,-0.10039
14.306,-0.099179
14.316,-0.097957
14.326,-0.096709
14.336,-0.095454
14.346,-0.094182
14.356,-0.092874
14.366,-0.091536
14.376,-0.090206
14.386,-0.088917
14.396,-0.08759
14.406,-0.086316
14.416,-0.085116
14.426,-0.083918
14.436,-0.08271
14.446,-0.081549
14.456,-0.080477
14.466,-0.079473
14.476,-0.078554
14.486,-0.077642
14.496,-0.076909
14.506,-0.076313
14.516,-0.075854
14.526,-0.075529
14.536,-0.075313
14.546,-0.075217
14.556,-0.07524
14.566,-0.075382
14.576,-0.075637
14.586,-0.076009
14.596,-0.076509
14.606,-0.077108
14.616,-0.077834
14.626,-0.078677
14.636,-0.079697
14.646,-0.080804
14.656,-0.082049
14.666,-0.083415
14.676,-0.084935
14.686,-0.08659
14.696,-0.088354
14.706,-0.09028
14.716,-0.092353
14.726,-0.094539
14.736,-0.096873
14.746,-0.099357
14.756,-0.10191
14.766,-0.10458
14.776,-0.1074
14.786,-0.11032
14.796,-0.11338
14.806,-0.11654
14.816,-0.11987
14.826,-0.12342
14.836,-0.12708
14.846,-0.13085
14.856,-0.1347
14.866,-0.13866
14.876,-0.14274
14.886,-0.14695
14.896,-0.15123
14.906,-0.15564
14.916,-0.1601
14.926,-0.1647
14.936,-0.16941
14.946,-0.17418
14.956,-0.17906
14.966,-0.184
14.976,-0.18906
14.986,-0.19422
14.996,-0.19945
15.006,-0.20473
15.016,-0.21007
15.026,-0.21545
15.036,-0.22089
15.046,-0.22643
15.056,-0.23207
15.066,-0.23769
15.076,-0.24337
15.086,-0.2491
15.096,-0.25488
15.106,-0.26072
15.116,-0.26664
15.126,-0.2726
15.136,-0.27862
15.146,-0.28471
15.156,-0.2909
15.166,-0.29721
15.176,-0.30353
15.186,-0.30988
15.196,-0.31632
15.206,-0.32288
15.216,-0.32954
15.226,-0.33626
15.236,-0.34304
15.246,-0.34983
15.256,-0.3566
15.266,-0.36338
15.276,-0.37009
15.286,-0.3767
15.296,-0.38332
15.306,-0.38992
15.316,-0.39653
15.326,-0.40316
15.336,-0.40982
15.346,-0.41647
15.356,-0.42307
15.366,-0.42959
15.376,-0.43603
15.386,-0.44252
15.396,-0.44898
15.406,-0.45538
15.416,-0.46173
15.426,-0.46809
15.436,-0.47432
15.446,-0.4805
15.456,-0.48669
15.466,-0.49286
15.476,-0.49889
15.486,-0.50492
15.496,-0.51094
15.506,-0.51699
15.516,-0.52288
15.526,-0.52902
15.536,-0.53519
15.546,-0.54117
15.556,-0.54738
15.566,-0.55362
15.576,-0.55978
15.586,-0.56602
15.596,-0.5724
15.606,-0.57863
15.616,-0.5849
15.626,-0.59126
15.636,-0.59776
15.646,-0.60423
15.656,-0.61083
15.666,-0.6173
15.676,-0.62387
15.686,-0.63027
15.696,-0.63712
15.706,-0.64379
15.716,-0.65048
15.726,-0.65716
15.736,-0.66405
15.746,-0.67116
15.756,-0.67838
15.766,-0.68571
15.776,-0.69294
15.786,-0.70059
15.796,-0.70815
15.806,-0.71602
15.816,-0.72382
15.826,-0.73194
15.836,-0.74016
15.846,-0.74856
15.856,-0.75704
15.866,-0.76573
15.876,-0.7747
15.886,-0.78394
15.896,-0.79338
15.906,-0.80297
15.916,-0.81273
15.926,-0.82278
15.936,-0.83305
15.946,-0.84351
15.956,-0.85417
15.966,-0.86525
15.976,-0.87655
15.986,-0.88809
15.996,-0.89993
16.006,-0.91198
16.016,-0.92441
16.026,-0.93711
16.036,-0.95032
16.046,-0.96394
16.056,-0.97788
16.066,-0.99192
16.076,-1.0063
16.086,-1.0206
16.096,-1.0352
16.106,-1.0501
16.116,-1.0652
16.126,-1.0805
16.136,-1.0962
16.145,-1.1118
16.155,-1.1278
16.165,-1.1441
16.175,-1.1608
16.185,-1.1774
16.195,-1.1941
16.205,-1.2112
16.215,-1.2285
16.225,-1.2459
16.235,-1.2634
16.245,-1.2807
16.255,-1.2983
16.265,-1.3158
16.275,-1.3333
16.285,-1.3505
16.295,-1.3677
16.305,-1.3847
16.315,-1.4015
16.325,-1.418
16.335,-1.4342
16.345,-1.4501
16.355,-1.4654
16.365,-1.4803
16.375,-1.4947
16.385,-1.5085
16.395,-1.5218
16.405,-1.5342
16.415,-1.5459
16.425,-1.5567
16.435,-1.5666
16.445,-1.5755
16.455,-1.5834
16.465,-1.5903
16.475,-1.5961
16.485,-1.6007
16.495,-1.6041
16.505,-1.6062
16.515,-1.607
16.525,-1.6064
16.535,-1.6043
16.545,-1.6008
16.555,-1.5956
16.565,-1.589
16.575,-1.5805
16.585,-1.5703
16.595,-1.5584
16.605,-1.5447
16.615,-1.529
16.625,-1.5114
16.635,-1.492
16.645,-1.4706
16.655,-1.4473
16.665,-1.422
16.675,-1.3946
16.685,-1.3651
16.695,-1.3336
16.705,-1.3001
16.715,-1.2646
16.725,-1.2269
16.735,-1.1869
16.745,-1.1451
16.755,-1.1011
16.765,-1.055
16.775,-1.0066
16.785,-0.95598
16.795,-0.90372
16.805,-0.84979
16.815,-0.79369
16.825,-0.73565
16.835,-0.67599
16.845,-0.61431
16.855,-0.55118
16.865,-0.48651
16.875,-0.42061
16.885,-0.35379
16.895,-0.28502
16.905,-0.21431
16.915,-0.14268
16.925,-0.070498
16.935,0.0028298
16.945,0.077515
16.955,0.15308
16.965,0.22981
16.975,0.3067
16.985,0.38415
16.995,0.46181
17.005,0.53991
17.015,0.61827
17.025,0.69665
17.035,0.77531
17.045,0.85326
17.055,0.93148
17.065,1.0091
17.075,1.0861
17.085,1.1621
17.095,1.2384
17.105,1.3139
17.115,1.3882
17.125,1.4616
17.135,1.5342
17.145,1.6061
17.155,1.6767
17.165,1.7462
17.175,1.8145
17.185,1.8808
17.195,1.9458
17.205,2.0094
17.215,2.0715
17.225,2.1324
17.235,2.1908
17.245,2.2472
17.255,2.3022
17.265,2.3555
17.275,2.4064
17.285,2.4554
17.295,2.5023
17.305,2.5476
17.315,2.5907
17.325,2.6324
17.335,2.6725
17.345,2.7105
17.355,2.7462
17.365,2.7799
17.375,2.8115
17.385,2.841
17.395,2.8685
17.405,2.8942
17.415,2.9179
17.425,2.9396
17.435,2.959
17.445,2.9766
17.455,2.9923
17.465,3.0063
17.475,3.0182
17.485,3.0283
17.495,3.0368
17.505,3.0432
17.515,3.048
17.525,3.051
17.535,3.0523
17.545,3.0519
17.555,3.0499
17.565,3.0463
17.575,3.0411
17.585,3.0344
17.595,3.0261
17.605,3.0165
17.615,3.0054
17.625,2.993
17.635,2.9792
17.645,2.9641
17.655,2.9478
17.665,2.9303
17.675,2.9115
17.685,2.8917
17.695,2.8706
17.705,2.8486
17.715,2.8254
17.725,2.8015
17.735,2.7764
17.745,2.7505
17.755,2.7237
17.765,2.696
17.775,2.6675
17.785,2.6382
17.795,2.6083
17.805,2.5777
17.815,2.5462
17.825,2.5147
17.835,2.4825
17.845,2.4495
17.855,2.4158
17.865,2.3819
17.875,2.3476
17.885,2.3129
17.895,2.2777
17.905,2.2421
17.915,2.2065
17.925,2.1704
17.935,2.1344
17.945,2.0978
17.955,2.0609
17.965,2.024
17.975,1.9873
17.985,1.9504
17.995,1.9132
18.005,1.876
18.015,1.8389
18.025,1.8018
18.035,1.7646
18.045,1.7276
18.055,1.6907
18.065,1.6537
18.075,1.617
18.085,1.5806
18.095,1.5445
18.105,1.5086
18.115,1.4727
18.125,1.4374
18.135,1.4021
18.145,1.3674
18.155,1.3332
18.165,1.2993
18.175,1.2655
18.185,1.2321
18.195,1.1993
18.205,1.1669
18.215,1.1349
18.225,1.1033
18.235,1.0723
18.245,1.0417
18.255,1.0117
18.265,0.98214
18.275,0.953
18.285,0.92436
18.295,0.89609
18.305,0.86825
18.315,0.84085
18.325,0.81404
18.335,0.78763
18.345,0.76171
18.355,0.7361
18.365,0.71074
18.375,0.68592
18.385,0.66143
18.395,0.63727
18.405,0.61347
18.415,0.58993
18.425,0.56675
18.435,0.54408
18.445,0.5218
18.455,0.49984
18.465,0.47808
18.475,0.4564
18.485,0.43515
18.495,0.41426
18.505,0.39367
18.515,0.37322
18.525,0.35308
18.535,0.33325
18.545,0.31367
18.555,0.29419
18.565,0.27497
18.575,0.25605
18.585,0.23728
18.595,0.2187
18.605,0.20032
18.615,0.18223
18.625,0.16437
18.635,0.14662
18.645,0.12907
18.655,0.11172
18.665,0.094504
18.675,0.077568
18.685,0.060929
18.695,0.044426
18.705,0.028101
18.715,0.01198
18.725,-0.0038416
18.735,-0.019486
18.745,-0.03489
18.755,-0.049925
18.765,-0.064722
18.775,-0.079399
18.785,-0.093846
18.795,-0.10786
18.805,-0.12165
18.815,-0.13524
18.825,-0.14861
18.835,-0.1617
18.845,-0.17443
18.855,-0.18688
18.865,-0.19903
18.875,-0.2109
18.885,-0.22251
18.895,-0.23384
18.905,-0.2448
18.915,-0.25547
18.925,-0.26591
18.935,-0.2761
18.945,-0.28602
18.955,-0.29569
18.965,-0.30499
18.975,-0.31402
18.985,-0.3228
18.995,-0.33132
19.005,-0.3396
19.015,-0.34768
19.025,-0.35542
19.035,-0.36288
19.045,-0.37014
19.055,-0.37716
19.065,-0.38398
19.075,-0.39056
19.085,-0.39697
19.095,-0.4032
19.105,-0.40924
19.115,-0.41505
19.125,-0.42073
19.135,-0.42622
19.145,-0.43155
19.155,-0.43677
19.165,-0.44188
19.175,-0.44684
19.185,-0.45167
19.195,-0.45638
19.205,-0.46098
19.215,-0.46547
19.225,-0.46988
19.235,-0.47417
19.245,-0.47838
19.255,-0.4825
19.265,-0.48656
19.275,-0.49055
19.285,-0.49447
19.295,-0.49831
19.305,-0.50212
19.315,-0.50585
19.325,-0.50952
19.335,-0.51315
19.345,-0.51674
19.355,-0.52027
19.365,-0.52376
19.375,-0.5272
19.385,-0.53058
19.395,-0.5339
19.405,-0.53719
19.415,-0.54042
19.425,-0.54359
19.435,-0.54671
19.445,-0.54978
19.455,-0.55282
19.465,-0.55578
19.475,-0.55866
19.485,-0.56148
19.495,-0.56426
19.505,-0.56697
19.515,-0.5696
19.525,-0.57216
19.535,-0.57466
19.545,-0.57706
19.555,-0.57938
19.565,-0.58161
19.575,-0.58375
19.585,-0.58581
19.595,-0.58775
19.605,-0.5896
19.615,-0.59134
19.625,-0.59298
19.635,-0.5945
19.645,-0.5959
19.655,-0.59719
19.665,-0.59834
19.675,-0.59937
19.685,-0.60027
19.695,-0.60103
19.705,-0.60167
19.715,-0.60216
19.725,-0.60251
19.734,-0.60271
19.744,-0.60275
19.754,-0.60266
19.764,-0.6024
19.774,-0.60198
19.784,-0.60141
19.794,-0.60068
19.804,-0.59978
19.814,-0.59871
19.824,-0.59747
19.834,-0.59608
19.844,-0.59453
19.854,-0.59281
19.864,-0.59092
19.874,-0.58886
19.884,-0.58666
19.894,-0.58429
19.904,-0.58178
19.914,-0.57911
19.924,-0.57627
19.934,-0.57328
19.944,-0.57011
19.954,-0.5668
19.964,-0.56335
19.974,-0.55978
19.984,-0.55605
19.994,-0.55219
20.004,-0.54823
20.014,-0.54418
20.024,-0.54
20.034,-0.5357
20.044,-0.53128
20.054,-0.52675
20.064,-0.52216
20.074,-0.51755
20.084,-0.51285
20.094,-0.50805
20.104,-0.50321
20.114,-0.49836
20.124,-0.49347
20.134,-0.48854
20.144,-0.48355
20.154,-0.47855
20.164,-0.47357
20.174,-0.46859
20.184,-0.46362
20.194,-0.45867
20.204,-0.45373
20.214,-0.44882
20.224,-0.44396
20.234,-0.43914
20.244,-0.43441
20.254,-0.42975
20.264,-0.42517
20.274,-0.42064
20.284,-0.4162
20.294,-0.41187
20.304,-0.40765
20.314,-0.4035
20.324,-0.39948
20.334,-0.39554
20.344,-0.39171
20.354,-0.38799
20.364,-0.38438
20.374,-0.3809
20.384,-0.37751
20.394,-0.37424
20.404,-0.37109
20.414,-0.36805
20.424,-0.36513
20.434,-0.36234
20.444,-0.35966
20.454,-0.35707
20.464,-0.3546
20.474,-0.35221
20.484,-0.34995
20.494,-0.3478
20.504,-0.34572
20.514,-0.34373
20.524,-0.34181
20.534,-0.33998
20.544,-0.33823
20.554,-0.33653
20.564,-0.33489
20.574,-0.33331
20.584,-0.33177
20.594,-0.33028
20.604,-0.32884
20.614,-0.32743
20.624,-0.32606
20.634,-0.3247
20.644,-0.32337
20.654,-0.32205
20.664,-0.32074
20.674,-0.31945
20.684,-0.31816
20.694,-0.31685
20.704,-0.31556
20.714,-0.31428
20.724,-0.31298
20.734,-0.31167
20.744,-0.31035
20.754,-0.30902
20.764,-0.30768
20.774,-0.30634
20.784,-0.30499
20.794,-0.30363
20.804,-0.30225
20.814,-0.30087
20.824,-0.2995
20.834,-0.29811
20.844,-0.29672
20.854,-0.29534
20.864,-0.29397
20.874,-0.29261
20.884,-0.29125
20.894,-0.28991
20.904,-0.28859
20.914,-0.28729
20.924,-0.286
20.934,-0.28474
20.944,-0.2835
20.954,-0.28229
20.964,-0.28111
20.974,-0.27995
20.984,-0.27883
20.994,-0.27774
21.004,-0.27669
21.014,-0.27567
21.024,-0.2747
21.034,-0.27377
21.044,-0.27287
21.054,-0.272
21.064,-0.27117
21.074,-0.27037
21.084,-0.2696
21.094,-0.26886
21.104,-0.26814
21.114,-0.26745
21.124,-0.26676
21.134,-0.26608
21.144,-0.26541
21.154,-0.26475
21.164,-0.26407
21.174,-0.26338
21.184,-0.26267
21.194,-0.26193
21.204,-0.26117
21.214,-0.26038
21.224,-0.25955
21.234,-0.25866
21.244,-0.25772
21.254,-0.25671
21.264,-0.25563
21.274,-0.25448
21.284,-0.25324
21.294,-0.25192
21.304,-0.2505
21.314,-0.24897
21.324,-0.24733
21.334,-0.24559
21.344,-0.24371
21.354,-0.24169
21.364,-0.23955
21.374,-0.23728
21.384,-0.23485
21.394,-0.23228
21.404,-0.22956
21.414,-0.2267
21.424,-0.22367
21.434,-0.2205
21.444,-0.21721
21.454,-0.21373
21.464,-0.2101
21.474,-0.20634
21.484,-0.20245
21.494,-0.19842
21.504,-0.19425
21.514,-0.18995
21.524,-0.18551
21.534,-0.18094
21.544,-0.17624
21.554,-0.17145
21.564,-0.16653
21.574,-0.1615
21.584,-0.15635
21.594,-0.1511
21.604,-0.14581
21.614,-0.14044
21.624,-0.13498
21.634,-0.12945
21.644,-0.12388
21.654,-0.11827
21.664,-0.11263
21.674,-0.10697
21.684,-0.10133
21.694,-0.095683
21.704,-0.090008
21.714,-0.084364
21.724,-0.078713
21.734,-0.073084
21.744,-0.06744
21.754,-0.06185
21.764,-0.056315
21.774,-0.050848
21.784,-0.045416
21.794,-0.040057
21.804,-0.034772
21.814,-0.029552
21.824,-0.024443
21.834,-0.019414
21.844,-0.014499
21.854,-0.0096676
21.864,-0.0049495
21.874,-0.00033328
21.884,0.0041451
21.894,0.0085427
21.904,0.01282
21.914,0.016954
21.924,0.02098
21.934,0.024866
21.944,0.028653
21.954,0.032298
21.964,0.035824
21.974,0.039206
21.984,0.042444
21.994,0.045561
22.004,0.048555
22.014,0.051391
22.024,0.054049
22.034,0.056584
22.044,0.058976
22.054,0.061227
22.064,0.063326
22.074,0.065281
22.084,0.067096
22.094,0.068761
22.104,0.070275
22.114,0.071659
22.124,0.072904
22.134,0.074014
22.144,0.074982
22.154,0.075805
22.164,0.076502
22.174,0.077064
22.184,0.077485
22.194,0.077768
22.204,0.077921
22.214,0.077938
22.224,0.077824
22.234,0.077584
22.244,0.077224
22.254,0.076738
22.264,0.076134
22.274,0.07541
22.284,0.074572
22.294,0.073614
22.304,0.072554
22.314,0.071385
22.324,0.070108
22.334,0.068734
22.344,0.067272
22.354,0.065722
22.364,0.064074
22.374,0.062337
22.384,0.060514
22.394,0.058609
22.404,0.056621
22.414,0.05457
22.424,0.052456
22.434,0.050288
22.444,0.048064
22.454,0.045789
22.464,0.043477
22.474,0.0411
22.484,0.038673
22.494,0.036215
22.504,0.033734
22.514,0.031206
22.524,0.028651
22.534,0.026058
22.544,0.023442
22.554,0.020807
22.564,0.018176
22.574,0.015537
22.584,0.012885
22.594,0.01022
22.604,0.0075577
22.614,0.0048945
22.624,0.002244
22.634,-0.00037461
22.644,-0.00298
22.654,-0.0055931
22.664,-0.0081842
22.674,-0.010732
22.684,-0.013251
22.694,-0.015744
22.704,-0.018218
22.714,-0.020669
22.724,-0.023079
22.734,-0.025457
22.744,-0.027793
22.754,-0.030083
22.764,-0.032334
22.774,-0.034538
22.784,-0.036692
22.794,-0.038797
22.804,-0.040864
22.814,-0.042894
22.824,-0.044881
22.834,-0.046804
22.844,-0.048671
22.854,-0.050479
22.864,-0.052233
22.874,-0.053935
22.884,-0.055579
22.894,-0.057175
22.904,-0.058699
22.914,-0.060175
22.924,-0.061598
22.934,-0.062973
22.944,-0.064298
22.954,-0.065559
22.964,-0.06677
22.974,-0.067934
22.984,-0.069052
22.994,-0.070114
23.004,-0.071132
23.014,-0.072108
23.024,-0.073051
23.034,-0.073954
23.044,-0.074816
23.054,-0.075634
23.064,-0.076421
23.074,-0.077169
23.084,-0.077886
23.094,-0.078565
23.104,-0.079218
23.114,-0.07985
23.124,-0.080458
23.134,-0.081053
23.144,-0.081631
23.154,-0.082194
23.164,-0.082745
23.174,-0.08329
23.184,-0.083831
23.194,-0.084362
23.204,-0.084896
23.214,-0.085426
23.224,-0.085962
23.234,-0.086502
23.244,-0.087046
23.254,-0.087607
23.264,-0.088174
23.274,-0.088748
23.284,-0.089328
23.294,-0.089917
23.304,-0.090523
23.314,-0.091145
23.323,-0.091785
23.333,-0.092441
23.343,-0.093112
23.353,-0.093795
23.363,-0.094489
23.373,-0.09519
23.383,-0.095905
23.393,-0.096628
23.403,-0.097361
23.413,-0.098109
23.423,-0.098867
23.433,-0.099633
23.443,-0.10041
23.453,-0.10119
23.463,-0.10196
23.473,-0.10275
23.483,-0.10353
23.493,-0.10433
23.503,-0.10513
23.513,-0.10593
23.523,-0.10672
23.533,-0.1075
23.543,-0.10829
23.553,-0.10909
23.563,-0.10988
23.573,-0.11066
23.583,-0.11145
23.593,-0.11223
23.603,-0.11302
23.613,-0.1138
23.623,-0.11458
23.633,-0.11533
23.643,-0.11608
23.653,-0.11682
23.663,-0.11756
23.673,-0.11829
23.683,-0.11901
23.693,-0.11972
23.703,-0.12042
23.713,-0.12111
23.723,-0.1218
23.733,-0.12249
23.743,-0.12318
23.753,-0.12386
23.763,-0.12453
23.773,-0.12521
23.783,-0.12587
23.793,-0.12654
23.803,-0.12721
23.813,-0.12789
23.823,-0.12857
23.833,-0.12925
23.843,-0.12993
23.853,-0.13062
23.863,-0.13132
23.873,-0.13201
23.883,-0.13269
23.893,-0.13339
23.903,-0.13409
23.913,-0.13479
23.923,-0.13549
23.933,-0.13619
23.943,-0.13688
23.953,-0.13759
23.963,-0.13829
23.973,-0.13899
23.983,-0.1397
23.993,-0.1404
24.003,-0.14111
24.013,-0.14183
24.023,-0.14255
24.033,-0.14327
24.043,-0.144
24.053,-0.14472
24.063,-0.14543
24.073,-0.14614
24.083,-0.14684
24.093,-0.14753
24.103,-0.14821
24.113,-0.14887
24.123,-0.14952
24.133,-0.15016
24.143,-0.15079
24.153,-0.15141
24.163,-0.15199
24.173,-0.15255
24.183,-0.15309
24.193,-0.15361
24.203,-0.15409
24.213,-0.15453
24.223,-0.15495
24.233,-0.15533
24.243,-0.15566
24.253,-0.15595
24.263,-0.1562
24.273,-0.1564
24.283,-0.15657
24.293,-0.15669
24.303,-0.15675
24.313,-0.15677
24.323,-0.15672
24.333,-0.15663
24.343,-0.15647
24.353,-0.15626
24.363,-0.15598
24.373,-0.15564
24.383,-0.15525
24.393,-0.15478
24.403,-0.15425
24.413,-0.15366
24.423,-0.153
24.433,-0.15227
24.443,-0.15147
24.453,-0.15061
24.463,-0.14968
24.473,-0.14868
24.483,-0.14761
24.493,-0.14648
24.503,-0.14529
24.513,-0.14404
24.523,-0.14272
24.533,-0.14135
24.543,-0.13992
24.553,-0.13845
24.563,-0.13692
24.573,-0.13534
24.583,-0.13371
24.593,-0.13203
24.603,-0.13031
24.613,-0.12855
24.623,-0.12677
24.633,-0.12495
24.643,-0.12309
24.653,-0.12121
24.663,-0.11931
24.673,-0.11739
24.683,-0.11545
24.693,-0.1135
24.703,-0.11155
24.713,-0.10961
24.723,-0.10768
24.733,-0.10574
24.743,-0.10381
24.753,-0.10189
24.763,-0.099989
24.773,-0.098111
24.783,-0.096256
24.793,-0.094435
24.803,-0.09265
24.813,-0.0909
24.823,-0.089194
24.833,-0.087534
24.843,-0.085912
24.853,-0.084333
24.863,-0.082792
24.873,-0.081315
24.883,-0.079896
24.893,-0.078521
24.903,-0.077208
24.913,-0.075964
24.923,-0.074775
24.933,-0.07365
24.943,-0.072578
24.953,-0.071575
24.963,-0.070632
24.973,-0.069761
24.983,-0.068948
24.993,-0.068198
25.003,-0.067507
25.013,-0.06688
25.023,-0.066315
25.033,-0.065802
25.043,-0.065355
25.053,-0.064964
25.063,-0.064631
25.073,-0.064348
25.083,-0.06411
25.093,-0.063933
25.103,-0.063814
25.113,-0.063741
25.123,-0.063711
25.133,-0.063731
25.143,-0.063796
25.153,-0.063893
25.163,-0.064027
25.173,-0.064192
25.183,-0.064395
25.193,-0.064629
25.203,-0.064895
25.213,-0.065182
25.223,-0.065493
25.233,-0.065819
25.243,-0.066162
25.253,-0.066513
25.263,-0.066869
25.273,-0.067231
25.283,-0.0676
25.293,-0.067963
25.303,-0.068331
25.313,-0.068693
25.323,-0.069044
25.333,-0.069384
25.343,-0.069702
25.353,-0.070007
25.363,-0.070299
25.373,-0.070561
25.383,-0.070805
25.393,-0.071018
25.403,-0.071197
25.413,-0.071354
25.423,-0.071475
25.433,-0.071558
25.443,-0.071598
25.453,-0.071602
25.463,-0.071573
25.473,-0.071504
25.483,-0.071388
25.493,-0.071225
25.503,-0.071019
25.513,-0.070769
25.523,-0.070466
25.533,-0.070109
25.543,-0.069709
25.553,-0.069268
25.563,-0.068786
25.573,-0.068254
25.583,-0.06767
25.593,-0.06704
25.603,-0.06636
25.613,-0.065642
25.623,-0.064888
25.633,-0.064095
25.643,-0.063256
25.653,-0.062368
25.663,-0.061442
25.673,-0.060486
25.683,-0.059494
25.693,-0.058464
25.703,-0.057401
25.713,-0.056306
25.723,-0.05518
25.733,-0.054032
25.743,-0.052859
25.753,-0.051662
25.763,-0.050445
25.773,-0.049206
25.783,-0.047951
25.793,-0.046694
25.803,-0.045432
25.813,-0.044172
25.823,-0.042898
25.833,-0.041622
25.843,-0.040356
25.853,-0.039088
25.863,-0.037818
25.873,-0.036562
25.883,-0.035325
25.893,-0.034095
25.903,-0.032877
25.913,-0.031696
25.923,-0.030543
25.933,-0.029404
25.943,-0.028279
25.953,-0.027195
25.963,-0.026144
25.973,-0.025128
25.983,-0.024161
25.993,-0.023238
26.003,-0.022355
26.013,-0.021509
26.023,-0.020697
26.033,-0.01993
26.043,-0.019208
26.053,-0.018519
26.063,-0.017869
26.073,-0.017268
26.083,-0.016708
26.093,-0.016198
26.103,-0.015732
26.113,-0.015314
26.123,-0.014946
26.133,-0.014617
26.143,-0.014326
26.153,-0.014081
26.163,-0.013881
26.173,-0.013717
26.183,-0.013588
26.193,-0.013496
26.203,-0.013443
26.213,-0.013426
26.223,-0.013441
26.233,-0.013488
26.243,-0.013565
26.253,-0.013668
26.263,-0.013786
26.273,-0.013919
26.283,-0.014071
26.293,-0.014232
26.303,-0.014403
26.313,-0.014581
26.323,-0.014763
26.333,-0.014949
26.343,-0.015133
26.353,-0.015311
26.363,-0.015494
26.373,-0.015675
26.383,-0.015845
26.393,-0.015996
26.403,-0.016126
26.413,-0.016242
26.423,-0.016341
26.433,-0.016411
26.443,-0.016451
26.453,-0.016463
26.463,-0.016441
26.473,-0.01638
26.483,-0.016279
26.493,-0.016143
26.503,-0.015966
26.513,-0.015749
26.523,-0.015483
26.533,-0.015175
26.543,-0.014824
26.553,-0.01443
26.563,-0.013982
26.573,-0.013489
26.583,-0.012953
26.593,-0.012367
26.603,-0.011733
26.613,-0.011048
26.623,-0.01032
26.633,-0.0095436
26.643,-0.0087063
26.653,-0.0078273
26.663,-0.0069153
26.673,-0.0059526
26.683,-0.0049497
26.693,-0.0038888
26.703,-0.0027878
26.713,-0.0016441
26.723,-0.00046993
26.733,0.00073708
26.743,0.001977
26.753,0.003254
26.763,0.0045566
26.773,0.0058799
26.783,0.0072242
26.793,0.0085924
26.803,0.0099819
26.813,0.011386
26.823,0.012809
26.833,0.014244
26.843,0.015687
26.853,0.017137
26.863,0.018585
26.873,0.020022
26.883,0.021472
26.893,0.022936
26.902,0.024375
26.912,0.025803
26.922,0.027225
26.932,0.02862
26.942,0.029997
26.952,0.031354
26.962,0.032698
26.972,0.034015
26.982,0.035296
26.992,0.036548
27.002,0.037787
27.012,0.03899
27.022,0.040156
27.032,0.041282
27.042,0.04237
27.052,0.043421
27.062,0.044434
27.072,0.045412
27.082,0.046352
27.092,0.047258
27.102,0.048117
27.112,0.048943
27.122,0.049732
27.132,0.050474
27.142,0.051166
27.152,0.051811
27.162,0.052413
27.172,0.052976
27.182,0.053499
27.192,0.05398
27.202,0.054423
27.212,0.05483
27.222,0.055196
27.232,0.055526
27.242,0.055824
27.252,0.056079
27.262,0.056288
27.272,0.056456
27.282,0.056591
27.292,0.05668
27.302,0.05673
27.312,0.056748
27.322,0.056728
27.332,0.056673
27.342,0.056582
27.352,0.056459
27.362,0.056299
27.372,0.0561
27.382,0.055875
27.392,0.055613
27.402,0.055315
27.412,0.054985
27.422,0.054624
27.432,0.054231
27.442,0.053803
27.452,0.053346
27.462,0.052867
27.472,0.052355
27.482,0.051816
27.492,0.051247
27.502,0.050648
27.512,0.050022
27.522,0.049362
27.532,0.048677
27.542,0.047967
27.552,0.047238
27.562,0.046501
27.572,0.045733
27.582,0.044948
27.592,0.044144
27.602,0.043324
27.612,0.042474
27.622,0.041599
27.632,0.040712
27.642,0.039803
27.652,0.03887
27.662,0.037917
27.672,0.03695
27.682,0.035976
27.692,0.034981
27.702,0.033954
27.712,0.032913
27.722,0.031864
27.732,0.030787
27.742,0.029699
27.752,0.028597
27.762,0.027487
27.772,0.026362
27.782,0.02521
27.792,0.024046
27.802,0.022877
27.812,0.021699
27.822,0.020507
27.832,0.01931
27.842,0.0181
27.852,0.016887
27.862,0.015657
27.872,0.01442
27.882,0.01316
27.892,0.011888
27.902,0.010612
27.912,0.0093261
27.922,0.0080296
27.932,0.0067293
27.942,0.00542
27.952,0.0041064
27.962,0.0027911
27.972,0.0014663
27.982,0.00014463
27.992,-0.0011777
28.002,-0.0025106
28.012,-0.0038505
28.022,-0.0051846
28.032,-0.006509
28.042,-0.0078311
28.052,-0.0091483
28.062,-0.010458
28.072,-0.011776
28.082,-0.013085
28.092,-0.014387
28.102,-0.015673
28.112,-0.016947
28.122,-0.018212
28.132,-0.019445
28.142,-0.020662
28.152,-0.021865
28.162,-0.023045
28.172,-0.024208
28.182,-0.025344
28.192,-0.026445
28.202,-0.027522
28.212,-0.028562
28.222,-0.029575
28.232,-0.030556
28.242,-0.031489
28.252,-0.032386
28.262,-0.03324
28.272,-0.034035
28.282,-0.034784
28.292,-0.035484
28.302,-0.036138
28.312,-0.036737
28.322,-0.037278
28.332,-0.037769
28.342,-0.03819
28.352,-0.038542
28.362,-0.038832
28.372,-0.03906
28.382,-0.039224
28.392,-0.039316
28.402,-0.039343
28.412,-0.039304
28.422,-0.039192
28.432,-0.039005
28.442,-0.038739
28.452,-0.038401
28.462,-0.037986
28.472,-0.037501
28.482,-0.036939
28.492,-0.036299
28.502,-0.035586
28.512,-0.034813
28.522,-0.033959
28.532,-0.033034
28.542,-0.032042
28.552,-0.030986
28.562,-0.029863
28.572,-0.028678
28.582,-0.027445
28.592,-0.026163
28.602,-0.024819
28.612,-0.023422
28.622,-0.021977
28.632,-0.020496
28.642,-0.018979
28.652,-0.01744
28.662,-0.015877
28.672,-0.014295
28.682,-0.012676
28.692,-0.011047
28.702,-0.009414
28.712,-0.0077842
28.722,-0.0061599
28.732,-0.0045348
28.742,-0.002931
28.752,-0.0013331
28.762,0.00023463
28.772,0.0017728
28.782,0.0032819
28.792,0.004755
28.802,0.0061867
28.812,0.0075761
28.822,0.0089083
28.832,0.010192
28.842,0.011417
28.852,0.01259
28.862,0.013693
28.872,0.014723
28.882,0.015687
28.892,0.016578
28.902,0.017411
28.912,0.018178
28.922,0.018871
28.932,0.019491
28.942,0.020048
28.952,0.020535
28.962,0.020946
28.972,0.021292
28.982,0.021573
28.992,0.021781
29.002,0.021919
29.012,0.022001
29.022,0.022037
29.032,0.022016
29.042,0.021938
29.052,0.021814
29.062,0.021647
29.072,0.021441
29.082,0.021198
29.092,0.020916
29.102,0.020607
29.112,0.020281
29.122,0.019932
29.132,0.019565
29.142,0.019195
29.152,0.018823
29.162,0.018444
29.172,0.018068
29.182,0.017702
29.192,0.01734
29.202,0.016993
29.212,0.01667
29.222,0.016363
29.232,0.016076
29.242,0.015825
29.252,0.015603
29.262,0.015414
29.272,0.015258
29.282,0.015134
29.292,0.015046
29.302,0.014984
29.312,0.014955
29.322,0.014967
29.332,0.015007
29.342,0.015074
29.352,0.01517
29.362,0.015298
29.372,0.015463
29.382,0.015651
29.392,0.015855
29.402,0.016074
29.412,0.016321
29.422,0.016595
29.432,0.016888
29.442,0.017192
29.452,0.017506
29.462,0.017824
29.472,0.01815
29.482,0.018476
29.492,0.018809
29.502,0.019148
29.512,0.019483
29.522,0.019808
29.532,0.020112
29.542,0.020408
29.552,0.020688
29.562,0.020939
29.572,0.021167
29.582,0.021372
29.592,0.021548
29.602,0.021694
29.612,0.021803
29.622,0.021878
29.632,0.021907
29.642,0.021893
29.652,0.021838
29.662,0.021738
29.672,0.021594
29.682,0.021405
29.692,0.021166
29.702,0.020878
29.712,0.020549
29.722,0.020184
29.732,0.019769
29.742,0.019311
29.752,0.018811
29.762,0.018275
29.772,0.017695
29.782,0.017076
29.792,0.016416
29.802,0.015714
29.812,0.014986
29.822,0.014235
29.832,0.013455
29.842,0.012654
29.852,0.011834
29.862,0.010988
29.872,0.010127
29.882,0.0092434
29.892,0.008349
29.902,0.0074567
29.912,0.0065586
29.922,0.0056627
29.932,0.0047611
29.942,0.0038763
29.952,0.0029942
29.962,0.0021235
29.972,0.001273
29.982,0.00045093
29.992,-0.00034829
30.002,-0.0011301
30.012,-0.001889
30.022,-0.0026141
30.032,-0.0033162
30.042,-0.0039932
30.052,-0.0046306
30.062,-0.0052383
30.072,-0.0058027
30.082,-0.0063326
30.092,-0.0068236
30.102,-0.0072748
30.112,-0.0076823
30.122,-0.0080473
30.132,-0.0083765
30.142,-0.008668
30.152,-0.008924
30.162,-0.0091362
30.172,-0.0093013
30.182,-0.0094161
30.192,-0.0094876
30.202,-0.0095236
30.212,-0.0095297
30.222,-0.0095048
30.232,-0.0094426
30.242,-0.0093432
30.252,-0.0092081
30.262,-0.0090381
30.272,-0.0088439
30.282,-0.0086219
30.292,-0.0083607
30.302,-0.0080679
30.312,-0.0077445
30.322,-0.0074054
30.332,-0.0070349
30.342,-0.0066353
30.352,-0.0062164
30.362,-0.0057764
30.372,-0.0053009
30.382,-0.0048188
30.392,-0.0043166
30.402,-0.0037964
30.412,-0.0032674
30.422,-0.0027217
30.432,-0.0021644
30.442,-0.0015941
30.452,-0.0010152
30.462,-0.00043212
30.472,0.00015329
30.482,0.0007317
30.491,0.0013034
30.501,0.0018838
30.511,0.002466
30.521,0.0030372
30.531,0.0035981
30.541,0.0041598
30.551,0.0047109
30.561,0.0052522
30.571,0.0057846
30.581,0.0063024
30.591,0.0068019
30.601,0.0072872
30.611,0.0077577
30.621,0.0082134
30.631,0.0086409
30.641,0.0090425
30.651,0.0094274
30.661,0.0097989
30.671,0.010143
30.681,0.010467
30.691,0.010769
30.701,0.011053
30.711,0.011315
30.721,0.011547
30.731,0.011768
30.741,0.011966
30.751,0.012138
30.761,0.01229
30.771,0.012426
30.781,0.012546
30.791,0.012649
30.801,0.012739
30.811,0.012822
30.821,0.012898
30.831,0.012962
30.841,0.013024
30.851,0.013075
30.861,0.013122
30.871,0.013175
30.881,0.013234
30.891,0.013294
30.901,0.013358
30.911,0.013434
30.921,0.013525
30.931,0.013632
30.941,0.013754
30.951,0.013889
30.961,0.014044
30.971,0.014217
30.981,0.014409
30.991,0.01462
31.001,0.014858
31.011,0.01512
31.021,0.015403
31.031,0.015709
31.041,0.016043
31.051,0.01641
31.061,0.0168
31.071,0.017216
31.081,0.017659
31.091,0.018135
31.101,0.018644
31.111,0.019174
31.121,0.019729
31.131,0.020302
31.141,0.020899
31.151,0.021518
31.161,0.022155
31.171,0.022797
31.181,0.023449
31.191,0.024099
31.201,0.024756
31.211,0.025403
31.221,0.026042
31.231,0.026678
31.241,0.027303
31.251,0.027922
31.261,0.028534
31.271,0.02912
31.281,0.029683
31.291,0.030214
31.301,0.030721
31.311,0.031196
31.321,0.031638
31.331,0.032042
31.341,0.032413
31.351,0.032731
31.361,0.033003
31.371,0.033224
31.381,0.033391
31.391,0.033503
31.401,0.033554
31.411,0.033544
31.421,0.03348
31.431,0.033368
31.441,0.033199
31.451,0.032963
31.461,0.032666
31.471,0.032307
31.481,0.031888
31.491,0.031418
31.501,0.030889
31.511,0.030303
31.521,0.029657
31.531,0.028955
31.541,0.028209
31.551,0.02742
31.561,0.026592
31.571,0.025714
31.581,0.024804
31.591,0.023854
31.601,0.022871
31.611,0.021857
31.621,0.020826
31.631,0.019781
31.641,0.018725
31.651,0.017659
31.661,0.016585
31.671,0.015491
31.681,0.014394
31.691,0.013296
31.701,0.012204
31.711,0.011121
31.721,0.010038
31.731,0.0089627
31.741,0.0079011
31.751,0.0068605
31.761,0.0058451
31.771,0.0048581
31.781,0.0039172
31.791,0.0030278
31.801,0.0021581
31.811,0.0013266
31.821,0.00053515
31.831,-0.00020879
31.841,-0.00089436
31.851,-0.0015233
31.861,-0.002102
31.871,-0.0026372
31.881,-0.0031039
31.891,-0.0034994
31.901,-0.0038402
31.911,-0.0041235
31.921,-0.0043483
31.931,-0.0045151
31.941,-0.0046171
31.951,-0.0046644
31.961,-0.0046537
31.971,-0.0045815
31.981,-0.0044595
31.991,-0.0042813
32.001,-0.0040455
32.011,-0.0037579
32.021,-0.003413
32.031,-0.0030159
32.041,-0.0025704
32.051,-0.0020727
32.061,-0.0015207
32.071,-0.00090185
32.081,-0.00022344
32.091,0.00049978
32.101,0.0012773
32.111,0.0021078
32.121,0.0029893
32.131,0.0039226
32.141,0.0049108
32.151,0.0059369
32.161,0.0070111
32.171,0.0081181
32.181,0.0092519
32.191,0.010439
32.201,0.011673
32.211,0.012946
32.221,0.014238
32.231,0.015546
32.241,0.016877
32.251,0.018237
32.261,0.019606
32.271,0.020989
32.281,0.022375
32.291,0.023757
32.301,0.025146
32.311,0.026528
32.321,0.027905
32.331,0.029272
32.341,0.030609
32.351,0.031925
32.361,0.033218
32.371,0.034486
32.381,0.035715
32.391,0.036903
32.401,0.038057
32.411,0.039173
32.421,0.040246
32.431,0.041277
32.441,0.04226
32.451,0.043187
32.461,0.044065
32.471,0.044893
32.481,0.045668
32.491,0.046375
32.501,0.047025
32.511,0.047618
32.521,0.048159
32.531,0.048636
32.541,0.049061
32.551,0.049436
32.561,0.049762
32.571,0.05003
32.581,0.050239
32.591,0.050392
32.601,0.050499
32.611,0.050556
32.621,0.050562
32.631,0.050536
32.641,0.050468
32.651,0.050367
32.661,0.050237
32.671,0.050085
32.681,0.049903
32.691,0.049696
32.701,0.04948
32.711,0.049248
32.721,0.049009
32.731,0.048772
32.741,0.048533
32.751,0.048294
32.761,0.048059
32.771,0.047836
32.781,0.047628
32.791,0.047431
32.801,0.047256
32.811,0.0471
32.821,0.046967
32.831,0.046851
32.841,0.046751
32.851,0.046678
32.861,0.046634
32.871,0.04661
32.881,0.046612
32.891,0.046638
32.901,0.046677
32.911,0.04674
32.921,0.04682
32.931,0.04692
32.941,0.047031
32.951,0.047163
32.961,0.047302
32.971,0.04744
32.981,0.047585
32.991,0.047734
33.001,0.047877
33.011,0.048002
33.021,0.048118
33.031,0.048224
33.041,0.048303
33.051,0.04835
33.061,0.048367
33.071,0.048347
33.081,0.048283
33.091,0.048179
33.101,0.048032
33.111,0.047834
33.121,0.047574
33.131,0.047242
33.141,0.04685
33.151,0.046396
33.161,0.045889
33.171,0.045313
33.181,0.044659
33.191,0.043928
33.201,0.043124
33.211,0.042245
33.221,0.041293
33.231,0.040258
33.241,0.03916
33.251,0.037988
33.261,0.036742
33.271,0.035423
33.281,0.034032
33.291,0.032568
33.301,0.031038
33.311,0.029475
33.321,0.027853
33.331,0.026178
33.341,0.02446
33.351,0.022716
33.361,0.020953
33.371,0.01916
33.381,0.017343
33.391,0.015496
33.401,0.013635
33.411,0.011714
33.421,0.0097819
33.431,0.0078762
33.441,0.005992
33.451,0.0041533
33.461,0.0023296
33.471,0.00054854
33.481,-0.0012175
33.491,-0.0029157
33.501,-0.0045531
33.511,-0.0061359
33.521,-0.0076329
33.531,-0.0090455
33.541,-0.01038
33.551,-0.011635
33.561,-0.012791
33.571,-0.013858
33.581,-0.014847
33.591,-0.015759
33.601,-0.016568
33.611,-0.017281
33.621,-0.017916
33.631,-0.018464
33.641,-0.018916
33.651,-0.019268
33.661,-0.019525
33.671,-0.019692
33.681,-0.019767
33.691,-0.019734
33.701,-0.019605
33.711,-0.019384
33.721,-0.019079
33.731,-0.018683
33.741,-0.018199
33.751,-0.017629
33.761,-0.016977
33.771,-0.016237
33.781,-0.015406
33.791,-0.0145
33.801,-0.013517
33.811,-0.012453
33.821,-0.011326
33.831,-0.010124
33.841,-0.0088635
33.851,-0.0075404
33.861,-0.0061591
33.871,-0.0047348
33.881,-0.0032639
33.891,-0.0017449
33.901,-0.00018465
33.911,0.0014052
33.921,0.0030126
33.931,0.0046488
33.941,0.0063132
33.951,0.0079904
33.961,0.0097098
33.971,0.011423
33.981,0.013139
33.991,0.014844
34.001,0.016524
34.011,0.018198
34.021,0.019855
34.031,0.021505
34.041,0.023149
34.051,0.024768
34.061,0.026362
34.071,0.02791
34.08,0.029421
34.09,0.030895
34.1,0.032332
34.11,0.033726
34.12,0.035074
34.13,0.036376
34.14,0.037626
34.15,0.038824
34.16,0.039978
34.17,0.041088
34.18,0.042153
34.19,0.04317
34.2,0.044132
34.21,0.045035
34.22,0.045884
34.23,0.046668
34.24,0.047406
34.25,0.048094
34.26,0.048733
34.27,0.04932
34.28,0.049856
34.29,0.050343
34.3,0.050785
34.31,0.051185
34.32,0.051542
34.33,0.051863
34.34,0.052142
34.35,0.052386
34.36,0.052594
34.37,0.052765
34.38,0.052904
34.39,0.053022
34.4,0.053118
34.41,0.053185
34.42,0.053223
34.43,0.053238
34.44,0.053234
34.45,0.053209
34.46,0.053181
34.47,0.053149
34.48,0.053109
34.49,0.053061
34.5,0.05301
34.51,0.052957
34.52,0.052907
34.53,0.052865
34.54,0.052836
34.55,0.052816
34.56,0.0528
34.57,0.052798
34.58,0.052807
34.59,0.052826
34.6,0.052864
34.61,0.052921
34.62,0.052988
34.63,0.053073
34.64,0.053182
34.65,0.053301
34.66,0.05344
34.67,0.053601
34.68,0.053777
34.69,0.053966
34.7,0.054174
34.71,0.054404
34.72,0.054643
34.73,0.05488
34.74,0.055126
34.75,0.055388
34.76,0.055657
34.77,0.05594
34.78,0.056227
34.79,0.056517
34.8,0.056799
34.81,0.057065
34.82,0.057329
34.83,0.057586
34.84,0.057842
34.85,0.058077
34.86,0.058303
34.87,0.058513
34.88,0.058697
34.89,0.058849
34.9,0.058964
34.91,0.05906
34.92,0.059126
34.93,0.059161
34.94,0.059162
34.95,0.059116
34.96,0.05903
34.97,0.058895
34.98,0.058714
34.99,0.058493
35,0.05823
35.01,0.057921
35.02,0.057558
35.03,0.057149
35.04,0.056712
35.05,0.056221
35.06,0.055674
35.07,0.055077
35.08,0.054441
35.09,0.05375
35.1,0.053014
35.11,0.052229
35.12,0.051411
35.13,0.050538
35.14,0.049626
35.15,0.04868
35.16,0.047697
35.17,0.046674
35.18,0.045616
35.19,0.044527
35.2,0.043401
35.21,0.042261
35.22,0.041101
35.23,0.039917
35.24,0.038706
35.25,0.037489
35.26,0.03627
35.27,0.035044
35.28,0.033812
35.29,0.032581
35.3,0.031359
35.31,0.030142
35.32,0.028918
35.33,0.027696
35.34,0.026484
35.35,0.025288
35.36,0.024105
35.37,0.022946
35.38,0.021808
35.39,0.020676
35.4,0.019578
35.41,0.018491
35.42,0.01742
35.43,0.016381
35.44,0.015372
35.45,0.014398
35.46,0.013444
35.47,0.012518
35.48,0.011612
35.49,0.010745
35.5,0.0099254
35.51,0.0091158
35.52,0.0083346
35.53,0.0075882
35.54,0.0068778
35.55,0.0062041
35.56,0.0055612
35.57,0.0049597
35.58,0.0043983
35.59,0.0038683
35.6,0.0033689
35.61,0.0028947
35.62,0.0024506
35.63,0.0020394
35.64,0.0016674
35.65,0.0013306
35.66,0.0010186
35.67,0.00074413
35.68,0.00050663
35.69,0.00030223
35.7,0.00012316
35.71,-3.4649e-005
35.72,-0.00016105
35.73,-0.00025677
35.74,-0.00032927
35.75,-0.00037334
35.76,-0.00038283
35.77,-0.00036341
35.78,-0.00032181
35.79,-0.00024812
35.8,-0.00013905
35.81,-5.2451e-006
35.82,0.00015083
35.83,0.0003251
35.84,0.00052015
35.85,0.00073009
35.86,0.00095248
35.87,0.0011924
35.88,0.0014525
35.89,0.0017222
35.9,0.0019993
35.91,0.0023018
35.92,0.0026117
35.93,0.0029296
35.94,0.0032572
35.95,0.0035991
35.96,0.0039401
35.97,0.0042852
35.98,0.0046319
35.99,0.0049814
36,0.0053256
36.01,0.0056631
36.02,0.005994
36.03,0.0063212
36.04,0.0066557
36.05,0.0069838
36.06,0.0072928
36.07,0.00759
36.08,0.007879
36.09,0.0081554
36.1,0.0084183
36.11,0.0086779
36.12,0.0089302
36.13,0.0091657
36.14,0.0093882
36.15,0.0095945
36.16,0.0097801
36.17,0.009962
36.18,0.010134
36.19,0.010284
36.2,0.010421
36.21,0.010556
36.22,0.010686
36.23,0.010806
36.24,0.010919
36.25,0.011025
36.26,0.01113
36.27,0.011217
36.28,0.011293
36.29,0.011371
36.3,0.011455
36.31,0.011536
36.32,0.011618
36.33,0.011702
36.34,0.011798
36.35,0.011912
36.36,0.012032
36.37,0.012162
36.38,0.012296
36.39,0.012457
36.4,0.012631
36.41,0.012818
36.42,0.013021
36.43,0.013233
36.44,0.013459
36.45,0.013713
36.46,0.01398
36.47,0.014258
36.48,0.014546
36.49,0.014854
36.5,0.015169
36.51,0.015496
36.52,0.015821
36.53,0.016142
36.54,0.016465
36.55,0.016798
36.56,0.017138
36.57,0.017459
36.58,0.017775
36.59,0.018079
36.6,0.018374
36.61,0.01865
36.62,0.018906
36.63,0.019144
36.64,0.019358
36.65,0.019545
36.66,0.0197
36.67,0.019822
36.68,0.019898
36.69,0.019934
36.7,0.01993
36.71,0.019875
36.72,0.019776
36.73,0.019626
36.74,0.01942
36.75,0.019167
36.76,0.018864
36.77,0.018503
36.78,0.018077
36.79,0.017592
36.8,0.017059
36.81,0.01647
36.82,0.015825
36.83,0.015131
36.84,0.014382
36.85,0.013579
36.86,0.012715
36.87,0.011801
36.88,0.010838
36.89,0.0098337
36.9,0.0087877
36.91,0.0076933
36.92,0.0065453
36.93,0.005361
36.94,0.0041511
36.95,0.0029266
36.96,0.0016678
36.97,0.00038363
36.98,-0.0009252
36.99,-0.0022347
37,-0.0035479
37.01,-0.0048656
37.02,-0.0061823
37.03,-0.0074904
37.04,-0.0088016
37.05,-0.010103
37.06,-0.011388
37.07,-0.012659
37.08,-0.01392
37.09,-0.015144
37.1,-0.016335
37.11,-0.01749
37.12,-0.018606
37.13,-0.019674
37.14,-0.020695
37.15,-0.021686
37.16,-0.022632
37.17,-0.023535
37.18,-0.024399
37.19,-0.025215
37.2,-0.025977
37.21,-0.026671
37.22,-0.027312
37.23,-0.027907
37.24,-0.028449
37.25,-0.028934
37.26,-0.029366
37.27,-0.029746
37.28,-0.030066
37.29,-0.030334
37.3,-0.030554
37.31,-0.030727
37.32,-0.030845
37.33,-0.030914
37.34,-0.030942
37.35,-0.03092
37.36,-0.030843
37.37,-0.030715
37.38,-0.030549
37.39,-0.03034
37.4,-0.030093
37.41,-0.029801
37.42,-0.029477
37.43,-0.029112
37.44,-0.028715
37.45,-0.028282
37.46,-0.027816
37.47,-0.027309
37.48,-0.026774
37.49,-0.026207
37.5,-0.025612
37.51,-0.024989
37.52,-0.024338
37.53,-0.023657
37.54,-0.022952
37.55,-0.022223
37.56,-0.021473
37.57,-0.02071
37.58,-0.019928
37.59,-0.019135
37.6,-0.018327
37.61,-0.017495
37.62,-0.016649
37.63,-0.015793
37.64,-0.014914
37.65,-0.01402
37.66,-0.013118
37.669,-0.012207
37.679,-0.011282
37.689,-0.010352
37.699,-0.0094038
37.709,-0.0084423
37.719,-0.0074716
37.729,-0.006499
37.739,-0.0055284
37.749,-0.0045393
37.759,-0.0035426
37.769,-0.0025447
37.779,-0.0015428
37.789,-0.00053706
37.799,0.00048572
37.809,0.0015077
37.819,0.0025296
37.829,0.0035499
37.839,0.0045813
37.849,0.0056126
37.859,0.006634
37.869,0.0076408
37.879,0.0086539
37.889,0.0096629
37.899,0.010662
37.909,0.011661
37.919,0.012646
37.929,0.013612
37.939,0.014578
37.949,0.015537
37.959,0.016473
37.969,0.017402
37.979,0.018311
37.989,0.019204
37.999,0.020076
38.009,0.020927
38.019,0.021758
38.029,0.02258
38.039,0.02338
38.049,0.024155
38.059,0.024913
38.069,0.025661
38.079,0.026386
38.089,0.027085
38.099,0.027756
38.109,0.028403
38.119,0.029012
38.129,0.029596
38.139,0.030151
38.149,0.030669
38.159,0.031162
38.169,0.031626
38.179,0.032059
38.189,0.032461
38.199,0.032832
38.209,0.033162
38.219,0.033456
38.229,0.033715
38.239,0.033934
38.249,0.034116
38.259,0.034262
38.269,0.03437
38.279,0.034432
38.289,0.034461
38.299,0.034448
38.309,0.034406
38.319,0.034324
38.329,0.034197
38.339,0.034033
38.349,0.033834
38.359,0.033604
38.369,0.033331
38.379,0.03302
38.389,0.032673
38.399,0.032296
38.409,0.03189
38.419,0.031456
38.429,0.031003
38.439,0.030512
38.449,0.029987
38.459,0.029432
38.469,0.028859
38.479,0.028256
38.489,0.027629
38.499,0.026982
38.509,0.02631
38.519,0.025618
38.529,0.024904
38.539,0.024183
38.549,0.023439
38.559,0.022688
38.569,0.021922
38.579,0.021152
38.589,0.020373
38.599,0.019599
38.609,0.018827
38.619,0.018053
38.629,0.017276
38.639,0.016506
38.649,0.015748
38.659,0.014995
38.669,0.014252
38.679,0.013514
38.689,0.012781
38.699,0.012064
38.709,0.011358
38.719,0.010672
38.729,0.010013
38.739,0.0093861
38.749,0.0087842
38.759,0.0081976
38.769,0.0076346
38.779,0.007107
38.789,0.0066106
38.799,0.006142
38.809,0.0056909
38.819,0.0052656
38.829,0.0048679
38.839,0.0045064
38.849,0.0041715
38.859,0.0038614
38.869,0.003573
38.879,0.0033265
38.889,0.0031077
38.899,0.0029146
38.909,0.0027512
38.919,0.002628
38.929,0.0025268
38.939,0.0024617
38.949,0.0024385
38.959,0.0024497
38.969,0.0024923
38.979,0.0025664
38.989,0.0026764
38.999,0.0028139
39.009,0.0029899
39.019,0.0031942
39.029,0.003427
39.039,0.0036803
39.049,0.003953
39.059,0.0042529
39.069,0.0045861
39.079,0.0049377
39.089,0.0053053
39.099,0.0057043
39.109,0.0061327
39.119,0.006568
39.129,0.00703
39.139,0.0075125
39.149,0.0080146
39.159,0.0085263
39.169,0.0090572
39.179,0.0096104
39.189,0.010187
39.199,0.010781
39.209,0.011397
39.219,0.012026
39.229,0.012666
39.239,0.013324
39.249,0.014006
39.259,0.014704
39.269,0.015412
39.279,0.016122
39.289,0.016849
39.299,0.017596
39.309,0.018345
39.319,0.019103
39.329,0.01987
39.339,0.020636
39.349,0.021427
39.359,0.022226
39.369,0.023031
39.379,0.02385
39.389,0.024675
39.399,0.02549
39.409,0.026305
39.419,0.027136
39.429,0.027972
39.439,0.028813
39.449,0.029644
39.459,0.030472
39.469,0.0313
39.479,0.032136
39.489,0.032958
39.499,0.03377
39.509,0.034584
39.519,0.035394
39.529,0.036188
39.539,0.036966
39.549,0.037732
39.559,0.038484
39.569,0.039225
39.579,0.039962
39.589,0.040685
39.599,0.041378
39.609,0.042064
39.619,0.042729
39.629,0.043369
39.639,0.043996
39.649,0.044599
39.659,0.04518
39.669,0.045751
39.679,0.046308
39.689,0.046843
39.699,0.047361
39.709,0.04784
39.719,0.048305
39.729,0.048757
39.739,0.049189
39.749,0.049606
39.759,0.049994
39.769,0.050357
39.779,0.050711
39.789,0.051066
39.799,0.051403
39.809,0.051719
39.819,0.052019
39.829,0.052307
39.839,0.052571
39.849,0.052825
39.859,0.053061
39.869,0.05328
39.879,0.053481
39.889,0.053682
39.899,0.053866
39.909,0.054045
39.919,0.05422
39.929,0.054381
39.939,0.054534
39.949,0.054684
39.959,0.054818
39.969,0.054944
39.979,0.05507
39.989,0.055189
39.999,0.055298
40.009,0.0554
40.019,0.055484
40.029,0.055557
40.039,0.055624
40.049,0.055684
40.059,0.055739
40.069,0.055784
40.079,0.05582
40.089,0.055841
40.099,0.055854
40.109,0.055853
40.119,0.055846
40.129,0.055832
40.139,0.055815
40.149,0.05578
40.159,0.055722
40.169,0.055651
40.179,0.055568
40.189,0.05547
40.199,0.055363
40.209,0.055242
40.219,0.055101
40.229,0.054946
40.239,0.054778
40.249,0.054587
40.259,0.05439
40.269,0.054169
40.279,0.053936
40.289,0.053691
40.299,0.05343
40.309,0.05315
40.319,0.052857
40.329,0.052558
40.339,0.052245
40.349,0.051927
40.359,0.051599
40.369,0.051266
40.379,0.050921
40.389,0.050574
40.399,0.050219
40.409,0.049855
40.419,0.049494
40.429,0.049137
40.439,0.048783
40.449,0.04842
40.459,0.048063
40.469,0.04772
40.479,0.04739
40.489,0.047057
40.499,0.046718
40.509,0.046396
40.519,0.046081
40.529,0.045768
40.539,0.045458
40.549,0.045161
40.559,0.044878
40.569,0.044601
40.579,0.044341
40.589,0.0441
40.599,0.043869
40.609,0.043643
40.619,0.043435
40.629,0.043247
40.639,0.043058
40.649,0.042878
40.659,0.042713
40.669,0.042553
40.679,0.042401
40.689,0.042268
40.699,0.042145
40.709,0.04202
40.719,0.041909
40.729,0.041804
40.739,0.041701
40.749,0.041599
40.759,0.041498
40.769,0.041394
40.779,0.041289
40.789,0.041181
40.799,0.041071
40.809,0.040957
40.819,0.040837
40.829,0.040707
40.839,0.040561
40.849,0.040416
40.859,0.040266
40.869,0.040096
40.879,0.0399
40.889,0.039689
40.899,0.039477
40.909,0.039239
40.919,0.038985
40.929,0.038725
40.939,0.038453
40.949,0.038158
40.959,0.037851
40.969,0.037536
40.979,0.037208
40.989,0.036871
40.999,0.036522
41.009,0.036162
41.019,0.035806
41.029,0.035446
41.039,0.03508
41.049,0.034719
41.059,0.034358
41.069,0.03399
41.079,0.033636
41.089,0.033281
41.099,0.032936
41.109,0.032605
41.119,0.032268
41.129,0.03194
41.139,0.03163
41.149,0.031325
41.159,0.031049
41.169,0.030796
41.179,0.030558
41.189,0.030352
41.199,0.030164
41.209,0.02999
41.219,0.029857
41.229,0.029748
41.239,0.029658
41.248,0.029602
41.258,0.029569
41.268,0.029566
41.278,0.0296
41.288,0.029677
41.298,0.029786
41.308,0.029906
41.318,0.030053
41.328,0.03024
41.338,0.030453
41.348,0.0307
41.358,0.03098
41.368,0.031294
41.378,0.031629
41.388,0.032004
41.398,0.032406
41.408,0.032834
41.418,0.033292
41.428,0.033773
41.438,0.034275
41.448,0.034807
41.458,0.035357
41.468,0.035919
41.478,0.03651
41.488,0.037126
41.498,0.03775
41.508,0.03838
41.518,0.039026
41.528,0.039695
41.538,0.040364
41.548,0.041036
41.558,0.041716
41.568,0.042385
41.578,0.043074
41.588,0.043765
41.598,0.044464
41.608,0.04517
41.618,0.045867
41.628,0.046562
41.638,0.047259
41.648,0.047941
41.658,0.048607
41.668,0.049269
41.678,0.049907
41.688,0.050537
41.698,0.051154
41.708,0.051751
41.718,0.052328
41.728,0.052898
41.738,0.053444
41.748,0.053964
41.758,0.054459
41.768,0.054936
41.778,0.055382
41.788,0.055796
41.798,0.056178
41.808,0.056544
41.818,0.056878
41.828,0.057178
41.838,0.057457
41.848,0.057699
41.858,0.057907
41.868,0.058072
41.878,0.058197
41.888,0.058293
41.898,0.058365
41.908,0.058398
41.918,0.058396
41.928,0.058349
41.938,0.058259
41.948,0.058136
41.958,0.057986
41.968,0.057804
41.978,0.05758
41.988,0.057324
41.998,0.057032
42.008,0.056709
42.018,0.056354
42.028,0.055971
42.038,0.055561
42.048,0.055137
42.058,0.054689
42.068,0.054218
42.078,0.053713
42.088,0.053183
42.098,0.052645
42.108,0.052088
42.118,0.051508
42.128,0.050918
42.138,0.050307
42.148,0.049686
42.158,0.049076
42.168,0.04845
42.178,0.047821
42.188,0.047191
42.198,0.046566
42.208,0.045943
42.218,0.045317
42.228,0.044684
42.238,0.044045
42.248,0.043409
42.258,0.042774
42.268,0.042139
42.278,0.041506
42.288,0.040884
42.298,0.040262
42.308,0.039641
42.318,0.039022
42.328,0.038413
42.338,0.037803
42.348,0.037195
42.358,0.036587
42.368,0.035973
42.378,0.035378
42.388,0.034786
42.398,0.034183
42.408,0.033587
42.418,0.033007
42.428,0.032408
42.438,0.031799
42.448,0.031195
42.458,0.030594
42.468,0.029982
42.478,0.029355
42.488,0.028737
42.498,0.028118
42.508,0.027484
42.518,0.026829
42.528,0.02617
42.538,0.02551
42.548,0.02484
42.558,0.024158
42.568,0.023462
42.578,0.022763
42.588,0.02206
42.598,0.021346
42.608,0.020638
42.618,0.019928
42.628,0.019222
42.638,0.018513
42.648,0.017816
42.658,0.017128
42.668,0.016437
42.678,0.015753
42.688,0.015096
42.698,0.014459
42.708,0.013838
42.718,0.013233
42.728,0.012648
42.738,0.012094
42.748,0.011573
42.758,0.011081
42.768,0.010616
42.778,0.010179
42.788,0.0097778
42.798,0.009425
42.808,0.0090951
42.818,0.0088211
42.828,0.0085993
42.838,0.0084132
42.848,0.0082708
42.858,0.0081837
42.868,0.008147
42.878,0.0081603
42.888,0.0082274
42.898,0.0083629
42.908,0.0085461
42.918,0.0087621
42.928,0.0090439
42.938,0.0093742
42.948,0.0097462
42.958,0.010184
42.968,0.010658
42.978,0.011164
42.988,0.011726
42.998,0.012325
43.008,0.012964
43.018,0.013646
43.028,0.014363
43.038,0.015114
43.048,0.015911
43.058,0.016723
43.068,0.01756
43.078,0.01842
43.088,0.019299
43.098,0.020189
43.108,0.021083
43.118,0.021989
43.128,0.022906
43.138,0.023823
43.148,0.024728
43.158,0.025637
43.168,0.026553
43.178,0.027465
43.188,0.028366
43.198,0.029252
43.208,0.030113
43.218,0.03095
43.228,0.03179
43.238,0.032599
43.248,0.033372
43.258,0.034128
43.268,0.034865
43.278,0.035561
43.288,0.036207
43.298,0.036812
43.308,0.037397
43.318,0.037944
43.328,0.038451
43.338,0.038923
43.348,0.039351
43.358,0.039722
43.368,0.040042
43.378,0.040326
43.388,0.040569
43.398,0.040757
43.408,0.040906
43.418,0.040998
43.428,0.041046
43.438,0.041037
43.448,0.040986
43.458,0.040891
43.468,0.040747
43.478,0.040561
43.488,0.040323
43.498,0.040033
43.508,0.0397
43.518,0.039316
43.528,0.038891
43.538,0.03842
43.548,0.037904
43.558,0.037346
43.568,0.036756
43.578,0.036118
43.588,0.035405
43.598,0.034653
43.608,0.033873
43.618,0.033045
43.628,0.032167
43.638,0.031233
43.648,0.03027
43.658,0.029261
43.668,0.028227
43.678,0.027157
43.688,0.026057
43.698,0.02492
43.708,0.023747
43.718,0.022551
43.728,0.021318
43.738,0.020059
43.748,0.018795
43.758,0.017504
43.768,0.016199
43.778,0.014865
43.788,0.013524
43.798,0.012176
43.808,0.010809
43.818,0.0094282
43.828,0.0080359
43.838,0.006638
43.848,0.0052276
43.858,0.0038368
43.868,0.0024282
43.878,0.001016
43.888,-0.00038764
43.898,-0.0017784
43.908,-0.0031701
43.918,-0.0045486
43.928,-0.0059097
43.938,-0.0072843
43.948,-0.0086366
43.958,-0.009971
43.968,-0.011271
43.978,-0.012561
43.988,-0.013832
43.998,-0.015072
44.008,-0.016284
44.018,-0.017465
44.028,-0.018636
44.038,-0.019778
44.048,-0.020873
44.058,-0.021954
44.068,-0.023008
44.078,-0.02403
44.088,-0.025038
44.098,-0.026016
44.108,-0.026963
44.118,-0.027885
44.128,-0.028778
44.138,-0.029638
44.148,-0.030467
44.158,-0.031284
44.168,-0.032068
44.178,-0.032813
44.188,-0.033548
44.198,-0.034259
44.208,-0.034946
44.218,-0.035634
44.228,-0.03631
44.238,-0.036964
44.248,-0.037613
44.258,-0.038253
44.268,-0.03886
44.278,-0.039456
44.288,-0.040067
44.298,-0.040663
44.308,-0.041245
44.318,-0.041822
44.328,-0.042389
44.338,-0.042957
44.348,-0.043509
44.358,-0.044067
44.368,-0.044634
44.378,-0.045203
44.388,-0.045766
44.398,-0.046337
44.408,-0.046923
44.418,-0.047506
44.428,-0.048085
44.438,-0.048669
44.448,-0.049264
44.458,-0.049868
44.468,-0.050479
44.478,-0.051075
44.488,-0.051666
44.498,-0.052268
44.508,-0.052865
44.518,-0.053462
44.528,-0.054049
44.538,-0.05462
44.548,-0.055184
44.558,-0.055747
44.568,-0.056294
44.578,-0.056831
44.588,-0.05735
44.598,-0.057853
44.608,-0.058339
44.618,-0.058795
44.628,-0.059243
44.638,-0.059667
44.648,-0.060062
44.658,-0.060427
44.668,-0.060766
44.678,-0.061073
44.688,-0.061351
44.698,-0.061604
44.708,-0.061838
44.718,-0.062029
44.728,-0.062165
44.738,-0.062266
44.748,-0.062335
44.758,-0.062358
44.768,-0.062353
44.778,-0.062297
44.788,-0.062204
44.798,-0.062068
44.808,-0.061906
44.818,-0.061694
44.828,-0.061437
44.837,-0.061149
44.847,-0.060817
44.857,-0.060442
44.867,-0.060029
44.877,-0.059572
44.887,-0.059103
44.897,-0.058602
44.907,-0.058073
44.917,-0.057504
44.927,-0.056912
44.937,-0.056326
44.947,-0.055708
44.957,-0.055067
44.967,-0.05441
44.977,-0.053744
44.987,-0.053073
44.997,-0.052387
45.007,-0.051711
45.017,-0.051044
45.027,-0.050377
45.037,-0.049708
45.047,-0.049051
45.057,-0.048401
45.067,-0.047768
45.077,-0.047161
45.087,-0.046566
45.097,-0.046003
45.107,-0.04547
45.117,-0.044957
45.127,-0.044468
45.137,-0.044018
45.147,-0.043615
45.157,-0.04326
45.167,-0.042947
45.177,-0.042667
45.187,-0.04245
45.197,-0.042279
45.207,-0.042156
45.217,-0.042078
45.227,-0.042048
45.237,-0.04207
45.247,-0.042149
45.257,-0.042255
45.267,-0.042398
45.277,-0.042598
45.287,-0.04286
45.297,-0.043163
45.307,-0.043523
45.317,-0.043942
45.327,-0.044391
45.337,-0.044876
45.347,-0.045407
45.357,-0.04598
45.367,-0.046592
45.377,-0.047238
45.387,-0.047909
45.397,-0.048589
45.407,-0.049293
45.417,-0.050024
45.427,-0.050771
45.437,-0.051527
45.447,-0.052293
45.457,-0.053053
45.467,-0.053817
45.477,-0.054584
45.487,-0.055334
45.497,-0.056078
45.507,-0.056796
45.517,-0.057497
45.527,-0.05819
45.537,-0.058862
45.547,-0.059507
45.557,-0.060111
45.567,-0.060692
45.577,-0.061221
45.587,-0.061722
45.597,-0.062186
45.607,-0.062603
45.617,-0.062987
45.627,-0.063348
45.637,-0.063658
45.647,-0.063925
45.657,-0.064144
45.667,-0.064307
45.677,-0.064456
45.687,-0.064567
45.697,-0.064635
45.707,-0.064656
45.717,-0.06463
45.727,-0.064556
45.737,-0.06445
45.747,-0.064313
45.757,-0.064175
45.767,-0.064007
45.777,-0.063819
45.787,-0.063611
45.797,-0.06337
45.807,-0.063101
45.817,-0.062818
45.827,-0.062538
45.837,-0.062263
45.847,-0.062008
45.857,-0.061751
45.867,-0.061483
45.877,-0.061233
45.887,-0.060995
45.897,-0.060766
45.907,-0.06054
45.917,-0.060335
45.927,-0.06015
45.937,-0.059989
45.947,-0.059865
45.957,-0.059772
45.967,-0.059711
45.977,-0.059691
45.987,-0.059721
45.997,-0.059796
46.007,-0.059898
46.017,-0.060041
46.027,-0.06023
46.037,-0.060443
46.047,-0.060702
46.057,-0.061015
46.067,-0.06137
46.077,-0.06175
46.087,-0.062181
46.097,-0.06265
46.107,-0.063148
46.117,-0.063693
46.127,-0.06426
46.137,-0.064859
46.147,-0.065487
46.157,-0.066147
46.167,-0.066818
46.177,-0.06752
46.187,-0.068216
46.197,-0.068917
46.207,-0.069632
46.217,-0.070366
46.227,-0.071093
46.237,-0.071813
46.247,-0.072547
46.257,-0.07326
46.267,-0.073961
46.277,-0.074641
46.287,-0.07528
46.297,-0.075901
46.307,-0.076495
46.317,-0.077068
46.327,-0.077601
46.337,-0.078105
46.347,-0.078557
46.357,-0.078958
46.367,-0.079309
46.377,-0.079627
46.387,-0.079893
46.397,-0.080117
46.407,-0.080261
46.417,-0.080346
46.427,-0.080377
46.437,-0.080352
46.447,-0.080255
46.457,-0.080096
46.467,-0.079892
46.477,-0.079617
46.487,-0.079288
46.497,-0.078877
46.507,-0.078387
46.517,-0.077853
46.527,-0.077267
46.537,-0.076616
46.547,-0.075906
46.557,-0.075105
46.567,-0.074271
46.577,-0.073359
46.587,-0.072411
46.597,-0.071403
46.607,-0.07033
46.617,-0.0692
46.627,-0.068023
46.637,-0.066815
46.647,-0.065565
46.657,-0.064262
46.667,-0.062933
46.677,-0.061582
46.687,-0.060196
46.697,-0.058773
46.707,-0.057327
46.717,-0.055871
46.727,-0.054389
46.737,-0.052889
46.747,-0.051344
46.757,-0.049805
46.767,-0.048246
46.777,-0.0467
46.787,-0.045141
46.797,-0.043594
46.807,-0.042023
46.817,-0.040492
46.827,-0.038959
46.837,-0.037422
46.847,-0.035899
46.857,-0.034389
46.867,-0.032851
46.877,-0.031345
46.887,-0.029889
46.897,-0.028461
46.907,-0.027074
46.917,-0.025733
46.927,-0.024441
46.937,-0.023144
46.947,-0.021891
46.957,-0.020622
46.967,-0.019387
46.977,-0.018192
46.987,-0.017033
46.997,-0.015923
47.007,-0.014853
47.017,-0.013836
47.027,-0.012835
47.037,-0.011874
47.047,-0.010975
47.057,-0.010114
47.067,-0.0092693
47.077,-0.0084719
47.087,-0.0077231
47.097,-0.0069992
47.107,-0.0063294
47.117,-0.0056995
47.127,-0.0050887
47.137,-0.0045118
47.147,-0.0039787
47.157,-0.0034874
47.167,-0.003041
47.177,-0.0026354
47.187,-0.0022683
47.197,-0.0019341
47.207,-0.001631
47.217,-0.0013526
47.227,-0.0011081
47.237,-0.0009093
47.247,-0.00073909
47.257,-0.00060268
47.267,-0.00052191
47.277,-0.00047384
47.287,-0.00043615
47.297,-0.00043709
47.307,-0.00045791
47.317,-0.00051638
47.327,-0.00059288
47.337,-0.00070803
47.347,-0.00084914
47.357,-0.0010104
47.367,-0.0011906
47.377,-0.001392
47.387,-0.0016249
47.397,-0.0018711
47.407,-0.0021286
47.417,-0.0023999
47.427,-0.0027017
47.437,-0.0030221
47.447,-0.0033347
47.457,-0.0036603
47.467,-0.0040016
47.477,-0.0043518
47.487,-0.0047202
47.497,-0.0050965
47.507,-0.0054836
47.517,-0.0058931
47.527,-0.0063215
47.537,-0.0067321
47.547,-0.0071317
47.557,-0.0075434
47.567,-0.007964
47.577,-0.0084101
47.587,-0.0088493
47.597,-0.0092807
47.607,-0.0097146
47.617,-0.010161
47.627,-0.010602
47.637,-0.011049
47.647,-0.011489
47.657,-0.011908
47.667,-0.012343
47.677,-0.012757
47.687,-0.01316
47.697,-0.013574
47.707,-0.013969
47.717,-0.014361
47.727,-0.014761
47.737,-0.015141
47.747,-0.015543
47.757,-0.015931
47.767,-0.016296
47.777,-0.016665
47.787,-0.017016
47.797,-0.017352
47.807,-0.017667
47.817,-0.017957
47.827,-0.018233
47.837,-0.018471
47.847,-0.018695
47.857,-0.018909
47.867,-0.019122
47.877,-0.01933
47.887,-0.019536
47.897,-0.019732
47.907,-0.019889
47.917,-0.020023
47.927,-0.020141
47.937,-0.02026
47.947,-0.020356
47.957,-0.02043
47.967,-0.020482
47.977,-0.020513
47.987,-0.020494
47.997,-0.020438
48.007,-0.020349
48.017,-0.020236
48.027,-0.020089
48.037,-0.019947
48.047,-0.019766
48.057,-0.019556
48.067,-0.0193
48.077,-0.019013
48.087,-0.018708
48.097,-0.018374
48.107,-0.017998
48.117,-0.017563
48.127,-0.017093
48.137,-0.01656
48.147,-0.016006
48.157,-0.015414
48.167,-0.014802
48.177,-0.014154
48.187,-0.013453
48.197,-0.012726
48.207,-0.011951
48.217,-0.011165
48.227,-0.010339
48.237,-0.0094743
48.247,-0.008566
48.257,-0.00762
48.267,-0.0066437
48.277,-0.0056523
48.287,-0.0046363
48.297,-0.0035864
48.307,-0.0025103
48.317,-0.0013878
48.327,-0.00025828
48.337,0.0008612
48.347,0.0020127
48.357,0.0031384
48.367,0.0042469
48.377,0.0053576
48.387,0.0064689
48.397,0.007585
48.407,0.0086991
48.417,0.0098245
48.426,0.01092
48.436,0.012025
48.446,0.013124
48.456,0.014152
48.466,0.015141
48.476,0.016084
48.486,0.01701
48.496,0.017886
48.506,0.018707
48.516,0.019511
48.526,0.020255
48.536,0.020937
48.546,0.021583
48.556,0.022189
48.566,0.022761
48.576,0.02328
48.586,0.023736
48.596,0.024105
48.606,0.024415
48.616,0.024657
48.626,0.024826
48.636,0.024919
48.646,0.024941
48.656,0.024905
48.666,0.024812
48.676,0.024651
48.686,0.024435
48.696,0.024117
48.706,0.023744
48.716,0.023325
48.726,0.022853
48.736,0.022305
48.746,0.021691
48.756,0.021024
48.766,0.020284
48.776,0.019488
48.786,0.018652
48.796,0.017792
48.806,0.016911
48.816,0.015975
48.826,0.014964
48.836,0.01394
48.846,0.012908
48.856,0.011844
48.866,0.010736
48.876,0.0095789
48.886,0.0083895
48.896,0.0071645
48.906,0.0059805
48.916,0.0047648
48.926,0.0035524
48.936,0.002324
48.946,0.0011327
48.956,-4.6696e-005
48.966,-0.0012494
48.976,-0.0024646
48.986,-0.0036627
48.996,-0.0048786
49.006,-0.0060881
49.016,-0.007301
49.026,-0.0084662
49.036,-0.0096164
49.046,-0.010711
49.056,-0.011789
49.066,-0.012778
49.076,-0.013778
49.086,-0.014787
49.096,-0.015785
49.106,-0.016788
49.116,-0.017713
49.126,-0.018583
49.136,-0.019437
49.146,-0.020231
49.156,-0.020972
49.166,-0.021683
49.176,-0.022394
49.186,-0.023093
49.196,-0.023763
49.206,-0.024431
49.216,-0.025028
49.226,-0.025563
49.236,-0.026028
49.246,-0.026517
49.256,-0.026991
49.266,-0.027437
49.276,-0.027869
49.286,-0.028219
49.296,-0.028566
49.306,-0.028888
49.316,-0.029141
49.326,-0.029335
49.336,-0.029499
49.346,-0.029656
49.356,-0.029779
49.366,-0.029874
49.376,-0.029977
49.386,-0.030106
49.396,-0.030184
49.406,-0.030192
49.416,-0.030172
49.426,-0.030069
49.436,-0.029929
49.446,-0.029732
49.456,-0.029573
49.466,-0.029399
49.476,-0.029227
49.486,-0.029013
49.496,-0.028764
49.506,-0.028541
49.516,-0.02821
49.526,-0.027842
49.536,-0.027442
49.546,-0.027052
49.556,-0.026645
49.566,-0.02618
49.576,-0.025695
49.586,-0.025211
49.596,-0.024605
49.606,-0.023973
49.616,-0.023369
49.626,-0.022692
49.636,-0.021952
49.646,-0.021161
49.656,-0.020314
49.666,-0.019415
49.676,-0.018465
49.686,-0.01755
49.696,-0.01665
49.706,-0.015634
49.716,-0.014553
49.726,-0.013438
49.736,-0.012242
49.746,-0.011079
49.756,-0.0098816
49.766,-0.0086124
49.776,-0.0073086
49.786,-0.005928
49.796,-0.0045796
49.806,-0.0033275
49.816,-0.002048
49.826,-0.00069418
49.836,0.0006642
49.846,0.0019639
49.856,0.0032637
49.866,0.0046123
49.876,0.0059816
49.886,0.0073487
49.896,0.0086281
49.906,0.0098128
49.916,0.010921
49.926,0.012093
49.936,0.013271
49.946,0.014257
49.956,0.015022
49.966,0.015748
49.976,0.015986
