0,-0.0020185
0.010002,-0.0021277
0.020003,-0.0023192
0.030005,-0.0024306
0.040006,-0.0025193
0.050008,-0.0025877
0.060009,-0.0026943
0.070011,-0.0027962
0.080012,-0.002887
0.090014,-0.002927
0.10002,-0.0030333
0.11002,-0.0031102
0.12002,-0.0032353
0.13002,-0.0033416
0.14002,-0.0034185
0.15002,-0.0034923
0.16002,-0.0035786
0.17003,-0.0036718
0.18003,-0.0037549
0.19003,-0.0038137
0.20003,-0.0039061
0.21003,-0.0039799
0.22003,-0.0040582
0.23004,-0.0041494
0.24004,-0.0042151
0.25004,-0.0043041
0.26004,-0.0043534
0.27004,-0.0043978
0.28004,-0.0044389
0.29004,-0.0045065
0.30005,-0.0045369
0.31005,-0.0045469
0.32005,-0.0045667
0.33005,-0.0045909
0.34005,-0.0046255
0.35005,-0.0046726
0.36006,-0.0047152
0.37006,-0.004759
0.38006,-0.0047994
0.39006,-0.0048042
0.40006,-0.0048575
0.41006,-0.004925
0.42006,-0.0049823
0.43007,-0.0050122
0.44007,-0.005051
0.45007,-0.0051005
0.46007,-0.0051767
0.47007,-0.005211
0.48007,-0.0052305
0.49008,-0.0052393
0.50008,-0.0052282
0.51008,-0.0052643
0.52008,-0.0053206
0.53008,-0.0054002
0.54008,-0.0054675
0.55008,-0.0055455
0.56009,-0.005619
0.57009,-0.0056714
0.58009,-0.0057294
0.59009,-0.0057607
0.60009,-0.0058262
0.61009,-0.0058537
0.6201,-0.0058956
0.6301,-0.0059319
0.6401,-0.0059588
0.6501,-0.0059886
0.6601,-0.006012
0.6701,-0.0060583
0.6801,-0.0060658
0.69011,-0.006074
0.70011,-0.006076
0.71011,-0.0060902
0.72011,-0.0061045
0.73011,-0.0061058
0.74011,-0.0061014
0.75012,-0.006098
0.76012,-0.0061164
0.77012,-0.0060971
0.78012,-0.0060826
0.79012,-0.0060523
0.80012,-0.0060339
0.81012,-0.0060462
0.82013,-0.0060715
0.83013,-0.0060977
0.84013,-0.0061172
0.85013,-0.0061415
0.86013,-0.0061776
0.87013,-0.0061638
0.88014,-0.0061564
0.89014,-0.006157
0.90014,-0.0061594
0.91014,-0.0061594
0.92014,-0.006173
0.93014,-0.0061641
0.94014,-0.0061471
0.95015,-0.0061468
0.96015,-0.006159
0.97015,-0.0061721
0.98015,-0.0061719
0.99015,-0.0061821
1.0002,-0.0061861
1.0102,-0.0062138
1.0202,-0.0062357
1.0302,-0.0062225
1.0402,-0.0062294
1.0502,-0.0062211
1.0602,-0.0062307
1.0702,-0.0062564
1.0802,-0.006288
1.0902,-0.0063172
1.1002,-0.0063468
1.1102,-0.0063461
1.1202,-0.0063361
1.1302,-0.006352
1.1402,-0.0063606
1.1502,-0.0063432
1.1602,-0.0063211
1.1702,-0.0062854
1.1802,-0.0062702
1.1902,-0.006234
1.2002,-0.0062048
1.2102,-0.0062139
1.2202,-0.0062074
1.2302,-0.0062232
1.2402,-0.0062182
1.2502,-0.0061842
1.2602,-0.0061367
1.2702,-0.006101
1.2802,-0.0060553
1.2902,-0.0060232
1.3002,-0.0059772
1.3102,-0.0059672
1.3202,-0.0059472
1.3302,-0.0059175
1.3402,-0.0058732
1.3502,-0.0058466
1.3602,-0.0058229
1.3702,-0.0057836
1.3802,-0.0057511
1.3902,-0.0057001
1.4002,-0.0056541
1.4102,-0.0056214
1.4202,-0.005574
1.4302,-0.0055331
1.4402,-0.0055183
1.4502,-0.0055041
1.4602,-0.0054833
1.4702,-0.0054591
1.4802,-0.0054244
1.4902,-0.0054013
1.5002,-0.005374
1.5102,-0.0053344
1.5202,-0.0052984
1.5302,-0.0052487
1.5402,-0.0052107
1.5502,-0.0051763
1.5602,-0.0051455
1.5702,-0.005108
1.5802,-0.0050735
1.5902,-0.0050496
1.6002,-0.0050096
1.6102,-0.0049901
1.6202,-0.004941
1.6303,-0.0048937
1.6403,-0.0048421
1.6503,-0.0048016
1.6603,-0.0047569
1.6703,-0.0047279
1.6803,-0.0046883
1.6903,-0.0046628
1.7003,-0.0046265
1.7103,-0.0045794
1.7203,-0.0045199
1.7303,-0.0044747
1.7403,-0.0044154
1.7503,-0.004373
1.7603,-0.0043198
1.7703,-0.0042723
1.7803,-0.0042275
1.7903,-0.0041706
1.8003,-0.0041112
1.8103,-0.0040701
1.8203,-0.004024
1.8303,-0.0039831
1.8403,-0.003933
1.8503,-0.0038897
1.8603,-0.003846
1.8703,-0.003784
1.8803,-0.0037151
1.8903,-0.0036622
1.9003,-0.003626
1.9103,-0.003581
1.9203,-0.0035534
1.9303,-0.0035091
1.9403,-0.0034747
1.9503,-0.0034489
1.9603,-0.0034017
1.9703,-0.0033529
1.9803,-0.0032921
1.9903,-0.0032348
2.0003,-0.0031918
2.0103,-0.0031631
2.0203,-0.0031138
2.0303,-0.0030923
2.0403,-0.0030744
2.0503,-0.0030651
2.0603,-0.0030435
2.0703,-0.0030506
2.0803,-0.0030482
2.0903,-0.0030569
2.1003,-0.0030542
2.1103,-0.0030455
2.1203,-0.0030305
2.1303,-0.0030051
2.1403,-0.0029746
2.1503,-0.0029341
2.1603,-0.0029208
2.1703,-0.0028857
2.1803,-0.0028506
2.1903,-0.0028017
2.2003,-0.0027838
2.2103,-0.0027777
2.2203,-0.0027579
2.2303,-0.0027432
2.2403,-0.0027321
2.2503,-0.0027113
2.2603,-0.0027138
2.2703,-0.0027107
2.2804,-0.0026904
2.2904,-0.0026745
2.3004,-0.0026732
2.3104,-0.0026751
2.3204,-0.0026614
2.3304,-0.0026534
2.3404,-0.0026561
2.3504,-0.0026261
2.3604,-0.0026167
2.3704,-0.002596
2.3804,-0.0025607
2.3904,-0.002555
2.4004,-0.0025459
2.4104,-0.0025456
2.4204,-0.0025198
2.4304,-0.0025038
2.4404,-0.0025148
2.4504,-0.0025082
2.4604,-0.0025241
2.4704,-0.002536
2.4804,-0.0025292
2.4904,-0.0025173
2.5004,-0.0025016
2.5104,-0.0025052
2.5204,-0.0025256
2.5304,-0.002547
2.5404,-0.0025365
2.5504,-0.0025764
2.5604,-0.0025996
2.5704,-0.0026033
2.5804,-0.0026171
2.5904,-0.002611
2.6004,-0.0026419
2.6104,-0.0026622
2.6204,-0.0026713
2.6304,-0.0026839
2.6404,-0.0026983
2.6504,-0.0026886
2.6604,-0.0026502
2.6704,-0.0026674
2.6804,-0.0026758
2.6904,-0.0026831
2.7004,-0.0026863
2.7104,-0.0026901
2.7204,-0.0027032
2.7304,-0.0027111
2.7404,-0.0027234
2.7504,-0.0027368
2.7604,-0.0027316
2.7704,-0.0027565
2.7804,-0.0027554
2.7904,-0.002753
2.8004,-0.0027472
2.8104,-0.0027518
2.8204,-0.0027752
2.8304,-0.002783
2.8404,-0.0028066
2.8504,-0.0028284
2.8604,-0.0028607
2.8704,-0.0028877
2.8804,-0.0029008
2.8904,-0.0029003
2.9004,-0.0028964
2.9104,-0.0028587
2.9205,-0.0028253
2.9305,-0.0027914
2.9405,-0.0027791
2.9505,-0.0027219
2.9605,-0.0026803
2.9705,-0.0026683
2.9805,-0.0026483
2.9905,-0.0026247
3.0005,-0.0026167
3.0105,-0.0026206
3.0205,-0.0026288
3.0305,-0.0026128
3.0405,-0.0026143
3.0505,-0.0025918
3.0605,-0.0025742
3.0705,-0.0025718
3.0805,-0.0025562
3.0905,-0.0025456
3.1005,-0.0025404
3.1105,-0.0025366
3.1205,-0.0025117
3.1305,-0.0025048
3.1405,-0.0024788
3.1505,-0.0024667
3.1605,-0.0024319
3.1705,-0.0023826
3.1805,-0.0023587
3.1905,-0.0023601
3.2005,-0.0023303
3.2105,-0.0023194
3.2205,-0.0023142
3.2305,-0.0023043
3.2405,-0.0022601
3.2505,-0.0022511
3.2605,-0.0022064
3.2705,-0.0021844
3.2805,-0.002179
3.2905,-0.0021797
3.3005,-0.0021454
3.3105,-0.0020962
3.3205,-0.0020653
3.3305,-0.0020334
3.3405,-0.002
3.3505,-0.001972
3.3605,-0.0019037
3.3705,-0.001872
3.3805,-0.0018373
3.3905,-0.0018138
3.4005,-0.0017458
3.4105,-0.0016987
3.4205,-0.0016572
3.4305,-0.0016086
3.4405,-0.001545
3.4505,-0.0015187
3.4605,-0.0014645
3.4705,-0.0014322
3.4805,-0.0013872
3.4905,-0.0013421
3.5005,-0.0012579
3.5105,-0.0012073
3.5205,-0.0011485
3.5305,-0.001113
3.5405,-0.0010601
3.5505,-0.0010285
3.5605,-0.00095851
3.5706,-0.00089817
3.5806,-0.00082511
3.5906,-0.00078475
3.6006,-0.0007157
3.6106,-0.00067412
3.6206,-0.00063433
3.6306,-0.00059818
3.6406,-0.00055353
3.6506,-0.000503
3.6606,-0.00045611
3.6706,-0.00039728
3.6806,-0.00034289
3.6906,-0.00025667
3.7006,-0.00020006
3.7106,-0.00013833
3.7206,-7.4551e-005
3.7306,-2.2557e-005
3.7406,2.9013e-005
3.7506,0.00010702
3.7606,0.00018858
3.7706,0.00026175
3.7806,0.00032178
3.7906,0.00038919
3.8006,0.00045945
3.8106,0.00053522
3.8206,0.00059684
3.8306,0.00069562
3.8406,0.00078382
3.8506,0.00086433
3.8606,0.00092898
3.8706,0.0009927
3.8806,0.0010706
3.8906,0.0011385
3.9006,0.0012167
3.9106,0.001276
3.9206,0.0013578
3.9306,0.001444
3.9406,0.0015281
3.9506,0.0016036
3.9606,0.0016855
3.9706,0.0017702
3.9806,0.0018556
3.9906,0.0019633
4.0006,0.0020457
4.0106,0.0021466
4.0206,0.0022412
4.0306,0.0023434
4.0406,0.0024328
4.0506,0.0025275
4.0606,0.0026283
4.0706,0.0027123
4.0806,0.0027933
4.0906,0.0028835
4.1006,0.0029798
4.1106,0.00308
4.1206,0.0031737
4.1306,0.0032567
4.1406,0.0033587
4.1506,0.0034664
4.1606,0.0035616
4.1706,0.003664
4.1806,0.0037595
4.1906,0.0038463
4.2006,0.0039435
4.2106,0.004024
4.2207,0.004117
4.2307,0.0042041
4.2407,0.0042953
4.2507,0.004386
4.2607,0.0044746
4.2707,0.004558
4.2807,0.0046386
4.2907,0.0047232
4.3007,0.0048186
4.3107,0.0049306
4.3207,0.0050312
4.3307,0.0051223
4.3407,0.0052107
4.3507,0.0053205
4.3607,0.0054176
4.3707,0.0055177
4.3807,0.0055935
4.3907,0.0056768
4.4007,0.0057798
4.4107,0.0058875
4.4207,0.0059842
4.4307,0.0060738
4.4407,0.0061511
4.4507,0.0062238
4.4607,0.0062986
4.4707,0.0063739
4.4807,0.0064534
4.4907,0.0065297
4.5007,0.0066149
4.5107,0.0066947
4.5207,0.006774
4.5307,0.0068586
4.5407,0.006947
4.5507,0.0070325
4.5607,0.0071187
4.5707,0.0072041
4.5807,0.0072871
4.5907,0.0073637
4.6007,0.0074408
4.6107,0.0075177
4.6207,0.0075946
4.6307,0.0076795
4.6407,0.0077659
4.6507,0.0078546
4.6607,0.0079411
4.6707,0.0080261
4.6807,0.0081069
4.6907,0.0081831
4.7007,0.0082697
4.7107,0.0083348
4.7207,0.0083931
4.7307,0.0084513
4.7407,0.0085098
4.7507,0.0085701
4.7607,0.0086121
4.7707,0.0086755
4.7807,0.0087268
4.7907,0.0087806
4.8007,0.008831
4.8107,0.0088832
4.8207,0.0089481
4.8307,0.0089995
4.8407,0.0090418
4.8507,0.0090796
4.8607,0.0091265
4.8708,0.0091668
4.8808,0.0092035
4.8908,0.0092503
4.9008,0.009287
4.9108,0.0093311
4.9208,0.0093658
4.9308,0.0094052
4.9408,0.0094371
4.9508,0.0094721
4.9608,0.0095018
4.9708,0.0095322
4.9808,0.0095693
4.9908,0.009602
5.0008,0.0096351
5.0108,0.0096684
5.0208,0.0097019
5.0308,0.0097336
5.0408,0.0097684
5.0508,0.009796
5.0608,0.0098322
5.0708,0.0098752
5.0808,0.0099224
5.0908,0.0099626
5.1008,0.010002
5.1108,0.010046
5.1208,0.01009
5.1308,0.010134
5.1408,0.010178
5.1508,0.010206
5.1608,0.010218
5.1708,0.010236
5.1808,0.010262
5.1908,0.010279
5.2008,0.010295
5.2108,0.010318
5.2208,0.010336
5.2308,0.010353
5.2408,0.010377
5.2508,0.010409
5.2608,0.010436
5.2708,0.010463
5.2808,0.010499
5.2908,0.010529
5.3008,0.010558
5.3108,0.010578
5.3208,0.010589
5.3308,0.0106
5.3408,0.010636
5.3508,0.010668
5.3608,0.010694
5.3708,0.010714
5.3808,0.010747
5.3908,0.010773
5.4008,0.010773
5.4108,0.01078
5.4208,0.010794
5.4308,0.010801
5.4408,0.010821
5.4508,0.010847
5.4608,0.010884
5.4708,0.010909
5.4808,0.010932
5.4908,0.010953
5.5008,0.010973
5.5108,0.011001
5.5209,0.011026
5.5309,0.011052
5.5409,0.011088
5.5509,0.011109
5.5609,0.011143
5.5709,0.011169
5.5809,0.011185
5.5909,0.011207
5.6009,0.011225
5.6109,0.011248
5.6209,0.011279
5.6309,0.011312
5.6409,0.011348
5.6509,0.011374
5.6609,0.01139
5.6709,0.011416
5.6809,0.01144
5.6909,0.011461
5.7009,0.011478
5.7109,0.011495
5.7209,0.011513
5.7309,0.011536
5.7409,0.011559
5.7509,0.011571
5.7609,0.011596
5.7709,0.011631
5.7809,0.011662
5.7909,0.011685
5.8009,0.011711
5.8109,0.011745
5.8209,0.011765
5.8309,0.011778
5.8409,0.011804
5.8509,0.011826
5.8609,0.011846
5.8709,0.011867
5.8809,0.01188
5.8909,0.011895
5.9009,0.011919
5.9109,0.011948
5.9209,0.011976
5.9309,0.011999
5.9409,0.01202
5.9509,0.012055
5.9609,0.012086
5.9709,0.012118
5.9809,0.012148
5.9909,0.012178
6.0009,0.01221
6.0109,0.012248
6.0209,0.012285
6.0309,0.012326
6.0409,0.012364
6.0509,0.012413
6.0609,0.012461
6.0709,0.012506
6.0809,0.012549
6.0909,0.01259
6.1009,0.012624
6.1109,0.012661
6.1209,0.012702
6.1309,0.012739
6.1409,0.012776
6.1509,0.012824
6.1609,0.012865
6.171,0.012914
6.181,0.012949
6.191,0.012987
6.201,0.013044
6.211,0.013094
6.221,0.013127
6.231,0.013175
6.241,0.013236
6.251,0.013299
6.261,0.013357
6.271,0.013409
6.281,0.013464
6.291,0.013505
6.301,0.013548
6.311,0.013599
6.321,0.013659
6.331,0.013721
6.341,0.013773
6.351,0.013806
6.361,0.01384
6.371,0.013877
6.381,0.013912
6.391,0.013952
6.401,0.013986
6.411,0.014019
6.421,0.014051
6.431,0.014095
6.441,0.014145
6.451,0.014182
6.461,0.014212
6.471,0.014247
6.481,0.014276
6.491,0.014314
6.501,0.014353
6.511,0.014395
6.521,0.014434
6.531,0.014478
6.541,0.014526
6.551,0.014572
6.561,0.014616
6.571,0.014653
6.581,0.014681
6.591,0.014714
6.601,0.01474
6.611,0.014768
6.621,0.014801
6.631,0.014827
6.641,0.014856
6.651,0.014883
6.661,0.014901
6.671,0.014917
6.681,0.014935
6.691,0.014951
6.701,0.014963
6.711,0.014986
6.721,0.015017
6.731,0.01504
6.741,0.015058
6.751,0.015075
6.761,0.015091
6.771,0.015111
6.781,0.015134
6.791,0.015155
6.801,0.015164
6.811,0.01517
6.8211,0.015177
6.8311,0.015195
6.8411,0.015206
6.8511,0.015212
6.8611,0.015215
6.8711,0.015223
6.8811,0.015225
6.8911,0.015226
6.9011,0.015237
6.9111,0.015244
6.9211,0.015244
6.9311,0.015242
6.9411,0.015238
6.9511,0.015242
6.9611,0.015245
6.9711,0.015247
6.9811,0.015246
6.9911,0.015255
7.0011,0.015265
7.0111,0.015272
7.0211,0.015266
7.0311,0.01527
7.0411,0.015278
7.0511,0.015278
7.0611,0.015269
7.0711,0.015261
7.0811,0.015258
7.0911,0.015249
7.1011,0.015237
7.1111,0.015222
7.1211,0.015212
7.1311,0.015213
7.1411,0.015204
7.1511,0.015204
7.1611,0.015204
7.1711,0.015201
7.1811,0.015189
7.1911,0.015167
7.2011,0.015143
7.2111,0.015123
7.2211,0.015092
7.2311,0.015055
7.2411,0.015027
7.2511,0.015014
7.2611,0.01501
7.2711,0.014995
7.2811,0.014974
7.2911,0.014959
7.3011,0.014961
7.3111,0.01496
7.3211,0.014948
7.3311,0.014933
7.3411,0.014919
7.3511,0.014899
7.3611,0.014872
7.3711,0.014852
7.3811,0.01482
7.3911,0.01479
7.4011,0.014762
7.4111,0.014741
7.4211,0.014721
7.4311,0.014696
7.4411,0.014673
7.4511,0.014646
7.4611,0.014619
7.4712,0.014602
7.4812,0.014581
7.4912,0.014563
7.5012,0.014538
7.5112,0.014504
7.5212,0.01447
7.5312,0.014444
7.5412,0.014423
7.5512,0.014406
7.5612,0.014379
7.5712,0.014347
7.5812,0.014315
7.5912,0.014287
7.6012,0.014257
7.6112,0.014221
7.6212,0.014189
7.6312,0.014151
7.6412,0.014112
7.6512,0.01408
7.6612,0.01405
7.6712,0.014023
7.6812,0.013993
7.6912,0.013968
7.7012,0.013957
7.7112,0.013941
7.7212,0.013909
7.7312,0.013882
7.7412,0.013857
7.7512,0.01383
7.7612,0.013806
7.7712,0.01378
7.7812,0.013749
7.7912,0.013719
7.8012,0.013693
7.8112,0.013674
7.8212,0.013651
7.8312,0.013621
7.8412,0.013586
7.8512,0.013553
7.8612,0.013511
7.8712,0.013469
7.8812,0.013431
7.8912,0.013397
7.9012,0.013362
7.9112,0.013326
7.9212,0.013292
7.9312,0.013252
7.9412,0.013218
7.9512,0.013185
7.9612,0.013152
7.9712,0.013101
7.9812,0.013051
7.9912,0.013002
8.0012,0.012953
8.0112,0.012908
8.0212,0.012862
8.0312,0.01281
8.0412,0.012756
8.0512,0.012711
8.0612,0.012663
8.0712,0.012619
8.0812,0.012577
8.0912,0.01253
8.1012,0.012477
8.1112,0.012436
8.1213,0.012386
8.1313,0.01233
8.1413,0.012291
8.1513,0.012242
8.1613,0.012188
8.1713,0.012137
8.1813,0.012083
8.1913,0.012018
8.2013,0.011953
8.2113,0.011882
8.2213,0.01182
8.2313,0.011758
8.2413,0.011696
8.2513,0.011627
8.2613,0.011563
8.2713,0.011496
8.2813,0.011428
8.2913,0.011369
8.3013,0.011305
8.3113,0.01124
8.3213,0.011184
8.3313,0.011127
8.3413,0.011073
8.3513,0.011
8.3613,0.01093
8.3713,0.010865
8.3813,0.010796
8.3913,0.010724
8.4013,0.010655
8.4113,0.010587
8.4213,0.010527
8.4313,0.010468
8.4413,0.010415
8.4513,0.010365
8.4613,0.010304
8.4713,0.010248
8.4813,0.01019
8.4913,0.010131
8.5013,0.010079
8.5113,0.010028
8.5213,0.0099716
8.5313,0.0099258
8.5413,0.0098905
8.5513,0.0098454
8.5613,0.0098089
8.5713,0.0097691
8.5813,0.0097315
8.5913,0.0096963
8.6013,0.0096675
8.6113,0.009637
8.6213,0.0096142
8.6313,0.0095904
8.6413,0.0095723
8.6513,0.0095595
8.6613,0.009545
8.6713,0.0095351
8.6813,0.0095306
8.6913,0.0095271
8.7013,0.0095264
8.7113,0.0095152
8.7213,0.0095039
8.7313,0.0094967
8.7413,0.0095005
8.7513,0.0095027
8.7614,0.0095039
8.7714,0.0095026
8.7814,0.0095047
8.7914,0.0095063
8.8014,0.0095019
8.8114,0.0094961
8.8214,0.0094973
8.8314,0.0094934
8.8414,0.0094921
8.8514,0.0094912
8.8614,0.0094901
8.8714,0.0094936
8.8814,0.0095121
8.8914,0.0095294
8.9014,0.0095491
8.9114,0.0095686
8.9214,0.0095852
8.9314,0.0095968
8.9414,0.0096073
8.9514,0.0096207
8.9614,0.0096487
8.9714,0.0096692
8.9814,0.0096915
8.9914,0.0097238
9.0014,0.0097506
9.0114,0.0097826
9.0214,0.0098173
9.0314,0.0098546
9.0414,0.0098919
9.0514,0.009935
9.0614,0.0099756
9.0714,0.010023
9.0814,0.01007
9.0914,0.01012
9.1014,0.010173
9.1114,0.010238
9.1214,0.010307
9.1314,0.010372
9.1414,0.010441
9.1514,0.010508
9.1614,0.010576
9.1714,0.010648
9.1814,0.010725
9.1914,0.010803
9.2014,0.010878
9.2114,0.010964
9.2214,0.011058
9.2314,0.011158
9.2414,0.011254
9.2514,0.011346
9.2614,0.011444
9.2714,0.011553
9.2814,0.011656
9.2914,0.01176
9.3014,0.011862
9.3114,0.011965
9.3214,0.01208
9.3314,0.012201
9.3414,0.012322
9.3514,0.012452
9.3614,0.012577
9.3714,0.012708
9.3814,0.012855
9.3914,0.013005
9.4014,0.013148
9.4115,0.013294
9.4215,0.01345
9.4315,0.013611
9.4415,0.013756
9.4515,0.013907
9.4615,0.014062
9.4715,0.014224
9.4815,0.014388
9.4915,0.014547
9.5015,0.014703
9.5115,0.014864
9.5215,0.015032
9.5315,0.015187
9.5415,0.015342
9.5515,0.015501
9.5615,0.015675
9.5715,0.015854
9.5815,0.016025
9.5915,0.016184
9.6015,0.016338
9.6115,0.016493
9.6215,0.016647
9.6315,0.016804
9.6415,0.016954
9.6515,0.017099
9.6615,0.017248
9.6715,0.017393
9.6815,0.017533
9.6915,0.017671
9.7015,0.017801
9.7115,0.01793
9.7215,0.018053
9.7315,0.018171
9.7415,0.01829
9.7515,0.018398
9.7615,0.018499
9.7715,0.0186
9.7815,0.018691
9.7915,0.018784
9.8015,0.018871
9.8115,0.018941
9.8215,0.019013
9.8315,0.01907
9.8415,0.019118
9.8515,0.019165
9.8615,0.019202
9.8715,0.019232
9.8815,0.019249
9.8915,0.019258
9.9015,0.019261
9.9115,0.019258
9.9215,0.019244
9.9315,0.019226
9.9415,0.019191
9.9515,0.019151
9.9615,0.019104
9.9715,0.019047
9.9815,0.018994
9.9915,0.018936
10.002,0.018873
10.012,0.018806
10.022,0.018732
10.032,0.018649
10.042,0.018556
10.052,0.018451
10.062,0.018355
10.072,0.018249
10.082,0.018139
10.092,0.018021
10.102,0.017895
10.112,0.017759
10.122,0.017625
10.132,0.017482
10.142,0.017334
10.152,0.017183
10.162,0.017027
10.172,0.016857
10.182,0.016678
10.192,0.016495
10.202,0.01631
10.212,0.016115
10.222,0.015917
10.232,0.015714
10.242,0.015511
10.252,0.015291
10.262,0.015068
10.272,0.01485
10.282,0.014629
10.292,0.014402
10.302,0.014168
10.312,0.013931
10.322,0.013695
10.332,0.013446
10.342,0.013191
10.352,0.01294
10.362,0.012693
10.372,0.012442
10.382,0.012201
10.392,0.011962
10.402,0.011719
10.412,0.011477
10.422,0.011238
10.432,0.010992
10.442,0.010743
10.452,0.010486
10.462,0.010216
10.472,0.0099506
10.482,0.0096854
10.492,0.0094283
10.502,0.0091793
10.512,0.0089219
10.522,0.0086737
10.532,0.008416
10.542,0.008159
10.552,0.0079005
10.562,0.0076536
10.572,0.0074137
10.582,0.0071759
10.592,0.0069409
10.602,0.0067054
10.612,0.0064748
10.622,0.0062414
10.632,0.0060114
10.642,0.0057882
10.652,0.0055645
10.662,0.0053407
10.672,0.0051227
10.682,0.0049035
10.692,0.0046827
10.702,0.0044611
10.712,0.0042502
10.722,0.0040382
10.732,0.0038299
10.742,0.0036282
10.752,0.0034297
10.762,0.0032272
10.772,0.0030285
10.782,0.0028416
10.792,0.0026556
10.802,0.0024641
10.812,0.0022756
10.822,0.0021022
10.832,0.001931
10.842,0.001763
10.852,0.0016023
10.862,0.0014462
10.872,0.0012946
10.882,0.0011503
10.892,0.001002
10.902,0.00085958
10.912,0.00072879
10.922,0.00060774
10.932,0.00048926
10.942,0.00037131
10.952,0.00024833
10.962,0.00012222
10.972,6.0374e-006
10.982,-9.9484e-005
10.992,-0.00019989
11.002,-0.00029806
11.012,-0.00040047
11.022,-0.0004908
11.032,-0.00057236
11.042,-0.00064878
11.052,-0.00073309
11.062,-0.00081328
11.072,-0.00090291
11.082,-0.00098699
11.092,-0.0010726
11.102,-0.0011467
11.112,-0.0012144
11.122,-0.0012758
11.132,-0.0013377
11.142,-0.0013991
11.152,-0.0014579
11.162,-0.0015155
11.172,-0.0015755
11.182,-0.0016328
11.192,-0.0016971
11.202,-0.0017517
11.212,-0.0017977
11.222,-0.0018392
11.232,-0.0018836
11.242,-0.0019287
11.252,-0.0019753
11.262,-0.0020191
11.272,-0.002063
11.282,-0.0021091
11.292,-0.0021568
11.302,-0.0021989
11.312,-0.0022333
11.322,-0.0022659
11.332,-0.0022985
11.342,-0.0023288
11.352,-0.0023573
11.362,-0.0023806
11.372,-0.0023992
11.382,-0.0024091
11.392,-0.0024297
11.402,-0.0024448
11.412,-0.0024541
11.422,-0.0024658
11.432,-0.0024726
11.442,-0.0024755
11.452,-0.0024824
11.462,-0.0024855
11.472,-0.0024792
11.482,-0.0024628
11.492,-0.0024415
11.502,-0.0024275
11.512,-0.0024071
11.522,-0.0023784
11.532,-0.0023392
11.542,-0.0022952
11.552,-0.0022557
11.562,-0.0022195
11.572,-0.0021852
11.582,-0.0021473
11.592,-0.0021028
11.602,-0.0020578
11.612,-0.0020037
11.622,-0.0019455
11.632,-0.001892
11.642,-0.0018427
11.652,-0.0017842
11.662,-0.0017173
11.672,-0.0016594
11.682,-0.0015973
11.692,-0.0015377
11.702,-0.0014789
11.712,-0.0014165
11.722,-0.0013426
11.732,-0.0012805
11.742,-0.0012212
11.752,-0.0011643
11.762,-0.0011119
11.772,-0.0010581
11.782,-0.0010029
11.792,-0.00094403
11.802,-0.00088639
11.812,-0.00082234
11.822,-0.00075867
11.832,-0.00069955
11.842,-0.00064955
11.852,-0.00060423
11.862,-0.00055148
11.872,-0.00050551
11.882,-0.0004703
11.892,-0.00043148
11.902,-0.00039357
11.912,-0.00035683
11.922,-0.00031557
11.932,-0.00026911
11.942,-0.00023559
11.952,-0.00021027
11.962,-0.00018457
11.972,-0.00015915
11.982,-0.00012742
11.992,-9.8054e-005
12.002,-7.2169e-005
12.012,-3.8959e-005
12.022,-3.6937e-006
12.032,3.0568e-005
12.042,5.6985e-005
12.052,8.5242e-005
12.062,0.00012747
12.072,0.00017837
12.082,0.00022642
12.092,0.0002761
12.102,0.00032821
12.112,0.00037561
12.122,0.00042992
12.132,0.00049675
12.142,0.00056842
12.152,0.00064786
12.162,0.00072959
12.172,0.00082809
12.182,0.00094001
12.192,0.0010669
12.202,0.0011957
12.212,0.001332
12.222,0.0014794
12.232,0.0016439
12.242,0.0018216
12.252,0.0020106
12.262,0.002211
12.272,0.0024202
12.282,0.002653
12.292,0.0029033
12.302,0.0031681
12.312,0.0034437
12.322,0.0037307
12.332,0.0040413
12.342,0.00436
12.352,0.0046923
12.362,0.0050313
12.372,0.0053959
12.382,0.0057717
12.392,0.0061572
12.402,0.0065549
12.412,0.0069616
12.422,0.0073751
12.432,0.0077922
12.442,0.0082193
12.452,0.0086542
12.462,0.0090903
12.472,0.0095378
12.482,0.0099842
12.492,0.010428
12.502,0.010872
12.512,0.011313
12.522,0.011743
12.532,0.012169
12.542,0.012602
12.552,0.013032
12.562,0.013437
12.572,0.013824
12.582,0.0142
12.592,0.01456
12.602,0.014898
12.612,0.015218
12.622,0.01552
12.632,0.015807
12.642,0.016068
12.652,0.016311
12.662,0.016524
12.672,0.016714
12.682,0.016881
12.692,0.017016
12.702,0.017119
12.712,0.017194
12.722,0.017246
12.732,0.017272
12.742,0.017265
12.752,0.017222
12.762,0.017146
12.772,0.017038
12.782,0.016908
12.792,0.016754
12.802,0.01657
12.812,0.016364
12.822,0.016145
12.832,0.015898
12.842,0.015622
12.852,0.015325
12.862,0.015009
12.872,0.014669
12.882,0.014311
12.892,0.013929
12.902,0.013542
12.912,0.013151
12.922,0.012741
12.932,0.012314
12.942,0.011873
12.952,0.011432
12.962,0.010993
12.972,0.010545
12.982,0.010098
12.992,0.0096422
13.002,0.0091866
13.012,0.0087326
13.022,0.0082742
13.032,0.0078285
13.042,0.0073878
13.052,0.0069531
13.062,0.0065187
13.072,0.006087
13.082,0.0056532
13.092,0.0052246
13.102,0.004797
13.112,0.0043677
13.122,0.0039464
13.132,0.0035217
13.142,0.0030957
13.152,0.0026704
13.162,0.002244
13.172,0.001811
13.182,0.0013823
13.192,0.00093861
13.202,0.0004832
13.212,1.9944e-005
13.222,-0.00044933
13.232,-0.00093748
13.242,-0.0014426
13.252,-0.0019589
13.262,-0.002496
13.272,-0.0030669
13.282,-0.0036657
13.292,-0.004295
13.302,-0.0049533
13.312,-0.0056436
13.322,-0.0063744
13.332,-0.0071407
13.342,-0.007944
13.352,-0.0087911
13.362,-0.0096962
13.372,-0.010649
13.382,-0.011655
13.392,-0.012714
13.402,-0.013825
13.412,-0.014986
13.422,-0.016195
13.432,-0.017453
13.442,-0.018766
13.452,-0.020143
13.462,-0.021571
13.472,-0.023056
13.482,-0.024601
13.492,-0.026215
13.502,-0.027886
13.512,-0.029617
13.522,-0.031391
13.532,-0.033218
13.542,-0.035106
13.552,-0.037045
13.562,-0.039012
13.572,-0.041026
13.582,-0.043094
13.592,-0.045193
13.602,-0.047321
13.612,-0.049473
13.622,-0.05165
13.632,-0.053864
13.642,-0.056098
13.652,-0.058346
13.662,-0.060621
13.672,-0.062891
13.682,-0.065177
13.692,-0.067456
13.702,-0.06974
13.712,-0.072004
13.722,-0.074257
13.732,-0.076504
13.742,-0.078723
13.752,-0.080925
13.762,-0.083083
13.772,-0.085206
13.782,-0.087276
13.792,-0.089302
13.802,-0.091296
13.812,-0.09323
13.822,-0.095095
13.832,-0.096911
13.842,-0.098669
13.852,-0.10036
13.862,-0.10199
13.872,-0.10356
13.882,-0.10505
13.892,-0.10647
13.902,-0.1078
13.912,-0.10905
13.922,-0.11023
13.932,-0.11134
13.942,-0.11237
13.952,-0.11331
13.962,-0.11418
13.972,-0.11499
13.982,-0.11572
13.992,-0.11636
14.002,-0.11692
14.012,-0.11741
14.022,-0.11783
14.032,-0.11818
14.042,-0.11846
14.052,-0.11866
14.062,-0.11881
14.072,-0.11889
14.082,-0.1189
14.092,-0.11886
14.102,-0.11877
14.112,-0.11864
14.122,-0.11845
14.132,-0.11823
14.142,-0.11796
14.152,-0.11766
14.162,-0.11733
14.172,-0.11696
14.182,-0.11658
14.192,-0.11617
14.202,-0.11574
14.212,-0.1153
14.222,-0.11485
14.232,-0.11439
14.242,-0.11392
14.252,-0.11345
14.262,-0.11299
14.272,-0.11253
14.282,-0.11207
14.292,-0.11163
14.302,-0.11118
14.312,-0.11076
14.322,-0.11036
14.332,-0.10997
14.342,-0.10961
14.352,-0.10927
14.362,-0.10894
14.372,-0.10865
14.382,-0.10838
14.392,-0.10814
14.402,-0.10793
14.412,-0.10775
14.422,-0.1076
14.432,-0.10747
14.442,-0.10738
14.452,-0.10732
14.462,-0.1073
14.472,-0.1073
14.482,-0.10734
14.492,-0.10742
14.502,-0.10752
14.512,-0.10764
14.522,-0.10781
14.532,-0.10801
14.542,-0.10824
14.552,-0.1085
14.562,-0.10879
14.572,-0.10911
14.582,-0.10948
14.592,-0.10986
14.602,-0.11028
14.612,-0.11073
14.622,-0.11122
14.632,-0.11174
14.642,-0.1123
14.652,-0.1129
14.662,-0.11353
14.672,-0.11421
14.682,-0.11491
14.692,-0.11566
14.702,-0.11645
14.712,-0.11727
14.722,-0.11814
14.732,-0.11906
14.742,-0.12001
14.752,-0.12101
14.762,-0.12207
14.772,-0.12318
14.782,-0.12435
14.792,-0.12555
14.802,-0.12682
14.812,-0.12814
14.822,-0.12952
14.832,-0.13097
14.842,-0.13248
14.852,-0.13408
14.862,-0.13574
14.872,-0.13746
14.882,-0.13925
14.892,-0.14111
14.902,-0.14307
14.912,-0.14506
14.922,-0.14713
14.932,-0.14927
14.942,-0.15151
14.952,-0.15382
14.962,-0.15621
14.972,-0.15868
14.982,-0.16125
14.992,-0.16385
15.002,-0.16654
15.012,-0.16934
15.022,-0.17226
15.032,-0.17529
15.042,-0.17857
15.052,-0.18183
15.062,-0.18516
15.072,-0.18879
15.082,-0.19213
15.092,-0.19589
15.102,-0.19968
15.112,-0.20354
15.122,-0.20746
15.132,-0.2114
15.142,-0.21543
15.152,-0.21958
15.162,-0.22379
15.172,-0.22833
15.182,-0.23279
15.192,-0.23764
15.202,-0.24256
15.212,-0.24788
15.222,-0.25342
15.232,-0.259
15.242,-0.26485
15.252,-0.27069
15.262,-0.27684
15.272,-0.28283
15.282,-0.28901
15.292,-0.29497
15.302,-0.30106
15.312,-0.30736
15.322,-0.31381
15.332,-0.32019
15.342,-0.32651
15.352,-0.33292
15.362,-0.33966
15.372,-0.3464
15.382,-0.353
15.392,-0.36007
15.402,-0.36717
15.412,-0.37436
15.422,-0.3817
15.432,-0.38907
15.442,-0.39649
15.452,-0.40403
15.462,-0.41175
15.472,-0.41954
15.482,-0.42728
15.492,-0.43511
15.502,-0.44295
15.512,-0.45062
15.522,-0.45843
15.532,-0.46634
15.542,-0.47429
15.552,-0.48221
15.562,-0.49018
15.572,-0.49818
15.582,-0.50627
15.592,-0.51452
15.602,-0.52272
15.612,-0.53115
15.622,-0.53963
15.632,-0.54809
15.642,-0.55648
15.652,-0.56482
15.662,-0.57323
15.672,-0.58164
15.682,-0.59
15.692,-0.59846
15.702,-0.60701
15.712,-0.61565
15.722,-0.62437
15.732,-0.6331
15.742,-0.64183
15.752,-0.65063
15.762,-0.65967
15.772,-0.6687
15.782,-0.67785
15.792,-0.68708
15.802,-0.69645
15.812,-0.70596
15.822,-0.71547
15.832,-0.72508
15.842,-0.73487
15.852,-0.74468
15.862,-0.75443
15.872,-0.76428
15.882,-0.77427
15.892,-0.78439
15.902,-0.7946
15.912,-0.80478
15.922,-0.81498
15.932,-0.82522
15.942,-0.83544
15.952,-0.84574
15.962,-0.85609
15.972,-0.8664
15.982,-0.87672
15.992,-0.88691
16.002,-0.8971
16.012,-0.9073
16.022,-0.91756
16.032,-0.92783
16.042,-0.93804
16.052,-0.94823
16.062,-0.9584
16.072,-0.9687
16.082,-0.97902
16.092,-0.98932
16.102,-0.99965
16.112,-1.01
16.122,-1.0204
16.132,-1.0306
16.142,-1.0408
16.152,-1.0509
16.162,-1.0608
16.172,-1.0706
16.182,-1.0803
16.192,-1.0897
16.202,-1.0989
16.212,-1.108
16.222,-1.1168
16.233,-1.1254
16.243,-1.134
16.253,-1.1423
16.263,-1.1504
16.273,-1.1584
16.283,-1.1662
16.293,-1.174
16.303,-1.1814
16.313,-1.1885
16.323,-1.1956
16.333,-1.2023
16.343,-1.2088
16.353,-1.2149
16.363,-1.2207
16.373,-1.2262
16.383,-1.2313
16.393,-1.236
16.403,-1.2404
16.413,-1.2444
16.423,-1.2479
16.433,-1.251
16.443,-1.2535
16.453,-1.2555
16.463,-1.2569
16.473,-1.2576
16.483,-1.2578
16.493,-1.2572
16.503,-1.256
16.513,-1.254
16.523,-1.2513
16.533,-1.2478
16.543,-1.2434
16.553,-1.2381
16.563,-1.2317
16.573,-1.2246
16.583,-1.2166
16.593,-1.2077
16.603,-1.1977
16.613,-1.1869
16.623,-1.1752
16.633,-1.1626
16.643,-1.149
16.653,-1.1343
16.663,-1.1185
16.673,-1.1012
16.683,-1.0831
16.693,-1.0639
16.703,-1.0436
16.713,-1.0215
16.723,-0.99908
16.733,-0.97617
16.743,-0.95244
16.753,-0.92833
16.763,-0.90342
16.773,-0.87779
16.783,-0.85199
16.793,-0.82583
16.803,-0.79895
16.813,-0.77146
16.823,-0.74344
16.833,-0.71515
16.843,-0.68655
16.853,-0.6571
16.863,-0.62703
16.873,-0.59662
16.883,-0.56556
16.893,-0.53386
16.903,-0.50173
16.913,-0.46901
16.923,-0.4358
16.933,-0.40216
16.943,-0.36798
16.953,-0.33328
16.963,-0.29795
16.973,-0.26207
16.983,-0.2257
16.993,-0.18884
17.003,-0.15111
17.013,-0.11272
17.023,-0.07364
17.033,-0.033978
17.043,0.0062438
17.053,0.04742
17.063,0.08941
17.073,0.13186
17.083,0.1748
17.093,0.21814
17.103,0.26215
17.113,0.30662
17.123,0.3519
17.133,0.39773
17.143,0.44379
17.153,0.49024
17.163,0.53732
17.173,0.58502
17.183,0.63314
17.193,0.68156
17.203,0.73087
17.213,0.78088
17.223,0.83176
17.233,0.88324
17.243,0.93543
17.253,0.98812
17.263,1.0415
17.273,1.0957
17.283,1.1503
17.293,1.2048
17.303,1.2594
17.313,1.315
17.323,1.3706
17.333,1.4262
17.343,1.482
17.353,1.5377
17.363,1.5933
17.373,1.6488
17.383,1.7041
17.393,1.7591
17.403,1.8139
17.413,1.8685
17.423,1.9228
17.433,1.9772
17.443,2.031
17.453,2.0844
17.463,2.1374
17.473,2.1899
17.483,2.2417
17.493,2.2926
17.503,2.3425
17.513,2.3918
17.523,2.4402
17.533,2.4877
17.543,2.5339
17.553,2.5791
17.563,2.6231
17.573,2.6654
17.583,2.7066
17.593,2.7466
17.603,2.7849
17.613,2.8219
17.623,2.8575
17.633,2.8916
17.643,2.9241
17.653,2.955
17.663,2.9842
17.673,3.0115
17.683,3.0373
17.693,3.0612
17.703,3.0832
17.713,3.1032
17.723,3.1213
17.733,3.1376
17.743,3.152
17.753,3.1645
17.763,3.1751
17.773,3.1837
17.783,3.1903
17.793,3.1951
17.803,3.1979
17.813,3.1987
17.823,3.1977
17.833,3.1947
17.843,3.1898
17.853,3.1829
17.863,3.174
17.873,3.1632
17.883,3.1505
17.893,3.136
17.903,3.1197
17.913,3.1015
17.923,3.0816
17.933,3.06
17.943,3.0368
17.953,3.0121
17.963,2.9856
17.973,2.9578
17.983,2.9283
17.993,2.8975
18.003,2.8654
18.013,2.8318
18.023,2.797
18.033,2.7609
18.043,2.7234
18.053,2.6847
18.063,2.6447
18.073,2.6034
18.083,2.5609
18.093,2.5174
18.103,2.4727
18.113,2.4271
18.123,2.3807
18.133,2.3336
18.143,2.2861
18.153,2.2374
18.163,2.1882
18.173,2.1385
18.183,2.0883
18.193,2.0373
18.203,1.9859
18.213,1.9344
18.223,1.8827
18.233,1.831
18.243,1.779
18.253,1.7267
18.263,1.6739
18.273,1.6204
18.283,1.5678
18.293,1.5154
18.303,1.4625
18.313,1.4102
18.323,1.3577
18.333,1.3049
18.343,1.2525
18.353,1.2009
18.363,1.15
18.373,1.0996
18.383,1.0495
18.393,1.0007
18.403,0.95245
18.413,0.90439
18.423,0.85667
18.433,0.80967
18.443,0.76341
18.453,0.7178
18.463,0.67338
18.473,0.62976
18.483,0.58673
18.493,0.54473
18.503,0.50366
18.513,0.46321
18.523,0.42405
18.533,0.38578
18.543,0.34864
18.553,0.31245
18.563,0.27719
18.573,0.24315
18.583,0.21009
18.593,0.17795
18.603,0.14686
18.613,0.11645
18.623,0.08689
18.633,0.058316
18.643,0.030481
18.653,0.0038161
18.663,-0.021767
18.673,-0.04658
18.683,-0.07034
18.693,-0.093068
18.703,-0.1149
18.713,-0.1356
18.723,-0.15536
18.733,-0.17399
18.743,-0.19163
18.753,-0.20831
18.763,-0.22395
18.773,-0.23858
18.783,-0.25234
18.793,-0.26521
18.803,-0.27725
18.813,-0.28842
18.823,-0.29896
18.833,-0.30886
18.843,-0.31793
18.853,-0.32627
18.863,-0.3339
18.873,-0.34082
18.883,-0.347
18.893,-0.35264
18.903,-0.35777
18.913,-0.36234
18.923,-0.36638
18.933,-0.37
18.943,-0.37316
18.953,-0.37589
18.963,-0.37821
18.973,-0.38017
18.983,-0.38182
18.993,-0.38319
19.003,-0.3843
19.013,-0.38517
19.023,-0.38582
19.033,-0.38629
19.043,-0.3866
19.053,-0.38677
19.063,-0.38682
19.073,-0.38677
19.083,-0.38666
19.093,-0.3865
19.103,-0.38632
19.113,-0.38612
19.123,-0.38593
19.133,-0.38576
19.143,-0.38565
19.153,-0.38558
19.163,-0.38558
19.173,-0.38566
19.183,-0.38584
19.193,-0.38612
19.203,-0.38652
19.213,-0.38703
19.223,-0.38768
19.233,-0.38847
19.243,-0.3894
19.253,-0.39049
19.263,-0.39172
19.273,-0.39312
19.283,-0.39466
19.293,-0.39634
19.303,-0.39819
19.313,-0.4002
19.323,-0.40236
19.333,-0.40467
19.343,-0.40713
19.353,-0.40975
19.363,-0.41251
19.373,-0.41542
19.383,-0.41845
19.393,-0.42162
19.403,-0.42491
19.413,-0.42831
19.423,-0.43183
19.433,-0.43547
19.443,-0.43922
19.453,-0.44305
19.463,-0.44698
19.473,-0.451
19.483,-0.4551
19.493,-0.45926
19.503,-0.46346
19.513,-0.46768
19.523,-0.47194
19.533,-0.47625
19.543,-0.48058
19.553,-0.48492
19.563,-0.48926
19.573,-0.49361
19.583,-0.49794
19.593,-0.50225
19.603,-0.50653
19.613,-0.51077
19.623,-0.51496
19.633,-0.51909
19.643,-0.52318
19.653,-0.52721
19.663,-0.53118
19.673,-0.53505
19.683,-0.53884
19.693,-0.54253
19.703,-0.54613
19.713,-0.54959
19.723,-0.55296
19.733,-0.55621
19.743,-0.55934
19.753,-0.56237
19.763,-0.56525
19.773,-0.568
19.783,-0.5706
19.793,-0.57306
19.803,-0.57537
19.813,-0.57754
19.823,-0.57955
19.833,-0.58141
19.843,-0.58312
19.853,-0.58468
19.863,-0.58606
19.873,-0.58729
19.883,-0.58836
19.893,-0.58928
19.903,-0.59003
19.913,-0.59062
19.923,-0.59106
19.933,-0.59134
19.943,-0.59147
19.953,-0.59145
19.963,-0.59127
19.973,-0.59094
19.983,-0.59046
19.993,-0.58983
20.003,-0.58906
20.013,-0.58814
20.023,-0.58709
20.033,-0.5859
20.043,-0.58457
20.053,-0.58311
20.063,-0.58154
20.073,-0.57982
20.083,-0.57799
20.093,-0.57604
20.103,-0.57396
20.113,-0.57178
20.123,-0.5695
20.133,-0.5671
20.143,-0.56461
20.153,-0.56203
20.163,-0.55934
20.173,-0.55655
20.183,-0.55368
20.193,-0.55073
20.203,-0.54769
20.213,-0.54455
20.223,-0.54132
20.233,-0.53799
20.243,-0.53458
20.253,-0.53109
20.263,-0.52752
20.273,-0.52387
20.283,-0.52013
20.293,-0.51632
20.303,-0.51244
20.313,-0.50848
20.323,-0.50443
20.333,-0.50033
20.343,-0.49617
20.353,-0.49193
20.363,-0.48763
20.373,-0.4833
20.383,-0.47889
20.393,-0.47445
20.403,-0.46994
20.413,-0.46538
20.423,-0.46077
20.433,-0.45609
20.443,-0.45138
20.453,-0.44665
20.463,-0.44187
20.473,-0.43707
20.483,-0.43224
20.493,-0.42733
20.503,-0.42244
20.513,-0.41754
20.523,-0.41261
20.533,-0.40767
20.543,-0.40269
20.553,-0.39775
20.563,-0.39279
20.573,-0.38784
20.583,-0.3829
20.593,-0.37796
20.603,-0.37303
20.613,-0.36814
20.623,-0.36325
20.633,-0.35841
20.643,-0.35365
20.653,-0.34893
20.663,-0.34427
20.673,-0.33968
20.683,-0.33517
20.693,-0.33071
20.703,-0.32634
20.713,-0.32207
20.723,-0.31789
20.733,-0.31383
20.743,-0.30986
20.753,-0.30603
20.763,-0.30229
20.773,-0.29864
20.783,-0.29513
20.793,-0.29174
20.803,-0.28849
20.813,-0.28534
20.823,-0.28233
20.833,-0.27946
20.843,-0.27669
20.853,-0.27406
20.863,-0.27157
20.873,-0.26921
20.883,-0.26697
20.893,-0.26487
20.903,-0.26289
20.913,-0.26104
20.923,-0.25931
20.933,-0.2577
20.943,-0.25622
20.953,-0.25485
20.963,-0.25357
20.973,-0.25242
20.983,-0.25135
20.993,-0.25039
21.003,-0.24951
21.013,-0.24872
21.023,-0.248
21.033,-0.24735
21.043,-0.24677
21.053,-0.24624
21.063,-0.24576
21.073,-0.24532
21.083,-0.24492
21.093,-0.24455
21.103,-0.2442
21.113,-0.24389
21.123,-0.24358
21.133,-0.24329
21.143,-0.243
21.153,-0.24269
21.163,-0.24236
21.173,-0.24201
21.183,-0.24164
21.193,-0.24123
21.203,-0.24078
21.213,-0.24029
21.223,-0.23976
21.233,-0.23916
21.243,-0.23852
21.253,-0.23782
21.263,-0.23706
21.273,-0.23624
21.283,-0.23535
21.293,-0.2344
21.303,-0.23338
21.313,-0.2323
21.323,-0.23115
21.333,-0.22993
21.343,-0.22864
21.353,-0.22728
21.363,-0.22586
21.373,-0.22437
21.383,-0.22281
21.393,-0.22119
21.403,-0.21951
21.413,-0.21777
21.423,-0.21598
21.433,-0.21413
21.443,-0.21221
21.453,-0.21022
21.463,-0.20818
21.473,-0.20608
21.483,-0.20392
21.493,-0.20172
21.503,-0.19947
21.513,-0.19718
21.523,-0.19487
21.533,-0.19251
21.543,-0.19009
21.553,-0.18762
21.563,-0.18511
21.573,-0.18258
21.583,-0.18001
21.593,-0.17738
21.603,-0.17472
21.613,-0.17205
21.623,-0.16934
21.633,-0.16659
21.643,-0.16382
21.653,-0.16101
21.663,-0.15817
21.673,-0.15528
21.683,-0.15235
21.693,-0.14939
21.703,-0.1464
21.713,-0.1434
21.723,-0.14038
21.733,-0.13731
21.743,-0.13419
21.753,-0.13104
21.763,-0.12786
21.773,-0.12466
21.783,-0.12143
21.793,-0.11814
21.803,-0.1148
21.813,-0.11145
21.823,-0.10806
21.833,-0.10464
21.843,-0.10117
21.853,-0.097685
21.863,-0.094154
21.873,-0.090577
21.883,-0.086967
21.893,-0.083326
21.903,-0.079673
21.913,-0.075967
21.923,-0.072259
21.933,-0.068531
21.943,-0.064804
21.953,-0.061072
21.963,-0.057321
21.973,-0.053554
21.983,-0.049775
21.993,-0.045997
22.003,-0.042215
22.013,-0.038438
22.023,-0.034646
22.033,-0.030854
22.043,-0.02706
22.053,-0.023282
22.063,-0.019536
22.073,-0.015781
22.083,-0.012061
22.093,-0.0083756
22.103,-0.0047122
22.113,-0.0010719
22.123,0.0025467
22.133,0.006118
22.143,0.0096034
22.153,0.013042
22.163,0.016443
22.173,0.019792
22.183,0.023079
22.193,0.026301
22.203,0.029467
22.213,0.032574
22.223,0.03559
22.233,0.038544
22.243,0.041431
22.253,0.04423
22.263,0.046938
22.273,0.049543
22.283,0.052067
22.293,0.054515
22.303,0.05686
22.313,0.059095
22.323,0.061224
22.333,0.063266
22.343,0.065195
22.353,0.066994
22.363,0.068682
22.373,0.070247
22.383,0.071704
22.393,0.073048
22.403,0.074285
22.413,0.075394
22.423,0.076383
22.433,0.07725
22.443,0.078001
22.453,0.078629
22.463,0.079125
22.473,0.079491
22.483,0.079741
22.493,0.079864
22.503,0.079859
22.513,0.079722
22.523,0.07946
22.533,0.07907
22.543,0.078533
22.553,0.077875
22.563,0.077102
22.573,0.076209
22.583,0.075184
22.593,0.074045
22.603,0.072808
22.613,0.071462
22.623,0.069987
22.633,0.068391
22.643,0.066688
22.653,0.064879
22.663,0.062959
22.673,0.060933
22.683,0.058821
22.693,0.056609
22.703,0.054318
22.714,0.051933
22.724,0.04945
22.734,0.046891
22.744,0.044254
22.754,0.041564
22.764,0.038784
22.774,0.03593
22.784,0.033019
22.794,0.030075
22.804,0.027085
22.814,0.024044
22.824,0.02095
22.834,0.017814
22.844,0.014634
22.854,0.011435
22.864,0.0081926
22.874,0.0049098
22.884,0.0015992
22.894,-0.0017243
22.904,-0.0050598
22.914,-0.0084006
22.924,-0.01174
22.934,-0.015081
22.944,-0.018425
22.954,-0.021771
22.964,-0.025104
22.974,-0.028419
22.984,-0.031711
22.994,-0.034986
23.004,-0.038252
23.014,-0.041482
23.024,-0.044674
23.034,-0.047837
23.044,-0.050982
23.054,-0.0541
23.064,-0.057194
23.074,-0.060241
23.084,-0.063265
23.094,-0.066237
23.104,-0.069167
23.114,-0.072063
23.124,-0.074898
23.134,-0.077675
23.144,-0.080381
23.154,-0.083036
23.164,-0.085633
23.174,-0.088157
23.184,-0.090615
23.194,-0.093002
23.204,-0.095331
23.214,-0.097586
23.224,-0.099747
23.234,-0.10184
23.244,-0.10387
23.254,-0.1058
23.264,-0.10767
23.274,-0.10947
23.284,-0.1112
23.294,-0.11285
23.304,-0.11443
23.314,-0.11593
23.324,-0.11736
23.334,-0.1187
23.344,-0.11996
23.354,-0.12113
23.364,-0.12222
23.374,-0.12323
23.384,-0.12416
23.394,-0.125
23.404,-0.12577
23.414,-0.12646
23.424,-0.12709
23.434,-0.12766
23.444,-0.12815
23.454,-0.12857
23.464,-0.12894
23.474,-0.12924
23.484,-0.12948
23.494,-0.12965
23.504,-0.12977
23.514,-0.12984
23.524,-0.12986
23.534,-0.12983
23.544,-0.12976
23.554,-0.12966
23.564,-0.12951
23.574,-0.12932
23.584,-0.12911
23.594,-0.12888
23.604,-0.12862
23.614,-0.12833
23.624,-0.12802
23.634,-0.12769
23.644,-0.12736
23.654,-0.12702
23.664,-0.12666
23.674,-0.12631
23.684,-0.12595
23.694,-0.12561
23.704,-0.12527
23.714,-0.12494
23.724,-0.12461
23.734,-0.1243
23.744,-0.12402
23.754,-0.12375
23.764,-0.12349
23.774,-0.12325
23.784,-0.12304
23.794,-0.12284
23.804,-0.12268
23.814,-0.12254
23.824,-0.12244
23.834,-0.12236
23.844,-0.12231
23.854,-0.12228
23.864,-0.12229
23.874,-0.12233
23.884,-0.1224
23.894,-0.12251
23.904,-0.12264
23.914,-0.12279
23.924,-0.12298
23.934,-0.12319
23.944,-0.12344
23.954,-0.12372
23.964,-0.12402
23.974,-0.12436
23.984,-0.12471
23.994,-0.12507
24.004,-0.12546
24.014,-0.12587
24.024,-0.1263
24.034,-0.12676
24.044,-0.12723
24.054,-0.12771
24.064,-0.12821
24.074,-0.12874
24.084,-0.12927
24.094,-0.12981
24.104,-0.13035
24.114,-0.13091
24.124,-0.13147
24.134,-0.13204
24.144,-0.13261
24.154,-0.13317
24.164,-0.13374
24.174,-0.1343
24.184,-0.13485
24.194,-0.13539
24.204,-0.13592
24.214,-0.13643
24.224,-0.13694
24.234,-0.13745
24.244,-0.13794
24.254,-0.13841
24.264,-0.13886
24.274,-0.13928
24.284,-0.1397
24.294,-0.14009
24.304,-0.14047
24.314,-0.14082
24.324,-0.14115
24.334,-0.14145
24.344,-0.14173
24.354,-0.14197
24.364,-0.1422
24.374,-0.1424
24.384,-0.14257
24.394,-0.14272
24.404,-0.14283
24.414,-0.14292
24.424,-0.14299
24.434,-0.14303
24.444,-0.14303
24.454,-0.14301
24.464,-0.14297
24.474,-0.1429
24.484,-0.14281
24.494,-0.1427
24.504,-0.14256
24.514,-0.14238
24.524,-0.14219
24.534,-0.14198
24.544,-0.14176
24.554,-0.1415
24.564,-0.14123
24.574,-0.14092
24.584,-0.1406
24.594,-0.14027
24.604,-0.13991
24.614,-0.13954
24.624,-0.13914
24.634,-0.13872
24.644,-0.13828
24.654,-0.13782
24.664,-0.13734
24.674,-0.13684
24.684,-0.13631
24.694,-0.13577
24.704,-0.13521
24.714,-0.13464
24.724,-0.13404
24.734,-0.13342
24.744,-0.13277
24.754,-0.1321
24.764,-0.13139
24.774,-0.13067
24.784,-0.12993
24.794,-0.12916
24.804,-0.12837
24.814,-0.12756
24.824,-0.12673
24.834,-0.12587
24.844,-0.12499
24.854,-0.12408
24.864,-0.12315
24.874,-0.12218
24.884,-0.12118
24.894,-0.12014
24.904,-0.11908
24.914,-0.118
24.924,-0.11688
24.934,-0.11573
24.944,-0.11455
24.954,-0.11334
24.964,-0.1121
24.974,-0.11084
24.984,-0.10954
24.994,-0.10823
25.004,-0.1069
25.014,-0.10555
25.024,-0.10417
25.034,-0.10277
25.044,-0.10135
25.054,-0.099916
25.064,-0.09847
25.074,-0.097014
25.084,-0.095538
25.094,-0.094052
25.104,-0.092552
25.114,-0.091038
25.124,-0.089515
25.134,-0.087976
25.144,-0.086427
25.154,-0.084877
25.164,-0.08333
25.174,-0.081784
25.184,-0.080249
25.194,-0.078718
25.204,-0.077197
25.214,-0.075681
25.224,-0.074166
25.234,-0.072664
25.244,-0.071177
25.254,-0.069716
25.264,-0.06826
25.274,-0.066819
25.284,-0.065405
25.294,-0.064015
25.304,-0.062641
25.314,-0.061288
25.324,-0.059961
25.334,-0.058656
25.344,-0.057394
25.354,-0.056166
25.364,-0.054971
25.374,-0.053807
25.384,-0.052674
25.394,-0.051578
25.404,-0.050537
25.414,-0.049527
25.424,-0.048561
25.434,-0.047627
25.444,-0.046732
25.454,-0.045879
25.464,-0.045069
25.474,-0.044307
25.484,-0.043586
25.494,-0.042904
25.504,-0.042264
25.514,-0.041664
25.524,-0.041101
25.534,-0.040585
25.544,-0.040117
25.554,-0.039686
25.564,-0.039298
25.574,-0.038956
25.584,-0.038658
25.594,-0.038404
25.604,-0.038185
25.614,-0.038008
25.624,-0.037873
25.634,-0.037773
25.644,-0.037704
25.654,-0.037666
25.664,-0.037662
25.674,-0.037693
25.684,-0.037754
25.694,-0.037845
25.704,-0.037969
25.714,-0.038126
25.724,-0.038308
25.734,-0.038516
25.744,-0.03875
25.754,-0.038999
25.764,-0.039267
25.774,-0.039556
25.784,-0.039856
25.794,-0.040169
25.804,-0.040489
25.814,-0.040824
25.824,-0.041173
25.834,-0.041521
25.844,-0.041867
25.854,-0.042216
25.864,-0.042571
25.874,-0.042927
25.884,-0.043275
25.894,-0.043618
25.904,-0.043955
25.914,-0.044276
25.924,-0.044584
25.934,-0.044879
25.944,-0.045154
25.954,-0.045408
25.964,-0.045642
25.974,-0.045851
25.984,-0.046038
25.994,-0.046196
26.004,-0.046334
26.014,-0.046436
26.024,-0.046507
26.034,-0.046549
26.044,-0.04657
26.054,-0.046555
26.064,-0.046514
26.074,-0.046441
26.084,-0.046334
26.094,-0.046185
26.104,-0.046005
26.114,-0.045792
26.124,-0.045539
26.134,-0.04525
26.144,-0.044927
26.154,-0.044561
26.164,-0.04415
26.174,-0.04369
26.184,-0.043193
26.194,-0.04266
26.204,-0.04209
26.214,-0.041484
26.224,-0.040832
26.234,-0.040137
26.244,-0.039409
26.254,-0.038646
26.264,-0.037846
26.274,-0.037013
26.284,-0.036138
26.294,-0.035232
26.304,-0.034299
26.314,-0.033332
26.324,-0.032326
26.334,-0.031295
26.344,-0.030237
26.354,-0.029152
26.364,-0.028038
26.374,-0.026904
26.384,-0.025756
26.394,-0.024588
26.404,-0.023401
26.414,-0.022198
26.424,-0.020992
26.434,-0.019779
26.444,-0.018555
26.454,-0.017326
26.464,-0.016096
26.474,-0.014869
26.484,-0.013639
26.494,-0.012419
26.504,-0.011191
26.514,-0.00997
26.524,-0.00876
26.534,-0.0075601
26.544,-0.006366
26.554,-0.0051845
26.564,-0.004024
26.574,-0.0028868
26.584,-0.0017631
26.594,-0.00065488
26.604,0.00042922
26.614,0.0014898
26.624,0.0025202
26.634,0.0035301
26.644,0.0045172
26.654,0.0054857
26.664,0.006419
26.674,0.0073116
26.684,0.0081734
26.694,0.0090074
26.704,0.0098166
26.714,0.010605
26.724,0.011358
26.734,0.012083
26.744,0.012789
26.754,0.013464
26.764,0.014109
26.774,0.01472
26.784,0.015311
26.794,0.015883
26.804,0.016429
26.814,0.016947
26.824,0.017433
26.834,0.0179
26.844,0.018343
26.854,0.018755
26.864,0.019146
26.874,0.019524
26.884,0.019889
26.894,0.020241
26.904,0.020579
26.914,0.020909
26.924,0.021215
26.934,0.021514
26.944,0.021809
26.954,0.0221
26.964,0.02238
26.974,0.022654
26.984,0.022934
26.994,0.023214
27.004,0.023492
27.014,0.023771
27.024,0.02406
27.034,0.024357
27.044,0.024656
27.054,0.024965
27.064,0.025282
27.074,0.025609
27.084,0.025948
27.094,0.026292
27.104,0.026654
27.114,0.027037
27.124,0.027436
27.134,0.02786
27.144,0.028296
27.154,0.028743
27.164,0.029202
27.174,0.02968
27.184,0.030176
27.194,0.030683
27.204,0.031198
27.214,0.031732
27.224,0.032278
27.234,0.032833
27.244,0.033396
27.254,0.03398
27.264,0.034567
27.274,0.035157
27.284,0.035753
27.294,0.036356
27.304,0.036966
27.314,0.037571
27.324,0.038177
27.334,0.038793
27.344,0.039414
27.354,0.040029
27.364,0.04064
27.374,0.041246
27.384,0.041844
27.394,0.042431
27.404,0.043005
27.414,0.043575
27.424,0.044129
27.434,0.044668
27.444,0.045192
27.454,0.045698
27.464,0.046182
27.474,0.046652
27.484,0.047097
27.494,0.047524
27.504,0.047917
27.514,0.048283
27.524,0.048627
27.534,0.04894
27.544,0.049218
27.554,0.049468
27.564,0.049689
27.574,0.049877
27.584,0.050026
27.594,0.05014
27.604,0.050223
27.614,0.050264
27.624,0.050259
27.634,0.05022
27.644,0.050143
27.654,0.050025
27.664,0.049872
27.674,0.04968
27.684,0.049455
27.694,0.049176
27.704,0.048858
27.714,0.048497
27.724,0.048093
27.734,0.04764
27.744,0.047141
27.754,0.046598
27.764,0.046014
27.774,0.045402
27.784,0.044737
27.794,0.044025
27.804,0.043281
27.814,0.042497
27.824,0.041669
27.834,0.040796
27.844,0.039883
27.854,0.038933
27.864,0.037958
27.874,0.036947
27.884,0.035902
27.894,0.034823
27.904,0.033708
27.914,0.032565
27.924,0.031402
27.934,0.03022
27.944,0.029004
27.954,0.027768
27.964,0.02651
27.974,0.025226
27.984,0.023922
27.994,0.022597
28.004,0.021261
28.014,0.01991
28.024,0.018548
28.034,0.01718
28.044,0.015795
28.054,0.014402
28.064,0.013009
28.074,0.011612
28.084,0.010214
28.094,0.0088134
28.104,0.0074144
28.114,0.0060193
28.124,0.00462
28.134,0.0032273
28.144,0.0018419
28.154,0.0004602
28.164,-0.00091849
28.174,-0.002289
28.184,-0.0036616
28.194,-0.0050296
28.204,-0.0063687
28.214,-0.0076661
28.224,-0.0089383
28.234,-0.010203
28.244,-0.01144
28.254,-0.012644
28.264,-0.013779
28.274,-0.014846
28.284,-0.015859
28.294,-0.016816
28.304,-0.017728
28.314,-0.01859
28.324,-0.019423
28.334,-0.020206
28.344,-0.020947
28.354,-0.021649
28.364,-0.022318
28.374,-0.022938
28.384,-0.023521
28.394,-0.024055
28.404,-0.024539
28.414,-0.02498
28.424,-0.025388
28.434,-0.025752
28.444,-0.026078
28.454,-0.026372
28.464,-0.026632
28.474,-0.026861
28.484,-0.027059
28.494,-0.027226
28.504,-0.027365
28.514,-0.027477
28.524,-0.027566
28.534,-0.027625
28.544,-0.027663
28.554,-0.02768
28.564,-0.027678
28.574,-0.02765
28.584,-0.0276
28.594,-0.027536
28.604,-0.027457
28.614,-0.02736
28.624,-0.027247
28.634,-0.027117
28.644,-0.026971
28.654,-0.02681
28.664,-0.026628
28.674,-0.026438
28.684,-0.026239
28.694,-0.026028
28.704,-0.025805
28.714,-0.025572
28.724,-0.025325
28.734,-0.025073
28.744,-0.024816
28.754,-0.024548
28.764,-0.024273
28.774,-0.023988
28.784,-0.023687
28.794,-0.023369
28.804,-0.023041
28.814,-0.022701
28.824,-0.02234
28.834,-0.021961
28.844,-0.021569
28.854,-0.021156
28.864,-0.020719
28.874,-0.02026
28.884,-0.01979
28.894,-0.0193
28.904,-0.018779
28.914,-0.018236
28.924,-0.017669
28.934,-0.01708
28.944,-0.016449
28.954,-0.015788
28.964,-0.015104
28.974,-0.014379
28.984,-0.013625
28.994,-0.012827
29.004,-0.011999
29.014,-0.011128
29.024,-0.010213
29.034,-0.0092589
29.044,-0.0082739
29.054,-0.0072603
29.064,-0.0062157
29.074,-0.0051307
29.084,-0.0040208
29.094,-0.0028821
29.104,-0.0017164
29.114,-0.00052851
29.124,0.00067032
29.134,0.001885
29.144,0.0031274
29.154,0.0043798
29.164,0.0056463
29.174,0.0069379
29.184,0.0082356
29.194,0.00954
29.205,0.010861
29.215,0.012174
29.225,0.01348
29.235,0.014775
29.245,0.016065
29.255,0.017338
29.265,0.018597
29.275,0.019844
29.285,0.021077
29.295,0.022278
29.305,0.023443
29.315,0.024576
29.325,0.025676
29.335,0.026735
29.345,0.027749
29.355,0.02872
29.365,0.029646
29.375,0.030521
29.385,0.031349
29.395,0.032133
29.405,0.032864
29.415,0.033533
29.425,0.034148
29.435,0.034694
29.445,0.035171
29.455,0.035587
29.465,0.035944
29.475,0.036231
29.485,0.036453
29.495,0.036612
29.505,0.036701
29.515,0.036719
29.525,0.036674
29.535,0.036571
29.545,0.036406
29.555,0.036183
29.565,0.035901
29.575,0.03557
29.585,0.035187
29.595,0.034746
29.605,0.034262
29.615,0.033726
29.625,0.033152
29.635,0.032541
29.645,0.031899
29.655,0.031217
29.665,0.030509
29.675,0.029775
29.685,0.029026
29.695,0.028256
29.705,0.027464
29.715,0.026655
29.725,0.02582
29.735,0.02497
29.745,0.024109
29.755,0.023244
29.765,0.022379
29.775,0.021512
29.785,0.02064
29.795,0.019764
29.805,0.018902
29.815,0.018046
29.825,0.017205
29.835,0.016383
29.845,0.015577
29.855,0.014781
29.865,0.013995
29.875,0.01323
29.885,0.012493
29.895,0.011779
29.905,0.011087
29.915,0.010416
29.925,0.0097749
29.935,0.0091564
29.945,0.0085653
29.955,0.0079998
29.965,0.0074573
29.975,0.0069383
29.985,0.0064415
29.995,0.0059783
30.005,0.0055425
30.015,0.0051291
30.025,0.0047394
30.035,0.0043828
30.045,0.0040529
30.055,0.0037502
30.065,0.0034681
30.075,0.0032021
30.085,0.0029613
30.095,0.0027372
30.105,0.002521
30.115,0.002321
30.125,0.0021414
30.135,0.001975
30.145,0.0018244
30.155,0.001694
30.165,0.0015776
30.175,0.0014684
30.185,0.0013601
30.195,0.0012607
30.205,0.0011668
30.215,0.0010816
30.225,0.0010064
30.235,0.00093182
30.245,0.00086253
30.255,0.00079643
30.265,0.00073721
30.275,0.00068751
30.285,0.00063801
30.295,0.00058224
30.305,0.00052543
30.315,0.00047533
30.325,0.00041977
30.335,0.00035506
30.345,0.00029316
30.355,0.00023346
30.365,0.00016682
30.375,0.00010126
30.385,3.7032e-005
30.395,-3.0604e-005
30.405,-9.8181e-005
30.415,-0.0001644
30.425,-0.00022652
30.435,-0.00028847
30.445,-0.00035383
30.455,-0.00041683
30.465,-0.00047828
30.475,-0.00054399
30.485,-0.00061215
30.495,-0.00067519
30.505,-0.00073641
30.515,-0.00080228
30.525,-0.00088037
30.535,-0.00095173
30.545,-0.0010054
30.555,-0.0010548
30.565,-0.0011004
30.575,-0.0011429
30.585,-0.0011766
30.595,-0.0011967
30.605,-0.0012171
30.615,-0.0012276
30.625,-0.0012192
30.635,-0.0011944
30.645,-0.0011557
30.655,-0.0011185
30.665,-0.0010639
30.675,-0.00099671
30.685,-0.00091487
30.695,-0.00081914
30.705,-0.0007109
30.715,-0.00057963
30.725,-0.00042624
30.735,-0.00024672
30.745,-4.6328e-005
30.755,0.00016116
30.765,0.00038766
30.775,0.0006346
30.785,0.00090507
30.795,0.0012063
30.805,0.0015278
30.815,0.0018752
30.825,0.0022467
30.835,0.0026478
30.845,0.0030778
30.855,0.0035324
30.865,0.0040048
30.875,0.0045079
30.885,0.0050364
30.895,0.0055736
30.905,0.006135
30.915,0.0067165
30.925,0.0073212
30.935,0.0079427
30.945,0.0085885
30.955,0.0092566
30.965,0.0099516
30.975,0.010663
30.985,0.011381
30.995,0.012107
31.005,0.012869
31.015,0.013646
31.025,0.014433
31.035,0.015244
31.045,0.016057
31.055,0.016868
31.065,0.017633
31.075,0.018361
31.085,0.019066
31.095,0.01975
31.105,0.020417
31.115,0.021061
31.125,0.021689
31.135,0.022291
31.145,0.022861
31.155,0.023409
31.165,0.023929
31.175,0.024425
31.185,0.024887
31.195,0.025323
31.205,0.025738
31.215,0.026131
31.225,0.026484
31.235,0.026799
31.245,0.027093
31.255,0.027355
31.265,0.027583
31.275,0.027784
31.285,0.027952
31.295,0.028078
31.305,0.02817
31.315,0.028232
31.325,0.028259
31.335,0.028252
31.345,0.028212
31.355,0.028143
31.365,0.028043
31.375,0.027917
31.385,0.02777
31.395,0.027594
31.405,0.027393
31.415,0.027173
31.425,0.026931
31.435,0.026662
31.445,0.026385
31.455,0.026102
31.465,0.02581
31.475,0.025516
31.485,0.025208
31.495,0.024895
31.505,0.024583
31.515,0.024265
31.525,0.023947
31.535,0.023632
31.545,0.023321
31.555,0.02301
31.565,0.022703
31.575,0.022405
31.585,0.022114
31.595,0.021827
31.605,0.021551
31.615,0.021285
31.625,0.021031
31.635,0.020784
31.645,0.020557
31.655,0.020341
31.665,0.020135
31.675,0.019939
31.685,0.019768
31.695,0.019614
31.705,0.019476
31.715,0.019348
31.725,0.019228
31.735,0.019111
31.745,0.019013
31.755,0.018932
31.765,0.018855
31.775,0.018777
31.785,0.018707
31.795,0.018645
31.805,0.018588
31.815,0.018537
31.825,0.01849
31.835,0.018452
31.845,0.018418
31.855,0.018392
31.865,0.018373
31.875,0.018355
31.885,0.01833
31.895,0.018305
31.905,0.018275
31.915,0.018248
31.925,0.018213
31.935,0.018173
31.945,0.018129
31.955,0.018079
31.965,0.018032
31.975,0.01798
31.985,0.017926
31.995,0.017866
32.005,0.017799
32.015,0.017727
32.025,0.017645
32.035,0.017566
32.045,0.017487
32.055,0.017406
32.065,0.017316
32.075,0.017223
32.085,0.017132
32.095,0.017037
32.105,0.016932
32.115,0.016829
32.125,0.016729
32.135,0.016633
32.145,0.016529
32.155,0.01642
32.165,0.016313
32.175,0.016206
32.185,0.016098
32.195,0.015981
32.205,0.015869
32.215,0.015751
32.225,0.015634
32.235,0.015519
32.245,0.015408
32.255,0.015299
32.265,0.015192
32.275,0.015088
32.285,0.014985
32.295,0.014878
32.305,0.014773
32.315,0.014669
32.325,0.014572
32.335,0.014481
32.345,0.014401
32.355,0.014331
32.365,0.014269
32.375,0.014212
32.385,0.01417
32.395,0.014144
32.405,0.014129
32.415,0.014123
32.425,0.014135
32.435,0.014159
32.445,0.014202
32.455,0.01426
32.465,0.014339
32.475,0.014438
32.485,0.014569
32.495,0.014731
32.505,0.01492
32.515,0.015137
32.525,0.015392
32.535,0.015682
32.545,0.016005
32.555,0.016365
32.565,0.016776
32.575,0.017227
32.585,0.017718
32.595,0.018252
32.605,0.01883
32.615,0.019438
32.625,0.020088
32.635,0.020782
32.645,0.021517
32.655,0.0223
32.665,0.023118
32.675,0.023977
32.685,0.024875
32.695,0.025813
32.705,0.026777
32.715,0.027776
32.725,0.028797
32.735,0.029853
32.745,0.030935
32.755,0.032035
32.765,0.033149
32.775,0.034274
32.785,0.035411
32.795,0.036559
32.805,0.037709
32.815,0.038856
32.825,0.040005
32.835,0.041152
32.845,0.042287
32.855,0.043407
32.865,0.04452
32.875,0.045609
32.885,0.046663
32.895,0.047685
32.905,0.048682
32.915,0.04964
32.925,0.050544
32.935,0.051408
32.945,0.052222
32.955,0.052986
32.965,0.053694
32.975,0.054341
32.985,0.054926
32.995,0.055451
33.005,0.055906
33.015,0.056294
33.025,0.056606
33.035,0.056856
33.045,0.057043
33.055,0.057152
33.065,0.057188
33.075,0.057159
33.085,0.057058
33.095,0.056877
33.105,0.056629
33.115,0.05632
33.125,0.055949
33.135,0.055508
33.145,0.055
33.155,0.054441
33.165,0.053814
33.175,0.053132
33.185,0.0524
33.195,0.051622
33.205,0.050797
33.215,0.049933
33.225,0.049032
33.235,0.048094
33.245,0.047125
33.255,0.046127
33.265,0.045102
33.275,0.044051
33.285,0.042987
33.295,0.041908
33.305,0.040827
33.315,0.039732
33.325,0.038626
33.335,0.037524
33.345,0.036416
33.355,0.035305
33.365,0.0342
33.375,0.033105
33.385,0.032027
33.395,0.030962
33.405,0.029917
33.415,0.028884
33.425,0.027867
33.435,0.026879
33.445,0.025913
33.455,0.024975
33.465,0.024066
33.475,0.023184
33.485,0.022333
33.495,0.021511
33.505,0.02072
33.515,0.019954
33.525,0.019207
33.535,0.018482
33.545,0.017783
33.555,0.017119
33.565,0.016479
33.575,0.015869
33.585,0.015278
33.595,0.01471
33.605,0.014162
33.615,0.013635
33.625,0.013125
33.635,0.012639
33.645,0.012161
33.655,0.011695
33.665,0.011236
33.675,0.010791
33.685,0.010354
33.695,0.0099287
33.705,0.0095091
33.715,0.009099
33.725,0.008702
33.735,0.008301
33.745,0.007906
33.755,0.0075157
33.765,0.0071257
33.775,0.0067409
33.785,0.0063563
33.795,0.0059725
33.805,0.0055989
33.815,0.0052379
33.825,0.0048687
33.835,0.0044913
33.845,0.0041233
33.855,0.003759
33.865,0.0033976
33.875,0.0030347
33.885,0.0026855
33.895,0.0023483
33.905,0.0020146
33.915,0.0016892
33.925,0.0013708
33.935,0.0010602
33.945,0.0007597
33.955,0.00047923
33.965,0.00021481
33.975,-3.1166e-005
33.985,-0.00025448
33.995,-0.00046094
34.005,-0.00064202
34.015,-0.00079995
34.025,-0.00093108
34.035,-0.0010333
34.045,-0.0011079
34.055,-0.0011602
34.065,-0.0011918
34.075,-0.0011981
34.085,-0.0011643
34.095,-0.0011024
34.105,-0.0010078
34.115,-0.00087044
34.125,-0.00069624
34.135,-0.00048427
34.145,-0.00023939
34.155,4.1519e-005
34.165,0.00036219
34.175,0.00073147
34.185,0.0011437
34.195,0.0016033
34.205,0.0021185
34.215,0.0026724
34.225,0.0032667
34.235,0.0039054
34.245,0.0045894
34.255,0.0053149
34.265,0.0060906
34.275,0.0069196
34.285,0.0078017
34.295,0.008724
34.305,0.0096992
34.315,0.010711
34.325,0.01178
34.335,0.012912
34.345,0.014076
34.355,0.015278
34.365,0.016526
34.375,0.017806
34.385,0.019118
34.395,0.020451
34.405,0.021811
34.415,0.023192
34.425,0.024618
34.435,0.02608
34.445,0.027557
34.455,0.029037
34.465,0.030552
34.475,0.032082
34.485,0.033621
34.495,0.035172
34.505,0.036734
34.515,0.038291
34.525,0.039841
34.535,0.041412
34.545,0.042967
34.555,0.044501
34.565,0.046018
34.575,0.047524
34.585,0.049021
34.595,0.0505
34.605,0.051944
34.615,0.053353
34.625,0.054735
34.635,0.056093
34.645,0.057411
34.655,0.058696
34.665,0.059944
34.675,0.061145
34.685,0.062301
34.695,0.063415
34.705,0.06447
34.715,0.065463
34.725,0.0664
34.735,0.067279
34.745,0.068093
34.755,0.06884
34.765,0.069523
34.775,0.070138
34.785,0.070698
34.795,0.0712
34.805,0.071631
34.815,0.071997
34.825,0.072305
34.835,0.072555
34.845,0.07274
34.855,0.072853
34.865,0.072896
34.875,0.07288
34.885,0.072801
34.895,0.072655
34.905,0.072451
34.915,0.072189
34.925,0.071861
34.935,0.071483
34.945,0.071039
34.955,0.070552
34.965,0.070018
34.975,0.069422
34.985,0.068776
34.995,0.068091
35.005,0.067355
35.015,0.066587
35.025,0.065793
35.035,0.064959
35.045,0.064084
35.055,0.063181
35.065,0.06226
35.075,0.06131
35.085,0.060346
35.095,0.059376
35.105,0.058393
35.115,0.057392
35.125,0.056388
35.135,0.055384
35.145,0.054368
35.155,0.053342
35.165,0.05233
35.175,0.051312
35.185,0.050297
35.195,0.049291
35.205,0.048289
35.215,0.047286
35.225,0.046293
35.235,0.045314
35.245,0.044352
35.255,0.043408
35.265,0.042475
35.275,0.041568
35.285,0.040688
35.295,0.039835
35.305,0.039003
35.315,0.038181
35.325,0.037382
35.335,0.036599
35.345,0.035819
35.355,0.035055
35.365,0.034305
35.375,0.033566
35.385,0.032836
35.395,0.032127
35.405,0.031427
35.415,0.03073
35.425,0.030036
35.435,0.02936
35.445,0.028691
35.455,0.028023
35.465,0.027362
35.475,0.026714
35.485,0.026077
35.495,0.02545
35.505,0.024827
35.515,0.02421
35.525,0.023592
35.535,0.022987
35.545,0.022391
35.555,0.021803
35.565,0.021213
35.575,0.020625
35.585,0.020037
35.595,0.019449
35.605,0.018857
35.615,0.018268
35.625,0.017679
35.635,0.017099
35.645,0.016527
35.655,0.015961
35.665,0.015404
35.675,0.014852
35.685,0.014303
35.696,0.013753
35.706,0.013211
35.716,0.012681
35.726,0.012153
35.736,0.01162
35.746,0.011093
35.756,0.010576
35.766,0.010056
35.776,0.0095391
35.786,0.0090183
35.796,0.0084997
35.806,0.0079927
35.816,0.0074932
35.826,0.0069993
35.836,0.006498
35.846,0.0060029
35.856,0.0055127
35.866,0.0050331
35.876,0.004555
35.886,0.0040947
35.896,0.0036333
35.906,0.003173
35.916,0.0027249
35.926,0.0022856
35.936,0.0018559
35.946,0.0014466
35.956,0.0010496
35.966,0.00065021
35.976,0.00026227
35.986,-0.00010614
35.996,-0.00045999
36.006,-0.00080592
36.016,-0.0011437
36.026,-0.0014725
36.036,-0.0017823
36.046,-0.0020876
36.056,-0.0023897
36.066,-0.0026717
36.076,-0.0029304
36.086,-0.0031688
36.096,-0.0033857
36.106,-0.0035857
36.116,-0.0037563
36.126,-0.0039029
36.136,-0.0040244
36.146,-0.0041244
36.156,-0.0041996
36.166,-0.0042457
36.176,-0.0042663
36.186,-0.0042635
36.196,-0.0042356
36.206,-0.0041845
36.216,-0.0040987
36.226,-0.0039728
36.236,-0.0038246
36.246,-0.0036539
36.256,-0.0034541
36.266,-0.0032236
36.276,-0.0029701
36.286,-0.0026824
36.296,-0.00236
36.306,-0.0020066
36.316,-0.0016244
36.326,-0.0012153
36.336,-0.00078124
36.346,-0.00031519
36.356,0.00016409
36.366,0.00065294
36.376,0.0011543
36.386,0.0016732
36.396,0.0022123
36.406,0.002755
36.416,0.0033125
36.426,0.0038664
36.436,0.0044223
36.446,0.0049984
36.456,0.0055807
36.466,0.0061457
36.476,0.0067128
36.486,0.0072734
36.496,0.0078391
36.506,0.0083931
36.516,0.008928
36.526,0.0094431
36.536,0.0099401
36.546,0.010429
36.556,0.010904
36.566,0.011353
36.576,0.011775
36.586,0.012167
36.596,0.012531
36.606,0.012867
36.616,0.013171
36.626,0.013444
36.636,0.013686
36.646,0.013904
36.656,0.014081
36.666,0.014225
36.676,0.014334
36.686,0.014396
36.696,0.014434
36.706,0.014433
36.716,0.014393
36.726,0.014324
36.736,0.014232
36.746,0.014105
36.756,0.013944
36.766,0.013752
36.776,0.013538
36.786,0.013295
36.796,0.013036
36.806,0.012749
36.816,0.012435
36.826,0.012097
36.836,0.01175
36.846,0.011384
36.856,0.011007
36.866,0.010618
36.876,0.010215
36.886,0.0097985
36.896,0.0093734
36.906,0.0089387
36.916,0.0085052
36.926,0.0080687
36.936,0.0076345
36.946,0.0071992
36.956,0.0067705
36.966,0.0063413
36.976,0.0059076
36.986,0.0054773
36.996,0.0050535
37.006,0.0046331
37.016,0.0042197
37.026,0.0038157
37.036,0.0034233
37.046,0.003038
37.056,0.0026536
37.066,0.0022756
37.076,0.0019035
37.086,0.0015376
37.096,0.0011673
37.106,0.00079736
37.116,0.00043342
37.126,6.7709e-005
37.136,-0.00029381
37.146,-0.00065518
37.156,-0.0010183
37.166,-0.0013958
37.176,-0.0017801
37.186,-0.0021574
37.196,-0.0025375
37.206,-0.0029308
37.216,-0.0033308
37.226,-0.0037367
37.236,-0.0041535
37.246,-0.0045695
37.256,-0.0050012
37.266,-0.0054368
37.276,-0.0058875
37.286,-0.0063459
37.296,-0.0068133
37.306,-0.0072827
37.316,-0.0077692
37.326,-0.0082686
37.336,-0.0087805
37.346,-0.0092957
37.356,-0.0098183
37.366,-0.010345
37.376,-0.010876
37.386,-0.011417
37.396,-0.011959
37.406,-0.0125
37.416,-0.01305
37.426,-0.013599
37.436,-0.014147
37.446,-0.014699
37.456,-0.015245
37.466,-0.015788
37.476,-0.016325
37.486,-0.016853
37.496,-0.017359
37.506,-0.017855
37.516,-0.018334
37.526,-0.018801
37.536,-0.019257
37.546,-0.0197
37.556,-0.020126
37.566,-0.020529
37.576,-0.02092
37.586,-0.021284
37.596,-0.021628
37.606,-0.021943
37.616,-0.022231
37.626,-0.022482
37.636,-0.022705
37.646,-0.022901
37.656,-0.023057
37.666,-0.023173
37.676,-0.023266
37.686,-0.023325
37.696,-0.023356
37.706,-0.023353
37.716,-0.023313
37.726,-0.023238
37.736,-0.023131
37.746,-0.022992
37.756,-0.022817
37.766,-0.022597
37.776,-0.022337
37.786,-0.022052
37.796,-0.021721
37.806,-0.021343
37.816,-0.020935
37.826,-0.020499
37.836,-0.020009
37.846,-0.019485
37.856,-0.018929
37.866,-0.018335
37.876,-0.017706
37.886,-0.017052
37.896,-0.016372
37.906,-0.015652
37.916,-0.014891
37.926,-0.014101
37.936,-0.013282
37.946,-0.012449
37.956,-0.011578
37.966,-0.010686
37.976,-0.0097635
37.986,-0.0088257
37.996,-0.007875
38.006,-0.0068948
38.016,-0.005898
38.026,-0.0048908
38.036,-0.0038664
38.046,-0.0028399
38.056,-0.0018192
38.066,-0.00078701
38.076,0.00027431
38.086,0.0013376
38.096,0.002404
38.106,0.0034828
38.116,0.0045642
38.126,0.0056428
38.136,0.0067263
38.146,0.0078116
38.156,0.008884
38.166,0.0099609
38.176,0.011034
38.186,0.012086
38.196,0.01313
38.206,0.014178
38.216,0.015202
38.226,0.016202
38.236,0.017195
38.246,0.018159
38.256,0.019123
38.266,0.020072
38.276,0.021
38.286,0.02189
38.296,0.02276
38.306,0.023599
38.316,0.024408
38.326,0.025197
38.336,0.025957
38.346,0.026687
38.356,0.027387
38.366,0.028069
38.376,0.028712
38.386,0.029337
38.396,0.029926
38.406,0.030484
38.416,0.030997
38.426,0.03147
38.436,0.03192
38.446,0.032349
38.456,0.032759
38.466,0.03313
38.476,0.033462
38.486,0.033766
38.496,0.034044
38.506,0.034292
38.516,0.034513
38.526,0.034698
38.536,0.034858
38.546,0.034983
38.556,0.035079
38.566,0.035142
38.576,0.035187
38.586,0.0352
38.596,0.035178
38.606,0.035132
38.616,0.035062
38.626,0.034968
38.636,0.034849
38.646,0.034709
38.656,0.034542
38.666,0.034343
38.676,0.034122
38.686,0.033878
38.696,0.033615
38.706,0.033331
38.716,0.033025
38.726,0.03269
38.736,0.03234
38.746,0.031972
38.756,0.031589
38.766,0.031175
38.776,0.030742
38.786,0.030293
38.796,0.029835
38.806,0.029359
38.816,0.028861
38.826,0.028348
38.836,0.027813
38.846,0.027272
38.856,0.026727
38.866,0.026161
38.876,0.02559
38.886,0.025013
38.896,0.024421
38.906,0.023817
38.916,0.023211
38.926,0.022603
38.936,0.021983
38.946,0.021362
38.956,0.020738
38.966,0.020097
38.976,0.019456
38.986,0.018813
38.996,0.018164
39.006,0.017511
39.016,0.016879
39.026,0.016257
39.036,0.015638
39.046,0.01503
39.056,0.014435
39.066,0.01386
39.076,0.013297
39.086,0.012739
39.096,0.012196
39.106,0.011668
39.116,0.011152
39.126,0.010662
39.136,0.010199
39.146,0.009754
39.156,0.0093231
39.166,0.0089247
39.176,0.0085575
39.186,0.0082098
39.196,0.0078815
39.206,0.0075793
39.216,0.0073073
39.226,0.0070666
39.236,0.0068581
39.246,0.0066878
39.256,0.0065424
39.266,0.006431
39.276,0.0063532
39.286,0.0063102
39.296,0.0063026
39.306,0.006328
39.316,0.0063837
39.326,0.0064669
39.336,0.0065748
39.346,0.006714
39.356,0.0068856
39.366,0.007088
39.376,0.0073207
39.386,0.0075885
39.396,0.0078846
39.406,0.0082084
39.416,0.0085713
39.426,0.008962
39.436,0.0093888
39.446,0.0098446
39.456,0.010317
39.466,0.010821
39.476,0.011355
39.486,0.011906
39.496,0.012473
39.506,0.013074
39.516,0.013695
39.526,0.014348
39.536,0.015009
39.546,0.015689
39.556,0.016397
39.566,0.017118
39.576,0.017856
39.586,0.018621
39.596,0.019391
39.606,0.020163
39.616,0.020954
39.626,0.021759
39.636,0.022596
39.646,0.02343
39.656,0.02428
39.666,0.025131
39.676,0.025989
39.686,0.026857
39.696,0.027735
39.706,0.028624
39.716,0.029509
39.726,0.030391
39.736,0.031282
39.746,0.032179
39.756,0.033072
39.766,0.03397
39.776,0.034866
39.786,0.035765
39.796,0.03667
39.806,0.037579
39.816,0.038476
39.826,0.039383
39.836,0.040281
39.846,0.041175
39.856,0.04207
39.866,0.042956
39.876,0.043833
39.886,0.044685
39.896,0.045526
39.906,0.046348
39.916,0.047154
39.926,0.04795
39.936,0.048729
39.946,0.049483
39.956,0.050219
39.966,0.05095
39.976,0.051662
39.986,0.05234
39.996,0.053001
40.006,0.053635
40.016,0.054245
40.026,0.054827
40.036,0.055387
40.046,0.055916
40.056,0.056429
40.066,0.056911
40.076,0.05737
40.086,0.057798
40.096,0.058199
40.106,0.058561
40.116,0.058889
40.126,0.059189
40.136,0.05946
40.146,0.059708
40.156,0.059932
40.166,0.060126
40.176,0.060273
40.186,0.060391
40.196,0.060485
40.206,0.060548
40.216,0.060587
40.226,0.060596
40.236,0.060583
40.246,0.06055
40.256,0.060493
40.266,0.060411
40.276,0.06031
40.286,0.060185
40.296,0.060048
40.306,0.059896
40.316,0.059723
40.326,0.059526
40.336,0.059308
40.346,0.059071
40.356,0.058818
40.366,0.058552
40.376,0.058277
40.386,0.057988
40.396,0.057688
40.406,0.057388
40.416,0.057079
40.426,0.056767
40.436,0.056444
40.446,0.056113
40.456,0.055774
40.466,0.055439
40.476,0.055094
40.486,0.054757
40.496,0.054419
40.506,0.054079
40.516,0.053723
40.526,0.053356
40.536,0.052996
40.546,0.052627
40.556,0.052255
40.566,0.051886
40.576,0.051512
40.586,0.051136
40.596,0.050764
40.606,0.050385
40.616,0.049999
40.626,0.049606
40.636,0.049198
40.646,0.048788
40.656,0.048373
40.666,0.047965
40.676,0.047543
40.686,0.047122
40.696,0.046705
40.706,0.04628
40.716,0.045846
40.726,0.045416
40.736,0.044976
40.746,0.044537
40.756,0.044095
40.766,0.04365
40.776,0.0432
40.786,0.042745
40.796,0.042292
40.806,0.041841
40.816,0.041381
40.826,0.040924
40.836,0.040463
40.846,0.040001
40.856,0.03955
40.866,0.039113
40.876,0.03868
40.886,0.03825
40.896,0.037834
40.906,0.037414
40.916,0.036994
40.926,0.036593
40.936,0.0362
40.946,0.03583
40.956,0.035464
40.966,0.035102
40.976,0.034763
40.986,0.034447
40.996,0.034141
41.006,0.033854
41.016,0.033584
41.026,0.033334
41.036,0.033098
41.046,0.032887
41.056,0.03269
41.066,0.032503
41.076,0.032336
41.086,0.032186
41.096,0.032061
41.106,0.031957
41.116,0.03188
41.126,0.031819
41.136,0.031783
41.146,0.03177
41.156,0.031769
41.166,0.031783
41.176,0.031815
41.186,0.031861
41.196,0.031936
41.206,0.032024
41.216,0.032109
41.226,0.03222
41.236,0.032347
41.246,0.032477
41.256,0.032627
41.266,0.03279
41.276,0.032964
41.286,0.033145
41.296,0.033318
41.306,0.033508
41.316,0.033712
41.326,0.033917
41.336,0.034126
41.346,0.03435
41.356,0.034567
41.366,0.034787
41.376,0.035005
41.386,0.035236
41.396,0.035473
41.406,0.035717
41.416,0.035956
41.426,0.036195
41.436,0.036432
41.446,0.03666
41.456,0.036878
41.466,0.037092
41.476,0.037306
41.486,0.037505
41.496,0.037697
41.506,0.037899
41.516,0.038085
41.526,0.038277
41.536,0.038473
41.546,0.038667
41.556,0.038858
41.566,0.039049
41.576,0.039237
41.586,0.039413
41.596,0.039581
41.606,0.039746
41.616,0.039917
41.626,0.040084
41.636,0.040244
41.646,0.040407
41.656,0.040576
41.666,0.040738
41.676,0.040894
41.686,0.041055
41.696,0.041216
41.706,0.041382
41.716,0.041534
41.726,0.041687
41.736,0.041847
41.746,0.042012
41.756,0.042173
41.766,0.042322
41.776,0.042461
41.786,0.042607
41.796,0.042754
41.806,0.0429
41.816,0.04305
41.826,0.043205
41.836,0.043345
41.846,0.043486
41.856,0.04363
41.866,0.043792
41.876,0.043956
41.886,0.044114
41.896,0.044263
41.906,0.044426
41.916,0.044602
41.926,0.044776
41.936,0.044949
41.946,0.045125
41.956,0.045293
41.966,0.045464
41.976,0.045646
41.986,0.045832
41.996,0.046023
42.006,0.04622
42.016,0.046411
42.026,0.046617
42.036,0.046831
42.046,0.04704
42.056,0.047242
42.066,0.047454
42.076,0.047657
42.086,0.047848
42.096,0.048047
42.106,0.048245
42.116,0.048435
42.126,0.048628
42.136,0.048829
42.146,0.049017
42.156,0.049199
42.166,0.049394
42.176,0.049573
42.187,0.049753
42.197,0.049923
42.207,0.050073
42.217,0.050211
42.227,0.050342
42.237,0.050452
42.247,0.050556
42.257,0.050647
42.267,0.05072
42.277,0.050775
42.287,0.050805
42.297,0.050808
42.307,0.050786
42.317,0.050743
42.327,0.050674
42.337,0.050574
42.347,0.050448
42.357,0.050291
42.367,0.05011
42.377,0.049895
42.387,0.049646
42.397,0.049366
42.407,0.049056
42.417,0.048701
42.427,0.048317
42.437,0.047907
42.447,0.047466
42.457,0.046997
42.467,0.046479
42.477,0.045932
42.487,0.045376
42.497,0.044806
42.507,0.044203
42.517,0.043576
42.527,0.04292
42.537,0.042249
42.547,0.041563
42.557,0.040848
42.567,0.040114
42.577,0.039368
42.587,0.038619
42.597,0.037858
42.607,0.037084
42.617,0.036311
42.627,0.035538
42.637,0.034775
42.647,0.034012
42.657,0.03325
42.667,0.032492
42.677,0.03175
42.687,0.031022
42.697,0.030287
42.707,0.029556
42.717,0.028842
42.727,0.02815
42.737,0.027479
42.747,0.02683
42.757,0.026193
42.767,0.025585
42.777,0.024992
42.787,0.024408
42.797,0.023839
42.807,0.023295
42.817,0.022772
42.827,0.022278
42.837,0.021796
42.847,0.021335
42.857,0.020902
42.867,0.020491
42.877,0.020099
42.887,0.019723
42.897,0.019369
42.907,0.019022
42.917,0.018697
42.927,0.018396
42.937,0.018107
42.947,0.017838
42.957,0.017586
42.967,0.017352
42.977,0.017138
42.987,0.016937
42.997,0.016745
43.007,0.016566
43.017,0.016394
43.027,0.01623
43.037,0.016079
43.047,0.015941
43.057,0.015806
43.067,0.015683
43.077,0.015568
43.087,0.015464
43.097,0.01537
43.107,0.015286
43.117,0.015209
43.127,0.015138
43.137,0.015079
43.147,0.015022
43.157,0.01497
43.167,0.014936
43.177,0.014913
43.187,0.014913
43.197,0.014918
43.207,0.014942
43.217,0.014967
43.227,0.015007
43.237,0.015047
43.247,0.015101
43.257,0.015176
43.267,0.015253
43.277,0.015348
43.287,0.01545
43.297,0.01557
43.307,0.015709
43.317,0.015865
43.327,0.01604
43.337,0.016222
43.347,0.016427
43.357,0.016628
43.367,0.01684
43.377,0.017059
43.387,0.017286
43.397,0.017536
43.407,0.017805
43.417,0.018079
43.427,0.018367
43.437,0.018661
43.447,0.018965
43.457,0.019273
43.467,0.019583
43.477,0.01989
43.487,0.0202
43.497,0.020511
43.507,0.020828
43.517,0.021132
43.527,0.021448
43.537,0.021767
43.547,0.022072
43.557,0.022363
43.567,0.022646
43.577,0.022922
43.587,0.023193
43.597,0.023458
43.607,0.023723
43.617,0.023976
43.627,0.024216
43.637,0.024436
43.647,0.024643
43.657,0.024832
43.667,0.025006
43.677,0.025167
43.687,0.025293
43.697,0.025405
43.707,0.025487
43.717,0.025541
43.727,0.02557
43.737,0.025593
43.747,0.02559
43.757,0.025562
43.767,0.025515
43.777,0.025441
43.787,0.025328
43.797,0.025203
43.807,0.025045
43.817,0.024845
43.827,0.024616
43.837,0.02436
43.847,0.024067
43.857,0.023735
43.867,0.023368
43.877,0.022986
43.887,0.022572
43.897,0.022121
43.907,0.021626
43.917,0.021107
43.927,0.020562
43.937,0.019978
43.947,0.019355
43.957,0.0187
43.967,0.018015
43.977,0.017288
43.987,0.016501
43.997,0.015697
44.007,0.014849
44.017,0.013964
44.027,0.013058
44.037,0.012115
44.047,0.011137
44.057,0.010122
44.067,0.0090786
44.077,0.0080115
44.087,0.0068904
44.097,0.005748
44.107,0.0045683
44.117,0.0033542
44.127,0.0021186
44.137,0.00085316
44.147,-0.00044643
44.157,-0.001769
44.167,-0.0031116
44.177,-0.0044904
44.187,-0.0058759
44.197,-0.0073023
44.207,-0.0087452
44.217,-0.0102
44.227,-0.011678
44.237,-0.013214
44.247,-0.014773
44.257,-0.016331
44.267,-0.017913
44.277,-0.019497
44.287,-0.021093
44.297,-0.022685
44.307,-0.02427
44.317,-0.025855
44.327,-0.02745
44.337,-0.029044
44.347,-0.030618
44.357,-0.03219
44.367,-0.033755
44.377,-0.035311
44.387,-0.036847
44.397,-0.038357
44.407,-0.039861
44.417,-0.041331
44.427,-0.042772
44.437,-0.044177
44.447,-0.045567
44.457,-0.046942
44.467,-0.048253
44.477,-0.049529
44.487,-0.050754
44.497,-0.05193
44.507,-0.053062
44.517,-0.054154
44.527,-0.05521
44.537,-0.056228
44.547,-0.057184
44.557,-0.058101
44.567,-0.058968
44.577,-0.059794
44.587,-0.060563
44.597,-0.061273
44.607,-0.061934
44.617,-0.062541
44.627,-0.063102
44.637,-0.063615
44.647,-0.064095
44.657,-0.064532
44.667,-0.064897
44.677,-0.065212
44.687,-0.06548
44.697,-0.065696
44.707,-0.065873
44.717,-0.066011
44.727,-0.066105
44.737,-0.066142
44.747,-0.06615
44.757,-0.066132
44.767,-0.06608
44.777,-0.065986
44.787,-0.065864
44.797,-0.065716
44.807,-0.065516
44.817,-0.065294
44.827,-0.065061
44.837,-0.064794
44.847,-0.064523
44.857,-0.06423
44.867,-0.063929
44.877,-0.06361
44.887,-0.063276
44.897,-0.062929
44.907,-0.062583
44.917,-0.062227
44.927,-0.061864
44.937,-0.061512
44.947,-0.061165
44.957,-0.060816
44.967,-0.060467
44.977,-0.060121
44.987,-0.059784
44.997,-0.059461
45.007,-0.059159
45.017,-0.058858
45.027,-0.058551
45.037,-0.058246
45.047,-0.057956
45.057,-0.057692
45.067,-0.057443
45.077,-0.057199
45.087,-0.056966
45.097,-0.056749
45.107,-0.056538
45.117,-0.056346
45.127,-0.05617
45.137,-0.055985
45.147,-0.055829
45.157,-0.055695
45.167,-0.055575
45.177,-0.055458
45.187,-0.055346
45.197,-0.055237
45.207,-0.055135
45.217,-0.055049
45.227,-0.054981
45.237,-0.054919
45.247,-0.054864
45.257,-0.054805
45.267,-0.054744
45.277,-0.054676
45.287,-0.054613
45.297,-0.054541
45.307,-0.05447
45.317,-0.054392
45.327,-0.054295
45.337,-0.054206
45.347,-0.05411
45.357,-0.054011
45.367,-0.053903
45.377,-0.053792
45.387,-0.053665
45.397,-0.053537
45.407,-0.053405
45.417,-0.053248
45.427,-0.05308
45.437,-0.052919
45.447,-0.052734
45.457,-0.052542
45.467,-0.052336
45.477,-0.052124
45.487,-0.051899
45.497,-0.051677
45.507,-0.051465
45.517,-0.051261
45.527,-0.051052
45.537,-0.050836
45.547,-0.050621
45.557,-0.050405
45.567,-0.050178
45.577,-0.049937
45.587,-0.04971
45.597,-0.049483
45.607,-0.049264
45.617,-0.049072
45.627,-0.048901
45.637,-0.048767
45.647,-0.048633
45.657,-0.048514
45.667,-0.048422
45.677,-0.048363
45.687,-0.04833
45.697,-0.048328
45.707,-0.048356
45.717,-0.048408
45.727,-0.048478
45.737,-0.048574
45.747,-0.048693
45.757,-0.048852
45.767,-0.049048
45.777,-0.04927
45.787,-0.04953
45.797,-0.049834
45.807,-0.050171
45.817,-0.050544
45.827,-0.050944
45.837,-0.051401
45.847,-0.05189
45.857,-0.052413
45.867,-0.052971
45.877,-0.053556
45.887,-0.054168
45.897,-0.054807
45.907,-0.055479
45.917,-0.056186
45.927,-0.056909
45.937,-0.057661
45.947,-0.058411
45.957,-0.059165
45.967,-0.059933
45.977,-0.060693
45.987,-0.061458
45.997,-0.062232
46.007,-0.063011
46.017,-0.063792
46.027,-0.064579
46.037,-0.065375
46.047,-0.06616
46.057,-0.066934
46.067,-0.067701
46.077,-0.068458
46.087,-0.069177
46.097,-0.069869
46.107,-0.070544
46.117,-0.071175
46.127,-0.071781
46.137,-0.072362
46.147,-0.072907
46.157,-0.073405
46.167,-0.073864
46.177,-0.074293
46.187,-0.07468
46.197,-0.075025
46.207,-0.075351
46.217,-0.075631
46.227,-0.075871
46.237,-0.076063
46.247,-0.076214
46.257,-0.076338
46.267,-0.076413
46.277,-0.076442
46.287,-0.076427
46.297,-0.076374
46.307,-0.076274
46.317,-0.076125
46.327,-0.075936
46.337,-0.075729
46.347,-0.07549
46.357,-0.075216
46.367,-0.074924
46.377,-0.074603
46.387,-0.074259
46.397,-0.073886
46.407,-0.073481
46.417,-0.07305
46.427,-0.072588
46.437,-0.072111
46.447,-0.071617
46.457,-0.071112
46.467,-0.070591
46.477,-0.070074
46.487,-0.069563
46.497,-0.06905
46.507,-0.068509
46.517,-0.067975
46.527,-0.067439
46.537,-0.066887
46.547,-0.066343
46.557,-0.065799
46.567,-0.065246
46.577,-0.0647
46.587,-0.064155
46.597,-0.063603
46.607,-0.063063
46.617,-0.062503
46.627,-0.06197
46.637,-0.061451
46.647,-0.060935
46.657,-0.060417
46.667,-0.059915
46.677,-0.05942
46.687,-0.058919
46.697,-0.058414
46.707,-0.057922
46.717,-0.057425
46.727,-0.056914
46.737,-0.05642
46.747,-0.055941
46.757,-0.055443
46.767,-0.054976
46.777,-0.054506
46.787,-0.05404
46.797,-0.053557
46.807,-0.053081
46.817,-0.052591
46.827,-0.052104
46.837,-0.051615
46.847,-0.05112
46.857,-0.050607
46.867,-0.050087
46.877,-0.049563
46.887,-0.049008
46.897,-0.048467
46.907,-0.047912
46.917,-0.047331
46.927,-0.046738
46.937,-0.046145
46.947,-0.045534
46.957,-0.044914
46.967,-0.044284
46.977,-0.043636
46.987,-0.042969
46.997,-0.042291
47.007,-0.041581
47.017,-0.040853
47.027,-0.040083
47.037,-0.039303
47.047,-0.038513
47.057,-0.0377
47.067,-0.036861
47.077,-0.036004
47.087,-0.035127
47.097,-0.034238
47.107,-0.033301
47.117,-0.032327
47.127,-0.031359
47.137,-0.03037
47.147,-0.029381
47.157,-0.028364
47.167,-0.02733
47.177,-0.026287
47.187,-0.02522
47.197,-0.024172
47.207,-0.023102
47.217,-0.022042
47.227,-0.020981
47.237,-0.01993
47.247,-0.018873
47.257,-0.017827
47.267,-0.016774
47.277,-0.015721
47.287,-0.014674
47.297,-0.013638
47.307,-0.012624
47.317,-0.011606
47.327,-0.010607
47.337,-0.0096118
47.347,-0.0086205
47.357,-0.0076519
47.367,-0.006692
47.377,-0.0057936
47.387,-0.004917
47.397,-0.0040742
47.407,-0.0032615
47.417,-0.0024799
47.427,-0.0017337
47.437,-0.0010107
47.447,-0.00030353
47.457,0.00037393
47.467,0.0010115
47.477,0.0016125
47.487,0.00218
47.497,0.0026915
47.507,0.0032045
47.517,0.0036816
47.527,0.004129
47.537,0.0045245
47.547,0.0048897
47.557,0.0052077
47.567,0.0054946
47.577,0.0057373
47.587,0.0059344
47.597,0.0060759
47.607,0.0061963
47.617,0.0062888
47.627,0.0063273
47.637,0.0063189
47.647,0.0062704
47.657,0.0061891
47.667,0.0060778
47.677,0.0059297
47.687,0.0057326
47.697,0.0054983
47.707,0.0052443
47.717,0.0049485
47.727,0.0046511
47.737,0.0043139
47.747,0.0039408
47.757,0.0035212
47.767,0.0030842
47.777,0.0026227
47.787,0.0021365
47.797,0.0016225
47.807,0.001106
47.817,0.00058263
47.827,9.2475e-006
47.837,-0.00058006
47.847,-0.0011744
47.857,-0.0017772
47.867,-0.0024007
47.877,-0.0030131
47.887,-0.0036226
47.897,-0.0042352
47.907,-0.0048464
47.917,-0.0054461
47.927,-0.0060615
47.937,-0.0066447
47.947,-0.0072252
47.957,-0.0077967
47.967,-0.0083459
47.977,-0.0088753
47.987,-0.009411
47.997,-0.0099376
48.007,-0.01043
48.017,-0.010902
48.027,-0.011358
48.037,-0.011792
48.047,-0.012209
48.057,-0.012597
48.067,-0.012942
48.077,-0.013261
48.087,-0.013575
48.097,-0.013874
48.107,-0.014156
48.117,-0.014405
48.127,-0.014622
48.137,-0.014798
48.147,-0.014933
48.157,-0.015049
48.167,-0.015141
48.177,-0.015188
48.187,-0.015198
48.197,-0.015194
48.207,-0.015157
48.217,-0.01507
48.227,-0.01496
48.237,-0.014814
48.247,-0.014663
48.257,-0.014495
48.267,-0.014287
48.277,-0.014045
48.287,-0.013786
48.297,-0.01349
48.307,-0.013156
48.317,-0.012811
48.327,-0.012435
48.337,-0.012039
48.347,-0.011641
48.357,-0.011257
48.367,-0.010845
48.377,-0.010404
48.387,-0.0099552
48.397,-0.0094972
48.407,-0.0090325
48.417,-0.0085528
48.427,-0.0080671
48.437,-0.0075675
48.447,-0.0070589
48.457,-0.0065667
48.467,-0.0060368
48.477,-0.0055213
48.487,-0.004981
48.497,-0.0044464
48.507,-0.003913
48.517,-0.0033735
48.527,-0.0028416
48.537,-0.0023112
48.547,-0.0017616
48.557,-0.0012187
48.567,-0.00068334
48.577,-0.00015104
48.587,0.0003742
48.597,0.00088191
48.607,0.0014191
48.617,0.0019426
48.627,0.002427
48.637,0.0029548
48.647,0.0034625
48.657,0.003984
48.667,0.0044888
48.678,0.0050153
48.688,0.0055152
48.698,0.0060089
48.708,0.0065122
48.718,0.0070087
48.728,0.0075114
48.738,0.008003
48.748,0.0084757
48.758,0.0089327
48.768,0.0093575
48.778,0.009764
48.788,0.010179
48.798,0.010593
48.808,0.010976
48.818,0.011388
48.828,0.011764
48.838,0.012084
48.848,0.012414
48.858,0.012716
48.868,0.01302
48.878,0.01332
48.888,0.013564
48.898,0.013815
48.908,0.013998
48.918,0.014152
48.928,0.014277
48.938,0.014392
48.948,0.014477
48.958,0.014514
48.968,0.014511
48.978,0.014485
48.988,0.014435
48.998,0.014335
49.008,0.014197
49.018,0.01403
49.028,0.013845
49.038,0.013616
49.048,0.013345
49.058,0.013026
49.068,0.012639
49.078,0.012189
49.088,0.011734
49.098,0.011221
49.108,0.010689
49.118,0.010092
49.128,0.0094558
49.138,0.0087832
49.148,0.0080752
49.158,0.0073293
49.168,0.0065348
49.178,0.0056876
49.188,0.0047935
49.198,0.0038926
49.208,0.0029435
49.218,0.0019658
49.228,0.00096284
49.238,-5.4866e-005
49.248,-0.0011154
49.258,-0.0022071
49.268,-0.0032722
49.278,-0.0044015
49.288,-0.005533
49.298,-0.0066725
49.308,-0.0078369
49.318,-0.0089716
49.328,-0.010135
49.338,-0.011306
49.348,-0.012452
49.358,-0.013578
49.368,-0.014756
49.378,-0.01593
49.388,-0.017029
49.398,-0.018084
49.408,-0.019115
49.418,-0.02014
49.428,-0.021184
49.438,-0.0222
49.448,-0.023181
49.458,-0.024075
49.468,-0.024949
49.478,-0.025763
49.488,-0.026512
49.498,-0.027222
49.508,-0.027874
49.518,-0.028461
49.528,-0.029
49.538,-0.029442
49.548,-0.029857
49.558,-0.030206
49.568,-0.030481
49.578,-0.030657
49.588,-0.030805
49.598,-0.030929
49.608,-0.030941
49.618,-0.030908
49.628,-0.030809
49.638,-0.030653
49.648,-0.030389
49.658,-0.030022
49.668,-0.029618
49.678,-0.029159
49.688,-0.028594
49.698,-0.027983
49.708,-0.027306
49.718,-0.026604
49.728,-0.025881
49.738,-0.024988
49.748,-0.024025
49.758,-0.023027
49.768,-0.022018
49.778,-0.020988
49.788,-0.02001
49.798,-0.018879
49.808,-0.017724
49.818,-0.016428
49.828,-0.015214
49.838,-0.013913
49.848,-0.01261
49.858,-0.011202
49.868,-0.009808
49.878,-0.0084902
49.888,-0.0071268
49.898,-0.0056762
49.908,-0.004169
49.918,-0.0026841
49.928,-0.0010761
49.938,0.00052765
49.948,0.0017543
49.958,0.0019771
49.968,0.0011276
49.978,-0.00012451
49.988,-0.00058977
49.998,-0.001521
