0,-0.0017009
0.010016,-0.00171
0.020033,-0.0018275
0.030049,-0.0019604
0.040065,-0.0021322
0.050082,-0.0022094
0.060098,-0.0023295
0.070115,-0.0024072
0.080131,-0.0025309
0.090147,-0.0027035
0.10016,-0.0027631
0.11018,-0.0028456
0.1202,-0.0029506
0.13021,-0.0030477
0.14023,-0.0030386
0.15025,-0.0030831
0.16026,-0.0031188
0.17028,-0.0032448
0.18029,-0.0033231
0.19031,-0.0033626
0.20033,-0.0034264
0.21034,-0.0035226
0.22036,-0.0035967
0.23038,-0.0036317
0.24039,-0.003653
0.25041,-0.0036951
0.26043,-0.0037568
0.27044,-0.0038645
0.28046,-0.003895
0.29047,-0.003916
0.30049,-0.0039524
0.31051,-0.0039856
0.32052,-0.0040197
0.33054,-0.0040828
0.34056,-0.0041307
0.35057,-0.0041545
0.36059,-0.0041839
0.37061,-0.0041917
0.38062,-0.0042671
0.39064,-0.0043632
0.40065,-0.0043954
0.41067,-0.0044079
0.42069,-0.0044143
0.4307,-0.0044654
0.44072,-0.0044856
0.45074,-0.0044923
0.46075,-0.0045118
0.47077,-0.0045088
0.48079,-0.0045027
0.4908,-0.0044937
0.50082,-0.0045004
0.51084,-0.0044946
0.52085,-0.004505
0.53087,-0.0045012
0.54088,-0.004544
0.5509,-0.0045693
0.56092,-0.0046039
0.57093,-0.0046234
0.58095,-0.0046687
0.59097,-0.004738
0.60098,-0.0047901
0.611,-0.004845
0.62102,-0.0049194
0.63103,-0.0049203
0.64105,-0.0049293
0.65106,-0.0049315
0.66108,-0.0049587
0.6711,-0.0050123
0.68111,-0.0050764
0.69113,-0.0051269
0.70115,-0.0051993
0.71116,-0.0052713
0.72118,-0.0053417
0.7312,-0.0053917
0.74121,-0.0054563
0.75123,-0.0055272
0.76124,-0.0056029
0.77126,-0.0056529
0.78128,-0.0056825
0.79129,-0.0057369
0.80131,-0.0058085
0.81133,-0.005878
0.82134,-0.0058935
0.83136,-0.0059144
0.84138,-0.005934
0.85139,-0.0059773
0.86141,-0.0060313
0.87142,-0.0060607
0.88144,-0.0061048
0.89146,-0.0061565
0.90147,-0.0062098
0.91149,-0.0062161
0.92151,-0.0062422
0.93152,-0.0062681
0.94154,-0.0062592
0.95156,-0.0062828
0.96157,-0.0063286
0.97159,-0.0063397
0.9816,-0.0063484
0.99162,-0.0063596
1.0016,-0.006407
1.0117,-0.0064222
1.0217,-0.0064351
1.0317,-0.0064462
1.0417,-0.0064425
1.0517,-0.0064302
1.0617,-0.0064125
1.0718,-0.0064473
1.0818,-0.0064495
1.0918,-0.0064785
1.1018,-0.0065189
1.1118,-0.0065559
1.1218,-0.0065918
1.1319,-0.0066225
1.1419,-0.0066246
1.1519,-0.0066288
1.1619,-0.0066054
1.1719,-0.0065757
1.1819,-0.0065373
1.1919,-0.0065072
1.202,-0.0064882
1.212,-0.0064581
1.222,-0.0064559
1.232,-0.0064563
1.242,-0.0064477
1.252,-0.0064536
1.2621,-0.0064582
1.2721,-0.0064517
1.2821,-0.0064396
1.2921,-0.0064024
1.3021,-0.006356
1.3121,-0.0063203
1.3222,-0.006308
1.3322,-0.0063167
1.3422,-0.0063111
1.3522,-0.0063029
1.3622,-0.0062618
1.3722,-0.0062467
1.3823,-0.0062313
1.3923,-0.0062074
1.4023,-0.0061792
1.4123,-0.0061533
1.4223,-0.0061221
1.4323,-0.0060922
1.4424,-0.0060743
1.4524,-0.006068
1.4624,-0.0060529
1.4724,-0.0060312
1.4824,-0.0059944
1.4924,-0.0059727
1.5025,-0.0059472
1.5125,-0.0059054
1.5225,-0.0058771
1.5325,-0.0058124
1.5425,-0.0057659
1.5525,-0.0057478
1.5626,-0.0057099
1.5726,-0.0056603
1.5826,-0.0056008
1.5926,-0.005529
1.6026,-0.0054963
1.6126,-0.0054521
1.6227,-0.0053972
1.6327,-0.0053596
1.6427,-0.00535
1.6527,-0.0053058
1.6627,-0.0052709
1.6727,-0.0052359
1.6828,-0.0051917
1.6928,-0.0051369
1.7028,-0.0050972
1.7128,-0.0050665
1.7228,-0.0050114
1.7328,-0.0049405
1.7428,-0.0048721
1.7529,-0.0048289
1.7629,-0.0047923
1.7729,-0.0047638
1.7829,-0.0047469
1.7929,-0.0047137
1.8029,-0.0046868
1.813,-0.0046446
1.823,-0.0045976
1.833,-0.0045404
1.843,-0.004468
1.853,-0.0043926
1.863,-0.0043104
1.8731,-0.0042221
1.8831,-0.0041379
1.8931,-0.0040698
1.9031,-0.0040098
1.9131,-0.0039365
1.9231,-0.0038799
1.9332,-0.0038201
1.9432,-0.0037734
1.9532,-0.0037366
1.9632,-0.003696
1.9732,-0.0036579
1.9832,-0.003632
1.9933,-0.0035831
2.0033,-0.0035349
2.0133,-0.0034963
2.0233,-0.0034489
2.0333,-0.003406
2.0433,-0.0033624
2.0534,-0.0033032
2.0634,-0.0032608
2.0734,-0.0032195
2.0834,-0.00318
2.0934,-0.0031369
2.1034,-0.0030746
2.1135,-0.0030174
2.1235,-0.0029787
2.1335,-0.0029477
2.1435,-0.0029264
2.1535,-0.0029028
2.1635,-0.0028975
2.1736,-0.0028656
2.1836,-0.0028404
2.1936,-0.0028149
2.2036,-0.0027931
2.2136,-0.002779
2.2236,-0.0027608
2.2337,-0.0027291
2.2437,-0.0026899
2.2537,-0.0026379
2.2637,-0.0026005
2.2737,-0.0025781
2.2837,-0.0025816
2.2937,-0.0025724
2.3038,-0.0025602
2.3138,-0.0025382
2.3238,-0.0025376
2.3338,-0.0025346
2.3438,-0.0025329
2.3538,-0.0025453
2.3639,-0.0025565
2.3739,-0.0025605
2.3839,-0.0025461
2.3939,-0.0025369
2.4039,-0.0025275
2.4139,-0.0025374
2.424,-0.0025353
2.434,-0.0025284
2.444,-0.0025251
2.454,-0.0025153
2.464,-0.0025287
2.474,-0.0025308
2.4841,-0.0025401
2.4941,-0.0025526
2.5041,-0.0025612
2.5141,-0.0025759
2.5241,-0.0025811
2.5341,-0.0025924
2.5442,-0.0025928
2.5542,-0.0026026
2.5642,-0.0025959
2.5742,-0.0025976
2.5842,-0.0025818
2.5942,-0.0025659
2.6043,-0.0025679
2.6143,-0.0025725
2.6243,-0.0025814
2.6343,-0.0025887
2.6443,-0.0025976
2.6543,-0.0026031
2.6644,-0.0026088
2.6744,-0.0026193
2.6844,-0.0026417
2.6944,-0.0026519
2.7044,-0.0026704
2.7144,-0.002679
2.7245,-0.0026793
2.7345,-0.0026898
2.7445,-0.0026905
2.7545,-0.0026934
2.7645,-0.002697
2.7745,-0.0027061
2.7846,-0.0027269
2.7946,-0.002746
2.8046,-0.0027611
2.8146,-0.0027824
2.8246,-0.0027879
2.8346,-0.0028001
2.8446,-0.0027983
2.8547,-0.002814
2.8647,-0.0028263
2.8747,-0.0028394
2.8847,-0.0028513
2.8947,-0.0028742
2.9047,-0.0028682
2.9148,-0.0028466
2.9248,-0.0028189
2.9348,-0.0027936
2.9448,-0.0027642
2.9548,-0.0027475
2.9648,-0.0027465
2.9749,-0.0027311
2.9849,-0.0027224
2.9949,-0.0027216
3.0049,-0.0027378
3.0149,-0.0027407
3.0249,-0.0027405
3.035,-0.002749
3.045,-0.0027421
3.055,-0.002744
3.065,-0.0027309
3.075,-0.0027305
3.085,-0.0027226
3.0951,-0.0027252
3.1051,-0.0027296
3.1151,-0.0027298
3.1251,-0.0027232
3.1351,-0.0027161
3.1451,-0.002703
3.1552,-0.0026881
3.1652,-0.0026723
3.1752,-0.002658
3.1852,-0.0026484
3.1952,-0.0026285
3.2052,-0.0026134
3.2153,-0.0026017
3.2253,-0.0025975
3.2353,-0.002601
3.2453,-0.0025919
3.2553,-0.0025789
3.2653,-0.002557
3.2754,-0.0025266
3.2854,-0.002503
3.2954,-0.0024749
3.3054,-0.0024548
3.3154,-0.0024264
3.3254,-0.0023969
3.3355,-0.0023806
3.3455,-0.0023492
3.3555,-0.0023051
3.3655,-0.0022813
3.3755,-0.0022635
3.3855,-0.0022321
3.3956,-0.0022127
3.4056,-0.0021947
3.4156,-0.0021736
3.4256,-0.0021619
3.4356,-0.0021252
3.4456,-0.0020971
3.4556,-0.0020842
3.4657,-0.0020462
3.4757,-0.0020092
3.4857,-0.0019684
3.4957,-0.0019236
3.5057,-0.0018906
3.5157,-0.0018619
3.5258,-0.001813
3.5358,-0.0017685
3.5458,-0.0017383
3.5558,-0.0017252
3.5658,-0.0016786
3.5758,-0.0016583
3.5859,-0.0016372
3.5959,-0.0016141
3.6059,-0.0015897
3.6159,-0.001546
3.6259,-0.0015167
3.6359,-0.0014988
3.646,-0.0014676
3.656,-0.0014191
3.666,-0.0013692
3.676,-0.0013408
3.686,-0.0013002
3.696,-0.0012688
3.7061,-0.0012252
3.7161,-0.0011607
3.7261,-0.0011098
3.7361,-0.0010667
3.7461,-0.0010069
3.7561,-0.00094644
3.7662,-0.00086743
3.7762,-0.00081618
3.7862,-0.00076915
3.7962,-0.00070371
3.8062,-0.00065974
3.8162,-0.00058366
3.8263,-0.00050951
3.8363,-0.00043701
3.8463,-0.00035436
3.8563,-0.00028829
3.8663,-0.00020839
3.8763,-0.00016174
3.8864,-8.4001e-005
3.8964,-4.6037e-005
3.9064,1.0671e-005
3.9164,6.5832e-005
3.9264,0.0001444
3.9364,0.00022081
3.9465,0.00029174
3.9565,0.00036506
3.9665,0.00046001
3.9765,0.00053757
3.9865,0.00062428
3.9965,0.00070923
4.0065,0.0007981
4.0166,0.00087825
4.0266,0.00095065
4.0366,0.0010555
4.0466,0.0011526
4.0566,0.0012383
4.0666,0.001336
4.0767,0.001442
4.0867,0.0015182
4.0967,0.0016242
4.1067,0.001689
4.1167,0.0017944
4.1267,0.0018962
4.1368,0.001997
4.1468,0.0020648
4.1568,0.0021647
4.1668,0.0022806
4.1768,0.0023887
4.1868,0.0024716
4.1969,0.002563
4.2069,0.0026743
4.2169,0.0027713
4.2269,0.0028701
4.2369,0.0029549
4.2469,0.0030539
4.257,0.003155
4.267,0.0032367
4.277,0.0033523
4.287,0.0034572
4.297,0.0035415
4.307,0.0036535
4.3171,0.003746
4.3271,0.0038535
4.3371,0.0039653
4.3471,0.0040613
4.3571,0.00417
4.3671,0.0042888
4.3772,0.0043957
4.3872,0.0045027
4.3972,0.0046062
4.4072,0.004707
4.4172,0.0048191
4.4272,0.0049111
4.4373,0.0050238
4.4473,0.0051108
4.4573,0.0052322
4.4673,0.0053402
4.4773,0.0054325
4.4873,0.0055498
4.4974,0.0056389
4.5074,0.0057381
4.5174,0.0058439
4.5274,0.0059385
4.5374,0.0060411
4.5474,0.0061225
4.5574,0.0062169
4.5675,0.0063114
4.5775,0.0063734
4.5875,0.0064653
4.5975,0.0065659
4.6075,0.0066702
4.6175,0.0067714
4.6276,0.0068576
4.6376,0.0069484
4.6476,0.0070495
4.6576,0.0071303
4.6676,0.0072267
4.6776,0.0073207
4.6877,0.0074169
4.6977,0.0074868
4.7077,0.0075725
4.7177,0.0076484
4.7277,0.0077257
4.7377,0.0078003
4.7478,0.0078771
4.7578,0.0079389
4.7678,0.0080141
4.7778,0.0080721
4.7878,0.0081329
4.7978,0.0082115
4.8079,0.0082653
4.8179,0.0083439
4.8279,0.0084113
4.8379,0.0084779
4.8479,0.0085292
4.8579,0.008587
4.868,0.0086594
4.878,0.0087314
4.888,0.0088004
4.898,0.0088697
4.908,0.0089075
4.918,0.0089774
4.9281,0.0090396
4.9381,0.0091074
4.9481,0.009164
4.9581,0.0092283
4.9681,0.009275
4.9781,0.0093273
4.9882,0.0093777
4.9982,0.0094216
5.0082,0.0094614
5.0182,0.0095179
5.0282,0.0095853
5.0382,0.0096452
5.0483,0.0097141
5.0583,0.0097657
5.0683,0.009831
5.0783,0.0098605
5.0883,0.0098981
5.0983,0.0099379
5.1084,0.0099528
5.1184,0.010011
5.1284,0.010065
5.1384,0.010111
5.1484,0.01014
5.1584,0.0102
5.1684,0.010227
5.1785,0.010255
5.1885,0.010302
5.1985,0.010331
5.2085,0.010356
5.2185,0.010393
5.2285,0.010401
5.2386,0.010406
5.2486,0.010438
5.2586,0.010448
5.2686,0.010456
5.2786,0.010467
5.2886,0.010476
5.2987,0.010501
5.3087,0.010511
5.3187,0.010528
5.3287,0.010544
5.3387,0.010569
5.3487,0.010591
5.3588,0.010616
5.3688,0.010652
5.3788,0.010699
5.3888,0.010736
5.3988,0.010776
5.4088,0.010811
5.4189,0.010845
5.4289,0.010887
5.4389,0.010919
5.4489,0.010937
5.4589,0.010961
5.4689,0.010987
5.479,0.011013
5.489,0.01105
5.499,0.011079
5.509,0.01111
5.519,0.011141
5.529,0.011174
5.5391,0.011204
5.5491,0.011231
5.5591,0.011256
5.5691,0.011291
5.5791,0.011328
5.5891,0.011369
5.5992,0.011417
5.6092,0.011471
5.6192,0.01151
5.6292,0.011537
5.6392,0.011569
5.6492,0.011607
5.6593,0.011643
5.6693,0.011671
5.6793,0.011711
5.6893,0.011752
5.6993,0.011786
5.7093,0.011815
5.7193,0.011855
5.7294,0.011897
5.7394,0.011938
5.7494,0.011958
5.7594,0.01196
5.7694,0.01198
5.7794,0.012025
5.7895,0.012061
5.7995,0.012085
5.8095,0.012112
5.8195,0.012129
5.8295,0.012135
5.8395,0.012144
5.8496,0.012157
5.8596,0.01218
5.8696,0.012205
5.8796,0.012222
5.8896,0.012251
5.8996,0.012278
5.9097,0.01231
5.9197,0.012332
5.9297,0.01236
5.9397,0.012384
5.9497,0.01242
5.9597,0.01246
5.9698,0.012492
5.9798,0.012521
5.9898,0.012553
5.9998,0.012578
6.0098,0.01261
6.0198,0.012638
6.0299,0.012659
6.0399,0.012682
6.0499,0.012699
6.0599,0.012718
6.0699,0.012739
6.0799,0.012766
6.09,0.012782
6.1,0.01281
6.11,0.012847
6.12,0.012889
6.13,0.012918
6.14,0.012946
6.1501,0.012974
6.1601,0.013002
6.1701,0.013034
6.1801,0.013066
6.1901,0.013112
6.2001,0.013162
6.2102,0.013226
6.2202,0.013287
6.2302,0.013333
6.2402,0.013377
6.2502,0.013429
6.2602,0.013471
6.2702,0.013506
6.2803,0.013537
6.2903,0.013561
6.3003,0.013586
6.3103,0.013608
6.3203,0.013641
6.3303,0.013665
6.3404,0.013696
6.3504,0.013743
6.3604,0.013778
6.3704,0.013816
6.3804,0.013874
6.3904,0.013927
6.4005,0.013984
6.4105,0.014022
6.4205,0.014066
6.4305,0.014111
6.4405,0.014138
6.4505,0.014177
6.4606,0.014216
6.4706,0.014261
6.4806,0.014303
6.4906,0.014333
6.5006,0.014384
6.5106,0.014417
6.5207,0.014444
6.5307,0.014482
6.5407,0.014505
6.5507,0.014525
6.5607,0.014538
6.5707,0.014561
6.5808,0.014575
6.5908,0.014612
6.6008,0.014646
6.6108,0.014681
6.6208,0.014711
6.6308,0.014744
6.6409,0.014765
6.6509,0.014794
6.6609,0.014819
6.6709,0.014855
6.6809,0.014892
6.6909,0.014928
6.701,0.014957
6.711,0.015002
6.721,0.015028
6.731,0.015039
6.741,0.015052
6.751,0.015075
6.7611,0.015114
6.7711,0.015139
6.7811,0.015178
6.7911,0.015201
6.8011,0.015228
6.8111,0.015229
6.8211,0.015247
6.8312,0.015255
6.8412,0.015266
6.8512,0.015272
6.8612,0.015267
6.8712,0.015255
6.8812,0.015252
6.8913,0.015254
6.9013,0.015256
6.9113,0.015285
6.9213,0.015289
6.9313,0.015311
6.9413,0.015321
6.9514,0.015345
6.9614,0.015365
6.9714,0.015352
6.9814,0.015354
6.9914,0.015366
7.0014,0.015374
7.0115,0.015372
7.0215,0.015371
7.0315,0.015346
7.0415,0.015331
7.0515,0.015326
7.0615,0.015306
7.0716,0.015293
7.0816,0.015273
7.0916,0.015264
7.1016,0.015231
7.1116,0.015222
7.1216,0.015203
7.1317,0.01517
7.1417,0.01515
7.1517,0.015117
7.1617,0.015108
7.1717,0.015069
7.1817,0.015036
7.1918,0.015
7.2018,0.01498
7.2118,0.014944
7.2218,0.014945
7.2318,0.01494
7.2418,0.014933
7.2519,0.01493
7.2619,0.014901
7.2719,0.014894
7.2819,0.014879
7.2919,0.014856
7.3019,0.014842
7.312,0.014831
7.322,0.014831
7.332,0.01481
7.342,0.014781
7.352,0.014756
7.362,0.014733
7.3721,0.014711
7.3821,0.014673
7.3921,0.014636
7.4021,0.014605
7.4121,0.014581
7.4221,0.014559
7.4321,0.014534
7.4422,0.014514
7.4522,0.014501
7.4622,0.014472
7.4722,0.014446
7.4822,0.014434
7.4922,0.014422
7.5023,0.014399
7.5123,0.014374
7.5223,0.014362
7.5323,0.014345
7.5423,0.014321
7.5523,0.014294
7.5624,0.014271
7.5724,0.014252
7.5824,0.014222
7.5924,0.014187
7.6024,0.014158
7.6124,0.014119
7.6225,0.01408
7.6325,0.014045
7.6425,0.014012
7.6525,0.013984
7.6625,0.013952
7.6725,0.013917
7.6826,0.013881
7.6926,0.013852
7.7026,0.013817
7.7126,0.01379
7.7226,0.013766
7.7326,0.013744
7.7427,0.013721
7.7527,0.013695
7.7627,0.013666
7.7727,0.013631
7.7827,0.013601
7.7927,0.013574
7.8028,0.013556
7.8128,0.013547
7.8228,0.01353
7.8328,0.013504
7.8428,0.013477
7.8528,0.013449
7.8629,0.013414
7.8729,0.013378
7.8829,0.013351
7.8929,0.013334
7.9029,0.013319
7.9129,0.013289
7.923,0.013251
7.933,0.013218
7.943,0.013184
7.953,0.013147
7.963,0.013115
7.973,0.013086
7.983,0.013051
7.9931,0.013027
8.0031,0.013005
8.0131,0.012981
8.0231,0.012954
8.0331,0.01293
8.0431,0.012903
8.0532,0.012873
8.0632,0.01283
8.0732,0.012785
8.0832,0.012745
8.0932,0.012696
8.1032,0.012636
8.1133,0.01258
8.1233,0.012543
8.1333,0.012505
8.1433,0.012463
8.1533,0.012399
8.1633,0.012332
8.1734,0.012271
8.1834,0.012215
8.1934,0.012147
8.2034,0.012086
8.2134,0.012022
8.2234,0.011954
8.2335,0.011896
8.2435,0.011838
8.2535,0.011769
8.2635,0.011707
8.2735,0.01164
8.2835,0.011569
8.2936,0.011489
8.3036,0.011405
8.3136,0.011331
8.3236,0.011261
8.3336,0.01119
8.3436,0.011122
8.3537,0.011052
8.3637,0.010976
8.3737,0.010905
8.3837,0.010831
8.3937,0.010747
8.4037,0.010672
8.4138,0.010605
8.4238,0.010538
8.4338,0.010483
8.4438,0.010427
8.4538,0.010365
8.4638,0.010313
8.4739,0.010262
8.4839,0.010208
8.4939,0.01014
8.5039,0.010073
8.5139,0.010005
8.5239,0.0099431
8.5339,0.0098858
8.544,0.0098346
8.554,0.0097808
8.564,0.0097222
8.574,0.0096629
8.584,0.0096154
8.594,0.0095664
8.6041,0.0095171
8.6141,0.009464
8.6241,0.0094123
8.6341,0.0093608
8.6441,0.0093096
8.6541,0.0092672
8.6642,0.0092243
8.6742,0.0091779
8.6842,0.0091391
8.6942,0.0090929
8.7042,0.0090469
8.7142,0.0090119
8.7243,0.0089713
8.7343,0.0089304
8.7443,0.0089
8.7543,0.0088718
8.7643,0.0088477
8.7743,0.0088311
8.7844,0.0088183
8.7944,0.0088082
8.8044,0.0087956
8.8144,0.0087988
8.8244,0.0088046
8.8344,0.0087993
8.8445,0.008795
8.8545,0.0087873
8.8645,0.0087793
8.8745,0.008771
8.8845,0.0087652
8.8945,0.0087609
8.9046,0.0087708
8.9146,0.0087807
8.9246,0.0087892
8.9346,0.0087976
8.9446,0.0088149
8.9546,0.008828
8.9647,0.0088437
8.9747,0.0088647
8.9847,0.0088804
8.9947,0.0088971
9.0047,0.0089206
9.0147,0.0089408
9.0248,0.0089629
9.0348,0.0089905
9.0448,0.0090057
9.0548,0.0090286
9.0648,0.0090602
9.0748,0.0090835
9.0849,0.009106
9.0949,0.0091381
9.1049,0.0091691
9.1149,0.0092134
9.1249,0.0092566
9.1349,0.0092969
9.1449,0.0093393
9.155,0.0093866
9.165,0.0094397
9.175,0.0094911
9.185,0.0095388
9.195,0.009588
9.205,0.0096351
9.2151,0.0096902
9.2251,0.0097441
9.2351,0.009802
9.2451,0.0098575
9.2551,0.0099083
9.2651,0.0099601
9.2752,0.01001
9.2852,0.01007
9.2952,0.010136
9.3052,0.010208
9.3152,0.010268
9.3252,0.010335
9.3353,0.010409
9.3453,0.010487
9.3553,0.010561
9.3653,0.010645
9.3753,0.010746
9.3853,0.010853
9.3954,0.010966
9.4054,0.011073
9.4154,0.011179
9.4254,0.011283
9.4354,0.011387
9.4454,0.011505
9.4555,0.011623
9.4655,0.011728
9.4755,0.011847
9.4855,0.011968
9.4955,0.01209
9.5055,0.012219
9.5156,0.012358
9.5256,0.012495
9.5356,0.012631
9.5456,0.012775
9.5556,0.012909
9.5656,0.013048
9.5757,0.013202
9.5857,0.013358
9.5957,0.013511
9.6057,0.013667
9.6157,0.013837
9.6257,0.013999
9.6358,0.014172
9.6458,0.014345
9.6558,0.014519
9.6658,0.014695
9.6758,0.014865
9.6858,0.01503
9.6958,0.015199
9.7059,0.015366
9.7159,0.015527
9.7259,0.015689
9.7359,0.015852
9.7459,0.016007
9.7559,0.016167
9.766,0.016314
9.776,0.016466
9.786,0.016616
9.796,0.016749
9.806,0.016878
9.816,0.017024
9.8261,0.017164
9.8361,0.017291
9.8461,0.017413
9.8561,0.017529
9.8661,0.017644
9.8761,0.017757
9.8862,0.017874
9.8962,0.017979
9.9062,0.018072
9.9162,0.018163
9.9262,0.018246
9.9362,0.018323
9.9463,0.018394
9.9563,0.018467
9.9663,0.018531
9.9763,0.018591
9.9863,0.018647
9.9963,0.018693
10.006,0.018723
10.016,0.018745
10.026,0.018768
10.036,0.018773
10.046,0.018774
10.056,0.018779
10.066,0.018777
10.076,0.018757
10.086,0.018734
10.097,0.018715
10.107,0.018672
10.117,0.018622
10.127,0.018572
10.137,0.018515
10.147,0.018446
10.157,0.018382
10.167,0.018312
10.177,0.018228
10.187,0.018129
10.197,0.018027
10.207,0.017923
10.217,0.01782
10.227,0.017718
10.237,0.0176
10.247,0.017471
10.257,0.01733
10.267,0.017189
10.277,0.017042
10.287,0.016887
10.297,0.016724
10.307,0.016546
10.317,0.016361
10.327,0.016186
10.337,0.016008
10.347,0.015819
10.357,0.015631
10.367,0.015444
10.377,0.015256
10.387,0.015062
10.397,0.014858
10.407,0.014649
10.417,0.014444
10.427,0.014229
10.437,0.01401
10.447,0.013786
10.457,0.013559
10.467,0.013321
10.477,0.013074
10.487,0.012824
10.497,0.012576
10.507,0.012337
10.517,0.012089
10.527,0.011834
10.537,0.011576
10.547,0.011322
10.557,0.011056
10.567,0.010794
10.577,0.010546
10.587,0.010299
10.597,0.010046
10.607,0.0097857
10.617,0.0095306
10.627,0.0092721
10.637,0.0090086
10.647,0.0087395
10.657,0.0084711
10.667,0.0082133
10.677,0.0079594
10.687,0.0077054
10.697,0.0074531
10.708,0.007204
10.718,0.0069566
10.728,0.0067139
10.738,0.0064677
10.748,0.0062227
10.758,0.0059884
10.768,0.0057586
10.778,0.0055232
10.788,0.0052887
10.798,0.0050514
10.808,0.0048201
10.818,0.0045989
10.828,0.0043834
10.838,0.0041633
10.848,0.0039513
10.858,0.0037381
10.868,0.0035197
10.878,0.0033036
10.888,0.0031007
10.898,0.0029075
10.908,0.0027162
10.918,0.0025279
10.928,0.0023374
10.938,0.002148
10.948,0.0019629
10.958,0.0017789
10.968,0.0015971
10.978,0.0014187
10.988,0.0012471
10.998,0.001071
11.008,0.0009138
11.018,0.00076223
11.028,0.0006138
11.038,0.00046316
11.048,0.000302
11.058,0.00014432
11.068,2.1038e-006
11.078,-0.00013745
11.088,-0.0002708
11.098,-0.00040355
11.108,-0.00053138
11.118,-0.0006506
11.128,-0.00076871
11.138,-0.00089061
11.148,-0.00099957
11.158,-0.0011014
11.168,-0.0011974
11.178,-0.0012926
11.188,-0.0013842
11.198,-0.0014774
11.208,-0.0015647
11.218,-0.0016504
11.228,-0.0017354
11.238,-0.001817
11.248,-0.0018861
11.258,-0.0019543
11.268,-0.0020271
11.278,-0.0020938
11.288,-0.002161
11.298,-0.0022297
11.308,-0.002303
11.319,-0.002373
11.329,-0.0024435
11.339,-0.0024951
11.349,-0.0025417
11.359,-0.0025907
11.369,-0.0026502
11.379,-0.0027012
11.389,-0.0027449
11.399,-0.0027921
11.409,-0.0028303
11.419,-0.0028713
11.429,-0.0029029
11.439,-0.0029291
11.449,-0.0029602
11.459,-0.0029891
11.469,-0.0030187
11.479,-0.0030465
11.489,-0.0030624
11.499,-0.0030766
11.509,-0.0031007
11.519,-0.003116
11.529,-0.003119
11.539,-0.0031253
11.549,-0.0031228
11.559,-0.0031216
11.569,-0.0031203
11.579,-0.0031172
11.589,-0.0031035
11.599,-0.0030856
11.609,-0.0030668
11.619,-0.0030496
11.629,-0.0030223
11.639,-0.0029927
11.649,-0.0029565
11.659,-0.0029229
11.669,-0.0028961
11.679,-0.0028608
11.689,-0.0028199
11.699,-0.0027774
11.709,-0.0027397
11.719,-0.0027057
11.729,-0.0026693
11.739,-0.00263
11.749,-0.0025943
11.759,-0.0025632
11.769,-0.0025278
11.779,-0.0024936
11.789,-0.0024534
11.799,-0.0024088
11.809,-0.0023549
11.819,-0.0023044
11.829,-0.0022612
11.839,-0.0022181
11.849,-0.0021678
11.859,-0.0021207
11.869,-0.0020786
11.879,-0.0020415
11.889,-0.0020081
11.899,-0.0019743
11.909,-0.0019427
11.919,-0.0019037
11.929,-0.0018675
11.94,-0.0018269
11.95,-0.001803
11.96,-0.0017857
11.97,-0.0017586
11.98,-0.0017359
11.99,-0.0017199
12,-0.0016984
12.01,-0.0016764
12.02,-0.0016587
12.03,-0.0016473
12.04,-0.0016335
12.05,-0.0016152
12.06,-0.0015923
12.07,-0.0015757
12.08,-0.0015729
12.09,-0.0015733
12.1,-0.0015724
12.11,-0.0015687
12.12,-0.0015644
12.13,-0.0015564
12.14,-0.0015323
12.15,-0.0015136
12.16,-0.0014864
12.17,-0.0014566
12.18,-0.0014257
12.19,-0.0013999
12.2,-0.0013637
12.21,-0.0013224
12.22,-0.0012814
12.23,-0.001239
12.24,-0.0011909
12.25,-0.0011355
12.26,-0.0010626
12.27,-0.00098507
12.28,-0.0008954
12.29,-0.00079726
12.3,-0.00069333
12.31,-0.00057828
12.32,-0.00045163
12.33,-0.00031226
12.34,-0.00015739
12.35,2.9342e-006
12.36,0.00017434
12.37,0.00036402
12.38,0.00057279
12.39,0.00079606
12.4,0.0010392
12.41,0.0013077
12.42,0.0015832
12.43,0.0018765
12.44,0.0021884
12.45,0.0025199
12.46,0.0028581
12.47,0.0031977
12.48,0.0035637
12.49,0.0039408
12.5,0.0043312
12.51,0.0047376
12.52,0.0051566
12.53,0.0055807
12.54,0.0060198
12.551,0.0064662
12.561,0.0069222
12.571,0.0073897
12.581,0.0078744
12.591,0.0083606
12.601,0.0088472
12.611,0.0093327
12.621,0.0098177
12.631,0.010301
12.641,0.010779
12.651,0.01126
12.661,0.011727
12.671,0.012186
12.681,0.012639
12.691,0.013067
12.701,0.013477
12.711,0.013876
12.721,0.014267
12.731,0.014643
12.741,0.014995
12.751,0.015323
12.761,0.015629
12.771,0.015913
12.781,0.016171
12.791,0.016403
12.801,0.016617
12.811,0.016802
12.821,0.016953
12.831,0.017075
12.841,0.017174
12.851,0.01724
12.861,0.01727
12.871,0.017267
12.881,0.017243
12.891,0.017187
12.901,0.017103
12.911,0.016994
12.921,0.016858
12.931,0.016694
12.941,0.01651
12.951,0.016297
12.961,0.016052
12.971,0.015775
12.981,0.015465
12.991,0.015141
13.001,0.014807
13.011,0.01446
13.021,0.014101
13.031,0.01372
13.041,0.013313
13.051,0.012907
13.061,0.012489
13.071,0.012062
13.081,0.011627
13.091,0.011186
13.101,0.010749
13.111,0.010307
13.121,0.0098656
13.131,0.009424
13.141,0.0089833
13.151,0.0085425
13.162,0.008113
13.172,0.0076872
13.182,0.0072616
13.192,0.0068381
13.202,0.0064123
13.212,0.0059937
13.222,0.0055829
13.232,0.0051801
13.242,0.0047891
13.252,0.0044038
13.262,0.004028
13.272,0.0036553
13.282,0.0032911
13.292,0.0029204
13.302,0.0025403
13.312,0.0021681
13.322,0.0017923
13.332,0.0014045
13.342,0.0010177
13.352,0.00062563
13.362,0.00021222
13.372,-0.00020846
13.382,-0.00064184
13.392,-0.0010831
13.402,-0.001543
13.412,-0.0020295
13.422,-0.0025413
13.432,-0.0030859
13.442,-0.0036585
13.452,-0.0042833
13.462,-0.0049531
13.472,-0.0056455
13.482,-0.0063653
13.492,-0.0071328
13.502,-0.0079596
13.512,-0.0088166
13.522,-0.0097243
13.532,-0.010681
13.542,-0.011676
13.552,-0.012732
13.562,-0.013854
13.572,-0.015034
13.582,-0.016268
13.592,-0.017568
13.602,-0.018932
13.612,-0.020334
13.622,-0.021816
13.632,-0.023387
13.642,-0.025031
13.652,-0.026712
13.662,-0.028481
13.672,-0.030299
13.682,-0.032172
13.692,-0.034086
13.702,-0.036031
13.712,-0.038004
13.722,-0.040039
13.732,-0.042107
13.742,-0.044226
13.752,-0.046387
13.762,-0.04859
13.773,-0.050833
13.783,-0.053061
13.793,-0.055311
13.803,-0.057628
13.813,-0.05993
13.823,-0.062247
13.833,-0.064569
13.843,-0.066897
13.853,-0.069215
13.863,-0.07154
13.873,-0.07382
13.883,-0.076068
13.893,-0.078297
13.903,-0.08049
13.913,-0.082638
13.923,-0.084761
13.933,-0.086849
13.943,-0.08889
13.953,-0.0909
13.963,-0.092846
13.973,-0.094736
13.983,-0.096555
13.993,-0.09831
14.003,-0.10003
14.013,-0.10168
14.023,-0.10329
14.033,-0.10484
14.043,-0.10633
14.053,-0.10778
14.063,-0.10913
14.073,-0.11041
14.083,-0.11158
14.093,-0.11269
14.103,-0.11372
14.113,-0.11466
14.123,-0.11552
14.133,-0.1163
14.143,-0.11701
14.153,-0.11765
14.163,-0.1182
14.173,-0.11868
14.183,-0.1191
14.193,-0.11945
14.203,-0.11971
14.213,-0.1199
14.223,-0.12002
14.233,-0.12008
14.243,-0.12009
14.253,-0.12005
14.263,-0.11994
14.273,-0.11979
14.283,-0.11958
14.293,-0.11932
14.303,-0.11902
14.313,-0.11869
14.323,-0.11833
14.333,-0.11794
14.343,-0.11752
14.353,-0.11708
14.363,-0.11663
14.373,-0.11615
14.384,-0.11565
14.394,-0.11514
14.404,-0.11462
14.414,-0.11412
14.424,-0.11362
14.434,-0.11313
14.444,-0.11262
14.454,-0.11213
14.464,-0.11165
14.474,-0.1112
14.484,-0.11076
14.494,-0.11033
14.504,-0.10994
14.514,-0.10956
14.524,-0.10921
14.534,-0.10888
14.544,-0.10859
14.554,-0.10832
14.564,-0.10808
14.574,-0.10787
14.584,-0.10769
14.594,-0.10753
14.604,-0.10739
14.614,-0.10729
14.624,-0.10721
14.634,-0.10717
14.644,-0.10714
14.654,-0.10715
14.664,-0.10719
14.674,-0.10727
14.684,-0.10737
14.694,-0.10751
14.704,-0.10769
14.714,-0.10789
14.724,-0.10811
14.734,-0.10837
14.744,-0.10868
14.754,-0.10902
14.764,-0.1094
14.774,-0.10981
14.784,-0.11026
14.794,-0.11074
14.804,-0.11128
14.814,-0.11186
14.824,-0.11247
14.834,-0.11314
14.844,-0.11384
14.854,-0.11456
14.864,-0.11533
14.874,-0.11616
14.884,-0.11704
14.894,-0.11797
14.904,-0.11896
14.914,-0.12001
14.924,-0.12113
14.934,-0.12231
14.944,-0.12355
14.954,-0.12488
14.964,-0.1263
14.974,-0.1278
14.984,-0.12941
14.995,-0.13113
15.005,-0.13293
15.015,-0.1348
15.025,-0.13677
15.035,-0.1388
15.045,-0.14091
15.055,-0.1431
15.065,-0.14539
15.075,-0.14778
15.085,-0.15028
15.095,-0.15297
15.105,-0.15579
15.115,-0.15866
15.125,-0.16166
15.135,-0.16475
15.145,-0.16791
15.155,-0.17118
15.165,-0.1745
15.175,-0.17796
15.185,-0.18153
15.195,-0.18532
15.205,-0.18916
15.215,-0.19308
15.225,-0.19704
15.235,-0.20114
15.245,-0.20538
15.255,-0.20976
15.265,-0.21425
15.275,-0.21873
15.285,-0.22347
15.295,-0.22819
15.305,-0.23292
15.315,-0.23774
15.325,-0.24261
15.335,-0.24753
15.345,-0.25249
15.355,-0.25751
15.365,-0.26261
15.375,-0.26775
15.385,-0.273
15.395,-0.27837
15.405,-0.28383
15.415,-0.28941
15.425,-0.2951
15.435,-0.30101
15.445,-0.30695
15.455,-0.31294
15.465,-0.31907
15.475,-0.32535
15.485,-0.33168
15.495,-0.3381
15.505,-0.3446
15.515,-0.35128
15.525,-0.35798
15.535,-0.36457
15.545,-0.37121
15.555,-0.37794
15.565,-0.38474
15.575,-0.39168
15.585,-0.39871
15.595,-0.40585
15.606,-0.41314
15.616,-0.42045
15.626,-0.42777
15.636,-0.4351
15.646,-0.44257
15.656,-0.45025
15.666,-0.45791
15.676,-0.46563
15.686,-0.4735
15.696,-0.48141
15.706,-0.48938
15.716,-0.49746
15.726,-0.5055
15.736,-0.51358
15.746,-0.52173
15.756,-0.53004
15.766,-0.5384
15.776,-0.54681
15.786,-0.55527
15.796,-0.5638
15.806,-0.57245
15.816,-0.58105
15.826,-0.58976
15.836,-0.59856
15.846,-0.60734
15.856,-0.61619
15.866,-0.62511
15.876,-0.63403
15.886,-0.64308
15.896,-0.65221
15.906,-0.66137
15.916,-0.67058
15.926,-0.67984
15.936,-0.68922
15.946,-0.69864
15.956,-0.70814
15.966,-0.71776
15.976,-0.72745
15.986,-0.73727
15.996,-0.74716
16.006,-0.75717
16.016,-0.76722
16.026,-0.77727
16.036,-0.7874
16.046,-0.79763
16.056,-0.80785
16.066,-0.81816
16.076,-0.82855
16.086,-0.83907
16.096,-0.84964
16.106,-0.86024
16.116,-0.87088
16.126,-0.88147
16.136,-0.89208
16.146,-0.90269
16.156,-0.91331
16.166,-0.92399
16.176,-0.93466
16.186,-0.94535
16.196,-0.95609
16.206,-0.96683
16.217,-0.97751
16.227,-0.98811
16.237,-0.9987
16.247,-1.0092
16.257,-1.0198
16.267,-1.0303
16.277,-1.0406
16.287,-1.0509
16.297,-1.0612
16.307,-1.0713
16.317,-1.0813
16.327,-1.0912
16.337,-1.1009
16.347,-1.1106
16.357,-1.1199
16.367,-1.1292
16.377,-1.1383
16.387,-1.1471
16.397,-1.1557
16.407,-1.1642
16.417,-1.1724
16.427,-1.1802
16.437,-1.1876
16.447,-1.1948
16.457,-1.2016
16.467,-1.208
16.477,-1.214
16.487,-1.2196
16.497,-1.2247
16.507,-1.2294
16.517,-1.2335
16.527,-1.2372
16.537,-1.2404
16.547,-1.2429
16.557,-1.245
16.567,-1.2465
16.577,-1.2473
16.587,-1.2476
16.597,-1.2473
16.607,-1.2463
16.617,-1.2446
16.627,-1.2423
16.637,-1.2393
16.647,-1.2355
16.657,-1.2311
16.667,-1.2259
16.677,-1.2199
16.687,-1.2132
16.697,-1.2056
16.707,-1.1972
16.717,-1.188
16.727,-1.178
16.737,-1.1674
16.747,-1.156
16.757,-1.1439
16.767,-1.1309
16.777,-1.1172
16.787,-1.1028
16.797,-1.0878
16.807,-1.072
16.817,-1.0555
16.828,-1.0382
16.838,-1.0203
16.848,-1.0016
16.858,-0.98229
16.868,-0.96252
16.878,-0.94209
16.888,-0.92097
16.898,-0.89923
16.908,-0.87684
16.918,-0.85371
16.928,-0.82987
16.938,-0.80554
16.948,-0.78051
16.958,-0.75491
16.968,-0.72874
16.978,-0.70186
16.988,-0.67417
16.998,-0.6459
17.008,-0.61702
17.018,-0.58773
17.028,-0.55776
17.038,-0.52727
17.048,-0.49653
17.058,-0.46532
17.068,-0.43346
17.078,-0.40125
17.088,-0.36864
17.098,-0.33557
17.108,-0.30208
17.118,-0.26809
17.128,-0.23364
17.138,-0.1987
17.148,-0.16302
17.158,-0.1267
17.168,-0.089852
17.178,-0.052777
17.188,-0.015057
17.198,0.02305
17.208,0.061646
17.218,0.10124
17.228,0.14157
17.238,0.18223
17.248,0.22355
17.258,0.26511
17.268,0.30773
17.278,0.35078
17.288,0.3946
17.298,0.43896
17.308,0.4837
17.318,0.52921
17.328,0.57537
17.338,0.62211
17.348,0.66945
17.358,0.71731
17.368,0.76607
17.378,0.81528
17.388,0.86482
17.398,0.91506
17.408,0.96585
17.418,1.0172
17.428,1.0688
17.439,1.1212
17.449,1.1743
17.459,1.2273
17.469,1.2805
17.479,1.3342
17.489,1.3878
17.499,1.442
17.509,1.4962
17.519,1.5503
17.529,1.6043
17.539,1.6584
17.549,1.7127
17.559,1.7669
17.569,1.8208
17.579,1.8746
17.589,1.9284
17.599,1.9816
17.609,2.0345
17.619,2.0867
17.629,2.1387
17.639,2.1901
17.649,2.2407
17.659,2.2907
17.669,2.3402
17.679,2.3888
17.689,2.4362
17.699,2.4826
17.709,2.5278
17.719,2.5713
17.729,2.6139
17.739,2.6557
17.749,2.6962
17.759,2.735
17.769,2.7727
17.779,2.809
17.789,2.8438
17.799,2.877
17.809,2.9088
17.819,2.9389
17.829,2.9671
17.839,2.9938
17.849,3.019
17.859,3.0421
17.869,3.0634
17.879,3.0829
17.889,3.1005
17.899,3.1161
17.909,3.1298
17.919,3.1415
17.929,3.1512
17.939,3.159
17.949,3.165
17.959,3.1689
17.969,3.1708
17.979,3.1708
17.989,3.1687
17.999,3.1648
18.009,3.1588
18.019,3.1509
18.029,3.1409
18.039,3.1292
18.05,3.1155
18.06,3.0999
18.07,3.0824
18.08,3.0631
18.09,3.042
18.1,3.0194
18.11,2.9949
18.12,2.9687
18.13,2.941
18.14,2.9116
18.15,2.8805
18.16,2.848
18.17,2.8141
18.18,2.7785
18.19,2.7413
18.2,2.7027
18.21,2.663
18.22,2.622
18.23,2.58
18.24,2.5369
18.25,2.4927
18.26,2.4473
18.27,2.401
18.28,2.354
18.29,2.3061
18.3,2.2571
18.31,2.2077
18.32,2.1577
18.33,2.1069
18.34,2.0559
18.35,2.0045
18.36,1.9521
18.37,1.8992
18.38,1.8462
18.39,1.793
18.4,1.7394
18.41,1.6854
18.42,1.6315
18.43,1.5777
18.44,1.5237
18.45,1.4699
18.46,1.4166
18.47,1.3635
18.48,1.3102
18.49,1.2573
18.5,1.2047
18.51,1.1526
18.52,1.1009
18.53,1.0498
18.54,0.99912
18.55,0.94856
18.56,0.89863
18.57,0.84943
18.58,0.80073
18.59,0.75254
18.6,0.70541
18.61,0.65943
18.62,0.61393
18.63,0.56924
18.64,0.52549
18.65,0.48298
18.661,0.44132
18.671,0.40032
18.681,0.36047
18.691,0.32169
18.701,0.28365
18.711,0.24667
18.721,0.21062
18.731,0.17561
18.741,0.14174
18.751,0.10884
18.761,0.077225
18.771,0.04654
18.781,0.016644
18.791,-0.012154
18.801,-0.039811
18.811,-0.066391
18.821,-0.092004
18.831,-0.11645
18.841,-0.1396
18.851,-0.1617
18.861,-0.18257
18.871,-0.20221
18.881,-0.22085
18.891,-0.23862
18.901,-0.25534
18.911,-0.27105
18.921,-0.2858
18.931,-0.29974
18.941,-0.31282
18.951,-0.32492
18.961,-0.33618
18.971,-0.34673
18.981,-0.35645
18.991,-0.36541
19.001,-0.37365
19.011,-0.38114
19.021,-0.38788
19.031,-0.39396
19.041,-0.39938
19.051,-0.40421
19.061,-0.40847
19.071,-0.41216
19.081,-0.41537
19.091,-0.4181
19.101,-0.42038
19.111,-0.42225
19.121,-0.42374
19.131,-0.42487
19.141,-0.42566
19.151,-0.42616
19.161,-0.42639
19.171,-0.4264
19.181,-0.42618
19.191,-0.42577
19.201,-0.4252
19.211,-0.42451
19.221,-0.4237
19.231,-0.4228
19.241,-0.42185
19.251,-0.42085
19.261,-0.41982
19.272,-0.41881
19.282,-0.41781
19.292,-0.41684
19.302,-0.4159
19.312,-0.41501
19.322,-0.41421
19.332,-0.4135
19.342,-0.41287
19.352,-0.41236
19.362,-0.41197
19.372,-0.41171
19.382,-0.41159
19.392,-0.4116
19.402,-0.41177
19.412,-0.41209
19.422,-0.41257
19.432,-0.41321
19.442,-0.41402
19.452,-0.41499
19.462,-0.41612
19.472,-0.41741
19.482,-0.41886
19.492,-0.42046
19.502,-0.42222
19.512,-0.42414
19.522,-0.42622
19.532,-0.42847
19.542,-0.43087
19.552,-0.43339
19.562,-0.43604
19.572,-0.43881
19.582,-0.4417
19.592,-0.44472
19.602,-0.44786
19.612,-0.45112
19.622,-0.45449
19.632,-0.45796
19.642,-0.46154
19.652,-0.4652
19.662,-0.46891
19.672,-0.47266
19.682,-0.47648
19.692,-0.48039
19.702,-0.48431
19.712,-0.48828
19.722,-0.49228
19.732,-0.4963
19.742,-0.50037
19.752,-0.50446
19.762,-0.50853
19.772,-0.51262
19.782,-0.51667
19.792,-0.52068
19.802,-0.52464
19.812,-0.52857
19.822,-0.53243
19.832,-0.53625
19.842,-0.54001
19.852,-0.54368
19.862,-0.54725
19.872,-0.55073
19.882,-0.5541
19.893,-0.55735
19.903,-0.56049
19.913,-0.56355
19.923,-0.5665
19.933,-0.56934
19.943,-0.57205
19.953,-0.57464
19.963,-0.57712
19.973,-0.57944
19.983,-0.58163
19.993,-0.58366
20.003,-0.58555
20.013,-0.58726
20.023,-0.58883
20.033,-0.59025
20.043,-0.59153
20.053,-0.59265
20.063,-0.59362
20.073,-0.59442
20.083,-0.59507
20.093,-0.59556
20.103,-0.59592
20.113,-0.59613
20.123,-0.59619
20.133,-0.59611
20.143,-0.59588
20.153,-0.5955
20.163,-0.59497
20.173,-0.59429
20.183,-0.59347
20.193,-0.59253
20.203,-0.59145
20.213,-0.59023
20.223,-0.58888
20.233,-0.58742
20.243,-0.58582
20.253,-0.58408
20.263,-0.58222
20.273,-0.58025
20.283,-0.57816
20.293,-0.57595
20.303,-0.57362
20.313,-0.57116
20.323,-0.56862
20.333,-0.56597
20.343,-0.5632
20.353,-0.56035
20.363,-0.55738
20.373,-0.55429
20.383,-0.5511
20.393,-0.54781
20.403,-0.54443
20.413,-0.54096
20.423,-0.5374
20.433,-0.53374
20.443,-0.53
20.453,-0.52616
20.463,-0.52226
20.473,-0.51823
20.483,-0.5141
20.493,-0.50991
20.504,-0.50564
20.514,-0.50129
20.524,-0.49686
20.534,-0.49234
20.544,-0.48775
20.554,-0.48309
20.564,-0.47837
20.574,-0.47357
20.584,-0.46865
20.594,-0.46364
20.604,-0.45861
20.614,-0.45359
20.624,-0.44848
20.634,-0.44334
20.644,-0.43816
20.654,-0.43292
20.664,-0.42765
20.674,-0.42236
20.684,-0.41706
20.694,-0.41172
20.704,-0.40633
20.714,-0.40092
20.724,-0.39557
20.734,-0.39023
20.744,-0.3849
20.754,-0.37959
20.764,-0.37432
20.774,-0.36908
20.784,-0.36388
20.794,-0.35873
20.804,-0.35361
20.814,-0.34857
20.824,-0.34357
20.834,-0.33864
20.844,-0.3338
20.854,-0.32906
20.864,-0.32443
20.874,-0.31992
20.884,-0.31551
20.894,-0.31121
20.904,-0.30699
20.914,-0.30289
20.924,-0.29891
20.934,-0.29507
20.944,-0.29134
20.954,-0.28774
20.964,-0.28429
20.974,-0.28101
20.984,-0.27785
20.994,-0.27483
21.004,-0.27195
21.014,-0.2692
21.024,-0.26658
21.034,-0.26411
21.044,-0.26179
21.054,-0.25961
21.064,-0.25757
21.074,-0.25566
21.084,-0.25388
21.094,-0.25224
21.104,-0.25072
21.115,-0.24929
21.125,-0.24797
21.135,-0.24676
21.145,-0.24566
21.155,-0.24465
21.165,-0.24374
21.175,-0.2429
21.185,-0.24214
21.195,-0.24143
21.205,-0.2408
21.215,-0.24022
21.225,-0.23969
21.235,-0.2392
21.245,-0.23874
21.255,-0.23833
21.265,-0.23794
21.275,-0.23757
21.285,-0.23719
21.295,-0.23683
21.305,-0.23646
21.315,-0.23608
21.325,-0.23568
21.335,-0.23526
21.345,-0.2348
21.355,-0.23432
21.365,-0.23381
21.375,-0.23324
21.385,-0.23265
21.395,-0.23201
21.405,-0.23132
21.415,-0.23059
21.425,-0.2298
21.435,-0.22895
21.445,-0.22804
21.455,-0.22708
21.465,-0.22606
21.475,-0.22498
21.485,-0.22385
21.495,-0.22265
21.505,-0.22139
21.515,-0.22005
21.525,-0.21866
21.535,-0.21721
21.545,-0.2157
21.555,-0.21413
21.565,-0.2125
21.575,-0.21081
21.585,-0.20905
21.595,-0.20724
21.605,-0.20539
21.615,-0.20349
21.625,-0.20154
21.635,-0.19956
21.645,-0.19752
21.655,-0.19542
21.665,-0.19328
21.675,-0.1911
21.685,-0.1889
21.695,-0.18666
21.705,-0.18439
21.715,-0.18208
21.726,-0.17972
21.736,-0.17732
21.746,-0.1749
21.756,-0.17243
21.766,-0.1699
21.776,-0.16734
21.786,-0.16474
21.796,-0.16212
21.806,-0.15946
21.816,-0.15675
21.826,-0.15402
21.836,-0.15125
21.846,-0.14845
21.856,-0.14561
21.866,-0.14273
21.876,-0.13985
21.886,-0.13691
21.896,-0.13392
21.906,-0.13091
21.916,-0.12785
21.926,-0.12478
21.936,-0.12166
21.946,-0.11851
21.956,-0.11533
21.966,-0.11212
21.976,-0.10885
21.986,-0.10554
21.996,-0.10217
22.006,-0.098777
22.016,-0.095331
22.026,-0.091863
22.036,-0.088362
22.046,-0.084859
22.056,-0.081326
22.066,-0.077753
22.076,-0.074147
22.086,-0.070515
22.096,-0.066864
22.106,-0.063202
22.116,-0.059499
22.126,-0.055772
22.136,-0.052038
22.146,-0.048315
22.156,-0.044597
22.166,-0.040882
22.176,-0.03715
22.186,-0.033395
22.196,-0.029635
22.206,-0.025873
22.216,-0.022136
22.226,-0.018437
22.236,-0.014752
22.246,-0.011101
22.256,-0.0074505
22.266,-0.0038409
22.276,-0.00027038
22.286,0.0032553
22.296,0.0067563
22.306,0.010232
22.316,0.013665
22.326,0.017014
22.337,0.020312
22.347,0.023575
22.357,0.026768
22.367,0.029897
22.377,0.032959
22.387,0.035977
22.397,0.038919
22.407,0.041787
22.417,0.044571
22.427,0.047276
22.437,0.049898
22.447,0.052423
22.457,0.054849
22.467,0.05717
22.477,0.059372
22.487,0.061484
22.497,0.063494
22.507,0.065399
22.517,0.067186
22.527,0.06886
22.537,0.070424
22.547,0.071874
22.557,0.073199
22.567,0.07441
22.577,0.075503
22.587,0.076475
22.597,0.077328
22.607,0.078061
22.617,0.078674
22.627,0.079154
22.637,0.079508
22.647,0.079739
22.657,0.079848
22.667,0.079833
22.677,0.079681
22.687,0.079405
22.697,0.079001
22.707,0.078466
22.717,0.077807
22.727,0.077012
22.737,0.076096
22.747,0.075059
22.757,0.073908
22.767,0.072648
22.777,0.071258
22.787,0.069752
22.797,0.068128
22.807,0.066395
22.817,0.064563
22.827,0.062629
22.837,0.060589
22.847,0.058436
22.857,0.056203
22.867,0.053908
22.877,0.051521
22.887,0.049037
22.897,0.046487
22.907,0.043876
22.917,0.041189
22.927,0.038401
22.937,0.035561
22.948,0.032672
22.958,0.029718
22.968,0.026691
22.978,0.023611
22.988,0.020502
22.998,0.017328
23.008,0.014122
23.018,0.010899
23.028,0.0076412
23.038,0.0043327
23.048,0.0010006
23.058,-0.0023349
23.068,-0.0056892
23.078,-0.0090705
23.088,-0.012427
23.098,-0.015783
23.108,-0.019155
23.118,-0.022518
23.128,-0.025868
23.138,-0.029205
23.148,-0.032544
23.158,-0.035877
23.168,-0.039174
23.178,-0.042457
23.188,-0.04572
23.198,-0.048967
23.208,-0.052166
23.218,-0.055321
23.228,-0.058438
23.238,-0.061519
23.248,-0.064553
23.258,-0.067562
23.268,-0.070522
23.278,-0.073424
23.288,-0.076263
23.298,-0.079024
23.308,-0.08173
23.318,-0.084372
23.328,-0.086961
23.338,-0.089497
23.348,-0.091976
23.358,-0.094383
23.368,-0.096725
23.378,-0.098991
23.388,-0.1012
23.398,-0.10331
23.408,-0.10534
23.418,-0.10731
23.428,-0.1092
23.438,-0.11101
23.448,-0.11271
23.458,-0.11436
23.468,-0.11591
23.478,-0.11738
23.488,-0.11876
23.498,-0.12005
23.508,-0.12126
23.518,-0.12239
23.528,-0.12344
23.538,-0.12441
23.548,-0.1253
23.559,-0.12612
23.569,-0.12685
23.579,-0.12752
23.589,-0.12811
23.599,-0.12862
23.609,-0.12908
23.619,-0.12946
23.629,-0.12978
23.639,-0.13004
23.649,-0.13023
23.659,-0.13037
23.669,-0.13046
23.679,-0.13049
23.689,-0.13049
23.699,-0.13044
23.709,-0.13035
23.719,-0.13021
23.729,-0.13003
23.739,-0.12983
23.749,-0.1296
23.759,-0.12933
23.769,-0.12905
23.779,-0.12875
23.789,-0.12843
23.799,-0.12809
23.809,-0.12775
23.819,-0.12741
23.829,-0.12706
23.839,-0.12671
23.849,-0.12637
23.859,-0.12602
23.869,-0.12569
23.879,-0.12536
23.889,-0.12505
23.899,-0.12474
23.909,-0.12446
23.919,-0.12418
23.929,-0.12393
23.939,-0.1237
23.949,-0.1235
23.959,-0.12332
23.969,-0.12316
23.979,-0.12303
23.989,-0.12292
23.999,-0.12284
24.009,-0.12278
24.019,-0.12274
24.029,-0.12274
24.039,-0.12278
24.049,-0.12285
24.059,-0.12296
24.069,-0.1231
24.079,-0.12325
24.089,-0.12343
24.099,-0.12365
24.109,-0.12388
24.119,-0.12415
24.129,-0.12443
24.139,-0.12475
24.149,-0.12509
24.159,-0.12545
24.17,-0.12583
24.18,-0.12623
24.19,-0.12666
24.2,-0.1271
24.21,-0.12755
24.22,-0.12802
24.23,-0.12849
24.24,-0.12898
24.25,-0.12948
24.26,-0.12997
24.27,-0.13047
24.28,-0.13097
24.29,-0.13147
24.3,-0.13198
24.31,-0.1325
24.32,-0.13301
24.33,-0.13353
24.34,-0.13404
24.35,-0.13453
24.36,-0.13502
24.37,-0.1355
24.38,-0.13597
24.39,-0.13642
24.4,-0.13685
24.41,-0.13727
24.42,-0.13767
24.43,-0.13806
24.44,-0.13844
24.45,-0.13879
24.46,-0.13912
24.47,-0.13942
24.48,-0.1397
24.49,-0.13997
24.5,-0.14022
24.51,-0.14044
24.52,-0.14065
24.53,-0.14083
24.54,-0.14099
24.55,-0.14113
24.56,-0.14125
24.57,-0.14134
24.58,-0.1414
24.59,-0.14143
24.6,-0.14145
24.61,-0.14144
24.62,-0.14141
24.63,-0.14136
24.64,-0.14128
24.65,-0.14118
24.66,-0.14107
24.67,-0.14092
24.68,-0.14075
24.69,-0.14056
24.7,-0.14035
24.71,-0.14013
24.72,-0.13988
24.73,-0.13961
24.74,-0.13932
24.75,-0.13901
24.76,-0.13869
24.77,-0.13834
24.781,-0.13797
24.791,-0.13758
24.801,-0.13716
24.811,-0.13673
24.821,-0.13628
24.831,-0.13581
24.841,-0.13533
24.851,-0.13483
24.861,-0.13431
24.871,-0.13375
24.881,-0.13318
24.891,-0.1326
24.901,-0.13199
24.911,-0.13138
24.921,-0.13075
24.931,-0.13009
24.941,-0.12942
24.951,-0.12871
24.961,-0.12798
24.971,-0.12722
24.981,-0.12643
24.991,-0.12561
25.001,-0.12476
25.011,-0.12388
25.021,-0.12298
25.031,-0.12205
25.041,-0.12108
25.051,-0.12009
25.061,-0.11907
25.071,-0.11801
25.081,-0.11693
25.091,-0.11581
25.101,-0.11467
25.111,-0.11349
25.121,-0.11229
25.131,-0.11106
25.141,-0.10981
25.151,-0.10853
25.161,-0.10722
25.171,-0.1059
25.181,-0.10453
25.191,-0.10314
25.201,-0.10174
25.211,-0.1003
25.221,-0.098843
25.231,-0.097362
25.241,-0.095869
25.251,-0.094367
25.261,-0.092838
25.271,-0.09131
25.281,-0.089775
25.291,-0.088235
25.301,-0.086684
25.311,-0.085129
25.321,-0.08358
25.331,-0.08202
25.341,-0.080437
25.351,-0.078867
25.361,-0.077307
25.371,-0.075755
25.381,-0.074221
25.392,-0.072703
25.402,-0.071201
25.412,-0.0697
25.422,-0.068205
25.432,-0.066734
25.442,-0.065284
25.452,-0.063855
25.462,-0.062457
25.472,-0.061088
25.482,-0.059733
25.492,-0.058401
25.502,-0.057107
25.512,-0.055852
25.522,-0.054627
25.532,-0.053425
25.542,-0.052257
25.552,-0.051127
25.562,-0.050038
25.572,-0.048989
25.582,-0.047982
25.592,-0.047003
25.602,-0.046073
25.612,-0.045173
25.622,-0.044327
25.632,-0.043519
25.642,-0.042754
25.652,-0.042033
25.662,-0.041357
25.672,-0.040733
25.682,-0.040158
25.692,-0.039629
25.702,-0.03915
25.712,-0.038717
25.722,-0.038322
25.732,-0.037965
25.742,-0.03766
25.752,-0.037404
25.762,-0.03719
25.772,-0.037008
25.782,-0.03687
25.792,-0.036776
25.802,-0.036717
25.812,-0.036688
25.822,-0.0367
25.832,-0.036757
25.842,-0.036841
25.852,-0.036957
25.862,-0.037099
25.872,-0.037275
25.882,-0.037482
25.892,-0.037711
25.902,-0.037965
25.912,-0.038243
25.922,-0.038539
25.932,-0.038847
25.942,-0.039178
25.952,-0.039528
25.962,-0.039884
25.972,-0.04025
25.982,-0.040628
25.992,-0.041021
26.003,-0.041414
26.013,-0.041806
26.023,-0.042207
26.033,-0.042604
26.043,-0.042996
26.053,-0.043376
26.063,-0.043745
26.073,-0.044113
26.083,-0.044458
26.093,-0.044779
26.103,-0.045082
26.113,-0.045369
26.123,-0.045637
26.133,-0.045878
26.143,-0.046098
26.153,-0.046289
26.163,-0.046446
26.173,-0.046563
26.183,-0.046659
26.193,-0.04673
26.203,-0.046766
26.213,-0.046754
26.223,-0.046697
26.233,-0.046605
26.243,-0.046478
26.253,-0.046304
26.263,-0.046088
26.273,-0.045837
26.283,-0.045543
26.293,-0.045193
26.303,-0.04479
26.313,-0.044343
26.323,-0.043854
26.333,-0.043326
26.343,-0.042761
26.353,-0.042152
26.363,-0.041489
26.373,-0.040784
26.383,-0.04004
26.393,-0.039259
26.403,-0.038427
26.413,-0.037556
26.423,-0.036655
26.433,-0.035707
26.443,-0.03472
26.453,-0.033696
26.463,-0.032639
26.473,-0.031562
26.483,-0.030455
26.493,-0.029306
26.503,-0.028124
26.513,-0.026921
26.523,-0.025705
26.533,-0.024463
26.543,-0.023204
26.553,-0.021927
26.563,-0.020632
26.573,-0.019319
26.583,-0.018002
26.593,-0.016682
26.603,-0.01535
26.614,-0.014004
26.624,-0.012656
26.634,-0.011319
26.644,-0.0099956
26.654,-0.008664
26.664,-0.0073408
26.674,-0.0060275
26.684,-0.0047274
26.694,-0.0034416
26.704,-0.0021639
26.714,-0.00091342
26.724,0.00031023
26.734,0.0015176
26.744,0.0027148
26.754,0.0038791
26.764,0.0050131
26.774,0.0061148
26.784,0.0071835
26.794,0.0082196
26.804,0.009225
26.814,0.010203
26.824,0.01114
26.834,0.012036
26.844,0.012903
26.854,0.013728
26.864,0.014521
26.874,0.015288
26.884,0.016021
26.894,0.016712
26.904,0.017363
26.914,0.017983
26.924,0.018565
26.934,0.019103
26.944,0.019606
26.954,0.02008
26.964,0.02052
26.974,0.020927
26.984,0.02131
26.994,0.021664
27.004,0.021984
27.014,0.022277
27.024,0.022551
27.034,0.022809
27.044,0.023047
27.054,0.023263
27.064,0.023461
27.074,0.023647
27.084,0.023816
27.094,0.023969
27.104,0.02412
27.114,0.02426
27.124,0.024403
27.134,0.024536
27.144,0.024665
27.154,0.024791
27.164,0.024915
27.174,0.025039
27.184,0.025176
27.194,0.025319
27.204,0.025462
27.214,0.025611
27.225,0.025772
27.235,0.02595
27.245,0.026133
27.255,0.026336
27.265,0.026554
27.275,0.026783
27.285,0.027028
27.295,0.027284
27.305,0.027563
27.315,0.027861
27.325,0.028176
27.335,0.028509
27.345,0.028857
27.355,0.029226
27.365,0.029617
27.375,0.030031
27.385,0.03046
27.395,0.03091
27.405,0.031378
27.415,0.031864
27.425,0.032368
27.435,0.03288
27.445,0.033403
27.455,0.03394
27.465,0.034488
27.475,0.035036
27.485,0.035599
27.495,0.036175
27.505,0.036759
27.515,0.037339
27.525,0.03792
27.535,0.038509
27.545,0.03909
27.555,0.039678
27.565,0.040272
27.575,0.040856
27.585,0.041433
27.595,0.041998
27.605,0.042553
27.615,0.043098
27.625,0.043623
27.635,0.044138
27.645,0.044644
27.655,0.04514
27.665,0.045612
27.675,0.04606
27.685,0.046489
27.695,0.046893
27.705,0.047268
27.715,0.04761
27.725,0.047925
27.735,0.048222
27.745,0.048487
27.755,0.048711
27.765,0.048904
27.775,0.049057
27.785,0.049172
27.795,0.049252
27.805,0.049301
27.815,0.049312
27.825,0.049282
27.835,0.04921
27.846,0.049099
27.856,0.04895
27.866,0.048757
27.876,0.048531
27.886,0.048261
27.896,0.047941
27.906,0.047579
27.916,0.047173
27.926,0.046728
27.936,0.04624
27.946,0.045697
27.956,0.045118
27.966,0.044497
27.976,0.04383
27.986,0.043115
27.996,0.042366
28.006,0.041583
28.016,0.040754
28.026,0.039891
28.036,0.038981
28.046,0.038033
28.056,0.03706
28.066,0.036045
28.076,0.034991
28.086,0.033908
28.096,0.032779
28.106,0.031615
28.116,0.030422
28.126,0.029211
28.136,0.02797
28.146,0.026701
28.156,0.025413
28.166,0.024117
28.176,0.022804
28.186,0.021468
28.196,0.020112
28.206,0.018741
28.216,0.017362
28.226,0.015979
28.236,0.014595
28.246,0.013206
28.256,0.011815
28.266,0.010416
28.276,0.0090301
28.286,0.0076506
28.296,0.0062735
28.306,0.0049067
28.316,0.0035501
28.326,0.0021987
28.336,0.00085574
28.346,-0.00047686
28.356,-0.0017825
28.366,-0.0030661
28.376,-0.004327
28.386,-0.0055657
28.396,-0.0067869
28.406,-0.0079815
28.416,-0.0091444
28.426,-0.010281
28.436,-0.011389
28.446,-0.012463
28.457,-0.013505
28.467,-0.014518
28.477,-0.0155
28.487,-0.016446
28.497,-0.017348
28.507,-0.018216
28.517,-0.019048
28.527,-0.019843
28.537,-0.020595
28.547,-0.021311
28.557,-0.021993
28.567,-0.022636
28.577,-0.023236
28.587,-0.023795
28.597,-0.024316
28.607,-0.024805
28.617,-0.025262
28.627,-0.025682
28.637,-0.026066
28.647,-0.026425
28.657,-0.026748
28.667,-0.027032
28.677,-0.027283
28.687,-0.027507
28.697,-0.027705
28.707,-0.027877
28.717,-0.028031
28.727,-0.028159
28.737,-0.028261
28.747,-0.028343
28.757,-0.028403
28.767,-0.028444
28.777,-0.028467
28.787,-0.02848
28.797,-0.028471
28.807,-0.028443
28.817,-0.028404
28.827,-0.028346
28.837,-0.028276
28.847,-0.028191
28.857,-0.028091
28.867,-0.027978
28.877,-0.027848
28.887,-0.027694
28.897,-0.027521
28.907,-0.027336
28.917,-0.027139
28.927,-0.026924
28.937,-0.026688
28.947,-0.026434
28.957,-0.026157
28.967,-0.025862
28.977,-0.02555
28.987,-0.025225
28.997,-0.024877
29.007,-0.024503
29.017,-0.024095
29.027,-0.023666
29.037,-0.023213
29.047,-0.022727
29.057,-0.022203
29.068,-0.021645
29.078,-0.021056
29.088,-0.020443
29.098,-0.019788
29.108,-0.0191
29.118,-0.018386
29.128,-0.017637
29.138,-0.01686
29.148,-0.016042
29.158,-0.015193
29.168,-0.014298
29.178,-0.013353
29.188,-0.012365
29.198,-0.01134
29.208,-0.010286
29.218,-0.009203
29.228,-0.008086
29.238,-0.0069275
29.248,-0.0057419
29.258,-0.0045169
29.268,-0.003255
29.278,-0.0019628
29.288,-0.00064182
29.298,0.00070275
29.308,0.0020623
29.318,0.003434
29.328,0.0048241
29.338,0.0062357
29.348,0.0076551
29.358,0.0090723
29.368,0.010508
29.378,0.01194
29.388,0.01338
29.398,0.014819
29.408,0.016234
29.418,0.017633
29.428,0.019008
29.438,0.020358
29.448,0.021693
29.458,0.023001
29.468,0.024267
29.478,0.025511
29.488,0.026713
29.498,0.027879
29.508,0.028993
29.518,0.030047
29.528,0.031048
29.538,0.032003
29.548,0.032908
29.558,0.033746
29.568,0.034521
29.578,0.035232
29.588,0.035873
29.598,0.036458
29.608,0.036981
29.618,0.037439
29.628,0.037832
29.638,0.038152
29.648,0.038406
29.658,0.038584
29.668,0.038693
29.679,0.038732
29.689,0.038704
29.699,0.038608
29.709,0.038457
29.719,0.038241
29.729,0.037957
29.739,0.037613
29.749,0.03721
29.759,0.036748
29.769,0.03623
29.779,0.035655
29.789,0.035037
29.799,0.034389
29.809,0.033691
29.819,0.032955
29.829,0.032189
29.839,0.031396
29.849,0.030579
29.859,0.029723
29.869,0.028851
29.879,0.027973
29.889,0.027066
29.899,0.026145
29.909,0.025216
29.919,0.02428
29.929,0.023337
29.939,0.022386
29.949,0.021441
29.959,0.020501
29.969,0.019562
29.979,0.018642
29.989,0.017734
29.999,0.016836
30.009,0.015959
30.019,0.015092
30.029,0.014237
30.039,0.013404
30.049,0.012604
30.059,0.011831
30.069,0.011084
30.079,0.01036
30.089,0.0096648
30.099,0.0090048
30.109,0.0083645
30.119,0.0077581
30.129,0.0071792
30.139,0.006617
30.149,0.0060789
30.159,0.0055639
30.169,0.0050735
30.179,0.0046175
30.189,0.0041966
30.199,0.0037989
30.209,0.003421
30.219,0.0030668
30.229,0.0027361
30.239,0.002428
30.249,0.0021415
30.259,0.0018766
30.269,0.0016298
30.279,0.0014028
30.29,0.0011933
30.3,0.0010036
30.31,0.00082708
30.32,0.00066871
30.33,0.00052692
30.34,0.00039447
30.35,0.00026673
30.36,0.00015394
30.37,5.47e-005
30.38,-4.2732e-005
30.39,-0.00012909
30.4,-0.00020598
30.41,-0.0002722
30.42,-0.00033167
30.43,-0.00039321
30.44,-0.0004475
30.45,-0.00049376
30.46,-0.00053623
30.47,-0.0005724
30.48,-0.00061013
30.49,-0.0006541
30.5,-0.00070095
30.51,-0.00073821
30.52,-0.00077123
30.53,-0.00080812
30.54,-0.00085462
30.55,-0.00090299
30.56,-0.0009466
30.57,-0.00098603
30.58,-0.0010272
30.59,-0.0010688
30.6,-0.0011094
30.61,-0.0011503
30.62,-0.0011946
30.63,-0.0012433
30.64,-0.0012855
30.65,-0.0013226
30.66,-0.0013605
30.67,-0.0013961
30.68,-0.0014321
30.69,-0.0014662
30.7,-0.0014984
30.71,-0.0015258
30.72,-0.0015534
30.73,-0.0015745
30.74,-0.0015858
30.75,-0.0015849
30.76,-0.0015717
30.77,-0.0015574
30.78,-0.0015312
30.79,-0.0015028
30.8,-0.0014615
30.81,-0.001398
30.82,-0.0013228
30.83,-0.0012314
30.84,-0.0011244
30.85,-0.0010029
30.86,-0.00086481
30.87,-0.00071193
30.88,-0.00053757
30.89,-0.00034396
30.901,-0.0001283
30.911,0.00010697
30.921,0.00036234
30.931,0.00063558
30.941,0.00092987
30.951,0.0012533
30.961,0.0016025
30.971,0.0019713
30.981,0.002362
30.991,0.0027766
31.001,0.0032109
31.011,0.0036743
31.021,0.0041624
31.031,0.0046708
31.041,0.0052049
31.051,0.0057544
31.061,0.006332
31.071,0.0069368
31.081,0.0075611
31.091,0.0082063
31.101,0.0088653
31.111,0.0095391
31.121,0.010234
31.131,0.01095
31.141,0.011676
31.151,0.012414
31.161,0.013161
31.171,0.013915
31.181,0.014664
31.191,0.015409
31.201,0.016153
31.211,0.016896
31.221,0.017633
31.231,0.018358
31.241,0.019063
31.251,0.019764
31.261,0.020451
31.271,0.021116
31.281,0.021763
31.291,0.022391
31.301,0.022998
31.311,0.023582
31.321,0.024139
31.331,0.02467
31.341,0.025181
31.351,0.025653
31.361,0.026086
31.371,0.026474
31.381,0.026825
31.391,0.027135
31.401,0.027403
31.411,0.027632
31.421,0.027828
31.431,0.027985
31.441,0.0281
31.451,0.02817
31.461,0.028208
31.471,0.028214
31.481,0.028191
31.491,0.028129
31.501,0.028033
31.512,0.027905
31.522,0.02775
31.532,0.027572
31.542,0.027371
31.552,0.027152
31.562,0.026908
31.572,0.026641
31.582,0.026353
31.592,0.026057
31.602,0.025749
31.612,0.02543
31.622,0.025107
31.632,0.024781
31.642,0.024451
31.652,0.024114
31.662,0.023779
31.672,0.023438
31.682,0.023099
31.692,0.02276
31.702,0.022426
31.712,0.022097
31.722,0.021766
31.732,0.021449
31.742,0.021153
31.752,0.020866
31.762,0.020589
31.772,0.020327
31.782,0.020077
31.792,0.01984
31.802,0.019622
31.812,0.019426
31.822,0.019247
31.832,0.019081
31.842,0.018933
31.852,0.018796
31.862,0.018679
31.872,0.018581
31.882,0.018501
31.892,0.018436
31.902,0.018377
31.912,0.018329
31.922,0.018301
31.932,0.018277
31.942,0.018263
31.952,0.018269
31.962,0.018283
31.972,0.01831
31.982,0.018336
31.992,0.018373
32.002,0.018414
32.012,0.018461
32.022,0.018509
32.032,0.018554
32.042,0.018596
32.052,0.018636
32.062,0.018674
32.072,0.018711
32.082,0.018756
32.092,0.018806
32.102,0.018857
32.112,0.018896
32.123,0.018937
32.133,0.018968
32.143,0.019001
32.153,0.019028
32.163,0.019048
32.173,0.019061
32.183,0.01907
32.193,0.019074
32.203,0.019077
32.213,0.019075
32.223,0.01906
32.233,0.019037
32.243,0.019009
32.253,0.018978
32.263,0.018937
32.273,0.018893
32.283,0.018843
32.293,0.01879
32.303,0.018724
32.313,0.018653
32.323,0.018573
32.333,0.018489
32.343,0.018402
32.353,0.018306
32.363,0.018204
32.373,0.018087
32.383,0.017957
32.393,0.017823
32.403,0.017682
32.413,0.017534
32.423,0.017389
32.433,0.017237
32.443,0.017083
32.453,0.016924
32.463,0.016759
32.473,0.016596
32.483,0.016433
32.493,0.01627
32.503,0.016114
32.513,0.015965
32.523,0.015819
32.533,0.015682
32.543,0.015554
32.553,0.015441
32.563,0.015338
32.573,0.015241
32.583,0.01516
32.593,0.0151
32.603,0.015052
32.613,0.01503
32.623,0.01503
32.633,0.015055
32.643,0.015109
32.653,0.01519
32.663,0.015309
32.673,0.015461
32.683,0.015646
32.693,0.01586
32.703,0.016105
32.713,0.016386
32.723,0.016707
32.734,0.01707
32.744,0.017475
32.754,0.017927
32.764,0.018416
32.774,0.018951
32.784,0.019531
32.794,0.020146
32.804,0.020814
32.814,0.021531
32.824,0.022301
32.834,0.023111
32.844,0.023951
32.854,0.024832
32.864,0.025754
32.874,0.026713
32.884,0.027719
32.894,0.028752
32.904,0.029818
32.914,0.03092
32.924,0.032042
32.934,0.033175
32.944,0.034335
32.954,0.035496
32.964,0.036669
32.974,0.037848
32.984,0.039031
32.994,0.040192
33.004,0.041342
33.014,0.042488
33.024,0.043614
33.034,0.044717
33.044,0.04579
33.054,0.046843
33.064,0.047853
33.074,0.048826
33.084,0.049756
33.094,0.05064
33.104,0.051479
33.114,0.052271
33.124,0.053011
33.134,0.053698
33.144,0.054321
33.154,0.054872
33.164,0.055354
33.174,0.055769
33.184,0.05612
33.194,0.056409
33.204,0.056627
33.214,0.056774
33.224,0.056853
33.234,0.056864
33.244,0.056804
33.254,0.056674
33.264,0.056478
33.274,0.056211
33.284,0.055878
33.294,0.055477
33.304,0.055026
33.314,0.054509
33.324,0.05393
33.334,0.053301
33.345,0.052622
33.355,0.051902
33.365,0.051138
33.375,0.050322
33.385,0.049467
33.395,0.048583
33.405,0.047663
33.415,0.046713
33.425,0.045732
33.435,0.044724
33.445,0.043686
33.455,0.04264
33.465,0.041599
33.475,0.04054
33.485,0.039476
33.495,0.038403
33.505,0.037351
33.515,0.036305
33.525,0.035263
33.535,0.034229
33.545,0.033218
33.555,0.032223
33.565,0.031251
33.575,0.0303
33.585,0.029377
33.595,0.028471
33.605,0.027592
33.615,0.026739
33.625,0.025892
33.635,0.025063
33.645,0.024268
33.655,0.023503
33.665,0.022768
33.675,0.022053
33.685,0.021359
33.695,0.020699
33.705,0.020064
33.715,0.019446
33.725,0.018838
33.735,0.018263
33.745,0.017722
33.755,0.017201
33.765,0.016699
33.775,0.016215
33.785,0.015739
33.795,0.015274
33.805,0.014823
33.815,0.01438
33.825,0.013958
33.835,0.013548
33.845,0.013142
33.855,0.012742
33.865,0.012346
33.875,0.011961
33.885,0.011574
33.895,0.011187
33.905,0.010808
33.915,0.010424
33.925,0.010039
33.935,0.0096567
33.945,0.0092737
33.956,0.0088915
33.966,0.0085127
33.976,0.0081374
33.986,0.007759
33.996,0.0073775
34.006,0.0069946
34.016,0.0066157
34.026,0.0062309
34.036,0.0058507
34.046,0.0054726
34.056,0.0051002
34.066,0.0047257
34.076,0.0043543
34.086,0.0039906
34.096,0.0036443
34.106,0.0033032
34.116,0.0029636
34.126,0.0026261
34.136,0.0023022
34.146,0.0019945
34.156,0.0017001
34.166,0.0014221
34.176,0.0011705
34.186,0.00094564
34.196,0.0007356
34.206,0.00054446
34.216,0.00037457
34.226,0.00023362
34.236,0.00011976
34.246,3.9674e-005
34.256,-3.7567e-006
34.266,-1.5335e-005
34.276,9.3374e-006
34.286,6.8439e-005
34.296,0.00016705
34.306,0.00031064
34.316,0.00050031
34.326,0.00073877
34.336,0.0010188
34.346,0.0013423
34.356,0.0017155
34.366,0.0021332
34.376,0.0026054
34.386,0.0031264
34.396,0.0037034
34.406,0.004337
34.416,0.0050161
34.426,0.0057416
34.436,0.0065208
34.446,0.0073537
34.456,0.0082382
34.466,0.0091664
34.476,0.01013
34.486,0.011145
34.496,0.012208
34.506,0.013297
34.516,0.014434
34.526,0.015633
34.536,0.016875
34.546,0.018144
34.556,0.019444
34.567,0.020794
34.577,0.022192
34.587,0.023613
34.597,0.025062
34.607,0.026538
34.617,0.028044
34.627,0.029572
34.637,0.031139
34.647,0.032716
34.657,0.034307
34.667,0.035907
34.677,0.037504
34.687,0.039103
34.697,0.040715
34.707,0.042317
34.717,0.04392
34.727,0.045536
34.737,0.047139
34.747,0.04872
34.757,0.050284
34.767,0.051837
34.777,0.053371
34.787,0.054869
34.797,0.056341
34.807,0.057774
34.817,0.059173
34.827,0.060532
34.837,0.061846
34.847,0.063114
34.857,0.064328
34.867,0.065477
34.877,0.066568
34.887,0.067608
34.897,0.068593
34.907,0.069517
34.917,0.070383
34.927,0.071181
34.937,0.071912
34.947,0.072582
34.957,0.073177
34.967,0.073697
34.977,0.074153
34.987,0.074562
34.997,0.074897
35.007,0.075159
35.017,0.075354
35.027,0.075488
35.037,0.07555
35.047,0.075544
35.057,0.075473
35.067,0.07534
35.077,0.07514
35.087,0.07488
35.097,0.07457
35.107,0.074194
35.117,0.073763
35.127,0.073279
35.137,0.072741
35.147,0.072149
35.157,0.071499
35.167,0.070802
35.178,0.070072
35.188,0.069297
35.198,0.06849
35.208,0.067637
35.218,0.066764
35.228,0.06586
35.238,0.064916
35.248,0.06394
35.258,0.062958
35.268,0.061959
35.278,0.060933
35.288,0.059887
35.298,0.058842
35.308,0.057786
35.318,0.056735
35.328,0.055679
35.338,0.054615
35.348,0.053534
35.358,0.052468
35.368,0.051409
35.378,0.050351
35.388,0.049306
35.398,0.048268
35.408,0.047238
35.418,0.046227
35.428,0.045234
35.438,0.044255
35.448,0.043282
35.458,0.04233
35.468,0.041404
35.478,0.040504
35.488,0.039601
35.498,0.038716
35.508,0.037846
35.518,0.036983
35.528,0.036132
35.538,0.035301
35.548,0.034476
35.558,0.033663
35.568,0.032873
35.578,0.032087
35.588,0.03131
35.598,0.030558
35.608,0.029827
35.618,0.02911
35.628,0.02839
35.638,0.027682
35.648,0.026986
35.658,0.0263
35.668,0.025623
35.678,0.024961
35.688,0.024311
35.698,0.023664
35.708,0.02302
35.718,0.022387
35.728,0.021745
35.738,0.021122
35.748,0.020516
35.758,0.019924
35.768,0.019336
35.778,0.018756
35.788,0.018189
35.799,0.017626
35.809,0.017064
35.819,0.016506
35.829,0.015946
35.839,0.015381
35.849,0.014825
35.859,0.014281
35.869,0.013741
35.879,0.0132
35.889,0.012668
35.899,0.01215
35.909,0.011635
35.919,0.011125
35.929,0.010616
35.939,0.01011
35.949,0.0096077
35.959,0.0091129
35.969,0.0086256
35.979,0.008138
35.989,0.0076552
35.999,0.0071836
36.009,0.0067176
36.019,0.0062429
36.029,0.0057743
36.039,0.0053142
36.049,0.0048675
36.059,0.004432
36.069,0.0039949
36.079,0.0035737
36.089,0.0031584
36.099,0.0027481
36.109,0.0023387
36.119,0.0019334
36.129,0.0015315
36.139,0.0011407
36.149,0.00076374
36.159,0.00039925
36.169,3.8581e-005
36.179,-0.00030856
36.189,-0.00064411
36.199,-0.000973
36.209,-0.0012925
36.219,-0.0015915
36.229,-0.0018692
36.239,-0.0021426
36.249,-0.0024088
36.259,-0.0026551
36.269,-0.002884
36.279,-0.0030936
36.289,-0.0032832
36.299,-0.0034458
36.309,-0.00358
36.319,-0.003686
36.329,-0.0037655
36.339,-0.0038313
36.349,-0.003864
36.359,-0.0038608
36.369,-0.0038291
36.379,-0.0037683
36.389,-0.0036822
36.399,-0.0035691
36.41,-0.0034147
36.42,-0.0032253
36.43,-0.0029996
36.44,-0.0027444
36.45,-0.002458
36.46,-0.002155
36.47,-0.0018272
36.48,-0.0014585
36.49,-0.0010683
36.5,-0.00065756
36.51,-0.00022527
36.52,0.00024078
36.53,0.00071561
36.54,0.0012071
36.55,0.0017206
36.56,0.0022404
36.57,0.0027706
36.58,0.0033147
36.59,0.0038731
36.6,0.004438
36.61,0.0049974
36.62,0.005557
36.63,0.0061214
36.64,0.0066883
36.65,0.0072382
36.66,0.0077915
36.67,0.0083388
36.68,0.0088599
36.69,0.0093726
36.7,0.0098695
36.71,0.010354
36.72,0.010817
36.73,0.011258
36.74,0.011678
36.75,0.012066
36.76,0.012423
36.77,0.012749
36.78,0.013048
36.79,0.01331
36.8,0.01354
36.81,0.013743
36.82,0.013913
36.83,0.014047
36.84,0.014147
36.85,0.014213
36.86,0.014247
36.87,0.014242
36.88,0.014204
36.89,0.014138
36.9,0.014042
36.91,0.013915
36.92,0.013761
36.93,0.013574
36.94,0.013357
36.95,0.013113
36.96,0.01285
36.97,0.012563
36.98,0.012265
36.99,0.011956
37,0.011619
37.01,0.011263
37.021,0.010895
37.031,0.010519
37.041,0.010133
37.051,0.0097419
37.061,0.0093444
37.071,0.0089351
37.081,0.0085223
37.091,0.0081145
37.101,0.007711
37.111,0.0073027
37.121,0.0068997
37.131,0.0065062
37.141,0.0061189
37.151,0.0057407
37.161,0.005369
37.171,0.005002
37.181,0.0046427
37.191,0.0042774
37.201,0.0039093
37.211,0.0035505
37.221,0.0032003
37.231,0.0028616
37.241,0.002521
37.251,0.0021843
37.261,0.001848
37.271,0.0015159
37.281,0.001182
37.291,0.00084838
37.301,0.00051274
37.311,0.00017695
37.321,-0.00016658
37.331,-0.00051515
37.341,-0.00086054
37.351,-0.0012044
37.361,-0.0015524
37.371,-0.001914
37.381,-0.0022864
37.391,-0.0026655
37.401,-0.0030486
37.411,-0.0034399
37.421,-0.003845
37.431,-0.0042528
37.441,-0.0046757
37.451,-0.0051103
37.461,-0.0055503
37.471,-0.0060073
37.481,-0.0064703
37.491,-0.0069415
37.501,-0.0074323
37.511,-0.007932
37.521,-0.0084293
37.531,-0.0089392
37.541,-0.0094696
37.551,-0.010009
37.561,-0.010561
37.571,-0.011122
37.581,-0.011686
37.591,-0.012243
37.601,-0.012806
37.611,-0.013365
37.621,-0.013916
37.632,-0.014467
37.642,-0.015006
37.652,-0.015545
37.662,-0.016085
37.672,-0.016611
37.682,-0.017132
37.692,-0.017636
37.702,-0.018133
37.712,-0.018615
37.722,-0.019086
37.732,-0.019547
37.742,-0.019987
37.752,-0.020401
37.762,-0.020791
37.772,-0.02115
37.782,-0.021481
37.792,-0.021782
37.802,-0.022051
37.812,-0.022298
37.822,-0.022514
37.832,-0.022705
37.842,-0.022857
37.852,-0.022975
37.862,-0.023061
37.872,-0.023118
37.882,-0.023127
37.892,-0.023102
37.902,-0.02305
37.912,-0.022959
37.922,-0.022833
37.932,-0.022671
37.942,-0.022476
37.952,-0.022248
37.962,-0.021988
37.972,-0.021692
37.982,-0.021359
37.992,-0.020997
38.002,-0.020587
38.012,-0.020149
38.022,-0.019681
38.032,-0.019188
38.042,-0.018658
38.052,-0.018091
38.062,-0.017483
38.072,-0.016851
38.082,-0.016187
38.092,-0.015489
38.102,-0.014754
38.112,-0.014001
38.122,-0.013218
38.132,-0.012399
38.142,-0.011559
38.152,-0.010695
38.162,-0.0098072
38.172,-0.0089
38.182,-0.0079685
38.192,-0.0070125
38.202,-0.0060321
38.212,-0.005038
38.222,-0.0040308
38.232,-0.0029945
38.243,-0.0019506
38.253,-0.00089539
38.263,0.00016429
38.273,0.0012259
38.283,0.0023038
38.293,0.0033833
38.303,0.0044495
38.313,0.0055116
38.323,0.0065775
38.333,0.0076518
38.343,0.0087103
38.353,0.009766
38.363,0.010819
38.373,0.011861
38.383,0.012892
38.393,0.013927
38.403,0.01495
38.413,0.015952
38.423,0.016944
38.433,0.017927
38.443,0.018884
38.453,0.019827
38.463,0.020753
38.473,0.021652
38.483,0.022521
38.493,0.023355
38.503,0.024171
38.513,0.024966
38.523,0.025736
38.533,0.026474
38.543,0.027191
38.553,0.027885
38.563,0.028556
38.573,0.029198
38.583,0.02981
38.593,0.030383
38.603,0.030927
38.613,0.031443
38.623,0.031928
38.633,0.032389
38.643,0.032827
38.653,0.03323
38.663,0.0336
38.673,0.033944
38.683,0.034252
38.693,0.034523
38.703,0.034769
38.713,0.034989
38.723,0.035177
38.733,0.035341
38.743,0.035496
38.753,0.035624
38.763,0.035727
38.773,0.035797
38.783,0.035832
38.793,0.035851
38.803,0.035852
38.813,0.035823
38.823,0.03576
38.833,0.035667
38.843,0.035553
38.854,0.035408
38.864,0.035243
38.874,0.035046
38.884,0.034829
38.894,0.03459
38.904,0.03432
38.914,0.034029
38.924,0.033721
38.934,0.033384
38.944,0.033018
38.954,0.032638
38.964,0.032232
38.974,0.031807
38.984,0.031365
38.994,0.030909
39.004,0.030436
39.014,0.029951
39.024,0.029439
39.034,0.028919
39.044,0.028383
39.054,0.027832
39.064,0.027271
39.074,0.026697
39.084,0.026114
39.094,0.025515
39.104,0.024901
39.114,0.024281
39.124,0.023657
39.134,0.023023
39.144,0.022398
39.154,0.021755
39.164,0.021116
39.174,0.020475
39.184,0.019837
39.194,0.019197
39.204,0.018574
39.214,0.017946
39.224,0.017317
39.234,0.016694
39.244,0.016084
39.254,0.015486
39.264,0.014892
39.274,0.014319
39.284,0.013753
39.294,0.013212
39.304,0.012684
39.314,0.012191
39.324,0.011716
39.334,0.011253
39.344,0.010802
39.354,0.010382
39.364,0.009997
39.374,0.009633
39.384,0.0092946
39.394,0.0089787
39.404,0.0086907
39.414,0.0084234
39.424,0.0081909
39.434,0.0079897
39.444,0.007816
39.454,0.0076686
39.465,0.0075496
39.475,0.0074604
39.485,0.0074085
39.495,0.0073949
39.505,0.0074089
39.515,0.0074545
39.525,0.0075327
39.535,0.0076461
39.545,0.007799
39.555,0.0079691
39.565,0.008164
39.575,0.0083935
39.585,0.0086634
39.595,0.0089678
39.605,0.0092992
39.615,0.0096535
39.625,0.01005
39.635,0.010464
39.645,0.010902
39.655,0.011365
39.665,0.011847
39.675,0.012354
39.685,0.012888
39.695,0.013453
39.705,0.014029
39.715,0.014629
39.725,0.015255
39.735,0.015909
39.745,0.016592
39.755,0.017299
39.765,0.018018
39.775,0.018746
39.785,0.019509
39.795,0.020281
39.805,0.021072
39.815,0.021881
39.825,0.022702
39.835,0.023521
39.845,0.024367
39.855,0.025232
39.865,0.026097
39.875,0.026977
39.885,0.027882
39.895,0.028778
39.905,0.029697
39.915,0.030631
39.925,0.031563
39.935,0.032512
39.945,0.033462
39.955,0.034402
39.965,0.035349
39.975,0.036286
39.985,0.037219
39.995,0.038141
40.005,0.039051
40.015,0.039968
40.025,0.040877
40.035,0.041783
40.045,0.042687
40.055,0.04358
40.065,0.044479
40.076,0.045367
40.086,0.046254
40.096,0.047119
40.106,0.047968
40.116,0.048788
40.126,0.049604
40.136,0.0504
40.146,0.051166
40.156,0.05191
40.166,0.052642
40.176,0.053344
40.186,0.054021
40.196,0.054671
40.206,0.055289
40.216,0.055877
40.226,0.056443
40.236,0.056982
40.246,0.057497
40.256,0.057979
40.266,0.058431
40.276,0.058851
40.286,0.059234
40.296,0.059582
40.306,0.059907
40.316,0.060192
40.326,0.060447
40.336,0.060685
40.346,0.060884
40.356,0.061056
40.366,0.061199
40.376,0.061313
40.386,0.06139
40.396,0.061433
40.406,0.061449
40.416,0.061435
40.426,0.061401
40.436,0.061339
40.446,0.061259
40.456,0.061164
40.466,0.061044
40.476,0.0609
40.486,0.060739
40.496,0.060568
40.506,0.060372
40.516,0.060158
40.526,0.059925
40.536,0.059671
40.546,0.059406
40.556,0.059132
40.566,0.058838
40.576,0.058516
40.586,0.058181
40.596,0.057844
40.606,0.057508
40.616,0.057159
40.626,0.056813
40.636,0.056461
40.646,0.056101
40.656,0.055732
40.666,0.055354
40.676,0.054968
40.687,0.054584
40.697,0.054188
40.707,0.05379
40.717,0.053387
40.727,0.052991
40.737,0.052585
40.747,0.052179
40.757,0.051768
40.767,0.051349
40.777,0.050937
40.787,0.050525
40.797,0.050111
40.807,0.04968
40.817,0.049248
40.827,0.048805
40.837,0.04836
40.847,0.047911
40.857,0.047456
40.867,0.04699
40.877,0.046515
40.887,0.046037
40.897,0.045553
40.907,0.045063
40.917,0.044571
40.927,0.044073
40.937,0.043575
40.947,0.043075
40.957,0.042564
40.967,0.042057
40.977,0.041557
40.987,0.041049
40.997,0.040538
41.007,0.040033
41.017,0.039539
41.027,0.039037
41.037,0.038534
41.047,0.038052
41.057,0.037563
41.067,0.03708
41.077,0.036602
41.087,0.036143
41.097,0.035708
41.107,0.035276
41.117,0.034856
41.127,0.034445
41.137,0.034064
41.147,0.033692
41.157,0.033334
41.167,0.032993
41.177,0.032666
41.187,0.032367
41.197,0.032085
41.207,0.031833
41.217,0.031595
41.227,0.031385
41.237,0.031202
41.247,0.031035
41.257,0.030885
41.267,0.030759
41.277,0.030655
41.287,0.030572
41.298,0.030505
41.308,0.030459
41.318,0.030426
41.328,0.030414
41.338,0.030421
41.348,0.03046
41.358,0.030519
41.368,0.030603
41.378,0.030702
41.388,0.03081
41.398,0.030942
41.408,0.031089
41.418,0.031251
41.428,0.031422
41.438,0.031621
41.448,0.031826
41.458,0.032034
41.468,0.032256
41.478,0.032486
41.488,0.032726
41.498,0.032977
41.508,0.033231
41.518,0.033467
41.528,0.033718
41.538,0.033973
41.548,0.034225
41.558,0.034482
41.568,0.034736
41.578,0.034998
41.588,0.03526
41.598,0.035519
41.608,0.035769
41.618,0.036025
41.628,0.036273
41.638,0.036519
41.648,0.036768
41.658,0.037018
41.668,0.037258
41.678,0.037488
41.688,0.03773
41.698,0.03797
41.708,0.038198
41.718,0.038416
41.728,0.038629
41.738,0.03884
41.748,0.039054
41.758,0.03926
41.768,0.039466
41.778,0.039667
41.788,0.039863
41.798,0.040054
41.808,0.040252
41.818,0.040447
41.828,0.040627
41.838,0.040798
41.848,0.040965
41.858,0.041143
41.868,0.041317
41.878,0.041481
41.888,0.041639
41.898,0.041784
41.909,0.041926
41.919,0.042073
41.929,0.042218
41.939,0.042362
41.949,0.042499
41.959,0.042635
41.969,0.042784
41.979,0.042932
41.989,0.043079
41.999,0.043222
42.009,0.043357
42.019,0.043491
42.029,0.043633
42.039,0.043775
42.049,0.043913
42.059,0.044052
42.069,0.044207
42.079,0.044359
42.089,0.044509
42.099,0.044668
42.109,0.044826
42.119,0.044992
42.129,0.045162
42.139,0.045322
42.149,0.04548
42.159,0.045652
42.169,0.045817
42.179,0.045994
42.189,0.046174
42.199,0.046367
42.209,0.046562
42.219,0.046753
42.229,0.046943
42.239,0.047133
42.249,0.047334
42.259,0.047542
42.269,0.047748
42.279,0.047951
42.289,0.048154
42.299,0.048354
42.309,0.048558
42.319,0.048755
42.329,0.04895
42.339,0.049133
42.349,0.049314
42.359,0.049485
42.369,0.049647
42.379,0.049799
42.389,0.049947
42.399,0.050071
42.409,0.05017
42.419,0.05026
42.429,0.050328
42.439,0.050368
42.449,0.050404
42.459,0.05042
42.469,0.050429
42.479,0.050416
42.489,0.050376
42.499,0.050296
42.509,0.050182
42.52,0.050051
42.53,0.0499
42.54,0.049712
42.55,0.049488
42.56,0.049234
42.57,0.048947
42.58,0.048624
42.59,0.04826
42.6,0.047877
42.61,0.047457
42.62,0.046991
42.63,0.04651
42.64,0.046003
42.65,0.045451
42.66,0.044884
42.67,0.044284
42.68,0.04366
42.69,0.043044
42.7,0.042393
42.71,0.041725
42.72,0.04104
42.73,0.040333
42.74,0.039625
42.75,0.038898
42.76,0.038171
42.77,0.037437
42.78,0.036696
42.79,0.035946
42.8,0.035201
42.81,0.034464
42.82,0.033728
42.83,0.032978
42.84,0.03225
42.85,0.031541
42.86,0.030827
42.87,0.030139
42.88,0.029472
42.89,0.028811
42.9,0.028162
42.91,0.02752
42.92,0.026903
42.93,0.026306
42.94,0.025725
42.95,0.025168
42.96,0.024639
42.97,0.024124
42.98,0.023639
42.99,0.023173
43,0.022724
43.01,0.022296
43.02,0.021879
43.03,0.021486
43.04,0.021113
43.05,0.020755
43.06,0.020418
43.07,0.020106
43.08,0.019809
43.09,0.019534
43.1,0.019271
43.11,0.019023
43.12,0.018786
43.131,0.018564
43.141,0.018349
43.151,0.018144
43.161,0.017951
43.171,0.017762
43.181,0.01758
43.191,0.017413
43.201,0.017245
43.211,0.017094
43.221,0.016958
43.231,0.016822
43.241,0.016685
43.251,0.016544
43.261,0.016419
43.271,0.016293
43.281,0.016188
43.291,0.016094
43.301,0.016009
43.311,0.015935
43.321,0.015866
43.331,0.015801
43.341,0.01575
43.351,0.015702
43.361,0.015675
43.371,0.015655
43.381,0.015654
43.391,0.015661
43.401,0.015676
43.411,0.015705
43.421,0.01574
43.431,0.015793
43.441,0.015854
43.451,0.015904
43.461,0.015975
43.471,0.016052
43.481,0.016144
43.491,0.016251
43.501,0.016374
43.511,0.016502
43.521,0.01663
43.531,0.016775
43.541,0.016932
43.551,0.017121
43.561,0.017319
43.571,0.017523
43.581,0.017741
43.591,0.017969
43.601,0.018206
43.611,0.018438
43.621,0.018677
43.631,0.018935
43.641,0.019209
43.651,0.019475
43.661,0.019738
43.671,0.020026
43.681,0.020304
43.691,0.020574
43.701,0.020848
43.711,0.021109
43.721,0.021366
43.731,0.021618
43.741,0.021867
43.752,0.022114
43.762,0.022353
43.772,0.022594
43.782,0.022826
43.792,0.023039
43.802,0.023252
43.812,0.023463
43.822,0.023653
43.832,0.023826
43.842,0.023986
43.852,0.024131
43.862,0.024259
43.872,0.024361
43.882,0.02444
43.892,0.024507
43.902,0.024544
43.912,0.02457
43.922,0.024565
43.932,0.024533
43.942,0.02447
43.952,0.024382
43.962,0.024285
43.972,0.024145
43.982,0.023975
43.992,0.023782
44.002,0.023558
44.012,0.023303
44.022,0.023026
44.032,0.02271
44.042,0.022358
44.052,0.021987
44.062,0.021576
44.072,0.021146
44.082,0.020684
44.092,0.020201
44.102,0.019673
44.112,0.019118
44.122,0.018526
44.132,0.017894
44.142,0.017226
44.152,0.016531
44.162,0.015787
44.172,0.014999
44.182,0.014216
44.192,0.013379
44.202,0.012478
44.212,0.011565
44.222,0.010587
44.232,0.0095703
44.242,0.0085141
44.252,0.0074091
44.262,0.0062911
44.272,0.0051299
44.282,0.0039109
44.292,0.0026996
44.302,0.0014475
44.312,0.00013412
44.322,-0.001193
44.332,-0.002544
44.342,-0.0039422
44.352,-0.0054103
44.363,-0.0068668
44.373,-0.0083059
44.383,-0.0097884
44.393,-0.011291
44.403,-0.012827
44.413,-0.014392
44.423,-0.015956
44.433,-0.017524
44.443,-0.019116
44.453,-0.020722
44.463,-0.022328
44.473,-0.023944
44.483,-0.025576
44.493,-0.027177
44.503,-0.028786
44.513,-0.030394
44.523,-0.031995
44.533,-0.033607
44.543,-0.035181
44.553,-0.036778
44.563,-0.038314
44.573,-0.039803
44.583,-0.041273
44.593,-0.042701
44.603,-0.044125
44.613,-0.045546
44.623,-0.046928
44.633,-0.048259
44.643,-0.049568
44.653,-0.050835
44.663,-0.052053
44.673,-0.053229
44.683,-0.054369
44.693,-0.055454
44.703,-0.056489
44.713,-0.057475
44.723,-0.058427
44.733,-0.059339
44.743,-0.060197
44.753,-0.060998
44.763,-0.061729
44.773,-0.062403
44.783,-0.06301
44.793,-0.063565
44.803,-0.064088
44.813,-0.064557
44.823,-0.064975
44.833,-0.065327
44.843,-0.065635
44.853,-0.065899
44.863,-0.066116
44.873,-0.066284
44.883,-0.066394
44.893,-0.066482
44.903,-0.066521
44.913,-0.066523
44.923,-0.066485
44.933,-0.066419
44.943,-0.066322
44.953,-0.066205
44.963,-0.066053
44.974,-0.065861
44.984,-0.065644
44.994,-0.065408
45.004,-0.065158
45.014,-0.064916
45.024,-0.064642
45.034,-0.064351
45.044,-0.064062
45.054,-0.063748
45.064,-0.063417
45.074,-0.063093
45.084,-0.062766
45.094,-0.062431
45.104,-0.062077
45.114,-0.061724
45.124,-0.061388
45.134,-0.061065
45.144,-0.060749
45.154,-0.060446
45.164,-0.060166
45.174,-0.059888
45.184,-0.05961
45.194,-0.059355
45.204,-0.059124
45.214,-0.058895
45.224,-0.05869
45.234,-0.058487
45.244,-0.058294
45.254,-0.058116
45.264,-0.057944
45.274,-0.05778
45.284,-0.057627
45.294,-0.057492
45.304,-0.057371
45.314,-0.057263
45.324,-0.05716
45.334,-0.05706
45.344,-0.056972
45.354,-0.056883
45.364,-0.056794
45.374,-0.056716
45.384,-0.056644
45.394,-0.056563
45.404,-0.056481
45.414,-0.05641
45.424,-0.056338
45.434,-0.056272
45.444,-0.056201
45.454,-0.056121
45.464,-0.056042
45.474,-0.055954
45.484,-0.055862
45.494,-0.05576
45.504,-0.055646
45.514,-0.055519
45.524,-0.055376
45.534,-0.055223
45.544,-0.055056
45.554,-0.054875
45.564,-0.054694
45.574,-0.054474
45.585,-0.054244
45.595,-0.054004
45.605,-0.053752
45.615,-0.053493
45.625,-0.053221
45.635,-0.052952
45.645,-0.052687
45.655,-0.052418
45.665,-0.05213
45.675,-0.05185
45.685,-0.051572
45.695,-0.05129
45.705,-0.051017
45.715,-0.050732
45.725,-0.050467
45.735,-0.050201
45.745,-0.049949
45.755,-0.049712
45.765,-0.049494
45.775,-0.049289
45.785,-0.04908
45.795,-0.048904
45.805,-0.048763
45.815,-0.048646
45.825,-0.048548
45.835,-0.048475
45.845,-0.048417
45.855,-0.048396
45.865,-0.048399
45.875,-0.048426
45.885,-0.048489
45.895,-0.048606
45.905,-0.04877
45.915,-0.048938
45.925,-0.049158
45.935,-0.049425
45.945,-0.049743
45.955,-0.05009
45.965,-0.050471
45.975,-0.050867
45.985,-0.051298
45.995,-0.051781
46.005,-0.052291
46.015,-0.052847
46.025,-0.053421
46.035,-0.054018
46.045,-0.054665
46.055,-0.055334
46.065,-0.056048
46.075,-0.056761
46.085,-0.057499
46.095,-0.058258
46.105,-0.05903
46.115,-0.059808
46.125,-0.060625
46.135,-0.061449
46.145,-0.062299
46.155,-0.063151
46.165,-0.063984
46.175,-0.064798
46.185,-0.065606
46.196,-0.06641
46.206,-0.067202
46.216,-0.067973
46.226,-0.068728
46.236,-0.069478
46.246,-0.070197
46.256,-0.070896
46.266,-0.071564
46.276,-0.072199
46.286,-0.072822
46.296,-0.073427
46.306,-0.073974
46.316,-0.074481
46.326,-0.074955
46.336,-0.075371
46.346,-0.075748
46.356,-0.076081
46.366,-0.076353
46.376,-0.076584
46.386,-0.076777
46.396,-0.076916
46.406,-0.077003
46.416,-0.07703
46.426,-0.077033
46.436,-0.077007
46.446,-0.076928
46.456,-0.076807
46.466,-0.07666
46.476,-0.07648
46.486,-0.076284
46.496,-0.076049
46.506,-0.075765
46.516,-0.075452
46.526,-0.075102
46.536,-0.074718
46.546,-0.074311
46.556,-0.07387
46.566,-0.073404
46.576,-0.072931
46.586,-0.072443
46.596,-0.071925
46.606,-0.071392
46.616,-0.07086
46.626,-0.070315
46.636,-0.06974
46.646,-0.069174
46.656,-0.068623
46.666,-0.068059
46.676,-0.067481
46.686,-0.066905
46.696,-0.066318
46.706,-0.06572
46.716,-0.065142
46.726,-0.064571
46.736,-0.063987
46.746,-0.06341
46.756,-0.062831
46.766,-0.062258
46.776,-0.061679
46.786,-0.061126
46.796,-0.060579
46.807,-0.060029
46.817,-0.059501
46.827,-0.058988
46.837,-0.058477
46.847,-0.057976
46.857,-0.057484
46.867,-0.057002
46.877,-0.056527
46.887,-0.056036
46.897,-0.055548
46.907,-0.055076
46.917,-0.054609
46.927,-0.054144
46.937,-0.053667
46.947,-0.053193
46.957,-0.05271
46.967,-0.052214
46.977,-0.05171
46.987,-0.05121
46.997,-0.050717
47.007,-0.050244
47.017,-0.049742
47.027,-0.049217
47.037,-0.048685
47.047,-0.048162
47.057,-0.047613
47.067,-0.047053
47.077,-0.04648
47.087,-0.045899
47.097,-0.045294
47.107,-0.044679
47.117,-0.044052
47.127,-0.043381
47.137,-0.042726
47.147,-0.042044
47.157,-0.04134
47.167,-0.040591
47.177,-0.039838
47.187,-0.039053
47.197,-0.038282
47.207,-0.03747
47.217,-0.036658
47.227,-0.035804
47.237,-0.034945
47.247,-0.034057
47.257,-0.033131
47.267,-0.03218
47.277,-0.031223
47.287,-0.03027
47.297,-0.029326
47.307,-0.028338
47.317,-0.027337
47.327,-0.026304
47.337,-0.025282
47.347,-0.024246
47.357,-0.023201
47.367,-0.022133
47.377,-0.021051
47.387,-0.019991
47.397,-0.018947
47.407,-0.017887
47.418,-0.016819
47.428,-0.015772
47.438,-0.014727
47.448,-0.013711
47.458,-0.012685
47.468,-0.011667
47.478,-0.010681
47.488,-0.0096999
47.498,-0.0087356
47.508,-0.0077766
47.518,-0.0068281
47.528,-0.0058991
47.538,-0.0050093
47.548,-0.0041289
47.558,-0.0032894
47.568,-0.0024792
47.578,-0.001683
47.588,-0.00091689
47.598,-0.00017302
47.608,0.00053081
47.618,0.0012097
47.628,0.0018502
47.638,0.0024509
47.648,0.0030055
47.658,0.0035417
47.668,0.0040374
47.678,0.0044876
47.688,0.0048867
47.698,0.0052566
47.708,0.0055827
47.718,0.0058838
47.728,0.0061386
47.738,0.0063552
47.748,0.0065535
47.758,0.0067185
47.768,0.006837
47.778,0.0069062
47.788,0.0069437
47.798,0.0069443
47.808,0.0069224
47.818,0.0068411
47.828,0.0067194
47.838,0.0065564
47.848,0.0063523
47.858,0.0061247
47.868,0.0058767
47.878,0.0055914
47.888,0.0052814
47.898,0.0049357
47.908,0.0045637
47.918,0.0041718
47.928,0.0037378
47.938,0.0032879
47.948,0.0028192
47.958,0.0023238
47.968,0.0018134
47.978,0.001301
47.988,0.00076547
47.998,0.00021056
48.008,-0.00037551
48.018,-0.00097548
48.029,-0.0015542
48.039,-0.0021388
48.049,-0.0027266
48.059,-0.0033307
48.069,-0.0039309
48.079,-0.0045108
48.089,-0.0050813
48.099,-0.0056271
48.109,-0.0061734
48.119,-0.0067186
48.129,-0.0072688
48.139,-0.0078072
48.149,-0.0083474
48.159,-0.0088648
48.169,-0.0093473
48.179,-0.0098354
48.189,-0.010282
48.199,-0.010697
48.209,-0.011091
48.219,-0.011462
48.229,-0.011791
48.239,-0.012073
48.249,-0.012343
48.259,-0.012598
48.269,-0.012825
48.279,-0.013024
48.289,-0.013183
48.299,-0.013328
48.309,-0.013465
48.319,-0.01357
48.329,-0.013622
48.339,-0.013627
48.349,-0.013613
48.359,-0.013556
48.369,-0.013472
48.379,-0.013374
48.389,-0.01324
48.399,-0.013105
48.409,-0.012948
48.419,-0.012758
48.429,-0.012569
48.439,-0.01236
48.449,-0.012172
48.459,-0.011946
48.469,-0.011694
48.479,-0.011428
48.489,-0.011131
48.499,-0.010812
48.509,-0.010452
48.519,-0.010089
48.529,-0.0096978
48.539,-0.0093148
48.549,-0.0089117
48.559,-0.0085311
48.569,-0.0081282
48.579,-0.0076936
48.589,-0.0072441
48.599,-0.0068018
48.609,-0.0063272
48.619,-0.0058571
48.629,-0.005378
48.64,-0.0048847
48.65,-0.0043676
48.66,-0.0038451
48.67,-0.0033461
48.68,-0.0028676
48.69,-0.0024009
48.7,-0.0019427
48.71,-0.001477
48.72,-0.00099063
48.73,-0.00049314
48.74,1.5622e-005
48.75,0.00053876
48.76,0.0010314
48.77,0.0015332
48.78,0.002024
48.79,0.0025394
48.8,0.0030343
48.81,0.0035221
48.82,0.0040194
48.83,0.0044962
48.84,0.0049682
48.85,0.00546
48.86,0.0059407
48.87,0.0064369
48.88,0.0069349
48.89,0.0074132
48.9,0.0078819
48.91,0.0083419
48.92,0.0088019
48.93,0.0092425
48.94,0.0096607
48.95,0.010093
48.96,0.010496
48.97,0.010901
48.98,0.011285
48.99,0.011664
49,0.012026
49.01,0.012398
49.02,0.0127
49.03,0.012996
49.04,0.013245
49.05,0.013483
49.06,0.013707
49.07,0.013933
49.08,0.01411
49.09,0.014244
49.1,0.014368
49.11,0.014478
49.12,0.014542
49.13,0.014581
49.14,0.014584
49.15,0.014516
49.16,0.014421
49.17,0.01431
49.18,0.014155
49.19,0.013966
49.2,0.013732
49.21,0.013444
49.22,0.013105
49.23,0.012759
49.24,0.012331
49.251,0.011867
49.261,0.011363
49.271,0.010824
49.281,0.010214
49.291,0.0096024
49.301,0.0089117
49.311,0.0081946
49.321,0.0074495
49.331,0.0066226
49.341,0.0058146
49.351,0.0049394
49.361,0.0040342
49.371,0.0030877
49.381,0.0020608
49.391,0.0011159
49.401,0.00010233
49.411,-0.00097753
49.421,-0.0020567
49.431,-0.0031287
49.441,-0.0041854
49.451,-0.0052933
49.461,-0.0064267
49.471,-0.007582
49.481,-0.0087105
49.491,-0.0098595
49.501,-0.010993
49.511,-0.012091
49.521,-0.013184
49.531,-0.014363
49.541,-0.015512
49.551,-0.016621
49.561,-0.017693
49.571,-0.018704
49.581,-0.019692
49.591,-0.02066
49.601,-0.021649
49.611,-0.02256
49.621,-0.023457
49.631,-0.02428
49.641,-0.025061
49.651,-0.025773
49.661,-0.026453
49.671,-0.027088
49.681,-0.027704
49.691,-0.028172
49.701,-0.028588
49.711,-0.028992
49.721,-0.029356
49.731,-0.029654
49.741,-0.029911
49.751,-0.03004
49.761,-0.030092
49.771,-0.030064
49.781,-0.029944
49.791,-0.02978
49.801,-0.029552
49.811,-0.029264
49.821,-0.028885
49.831,-0.028407
49.841,-0.027824
49.851,-0.027169
49.862,-0.026475
49.872,-0.025758
49.882,-0.0249
49.892,-0.023977
49.902,-0.023134
49.912,-0.022124
49.922,-0.021027
49.932,-0.019924
49.942,-0.018788
49.952,-0.017542
49.962,-0.016353
49.972,-0.015005
49.982,-0.013704
49.992,-0.012304
50.002,-0.01089
50.012,-0.0094745
50.022,-0.0080752
50.032,-0.0065229
50.042,-0.0050513
50.052,-0.0036242
50.062,-0.0024704
50.072,-0.0018152
